     i          log_r       log_rmid          m_tot        rho_tot         v2_tot            eta     lgr[heavy]    lgrm[heavy]       m[heavy]     rho[heavy]      v2[heavy]     lgr[light]    lgrm[light]       m[light]     rho[light]      v2[light]
     0  -3.342657e+00  -3.643687e+00   1.067390e-07   3.410021e+03   1.615163e-01            nan  -3.342657e+00  -3.643687e+00   9.998500e-08   3.199090e+03   1.523188e-01  -2.627407e+00  -2.928437e+00   8.998650e-07   2.058358e+02   3.008455e-01
     1  -3.312810e+00  -3.327477e+00   1.311434e-07   3.405114e+03   1.614258e-01            nan  -3.320296e+00  -3.331332e+00   1.166721e-07   3.196499e+03   1.523185e-01  -2.604841e+00  -2.615978e+00   1.050049e-06   2.036486e+02   3.007734e-01
     2  -3.282962e+00  -3.297630e+00   1.611285e-07   3.404511e+03   1.614176e-01            nan  -3.297936e+00  -3.308972e+00   1.361439e-07   3.196218e+03   1.523185e-01  -2.582283e+00  -2.593416e+00   1.225295e-06   2.034108e+02   3.007655e-01
     3  -3.253115e+00  -3.267782e+00   1.979698e-07   3.403854e+03   1.614096e-01            nan  -3.275577e+00  -3.286612e+00   1.588651e-07   3.195907e+03   1.523184e-01  -2.559729e+00  -2.570859e+00   1.429786e-06   2.031479e+02   3.007567e-01
     4  -3.223268e+00  -3.237935e+00   2.432342e-07   3.403130e+03   1.614018e-01            nan  -3.253218e+00  -3.264253e+00   1.853780e-07   3.195562e+03   1.523184e-01  -2.537176e+00  -2.548306e+00   1.668402e-06   2.028570e+02   3.007470e-01
     5  -3.193421e+00  -3.208088e+00   2.988462e-07   3.402330e+03   1.613942e-01            nan  -3.230859e+00  -3.241894e+00   2.163150e-07   3.195180e+03   1.523184e-01  -2.514620e+00  -2.525751e+00   1.946835e-06   2.025353e+02   3.007362e-01
     6  -3.163573e+00  -3.178241e+00   3.671699e-07   3.401448e+03   1.613868e-01            nan  -3.208500e+00  -3.219535e+00   2.524142e-07   3.194757e+03   1.523183e-01  -2.492058e+00  -2.503193e+00   2.271728e-06   2.021797e+02   3.007242e-01
     7  -3.133726e+00  -3.148393e+00   4.511075e-07   3.400465e+03   1.613797e-01            nan  -3.186141e+00  -3.197176e+00   2.945370e-07   3.194287e+03   1.523183e-01  -2.469488e+00  -2.480627e+00   2.650833e-06   2.017866e+02   3.007109e-01
     8  -3.103879e+00  -3.118546e+00   5.542250e-07   3.399366e+03   1.613729e-01            nan  -3.163781e+00  -3.174817e+00   3.436881e-07   3.193768e+03   1.523182e-01  -2.446907e+00  -2.458051e+00   3.093193e-06   2.013523e+02   3.006961e-01
     9  -3.074032e+00  -3.088699e+00   6.809007e-07   3.398146e+03   1.613664e-01            nan  -3.141421e+00  -3.152457e+00   4.010398e-07   3.193191e+03   1.523181e-01  -2.424310e+00  -2.435462e+00   3.609358e-06   2.008724e+02   3.006797e-01
    10  -3.044184e+00  -3.058852e+00   8.365064e-07   3.396771e+03   1.613603e-01            nan  -3.119060e+00  -3.130096e+00   4.679601e-07   3.192553e+03   1.523181e-01  -2.401696e+00  -2.412856e+00   4.211641e-06   2.003424e+02   3.006615e-01
    11  -3.014337e+00  -3.029004e+00   1.027644e-06   3.395222e+03   1.613546e-01            nan  -3.096698e+00  -3.107735e+00   5.460446e-07   3.191846e+03   1.523180e-01  -2.379061e+00  -2.390231e+00   4.914402e-06   1.997572e+02   3.006413e-01
    12  -2.984490e+00  -2.999157e+00   1.262414e-06   3.393491e+03   1.613494e-01            nan  -3.074334e+00  -3.085372e+00   6.371554e-07   3.191062e+03   1.523179e-01  -2.356402e+00  -2.367584e+00   5.734398e-06   1.991115e+02   3.006189e-01
    13  -2.954643e+00  -2.969310e+00   1.550748e-06   3.391527e+03   1.613449e-01            nan  -3.051970e+00  -3.063008e+00   7.434644e-07   3.190194e+03   1.523178e-01  -2.333714e+00  -2.344910e+00   6.691180e-06   1.983993e+02   3.005940e-01
    14  -2.924795e+00  -2.939463e+00   1.904852e-06   3.389302e+03   1.613410e-01            nan  -3.029603e+00  -3.040643e+00   8.675058e-07   3.189232e+03   1.523177e-01  -2.310995e+00  -2.322206e+00   7.807552e-06   1.976140e+02   3.005663e-01
    15  -2.894948e+00  -2.909615e+00   2.339694e-06   3.386804e+03   1.613378e-01            nan  -3.007235e+00  -3.018275e+00   1.012236e-06   3.188166e+03   1.523176e-01  -2.288240e+00  -2.299468e+00   9.110122e-06   1.967487e+02   3.005355e-01
    16  -2.865101e+00  -2.879768e+00   2.873602e-06   3.383955e+03   1.613355e-01            nan  -2.984865e+00  -2.995906e+00   1.181103e-06   3.186986e+03   1.523175e-01  -2.265444e+00  -2.276693e+00   1.062993e-05   1.957959e+02   3.005013e-01
    17  -2.835254e+00  -2.849921e+00   3.529103e-06   3.380715e+03   1.613342e-01            nan  -2.962493e+00  -2.973535e+00   1.378130e-06   3.185677e+03   1.523174e-01  -2.242604e+00  -2.253874e+00   1.240317e-05   1.947473e+02   3.004632e-01
    18  -2.805406e+00  -2.820074e+00   4.333793e-06   3.377064e+03   1.613340e-01            nan  -2.940118e+00  -2.951161e+00   1.608010e-06   3.184228e+03   1.523172e-01  -2.219713e+00  -2.231008e+00   1.447209e-05   1.935943e+02   3.004209e-01
    19  -2.775559e+00  -2.790226e+00   5.321396e-06   3.372890e+03   1.613351e-01            nan  -2.917740e+00  -2.928785e+00   1.876216e-06   3.182623e+03   1.523170e-01  -2.196767e+00  -2.208088e+00   1.688595e-05   1.923274e+02   3.003737e-01
    20  -2.745712e+00  -2.760379e+00   6.533384e-06   3.368130e+03   1.613378e-01            nan  -2.895358e+00  -2.906405e+00   2.189133e-06   3.180845e+03   1.523169e-01  -2.173758e+00  -2.185110e+00   1.970220e-05   1.909368e+02   3.003213e-01
    21  -2.715865e+00  -2.730532e+00   8.020464e-06   3.362758e+03   1.613420e-01            nan  -2.872973e+00  -2.884022e+00   2.554206e-06   3.178876e+03   1.523167e-01  -2.150680e+00  -2.162066e+00   2.298786e-05   1.894120e+02   3.002628e-01
    22  -2.686017e+00  -2.700685e+00   9.844435e-06   3.356608e+03   1.613483e-01            nan  -2.850584e+00  -2.861635e+00   2.980121e-06   3.176695e+03   1.523164e-01  -2.127525e+00  -2.138948e+00   2.682109e-05   1.877417e+02   3.001977e-01
    23  -2.656170e+00  -2.670837e+00   1.208132e-05   3.349585e+03   1.613569e-01            nan  -2.828191e+00  -2.839243e+00   3.477003e-06   3.174279e+03   1.523162e-01  -2.104286e+00  -2.115751e+00   3.129303e-05   1.859146e+02   3.001251e-01
    24  -2.626323e+00  -2.640990e+00   1.482387e-05   3.341653e+03   1.613680e-01            nan  -2.805792e+00  -2.816847e+00   4.056664e-06   3.171604e+03   1.523159e-01  -2.080954e+00  -2.092463e+00   3.650997e-05   1.839185e+02   3.000440e-01
    25  -2.596476e+00  -2.611143e+00   1.818459e-05   3.332560e+03   1.613813e-01   4.908230e-01  -2.783388e+00  -2.794446e+00   4.732872e-06   3.168642e+03   1.523156e-01  -2.057518e+00  -2.069078e+00   4.259585e-05   1.817413e+02   2.999536e-01
    26  -2.566628e+00  -2.581296e+00   2.230209e-05   3.322068e+03   1.613936e-01   4.908019e-01  -2.760978e+00  -2.772038e+00   5.521683e-06   3.165363e+03   1.523152e-01  -2.033967e+00  -2.045583e+00   4.969515e-05   1.793702e+02   2.998526e-01
    27  -2.536781e+00  -2.551448e+00   2.734472e-05   3.310194e+03   1.614075e-01   4.907780e-01  -2.738560e+00  -2.749625e+00   6.441814e-06   3.161733e+03   1.523148e-01  -2.010291e+00  -2.021968e+00   5.797633e-05   1.767930e+02   2.997396e-01
    28  -2.506934e+00  -2.521601e+00   3.351537e-05   3.296609e+03   1.614235e-01   4.907504e-01  -2.716136e+00  -2.727203e+00   7.515084e-06   3.157714e+03   1.523144e-01  -1.986476e+00  -1.998220e+00   6.763576e-05   1.739973e+02   2.996133e-01
    29  -2.477087e+00  -2.491754e+00   4.106379e-05   3.281051e+03   1.614420e-01   4.907187e-01  -2.693702e+00  -2.704774e+00   8.766923e-06   3.153267e+03   1.523139e-01  -1.962508e+00  -1.974326e+00   7.890231e-05   1.709713e+02   2.994718e-01
    30  -2.447239e+00  -2.461907e+00   5.029207e-05   3.263486e+03   1.614630e-01   4.906826e-01  -2.671259e+00  -2.682336e+00   1.022697e-05   3.148345e+03   1.523134e-01  -1.938372e+00  -1.950272e+00   9.204273e-05   1.677039e+02   2.993133e-01
    31  -2.417392e+00  -2.432059e+00   6.156114e-05   3.243505e+03   1.614871e-01   4.906410e-01  -2.648806e+00  -2.659888e+00   1.192976e-05   3.142899e+03   1.523128e-01  -1.914051e+00  -1.926041e+00   1.073678e-04   1.641853e+02   2.991355e-01
    32  -2.387545e+00  -2.402212e+00   7.531400e-05   3.220641e+03   1.615149e-01   4.905932e-01  -2.626342e+00  -2.637429e+00   1.391553e-05   3.136876e+03   1.523122e-01  -1.889528e+00  -1.901616e+00   1.252398e-04   1.604073e+02   2.989359e-01
    33  -2.357698e+00  -2.372365e+00   9.208392e-05   3.194921e+03   1.615466e-01   4.905387e-01  -2.603864e+00  -2.614957e+00   1.623115e-05   3.130214e+03   1.523115e-01  -1.864782e+00  -1.876979e+00   1.460803e-04   1.563636e+02   2.987116e-01
    34  -2.327850e+00  -2.342518e+00   1.125010e-04   3.165920e+03   1.615825e-01   4.904762e-01  -2.581372e+00  -2.592472e+00   1.893121e-05   3.122847e+03   1.523107e-01  -1.839794e+00  -1.852108e+00   1.703808e-04   1.520505e+02   2.984593e-01
    35  -2.298003e+00  -2.312670e+00   1.373304e-04   3.132766e+03   1.616244e-01   4.904040e-01  -2.558865e+00  -2.569973e+00   2.207926e-05   3.114703e+03   1.523098e-01  -1.814540e+00  -1.826983e+00   1.987134e-04   1.474673e+02   2.981752e-01
    36  -2.268156e+00  -2.282823e+00   1.674911e-04   3.095668e+03   1.616720e-01   4.903220e-01  -2.536340e+00  -2.547456e+00   2.574932e-05   3.105702e+03   1.523088e-01  -1.788997e+00  -1.801581e+00   2.317439e-04   1.426171e+02   2.978551e-01
    37  -2.238309e+00  -2.252976e+00   2.040577e-04   3.054266e+03   1.617259e-01   4.902283e-01  -2.513795e+00  -2.524921e+00   3.002750e-05   3.095758e+03   1.523077e-01  -1.763140e+00  -1.775876e+00   2.702475e-04   1.375070e+02   2.974938e-01
    38  -2.208461e+00  -2.223129e+00   2.482911e-04   3.007259e+03   1.617884e-01   4.901195e-01  -2.491229e+00  -2.502366e+00   3.501400e-05   3.084776e+03   1.523065e-01  -1.736940e+00  -1.749842e+00   3.151260e-04   1.321489e+02   2.970859e-01
    39  -2.178614e+00  -2.193282e+00   3.017244e-04   2.954927e+03   1.618598e-01   4.899959e-01  -2.468639e+00  -2.479787e+00   4.082538e-05   3.072650e+03   1.523051e-01  -1.710372e+00  -1.723453e+00   3.674284e-04   1.265595e+02   2.966248e-01
    40  -2.148767e+00  -2.163434e+00   3.661296e-04   2.897037e+03   1.619409e-01   4.898555e-01  -2.446023e+00  -2.457184e+00   4.759714e-05   3.059269e+03   1.523036e-01  -1.683404e+00  -1.696679e+00   4.283742e-04   1.207611e+02   2.961031e-01
    41  -2.118920e+00  -2.133587e+00   4.434568e-04   2.832738e+03   1.620326e-01   4.896923e-01  -2.423378e+00  -2.434553e+00   5.548679e-05   3.044508e+03   1.523019e-01  -1.656009e+00  -1.669491e+00   4.993811e-04   1.147813e+02   2.955125e-01
    42  -2.089073e+00  -2.103740e+00   5.361091e-04   2.761245e+03   1.621392e-01   4.895066e-01  -2.400699e+00  -2.411890e+00   6.467734e-05   3.028234e+03   1.523001e-01  -1.628154e+00  -1.641858e+00   5.820960e-04   1.086531e+02   2.948432e-01
    43  -2.059225e+00  -2.073893e+00   6.468065e-04   2.683146e+03   1.622603e-01   4.892957e-01  -2.377985e+00  -2.389194e+00   7.538125e-05   3.010302e+03   1.522980e-01  -1.599810e+00  -1.613751e+00   6.784313e-04   1.024171e+02   2.940858e-01
    44  -2.029378e+00  -2.044045e+00   7.786058e-04   2.598263e+03   1.623968e-01   4.890545e-01  -2.355231e+00  -2.366459e+00   8.784517e-05   2.990556e+03   1.522957e-01  -1.570950e+00  -1.585141e+00   7.906065e-04   9.611687e+01   2.932290e-01
    45  -1.999531e+00  -2.014198e+00   9.345976e-04   2.505838e+03   1.625514e-01   4.887755e-01  -2.332432e+00  -2.343682e+00   1.023551e-04   2.968827e+03   1.522931e-01  -1.541545e+00  -1.555999e+00   9.211963e-04   8.979888e+01   2.922604e-01
    46  -1.969684e+00  -1.984351e+00   1.118697e-03   2.405647e+03   1.627304e-01   4.884599e-01  -2.309584e+00  -2.320858e+00   1.192428e-04   2.944936e+03   1.522903e-01  -1.511571e+00  -1.526300e+00   1.073185e-03   8.351181e+01   2.911663e-01
    47  -1.939836e+00  -1.954504e+00   1.335016e-03   2.298854e+03   1.629332e-01   4.881022e-01  -2.286681e+00  -2.297982e+00   1.388921e-04   2.918689e+03   1.522871e-01  -1.481006e+00  -1.496020e+00   1.250029e-03   7.730514e+01   2.899319e-01
    48  -1.909989e+00  -1.924656e+00   1.587907e-03   2.185860e+03   1.631615e-01   4.876944e-01  -2.263717e+00  -2.275048e+00   1.617478e-04   2.889881e+03   1.522835e-01  -1.449832e+00  -1.465139e+00   1.455730e-03   7.122758e+01   2.885412e-01
    49  -1.880142e+00  -1.894809e+00   1.881969e-03   2.067238e+03   1.634156e-01   4.872235e-01  -2.240686e+00  -2.252049e+00   1.883238e-04   2.858298e+03   1.522796e-01  -1.418037e+00  -1.433643e+00   1.694914e-03   6.532552e+01   2.869771e-01
    50  -1.850295e+00  -1.864962e+00   2.221149e-03   1.943457e+03   1.637046e-01   4.866915e-01  -2.217580e+00  -2.228980e+00   2.192140e-04   2.823711e+03   1.522751e-01  -1.385614e+00  -1.401523e+00   1.972926e-03   5.964414e+01   2.852264e-01
    51  -1.820447e+00  -1.835115e+00   2.610421e-03   1.815067e+03   1.640356e-01   4.860926e-01  -2.194391e+00  -2.205831e+00   2.551039e-04   2.785884e+03   1.522701e-01  -1.352566e+00  -1.368776e+00   2.295935e-03   5.422314e+01   2.832787e-01
    52  -1.790600e+00  -1.805267e+00   3.054520e-03   1.684284e+03   1.644076e-01   4.854171e-01  -2.171110e+00  -2.182594e+00   2.967831e-04   2.744574e+03   1.522646e-01  -1.318903e+00  -1.335409e+00   2.671048e-03   4.909261e+01   2.811199e-01
    53  -1.760753e+00  -1.775420e+00   3.557692e-03   1.552477e+03   1.648238e-01   4.846547e-01  -2.147725e+00  -2.159260e+00   3.451610e-04   2.699532e+03   1.522583e-01  -1.284641e+00  -1.301434e+00   3.106449e-03   4.427518e+01   2.787365e-01
    54  -1.730906e+00  -1.745573e+00   4.123818e-03   1.421079e+03   1.652839e-01   4.837826e-01  -2.124227e+00  -2.135817e+00   4.012824e-04   2.650507e+03   1.522513e-01  -1.249803e+00  -1.266873e+00   3.611542e-03   3.978592e+01   2.761155e-01
    55  -1.701058e+00  -1.715726e+00   4.756280e-03   1.291664e+03   1.657969e-01   4.828041e-01  -2.100602e+00  -2.112254e+00   4.663463e-04   2.597252e+03   1.522434e-01  -1.214424e+00  -1.231753e+00   4.197117e-03   3.563494e+01   2.732634e-01
    56  -1.671211e+00  -1.685878e+00   5.457805e-03   1.165729e+03   1.663665e-01   4.817088e-01  -2.076836e+00  -2.088557e+00   5.417261e-04   2.539527e+03   1.522346e-01  -1.178542e+00  -1.196112e+00   4.875535e-03   3.182301e+01   2.701833e-01
    57  -1.641364e+00  -1.656031e+00   6.230460e-03   1.044680e+03   1.669962e-01   4.804857e-01  -2.052913e+00  -2.064710e+00   6.289911e-04   2.477106e+03   1.522245e-01  -1.142201e+00  -1.159992e+00   5.660920e-03   2.834345e+01   2.668729e-01
    58  -1.611517e+00  -1.626184e+00   7.075683e-03   9.297702e+02   1.676891e-01   4.791250e-01  -2.028816e+00  -2.040698e+00   7.299314e-04   2.409788e+03   1.522133e-01  -1.105450e+00  -1.123437e+00   6.569382e-03   2.518458e+01   2.633315e-01
    59  -1.581669e+00  -1.596337e+00   7.994396e-03   8.220378e+02   1.684475e-01   4.776183e-01  -2.004525e+00  -2.016501e+00   8.465830e-04   2.337400e+03   1.522005e-01  -1.068340e+00  -1.086499e+00   7.619247e-03   2.233148e+01   2.595941e-01
    60  -1.551822e+00  -1.566489e+00   8.987189e-03   7.222624e+02   1.692722e-01   4.759556e-01  -1.980018e+00  -1.992099e+00   9.812558e-04   2.259813e+03   1.521860e-01  -1.030921e+00  -1.049228e+00   8.831303e-03   1.976529e+01   2.556739e-01
    61  -1.521975e+00  -1.536642e+00   1.005456e-02   6.309422e+02   1.701629e-01   4.741265e-01  -1.955271e+00  -1.967469e+00   1.136562e-03   2.176954e+03   1.521695e-01  -9.932455e-01  -1.011675e+00   1.022906e-02   1.746532e+01   2.515778e-01
    62  -1.492128e+00  -1.506795e+00   1.119352e-02   5.482926e+02   1.711178e-01   4.721196e-01  -1.930256e+00  -1.942583e+00   1.315444e-03   2.088814e+03   1.521507e-01  -9.553607e-01  -9.738901e-01   1.183900e-02   1.540994e+01   2.473310e-01
    63  -1.462280e+00  -1.476948e+00   1.239569e-02   4.737558e+02   1.721508e-01   4.699584e-01  -1.904942e+00  -1.917415e+00   1.521208e-03   1.995470e+03   1.521292e-01  -9.173119e-01  -9.359198e-01   1.369088e-02   1.357735e+01   2.429730e-01
    64  -1.432433e+00  -1.447100e+00   1.366955e-02   4.076032e+02   1.732443e-01   4.676236e-01  -1.879296e+00  -1.891930e+00   1.757548e-03   1.897092e+03   1.521046e-01  -8.791408e-01  -8.978071e-01   1.581793e-02   1.194674e+01   2.385103e-01
    65  -1.402586e+00  -1.417253e+00   1.501703e-02   3.495163e+02   1.743880e-01   4.651041e-01  -1.853279e+00  -1.866093e+00   2.028572e-03   1.793965e+03   1.520762e-01  -8.408850e-01  -8.595918e-01   1.825715e-02   1.049819e+01   2.339514e-01
    66  -1.372739e+00  -1.387406e+00   1.644110e-02   2.989093e+02   1.755756e-01   4.623958e-01  -1.826848e+00  -1.839863e+00   2.338830e-03   1.686500e+03   1.520435e-01  -8.025759e-01  -8.213082e-01   2.104947e-02   9.212384e+00   2.293492e-01
    67  -1.342891e+00  -1.357559e+00   1.791438e-02   2.549414e+02   1.768093e-01   4.595430e-01  -1.799956e+00  -1.813194e+00   2.693323e-03   1.575245e+03   1.520055e-01  -7.642418e-01  -7.829860e-01   2.423991e-02   8.072487e+00   2.247040e-01
    68  -1.313044e+00  -1.327711e+00   1.946160e-02   2.169635e+02   1.780755e-01   4.565961e-01  -1.772549e+00  -1.786036e+00   3.097518e-03   1.460896e+03   1.519613e-01  -7.259077e-01  -7.446519e-01   2.787766e-02   7.062995e+00   2.200179e-01
    69  -1.283197e+00  -1.297864e+00   2.109295e-02   1.845143e+02   1.793504e-01   4.534698e-01  -1.744567e+00  -1.758333e+00   3.557342e-03   1.344301e+03   1.519096e-01  -6.875937e-01  -7.063283e-01   3.201608e-02   6.169447e+00   2.153195e-01
    70  -1.253350e+00  -1.268017e+00   2.277878e-02   1.568230e+02   1.806243e-01   4.501663e-01  -1.715944e+00  -1.730020e+00   4.079169e-03   1.226455e+03   1.518487e-01  -6.493171e-01  -6.680338e-01   3.671252e-02   5.379251e+00   2.106170e-01
    71  -1.223502e+00  -1.238170e+00   2.454129e-02   1.332004e+02   1.818714e-01   4.468280e-01  -1.686605e+00  -1.701027e+00   4.669785e-03   1.108492e+03   1.517768e-01  -6.110941e-01  -6.297853e-01   4.202806e-02   4.681271e+00   2.059050e-01
    72  -1.193655e+00  -1.208322e+00   2.640422e-02   1.132228e+02   1.830876e-01   4.433225e-01  -1.656470e+00  -1.671276e+00   5.336336e-03   9.916622e+02   1.516914e-01  -5.729394e-01  -5.915979e-01   4.802703e-02   4.065431e+00   2.011842e-01
    73  -1.163808e+00  -1.178475e+00   2.831604e-02   9.629554e+01   1.842551e-01   4.397984e-01  -1.625446e+00  -1.640681e+00   6.086254e-03   8.772983e+02   1.515892e-01  -5.348652e-01  -5.534852e-01   5.477629e-02   3.522611e+00   1.964727e-01
    74  -1.133961e+00  -1.148628e+00   3.034096e-02   8.198543e+01   1.853469e-01   4.362933e-01  -1.593435e+00  -1.609146e+00   6.927149e-03   7.667773e+02   1.514662e-01  -4.968846e-01  -5.154598e-01   6.234434e-02   3.044997e+00   1.917589e-01
    75  -1.104113e+00  -1.118781e+00   3.245761e-02   6.990814e+01   1.863698e-01   4.325913e-01  -1.560330e+00  -1.576567e+00   7.866679e-03   6.614590e+02   1.513174e-01  -4.590120e-01  -4.775356e-01   7.080011e-02   2.625548e+00   1.870335e-01
    76  -1.074266e+00  -1.088933e+00   3.467125e-02   5.968977e+01   1.872622e-01   4.291663e-01  -1.526016e+00  -1.542834e+00   8.912390e-03   5.626237e+02   1.511362e-01  -4.212619e-01  -4.397269e-01   8.021151e-02   2.257878e+00   1.822983e-01
    77  -1.044419e+00  -1.059086e+00   3.701883e-02   5.106009e+01   1.880488e-01   4.255075e-01  -1.490370e+00  -1.507827e+00   1.007152e-02   4.714046e+02   1.509144e-01  -3.836496e-01  -4.020487e-01   9.064369e-02   1.936315e+00   1.775536e-01
    78  -1.014572e+00  -1.029239e+00   3.946108e-02   4.375675e+01   1.886947e-01   4.220210e-01  -1.453270e+00  -1.471424e+00   1.135078e-02   3.887189e+02   1.506412e-01  -3.461934e-01  -3.645178e-01   1.021570e-01   1.655831e+00   1.727876e-01
    79  -9.847245e-01  -9.993917e-01   4.207121e-02   3.757128e+01   1.892063e-01   4.185459e-01  -1.414591e+00  -1.433500e+00   1.275612e-02   3.152090e+02   1.503033e-01  -3.089137e-01  -3.271537e-01   1.148050e-01   1.411873e+00   1.679909e-01
    80  -9.548772e-01  -9.695445e-01   4.480045e-02   3.232324e+01   1.895736e-01   4.151272e-01  -1.374221e+00  -1.393938e+00   1.429243e-02   2.511996e+02   1.498842e-01  -2.718324e-01  -2.899774e-01   1.286319e-01   1.200285e+00   1.631671e-01
    81  -9.250300e-01  -9.396972e-01   4.771279e-02   2.786010e+01   1.897744e-01   4.118613e-01  -1.332063e+00  -1.352631e+00   1.596333e-02   1.966744e+02   1.493634e-01  -2.349738e-01  -2.530122e-01   1.436700e-01   1.017362e+00   1.583128e-01
    82  -8.951827e-01  -9.098500e-01   5.078902e-02   2.405843e+01   1.898167e-01   4.084783e-01  -1.288050e+00  -1.309499e+00   1.777087e-02   1.512798e+02   1.487167e-01  -1.983649e-01  -2.162837e-01   1.599378e-01   8.597622e-01   1.534209e-01
    83  -8.653355e-01  -8.800027e-01   5.406887e-02   2.081057e+01   1.896827e-01   4.053736e-01  -1.242155e+00  -1.264496e+00   1.971527e-02   1.143657e+02   1.479164e-01  -1.620350e-01  -1.798202e-01   1.774374e-01   7.244505e-01   1.484890e-01
    84  -8.354882e-01  -8.501555e-01   5.756218e-02   1.803395e+01   1.894006e-01   4.021223e-01  -1.194410e+00  -1.217626e+00   2.179475e-02   8.505310e+01   1.469324e-01  -1.260138e-01  -1.436510e-01   1.961527e-01   6.086631e-01   1.435286e-01
    85  -8.056410e-01  -8.203083e-01   6.128122e-02   1.564924e+01   1.889541e-01   3.992350e-01  -1.144912e+00  -1.168956e+00   2.400535e-02   6.231243e+01   1.457351e-01  -9.033315e-02  -1.078071e-01   2.160481e-01   5.099480e-01   1.385384e-01
    86  -7.757937e-01  -7.904610e-01   6.526409e-02   1.359932e+01   1.883362e-01   3.961362e-01  -1.093829e+00  -1.118620e+00   2.634082e-02   4.505574e+01   1.442981e-01  -5.502622e-02  -7.232099e-02   2.370673e-01   4.260928e-01   1.335208e-01
    87  -7.459465e-01  -7.606138e-01   6.950363e-02   1.183070e+01   1.875557e-01   3.931973e-01  -1.041401e+00  -1.066825e+00   2.879262e-02   3.222408e+01   1.426035e-01  -2.012468e-02  -3.722494e-02   2.591336e-01   3.550935e-01   1.284949e-01
    88  -7.160993e-01  -7.307665e-01   7.407220e-02   1.030428e+01   1.866246e-01   3.901962e-01  -9.879196e-01  -1.013838e+00   3.134998e-02   2.284996e+01   1.406454e-01   1.433933e-02  -2.550899e-03   2.821498e-01   2.951932e-01   1.234670e-01
    89  -6.862520e-01  -7.009193e-01   7.893259e-02   8.982868e+00   1.855475e-01   3.872538e-01  -9.337082e-01  -9.599685e-01   3.400006e-02   1.610123e+01   1.384329e-01   4.833481e-02   3.166962e-02   3.060005e-01   2.448249e-01   1.184493e-01
    90  -6.564048e-01  -6.710720e-01   8.416746e-02   7.835854e+00   1.843232e-01   3.842624e-01  -8.790957e-01  -9.055441e-01   3.672816e-02   1.129764e+01   1.359913e-01   8.183348e-02   6.540705e-02   3.305535e-01   2.026000e-01   1.134628e-01
    91  -6.265575e-01  -6.412248e-01   8.976003e-02   6.838784e+00   1.829331e-01   3.811249e-01  -8.243862e-01  -8.508800e-01   3.951809e-02   7.905966e+00   1.333578e-01   1.148084e-01   9.863382e-02   3.556628e-01   1.673149e-01   1.085180e-01
    92  -5.967103e-01  -6.113775e-01   9.577746e-02   5.969733e+00   1.814139e-01   3.779285e-01  -7.698393e-01  -7.962569e-01   4.235249e-02   5.523914e+00   1.305800e-01   1.472369e-01   1.313252e-01   3.811724e-01   1.379065e-01   1.036383e-01
    93  -5.668630e-01  -5.815303e-01   1.022363e-01   5.214067e+00   1.797445e-01   3.745507e-01  -7.156541e-01  -7.419022e-01   4.521329e-02   3.855670e+00   1.277070e-01   1.790989e-01   1.634600e-01   4.069196e-01   1.134650e-01   9.883739e-02
    94  -5.370158e-01  -5.516831e-01   1.091605e-01   4.552673e+00   1.779697e-01   3.710879e-01  -6.619658e-01  -6.879809e-01   4.808216e-02   2.688804e+00   1.247866e-01   2.103786e-01   1.950203e-01   4.327394e-01   9.319978e-02   9.413434e-02
    95  -5.071685e-01  -5.218358e-01   1.165995e-01   3.974631e+00   1.760279e-01   3.672985e-01  -6.088454e-01  -6.345940e-01   5.094094e-02   1.872783e+00   1.218614e-01   2.410638e-01   2.259921e-01   4.584685e-01   7.643684e-02   8.954420e-02
    96  -4.773213e-01  -4.919886e-01   1.245491e-01   3.468215e+00   1.739570e-01   3.632238e-01  -5.563049e-01  -5.817811e-01   5.377208e-02   1.301955e+00   1.189662e-01   2.711465e-01   2.563656e-01   4.839488e-01   6.260006e-02   8.508184e-02
    97  -4.474741e-01  -4.621413e-01   1.331088e-01   3.025219e+00   1.717568e-01   3.588186e-01  -5.043076e-01  -5.295285e-01   5.655903e-02   9.026480e-01   1.161289e-01   3.006228e-01   2.861347e-01   5.090312e-01   5.120098e-02   8.076019e-02
    98  -4.176268e-01  -4.322941e-01   1.422612e-01   2.637599e+00   1.694275e-01   3.540707e-01  -4.527714e-01  -4.777755e-01   5.928652e-02   6.233953e-01   1.133703e-01   3.294923e-01   3.152974e-01   5.335787e-01   4.182720e-02   7.658954e-02
    99  -3.877796e-01  -4.024468e-01   1.520606e-01   2.297562e+00   1.669881e-01   3.488779e-01  -4.015773e-01  -4.264204e-01   6.194091e-02   4.283423e-01   1.107057e-01   3.577588e-01   3.438555e-01   5.574682e-01   3.413138e-02   7.257897e-02
   100  -3.579323e-01  -3.725996e-01   1.625327e-01   1.998968e+00   1.643776e-01   3.431106e-01  -3.505754e-01  -3.753281e-01   6.451030e-02   2.924249e-01   1.081471e-01   3.854289e-01   3.718142e-01   5.805927e-01   2.782294e-02   6.873415e-02
   101  -3.280851e-01  -3.427523e-01   1.737066e-01   1.736990e+00   1.616564e-01   3.366966e-01  -2.995833e-01  -3.243314e-01   6.698469e-02   1.980356e-01   1.057051e-01   4.125129e-01   3.991820e-01   6.028622e-01   2.265868e-02   6.505999e-02
   102  -2.982378e-01  -3.129051e-01   1.856720e-01   1.507811e+00   1.588050e-01   3.296893e-01  -2.483957e-01  -2.732358e-01   6.935597e-02   1.328349e-01   1.033883e-01   4.390235e-01   4.259705e-01   6.242038e-01   1.843664e-02   6.155779e-02
   103  -2.683906e-01  -2.830578e-01   1.983867e-01   1.307137e+00   1.558370e-01   3.219878e-01  -1.967833e-01  -2.218232e-01   7.161799e-02   8.810414e-02   1.012069e-01   4.649759e-01   4.521935e-01   6.445619e-01   1.498865e-02   5.822882e-02
   104  -2.385433e-01  -2.532106e-01   2.119220e-01   1.131468e+00   1.527551e-01   3.134609e-01  -1.444919e-01  -1.698511e-01   7.376638e-02   5.767951e-02   9.917391e-02   4.903876e-01   4.778676e-01   6.638974e-01   1.217601e-02   5.507063e-02
   105  -2.086961e-01  -2.233634e-01   2.262583e-01   9.773076e-01   1.495075e-01   3.039970e-01  -9.127049e-02  -1.170664e-01   7.579851e-02   3.722627e-02   9.729372e-02   5.152778e-01   5.030110e-01   6.821866e-01   9.883624e-03   5.208171e-02
   106  -1.788489e-01  -1.935161e-01   2.414600e-01   8.425290e-01   1.461524e-01   2.933496e-01  -3.686737e-02  -6.321762e-02   7.771330e-02   2.365571e-02   9.557325e-02   5.396670e-01   5.276436e-01   6.994197e-01   8.017132e-03   4.925679e-02
   107  -1.490016e-01  -1.636689e-01   2.575720e-01   7.250439e-01   1.426783e-01   2.818345e-01   1.889500e-02  -8.091830e-03   7.951106e-02   1.480653e-02   9.398013e-02   5.635775e-01   5.517868e-01   7.155996e-01   6.498475e-03   4.659227e-02
   108  -1.191544e-01  -1.338216e-01   2.745567e-01   6.226096e-01   1.391019e-01   2.690774e-01   7.607943e-02   4.842773e-02   8.119333e-02   9.143634e-03   9.244674e-02   5.870319e-01   5.754630e-01   7.307399e-01   5.263895e-03   4.408147e-02
   109  -8.930712e-02  -1.039744e-01   2.924986e-01   5.334893e-01   1.354180e-01   2.551888e-01   1.345084e-01   1.062758e-01   8.276263e-02   5.598047e-03   9.081049e-02   6.100540e-01   5.986955e-01   7.448636e-01   4.260909e-03   4.171880e-02
   110  -5.945987e-02  -7.412714e-02   3.112318e-01   4.559383e-01   1.316189e-01   2.399400e-01   1.936527e-01   1.650866e-01   8.422234e-02   3.426748e-03   8.878835e-02   6.326678e-01   6.215080e-01   7.580011e-01   3.446656e-03   3.949737e-02
   111  -2.961263e-02  -4.427989e-02   3.308841e-01   3.884844e-01   1.277030e-01   2.232453e-01   2.526158e-01   2.241341e-01   8.557652e-02   2.120697e-03   8.603493e-02   6.548976e-01   6.439249e-01   7.701887e-01   2.786066e-03   3.741016e-02
   112   2.346148e-04  -1.443265e-02   3.513978e-01   3.301121e-01   1.236997e-01   2.053205e-01   3.102887e-01   2.824089e-01   8.682971e-02   1.341541e-03   8.229596e-02   6.767681e-01   6.659705e-01   7.814674e-01   2.250471e-03   3.545049e-02
   113   3.008186e-02   1.541460e-02   3.727916e-01   2.796949e-01   1.196169e-01   1.860723e-01   3.656570e-01   3.388546e-01   8.798682e-02   8.736490e-04   7.758917e-02   6.983036e-01   6.876693e-01   7.918814e-01   1.816522e-03   3.361089e-02
   114   5.992910e-02   4.526184e-02   3.949997e-01   2.362404e-01   1.154648e-01   1.656236e-01   4.180588e-01   3.926478e-01   8.905301e-02   5.865820e-04   7.221524e-02   7.195283e-01   7.090456e-01   8.014771e-01   1.465144e-03   3.188468e-02
   115   8.977635e-02   7.510909e-02   4.179932e-01   1.988821e-01   1.112515e-01   1.443186e-01   4.672410e-01   4.433458e-01   9.003354e-02   4.049508e-04   6.658544e-02   7.404663e-01   7.301235e-01   8.103019e-01   1.180822e-03   3.026486e-02
   116   1.196236e-01   1.049563e-01   4.416998e-01   1.668365e-01   1.069897e-01   1.217893e-01   5.132584e-01   4.908589e-01   9.093373e-02   2.861669e-04   6.104831e-02   7.611408e-01   7.509266e-01   8.184036e-01   9.509216e-04   2.874459e-02
   117   1.494708e-01   1.348036e-01   4.660528e-01   1.394371e-01   1.026873e-01   9.948976e-02   5.563367e-01   5.353315e-01   9.175884e-02   2.060830e-04   5.582552e-02   7.815749e-01   7.714780e-01   8.258295e-01   7.651526e-04   2.731761e-02
   118   1.793181e-01   1.646508e-01   4.909613e-01   1.160650e-01   9.836379e-02   7.589592e-02   5.967664e-01   5.770219e-01   9.251402e-02   1.506852e-04   5.102070e-02   8.017907e-01   7.918004e-01   8.326262e-01   6.151585e-04   2.597759e-02
   119   2.091653e-01   1.944981e-01   5.162846e-01   9.620190e-02   9.401946e-02   5.407597e-02   6.348482e-01   6.162246e-01   9.320429e-02   1.115347e-04   4.666335e-02   8.218097e-01   8.119155e-01   8.388386e-01   4.941448e-04   2.471849e-02
   120   2.390126e-01   2.243453e-01   5.419640e-01   7.936414e-02   8.968219e-02   3.087224e-02   6.708659e-01   6.532303e-01   9.383445e-02   8.337375e-05   4.274320e-02   8.416526e-01   8.318445e-01   8.445100e-01   3.965886e-04   2.353481e-02
   121   2.688598e-01   2.541926e-01   5.678908e-01   6.517540e-02   8.535996e-02   1.113423e-02   7.050721e-01   6.883057e-01   9.440910e-02   6.283048e-05   3.922952e-02   8.613392e-01   8.516075e-01   8.496819e-01   3.180098e-04   2.242112e-02
   122   2.987071e-01   2.840398e-01   5.939389e-01   5.325538e-02   8.108434e-02  -9.714998e-03   7.376877e-01   7.216860e-01   9.493262e-02   4.766807e-05   3.608239e-02   8.808885e-01   8.712239e-01   8.543935e-01   2.547718e-04   2.137235e-02
   123   3.285543e-01   3.138870e-01   6.199725e-01   4.329440e-02   7.685573e-02  -2.629581e-02   7.689065e-01   7.535776e-01   9.540910e-02   3.636483e-05   3.326391e-02   9.003183e-01   8.907120e-01   8.586819e-01   2.039244e-04   2.038382e-02
   124   3.584015e-01   3.437343e-01   6.458291e-01   3.500349e-02   7.270363e-02  -4.329052e-02   7.988945e-01   7.841593e-01   9.584241e-02   2.787179e-05   3.073508e-02   9.196456e-01   9.100894e-01   8.625817e-01   1.630771e-04   1.945114e-02
   125   3.882488e-01   3.735815e-01   6.713173e-01   2.813201e-02   6.862485e-02  -5.654854e-02   8.277977e-01   8.135865e-01   9.623618e-02   2.144450e-05   2.846311e-02   9.388863e-01   9.293725e-01   8.661256e-01   1.302939e-04   1.857016e-02
   126   4.180960e-01   4.034288e-01   6.963489e-01   2.247210e-02   6.464830e-02  -6.914362e-02   8.557417e-01   8.419944e-01   9.659376e-02   1.655324e-05   2.641650e-02   9.580555e-01   9.485766e-01   8.693438e-01   1.040075e-04   1.773707e-02
   127   4.479433e-01   4.332760e-01   7.207748e-01   1.783915e-02   6.078409e-02  -7.943437e-02   8.828372e-01   8.695007e-01   9.691827e-02   1.281205e-05   2.456908e-02   9.771669e-01   9.677163e-01   8.722644e-01   8.295011e-05   1.694840e-02
   128   4.777905e-01   4.631233e-01   7.444801e-01   1.406998e-02   5.704609e-02  -8.779201e-02   9.091812e-01   8.962089e-01   9.721261e-02   9.938660e-06   2.289695e-02   9.962337e-01   9.868050e-01   8.749135e-01   6.609769e-05   1.620091e-02
   129   5.076378e-01   4.929705e-01   7.673431e-01   1.102388e-02   5.344786e-02  -9.544992e-02   9.348586e-01   9.222096e-01   9.747945e-02   7.724164e-06   2.137955e-02   1.015268e+00   1.005855e+00   8.773151e-01   5.262332e-05   1.549163e-02
   130   5.374850e-01   5.228178e-01   7.892572e-01   8.578728e-03   4.999419e-02  -1.005728e-01   9.599454e-01   9.475831e-01   9.772124e-02   6.012232e-06   1.999914e-02   1.034280e+00   1.024878e+00   8.794912e-01   4.185999e-05   1.481784e-02
   131   5.673323e-01   5.526650e-01   8.099657e-01   6.628816e-03   4.669530e-02  -1.049071e-01   9.845081e-01   9.724004e-01   9.794025e-02   4.685594e-06   1.873978e-02   1.053281e+00   1.043885e+00   8.814623e-01   3.327023e-05   1.417707e-02
   132   5.971795e-01   5.825122e-01   8.294535e-01   5.081338e-03   4.355083e-02  -1.084935e-01   1.008606e+00   9.967242e-01   9.813854e-02   3.655432e-06   1.758785e-02   1.072280e+00   1.062884e+00   8.832469e-01   2.642136e-05   1.356707e-02
   133   6.270268e-01   6.123595e-01   8.477645e-01   3.867514e-03   4.057276e-02  -1.107867e-01   1.032292e+00   1.020611e+00   9.831802e-02   2.854072e-06   1.653150e-02   1.091285e+00   1.081887e+00   8.848622e-01   2.096550e-05   1.298579e-02
   134   6.568740e-01   6.422067e-01   8.647903e-01   2.922798e-03   3.776242e-02  -1.119863e-01   1.055614e+00   1.044110e+00   9.848042e-02   2.229808e-06   1.556026e-02   1.110304e+00   1.100899e+00   8.863237e-01   1.662317e-05   1.243136e-02
   135   6.867212e-01   6.720540e-01   8.803637e-01   2.190922e-03   3.511756e-02  -1.125138e-01   1.078614e+00   1.067266e+00   9.862732e-02   1.742962e-06   1.466490e-02   1.129344e+00   1.119929e+00   8.876458e-01   1.317011e-05   1.190209e-02
   136   7.165685e-01   7.019012e-01   8.947253e-01   1.630430e-03   3.263969e-02  -1.122581e-01   1.101328e+00   1.090119e+00   9.876016e-02   1.362929e-06   1.383749e-02   1.148412e+00   1.138983e+00   8.888415e-01   1.042652e-05   1.139642e-02
   137   7.464157e-01   7.317485e-01   9.076906e-01   1.204784e-03   3.032581e-02  -1.112184e-01   1.123792e+00   1.112705e+00   9.888027e-02   1.066048e-06   1.307106e-02   1.167512e+00   1.158067e+00   8.899225e-01   8.248447e-06   1.091297e-02
   138   7.762630e-01   7.615957e-01   9.194079e-01   8.833681e-04   2.817082e-02  -1.094475e-01   1.146034e+00   1.135055e+00   9.898885e-02   8.339891e-07   1.235946e-02   1.186650e+00   1.177187e+00   8.908996e-01   6.520719e-06   1.045046e-02
   139   8.061102e-01   7.914430e-01   9.299033e-01   6.436445e-04   2.616924e-02  -1.069597e-01   1.168083e+00   1.157199e+00   9.908698e-02   6.525183e-07   1.169727e-02   1.205831e+00   1.196347e+00   8.917828e-01   5.151307e-06   1.000773e-02
   140   8.359575e-01   8.212902e-01   9.392188e-01   4.655688e-04   2.431496e-02  -1.038055e-01   1.189963e+00   1.179161e+00   9.917565e-02   5.105615e-07   1.107974e-02   1.225058e+00   1.215551e+00   8.925808e-01   4.066735e-06   9.583723e-03
   141   8.658047e-01   8.511374e-01   9.474700e-01   3.348862e-04   2.259863e-02  -1.000750e-01   1.211695e+00   1.200965e+00   9.925576e-02   3.994895e-07   1.050271e-02   1.244335e+00   1.234803e+00   8.933019e-01   3.208402e-06   9.177460e-03
   142   8.956520e-01   8.809847e-01   9.547114e-01   2.393777e-04   2.101363e-02  -9.579681e-02   1.233298e+00   1.222630e+00   9.932813e-02   3.125687e-07   9.962530e-03   1.263664e+00   1.254107e+00   8.939532e-01   2.529612e-06   8.788060e-03
   143   9.254992e-01   9.108319e-01   9.610404e-01   1.702988e-04   1.954886e-02  -9.112008e-02   1.254790e+00   1.244177e+00   9.939350e-02   2.445418e-07   9.455940e-03   1.283049e+00   1.273465e+00   8.945415e-01   1.993191e-06   8.414705e-03
   144   9.553464e-01   9.406792e-01   9.665651e-01   1.205423e-04   1.819735e-02  -8.606977e-02   1.276187e+00   1.265620e+00   9.945254e-02   1.913003e-07   8.980070e-03   1.302491e+00   1.292879e+00   8.950729e-01   1.569574e-06   8.056647e-03
   145   9.851937e-01   9.705264e-01   9.713245e-01   8.499732e-05   1.694834e-02  -8.081001e-02   1.297502e+00   1.286975e+00   9.950586e-02   1.496315e-07   8.532373e-03   1.321993e+00   1.312352e+00   8.955527e-01   1.235266e-06   7.713193e-03
   146   1.015041e+00   1.000374e+00   9.754737e-01   5.971074e-05   1.579444e-02  -7.542679e-02   1.318748e+00   1.308255e+00   9.955400e-02   1.170219e-07   8.110588e-03   1.341555e+00   1.331884e+00   8.959860e-01   9.716118e-07   7.383700e-03
   147   1.044888e+00   1.030221e+00   9.789968e-01   4.182290e-05   1.472691e-02  -7.004339e-02   1.339937e+00   1.329472e+00   9.959747e-02   9.150422e-08   7.712704e-03   1.361179e+00   1.351478e+00   8.963772e-01   7.638127e-07   7.067575e-03
   148   1.074735e+00   1.060068e+00   9.820580e-01   2.922131e-05   1.373834e-02  -6.471456e-02   1.361077e+00   1.350636e+00   9.963672e-02   7.153865e-08   7.336927e-03   1.380864e+00   1.371133e+00   8.967304e-01   6.001381e-07   6.764265e-03
   149   1.104583e+00   1.089915e+00   9.846614e-01   2.037413e-05   1.282218e-02  -5.948983e-02   1.382179e+00   1.371756e+00   9.967214e-02   5.591941e-08   6.981651e-03   1.400613e+00   1.390851e+00   8.970493e-01   4.712968e-07   6.473253e-03
   150   1.134430e+00   1.119763e+00   9.868968e-01   1.418342e-05   1.197167e-02  -5.455626e-02   1.403249e+00   1.392842e+00   9.970413e-02   4.370239e-08   6.645441e-03   1.420425e+00   1.410632e+00   8.973371e-01   3.699354e-07   6.194059e-03
   151   1.164277e+00   1.149610e+00   9.888093e-01   9.860790e-06   1.118189e-02  -4.982054e-02   1.424294e+00   1.413899e+00   9.973300e-02   3.414820e-08   6.327007e-03   1.440299e+00   1.430475e+00   8.975970e-01   2.902385e-07   5.926231e-03
   152   1.194124e+00   1.179457e+00   9.904347e-01   6.849945e-06   1.044711e-02  -4.535451e-02   1.445321e+00   1.434935e+00   9.975905e-02   2.667791e-08   6.025184e-03   1.460234e+00   1.450381e+00   8.978315e-01   2.276105e-07   5.669346e-03
   153   1.223972e+00   1.209304e+00   9.918326e-01   4.755274e-06   9.763335e-03  -4.123288e-02   1.466334e+00   1.455955e+00   9.978257e-02   2.083815e-08   5.738925e-03   1.480232e+00   1.470348e+00   8.980432e-01   1.784222e-07   5.423008e-03
   154   1.253819e+00   1.239152e+00   9.930119e-01   3.300075e-06   9.126203e-03  -3.738770e-02   1.487338e+00   1.476963e+00   9.980380e-02   1.627401e-08   5.467281e-03   1.500288e+00   1.490376e+00   8.982342e-01   1.398096e-07   5.186845e-03
   155   1.283666e+00   1.268999e+00   9.940296e-01   2.289862e-06   8.532218e-03  -3.384522e-02   1.508337e+00   1.497964e+00   9.982296e-02   1.270759e-08   5.209392e-03   1.520404e+00   1.510463e+00   8.984066e-01   1.095142e-07   4.960508e-03
   156   1.313513e+00   1.298846e+00   9.948862e-01   1.588957e-06   7.978103e-03  -3.061276e-02   1.529332e+00   1.518961e+00   9.984025e-02   9.921406e-09   4.964481e-03   1.540575e+00   1.530607e+00   8.985622e-01   8.575593e-08   4.743669e-03
   157   1.343361e+00   1.328693e+00   9.956258e-01   1.102808e-06   7.460860e-03  -2.763321e-02   1.550326e+00   1.539956e+00   9.985585e-02   7.745231e-09   4.731842e-03   1.560801e+00   1.550806e+00   8.987027e-01   6.713292e-08   4.536021e-03
   158   1.373208e+00   1.358541e+00   9.962501e-01   7.656458e-07   6.977910e-03  -2.494966e-02   1.571321e+00   1.560950e+00   9.986993e-02   6.045876e-09   4.510833e-03   1.581077e+00   1.571057e+00   8.988294e-01   5.254171e-08   4.337280e-03
   159   1.403055e+00   1.388388e+00   9.967886e-01   5.317804e-07   6.526760e-03  -2.249414e-02   1.592316e+00   1.581946e+00   9.988264e-02   4.719144e-09   4.300874e-03   1.601400e+00   1.591357e+00   8.989438e-01   4.111429e-08   4.147178e-03
   160   1.432902e+00   1.418235e+00   9.972439e-01   3.695484e-07   6.105276e-03  -2.026829e-02   1.613312e+00   1.602941e+00   9.989411e-02   3.683542e-09   4.101439e-03   1.621767e+00   1.611703e+00   8.990470e-01   3.216826e-08   3.965472e-03
   161   1.462750e+00   1.448082e+00   9.976367e-01   2.569477e-07   5.711426e-03  -1.825822e-02   1.634307e+00   1.623936e+00   9.990446e-02   2.875342e-09   3.912052e-03   1.642173e+00   1.632090e+00   8.991401e-01   2.516744e-08   3.791938e-03
   162   1.492597e+00   1.477930e+00   9.979695e-01   1.787780e-07   5.343419e-03  -1.641951e-02   1.655298e+00   1.644929e+00   9.991379e-02   2.244725e-09   3.732285e-03   1.662610e+00   1.652512e+00   8.992241e-01   1.969080e-08   3.626373e-03
   163   1.522444e+00   1.507777e+00   9.982570e-01   1.244689e-07   4.999581e-03  -1.477695e-02   1.676282e+00   1.665916e+00   9.992222e-02   1.752754e-09   3.561758e-03   1.683073e+00   1.672962e+00   8.993000e-01   1.540788e-08   3.468598e-03
   164   1.552291e+00   1.537624e+00   9.985008e-01   8.672443e-08   4.678427e-03  -1.326199e-02   1.697253e+00   1.686894e+00   9.992982e-02   1.369002e-09   3.400131e-03   1.703553e+00   1.693434e+00   8.993684e-01   1.205945e-08   3.318456e-03
   165   1.582139e+00   1.567471e+00   9.987119e-01   6.046984e-08   4.378555e-03  -1.190091e-02   1.718207e+00   1.707856e+00   9.993668e-02   1.069701e-09   3.247109e-03   1.724041e+00   1.713918e+00   8.994301e-01   9.442268e-09   3.175818e-03
   166   1.611986e+00   1.597319e+00   9.988908e-01   4.219848e-08   4.098769e-03  -1.064112e-02   1.739133e+00   1.728796e+00   9.994287e-02   8.362876e-10   3.102438e-03   1.744525e+00   1.734404e+00   8.994858e-01   7.397062e-09   3.040579e-03
   167   1.641833e+00   1.627166e+00   9.990463e-01   2.947233e-08   3.837905e-03  -9.478501e-03   1.760022e+00   1.749703e+00   9.994845e-02   6.542667e-10   2.965905e-03   1.764991e+00   1.754878e+00   8.995361e-01   5.799077e-09   2.912663e-03
   168   1.671680e+00   1.657013e+00   9.991781e-01   2.060262e-08   3.595016e-03  -8.405280e-03   1.780862e+00   1.770567e+00   9.995349e-02   5.123244e-10   2.837340e-03   1.785423e+00   1.775327e+00   8.995814e-01   4.550641e-09   2.792028e-03
   169   1.701528e+00   1.686860e+00   9.992928e-01   1.441617e-08   3.369217e-03  -7.343284e-03   1.801636e+00   1.791373e+00   9.995804e-02   4.016307e-10   2.716614e-03   1.805803e+00   1.795733e+00   8.996223e-01   3.575316e-09   2.678660e-03
   170   1.731375e+00   1.716708e+00   9.993906e-01   1.009755e-08   3.159737e-03  -6.391252e-03   1.822327e+00   1.812105e+00   9.996214e-02   3.152964e-10   2.603640e-03   1.826109e+00   1.816075e+00   8.996593e-01   2.813311e-09   2.572581e-03
   171   1.761222e+00   1.746555e+00   9.994756e-01   7.081099e-09   2.966118e-03  -5.351663e-03   1.842912e+00   1.832742e+00   9.996584e-02   2.479478e-10   2.498374e-03   1.846314e+00   1.836329e+00   8.996926e-01   2.217875e-09   2.473849e-03
   172   1.791069e+00   1.776402e+00   9.995485e-01   4.971701e-09   2.787575e-03  -4.391458e-03   1.863367e+00   1.853260e+00   9.996918e-02   1.953941e-10   2.400816e-03   1.866390e+00   1.856468e+00   8.997226e-01   1.752468e-09   2.382558e-03
   173   1.820917e+00   1.806249e+00   9.996117e-01   3.496222e-09   2.624420e-03  -3.231924e-03   1.883660e+00   1.873632e+00   9.997219e-02   1.543681e-10   2.311006e-03   1.886302e+00   1.876460e+00   8.997498e-01   1.388540e-09   2.298839e-03
   174   1.850764e+00   1.836097e+00   9.996664e-01   2.462409e-09   2.475657e-03  -2.094230e-03   1.903758e+00   1.893826e+00   9.997491e-02   1.223229e-10   2.229026e-03   1.906012e+00   1.896268e+00   8.997742e-01   1.103793e-09   2.222854e-03
   175   1.880611e+00   1.865944e+00   9.997137e-01   1.738128e-09   2.342696e-03  -6.143462e-04   1.923622e+00   1.913804e+00   9.997737e-02   9.727357e-11   2.154999e-03   1.925477e+00   1.915853e+00   8.997963e-01   8.808185e-10   2.154800e-03
   176   1.910458e+00   1.895791e+00   9.997550e-01   1.229512e-09   2.224361e-03   9.809024e-04   1.943208e+00   1.933525e+00   9.997958e-02   7.767242e-11   2.089115e-03   1.944650e+00   1.935169e+00   8.998162e-01   7.060294e-10   2.094903e-03
   177   1.940306e+00   1.925638e+00   9.997910e-01   8.724384e-10   2.123368e-03   3.072674e-03   1.962472e+00   1.952947e+00   9.998158e-02   6.230495e-11   2.031902e-03   1.963482e+00   1.954168e+00   8.998342e-01   5.688033e-10   2.043486e-03
   178   1.970153e+00   1.955485e+00   9.998224e-01   6.209244e-10   2.039066e-03   5.249156e-03   1.981386e+00   1.972032e+00   9.998338e-02   5.018132e-11   1.985839e-03   1.981927e+00   1.972803e+00   8.998504e-01   4.606599e-10   2.001769e-03
   179   2.000000e+00   1.985333e+00   9.998500e-01   4.422570e-10   1.983107e-03   6.217694e-03   2.000000e+00   1.990793e+00   9.998500e-02   4.041519e-11   1.960344e-03   2.000000e+00   1.991058e+00   8.998650e-01   3.739372e-10   1.977044e-03
