     i          log_r       log_rmid          m_tot        rho_tot         v2_tot            eta     lgr[heavy]    lgrm[heavy]       m[heavy]     rho[heavy]      v2[heavy]     lgr[light]    lgrm[light]       m[light]     rho[light]      v2[light]
     0  -2.934152e+00  -3.235182e+00   1.240749e-07   2.359853e+02   1.383378e-01            nan  -2.934152e+00  -3.235182e+00   9.998500e-08   1.903326e+02   1.163665e-01  -2.408738e+00  -2.709768e+00   8.998650e-07   4.544774e+01   2.299167e-01
     1  -2.906587e+00  -2.920151e+00   1.500755e-07   2.357695e+02   1.382960e-01            nan  -2.911798e+00  -2.922832e+00   1.166721e-07   1.902411e+02   1.163664e-01  -2.386338e+00  -2.397394e+00   1.050049e-06   4.532637e+01   2.299032e-01
     2  -2.879022e+00  -2.892586e+00   1.815252e-07   2.357462e+02   1.382927e-01            nan  -2.889445e+00  -2.900478e+00   1.361439e-07   1.902311e+02   1.163664e-01  -2.363941e+00  -2.374995e+00   1.225295e-06   4.531321e+01   2.299018e-01
     3  -2.851457e+00  -2.865021e+00   2.195657e-07   2.357212e+02   1.382896e-01            nan  -2.867092e+00  -2.878125e+00   1.588651e-07   1.902201e+02   1.163664e-01  -2.341545e+00  -2.352599e+00   1.429786e-06   4.529863e+01   2.299001e-01
     4  -2.823892e+00  -2.837456e+00   2.655778e-07   2.356943e+02   1.382867e-01            nan  -2.844740e+00  -2.855772e+00   1.853780e-07   1.902079e+02   1.163664e-01  -2.319150e+00  -2.330203e+00   1.668402e-06   4.528247e+01   2.298983e-01
     5  -2.796327e+00  -2.809891e+00   3.212314e-07   2.356653e+02   1.382840e-01            nan  -2.822387e+00  -2.833420e+00   2.163150e-07   1.901944e+02   1.163664e-01  -2.296754e+00  -2.307807e+00   1.946835e-06   4.526458e+01   2.298963e-01
     6  -2.768762e+00  -2.782326e+00   3.885461e-07   2.356336e+02   1.382815e-01            nan  -2.800035e+00  -2.811067e+00   2.524142e-07   1.901794e+02   1.163663e-01  -2.274357e+00  -2.285411e+00   2.271728e-06   4.524476e+01   2.298941e-01
     7  -2.741197e+00  -2.754761e+00   4.699646e-07   2.355991e+02   1.382793e-01            nan  -2.777683e+00  -2.788715e+00   2.945370e-07   1.901629e+02   1.163663e-01  -2.251958e+00  -2.263013e+00   2.650833e-06   4.522280e+01   2.298917e-01
     8  -2.713632e+00  -2.727195e+00   5.684404e-07   2.355616e+02   1.382774e-01            nan  -2.755330e+00  -2.766363e+00   3.436881e-07   1.901445e+02   1.163663e-01  -2.229557e+00  -2.240613e+00   3.093193e-06   4.519849e+01   2.298889e-01
     9  -2.686067e+00  -2.699630e+00   6.875451e-07   2.355207e+02   1.382757e-01            nan  -2.732978e+00  -2.744010e+00   4.010398e-07   1.901241e+02   1.163663e-01  -2.207152e+00  -2.218210e+00   3.609358e-06   4.517156e+01   2.298859e-01
    10  -2.658501e+00  -2.672065e+00   8.315971e-07   2.354751e+02   1.382745e-01            nan  -2.710625e+00  -2.721658e+00   4.679601e-07   1.901015e+02   1.163662e-01  -2.184743e+00  -2.195803e+00   4.211641e-06   4.514173e+01   2.298826e-01
    11  -2.630936e+00  -2.644500e+00   1.005819e-06   2.354250e+02   1.382738e-01            nan  -2.688272e+00  -2.699305e+00   5.460446e-07   1.900765e+02   1.163662e-01  -2.162330e+00  -2.173392e+00   4.914402e-06   4.510871e+01   2.298789e-01
    12  -2.603371e+00  -2.616935e+00   1.216526e-06   2.353698e+02   1.382735e-01            nan  -2.665919e+00  -2.676952e+00   6.371554e-07   1.900488e+02   1.163662e-01  -2.139911e+00  -2.150976e+00   5.734398e-06   4.507215e+01   2.298748e-01
    13  -2.575806e+00  -2.589370e+00   1.471351e-06   2.353088e+02   1.382737e-01            nan  -2.643565e+00  -2.654598e+00   7.434644e-07   1.900180e+02   1.163661e-01  -2.117486e+00  -2.128554e+00   6.691180e-06   4.503167e+01   2.298702e-01
    14  -2.548241e+00  -2.561805e+00   1.779519e-06   2.352406e+02   1.382746e-01            nan  -2.621210e+00  -2.632244e+00   8.675058e-07   1.899840e+02   1.163661e-01  -2.095053e+00  -2.106124e+00   7.807552e-06   4.498687e+01   2.298651e-01
    15  -2.520676e+00  -2.534240e+00   2.152188e-06   2.351645e+02   1.382762e-01            nan  -2.598855e+00  -2.609889e+00   1.012236e-06   1.899463e+02   1.163661e-01  -2.072612e+00  -2.083687e+00   9.110122e-06   4.493728e+01   2.298595e-01
    16  -2.493111e+00  -2.506675e+00   2.602844e-06   2.350799e+02   1.382786e-01            nan  -2.576499e+00  -2.587533e+00   1.181103e-06   1.899045e+02   1.163660e-01  -2.050162e+00  -2.061242e+00   1.062993e-05   4.488240e+01   2.298533e-01
    17  -2.465546e+00  -2.479110e+00   3.147784e-06   2.349858e+02   1.382819e-01            nan  -2.554142e+00  -2.565177e+00   1.378130e-06   1.898582e+02   1.163659e-01  -2.027701e+00  -2.038786e+00   1.240317e-05   4.482168e+01   2.298464e-01
    18  -2.437981e+00  -2.451545e+00   3.806689e-06   2.348803e+02   1.382863e-01            nan  -2.531784e+00  -2.542819e+00   1.608010e-06   1.898068e+02   1.163659e-01  -2.005229e+00  -2.016319e+00   1.447209e-05   4.475452e+01   2.298387e-01
    19  -2.410416e+00  -2.423979e+00   4.603360e-06   2.347611e+02   1.382919e-01            nan  -2.509425e+00  -2.520461e+00   1.876216e-06   1.897500e+02   1.163658e-01  -1.982743e+00  -1.993840e+00   1.688595e-05   4.468023e+01   2.298302e-01
    20  -2.382850e+00  -2.396414e+00   5.566549e-06   2.346277e+02   1.382987e-01   4.911830e-01  -2.487065e+00  -2.498101e+00   2.189133e-06   1.896870e+02   1.163657e-01  -1.960243e+00  -1.971347e+00   1.970220e-05   4.459810e+01   2.298208e-01
    21  -2.355285e+00  -2.368849e+00   6.731006e-06   2.344728e+02   1.383047e-01   4.911782e-01  -2.464703e+00  -2.475740e+00   2.554206e-06   1.896172e+02   1.163657e-01  -1.937727e+00  -1.948839e+00   2.298786e-05   4.450730e+01   2.298103e-01
    22  -2.327720e+00  -2.341284e+00   8.138634e-06   2.342979e+02   1.383114e-01   4.911729e-01  -2.442340e+00  -2.453377e+00   2.980121e-06   1.895399e+02   1.163656e-01  -1.915193e+00  -1.926314e+00   2.682109e-05   4.440695e+01   2.297987e-01
    23  -2.300155e+00  -2.313719e+00   9.840037e-06   2.340971e+02   1.383193e-01   4.911669e-01  -2.419974e+00  -2.431013e+00   3.477003e-06   1.894542e+02   1.163654e-01  -1.892639e+00  -1.903770e+00   3.129303e-05   4.429610e+01   2.297858e-01
    24  -2.272590e+00  -2.286154e+00   1.189634e-05   2.338705e+02   1.383283e-01   4.911601e-01  -2.397607e+00  -2.408647e+00   4.056664e-06   1.893594e+02   1.163653e-01  -1.870063e+00  -1.881204e+00   3.650997e-05   4.417367e+01   2.297715e-01
    25  -2.245025e+00  -2.258589e+00   1.438125e-05   2.336144e+02   1.383382e-01   4.911522e-01  -2.375238e+00  -2.386278e+00   4.732872e-06   1.892543e+02   1.163652e-01  -1.847462e+00  -1.858616e+00   4.259585e-05   4.403851e+01   2.297556e-01
    26  -2.217460e+00  -2.231024e+00   1.738365e-05   2.333254e+02   1.383494e-01   4.911433e-01  -2.352866e+00  -2.363908e+00   5.521683e-06   1.891379e+02   1.163651e-01  -1.824834e+00  -1.836001e+00   4.969515e-05   4.388937e+01   2.297379e-01
    27  -2.189895e+00  -2.203459e+00   2.101053e-05   2.329953e+02   1.383624e-01   4.911333e-01  -2.330491e+00  -2.341535e+00   6.441814e-06   1.890090e+02   1.163649e-01  -1.802176e+00  -1.813358e+00   5.797633e-05   4.372486e+01   2.297183e-01
    28  -2.162330e+00  -2.175894e+00   2.539118e-05   2.326214e+02   1.383773e-01   4.911220e-01  -2.308114e+00  -2.319158e+00   7.515084e-06   1.888663e+02   1.163647e-01  -1.779485e+00  -1.790683e+00   6.763576e-05   4.354352e+01   2.296965e-01
    29  -2.134765e+00  -2.148328e+00   3.068113e-05   2.321995e+02   1.383939e-01   4.911090e-01  -2.285733e+00  -2.296779e+00   8.766923e-06   1.887082e+02   1.163645e-01  -1.756757e+00  -1.767972e+00   7.890231e-05   4.334373e+01   2.296723e-01
    30  -2.107199e+00  -2.120763e+00   3.706772e-05   2.317236e+02   1.384125e-01   4.910942e-01  -2.263348e+00  -2.274396e+00   1.022697e-05   1.885332e+02   1.163643e-01  -1.733988e+00  -1.745223e+00   9.204273e-05   4.312375e+01   2.296453e-01
    31  -2.079634e+00  -2.093198e+00   4.477528e-05   2.311842e+02   1.384338e-01   4.910775e-01  -2.240959e+00  -2.252009e+00   1.192976e-05   1.883394e+02   1.163641e-01  -1.711173e+00  -1.722431e+00   1.073678e-04   4.288171e+01   2.296153e-01
    32  -2.052069e+00  -2.065633e+00   5.407489e-05   2.305706e+02   1.384584e-01   4.910587e-01  -2.218566e+00  -2.229618e+00   1.391553e-05   1.881250e+02   1.163638e-01  -1.688309e+00  -1.699591e+00   1.252398e-04   4.261562e+01   2.295820e-01
    33  -2.024504e+00  -2.038068e+00   6.529168e-05   2.298797e+02   1.384862e-01   4.910373e-01  -2.196167e+00  -2.207222e+00   1.623115e-05   1.878876e+02   1.163635e-01  -1.665389e+00  -1.676698e+00   1.460803e-04   4.232334e+01   2.295449e-01
    34  -1.996939e+00  -2.010503e+00   7.881578e-05   2.291016e+02   1.385171e-01   4.910127e-01  -2.173763e+00  -2.184821e+00   1.893121e-05   1.876249e+02   1.163632e-01  -1.642409e+00  -1.653747e+00   1.703808e-04   4.200259e+01   2.295036e-01
    35  -1.969374e+00  -1.982938e+00   9.511311e-05   2.282273e+02   1.385518e-01   4.909849e-01  -2.151353e+00  -2.162413e+00   2.207926e-05   1.873342e+02   1.163628e-01  -1.619360e+00  -1.630732e+00   1.987134e-04   4.165097e+01   2.294575e-01
    36  -1.941809e+00  -1.955373e+00   1.147416e-04   2.272293e+02   1.385926e-01   4.909536e-01  -2.128935e+00  -2.139999e+00   2.574932e-05   1.870127e+02   1.163624e-01  -1.596237e+00  -1.607645e+00   2.317439e-04   4.126596e+01   2.294062e-01
    37  -1.914244e+00  -1.927808e+00   1.383713e-04   2.261090e+02   1.386388e-01   4.909182e-01  -2.106510e+00  -2.117578e+00   3.002750e-05   1.866570e+02   1.163619e-01  -1.573032e+00  -1.584480e+00   2.702475e-04   4.084493e+01   2.293490e-01
    38  -1.886679e+00  -1.900243e+00   1.667995e-04   2.248513e+02   1.386901e-01   4.908775e-01  -2.084077e+00  -2.095149e+00   3.501400e-05   1.862638e+02   1.163614e-01  -1.549736e+00  -1.561228e+00   3.151260e-04   4.038517e+01   2.292852e-01
    39  -1.859114e+00  -1.872677e+00   2.009781e-04   2.234425e+02   1.387477e-01   4.908313e-01  -2.061634e+00  -2.072710e+00   4.082538e-05   1.858291e+02   1.163609e-01  -1.526340e+00  -1.537880e+00   3.674284e-04   3.988388e+01   2.292140e-01
    40  -1.831549e+00  -1.845112e+00   2.420202e-04   2.218544e+02   1.388139e-01   4.907791e-01  -2.039180e+00  -2.050262e+00   4.759714e-05   1.853486e+02   1.163603e-01  -1.502833e+00  -1.514427e+00   4.283742e-04   3.933825e+01   2.291344e-01
    41  -1.803983e+00  -1.817547e+00   2.912748e-04   2.200662e+02   1.388900e-01   4.907202e-01  -2.016715e+00  -2.027803e+00   5.548679e-05   1.848178e+02   1.163596e-01  -1.479204e+00  -1.490858e+00   4.993811e-04   3.874548e+01   2.290454e-01
    42  -1.776418e+00  -1.789982e+00   3.503246e-04   2.180715e+02   1.389757e-01   4.906536e-01  -1.994237e+00  -2.005331e+00   6.467734e-05   1.842315e+02   1.163588e-01  -1.455442e+00  -1.467160e+00   5.820960e-04   3.810283e+01   2.289459e-01
    43  -1.748853e+00  -1.762417e+00   4.210389e-04   2.158475e+02   1.390706e-01   4.905767e-01  -1.971745e+00  -1.982846e+00   7.538125e-05   1.835843e+02   1.163580e-01  -1.431532e+00  -1.443322e+00   6.784313e-04   3.740768e+01   2.288344e-01
    44  -1.721288e+00  -1.734852e+00   5.055999e-04   2.133772e+02   1.391775e-01   4.904898e-01  -1.949238e+00  -1.960346e+00   8.784517e-05   1.828700e+02   1.163570e-01  -1.407460e+00  -1.419329e+00   7.906065e-04   3.665759e+01   2.287095e-01
    45  -1.693723e+00  -1.707287e+00   6.065407e-04   2.106039e+02   1.393016e-01   4.903920e-01  -1.926712e+00  -1.937829e+00   1.023551e-04   1.820821e+02   1.163560e-01  -1.383211e+00  -1.395166e+00   9.211963e-04   3.585044e+01   2.285693e-01
    46  -1.666158e+00  -1.679722e+00   7.268895e-04   2.075292e+02   1.394423e-01   4.902815e-01  -1.904168e+00  -1.915294e+00   1.192428e-04   1.812135e+02   1.163548e-01  -1.358767e+00  -1.370817e+00   1.073185e-03   3.498446e+01   2.284120e-01
    47  -1.638593e+00  -1.652157e+00   8.701137e-04   2.041361e+02   1.395997e-01   4.901558e-01  -1.881602e+00  -1.892738e+00   1.388921e-04   1.802565e+02   1.163536e-01  -1.334110e+00  -1.346264e+00   1.250029e-03   3.405836e+01   2.282352e-01
    48  -1.611028e+00  -1.624592e+00   1.040240e-03   2.004013e+02   1.397746e-01   4.900117e-01  -1.859012e+00  -1.870160e+00   1.617478e-04   1.792027e+02   1.163521e-01  -1.309220e+00  -1.321487e+00   1.455730e-03   3.307149e+01   2.280362e-01
    49  -1.583463e+00  -1.597027e+00   1.241822e-03   1.963095e+02   1.399711e-01   4.898489e-01  -1.836396e+00  -1.847556e+00   1.883238e-04   1.780431e+02   1.163505e-01  -1.284076e+00  -1.296466e+00   1.694914e-03   3.202387e+01   2.278122e-01
    50  -1.555898e+00  -1.569461e+00   1.479961e-03   1.917933e+02   1.401978e-01   4.896655e-01  -1.813750e+00  -1.824925e+00   2.192140e-04   1.767682e+02   1.163488e-01  -1.258654e+00  -1.271179e+00   1.972926e-03   3.091641e+01   2.275596e-01
    51  -1.528332e+00  -1.541896e+00   1.760719e-03   1.868724e+02   1.404537e-01   4.894587e-01  -1.791073e+00  -1.802264e+00   2.551039e-04   1.753676e+02   1.163468e-01  -1.232932e+00  -1.245603e+00   2.295935e-03   2.975097e+01   2.272746e-01
    52  -1.500767e+00  -1.514331e+00   2.090737e-03   1.815476e+02   1.407408e-01   4.892250e-01  -1.768359e+00  -1.779568e+00   2.967831e-04   1.738305e+02   1.163446e-01  -1.206884e+00  -1.219713e+00   2.671048e-03   2.853047e+01   2.269527e-01
    53  -1.473202e+00  -1.486766e+00   2.477417e-03   1.758054e+02   1.410574e-01   4.889562e-01  -1.745606e+00  -1.756834e+00   3.451610e-04   1.721452e+02   1.163422e-01  -1.180484e+00  -1.193483e+00   3.106449e-03   2.725901e+01   2.265888e-01
    54  -1.445637e+00  -1.459201e+00   2.928966e-03   1.696569e+02   1.414114e-01   4.886526e-01  -1.722810e+00  -1.734058e+00   4.012824e-04   1.702998e+02   1.163395e-01  -1.153703e+00  -1.166887e+00   3.611542e-03   2.594190e+01   2.261770e-01
    55  -1.418072e+00  -1.431636e+00   3.453933e-03   1.631121e+02   1.418068e-01   4.883099e-01  -1.699964e+00  -1.711237e+00   4.663463e-04   1.682815e+02   1.163365e-01  -1.126515e+00  -1.139897e+00   4.197117e-03   2.458572e+01   2.257107e-01
    56  -1.390507e+00  -1.404071e+00   4.061438e-03   1.561293e+02   1.422576e-01   4.879246e-01  -1.677065e+00  -1.688364e+00   5.417261e-04   1.660773e+02   1.163331e-01  -1.098892e+00  -1.112484e+00   4.875535e-03   2.319823e+01   2.251826e-01
    57  -1.362942e+00  -1.376506e+00   4.762007e-03   1.487924e+02   1.427606e-01   4.874906e-01  -1.654106e+00  -1.665434e+00   6.289911e-04   1.636738e+02   1.163293e-01  -1.070805e+00  -1.084621e+00   5.660920e-03   2.178834e+01   2.245843e-01
    58  -1.335377e+00  -1.348941e+00   5.566174e-03   1.411479e+02   1.433192e-01   4.870016e-01  -1.631082e+00  -1.642441e+00   7.299314e-04   1.610576e+02   1.163251e-01  -1.042227e+00  -1.056281e+00   6.569382e-03   2.036594e+01   2.239063e-01
    59  -1.307812e+00  -1.321376e+00   6.484610e-03   1.332456e+02   1.439380e-01   4.864509e-01  -1.607984e+00  -1.619379e+00   8.465830e-04   1.582151e+02   1.163205e-01  -1.013133e+00  -1.027436e+00   7.619247e-03   1.894171e+01   2.231384e-01
    60  -1.280247e+00  -1.293810e+00   7.528156e-03   1.251375e+02   1.446157e-01   4.858235e-01  -1.584806e+00  -1.596240e+00   9.812558e-04   1.551334e+02   1.163152e-01  -9.834985e-01  -9.980629e-01   8.831303e-03   1.752681e+01   2.222693e-01
    61  -1.252681e+00  -1.266245e+00   8.707657e-03   1.169007e+02   1.453626e-01   4.851185e-01  -1.561538e+00  -1.573016e+00   1.136562e-03   1.517998e+02   1.163093e-01  -9.533041e-01  -9.681390e-01   1.022906e-02   1.613261e+01   2.212866e-01
    62  -1.225116e+00  -1.238680e+00   1.003348e-02   1.086102e+02   1.461831e-01   4.843274e-01  -1.538172e+00  -1.549698e+00   1.315444e-03   1.482032e+02   1.163028e-01  -9.225329e-01  -9.376460e-01   1.183900e-02   1.477028e+01   2.201773e-01
    63  -1.197551e+00  -1.211115e+00   1.151538e-02   1.003457e+02   1.470812e-01   4.834409e-01  -1.514697e+00  -1.526276e+00   1.521208e-03   1.443334e+02   1.162954e-01  -8.911734e-01  -9.065701e-01   1.369088e-02   1.345046e+01   2.189277e-01
    64  -1.169986e+00  -1.183550e+00   1.316231e-02   9.218822e+01   1.480600e-01   4.824493e-01  -1.491100e+00  -1.502738e+00   1.757548e-03   1.401824e+02   1.162871e-01  -8.592197e-01  -8.749027e-01   1.581793e-02   1.218290e+01   2.175237e-01
    65  -1.142421e+00  -1.155985e+00   1.498223e-02   8.421770e+01   1.491219e-01   4.813422e-01  -1.467371e+00  -1.479074e+00   2.028572e-03   1.357448e+02   1.162778e-01  -8.266726e-01  -8.426413e-01   1.825715e-02   1.097609e+01   2.159511e-01
    66  -1.114856e+00  -1.128420e+00   1.698208e-02   7.650934e+01   1.502676e-01   4.801089e-01  -1.443494e+00  -1.455268e+00   2.338830e-03   1.310183e+02   1.162673e-01  -7.935400e-01  -8.097904e-01   2.104947e-02   9.837052e+00   2.141963e-01
    67  -1.087291e+00  -1.100855e+00   1.916772e-02   6.913090e+01   1.514963e-01   4.787382e-01  -1.419454e+00  -1.431308e+00   2.693323e-03   1.260043e+02   1.162554e-01  -7.598373e-01  -7.763618e-01   2.423991e-02   8.771144e+00   2.122462e-01
    68  -1.059726e+00  -1.073290e+00   2.154411e-02   6.214011e+01   1.528052e-01   4.772192e-01  -1.395235e+00  -1.407176e+00   3.097518e-03   1.207087e+02   1.162421e-01  -7.255885e-01  -7.423754e-01   2.787766e-02   7.782129e+00   2.100923e-01
    69  -1.032161e+00  -1.045725e+00   2.411546e-02   5.558269e+01   1.541891e-01   4.755407e-01  -1.370817e+00  -1.382854e+00   3.557342e-03   1.151428e+02   1.162269e-01  -6.908249e-01  -7.078590e-01   3.201608e-02   6.871811e+00   2.077260e-01
    70  -1.004596e+00  -1.018159e+00   2.688558e-02   4.949124e+01   1.556402e-01   4.736921e-01  -1.346181e+00  -1.358324e+00   4.079169e-03   1.093232e+02   1.162098e-01  -6.555850e-01  -6.728476e-01   3.671252e-02   6.040334e+00   2.051408e-01
    71  -9.770305e-01  -9.905944e-01   2.985818e-02   4.388492e+01   1.571478e-01   4.716632e-01  -1.321304e+00  -1.333565e+00   4.669785e-03   1.032734e+02   1.161903e-01  -6.199133e-01  -6.373830e-01   4.202806e-02   5.286365e+00   2.023329e-01
    72  -9.494654e-01  -9.630293e-01   3.303734e-02   3.876995e+01   1.586984e-01   4.694444e-01  -1.296162e+00  -1.308551e+00   5.336336e-03   9.702318e+01   1.161681e-01  -5.838596e-01  -6.015124e-01   4.802703e-02   4.607325e+00   1.993013e-01
    73  -9.219003e-01  -9.354642e-01   3.642781e-02   3.414082e+01   1.602760e-01   4.670270e-01  -1.270729e+00  -1.283260e+00   6.086254e-03   9.060945e+01   1.161427e-01  -5.474779e-01  -5.652879e-01   5.477629e-02   3.999648e+00   1.960476e-01
    74  -8.943352e-01  -9.078991e-01   4.003052e-02   2.998002e+01   1.618556e-01   4.643838e-01  -1.244975e+00  -1.257661e+00   6.927149e-03   8.407594e+01   1.161137e-01  -5.108250e-01  -5.287649e-01   6.234434e-02   3.459036e+00   1.925756e-01
    75  -8.667701e-01  -8.803340e-01   4.383745e-02   2.626217e+01   1.634108e-01   4.614814e-01  -1.218870e+00  -1.231727e+00   7.866679e-03   7.747287e+01   1.160804e-01  -4.739595e-01  -4.920012e-01   7.080011e-02   2.980715e+00   1.888918e-01
    76  -8.392050e-01  -8.527689e-01   4.785285e-02   2.294846e+01   1.649575e-01   4.583816e-01  -1.192380e+00  -1.205423e+00   8.912390e-03   7.085620e+01   1.160421e-01  -4.369404e-01  -4.550556e-01   8.021151e-02   2.559650e+00   1.850049e-01
    77  -8.116399e-01  -8.252038e-01   5.210107e-02   2.002626e+01   1.664417e-01   4.550504e-01  -1.165468e+00  -1.178716e+00   1.007152e-02   6.428645e+01   1.159978e-01  -3.998273e-01  -4.179875e-01   9.064369e-02   2.190758e+00   1.809326e-01
    78  -7.840748e-01  -7.976387e-01   5.659427e-02   1.746019e+01   1.678389e-01   4.514822e-01  -1.138096e+00  -1.151566e+00   1.135078e-02   5.782714e+01   1.159467e-01  -3.626786e-01  -3.808559e-01   1.021570e-01   1.869005e+00   1.766853e-01
    79  -7.565097e-01  -7.700736e-01   6.134654e-02   1.521458e+01   1.691260e-01   4.476728e-01  -1.110222e+00  -1.123935e+00   1.275612e-02   5.154287e+01   1.158873e-01  -3.255515e-01  -3.437184e-01   1.148050e-01   1.589538e+00   1.722739e-01
    80  -7.289446e-01  -7.425085e-01   6.630893e-02   1.325070e+01   1.702947e-01   4.436615e-01  -1.081802e+00  -1.095779e+00   1.429243e-02   4.549707e+01   1.158182e-01  -2.885014e-01  -3.066315e-01   1.286319e-01   1.347761e+00   1.677102e-01
    81  -7.013795e-01  -7.149434e-01   7.154167e-02   1.153390e+01   1.712853e-01   4.393284e-01  -1.052791e+00  -1.067054e+00   1.596333e-02   3.974952e+01   1.157375e-01  -2.515819e-01  -2.696495e-01   1.436700e-01   1.139384e+00   1.630064e-01
    82  -6.738144e-01  -6.873783e-01   7.707744e-02   1.004288e+01   1.720954e-01   4.347424e-01  -1.023140e+00  -1.037713e+00   1.777087e-02   3.435389e+01   1.156430e-01  -2.148437e-01  -2.328244e-01   1.599378e-01   9.604383e-01   1.581862e-01
    83  -6.462493e-01  -6.598132e-01   8.291007e-02   8.748774e+00   1.727101e-01   4.298951e-01  -9.928014e-01  -1.007706e+00   1.971527e-02   2.935543e+01   1.155322e-01  -1.783362e-01  -1.962064e-01   1.774374e-01   8.073274e-01   1.532613e-01
    84  -6.186842e-01  -6.322481e-01   8.904123e-02   7.622537e+00   1.731363e-01   4.249218e-01  -9.617245e-01  -9.769850e-01   2.179475e-02   2.478890e+01   1.154017e-01  -1.421066e-01  -1.598437e-01   1.961527e-01   6.767844e-01   1.482441e-01
    85  -5.911191e-01  -6.046830e-01   9.551350e-02   6.644819e+00   1.733230e-01   4.196355e-01  -9.298602e-01  -9.455002e-01   2.400535e-02   2.067715e+01   1.152480e-01  -1.061999e-01  -1.237823e-01   2.160481e-01   5.658591e-01   1.431509e-01
    86  -5.635540e-01  -5.771179e-01   1.023488e-01   5.795214e+00   1.732465e-01   4.139405e-01  -8.971605e-01  -9.132027e-01   2.634082e-02   1.703030e+01   1.150665e-01  -7.065816e-02  -8.806557e-02   2.370673e-01   4.719095e-01   1.380059e-01
    87  -5.359889e-01  -5.495528e-01   1.095401e-01   5.056207e+00   1.729471e-01   4.081036e-01  -8.635797e-01  -8.800456e-01   2.879262e-02   1.384574e+01   1.148522e-01  -3.552147e-02  -5.273457e-02   2.591336e-01   3.926045e-01   1.328220e-01
    88  -5.084238e-01  -5.219877e-01   1.171794e-01   4.414272e+00   1.724113e-01   4.020067e-01  -8.290763e-01  -8.459854e-01   3.134998e-02   1.110890e+01   1.145989e-01  -8.272244e-04  -1.782799e-02   2.821498e-01   3.258712e-01   1.276176e-01
    89  -4.808587e-01  -4.944226e-01   1.252173e-01   3.855808e+00   1.716226e-01   3.955308e-01  -7.936139e-01  -8.109832e-01   3.400006e-02   8.794768e+00   1.142999e-01   3.339097e-02   1.661879e-02   3.060005e-01   2.698809e-01   1.224185e-01
    90  -4.532936e-01  -4.668575e-01   1.336943e-01   3.367367e+00   1.705669e-01   3.887356e-01  -7.571627e-01  -7.750060e-01   3.672816e-02   6.869934e+00   1.139476e-01   6.710174e-02   5.057336e-02   3.305535e-01   2.230485e-01   1.172387e-01
    91  -4.257285e-01  -4.392924e-01   1.427063e-01   2.942079e+00   1.692819e-01   3.815882e-01  -7.197019e-01  -7.380286e-01   3.951809e-02   5.295243e+00   1.135338e-01   1.002784e-01   8.400680e-02   3.556628e-01   1.839783e-01   1.121041e-01
    92  -3.981635e-01  -4.117273e-01   1.522059e-01   2.571076e+00   1.677797e-01   3.741417e-01  -6.812193e-01  -7.000345e-01   4.235249e-02   4.027945e+00   1.130500e-01   1.328975e-01   1.168941e-01   3.811724e-01   1.514721e-01   1.070332e-01
    93  -3.705984e-01  -3.841622e-01   1.622310e-01   2.246393e+00   1.660503e-01   3.663246e-01  -6.417112e-01  -6.610161e-01   4.521329e-02   3.024367e+00   1.124877e-01   1.649398e-01   1.492141e-01   4.069196e-01   1.244942e-01   1.020452e-01
    94  -3.430333e-01  -3.565971e-01   1.728375e-01   1.961903e+00   1.640718e-01   3.578795e-01  -6.011818e-01  -6.209738e-01   4.808216e-02   2.242060e+00   1.118387e-01   1.963904e-01   1.809498e-01   4.327394e-01   1.021551e-01   9.716113e-02
    95  -3.154682e-01  -3.290320e-01   1.840326e-01   1.712838e+00   1.619061e-01   3.490884e-01  -5.596409e-01  -5.799148e-01   5.094094e-02   1.641476e+00   1.110960e-01   2.272380e-01   2.120880e-01   4.584685e-01   8.369948e-02   9.239506e-02
    96  -2.879031e-01  -3.014669e-01   1.959197e-01   1.494931e+00   1.595562e-01   3.397869e-01  -5.171005e-01  -5.378500e-01   5.377208e-02   1.187123e+00   1.102546e-01   2.574763e-01   2.426203e-01   4.839488e-01   6.848101e-02   8.776602e-02
    97  -2.603380e-01  -2.739019e-01   2.083409e-01   1.303586e+00   1.570037e-01   3.298402e-01  -4.735706e-01  -4.947904e-01   5.655903e-02   8.481944e-01   1.093118e-01   2.871021e-01   2.725418e-01   5.090312e-01   5.595770e-02   8.328344e-02
    98  -2.327729e-01  -2.463368e-01   2.214891e-01   1.135387e+00   1.542564e-01   3.191577e-01  -4.290533e-01  -4.507418e-01   5.928652e-02   5.987511e-01   1.082684e-01   3.161169e-01   3.018518e-01   5.335787e-01   4.566833e-02   7.896208e-02
    99  -2.052078e-01  -2.187717e-01   2.353346e-01   9.880699e-01   1.513571e-01   3.078606e-01  -3.835427e-01  -4.057022e-01   6.194091e-02   4.175838e-01   1.071290e-01   3.445250e-01   3.305532e-01   5.574682e-01   3.722975e-02   7.480683e-02
   100  -1.776427e-01  -1.912066e-01   2.499352e-01   8.589324e-01   1.483217e-01   2.958502e-01  -3.370138e-01  -3.596555e-01   6.451030e-02   2.876465e-01   1.059034e-01   3.723349e-01   3.586525e-01   5.805927e-01   3.031802e-02   7.082741e-02
   101  -1.500776e-01  -1.636415e-01   2.651829e-01   7.455550e-01   1.451222e-01   2.829878e-01  -2.894166e-01  -3.125635e-01   6.698469e-02   1.955962e-01   1.046065e-01   3.995570e-01   3.861592e-01   6.028622e-01   2.466577e-02   6.702460e-02
   102  -1.225125e-01  -1.360764e-01   2.811762e-01   6.458774e-01   1.417664e-01   2.690365e-01  -2.406699e-01  -2.643597e-01   6.935597e-02   1.311908e-01   1.032588e-01   4.262055e-01   4.130856e-01   6.242038e-01   2.004849e-02   6.340318e-02
   103  -9.494738e-02  -1.085113e-01   2.979592e-01   5.586898e-01   1.382980e-01   2.543029e-01  -1.906727e-01  -2.149522e-01   7.161799e-02   8.673443e-02   1.018816e-01   4.522960e-01   4.394466e-01   6.445619e-01   1.628171e-02   5.996069e-02
   104  -6.738228e-02  -8.094617e-02   3.155032e-01   4.824365e-01   1.347306e-01   2.386110e-01  -1.392960e-01  -1.642251e-01   7.376638e-02   5.646870e-02   1.005026e-01   4.778469e-01   4.652593e-01   6.638974e-01   1.321161e-02   5.669748e-02
   105  -3.981719e-02  -5.338108e-02   3.337601e-01   4.157937e-01   1.310633e-01   2.220327e-01  -8.639532e-02  -1.120407e-01   7.579851e-02   3.617406e-02   9.914628e-02   5.028777e-01   4.905426e-01   6.821866e-01   1.071211e-02   5.360894e-02
   106  -1.225209e-02  -2.581598e-02   3.526886e-01   3.573168e-01   1.272574e-01   2.041745e-01  -3.185575e-02  -5.826995e-02   7.771330e-02   2.280369e-02   9.781798e-02   5.274099e-01   5.153170e-01   6.994197e-01   8.678842e-03   5.069184e-02
   107   1.531301e-02   1.749119e-03   3.723775e-01   3.063773e-01   1.233806e-01   1.854501e-01   2.437441e-02  -2.831257e-03   7.951106e-02   1.415936e-02   9.649544e-02   5.514656e-01   5.396042e-01   7.155996e-01   7.026343e-03   4.794035e-02
   108   4.287810e-02   2.931422e-02   3.927657e-01   2.620735e-01   1.194394e-01   1.659799e-01   8.217486e-02   5.423551e-02   8.119333e-02   8.690447e-03   9.508195e-02   5.750681e-01   5.634271e-01   7.307399e-01   5.684355e-03   4.534859e-02
   109   7.044320e-02   5.687931e-02   4.138490e-01   2.235911e-01   1.154449e-01   1.456036e-01   1.411458e-01   1.126605e-01   8.276263e-02   5.307288e-03   9.336750e-02   5.982414e-01   5.868093e-01   7.448636e-01   4.595339e-03   4.291022e-02
   110   9.800830e-02   8.444441e-02   4.354972e-01   1.902374e-01   1.114034e-01   1.251404e-01   2.005332e-01   1.718538e-01   8.422234e-02   3.256858e-03   9.103857e-02   6.210096e-01   6.097746e-01   7.580011e-01   3.712297e-03   4.061769e-02
   111   1.255734e-01   1.120095e-01   4.576351e-01   1.612463e-01   1.072955e-01   1.033460e-01   2.592776e-01   2.308979e-01   8.557652e-02   2.031428e-03   8.777269e-02   6.433974e-01   6.323477e-01   7.701887e-01   2.996723e-03   3.846449e-02
   112   1.531385e-01   1.395746e-01   4.802958e-01   1.362449e-01   1.031584e-01   8.266033e-02   3.162530e-01   2.886990e-01   8.682971e-02   1.300223e-03   8.343320e-02   6.654295e-01   6.545531e-01   7.814674e-01   2.417293e-03   3.644275e-02
   113   1.807036e-01   1.671397e-01   5.033947e-01   1.147219e-01   9.901993e-02   6.089497e-02   3.705756e-01   3.442631e-01   8.798682e-02   8.578111e-04   7.819374e-02   6.871302e-01   6.764154e-01   7.918814e-01   1.948418e-03   3.454526e-02
   114   2.082687e-01   1.947048e-01   5.268706e-01   9.626073e-02   9.487776e-02   4.112251e-02   4.217694e-01   3.969264e-01   8.905301e-02   5.829381e-04   7.245036e-02   7.085240e-01   6.979588e-01   8.014771e-01   1.569265e-03   3.276485e-02
   115   2.358338e-01   2.222699e-01   5.506056e-01   8.045801e-02   9.075500e-02   2.080663e-02   4.697342e-01   4.464136e-01   9.003354e-02   4.065221e-04   6.661726e-02   7.296346e-01   7.192075e-01   8.103019e-01   1.262892e-03   3.109407e-02
   116   2.633989e-01   2.498350e-01   5.745288e-01   6.698124e-02   8.665475e-02   2.809816e-03   5.146147e-01   4.927539e-01   9.093373e-02   2.895997e-04   6.099706e-02   7.504854e-01   7.401851e-01   8.184036e-01   1.015502e-03   2.952620e-02
   117   2.909640e-01   2.774001e-01   5.985034e-01   5.552315e-02   8.259490e-02  -1.481651e-02   5.566752e-01   5.361540e-01   9.175884e-02   2.098738e-04   5.575908e-02   7.710993e-01   7.609147e-01   8.258295e-01   8.158914e-04   2.805444e-02
   118   3.185291e-01   3.049652e-01   6.224446e-01   4.581857e-02   7.858490e-02  -3.026495e-02   5.962181e-01   5.768966e-01   9.251402e-02   1.541980e-04   5.097326e-02   7.914983e-01   7.814186e-01   8.326262e-01   6.549602e-04   2.667223e-02
   119   3.460942e-01   3.325303e-01   6.462116e-01   3.763222e-02   7.463794e-02  -4.459484e-02   6.335408e-01   6.152803e-01   9.320429e-02   1.145479e-04   4.665106e-02   8.117037e-01   8.017185e-01   8.388386e-01   5.253151e-04   2.537351e-02
   120   3.736593e-01   3.600954e-01   6.697076e-01   3.075542e-02   7.076666e-02  -5.691704e-02   6.689112e-01   6.515860e-01   9.383445e-02   8.586952e-05   4.276774e-02   8.317360e-01   8.218354e-01   8.445100e-01   4.209613e-04   2.415244e-02
   121   4.012244e-01   3.876605e-01   6.927994e-01   2.500631e-02   6.698233e-02  -6.806738e-02   7.025692e-01   6.860662e-01   9.440910e-02   6.484942e-05   3.928767e-02   8.516148e-01   8.417891e-01   8.496819e-01   3.370380e-04   2.300341e-02
   122   4.287895e-01   4.152256e-01   7.153868e-01   2.022282e-02   6.329612e-02  -7.709851e-02   7.347234e-01   7.189438e-01   9.493262e-02   4.927659e-05   3.617085e-02   8.713585e-01   8.615988e-01   8.543935e-01   2.696043e-04   2.192125e-02
   123   4.563546e-01   4.427907e-01   7.373541e-01   1.626428e-02   5.972005e-02  -8.560178e-02   7.655546e-01   7.504125e-01   9.540910e-02   3.763602e-05   3.337605e-02   8.909849e-01   8.812826e-01   8.586819e-01   2.154688e-04   2.090115e-02
   124   4.839197e-01   4.703558e-01   7.586061e-01   1.300592e-02   5.626004e-02  -9.160215e-02   7.952200e-01   7.806405e-01   9.584241e-02   2.886809e-05   3.086704e-02   9.105106e-01   9.008575e-01   8.625817e-01   1.720493e-04   1.993852e-02
   125   5.114848e-01   4.979209e-01   7.790545e-01   1.033992e-02   5.292859e-02  -9.744224e-02   8.238559e-01   8.097739e-01   9.623618e-02   2.222221e-05   2.860939e-02   9.299512e-01   9.203397e-01   8.661256e-01   1.372571e-04   1.902914e-02
   126   5.390499e-01   5.254860e-01   7.986147e-01   8.171426e-03   4.972909e-02  -1.015019e-01   8.515813e-01   8.379398e-01   9.659376e-02   1.715764e-05   2.657368e-02   9.493213e-01   9.397443e-01   8.693438e-01   1.094038e-04   1.816912e-02
   127   5.666149e-01   5.530511e-01   8.172291e-01   6.418773e-03   4.666871e-02  -1.047661e-01   8.785009e-01   8.652496e-01   9.691827e-02   1.328009e-05   2.473358e-02   9.686345e-01   9.590853e-01   8.722644e-01   8.712655e-05   1.735490e-02
   128   5.941800e-01   5.806162e-01   8.348437e-01   5.011445e-03   4.375210e-02  -1.074562e-01   9.047055e-01   8.918008e-01   9.721261e-02   1.030044e-05   2.306584e-02   9.879034e-01   9.783758e-01   8.749135e-01   6.932577e-05   1.658314e-02
   129   6.217451e-01   6.081813e-01   8.513840e-01   3.888690e-03   4.097965e-02  -1.089738e-01   9.302762e-01   9.176790e-01   9.747945e-02   8.003012e-06   2.155073e-02   1.007140e+00   9.976280e-01   8.773151e-01   5.511521e-05   1.585082e-02
   130   6.493102e-01   6.357464e-01   8.666842e-01   2.997147e-03   3.835172e-02  -1.098113e-01   9.552846e-01   9.429604e-01   9.772124e-02   6.226749e-06   2.017045e-02   1.026354e+00   1.016853e+00   8.794912e-01   4.378119e-05   1.515516e-02
   131   6.768753e-01   6.633115e-01   8.809131e-01   2.295291e-03   3.587035e-02  -1.100783e-01   9.797938e-01   9.677121e-01   9.794025e-02   4.850402e-06   1.890963e-02   1.045556e+00   1.036061e+00   8.814623e-01   3.474961e-05   1.449365e-02
   132   7.044404e-01   6.908765e-01   8.940761e-01   1.747270e-03   3.353500e-02  -1.096922e-01   1.003860e+00   9.919937e-01   9.813854e-02   3.781818e-06   1.775507e-02   1.064755e+00   1.055262e+00   8.832469e-01   2.755921e-05   1.386398e-02
   133   7.320055e-01   7.184416e-01   9.061073e-01   1.322302e-03   3.134228e-02  -1.086439e-01   1.027534e+00   1.015858e+00   9.831802e-02   2.950847e-06   1.669503e-02   1.083960e+00   1.074464e+00   8.848622e-01   2.183966e-05   1.326406e-02
   134   7.595706e-01   7.460067e-01   9.169846e-01   9.940486e-04   2.928802e-02  -1.068883e-01   1.050860e+00   1.039354e+00   9.848042e-02   2.303833e-06   1.571919e-02   1.103177e+00   1.093674e+00   8.863237e-01   1.729400e-05   1.269196e-02
   135   7.871357e-01   7.735718e-01   9.268921e-01   7.431263e-04   2.736835e-02  -1.045995e-01   1.073879e+00   1.062522e+00   9.862732e-02   1.799522e-06   1.481865e-02   1.122413e+00   1.112901e+00   8.876458e-01   1.368433e-05   1.214597e-02
   136   8.147008e-01   8.011369e-01   9.357948e-01   5.526598e-04   2.557717e-02  -1.017942e-01   1.096626e+00   1.085401e+00   9.876016e-02   1.406094e-06   1.398562e-02   1.141674e+00   1.132150e+00   8.888415e-01   1.082028e-05   1.162449e-02
   137   8.422659e-01   8.287020e-01   9.437192e-01   4.086293e-04   2.390948e-02  -9.847749e-02   1.119133e+00   1.108025e+00   9.888027e-02   1.098957e-06   1.321322e-02   1.160966e+00   1.151427e+00   8.899225e-01   8.549638e-06   1.112610e-02
   138   8.698310e-01   8.562671e-01   9.508417e-01   3.007473e-04   2.235713e-02  -9.474084e-02   1.141428e+00   1.130424e+00   9.898885e-02   8.590557e-07   1.249541e-02   1.180294e+00   1.170738e+00   8.908996e-01   6.750869e-06   1.064949e-02
   139   8.973961e-01   8.838322e-01   9.570908e-01   2.203615e-04   2.091347e-02  -9.063104e-02   1.163539e+00   1.152624e+00   9.908698e-02   6.715950e-07   1.182687e-02   1.199662e+00   1.190086e+00   8.917828e-01   5.326994e-06   1.019345e-02
   140   9.249612e-01   9.113973e-01   9.626385e-01   1.607635e-04   1.957189e-02  -8.620362e-02   1.185487e+00   1.174652e+00   9.917565e-02   5.250689e-07   1.120296e-02   1.219074e+00   1.209476e+00   8.925808e-01   4.200715e-06   9.756886e-03
   141   9.525263e-01   9.389624e-01   9.675223e-01   1.168870e-04   1.832382e-02  -8.158364e-02   1.207293e+00   1.196527e+00   9.925576e-02   4.105127e-07   1.061958e-02   1.238532e+00   1.228912e+00   8.933019e-01   3.310475e-06   9.338807e-03
   142   9.800914e-01   9.665275e-01   9.717812e-01   8.468208e-05   1.716401e-02  -7.677654e-02   1.228976e+00   1.218270e+00   9.932813e-02   3.209380e-07   1.007311e-02   1.258040e+00   1.248396e+00   8.939532e-01   2.607301e-06   8.938285e-03
   143   1.007657e+00   9.940926e-01   9.755408e-01   6.118668e-05   1.608421e-02  -7.194820e-02   1.250553e+00   1.239899e+00   9.939350e-02   2.508914e-07   9.560359e-03   1.277601e+00   1.267931e+00   8.945415e-01   2.052265e-06   8.554475e-03
   144   1.035222e+00   1.021658e+00   9.787724e-01   4.409872e-05   1.507893e-02  -6.713421e-02   1.272038e+00   1.261428e+00   9.945254e-02   1.961141e-07   9.078473e-03   1.297216e+00   1.287519e+00   8.950729e-01   1.614451e-06   8.186592e-03
   145   1.062787e+00   1.049223e+00   9.816202e-01   3.171750e-05   1.414206e-02  -6.238776e-02   1.293444e+00   1.282873e+00   9.950586e-02   1.532783e-07   8.624938e-03   1.316886e+00   1.307162e+00   8.955527e-01   1.269326e-06   7.833915e-03
   146   1.090352e+00   1.076788e+00   9.840716e-01   2.277459e-05   1.326802e-02  -5.777096e-02   1.314784e+00   1.304245e+00   9.955400e-02   1.197825e-07   8.197513e-03   1.336614e+00   1.326862e+00   8.959860e-01   9.974380e-07   7.495770e-03
   147   1.117917e+00   1.104353e+00   9.862105e-01   1.632921e-05   1.245229e-02  -5.330170e-02   1.336067e+00   1.325556e+00   9.959747e-02   9.359254e-08   7.794201e-03   1.356401e+00   1.346620e+00   8.963772e-01   7.833774e-07   7.171535e-03
   148   1.145482e+00   1.131918e+00   9.880616e-01   1.169589e-05   1.168978e-02  -4.906322e-02   1.357305e+00   1.346816e+00   9.963672e-02   7.311722e-08   7.413218e-03   1.376246e+00   1.366437e+00   8.967304e-01   6.149457e-07   6.860626e-03
   149   1.173047e+00   1.159483e+00   9.896585e-01   8.369356e-06   1.097707e-02  -4.506202e-02   1.378504e+00   1.368033e+00   9.967214e-02   5.711177e-08   7.052965e-03   1.396151e+00   1.386313e+00   8.970493e-01   4.824934e-07   6.562502e-03
   150   1.200612e+00   1.187048e+00   9.910531e-01   5.985564e-06   1.030988e-02  -4.130072e-02   1.399672e+00   1.389217e+00   9.970413e-02   4.460232e-08   6.712008e-03   1.416115e+00   1.406248e+00   8.973371e-01   3.783935e-07   6.276651e-03
   151   1.228177e+00   1.214613e+00   9.922436e-01   4.278932e-06   9.685121e-03  -3.776777e-02   1.420816e+00   1.410373e+00   9.973300e-02   3.482688e-08   6.389056e-03   1.436138e+00   1.426242e+00   8.975970e-01   2.966216e-07   6.002597e-03
   152   1.255742e+00   1.242178e+00   9.932842e-01   3.058151e-06   9.099671e-03  -3.449310e-02   1.441942e+00   1.431507e+00   9.975905e-02   2.718929e-08   6.082940e-03   1.456220e+00   1.446295e+00   8.978315e-01   2.324228e-07   5.739892e-03
   153   1.283307e+00   1.269744e+00   9.941767e-01   2.185432e-06   8.550743e-03  -3.148519e-02   1.463054e+00   1.452626e+00   9.978257e-02   2.122312e-08   5.792608e-03   1.476360e+00   1.466407e+00   8.980432e-01   1.820464e-07   5.488114e-03
   154   1.310873e+00   1.297309e+00   9.949512e-01   1.561848e-06   8.035885e-03  -2.869144e-02   1.484156e+00   1.473733e+00   9.980380e-02   1.656353e-08   5.517104e-03   1.496557e+00   1.486576e+00   8.982342e-01   1.425359e-07   5.246866e-03
   155   1.338438e+00   1.324874e+00   9.956239e-01   1.116341e-06   7.552687e-03  -2.611413e-02   1.505253e+00   1.494833e+00   9.982296e-02   1.292509e-08   5.255561e-03   1.516809e+00   1.506801e+00   8.984066e-01   1.115625e-07   5.015775e-03
   156   1.366003e+00   1.352439e+00   9.961994e-01   7.981116e-07   7.099164e-03  -2.377279e-02   1.526346e+00   1.515927e+00   9.984025e-02   1.008460e-08   5.007191e-03   1.537114e+00   1.527080e+00   8.985622e-01   8.729279e-08   4.794490e-03
   157   1.393568e+00   1.380004e+00   9.967028e-01   5.707743e-07   6.673319e-03  -2.162215e-02   1.547437e+00   1.537020e+00   9.985585e-02   7.867507e-09   4.771277e-03   1.557470e+00   1.547411e+00   8.987027e-01   6.828426e-08   4.582683e-03
   158   1.421133e+00   1.407569e+00   9.971356e-01   4.083414e-07   6.273388e-03  -1.964603e-02   1.568529e+00   1.558111e+00   9.986993e-02   6.137346e-09   4.547169e-03   1.577874e+00   1.567792e+00   8.988294e-01   5.340273e-08   4.380045e-03
   159   1.448698e+00   1.435134e+00   9.975102e-01   2.922728e-07   5.897799e-03  -1.784689e-02   1.589621e+00   1.579203e+00   9.988264e-02   4.787439e-09   4.334272e-03   1.598324e+00   1.588219e+00   8.989438e-01   4.175687e-08   4.186290e-03
   160   1.476263e+00   1.462699e+00   9.978380e-01   2.092882e-07   5.545017e-03  -1.621053e-02   1.610712e+00   1.600295e+00   9.989411e-02   3.734417e-09   4.132048e-03   1.618814e+00   1.608690e+00   8.990470e-01   3.264665e-08   4.001150e-03
   161   1.503828e+00   1.490264e+00   9.981178e-01   1.499453e-07   5.213689e-03  -1.470505e-02   1.631803e+00   1.621386e+00   9.990446e-02   2.913135e-09   3.940008e-03   1.639341e+00   1.629199e+00   8.991401e-01   2.552255e-08   3.824380e-03
   162   1.531393e+00   1.517829e+00   9.983624e-01   1.074897e-07   4.902563e-03  -1.332588e-02   1.652890e+00   1.642475e+00   9.991379e-02   2.272704e-09   3.757712e-03   1.659899e+00   1.649742e+00   8.992241e-01   1.995344e-08   3.655758e-03
   163   1.558958e+00   1.545395e+00   9.985755e-01   7.709650e-08   4.610451e-03  -1.207917e-02   1.673971e+00   1.663558e+00   9.992222e-02   1.773378e-09   3.584761e-03   1.680482e+00   1.670313e+00   8.993000e-01   1.560123e-08   3.495082e-03
   164   1.586524e+00   1.572960e+00   9.987586e-01   5.533323e-08   4.336345e-03  -1.091708e-02   1.695040e+00   1.684633e+00   9.992982e-02   1.384121e-09   3.420804e-03   1.701082e+00   1.690904e+00   8.993684e-01   1.220097e-08   3.342174e-03
   165   1.614089e+00   1.600525e+00   9.989189e-01   3.973844e-08   4.079233e-03  -9.831965e-03   1.716092e+00   1.705693e+00   9.993668e-02   1.080705e-09   3.265528e-03   1.721689e+00   1.711508e+00   8.994301e-01   9.545071e-09   3.196883e-03
   166   1.641654e+00   1.628090e+00   9.990584e-01   2.855668e-08   3.838204e-03  -8.860230e-03   1.737119e+00   1.726733e+00   9.994287e-02   8.442212e-10   3.118661e-03   1.742293e+00   1.732113e+00   8.994858e-01   7.470995e-09   3.059082e-03
   167   1.669219e+00   1.655655e+00   9.991788e-01   2.053715e-08   3.612603e-03  -7.913628e-03   1.758112e+00   1.747742e+00   9.994845e-02   6.599143e-10   2.979974e-03   1.762882e+00   1.752710e+00   8.995361e-01   5.851529e-09   2.928674e-03
   168   1.696784e+00   1.683220e+00   9.992845e-01   1.478050e-08   3.401589e-03  -6.996486e-03   1.779059e+00   1.768712e+00   9.995349e-02   5.162738e-10   2.849276e-03   1.783440e+00   1.773283e+00   8.995814e-01   4.587150e-09   2.805590e-03
   169   1.724349e+00   1.710785e+00   9.993764e-01   1.064559e-08   3.204498e-03  -6.167462e-03   1.799945e+00   1.789627e+00   9.995804e-02   4.043227e-10   2.726420e-03   1.803950e+00   1.793816e+00   8.996223e-01   3.600034e-09   2.689795e-03
   170   1.751914e+00   1.738350e+00   9.994561e-01   7.674930e-09   3.021122e-03  -5.285337e-03   1.820754e+00   1.810474e+00   9.996214e-02   3.170609e-10   2.611296e-03   1.824391e+00   1.814291e+00   8.996593e-01   2.829343e-09   2.581287e-03
   171   1.779479e+00   1.765915e+00   9.995263e-01   5.538461e-09   2.850729e-03  -4.368325e-03   1.841465e+00   1.831233e+00   9.996584e-02   2.490316e-10   2.503841e-03   1.844738e+00   1.834684e+00   8.996926e-01   2.227542e-09   2.480097e-03
   172   1.807044e+00   1.793480e+00   9.995874e-01   4.000880e-09   2.692917e-03  -3.506487e-03   1.862053e+00   1.851881e+00   9.996918e-02   1.959816e-10   2.404030e-03   1.864965e+00   1.854969e+00   8.997226e-01   1.757504e-09   2.386293e-03
   173   1.834609e+00   1.821046e+00   9.996406e-01   2.894234e-09   2.548161e-03  -2.456667e-03   1.882491e+00   1.872392e+00   9.997219e-02   1.545968e-10   2.311879e-03   1.885038e+00   1.875117e+00   8.997498e-01   1.390237e-09   2.299980e-03
   174   1.862175e+00   1.848611e+00   9.996877e-01   2.096602e-09   2.415722e-03  -1.271064e-03   1.902745e+00   1.892736e+00   9.997491e-02   1.222953e-10   2.227448e-03   1.904921e+00   1.895093e+00   8.997742e-01   1.103115e-09   2.221297e-03
   175   1.889740e+00   1.876176e+00   9.997287e-01   1.521301e-09   2.295761e-03  -6.164122e-05   1.922779e+00   1.912878e+00   9.997737e-02   9.706612e-11   2.150834e-03   1.924572e+00   1.914858e+00   8.997963e-01   8.784813e-10   2.150414e-03
   176   1.917305e+00   1.903741e+00   9.997648e-01   1.106304e-09   2.189538e-03   1.564113e-03   1.942551e+00   1.932777e+00   9.997958e-02   7.734202e-11   2.082198e-03   1.943947e+00   1.934368e+00   8.998162e-01   7.025637e-10   2.087533e-03
   177   1.944870e+00   1.931306e+00   9.997969e-01   8.062924e-10   2.096296e-03   3.476046e-03   1.962017e+00   1.952393e+00   9.998158e-02   6.189514e-11   2.021998e-03   1.962997e+00   1.953577e+00   8.998342e-01   5.646054e-10   2.032942e-03
   178   1.972435e+00   1.958871e+00   9.998249e-01   5.892635e-10   2.018701e-03   5.339501e-03   1.981149e+00   1.971688e+00   9.998338e-02   4.972772e-11   1.972542e-03   1.981676e+00   1.972437e+00   8.998504e-01   4.560414e-10   1.987757e-03
   179   2.000000e+00   1.986436e+00   9.998500e-01   4.305426e-10   1.964576e-03   5.979382e-03   2.000000e+00   1.990677e+00   9.998500e-02   3.993802e-11   1.943471e-03   2.000000e+00   1.990935e+00   8.998650e-01   3.691222e-10   1.959266e-03
