     i          log_r       log_rmid          m_tot        rho_tot         v2_tot            eta     lgr[heavy]    lgrm[heavy]       m[heavy]     rho[heavy]      v2[heavy]     lgr[light]    lgrm[light]       m[light]     rho[light]      v2[light]
     0  -2.486700e+00  -2.787730e+00   1.929348e-07   1.669056e+01   1.376744e-01            nan  -2.486700e+00  -2.787730e+00   9.998500e-08   8.652814e+00   9.462781e-02  -2.157833e+00  -2.458863e+00   8.998650e-07   8.031516e+00   1.840089e-01
     1  -2.461635e+00  -2.473987e+00   2.293877e-07   1.668176e+01   1.376624e-01            nan  -2.464350e+00  -2.475381e+00   1.166721e-07   8.649972e+00   9.462775e-02  -2.135474e+00  -2.146509e+00   1.050049e-06   8.025601e+00   1.840030e-01
     2  -2.436570e+00  -2.448922e+00   2.727282e-07   1.668093e+01   1.376618e-01            nan  -2.441999e+00  -2.453031e+00   1.361439e-07   8.649664e+00   9.462774e-02  -2.113115e+00  -2.124151e+00   1.225295e-06   8.024960e+00   1.840024e-01
     3  -2.411504e+00  -2.423856e+00   3.242576e-07   1.668006e+01   1.376612e-01            nan  -2.419649e+00  -2.430681e+00   1.588651e-07   8.649323e+00   9.462773e-02  -2.090757e+00  -2.101792e+00   1.429786e-06   8.024249e+00   1.840017e-01
     4  -2.386439e+00  -2.398791e+00   3.855230e-07   1.667914e+01   1.376608e-01            nan  -2.397300e+00  -2.408331e+00   1.853780e-07   8.648944e+00   9.462773e-02  -2.068400e+00  -2.079435e+00   1.668402e-06   8.023462e+00   1.840009e-01
     5  -2.361374e+00  -2.373725e+00   4.583636e-07   1.667817e+01   1.376606e-01            nan  -2.374950e+00  -2.385981e+00   2.163150e-07   8.648525e+00   9.462772e-02  -2.046042e+00  -2.057077e+00   1.946835e-06   8.022589e+00   1.840000e-01
     6  -2.336308e+00  -2.348660e+00   5.449661e-07   1.667714e+01   1.376604e-01            nan  -2.352601e+00  -2.363632e+00   2.524142e-07   8.648060e+00   9.462771e-02  -2.023685e+00  -2.034720e+00   2.271728e-06   8.021622e+00   1.839990e-01
     7  -2.311243e+00  -2.323595e+00   6.479303e-07   1.667605e+01   1.376605e-01            nan  -2.330252e+00  -2.341283e+00   2.945370e-07   8.647545e+00   9.462770e-02  -2.001327e+00  -2.012362e+00   2.650833e-06   8.020550e+00   1.839980e-01
     8  -2.286177e+00  -2.298529e+00   7.703465e-07   1.667488e+01   1.376607e-01            nan  -2.307903e+00  -2.318934e+00   3.436881e-07   8.646974e+00   9.462769e-02  -1.978969e+00  -1.990004e+00   3.093193e-06   8.019363e+00   1.839968e-01
     9  -2.261112e+00  -2.273464e+00   9.158890e-07   1.667362e+01   1.376612e-01            nan  -2.285555e+00  -2.296585e+00   4.010398e-07   8.646342e+00   9.462767e-02  -1.956611e+00  -1.967646e+00   3.609358e-06   8.018047e+00   1.839955e-01
    10  -2.236047e+00  -2.248399e+00   1.088926e-06   1.667226e+01   1.376619e-01            nan  -2.263206e+00  -2.274237e+00   4.679601e-07   8.645641e+00   9.462766e-02  -1.934251e+00  -1.945287e+00   4.211641e-06   8.016589e+00   1.839940e-01
    11  -2.210981e+00  -2.223333e+00   1.294649e-06   1.667079e+01   1.376629e-01            nan  -2.240857e+00  -2.251888e+00   5.460446e-07   8.644864e+00   9.462764e-02  -1.911891e+00  -1.922928e+00   4.914402e-06   8.014973e+00   1.839924e-01
    12  -2.185916e+00  -2.198268e+00   1.539232e-06   1.666921e+01   1.376642e-01            nan  -2.218508e+00  -2.229539e+00   6.371554e-07   8.644003e+00   9.462762e-02  -1.889530e+00  -1.900567e+00   5.734398e-06   8.013182e+00   1.839906e-01
    13  -2.160851e+00  -2.173203e+00   1.830012e-06   1.666749e+01   1.376659e-01            nan  -2.196159e+00  -2.207190e+00   7.434644e-07   8.643049e+00   9.462760e-02  -1.867168e+00  -1.878205e+00   6.691180e-06   8.011198e+00   1.839886e-01
    14  -2.135785e+00  -2.148137e+00   2.175713e-06   1.666562e+01   1.376679e-01   4.796988e-01  -2.173810e+00  -2.184841e+00   8.675058e-07   8.641992e+00   9.462758e-02  -1.844804e+00  -1.855842e+00   7.807552e-06   8.009000e+00   1.839864e-01
    15  -2.110720e+00  -2.123072e+00   2.586709e-06   1.666335e+01   1.376697e-01   4.796962e-01  -2.151461e+00  -2.162492e+00   1.012236e-06   8.640820e+00   9.462756e-02  -1.822439e+00  -1.833478e+00   9.110122e-06   8.006565e+00   1.839840e-01
    16  -2.085655e+00  -2.098006e+00   3.075323e-06   1.666079e+01   1.376715e-01   4.796934e-01  -2.129111e+00  -2.140142e+00   1.181103e-06   8.639522e+00   9.462753e-02  -1.800072e+00  -1.811112e+00   1.062993e-05   8.003867e+00   1.839813e-01
    17  -2.060589e+00  -2.072941e+00   3.656203e-06   1.665792e+01   1.376736e-01   4.796901e-01  -2.106762e+00  -2.117793e+00   1.378130e-06   8.638083e+00   9.462750e-02  -1.777703e+00  -1.788744e+00   1.240317e-05   8.000878e+00   1.839783e-01
    18  -2.035524e+00  -2.047876e+00   4.346757e-06   1.665468e+01   1.376760e-01   4.796865e-01  -2.084412e+00  -2.095443e+00   1.608010e-06   8.636489e+00   9.462747e-02  -1.755332e+00  -1.766374e+00   1.447209e-05   7.997567e+00   1.839750e-01
    19  -2.010458e+00  -2.022810e+00   5.167675e-06   1.665105e+01   1.376787e-01   4.796824e-01  -2.062061e+00  -2.073093e+00   1.876216e-06   8.634722e+00   9.462743e-02  -1.732958e+00  -1.744001e+00   1.688595e-05   7.993899e+00   1.839713e-01
    20  -1.985393e+00  -1.997745e+00   6.143539e-06   1.664698e+01   1.376817e-01   4.796779e-01  -2.039711e+00  -2.050742e+00   2.189133e-06   8.632764e+00   9.462739e-02  -1.710582e+00  -1.721626e+00   1.970220e-05   7.989836e+00   1.839672e-01
    21  -1.960328e+00  -1.972680e+00   7.303564e-06   1.664242e+01   1.376851e-01   4.796728e-01  -2.017360e+00  -2.028391e+00   2.554206e-06   8.630595e+00   9.462734e-02  -1.688202e+00  -1.699247e+00   2.298786e-05   7.985337e+00   1.839627e-01
    22  -1.935262e+00  -1.947614e+00   8.682458e-06   1.663731e+01   1.376889e-01   4.796671e-01  -1.995008e+00  -2.006040e+00   2.980121e-06   8.628192e+00   9.462729e-02  -1.665818e+00  -1.676866e+00   2.682109e-05   7.980354e+00   1.839577e-01
    23  -1.910197e+00  -1.922549e+00   1.032145e-05   1.663159e+01   1.376932e-01   4.796607e-01  -1.972656e+00  -1.983688e+00   3.477003e-06   8.625529e+00   9.462724e-02  -1.643431e+00  -1.654481e+00   3.129303e-05   7.974836e+00   1.839521e-01
    24  -1.885132e+00  -1.897484e+00   1.226953e-05   1.662516e+01   1.376978e-01   4.796534e-01  -1.950303e+00  -1.961336e+00   4.056664e-06   8.622579e+00   9.462718e-02  -1.621040e+00  -1.632091e+00   3.650997e-05   7.968726e+00   1.839459e-01
    25  -1.860066e+00  -1.872418e+00   1.458485e-05   1.661797e+01   1.377031e-01   4.796452e-01  -1.927950e+00  -1.938983e+00   4.732872e-06   8.619311e+00   9.462711e-02  -1.598643e+00  -1.609697e+00   4.259585e-05   7.961961e+00   1.839391e-01
    26  -1.835001e+00  -1.847353e+00   1.733651e-05   1.660985e+01   1.377091e-01   4.796361e-01  -1.905596e+00  -1.916629e+00   5.521683e-06   8.615691e+00   9.462703e-02  -1.576241e+00  -1.587298e+00   4.969515e-05   7.954473e+00   1.839315e-01
    27  -1.809936e+00  -1.822287e+00   2.060655e-05   1.660075e+01   1.377159e-01   4.796259e-01  -1.883241e+00  -1.894275e+00   6.441814e-06   8.611680e+00   9.462695e-02  -1.553834e+00  -1.564893e+00   5.797633e-05   7.946184e+00   1.839231e-01
    28  -1.784870e+00  -1.797222e+00   2.449237e-05   1.659056e+01   1.377235e-01   4.796144e-01  -1.860886e+00  -1.871920e+00   7.515084e-06   8.607237e+00   9.462685e-02  -1.531419e+00  -1.542482e+00   6.763576e-05   7.937011e+00   1.839138e-01
    29  -1.759805e+00  -1.772157e+00   2.910960e-05   1.657915e+01   1.377320e-01   4.796016e-01  -1.838529e+00  -1.849563e+00   8.766923e-06   8.602317e+00   9.462675e-02  -1.508998e+00  -1.520064e+00   7.890231e-05   7.926861e+00   1.839035e-01
    30  -1.734739e+00  -1.747091e+00   3.459546e-05   1.656638e+01   1.377415e-01   4.795872e-01  -1.816171e+00  -1.827206e+00   1.022697e-05   8.596867e+00   9.462664e-02  -1.486568e+00  -1.497638e+00   9.204273e-05   7.915632e+00   1.838920e-01
    31  -1.709674e+00  -1.722026e+00   4.111274e-05   1.655208e+01   1.377522e-01   4.795710e-01  -1.793812e+00  -1.804848e+00   1.192976e-05   8.590832e+00   9.462651e-02  -1.464130e+00  -1.475204e+00   1.073678e-04   7.903212e+00   1.838793e-01
    32  -1.684609e+00  -1.696961e+00   4.885451e-05   1.653604e+01   1.377640e-01   4.795527e-01  -1.771452e+00  -1.782488e+00   1.391553e-05   8.584149e+00   9.462637e-02  -1.441681e+00  -1.452760e+00   1.252398e-04   7.889477e+00   1.838652e-01
    33  -1.659543e+00  -1.671895e+00   5.804981e-05   1.651809e+01   1.377771e-01   4.795322e-01  -1.749090e+00  -1.760127e+00   1.623115e-05   8.576749e+00   9.462621e-02  -1.419222e+00  -1.430306e+00   1.460803e-04   7.874293e+00   1.838495e-01
    34  -1.634478e+00  -1.646830e+00   6.896975e-05   1.649792e+01   1.377921e-01   4.795092e-01  -1.726726e+00  -1.737764e+00   1.893121e-05   8.568558e+00   9.462604e-02  -1.396750e+00  -1.407840e+00   1.703808e-04   7.857510e+00   1.838322e-01
    35  -1.609413e+00  -1.621765e+00   8.193623e-05   1.647528e+01   1.378090e-01   4.794834e-01  -1.704361e+00  -1.715399e+00   2.207926e-05   8.559490e+00   9.462585e-02  -1.374265e+00  -1.385362e+00   1.987134e-04   7.838967e+00   1.838129e-01
    36  -1.584347e+00  -1.596699e+00   9.733027e-05   1.644996e+01   1.378280e-01   4.794545e-01  -1.681993e+00  -1.693033e+00   2.574932e-05   8.549454e+00   9.462564e-02  -1.351765e+00  -1.362869e+00   2.317439e-04   7.818486e+00   1.837916e-01
    37  -1.559282e+00  -1.571634e+00   1.156030e-04   1.642166e+01   1.378492e-01   4.794222e-01  -1.659623e+00  -1.670664e+00   3.002750e-05   8.538347e+00   9.462541e-02  -1.329248e+00  -1.340360e+00   2.702475e-04   7.795871e+00   1.837679e-01
    38  -1.534217e+00  -1.546568e+00   1.372884e-04   1.639003e+01   1.378730e-01   4.793859e-01  -1.637251e+00  -1.648293e+00   3.501400e-05   8.526059e+00   9.462515e-02  -1.306713e+00  -1.317834e+00   3.151260e-04   7.770912e+00   1.837416e-01
    39  -1.509151e+00  -1.521503e+00   1.630179e-04   1.635471e+01   1.378997e-01   4.793452e-01  -1.614876e+00  -1.625919e+00   4.082538e-05   8.512466e+00   9.462486e-02  -1.284158e+00  -1.295289e+00   3.674284e-04   7.743378e+00   1.837123e-01
    40  -1.484086e+00  -1.496438e+00   1.935368e-04   1.631522e+01   1.379293e-01   4.792994e-01  -1.592498e+00  -1.603543e+00   4.759714e-05   8.497431e+00   9.462454e-02  -1.261581e+00  -1.272723e+00   4.283742e-04   7.713019e+00   1.836799e-01
    41  -1.459020e+00  -1.471372e+00   2.297273e-04   1.627107e+01   1.379621e-01   4.792477e-01  -1.570116e+00  -1.581163e+00   5.548679e-05   8.480808e+00   9.462419e-02  -1.238979e+00  -1.250133e+00   4.993811e-04   7.679563e+00   1.836439e-01
    42  -1.433955e+00  -1.446307e+00   2.726268e-04   1.622176e+01   1.379989e-01   4.791897e-01  -1.547730e+00  -1.558779e+00   6.467734e-05   8.462432e+00   9.462379e-02  -1.216350e+00  -1.227517e+00   5.820960e-04   7.642717e+00   1.836040e-01
    43  -1.408890e+00  -1.421242e+00   3.234615e-04   1.616646e+01   1.380409e-01   4.791247e-01  -1.525341e+00  -1.536391e+00   7.538125e-05   8.442124e+00   9.462336e-02  -1.193690e+00  -1.204872e+00   6.784313e-04   7.602166e+00   1.835596e-01
    44  -1.383824e+00  -1.396176e+00   3.836763e-04   1.610484e+01   1.380879e-01   4.790519e-01  -1.502946e+00  -1.513999e+00   8.784517e-05   8.419688e+00   9.462288e-02  -1.170997e+00  -1.182196e+00   7.906065e-04   7.557570e+00   1.835102e-01
    45  -1.358759e+00  -1.371111e+00   4.549702e-04   1.603622e+01   1.381404e-01   4.789703e-01  -1.480547e+00  -1.491602e+00   1.023551e-04   8.394910e+00   9.462235e-02  -1.148268e+00  -1.159484e+00   9.211963e-04   7.508567e+00   1.834554e-01
    46  -1.333694e+00  -1.346045e+00   5.393396e-04   1.595990e+01   1.381991e-01   4.788788e-01  -1.458141e+00  -1.469199e+00   1.192428e-04   8.367557e+00   9.462176e-02  -1.125498e+00  -1.136734e+00   1.073185e-03   7.454770e+00   1.833945e-01
    47  -1.308628e+00  -1.320980e+00   6.391274e-04   1.587508e+01   1.382646e-01   4.787762e-01  -1.435729e+00  -1.446791e+00   1.388921e-04   8.337374e+00   9.462110e-02  -1.102683e+00  -1.113941e+00   1.250029e-03   7.395771e+00   1.833267e-01
    48  -1.283563e+00  -1.295915e+00   7.570762e-04   1.578093e+01   1.383377e-01   4.786613e-01  -1.413311e+00  -1.424375e+00   1.617478e-04   8.304083e+00   9.462038e-02  -1.079819e+00  -1.091101e+00   1.455730e-03   7.331137e+00   1.832514e-01
    49  -1.258498e+00  -1.270849e+00   8.963882e-04   1.567627e+01   1.384182e-01   4.785314e-01  -1.390884e+00  -1.401953e+00   1.883238e-04   8.267384e+00   9.461958e-02  -1.056901e+00  -1.068209e+00   1.694914e-03   7.260418e+00   1.831676e-01
    50  -1.233432e+00  -1.245784e+00   1.060813e-03   1.556027e+01   1.385076e-01   4.783852e-01  -1.368449e+00  -1.379522e+00   2.192140e-04   8.226952e+00   9.461869e-02  -1.033923e+00  -1.045260e+00   1.972926e-03   7.183144e+00   1.830743e-01
    51  -1.208367e+00  -1.220719e+00   1.254670e-03   1.543146e+01   1.386085e-01   4.782214e-01  -1.346004e+00  -1.357081e+00   2.551039e-04   8.182436e+00   9.461770e-02  -1.010879e+00  -1.022248e+00   2.295935e-03   7.098834e+00   1.829705e-01
    52  -1.183301e+00  -1.195653e+00   1.483049e-03   1.528877e+01   1.387219e-01   4.780377e-01  -1.323548e+00  -1.334631e+00   2.967831e-04   8.133458e+00   9.461661e-02  -9.877629e-01  -9.991672e-01   2.671048e-03   7.006998e+00   1.828548e-01
    53  -1.158236e+00  -1.170588e+00   1.751815e-03   1.513143e+01   1.388480e-01   4.778318e-01  -1.301081e+00  -1.312170e+00   3.451610e-04   8.079612e+00   9.461541e-02  -9.645673e-01  -9.760103e-01   3.106449e-03   6.907141e+00   1.827260e-01
    54  -1.133171e+00  -1.145523e+00   2.067744e-03   1.495829e+01   1.389881e-01   4.776009e-01  -1.278601e+00  -1.289696e+00   4.012824e-04   8.020466e+00   9.461407e-02  -9.412845e-01  -9.527699e-01   3.611542e-03   6.798777e+00   1.825823e-01
    55  -1.108105e+00  -1.120457e+00   2.438638e-03   1.476816e+01   1.391435e-01   4.773420e-01  -1.256106e+00  -1.267208e+00   4.663463e-04   7.955562e+00   9.461259e-02  -9.179063e-01  -9.294381e-01   4.197117e-03   6.681435e+00   1.824221e-01
    56  -1.083040e+00  -1.095392e+00   2.873448e-03   1.455987e+01   1.393157e-01   4.770517e-01  -1.233596e+00  -1.244705e+00   5.417261e-04   7.884413e+00   9.461096e-02  -8.944235e-01  -9.060062e-01   4.875535e-03   6.554668e+00   1.822434e-01
    57  -1.057975e+00  -1.070326e+00   3.382402e-03   1.433227e+01   1.395061e-01   4.767263e-01  -1.211068e+00  -1.222186e+00   6.289911e-04   7.806509e+00   9.460915e-02  -8.708265e-01  -8.824648e-01   5.660920e-03   6.418073e+00   1.820438e-01
    58  -1.032909e+00  -1.045261e+00   3.977075e-03   1.408428e+01   1.397164e-01   4.763614e-01  -1.188520e+00  -1.199648e+00   7.299314e-04   7.721317e+00   9.460715e-02  -8.471049e-01  -8.588037e-01   6.569382e-03   6.271300e+00   1.818209e-01
    59  -1.007844e+00  -1.020196e+00   4.670586e-03   1.381413e+01   1.399453e-01   4.759483e-01  -1.165951e+00  -1.177089e+00   8.465830e-04   7.628289e+00   9.460493e-02  -8.232474e-01  -8.350123e-01   7.619247e-03   6.114075e+00   1.815718e-01
    60  -9.827785e-01  -9.951304e-01   5.477500e-03   1.352131e+01   1.401980e-01   4.754849e-01  -1.143358e+00  -1.154508e+00   9.812558e-04   7.526859e+00   9.460248e-02  -7.992423e-01  -8.110790e-01   8.831303e-03   5.946212e+00   1.812933e-01
    61  -9.577131e-01  -9.700650e-01   6.414362e-03   1.320405e+01   1.404799e-01   4.749654e-01  -1.120739e+00  -1.131901e+00   1.136562e-03   7.416459e+00   9.459978e-02  -7.750770e-01  -7.869916e-01   1.022906e-02   5.767640e+00   1.809817e-01
    62  -9.326478e-01  -9.449996e-01   7.499631e-03   1.286316e+01   1.407887e-01   4.743828e-01  -1.098090e+00  -1.109267e+00   1.315444e-03   7.296519e+00   9.459678e-02  -7.507385e-01  -7.627373e-01   1.183900e-02   5.578423e+00   1.806329e-01
    63  -9.075824e-01  -9.199343e-01   8.753551e-03   1.249848e+01   1.411257e-01   4.737293e-01  -1.075410e+00  -1.086602e+00   1.521208e-03   7.166485e+00   9.459348e-02  -7.262128e-01  -7.383025e-01   1.369088e-02   5.378778e+00   1.802424e-01
    64  -8.825170e-01  -8.948689e-01   1.019828e-02   1.211019e+01   1.414924e-01   4.729964e-01  -1.052694e+00  -1.063903e+00   1.757548e-03   7.025823e+00   9.458983e-02  -7.014860e-01  -7.136734e-01   1.581793e-02   5.169094e+00   1.798048e-01
    65  -8.574517e-01  -8.698035e-01   1.185789e-02   1.169883e+01   1.418899e-01   4.721746e-01  -1.029938e+00  -1.041167e+00   2.028572e-03   6.874041e+00   9.458580e-02  -6.765433e-01  -6.888356e-01   1.825715e-02   4.949945e+00   1.793146e-01
    66  -8.323863e-01  -8.447382e-01   1.375823e-02   1.126538e+01   1.423190e-01   4.712530e-01  -1.007140e+00  -1.018390e+00   2.338830e-03   6.710704e+00   9.458136e-02  -6.513703e-01  -6.637744e-01   2.104947e-02   4.722112e+00   1.787650e-01
    67  -8.073209e-01  -8.196728e-01   1.592687e-02   1.081127e+01   1.427801e-01   4.702199e-01  -9.842936e-01  -9.955665e-01   2.693323e-03   6.535450e+00   9.457647e-02  -6.259521e-01  -6.384752e-01   2.423991e-02   4.486583e+00   1.781488e-01
    68  -7.822556e-01  -7.946074e-01   1.839281e-02   1.033841e+01   1.432730e-01   4.690617e-01  -9.613946e-01  -9.726932e-01   3.097518e-03   6.348015e+00   9.457107e-02  -6.002744e-01  -6.129235e-01   2.787766e-02   4.244556e+00   1.774580e-01
    69  -7.571902e-01  -7.695421e-01   2.118628e-02   9.849196e+00   1.437968e-01   4.677637e-01  -9.384375e-01  -9.497643e-01   3.557342e-03   6.148257e+00   9.456514e-02  -5.743235e-01  -5.871051e-01   3.201608e-02   3.997433e+00   1.766838e-01
    70  -7.321248e-01  -7.444767e-01   2.433837e-02   9.346473e+00   1.443498e-01   4.663094e-01  -9.154163e-01  -9.267744e-01   4.079169e-03   5.936179e+00   9.455862e-02  -5.480865e-01  -5.610069e-01   3.671252e-02   3.746801e+00   1.758162e-01
    71  -7.070595e-01  -7.194113e-01   2.788067e-02   8.833508e+00   1.449291e-01   4.646807e-01  -8.923246e-01  -9.037170e-01   4.669785e-03   5.711955e+00   9.455146e-02  -5.215521e-01  -5.346167e-01   4.202806e-02   3.494407e+00   1.748447e-01
    72  -6.819941e-01  -6.943460e-01   3.184479e-02   8.313919e+00   1.455307e-01   4.628570e-01  -8.691552e-01  -8.805854e-01   5.336336e-03   5.475952e+00   9.454360e-02  -4.947108e-01  -5.079241e-01   4.802703e-02   3.242118e+00   1.737579e-01
    73  -6.569287e-01  -6.692806e-01   3.626199e-02   7.791590e+00   1.461494e-01   4.608163e-01  -8.459003e-01  -8.573721e-01   6.086254e-03   5.228760e+00   9.453501e-02  -4.675552e-01  -4.809208e-01   5.477629e-02   2.991881e+00   1.725436e-01
    74  -6.318634e-01  -6.442153e-01   4.116272e-02   7.270563e+00   1.467781e-01   4.585337e-01  -8.225511e-01  -8.340688e-01   6.927149e-03   4.971206e+00   9.452562e-02  -4.400811e-01  -4.536010e-01   6.234434e-02   2.745662e+00   1.711890e-01
    75  -6.067980e-01  -6.191499e-01   4.657617e-02   6.754921e+00   1.474083e-01   4.559824e-01  -7.990984e-01  -8.106665e-01   7.866679e-03   4.704369e+00   9.451538e-02  -4.122874e-01  -4.259619e-01   7.080011e-02   2.505396e+00   1.696809e-01
    76  -5.817326e-01  -5.940845e-01   5.253001e-02   6.248658e+00   1.480298e-01   4.531330e-01  -7.755317e-01  -7.871553e-01   8.912390e-03   4.429589e+00   9.450426e-02  -3.841769e-01  -3.980047e-01   8.021151e-02   2.272921e+00   1.680062e-01
    77  -5.566673e-01  -5.690192e-01   5.905009e-02   5.755555e+00   1.486303e-01   4.499533e-01  -7.518398e-01  -7.635242e-01   1.007152e-02   4.148473e+00   9.449221e-02  -3.557568e-01  -3.697344e-01   9.064369e-02   2.049922e+00   1.661518e-01
    78  -5.316019e-01  -5.439538e-01   6.616033e-02   5.279058e+00   1.491961e-01   4.464088e-01  -7.280101e-01  -7.397615e-01   1.135078e-02   3.862870e+00   9.447921e-02  -3.270390e-01  -3.411606e-01   1.021570e-01   1.837880e+00   1.641054e-01
    79  -5.065365e-01  -5.188884e-01   7.388265e-02   4.822185e+00   1.497116e-01   4.424620e-01  -7.040290e-01  -7.158541e-01   1.275612e-02   3.574851e+00   9.446526e-02  -2.980403e-01  -3.122977e-01   1.148050e-01   1.638027e+00   1.618559e-01
    80  -4.814712e-01  -4.938231e-01   8.223710e-02   4.387442e+00   1.501598e-01   4.380731e-01  -6.798816e-01  -6.917875e-01   1.429243e-02   3.286673e+00   9.445036e-02  -2.687826e-01  -2.831651e-01   1.286319e-01   1.451318e+00   1.593937e-01
    81  -4.564058e-01  -4.687577e-01   9.124199e-02   3.976782e+00   1.505227e-01   4.331994e-01  -6.555514e-01  -6.675461e-01   1.596333e-02   3.000730e+00   9.443458e-02  -2.392929e-01  -2.537875e-01   1.436700e-01   1.278409e+00   1.567120e-01
    82  -4.313405e-01  -4.436923e-01   1.009142e-01   3.591580e+00   1.507815e-01   4.277959e-01  -6.310200e-01  -6.431125e-01   1.777087e-02   2.719488e+00   9.441802e-02  -2.096029e-01  -2.241942e-01   1.599378e-01   1.119658e+00   1.538063e-01
    83  -4.062751e-01  -4.186270e-01   1.112692e-01   3.232645e+00   1.509173e-01   4.218153e-01  -6.062675e-01  -6.184674e-01   1.971527e-02   2.445415e+00   9.440084e-02  -1.797487e-01  -1.944193e-01   1.774374e-01   9.751362e-01   1.506757e-01
    84  -3.812097e-01  -3.935616e-01   1.223220e-01   2.900257e+00   1.509114e-01   4.152081e-01  -5.812714e-01  -5.935896e-01   2.179475e-02   2.180904e+00   9.438330e-02  -1.497703e-01  -1.645009e-01   1.961527e-01   8.446503e-01   1.473230e-01
    85  -3.561444e-01  -3.684962e-01   1.340814e-01   2.594220e+00   1.507460e-01   4.079236e-01  -5.560070e-01  -5.684555e-01   2.400535e-02   1.928195e+00   9.436576e-02  -1.197109e-01  -1.344806e-01   2.160481e-01   7.277750e-01   1.437556e-01
    86  -3.310790e-01  -3.434309e-01   1.465193e-01   2.313227e+00   1.503874e-01   3.998370e-01  -5.304465e-01  -5.430387e-01   2.634082e-02   1.689293e+00   9.434876e-02  -8.961576e-02  -1.044027e-01   2.370673e-01   6.238977e-01   1.399876e-01
    87  -3.060136e-01  -3.183655e-01   1.596800e-01   2.056769e+00   1.498249e-01   3.909056e-01  -5.045588e-01  -5.173098e-01   2.879262e-02   1.465906e+00   9.433301e-02  -5.953186e-02  -7.431337e-02   2.591336e-01   5.322531e-01   1.360340e-01
    88  -2.809483e-01  -2.933001e-01   1.735681e-01   1.824092e+00   1.490558e-01   3.811140e-01  -4.783090e-01  -4.912356e-01   3.134998e-02   1.259382e+00   9.431952e-02  -2.950634e-02  -4.425967e-02   2.821498e-01   4.519683e-01   1.319131e-01
    89  -2.558829e-01  -2.682348e-01   1.881515e-01   1.613598e+00   1.480794e-01   3.703779e-01  -4.516575e-01  -4.647788e-01   3.400006e-02   1.070676e+00   9.430959e-02   4.142007e-04  -1.428845e-02   3.060005e-01   3.821038e-01   1.276468e-01
    90  -2.308175e-01  -2.431694e-01   2.034787e-01   1.424025e+00   1.468836e-01   3.586457e-01  -4.245594e-01  -4.378971e-01   3.672816e-02   9.003228e-01   9.430501e-02   3.018504e-02   1.555467e-02   3.305535e-01   3.216866e-01   1.232631e-01
    91  -2.057522e-01  -2.181040e-01   2.195568e-01   1.253959e+00   1.454604e-01   3.458898e-01  -3.969635e-01  -4.105423e-01   3.951809e-02   7.484443e-01   9.430809e-02   5.976380e-02   4.522619e-02   3.556628e-01   2.697497e-01   1.187914e-01
    92  -1.806868e-01  -1.930387e-01   2.363687e-01   1.101823e+00   1.438094e-01   3.320774e-01  -3.688112e-01  -3.826593e-01   4.235249e-02   6.147649e-01   9.432188e-02   8.911080e-02   7.468514e-02   3.811724e-01   2.253557e-01   1.142577e-01
    93  -1.556214e-01  -1.679733e-01   2.537786e-01   9.655591e-01   1.419034e-01   3.169953e-01  -3.400352e-01  -3.541849e-01   4.521329e-02   4.986513e-01   9.435027e-02   1.181902e-01   1.038939e-01   4.069196e-01   1.876061e-01   1.096919e-01
    94  -1.305561e-01  -1.429079e-01   2.718931e-01   8.440545e-01   1.397680e-01   3.006304e-01  -3.105582e-01  -3.250467e-01   4.808216e-02   3.991643e-01   9.439828e-02   1.469707e-01   1.328188e-01   4.327394e-01   1.556624e-01   1.051256e-01
    95  -1.054907e-01  -1.178426e-01   2.907328e-01   7.362549e-01   1.374168e-01   2.831559e-01  -2.802910e-01  -2.951610e-01   5.094094e-02   3.151206e-01   9.447217e-02   1.754243e-01   1.614305e-01   4.584685e-01   1.287594e-01   1.005821e-01
    96  -8.042534e-02  -9.277721e-02   3.102460e-01   6.407962e-01   1.348617e-01   2.645725e-01  -2.491313e-01  -2.644318e-01   5.377208e-02   2.451592e-01   9.457961e-02   2.035286e-01   1.897038e-01   4.839488e-01   1.061952e-01   9.609071e-02
    97  -5.535997e-02  -6.771185e-02   3.303919e-01   5.564033e-01   1.321172e-01   2.448749e-01  -2.169619e-01  -2.327488e-01   5.655903e-02   1.878085e-01   9.472966e-02   2.312652e-01   2.176183e-01   5.090312e-01   8.734680e-02   9.167372e-02
    98  -3.029460e-02  -4.264648e-02   3.511808e-01   4.819909e-01   1.291917e-01   2.242286e-01  -1.836498e-01  -1.999866e-01   5.928652e-02   1.415490e-01   9.493234e-02   2.586198e-01   2.451578e-01   5.335787e-01   7.166167e-02   8.735001e-02
    99  -5.229239e-03  -1.758112e-02   3.723851e-01   4.162821e-01   1.260707e-01   2.024277e-01  -1.490469e-01  -1.660038e-01   6.194091e-02   1.048691e-01   9.519733e-02   2.855833e-01   2.723108e-01   5.574682e-01   5.865214e-02   8.314071e-02
   100   1.983613e-02   7.484250e-03   3.941375e-01   3.585234e-01   1.227840e-01   1.801045e-01  -1.129934e-01  -1.306461e-01   6.451030e-02   7.631442e-02   9.553047e-02   3.121495e-01   2.990695e-01   5.805927e-01   4.789819e-02   7.905720e-02
   101   4.490149e-02   3.254962e-02   4.164060e-01   3.079348e-01   1.193695e-01   1.570878e-01  -7.533327e-02  -9.375526e-02   6.698469e-02   5.452995e-02   9.592759e-02   3.383170e-01   3.254303e-01   6.028622e-01   3.903382e-02   7.511401e-02
   102   6.996686e-02   5.761498e-02   4.390714e-01   2.637472e-01   1.158372e-01   1.341772e-01  -3.592642e-02  -5.518304e-02   6.935597e-02   3.826013e-02   9.636695e-02   3.640873e-01   3.513932e-01   6.242038e-01   3.174768e-02   7.131911e-02
   103   9.503222e-02   8.268035e-02   4.621564e-01   2.252303e-01   1.122071e-01   1.113173e-01   5.321089e-03  -1.481316e-02   7.161799e-02   2.638286e-02   9.679115e-02   3.894650e-01   3.769615e-01   6.445619e-01   2.577421e-02   6.767833e-02
   104   1.200976e-01   1.077457e-01   4.854974e-01   1.917398e-01   1.084970e-01   8.874872e-02   4.839940e-02   2.739415e-02   7.376638e-02   1.792491e-02   9.707332e-02   4.144579e-01   4.021412e-01   6.638974e-01   2.088808e-02   6.419735e-02
   105   1.451630e-01   1.328111e-01   5.090142e-01   1.627033e-01   1.047211e-01   6.745805e-02   9.313045e-02   7.134056e-02   7.579851e-02   1.205328e-02   9.700686e-02   4.390759e-01   4.269413e-01   6.821866e-01   1.690061e-02   6.087637e-02
   106   1.702283e-01   1.578764e-01   5.325659e-01   1.375035e-01   1.008769e-01   4.617286e-02   1.391242e-01   1.167359e-01   7.771330e-02   8.072352e-03   9.630775e-02   4.633311e-01   4.513728e-01   6.994197e-01   1.365291e-02   5.771649e-02
   107   1.952937e-01   1.829418e-01   5.561918e-01   1.158050e-01   9.700162e-02   2.755084e-02   1.857698e-01   1.630729e-01   7.951106e-02   5.426107e-03   9.468409e-02   4.872374e-01   4.754487e-01   7.155996e-01   1.101287e-02   5.471596e-02
   108   2.203591e-01   2.080072e-01   5.797748e-01   9.716361e-02   9.312760e-02   8.807545e-03   2.323251e-01   2.096710e-01   8.119333e-02   3.687199e-03   9.194396e-02   5.108101e-01   4.991837e-01   7.307399e-01   8.870762e-03   5.187106e-02
   109   2.454244e-01   2.330725e-01   6.032326e-01   8.121928e-02   8.925052e-02  -6.167362e-03   2.780821e-01   2.558060e-01   8.276263e-02   2.544578e-03   8.812735e-02   5.340658e-01   5.225936e-01   7.448636e-01   7.135475e-03   4.917869e-02
   110   2.704898e-01   2.581379e-01   6.264668e-01   6.761572e-02   8.540678e-02  -2.139847e-02   3.224863e-01   3.008515e-01   8.422234e-02   1.786798e-03   8.347963e-02   5.570219e-01   5.456955e-01   7.580011e-01   5.732066e-03   4.663346e-02
   111   2.955551e-01   2.832033e-01   6.493722e-01   5.606255e-02   8.159333e-02  -3.303499e-02   3.651993e-01   3.443677e-01   8.557652e-02   1.275844e-03   7.833719e-02   5.796962e-01   5.685070e-01   7.701887e-01   4.598827e-03   4.422939e-02
   112   3.206205e-01   3.082686e-01   6.718708e-01   4.628386e-02   7.783757e-02  -4.432608e-02   4.060844e-01   3.861228e-01   8.682971e-02   9.244157e-04   7.302835e-02   6.021073e-01   5.910463e-01   7.814674e-01   3.685038e-03   4.196093e-02
   113   3.456859e-01   3.333340e-01   6.938443e-01   3.804393e-02   7.414505e-02  -5.332089e-02   4.451379e-01   4.260500e-01   8.798682e-02   6.781898e-04   6.779667e-02   6.242736e-01   6.133318e-01   7.918814e-01   2.949260e-03   3.982142e-02
   114   3.707512e-01   3.583994e-01   7.152322e-01   3.113006e-02   7.053078e-02  -6.105064e-02   4.824401e-01   4.641894e-01   8.905301e-02   5.027069e-04   6.279272e-02   6.462136e-01   6.353822e-01   8.014771e-01   2.357634e-03   3.780402e-02
   115   3.958166e-01   3.834647e-01   7.359350e-01   2.535585e-02   6.700698e-02  -6.794141e-02   5.181155e-01   5.006440e-01   9.003354e-02   3.757904e-04   5.810365e-02   6.679456e-01   6.572156e-01   8.103019e-01   1.882534e-03   3.590221e-02
   116   4.208820e-01   4.085301e-01   7.558885e-01   2.055567e-02   6.357885e-02  -7.274978e-02   5.523005e-01   5.355443e-01   9.093373e-02   2.829108e-04   5.375922e-02   6.894876e-01   6.788502e-01   8.184036e-01   1.501498e-03   3.410944e-02
   117   4.459473e-01   4.335955e-01   7.750349e-01   1.658552e-02   6.026017e-02  -7.719586e-02   5.851358e-01   5.690284e-01   9.175884e-02   2.142238e-04   4.976830e-02   7.108568e-01   7.003036e-01   8.258295e-01   1.196290e-03   3.241901e-02
   118   4.710127e-01   4.586608e-01   7.933034e-01   1.331808e-02   5.705548e-02  -8.048183e-02   6.167531e-01   6.012321e-01   9.251402e-02   1.630107e-04   4.611559e-02   7.320702e-01   7.215930e-01   8.326262e-01   9.521188e-04   3.082455e-02
   119   4.960781e-01   4.837262e-01   8.106673e-01   1.064280e-02   5.397034e-02  -8.274693e-02   6.472755e-01   6.322824e-01   9.320429e-02   1.245476e-04   4.278251e-02   7.531438e-01   7.427348e-01   8.388386e-01   7.570067e-04   2.932005e-02
   120   5.211434e-01   5.087916e-01   8.270952e-01   8.464302e-03   5.101087e-02  -8.454245e-02   6.768156e-01   6.622967e-01   9.383445e-02   9.548470e-05   3.974343e-02   7.740931e-01   7.637447e-01   8.445100e-01   6.012782e-04   2.789972e-02
   121   5.462088e-01   5.338569e-01   8.425570e-01   6.699671e-03   4.817947e-02  -8.563949e-02   7.054738e-01   6.913811e-01   9.440910e-02   7.341758e-05   3.697277e-02   7.949326e-01   7.846379e-01   8.496819e-01   4.771253e-04   2.655794e-02
   122   5.712742e-01   5.589223e-01   8.570487e-01   5.277761e-03   4.547638e-02  -8.586276e-02   7.333419e-01   7.196314e-01   9.493262e-02   5.658606e-05   3.444635e-02   8.156762e-01   8.054283e-01   8.543935e-01   3.782543e-04   2.528952e-02
   123   5.963395e-01   5.839877e-01   8.705747e-01   4.138449e-03   4.290376e-02  -8.565408e-02   7.605019e-01   7.471342e-01   9.540910e-02   4.370173e-05   3.213959e-02   8.363368e-01   8.261294e-01   8.586819e-01   2.996007e-04   2.408957e-02
   124   6.214049e-01   6.090530e-01   8.831448e-01   3.230443e-03   4.046069e-02  -8.497593e-02   7.870268e-01   7.739668e-01   9.584241e-02   3.380921e-05   3.003084e-02   8.569265e-01   8.467537e-01   8.625817e-01   2.370947e-04   2.295361e-02
   125   6.464703e-01   6.341184e-01   8.947667e-01   2.510622e-03   3.814493e-02  -8.383985e-02   8.129830e-01   8.001988e-01   9.623618e-02   2.619293e-05   2.810047e-02   8.774566e-01   8.673128e-01   8.661256e-01   1.874713e-04   2.187737e-02
   126   6.715356e-01   6.591838e-01   9.053680e-01   1.942351e-03   3.595324e-02  -8.219613e-02   8.384301e-01   8.258929e-01   9.659376e-02   2.031597e-05   2.633030e-02   8.979374e-01   8.878177e-01   8.693438e-01   1.481136e-04   2.085692e-02
   127   6.966010e-01   6.842491e-01   9.150989e-01   1.496346e-03   3.388303e-02  -8.015542e-02   8.634213e-01   8.511054e-01   9.691827e-02   1.577302e-05   2.470373e-02   9.183788e-01   9.082784e-01   8.722644e-01   1.169271e-04   1.988865e-02
   128   7.216664e-01   7.093145e-01   9.239988e-01   1.148339e-03   3.193017e-02  -7.779903e-02   8.880043e-01   8.758867e-01   9.721261e-02   1.225575e-05   2.320649e-02   9.387895e-01   9.287041e-01   8.749135e-01   9.223751e-05   1.896920e-02
   129   7.467317e-01   7.343798e-01   9.321107e-01   8.780783e-04   3.008987e-02  -7.515447e-02   9.122225e-01   9.002822e-01   9.747945e-02   9.528947e-06   2.182569e-02   9.591778e-01   9.491033e-01   8.773151e-01   7.270837e-05   1.809550e-02
   130   7.717971e-01   7.594452e-01   9.394800e-01   6.691432e-04   2.835707e-02  -7.226032e-02   9.361147e-01   9.243329e-01   9.772124e-02   7.412654e-06   2.054972e-02   9.795512e-01   9.694840e-01   8.794912e-01   5.727396e-05   1.726473e-02
   131   7.968625e-01   7.845106e-01   9.461106e-01   5.083106e-04   2.672640e-02  -6.917102e-02   9.597160e-01   9.480757e-01   9.794025e-02   5.768724e-06   1.936828e-02   9.999164e-01   9.898531e-01   8.814623e-01   4.508555e-05   1.647427e-02
   132   8.219278e-01   8.095759e-01   9.520506e-01   3.848667e-04   2.519307e-02  -6.592397e-02   9.830579e-01   9.715438e-01   9.813854e-02   4.490816e-06   1.827217e-02   1.020280e+00   1.010217e+00   8.832469e-01   3.546795e-05   1.572173e-02
   133   8.469932e-01   8.346413e-01   9.574029e-01   2.906288e-04   2.375110e-02  -6.257746e-02   1.006169e+00   9.947670e-01   9.831802e-02   3.496866e-06   1.725336e-02   1.040646e+00   1.030582e+00   8.848622e-01   2.788455e-05   1.500489e-02
   134   8.720586e-01   8.597067e-01   9.622140e-01   2.189378e-04   2.239519e-02  -5.917510e-02   1.029074e+00   1.017772e+00   9.848042e-02   2.723398e-06   1.630471e-02   1.061022e+00   1.050954e+00   8.863237e-01   2.190937e-05   1.432171e-02
   135   8.971239e-01   8.847720e-01   9.665288e-01   1.645720e-04   2.112015e-02  -5.576606e-02   1.051796e+00   1.040583e+00   9.862732e-02   2.121278e-06   1.541982e-02   1.081411e+00   1.071336e+00   8.876458e-01   1.720460e-05   1.367034e-02
   136   9.221893e-01   9.098374e-01   9.703386e-01   1.234534e-04   1.992119e-02  -5.238310e-02   1.074357e+00   1.063223e+00   9.876016e-02   1.652413e-06   1.459301e-02   1.101817e+00   1.091734e+00   8.888415e-01   1.350258e-05   1.304902e-02
   137   9.472546e-01   9.349028e-01   9.737344e-01   9.243439e-05   1.879371e-02  -4.905147e-02   1.096774e+00   1.085710e+00   9.888027e-02   1.287233e-06   1.381922e-02   1.122244e+00   1.112151e+00   8.899225e-01   1.059144e-05   1.245615e-02
   138   9.723200e-01   9.599681e-01   9.767655e-01   6.910500e-05   1.773284e-02  -4.580955e-02   1.119065e+00   1.108062e+00   9.898885e-02   1.002764e-06   1.309394e-02   1.142695e+00   1.132590e+00   8.908996e-01   8.303635e-06   1.189026e-02
   139   9.973854e-01   9.850335e-01   9.794668e-01   5.159529e-05   1.673439e-02  -4.267801e-02   1.141245e+00   1.130296e+00   9.908698e-02   7.811440e-07   1.241319e-02   1.163173e+00   1.153055e+00   8.917828e-01   6.506750e-06   1.134997e-02
   140   1.022451e+00   1.010099e+00   9.818524e-01   3.847770e-05   1.579441e-02  -3.967522e-02   1.163327e+00   1.152426e+00   9.917565e-02   6.084773e-07   1.177335e-02   1.183681e+00   1.173548e+00   8.925808e-01   5.096246e-06   1.083399e-02
   141   1.047516e+00   1.035164e+00   9.839543e-01   2.866338e-05   1.490948e-02  -3.679963e-02   1.185324e+00   1.174465e+00   9.925576e-02   4.739474e-07   1.117124e-02   1.204220e+00   1.194072e+00   8.933019e-01   3.989649e-06   1.034112e-02
   142   1.072581e+00   1.060230e+00   9.858228e-01   2.133481e-05   1.407581e-02  -3.407360e-02   1.207247e+00   1.196424e+00   9.932813e-02   3.691318e-07   1.060399e-02   1.224793e+00   1.214628e+00   8.939532e-01   3.121938e-06   9.870269e-03
   143   1.097647e+00   1.085295e+00   9.874815e-01   1.586901e-05   1.329020e-02  -3.150076e-02   1.229106e+00   1.218314e+00   9.939350e-02   2.874700e-07   1.006900e-02   1.245400e+00   1.235219e+00   8.945415e-01   2.441890e-06   9.420378e-03
   144   1.122712e+00   1.110360e+00   9.889498e-01   1.179660e-05   1.254969e-02  -2.909903e-02   1.250910e+00   1.240145e+00   9.945254e-02   2.238506e-07   9.563961e-03   1.266044e+00   1.255845e+00   8.950729e-01   1.909181e-06   8.990474e-03
   145   1.147778e+00   1.135426e+00   9.902319e-01   8.764959e-06   1.185157e-02  -2.684645e-02   1.272666e+00   1.261924e+00   9.950586e-02   1.742909e-07   9.086757e-03   1.286725e+00   1.276507e+00   8.955527e-01   1.492086e-06   8.579642e-03
   146   1.172843e+00   1.160491e+00   9.913693e-01   6.510021e-06   1.119318e-02  -2.473926e-02   1.294383e+00   1.283661e+00   9.955400e-02   1.356872e-07   8.635487e-03   1.307443e+00   1.297207e+00   8.959860e-01   1.165663e-06   8.187017e-03
   147   1.197908e+00   1.185556e+00   9.923775e-01   4.833917e-06   1.057206e-02  -2.277580e-02   1.316067e+00   1.305360e+00   9.959747e-02   1.056206e-07   8.208426e-03   1.328201e+00   1.317946e+00   8.963772e-01   9.103134e-07   7.811788e-03
   148   1.222974e+00   1.210622e+00   9.932708e-01   3.588663e-06   9.986000e-03  -2.095056e-02   1.337722e+00   1.327029e+00   9.963672e-02   8.220574e-08   7.804002e-03   1.348997e+00   1.338723e+00   8.967304e-01   7.106476e-07   7.453187e-03
   149   1.248039e+00   1.235687e+00   9.940542e-01   2.663860e-06   9.432905e-03  -1.925662e-02   1.359356e+00   1.348674e+00   9.967214e-02   6.397327e-08   7.420784e-03   1.369832e+00   1.359539e+00   8.970493e-01   5.545867e-07   7.110490e-03
   150   1.273104e+00   1.260753e+00   9.947435e-01   1.977262e-06   8.910859e-03  -1.768479e-02   1.380971e+00   1.370298e+00   9.970413e-02   4.977803e-08   7.057464e-03   1.390706e+00   1.380394e+00   8.973371e-01   4.326564e-07   6.783010e-03
   151   1.298170e+00   1.285818e+00   9.953537e-01   1.467615e-06   8.418018e-03  -1.624103e-02   1.402573e+00   1.391906e+00   9.973300e-02   3.872754e-08   6.712844e-03   1.411619e+00   1.401289e+00   8.975970e-01   3.374287e-07   6.470097e-03
   152   1.323235e+00   1.310883e+00   9.958941e-01   1.089371e-06   7.952684e-03  -1.491189e-02   1.424164e+00   1.413502e+00   9.975905e-02   3.012633e-08   6.385824e-03   1.432571e+00   1.422221e+00   8.978315e-01   2.630832e-07   6.171135e-03
   153   1.348300e+00   1.335949e+00   9.963726e-01   8.086731e-07   7.513272e-03  -1.368466e-02   1.445748e+00   1.435090e+00   9.978257e-02   2.343250e-08   6.075393e-03   1.453560e+00   1.443192e+00   8.980432e-01   2.050613e-07   5.885538e-03
   154   1.373366e+00   1.361014e+00   9.967909e-01   6.003743e-07   7.098309e-03  -1.255199e-02   1.467327e+00   1.456671e+00   9.980380e-02   1.822383e-08   5.780620e-03   1.474586e+00   1.464201e+00   8.982342e-01   1.597944e-07   5.612752e-03
   155   1.398431e+00   1.386079e+00   9.971606e-01   4.458004e-07   6.706413e-03  -1.150693e-02   1.488903e+00   1.478249e+00   9.982296e-02   1.417141e-08   5.500646e-03   1.495649e+00   1.485245e+00   8.984066e-01   1.244902e-07   5.352249e-03
   156   1.423497e+00   1.411145e+00   9.974882e-01   3.310793e-07   6.336282e-03  -1.054372e-02   1.510479e+00   1.499825e+00   9.984025e-02   1.101901e-08   5.234676e-03   1.516747e+00   1.506326e+00   8.985622e-01   9.696471e-08   5.103529e-03
   157   1.448562e+00   1.436210e+00   9.977781e-01   2.459267e-07   5.986707e-03  -9.659114e-03   1.532055e+00   1.521401e+00   9.985585e-02   8.567119e-09   4.981974e-03   1.537877e+00   1.527441e+00   8.987027e-01   7.551044e-08   4.866115e-03
   158   1.473627e+00   1.461275e+00   9.980349e-01   1.827128e-07   5.656555e-03  -8.850094e-03   1.553632e+00   1.542977e+00   9.986993e-02   6.660335e-09   4.741861e-03   1.559040e+00   1.548588e+00   8.988294e-01   5.879311e-08   4.639559e-03
   159   1.498693e+00   1.486341e+00   9.982599e-01   1.357796e-07   5.344760e-03  -8.103563e-03   1.575210e+00   1.564555e+00   9.988264e-02   5.177679e-09   4.513705e-03   1.580233e+00   1.569766e+00   8.989438e-01   4.577040e-08   4.423434e-03
   160   1.523758e+00   1.511406e+00   9.984587e-01   1.009289e-07   5.050338e-03  -7.412163e-03   1.596791e+00   1.586134e+00   9.989411e-02   4.024967e-09   4.296923e-03   1.601453e+00   1.590973e+00   8.990470e-01   3.562841e-08   4.217336e-03
   161   1.548823e+00   1.536472e+00   9.986350e-01   7.504258e-08   4.772347e-03  -6.771944e-03   1.618371e+00   1.607715e+00   9.990446e-02   3.128891e-09   4.090974e-03   1.622698e+00   1.612205e+00   8.991401e-01   2.773183e-08   4.020887e-03
   162   1.573889e+00   1.561537e+00   9.987914e-01   5.581054e-08   4.509913e-03  -6.177520e-03   1.639952e+00   1.629296e+00   9.991379e-02   2.432398e-09   3.895356e-03   1.643964e+00   1.633461e+00   8.992241e-01   2.158493e-08   3.833729e-03
   163   1.598954e+00   1.586602e+00   9.989300e-01   4.151899e-08   4.262223e-03  -5.625193e-03   1.661530e+00   1.650875e+00   9.992222e-02   1.891097e-09   3.709609e-03   1.665248e+00   1.654737e+00   8.993000e-01   1.680102e-08   3.655529e-03
   164   1.624020e+00   1.611668e+00   9.990522e-01   3.089624e-08   4.028521e-03  -5.120329e-03   1.683104e+00   1.672451e+00   9.992982e-02   1.470450e-09   3.533308e-03   1.686545e+00   1.676027e+00   8.993684e-01   1.307858e-08   3.485978e-03
   165   1.649085e+00   1.636733e+00   9.991597e-01   2.299934e-08   3.808150e-03  -4.636767e-03   1.704669e+00   1.694020e+00   9.993668e-02   1.143592e-09   3.366062e-03   1.707850e+00   1.697329e+00   8.994301e-01   1.018259e-08   3.324788e-03
   166   1.674150e+00   1.661798e+00   9.992552e-01   1.712663e-08   3.600427e-03  -4.174183e-03   1.726221e+00   1.715578e+00   9.994287e-02   8.896300e-10   3.207518e-03   1.729157e+00   1.718634e+00   8.994858e-01   7.929871e-09   3.171699e-03
   167   1.699216e+00   1.686864e+00   9.993400e-01   1.275800e-08   3.404741e-03  -3.727878e-03   1.747755e+00   1.737121e+00   9.994845e-02   6.923165e-10   3.057353e-03   1.750457e+00   1.739937e+00   8.995361e-01   6.177750e-09   3.026473e-03
   168   1.724281e+00   1.711929e+00   9.994154e-01   9.507349e-09   3.220539e-03  -3.290921e-03   1.769263e+00   1.758642e+00   9.995349e-02   5.390196e-10   2.915280e-03   1.771742e+00   1.761230e+00   8.995814e-01   4.815098e-09   2.888901e-03
   169   1.749346e+00   1.736994e+00   9.994823e-01   7.087895e-09   3.047315e-03  -2.855557e-03   1.790736e+00   1.780132e+00   9.995804e-02   4.199199e-10   2.781046e-03   1.793002e+00   1.782502e+00   8.996223e-01   3.755392e-09   2.758800e-03
   170   1.774412e+00   1.762060e+00   9.995411e-01   5.286668e-09   2.884672e-03  -2.445218e-03   1.812166e+00   1.801583e+00   9.996214e-02   3.273852e-10   2.654430e-03   1.814223e+00   1.803742e+00   8.996593e-01   2.931283e-09   2.636014e-03
   171   1.799477e+00   1.787125e+00   9.995933e-01   3.945432e-09   2.732334e-03  -1.984035e-03   1.833537e+00   1.822983e+00   9.996584e-02   2.554844e-10   2.535245e-03   1.835391e+00   1.824936e+00   8.996926e-01   2.290361e-09   2.520419e-03
   172   1.824542e+00   1.812191e+00   9.996398e-01   2.946222e-09   2.589839e-03  -1.490410e-03   1.854836e+00   1.844317e+00   9.996918e-02   1.996090e-10   2.423341e-03   1.856488e+00   1.846067e+00   8.997226e-01   1.791852e-09   2.411922e-03
   173   1.849608e+00   1.837256e+00   9.996812e-01   2.201567e-09   2.456902e-03  -9.494944e-04   1.876043e+00   1.865569e+00   9.997219e-02   1.561788e-10   2.318598e-03   1.877493e+00   1.867117e+00   8.997498e-01   1.404040e-09   2.310457e-03
   174   1.874673e+00   1.862321e+00   9.997181e-01   1.646415e-09   2.333302e-03  -3.437123e-04   1.897137e+00   1.886718e+00   9.997491e-02   1.224124e-10   2.220935e-03   1.898381e+00   1.888063e+00   8.997742e-01   1.102261e-09   2.215996e-03
   175   1.899739e+00   1.887387e+00   9.997509e-01   1.232379e-09   2.218886e-03   3.221827e-04   1.918092e+00   1.907741e+00   9.997737e-02   9.615003e-11   2.130302e-03   1.919125e+00   1.908877e+00   8.997963e-01   8.673391e-10   2.128539e-03
   176   1.924804e+00   1.912452e+00   9.997799e-01   9.235874e-10   2.114073e-03   1.114179e-03   1.938879e+00   1.928610e+00   9.997958e-02   7.571389e-11   2.046687e-03   1.939691e+00   1.929530e+00   8.998162e-01   6.843688e-10   2.048116e-03
   177   1.949869e+00   1.937517e+00   9.998059e-01   6.930867e-10   2.018598e-03   2.070846e-03   1.959463e+00   1.949293e+00   9.998158e-02   5.979910e-11   1.970184e-03   1.960042e+00   1.949986e+00   8.998342e-01   5.417612e-10   1.974800e-03
   178   1.974935e+00   1.962583e+00   9.998291e-01   5.208361e-10   1.932785e-03   2.999497e-03   1.979817e+00   1.969759e+00   9.998338e-02   4.736959e-11   1.901874e-03   1.980140e+00   1.970207e+00   8.998504e-01   4.304330e-10   1.909044e-03
   179   2.000000e+00   1.987648e+00   9.998500e-01   3.909559e-10   1.862693e-03   2.562183e-03   2.000000e+00   1.990026e+00   9.998500e-02   3.747088e-11   1.850818e-03   2.000000e+00   1.990184e+00   8.998650e-01   3.423452e-10   1.856792e-03
