     i          log_r       log_rmid          m_tot        rho_tot         v2_tot            eta     lgr[heavy]    lgrm[heavy]       m[heavy]     rho[heavy]      v2[heavy]     lgr[light]    lgrm[light]       m[light]     rho[light]      v2[light]
     0  -2.842585e+00  -3.143615e+00   1.317652e-07   1.331529e+02   1.361626e-01            nan  -2.842585e+00  -3.143615e+00   9.998500e-08   1.011139e+02   1.102886e-01  -2.357674e+00  -2.658704e+00   8.998650e-07   3.193890e+01   2.178046e-01
     1  -2.815531e+00  -2.828848e+00   1.588182e-07   1.330432e+02   1.361289e-01            nan  -2.820232e+00  -2.831265e+00   1.166721e-07   1.010698e+02   1.102885e-01  -2.335288e+00  -2.346337e+00   1.050049e-06   3.187461e+01   2.177946e-01
     2  -2.788478e+00  -2.801794e+00   1.914258e-07   1.330317e+02   1.361264e-01            nan  -2.797879e+00  -2.808912e+00   1.361439e-07   1.010650e+02   1.102885e-01  -2.312904e+00  -2.323952e+00   1.225295e-06   3.186764e+01   2.177935e-01
     3  -2.761424e+00  -2.774740e+00   2.307284e-07   1.330194e+02   1.361241e-01            nan  -2.775527e+00  -2.786560e+00   1.588651e-07   1.010597e+02   1.102885e-01  -2.290521e+00  -2.301568e+00   1.429786e-06   3.185992e+01   2.177923e-01
     4  -2.734371e+00  -2.747687e+00   2.781003e-07   1.330062e+02   1.361219e-01            nan  -2.753176e+00  -2.764208e+00   1.853780e-07   1.010538e+02   1.102884e-01  -2.268138e+00  -2.279185e+00   1.668402e-06   3.185136e+01   2.177909e-01
     5  -2.707317e+00  -2.720633e+00   3.351977e-07   1.329921e+02   1.361199e-01            nan  -2.730824e+00  -2.741856e+00   2.163150e-07   1.010473e+02   1.102884e-01  -2.245755e+00  -2.256803e+00   1.946835e-06   3.184188e+01   2.177894e-01
     6  -2.680264e+00  -2.693580e+00   4.040168e-07   1.329767e+02   1.361181e-01            nan  -2.708473e+00  -2.719505e+00   2.524142e-07   1.010401e+02   1.102884e-01  -2.223372e+00  -2.234420e+00   2.271728e-06   3.183138e+01   2.177878e-01
     7  -2.653210e+00  -2.666526e+00   4.869631e-07   1.329601e+02   1.361167e-01            nan  -2.686122e+00  -2.697153e+00   2.945370e-07   1.010321e+02   1.102884e-01  -2.200987e+00  -2.212035e+00   2.650833e-06   3.181974e+01   2.177860e-01
     8  -2.626157e+00  -2.639473e+00   5.869356e-07   1.329420e+02   1.361154e-01            nan  -2.663770e+00  -2.674802e+00   3.436881e-07   1.010232e+02   1.102884e-01  -2.178601e+00  -2.189650e+00   3.093193e-06   3.180685e+01   2.177840e-01
     9  -2.599103e+00  -2.612419e+00   7.074279e-07   1.329223e+02   1.361145e-01            nan  -2.641419e+00  -2.652451e+00   4.010398e-07   1.010134e+02   1.102884e-01  -2.156212e+00  -2.167262e+00   3.609358e-06   3.179257e+01   2.177817e-01
    10  -2.572049e+00  -2.585366e+00   8.526493e-07   1.329008e+02   1.361139e-01            nan  -2.619067e+00  -2.630099e+00   4.679601e-07   1.010025e+02   1.102883e-01  -2.133820e+00  -2.144871e+00   4.211641e-06   3.177676e+01   2.177792e-01
    11  -2.544996e+00  -2.558312e+00   1.027672e-06   1.328770e+02   1.361138e-01            nan  -2.596716e+00  -2.607748e+00   5.460446e-07   1.009904e+02   1.102883e-01  -2.111425e+00  -2.122478e+00   4.914402e-06   3.175925e+01   2.177765e-01
    12  -2.517942e+00  -2.531259e+00   1.238609e-06   1.328508e+02   1.361142e-01            nan  -2.574363e+00  -2.585396e+00   6.371554e-07   1.009771e+02   1.102883e-01  -2.089025e+00  -2.100081e+00   5.734398e-06   3.173985e+01   2.177734e-01
    13  -2.490889e+00  -2.504205e+00   1.492823e-06   1.328220e+02   1.361150e-01            nan  -2.552011e+00  -2.563043e+00   7.434644e-07   1.009622e+02   1.102882e-01  -2.066621e+00  -2.077679e+00   6.691180e-06   3.171837e+01   2.177700e-01
    14  -2.463835e+00  -2.477151e+00   1.799189e-06   1.327902e+02   1.361164e-01            nan  -2.529658e+00  -2.540691e+00   8.675058e-07   1.009458e+02   1.102882e-01  -2.044212e+00  -2.055272e+00   7.807552e-06   3.169458e+01   2.177663e-01
    15  -2.436782e+00  -2.450098e+00   2.168392e-06   1.327549e+02   1.361185e-01            nan  -2.507305e+00  -2.518337e+00   1.012236e-06   1.009276e+02   1.102882e-01  -2.021797e+00  -2.032860e+00   9.110122e-06   3.166825e+01   2.177621e-01
    16  -2.409728e+00  -2.423044e+00   2.613307e-06   1.327154e+02   1.361215e-01            nan  -2.484950e+00  -2.495984e+00   1.181103e-06   1.009075e+02   1.102881e-01  -1.999375e+00  -2.010442e+00   1.062993e-05   3.163909e+01   2.177575e-01
    17  -2.382675e+00  -2.395991e+00   3.149447e-06   1.326715e+02   1.361252e-01            nan  -2.462596e+00  -2.473629e+00   1.378130e-06   1.008851e+02   1.102881e-01  -1.976946e+00  -1.988016e+00   1.240317e-05   3.160682e+01   2.177524e-01
    18  -2.355621e+00  -2.368937e+00   3.795491e-06   1.326227e+02   1.361299e-01            nan  -2.440240e+00  -2.451274e+00   1.608010e-06   1.008604e+02   1.102880e-01  -1.954508e+00  -1.965582e+00   1.447209e-05   3.157110e+01   2.177467e-01
    19  -2.328568e+00  -2.341884e+00   4.573941e-06   1.325680e+02   1.361354e-01   4.908477e-01  -2.417883e+00  -2.428918e+00   1.876216e-06   1.008330e+02   1.102880e-01  -1.932060e+00  -1.943139e+00   1.688595e-05   3.153158e+01   2.177404e-01
    20  -2.301514e+00  -2.314830e+00   5.511876e-06   1.325039e+02   1.361404e-01   4.908440e-01  -2.395526e+00  -2.406561e+00   2.189133e-06   1.008026e+02   1.102879e-01  -1.909602e+00  -1.920686e+00   1.970220e-05   3.148785e+01   2.177334e-01
    21  -2.274460e+00  -2.287777e+00   6.641923e-06   1.324310e+02   1.361462e-01   4.908398e-01  -2.373167e+00  -2.384203e+00   2.554206e-06   1.007689e+02   1.102878e-01  -1.887133e+00  -1.898222e+00   2.298786e-05   3.143948e+01   2.177256e-01
    22  -2.247407e+00  -2.260723e+00   8.003338e-06   1.323488e+02   1.361526e-01   4.908351e-01  -2.350807e+00  -2.361843e+00   2.980121e-06   1.007317e+02   1.102877e-01  -1.864650e+00  -1.875746e+00   2.682109e-05   3.138599e+01   2.177170e-01
    23  -2.220353e+00  -2.233670e+00   9.643359e-06   1.322562e+02   1.361600e-01   4.908297e-01  -2.328446e+00  -2.339483e+00   3.477003e-06   1.006903e+02   1.102876e-01  -1.842152e+00  -1.853255e+00   3.129303e-05   3.132684e+01   2.177075e-01
    24  -2.193300e+00  -2.206616e+00   1.161881e-05   1.321516e+02   1.361681e-01   4.908236e-01  -2.306083e+00  -2.317121e+00   4.056664e-06   1.006446e+02   1.102875e-01  -1.819639e+00  -1.830750e+00   3.650997e-05   3.126146e+01   2.176969e-01
    25  -2.166246e+00  -2.179562e+00   1.399797e-05   1.320324e+02   1.361774e-01   4.908167e-01  -2.283718e+00  -2.294757e+00   4.732872e-06   1.005939e+02   1.102874e-01  -1.797108e+00  -1.808227e+00   4.259585e-05   3.118921e+01   2.176851e-01
    26  -2.139193e+00  -2.152509e+00   1.686311e-05   1.318975e+02   1.361881e-01   4.908089e-01  -2.261352e+00  -2.272391e+00   5.521683e-06   1.005377e+02   1.102873e-01  -1.774557e+00  -1.785686e+00   4.969515e-05   3.110940e+01   2.176720e-01
    27  -2.112139e+00  -2.125455e+00   2.031305e-05   1.317456e+02   1.362002e-01   4.908001e-01  -2.238983e+00  -2.250023e+00   6.441814e-06   1.004756e+02   1.102872e-01  -1.751984e+00  -1.763124e+00   5.797633e-05   3.102127e+01   2.176575e-01
    28  -2.085086e+00  -2.098402e+00   2.446651e-05   1.315743e+02   1.362137e-01   4.907901e-01  -2.216612e+00  -2.227653e+00   7.515084e-06   1.004067e+02   1.102870e-01  -1.729387e+00  -1.740538e+00   6.763576e-05   3.092397e+01   2.176414e-01
    29  -2.058032e+00  -2.071348e+00   2.946599e-05   1.313812e+02   1.362288e-01   4.907787e-01  -2.194238e+00  -2.205281e+00   8.766923e-06   1.003304e+02   1.102868e-01  -1.706763e+00  -1.717927e+00   7.890231e-05   3.081663e+01   2.176235e-01
    30  -2.030979e+00  -2.044295e+00   3.548250e-05   1.311608e+02   1.362464e-01   4.907658e-01  -2.171861e+00  -2.182905e+00   1.022697e-05   1.002460e+02   1.102866e-01  -1.684109e+00  -1.695288e+00   9.204273e-05   3.069824e+01   2.176036e-01
    31  -2.003925e+00  -2.017241e+00   4.272172e-05   1.309125e+02   1.362662e-01   4.907513e-01  -2.149481e+00  -2.160527e+00   1.192976e-05   1.001525e+02   1.102864e-01  -1.661422e+00  -1.672617e+00   1.073678e-04   3.056774e+01   2.175816e-01
    32  -1.976871e+00  -1.990188e+00   5.143004e-05   1.306331e+02   1.362887e-01   4.907349e-01  -2.127097e+00  -2.138145e+00   1.391553e-05   1.000490e+02   1.102862e-01  -1.638698e+00  -1.649911e+00   1.252398e-04   3.042399e+01   2.175570e-01
    33  -1.949818e+00  -1.963134e+00   6.190262e-05   1.303186e+02   1.363137e-01   4.907163e-01  -2.104709e+00  -2.115759e+00   1.623115e-05   9.993437e+01   1.102859e-01  -1.615934e+00  -1.627167e+00   1.460803e-04   3.026574e+01   2.175297e-01
    34  -1.922764e+00  -1.936081e+00   7.449212e-05   1.299644e+02   1.363417e-01   4.906950e-01  -2.082317e+00  -2.093368e+00   1.893121e-05   9.980756e+01   1.102857e-01  -1.593126e+00  -1.604381e+00   1.703808e-04   3.009165e+01   2.174994e-01
    35  -1.895711e+00  -1.909027e+00   8.962109e-05   1.295611e+02   1.363744e-01   4.906710e-01  -2.059919e+00  -2.070974e+00   2.207926e-05   9.966723e+01   1.102853e-01  -1.570268e+00  -1.581547e+00   1.987134e-04   2.990029e+01   2.174656e-01
    36  -1.868657e+00  -1.881973e+00   1.077957e-04   1.291082e+02   1.364113e-01   4.906440e-01  -2.037516e+00  -2.048573e+00   2.574932e-05   9.951196e+01   1.102850e-01  -1.547356e+00  -1.558661e+00   2.317439e-04   2.969013e+01   2.174280e-01
    37  -1.841604e+00  -1.854920e+00   1.296196e-04   1.286002e+02   1.364529e-01   4.906135e-01  -2.015108e+00  -2.026168e+00   3.002750e-05   9.934022e+01   1.102846e-01  -1.524383e+00  -1.535718e+00   2.702475e-04   2.945956e+01   2.173862e-01
    38  -1.814550e+00  -1.827866e+00   1.558118e-04   1.280300e+02   1.364991e-01   4.905787e-01  -1.992692e+00  -2.003755e+00   3.501400e-05   9.915027e+01   1.102842e-01  -1.501344e+00  -1.512711e+00   3.151260e-04   2.920686e+01   2.173395e-01
    39  -1.787497e+00  -1.800813e+00   1.872243e-04   1.273893e+02   1.365512e-01   4.905390e-01  -1.970269e+00  -1.981336e+00   4.082538e-05   9.894025e+01   1.102837e-01  -1.478231e+00  -1.489634e+00   3.674284e-04   2.893023e+01   2.172876e-01
    40  -1.760443e+00  -1.773759e+00   2.248750e-04   1.266638e+02   1.366115e-01   4.904945e-01  -1.947837e+00  -1.958908e+00   4.759714e-05   9.870809e+01   1.102831e-01  -1.455037e+00  -1.466479e+00   4.283742e-04   2.862781e+01   2.172296e-01
    41  -1.733390e+00  -1.746706e+00   2.699746e-04   1.258528e+02   1.366796e-01   4.904441e-01  -1.925397e+00  -1.936472e+00   5.548679e-05   9.845154e+01   1.102826e-01  -1.431753e+00  -1.443239e+00   4.993811e-04   2.829768e+01   2.171650e-01
    42  -1.706336e+00  -1.719652e+00   3.239541e-04   1.249475e+02   1.367563e-01   4.903874e-01  -1.902946e+00  -1.914026e+00   6.467734e-05   9.816812e+01   1.102819e-01  -1.408371e+00  -1.419905e+00   5.820960e-04   2.793785e+01   2.170928e-01
    43  -1.679282e+00  -1.692599e+00   3.885015e-04   1.239372e+02   1.368416e-01   4.903225e-01  -1.880484e+00  -1.891569e+00   7.538125e-05   9.785514e+01   1.102812e-01  -1.384880e+00  -1.396466e+00   6.784313e-04   2.754634e+01   2.170122e-01
    44  -1.652229e+00  -1.665545e+00   4.655898e-04   1.228099e+02   1.369372e-01   4.902488e-01  -1.858009e+00  -1.869101e+00   8.784517e-05   9.750964e+01   1.102804e-01  -1.361269e+00  -1.372914e+00   7.906065e-04   2.712119e+01   2.169220e-01
    45  -1.625175e+00  -1.638491e+00   5.575531e-04   1.215422e+02   1.370481e-01   4.901658e-01  -1.835520e+00  -1.846619e+00   1.023551e-04   9.712841e+01   1.102795e-01  -1.337526e+00  -1.349235e+00   9.211963e-04   2.666047e+01   2.168211e-01
    46  -1.598122e+00  -1.611438e+00   6.671426e-04   1.201362e+02   1.371728e-01   4.900721e-01  -1.813016e+00  -1.824123e+00   1.192428e-04   9.670797e+01   1.102785e-01  -1.313638e+00  -1.325418e+00   1.073185e-03   2.616236e+01   2.167082e-01
    47  -1.571068e+00  -1.584384e+00   7.975566e-04   1.185806e+02   1.373130e-01   4.899665e-01  -1.790495e+00  -1.801610e+00   1.388921e-04   9.624452e+01   1.102774e-01  -1.289592e+00  -1.301449e+00   1.250029e-03   2.562517e+01   2.165816e-01
    48  -1.544015e+00  -1.557331e+00   9.524991e-04   1.168626e+02   1.374696e-01   4.898465e-01  -1.767956e+00  -1.779079e+00   1.617478e-04   9.573397e+01   1.102761e-01  -1.265371e+00  -1.277312e+00   1.455730e-03   2.504746e+01   2.164396e-01
    49  -1.516961e+00  -1.530277e+00   1.136238e-03   1.149689e+02   1.376432e-01   4.897094e-01  -1.745395e+00  -1.756529e+00   1.883238e-04   9.517190e+01   1.102748e-01  -1.240958e+00  -1.252993e+00   1.694914e-03   2.442803e+01   2.162802e-01
    50  -1.489908e+00  -1.503224e+00   1.353601e-03   1.128706e+02   1.378427e-01   4.895549e-01  -1.722811e+00  -1.733956e+00   2.192140e-04   9.455356e+01   1.102732e-01  -1.216337e+00  -1.228473e+00   1.972926e-03   2.376607e+01   2.161010e-01
    51  -1.462854e+00  -1.476170e+00   1.610326e-03   1.105690e+02   1.380679e-01   4.893808e-01  -1.700202e+00  -1.711359e+00   2.551039e-04   9.387387e+01   1.102716e-01  -1.191487e+00  -1.203735e+00   2.295935e-03   2.306118e+01   2.158994e-01
    52  -1.435800e+00  -1.449117e+00   1.912836e-03   1.080607e+02   1.383202e-01   4.891844e-01  -1.677564e+00  -1.688735e+00   2.967831e-04   9.312738e+01   1.102697e-01  -1.166389e+00  -1.178757e+00   2.671048e-03   2.231351e+01   2.156723e-01
    53  -1.408747e+00  -1.422063e+00   2.268393e-03   1.053387e+02   1.386026e-01   4.889630e-01  -1.654895e+00  -1.666082e+00   3.451610e-04   9.230835e+01   1.102676e-01  -1.141019e+00  -1.153519e+00   3.106449e-03   2.152381e+01   2.154164e-01
    54  -1.381693e+00  -1.395010e+00   2.685049e-03   1.023955e+02   1.389161e-01   4.887114e-01  -1.632191e+00  -1.643395e+00   4.012824e-04   9.141070e+01   1.102653e-01  -1.115356e+00  -1.127998e+00   3.611542e-03   2.069353e+01   2.151275e-01
    55  -1.354640e+00  -1.367956e+00   3.171772e-03   9.922755e+01   1.392629e-01   4.884247e-01  -1.609449e+00  -1.620671e+00   4.663463e-04   9.042804e+01   1.102627e-01  -1.089374e+00  -1.102171e+00   4.197117e-03   1.982489e+01   2.148013e-01
    56  -1.327586e+00  -1.340902e+00   3.737868e-03   9.581710e+01   1.396558e-01   4.881021e-01  -1.586664e+00  -1.597907e+00   5.417261e-04   8.935375e+01   1.102598e-01  -1.063049e+00  -1.076012e+00   4.875535e-03   1.892093e+01   2.144324e-01
    57  -1.300533e+00  -1.313849e+00   4.394520e-03   9.218042e+01   1.400965e-01   4.877388e-01  -1.563832e+00  -1.575098e+00   6.289911e-04   8.818097e+01   1.102566e-01  -1.036354e+00  -1.049496e+00   5.660920e-03   1.798556e+01   2.140151e-01
    58  -1.273479e+00  -1.286795e+00   5.153273e-03   8.833885e+01   1.405857e-01   4.873294e-01  -1.540948e+00  -1.552239e+00   7.299314e-04   8.690273e+01   1.102530e-01  -1.009262e+00  -1.022597e+00   6.569382e-03   1.702358e+01   2.135426e-01
    59  -1.246426e+00  -1.259742e+00   6.026384e-03   8.430816e+01   1.411277e-01   4.868683e-01  -1.518006e+00  -1.529326e+00   8.465830e-04   8.551201e+01   1.102490e-01  -9.817480e-01  -9.952873e-01   7.619247e-03   1.604062e+01   2.130074e-01
    60  -1.219372e+00  -1.232688e+00   7.026681e-03   8.010936e+01   1.417267e-01   4.863493e-01  -1.495001e+00  -1.506351e+00   9.812558e-04   8.400183e+01   1.102446e-01  -9.537844e-01  -9.675412e-01   8.831303e-03   1.504310e+01   2.124011e-01
    61  -1.192319e+00  -1.205635e+00   8.167382e-03   7.576871e+01   1.423869e-01   4.857655e-01  -1.471925e+00  -1.483310e+00   1.136562e-03   8.236543e+01   1.102396e-01  -9.253461e-01  -9.393325e-01   1.022906e-02   1.403813e+01   2.117142e-01
    62  -1.165265e+00  -1.178581e+00   9.461636e-03   7.131704e+01   1.431118e-01   4.851084e-01  -1.448771e+00  -1.460194e+00   1.315444e-03   8.059643e+01   1.102341e-01  -8.964093e-01  -9.106368e-01   1.183900e-02   1.303331e+01   2.109361e-01
    63  -1.138211e+00  -1.151528e+00   1.092272e-02   6.678642e+01   1.439006e-01   4.843637e-01  -1.425532e+00  -1.436996e+00   1.521208e-03   7.868901e+01   1.102278e-01  -8.669525e-01  -8.814312e-01   1.369088e-02   1.203659e+01   2.100556e-01
    64  -1.111158e+00  -1.124474e+00   1.256370e-02   6.222082e+01   1.447618e-01   4.835282e-01  -1.402197e+00  -1.413708e+00   1.757548e-03   7.663816e+01   1.102209e-01  -8.369572e-01  -8.516959e-01   1.581793e-02   1.105600e+01   2.090601e-01
    65  -1.084104e+00  -1.097421e+00   1.439691e-02   5.766207e+01   1.456981e-01   4.825923e-01  -1.378758e+00  -1.390320e+00   2.028572e-03   7.443994e+01   1.102131e-01  -8.064092e-01  -8.214147e-01   1.825715e-02   1.009943e+01   2.079365e-01
    66  -1.057051e+00  -1.070367e+00   1.643234e-02   5.314939e+01   1.467139e-01   4.815458e-01  -1.355203e+00  -1.366821e+00   2.338830e-03   7.209175e+01   1.102043e-01  -7.752990e-01  -7.905756e-01   2.104947e-02   9.174316e+00   2.066709e-01
    67  -1.029997e+00  -1.043313e+00   1.868238e-02   4.872804e+01   1.478085e-01   4.803777e-01  -1.331520e+00  -1.343200e+00   2.693323e-03   6.959270e+01   1.101945e-01  -7.436230e-01  -7.591723e-01   2.423991e-02   8.287459e+00   2.052490e-01
    68  -1.002944e+00  -1.016260e+00   2.115682e-02   4.444303e+01   1.489773e-01   4.790753e-01  -1.307697e+00  -1.319445e+00   3.097518e-03   6.694389e+01   1.101834e-01  -7.113841e-01  -7.272045e-01   2.787766e-02   7.444752e+00   2.036565e-01
    69  -9.758902e-01  -9.892063e-01   2.386443e-02   4.033038e+01   1.502171e-01   4.776263e-01  -1.283719e+00  -1.295543e+00   3.557342e-03   6.414879e+01   1.101710e-01  -6.785921e-01  -6.946787e-01   3.201608e-02   6.651017e+00   2.018795e-01
    70  -9.488366e-01  -9.621528e-01   2.681212e-02   3.642098e+01   1.515224e-01   4.760180e-01  -1.259570e+00  -1.271477e+00   4.079169e-03   6.121355e+01   1.101569e-01  -6.452648e-01  -6.616089e-01   3.671252e-02   5.909890e+00   1.999050e-01
    71  -9.217831e-01  -9.350993e-01   3.000302e-02   3.273416e+01   1.528925e-01   4.742403e-01  -1.235234e+00  -1.247232e+00   4.669785e-03   5.814734e+01   1.101411e-01  -6.114273e-01  -6.280166e-01   4.202806e-02   5.223758e+00   1.977209e-01
    72  -8.947296e-01  -9.080457e-01   3.344503e-02   2.929170e+01   1.543149e-01   4.722806e-01  -1.210691e+00  -1.222789e+00   5.336336e-03   5.496255e+01   1.101231e-01  -5.771123e-01  -5.939310e-01   4.802703e-02   4.593778e+00   1.953175e-01
    73  -8.676760e-01  -8.809922e-01   3.714261e-02   2.610685e+01   1.557753e-01   4.701268e-01  -1.185922e+00  -1.198130e+00   6.086254e-03   5.167504e+01   1.101027e-01  -5.423598e-01  -5.593885e-01   5.477629e-02   4.019945e+00   1.926867e-01
    74  -8.406225e-01  -8.539386e-01   4.109837e-02   2.318169e+01   1.572465e-01   4.677386e-01  -1.160905e+00  -1.173234e+00   6.927149e-03   4.830414e+01   1.100796e-01  -5.072161e-01  -5.244326e-01   6.234434e-02   3.501217e+00   1.898234e-01
    75  -8.135689e-01  -8.268851e-01   4.532071e-02   2.051799e+01   1.587158e-01   4.651153e-01  -1.135615e+00  -1.148076e+00   7.866679e-03   4.487262e+01   1.100533e-01  -4.717332e-01  -4.891124e-01   7.080011e-02   3.035675e+00   1.867251e-01
    76  -7.865154e-01  -7.998315e-01   4.981675e-02   1.811033e+01   1.601647e-01   4.622502e-01  -1.110028e+00  -1.122633e+00   8.912390e-03   4.140648e+01   1.100232e-01  -4.359674e-01  -4.534822e-01   8.021151e-02   2.620699e+00   1.833921e-01
    77  -7.594618e-01  -7.727780e-01   5.459506e-02   1.594813e+01   1.615709e-01   4.591319e-01  -1.084115e+00  -1.096878e+00   1.007152e-02   3.793446e+01   1.099889e-01  -3.999784e-01  -4.176002e-01   9.064369e-02   2.253153e+00   1.798279e-01
    78  -7.324083e-01  -7.457244e-01   5.966589e-02   1.401742e+01   1.629111e-01   4.557502e-01  -1.057847e+00  -1.070782e+00   1.135078e-02   3.448753e+01   1.099496e-01  -3.638282e-01  -3.815273e-01   1.021570e-01   1.929558e+00   1.760384e-01
    79  -7.053547e-01  -7.186709e-01   6.501849e-02   1.230130e+01   1.641643e-01   4.520987e-01  -1.031192e+00  -1.044315e+00   1.275612e-02   3.109801e+01   1.099044e-01  -3.275802e-01  -3.453261e-01   1.148050e-01   1.646269e+00   1.720385e-01
    80  -6.783012e-01  -6.916173e-01   7.066573e-02   1.077773e+01   1.653297e-01   4.482102e-01  -1.004117e+00  -1.017443e+00   1.429243e-02   2.779860e+01   1.098525e-01  -2.912980e-01  -3.090603e-01   1.286319e-01   1.399568e+00   1.678393e-01
    81  -6.512476e-01  -6.645638e-01   7.661764e-02   9.433902e+00   1.663398e-01   4.439836e-01  -9.765857e-01  -9.901331e-01   1.596333e-02   2.462131e+01   1.097926e-01  -2.550445e-01  -2.727930e-01   1.436700e-01   1.185788e+00   1.634534e-01
    82  -6.241941e-01  -6.375102e-01   8.290954e-02   8.251829e+00   1.671682e-01   4.393847e-01  -9.485613e-01  -9.623475e-01   1.777087e-02   2.159623e+01   1.097233e-01  -2.188812e-01  -2.365865e-01   1.599378e-01   1.001395e+00   1.588955e-01
    83  -5.971405e-01  -6.104567e-01   8.955575e-02   7.215882e+00   1.678143e-01   4.344654e-01  -9.200048e-01  -9.340484e-01   1.971527e-02   1.875035e+01   1.096431e-01  -1.828677e-01  -2.005012e-01   1.774374e-01   8.430463e-01   1.541816e-01
    84  -5.700870e-01  -5.834031e-01   9.652546e-02   6.307507e+00   1.682779e-01   4.292734e-01  -8.908756e-01  -9.051960e-01   2.179475e-02   1.610644e+01   1.095499e-01  -1.470606e-01  -1.645952e-01   1.961527e-01   7.076191e-01   1.493371e-01
    85  -5.430334e-01  -5.563496e-01   1.038951e-01   5.513196e+00   1.685352e-01   4.237895e-01  -8.611324e-01  -8.757494e-01   2.400535e-02   1.368215e+01   1.094417e-01  -1.115142e-01  -1.289238e-01   2.160481e-01   5.922586e-01   1.443819e-01
    86  -5.159799e-01  -5.292960e-01   1.116508e-01   4.818429e+00   1.685352e-01   4.178412e-01  -8.307330e-01  -8.456667e-01   2.634082e-02   1.148929e+01   1.093157e-01  -7.627948e-02  -9.353959e-02   2.370673e-01   4.943672e-01   1.393344e-01
    87  -4.889263e-01  -5.022425e-01   1.198084e-01   4.211163e+00   1.682815e-01   4.114513e-01  -7.996349e-01  -8.149056e-01   2.879262e-02   9.533509e+00   1.091689e-01  -4.140423e-02  -5.849188e-02   2.591336e-01   4.115956e-01   1.342173e-01
    88  -4.618728e-01  -4.751889e-01   1.284089e-01   3.680205e+00   1.678038e-01   4.047831e-01  -7.677959e-01  -7.834237e-01   3.134998e-02   7.814278e+00   1.089978e-01  -6.931832e-03  -2.382609e-02   2.821498e-01   3.418426e-01   1.290595e-01
    89  -4.348193e-01  -4.481354e-01   1.375166e-01   3.217110e+00   1.670833e-01   3.977202e-01  -7.351745e-01  -7.511790e-01   3.400006e-02   6.325256e+00   1.087983e-01   2.709753e-02   1.041606e-02   3.060005e-01   2.832589e-01   1.238799e-01
    90  -4.077657e-01  -4.210819e-01   1.470525e-01   2.812204e+00   1.660989e-01   3.901441e-01  -7.017305e-01  -7.181307e-01   3.672816e-02   5.054974e+00   1.085660e-01   6.064843e-02   4.419689e-02   3.305535e-01   2.342035e-01   1.187051e-01
    91  -3.807122e-01  -3.940283e-01   1.570948e-01   2.456988e+00   1.648497e-01   3.820717e-01  -6.674250e-01  -6.842391e-01   3.951809e-02   3.987779e+00   1.082959e-01   9.368999e-02   7.748336e-02   3.556628e-01   1.932454e-01   1.135608e-01
    92  -3.536586e-01  -3.669748e-01   1.677286e-01   2.146798e+00   1.633678e-01   3.735245e-01  -6.322211e-01  -6.494665e-01   4.235249e-02   3.104945e+00   1.079826e-01   1.261949e-01   1.102465e-01   3.811724e-01   1.591471e-01   1.084652e-01
    93  -3.266051e-01  -3.399212e-01   1.789092e-01   1.875567e+00   1.616664e-01   3.645243e-01  -5.960835e-01  -6.137766e-01   4.521329e-02   2.385846e+00   1.076204e-01   1.581421e-01   1.424622e-01   4.069196e-01   1.308266e-01   1.034481e-01
    94  -2.995515e-01  -3.128677e-01   1.906339e-01   1.637615e+00   1.597298e-01   3.549451e-01  -5.589781e-01  -5.771346e-01   4.808216e-02   1.809097e+00   1.072036e-01   1.895134e-01   1.741109e-01   4.327394e-01   1.073675e-01   9.852361e-02
    95  -2.724980e-01  -2.858141e-01   2.030007e-01   1.428790e+00   1.575449e-01   3.446013e-01  -5.208710e-01  -5.395067e-01   5.094094e-02   1.353567e+00   1.067267e-01   2.202967e-01   2.051778e-01   4.584685e-01   8.797488e-02   9.371626e-02
    96  -2.454444e-01  -2.587606e-01   2.159848e-01   1.245852e+00   1.551714e-01   3.337009e-01  -4.817270e-01  -5.008581e-01   5.377208e-02   9.992075e-01   1.061847e-01   2.504834e-01   2.356523e-01   4.839488e-01   7.198071e-02   8.903872e-02
    97  -2.183909e-01  -2.317070e-01   2.297006e-01   1.085656e+00   1.526161e-01   3.221484e-01  -4.415072e-01  -4.611517e-01   5.655903e-02   7.276595e-01   1.055739e-01   2.800699e-01   2.655286e-01   5.090312e-01   5.881325e-02   8.450863e-02
    98  -1.913373e-01  -2.046535e-01   2.439610e-01   9.449401e-01   1.498565e-01   3.097565e-01  -4.001661e-01  -4.203450e-01   5.928652e-02   5.226388e-01   1.048922e-01   3.090560e-01   2.948048e-01   5.335787e-01   4.799408e-02   8.013549e-02
    99  -1.642838e-01  -1.775999e-01   2.589582e-01   8.212464e-01   1.469024e-01   2.964375e-01  -3.576475e-01  -3.783867e-01   6.194091e-02   3.701093e-01   1.041400e-01   3.374457e-01   3.234828e-01   5.574682e-01   3.911847e-02   7.593052e-02
   100  -1.372302e-01  -1.505464e-01   2.746729e-01   7.129522e-01   1.438015e-01   2.823700e-01  -3.138860e-01  -3.352158e-01   6.451030e-02   2.583275e-01   1.033206e-01   3.652463e-01   3.515684e-01   5.805927e-01   3.184925e-02   7.189925e-02
   101  -1.101767e-01  -1.234928e-01   2.911346e-01   6.181191e-01   1.405687e-01   2.674466e-01  -2.687995e-01  -2.907579e-01   6.698469e-02   1.776149e-01   1.024418e-01   3.924681e-01   3.790704e-01   6.028622e-01   2.590392e-02   6.804707e-02
   102  -8.312314e-02  -9.643929e-02   3.082215e-01   5.349668e-01   1.371859e-01   2.515805e-01  -2.222851e-01  -2.449199e-01   6.935597e-02   1.202101e-01   1.015163e-01   4.191243e-01   4.060006e-01   6.242038e-01   2.104802e-02   6.437580e-02
   103  -5.606959e-02  -6.938574e-02   3.260102e-01   4.619538e-01   1.336467e-01   2.345576e-01  -1.742166e-01  -1.975861e-01   7.161799e-02   8.001632e-02   1.005618e-01   4.452304e-01   4.323735e-01   6.445619e-01   1.708674e-02   6.088582e-02
   104  -2.901604e-02  -4.233219e-02   3.445459e-01   3.981827e-01   1.300087e-01   2.166861e-01  -1.244617e-01  -1.486270e-01   7.376638e-02   5.235320e-02   9.959268e-02   4.708042e-01   4.582055e-01   6.638974e-01   1.385887e-02   5.757601e-02
   105  -1.962495e-03  -1.527865e-02   3.637882e-01   3.425416e-01   1.262812e-01   1.980184e-01  -7.289000e-02  -9.791078e-02   7.579851e-02   3.365562e-02   9.862316e-02   4.958649e-01   4.835153e-01   6.821866e-01   1.123151e-02   5.444276e-02
   106   2.509105e-02   1.177490e-02   3.836941e-01   2.940376e-01   1.224749e-01   1.784652e-01  -1.940332e-02  -4.532377e-02   7.771330e-02   2.126339e-02   9.764948e-02   5.204337e-01   5.083230e-01   6.994197e-01   9.094858e-03   5.148285e-02
   107   5.214460e-02   3.882845e-02   4.041336e-01   2.516352e-01   1.185544e-01   1.582243e-01   3.598461e-02   9.173039e-03   7.951106e-02   1.323076e-02   9.661932e-02   5.445322e-01   5.326501e-01   7.155996e-01   7.359008e-03   4.868994e-02
   108   7.919815e-02   6.588199e-02   4.252048e-01   2.147505e-01   1.145744e-01   1.369457e-01   9.306491e-02   6.546186e-02   8.119333e-02   8.143442e-03   9.539822e-02   5.681838e-01   5.565190e-01   7.307399e-01   5.949833e-03   4.605918e-02
   109   1.062517e-01   9.293554e-02   4.468581e-01   1.827910e-01   1.105452e-01   1.160963e-01   1.513297e-01   1.231737e-01   8.276263e-02   4.995341e-03   9.374598e-02   5.914117e-01   5.799530e-01   7.448636e-01   4.806870e-03   4.358318e-02
   110   1.333052e-01   1.199891e-01   4.690320e-01   1.551218e-01   1.064899e-01   9.417505e-02   2.098980e-01   1.816004e-01   8.422234e-02   3.087386e-03   9.132481e-02   6.142403e-01   6.029760e-01   7.580011e-01   3.880508e-03   4.125532e-02
   111   1.603588e-01   1.470426e-01   4.916783e-01   1.312418e-01   1.024086e-01   7.365823e-02   2.676390e-01   2.397274e-01   8.557652e-02   1.944441e-03   8.784553e-02   6.366938e-01   6.256122e-01   7.701887e-01   3.130266e-03   3.906833e-02
   112   1.874123e-01   1.740962e-01   5.146190e-01   1.106616e-01   9.832126e-02   5.232345e-02   3.234503e-01   2.964406e-01   8.682971e-02   1.258227e-03   8.326354e-02   6.587966e-01   6.478858e-01   7.814674e-01   2.523130e-03   3.701444e-02
   113   2.144659e-01   2.011497e-01   5.378089e-01   9.291950e-02   9.420701e-02   3.274833e-02   3.765394e-01   3.508056e-01   8.798682e-02   8.389554e-04   7.784268e-02   6.805730e-01   6.698213e-01   7.918814e-01   2.032138e-03   3.508670e-02
   114   2.415194e-01   2.282033e-01   5.611992e-01   7.773023e-02   9.011522e-02   1.320478e-02   4.265298e-01   4.022535e-01   8.905301e-02   5.754025e-04   7.201176e-02   7.020470e-01   6.914427e-01   8.014771e-01   1.635380e-03   3.327743e-02
   115   2.685730e-01   2.552568e-01   5.847310e-01   6.476963e-02   8.605355e-02  -4.403654e-03   4.733880e-01   4.505905e-01   9.003354e-02   4.042876e-04   6.616959e-02   7.232422e-01   7.127739e-01   8.103019e-01   1.315010e-03   3.157934e-02
   116   2.956265e-01   2.823104e-01   6.082645e-01   5.374633e-02   8.203631e-02  -2.089173e-02   5.172897e-01   4.958933e-01   9.093373e-02   2.897052e-04   6.058819e-02   7.441820e-01   7.338383e-01   8.184036e-01   1.056512e-03   2.998562e-02
   117   3.226801e-01   3.093639e-01   6.317249e-01   4.440431e-02   7.807455e-02  -3.581677e-02   5.585045e-01   5.383859e-01   9.175884e-02   2.109034e-04   5.541372e-02   7.648886e-01   7.546587e-01   8.258295e-01   8.481066e-04   2.848925e-02
   118   3.497336e-01   3.364175e-01   6.549741e-01   3.651865e-02   7.417948e-02  -4.891611e-02   5.973230e-01   5.783473e-01   9.251402e-02   1.555096e-04   5.069666e-02   7.853840e-01   7.752572e-01   8.326262e-01   6.802223e-04   2.708368e-02
   119   3.767872e-01   3.634710e-01   6.779239e-01   2.988941e-02   7.036354e-02  -6.065699e-02   6.340264e-01   6.160623e-01   9.320429e-02   1.158530e-04   4.643749e-02   8.056893e-01   7.956553e-01   8.388386e-01   5.450903e-04   2.576283e-02
   120   4.038407e-01   3.905246e-01   7.004442e-01   2.434191e-02   6.663688e-02  -7.067009e-02   6.688720e-01   6.517986e-01   9.383445e-02   8.703472e-05   4.261208e-02   8.258246e-01   8.158736e-01   8.445100e-01   4.364161e-04   2.452065e-02
   121   4.308943e-01   4.175781e-01   7.224453e-01   1.972149e-02   6.300982e-02  -7.915780e-02   7.020837e-01   6.857953e-01   9.440910e-02   6.584394e-05   3.918055e-02   8.458091e-01   8.359318e-01   8.496819e-01   3.490966e-04   2.335151e-02
   122   4.579478e-01   4.446317e-01   7.438149e-01   1.589294e-02   5.949329e-02  -8.668782e-02   7.338601e-01   7.182625e-01   9.493262e-02   5.009773e-05   3.610408e-02   8.656612e-01   8.558486e-01   8.543935e-01   2.789974e-04   2.225025e-02
   123   4.850014e-01   4.716852e-01   7.644681e-01   1.273723e-02   5.609268e-02  -9.224893e-02   7.643710e-01   7.493834e-01   9.540910e-02   3.830242e-05   3.334257e-02   8.853983e-01   8.756419e-01   8.586819e-01   2.227744e-04   2.121192e-02
   124   5.120549e-01   4.987388e-01   7.843201e-01   1.015098e-02   5.281972e-02  -9.758122e-02   7.937662e-01   7.793173e-01   9.584241e-02   2.940092e-05   3.086049e-02   9.050366e-01   8.953284e-01   8.625817e-01   1.777228e-04   2.023190e-02
   125   5.391084e-01   5.257923e-01   8.032953e-01   8.043445e-03   4.967582e-02  -1.010531e-01   8.221744e-01   8.082025e-01   9.623618e-02   2.264493e-05   2.862434e-02   9.245914e-01   9.149241e-01   8.661256e-01   1.416566e-04   1.930592e-02
   126   5.661620e-01   5.528458e-01   8.213406e-01   6.336561e-03   4.666930e-02  -1.039893e-01   8.497093e-01   8.361600e-01   9.659376e-02   1.749004e-05   2.660598e-02   9.440772e-01   9.344436e-01   8.693438e-01   1.128105e-04   1.843011e-02
   127   5.932155e-01   5.798994e-01   8.383272e-01   4.962854e-03   4.380308e-02  -1.063634e-01   8.764699e-01   8.632957e-01   9.691827e-02   1.354048e-05   2.477911e-02   9.635071e-01   9.539008e-01   8.722644e-01   8.976083e-05   1.760080e-02
   128   6.202691e-01   6.069529e-01   8.541994e-01   3.861153e-03   4.107406e-02  -1.075469e-01   9.025436e-01   8.897024e-01   9.721261e-02   1.050332e-05   2.312172e-02   9.828935e-01   9.733084e-01   8.749135e-01   7.136010e-05   1.681466e-02
   129   6.473226e-01   6.340065e-01   8.690362e-01   2.986314e-03   3.848938e-02  -1.081878e-01   9.280080e-01   9.154624e-01   9.747945e-02   8.160423e-06   2.161433e-02   1.002248e+00   9.926785e-01   8.773151e-01   5.668419e-05   1.606863e-02
   130   6.743762e-01   6.610600e-01   8.828333e-01   2.296269e-03   3.604820e-02  -1.082606e-01   9.529312e-01   9.406483e-01   9.772124e-02   6.348628e-06   2.023950e-02   1.021581e+00   1.012022e+00   8.794912e-01   4.498973e-05   1.535991e-02
   131   7.014297e-01   6.881136e-01   8.955974e-01   1.755571e-03   3.374852e-02  -1.077045e-01   9.773739e-01   9.653245e-01   9.794025e-02   4.944474e-06   1.898248e-02   1.040901e+00   1.031348e+00   8.814623e-01   3.567940e-05   1.468598e-02
   132   7.284833e-01   7.151671e-01   9.071659e-01   1.334133e-03   3.158651e-02  -1.064583e-01   1.001390e+00   9.895481e-01   9.813854e-02   3.854248e-06   1.783024e-02   1.060219e+00   1.050667e+00   8.832469e-01   2.827369e-05   1.404450e-02
   133   7.555368e-01   7.422207e-01   9.177383e-01   1.007810e-03   2.955931e-02  -1.046248e-01   1.025029e+00   1.013370e+00   9.831802e-02   3.006504e-06   1.677129e-02   1.079541e+00   1.069987e+00   8.848622e-01   2.238807e-05   1.343335e-02
   134   7.825904e-01   7.692742e-01   9.273739e-01   7.573606e-04   2.766228e-02  -1.022898e-01   1.048332e+00   1.036837e+00   9.848042e-02   2.346540e-06   1.579555e-02   1.098875e+00   1.089316e+00   8.863237e-01   1.771447e-05   1.285060e-02
   135   8.096439e-01   7.963278e-01   9.360117e-01   5.662848e-04   2.588982e-02  -9.946723e-02   1.071339e+00   1.059988e+00   9.862732e-02   1.832235e-06   1.489437e-02   1.118228e+00   1.108659e+00   8.876458e-01   1.400635e-05   1.229450e-02
   136   8.366975e-01   8.233813e-01   9.437446e-01   4.211128e-04   2.423684e-02  -9.617600e-02   1.094084e+00   1.082860e+00   9.876016e-02   1.431115e-06   1.406007e-02   1.137605e+00   1.128024e+00   8.888415e-01   1.106663e-05   1.176345e-02
   137   8.637510e-01   8.504349e-01   9.507029e-01   3.118111e-04   2.269556e-02  -9.249878e-02   1.116597e+00   1.105486e+00   9.888027e-02   1.118070e-06   1.328590e-02   1.157012e+00   1.147417e+00   8.899225e-01   8.737914e-06   1.125600e-02
   138   8.908046e-01   8.774884e-01   9.568337e-01   2.299157e-04   2.125962e-02  -8.848502e-02   1.138907e+00   1.127896e+00   9.898885e-02   8.736382e-07   1.256593e-02   1.176453e+00   1.166841e+00   8.908996e-01   6.894611e-06   1.077082e-02
   139   9.178581e-01   9.045420e-01   9.622767e-01   1.688270e-04   1.992291e-02  -8.418349e-02   1.161038e+00   1.150114e+00   9.908698e-02   6.827106e-07   1.189493e-02   1.195933e+00   1.186302e+00   8.917828e-01   5.436626e-06   1.030669e-02
   140   9.449117e-01   9.315955e-01   9.671124e-01   1.235695e-04   1.867728e-02  -7.970816e-02   1.183012e+00   1.172164e+00   9.917565e-02   5.335329e-07   1.126837e-02   1.215455e+00   1.205804e+00   8.925808e-01   4.284248e-06   9.862501e-03
   141   9.719652e-01   9.586491e-01   9.713110e-01   9.015195e-05   1.751719e-02  -7.508999e-02   1.204850e+00   1.194068e+00   9.925576e-02   4.169514e-07   1.068220e-02   1.235022e+00   1.225349e+00   8.933019e-01   3.374061e-06   9.437228e-03
   142   9.990188e-01   9.857026e-01   9.750329e-01   6.559449e-05   1.643580e-02  -7.042105e-02   1.226568e+00   1.215845e+00   9.932813e-02   3.258316e-07   1.013286e-02   1.254638e+00   1.244941e+00   8.939532e-01   2.655657e-06   9.029933e-03
   143   1.026072e+00   1.012756e+00   9.782743e-01   4.762091e-05   1.542677e-02  -6.578035e-02   1.248183e+00   1.237510e+00   9.939350e-02   2.546074e-07   9.617178e-03   1.274304e+00   1.264582e+00   8.945415e-01   2.089005e-06   8.639749e-03
   144   1.053126e+00   1.039810e+00   9.811022e-01   3.449617e-05   1.448554e-02  -6.120833e-02   1.269710e+00   1.259080e+00   9.945254e-02   1.989335e-07   9.132360e-03   1.294023e+00   1.284275e+00   8.950729e-01   1.642339e-06   8.265877e-03
   145   1.080179e+00   1.066863e+00   9.835893e-01   2.495025e-05   1.360589e-02  -5.678570e-02   1.291161e+00   1.280568e+00   9.950586e-02   1.554156e-07   8.675915e-03   1.313796e+00   1.304022e+00   8.955527e-01   1.290475e-06   7.907573e-03
   146   1.107233e+00   1.093917e+00   9.857248e-01   1.802043e-05   1.278367e-02  -5.251126e-02   1.312547e+00   1.301986e+00   9.955400e-02   1.214015e-07   8.245626e-03   1.333624e+00   1.323823e+00   8.959860e-01   1.013462e-06   7.564149e-03
   147   1.134286e+00   1.120970e+00   9.876029e-01   1.300108e-05   1.201437e-02  -4.842062e-02   1.333879e+00   1.323344e+00   9.959747e-02   9.481794e-08   7.839514e-03   1.353508e+00   1.343680e+00   8.963772e-01   7.955071e-07   7.234963e-03
   148   1.161340e+00   1.148024e+00   9.892281e-01   9.372181e-06   1.129389e-02  -4.454298e-02   1.355166e+00   1.344653e+00   9.963672e-02   7.404396e-08   7.455809e-03   1.373450e+00   1.363593e+00   8.967304e-01   6.241192e-07   6.919417e-03
   149   1.188394e+00   1.175077e+00   9.906363e-01   6.751404e-06   1.061906e-02  -4.089733e-02   1.376416e+00   1.365921e+00   9.967214e-02   5.781209e-08   7.092924e-03   1.393449e+00   1.383564e+00   8.970493e-01   4.894248e-07   6.616949e-03
   150   1.215447e+00   1.202131e+00   9.918716e-01   4.861393e-06   9.986215e-03  -3.750668e-02   1.397637e+00   1.387156e+00   9.970413e-02   4.513109e-08   6.749433e-03   1.413505e+00   1.403593e+00   8.973371e-01   3.836259e-07   6.327035e-03
   151   1.242501e+00   1.229185e+00   9.929264e-01   3.499476e-06   9.392551e-03  -3.433462e-02   1.418833e+00   1.408364e+00   9.973300e-02   3.522578e-08   6.424046e-03   1.433619e+00   1.423678e+00   8.975970e-01   3.005678e-07   6.049180e-03
   152   1.269554e+00   1.256238e+00   9.938515e-01   2.518747e-06   8.835343e-03  -3.137916e-02   1.440012e+00   1.429552e+00   9.975905e-02   2.748995e-08   6.115600e-03   1.453789e+00   1.443821e+00   8.978315e-01   2.353959e-07   5.782921e-03
   153   1.296608e+00   1.283292e+00   9.946537e-01   1.812804e-06   8.312062e-03  -2.866351e-02   1.461178e+00   1.450724e+00   9.978257e-02   2.144953e-08   5.823041e-03   1.474015e+00   1.464020e+00   8.980432e-01   1.842840e-07   5.527820e-03
   154   1.323661e+00   1.310345e+00   9.953449e-01   1.304846e-06   7.820563e-03  -2.616589e-02   1.482334e+00   1.471884e+00   9.980380e-02   1.673384e-08   5.545414e-03   1.494296e+00   1.484274e+00   8.982342e-01   1.442181e-07   5.283468e-03
   155   1.350715e+00   1.337399e+00   9.959508e-01   9.393810e-07   7.358670e-03  -2.386081e-02   1.503484e+00   1.493038e+00   9.982296e-02   1.305306e-08   5.281850e-03   1.514630e+00   1.504582e+00   8.984066e-01   1.128257e-07   5.049475e-03
   156   1.377768e+00   1.364452e+00   9.964735e-01   6.764373e-07   6.924499e-03  -2.173738e-02   1.524631e+00   1.514186e+00   9.984025e-02   1.018064e-08   5.031558e-03   1.535016e+00   1.524943e+00   8.985622e-01   8.824002e-08   4.825478e-03
   157   1.404822e+00   1.391506e+00   9.969264e-01   4.872638e-07   6.516367e-03  -1.980443e-02   1.545776e+00   1.535332e+00   9.985585e-02   7.939480e-09   4.793817e-03   1.555451e+00   1.545354e+00   8.987027e-01   6.899351e-08   4.611133e-03
   158   1.431876e+00   1.418559e+00   9.973235e-01   3.511152e-07   6.132606e-03  -1.803614e-02   1.566922e+00   1.556478e+00   9.986993e-02   6.191196e-09   4.567971e-03   1.575933e+00   1.565813e+00   8.988294e-01   5.393288e-08   4.406119e-03
   159   1.458929e+00   1.445613e+00   9.976654e-01   2.531119e-07   5.771744e-03  -1.641060e-02   1.588067e+00   1.577623e+00   9.988264e-02   4.827654e-09   4.353422e-03   1.596459e+00   1.586317e+00   8.989438e-01   4.215235e-08   4.210135e-03
   160   1.485983e+00   1.472666e+00   9.979630e-01   1.825528e-07   5.432439e-03  -1.491662e-02   1.609213e+00   1.598769e+00   9.989411e-02   3.764380e-09   4.149624e-03   1.617024e+00   1.606863e+00   8.990470e-01   3.294097e-08   4.022902e-03
   161   1.513036e+00   1.499720e+00   9.982239e-01   1.317225e-07   5.113412e-03  -1.356678e-02   1.630357e+00   1.619914e+00   9.990446e-02   2.935399e-09   3.956083e-03   1.637625e+00   1.627447e+00   8.991401e-01   2.574095e-08   3.844162e-03
   162   1.540090e+00   1.526774e+00   9.984488e-01   9.509384e-08   4.813496e-03  -1.232297e-02   1.651499e+00   1.641057e+00   9.991379e-02   2.289190e-09   3.772350e-03   1.658256e+00   1.648063e+00   8.992241e-01   2.011492e-08   3.673678e-03
   163   1.567143e+00   1.553827e+00   9.986451e-01   6.869065e-08   4.531656e-03  -1.116659e-02   1.672634e+00   1.662195e+00   9.992222e-02   1.785534e-09   3.598021e-03   1.678911e+00   1.668706e+00   8.993000e-01   1.572010e-08   3.511236e-03
   164   1.594197e+00   1.580881e+00   9.988171e-01   4.964483e-08   4.266862e-03  -1.011153e-02   1.693758e+00   1.683324e+00   9.992982e-02   1.393035e-09   3.432735e-03   1.699582e+00   1.689370e+00   8.993684e-01   1.228797e-08   3.356646e-03
   165   1.621250e+00   1.607934e+00   9.989661e-01   3.590050e-08   4.018218e-03  -9.143588e-03   1.714866e+00   1.704441e+00   9.993668e-02   1.087197e-09   3.276169e-03   1.720262e+00   1.710045e+00   8.994301e-01   9.608274e-09   3.209742e-03
   166   1.648304e+00   1.634988e+00   9.990960e-01   2.597903e-08   3.784999e-03  -8.213379e-03   1.735951e+00   1.725537e+00   9.994287e-02   8.489047e-10   3.128045e-03   1.740939e+00   1.730724e+00   8.994858e-01   7.516463e-09   3.070384e-03
   167   1.675357e+00   1.662041e+00   9.992101e-01   1.881118e-08   3.566339e-03  -7.327656e-03   1.757003e+00   1.746605e+00   9.994845e-02   6.632512e-10   2.988121e-03   1.761602e+00   1.751394e+00   8.995361e-01   5.883806e-09   2.938463e-03
   168   1.702411e+00   1.689095e+00   9.993094e-01   1.363008e-08   3.361575e-03  -6.534952e-03   1.778011e+00   1.767634e+00   9.995349e-02   5.186105e-10   2.856198e-03   1.782236e+00   1.772042e+00   8.995814e-01   4.609641e-09   2.813894e-03
   169   1.729465e+00   1.716148e+00   9.993959e-01   9.884348e-09   3.170378e-03  -5.704528e-03   1.798962e+00   1.788613e+00   9.995804e-02   4.059184e-10   2.732115e-03   1.802824e+00   1.792652e+00   8.996223e-01   3.615287e-09   2.696627e-03
   170   1.756518e+00   1.743202e+00   9.994720e-01   7.173701e-09   2.992000e-03  -4.865593e-03   1.819838e+00   1.809526e+00   9.996214e-02   3.181100e-10   2.615752e-03   1.823347e+00   1.813207e+00   8.996593e-01   2.839266e-09   2.586646e-03
   171   1.783572e+00   1.770255e+00   9.995388e-01   5.210969e-09   2.825996e-03  -4.057768e-03   1.840621e+00   1.830354e+00   9.996584e-02   2.496792e-10   2.507032e-03   1.843780e+00   1.833683e+00   8.996926e-01   2.233561e-09   2.483966e-03
   172   1.810625e+00   1.797309e+00   9.995967e-01   3.789484e-09   2.672449e-03  -3.180681e-03   1.861287e+00   1.851077e+00   9.996918e-02   1.963364e-10   2.405918e-03   1.864098e+00   1.854058e+00   8.997226e-01   1.760680e-09   2.388641e-03
   173   1.837679e+00   1.824363e+00   9.996480e-01   2.759034e-09   2.530932e-03  -2.176258e-03   1.881808e+00   1.871669e+00   9.997219e-02   1.547398e-10   2.312412e-03   1.884268e+00   1.874300e+00   8.997498e-01   1.391364e-09   2.300757e-03
   174   1.864732e+00   1.851416e+00   9.996932e-01   2.011399e-09   2.401136e-03  -1.067767e-03   1.902153e+00   1.892100e+00   9.997491e-02   1.222870e-10   2.226559e-03   1.904255e+00   1.894377e+00   8.997742e-01   1.102782e-09   2.220439e-03
   175   1.891786e+00   1.878470e+00   9.997325e-01   1.468865e-09   2.283804e-03   1.164429e-04   1.922286e+00   1.912336e+00   9.997737e-02   9.695137e-11   2.148441e-03   1.924020e+00   1.914250e+00   8.997963e-01   8.771276e-10   2.147841e-03
   176   1.918839e+00   1.905523e+00   9.997675e-01   1.074727e-09   2.178937e-03   1.654884e-03   1.942165e+00   1.932339e+00   9.997958e-02   7.715435e-11   2.078203e-03   1.943518e+00   1.933878e+00   8.998162e-01   7.005143e-10   2.083149e-03
   177   1.945893e+00   1.932577e+00   9.997984e-01   7.879844e-10   2.086408e-03   3.440330e-03   1.961749e+00   1.952068e+00   9.998158e-02   6.166020e-11   2.016261e-03   1.962700e+00   1.953215e+00   8.998342e-01   5.621028e-10   2.026630e-03
   178   1.972946e+00   1.959630e+00   9.998256e-01   5.792957e-10   2.009119e-03   5.209485e-03   1.981010e+00   1.971486e+00   9.998338e-02   4.946677e-11   1.964810e-03   1.981522e+00   1.972213e+00   8.998504e-01   4.532767e-10   1.979333e-03
   179   2.000000e+00   1.986684e+00   9.998500e-01   4.256516e-10   1.953870e-03   5.709286e-03   2.000000e+00   1.990609e+00   9.998500e-02   3.966366e-11   1.933592e-03   2.000000e+00   1.990859e+00   8.998650e-01   3.662380e-10   1.948514e-03
