     i          log_r       log_rmid          m_tot        rho_tot         v2_tot            eta     lgr[heavy]    lgrm[heavy]       m[heavy]     rho[heavy]      v2[heavy]     lgr[light]    lgrm[light]       m[light]     rho[light]      v2[light]
     0  -3.385223e+00  -3.686252e+00   1.059042e-07   4.539510e+03   1.652201e-01            nan  -3.385223e+00  -3.686252e+00   9.998500e-08   4.292632e+03   1.568904e-01  -2.649486e+00  -2.950516e+00   8.998650e-07   2.397485e+02   3.098486e-01
     1  -3.355137e+00  -3.369920e+00   1.303297e-07   4.532654e+03   1.651232e-01            nan  -3.362861e+00  -3.373898e+00   1.166721e-07   4.288938e+03   1.568901e-01  -2.626883e+00  -2.638037e+00   1.050049e-06   2.367832e+02   3.097614e-01
     2  -3.325052e+00  -3.339834e+00   1.603895e-07   4.531801e+03   1.651144e-01            nan  -3.340500e+00  -3.351536e+00   1.361439e-07   4.288538e+03   1.568901e-01  -2.604289e+00  -2.615439e+00   1.225295e-06   2.364607e+02   3.097518e-01
     3  -3.294967e+00  -3.309749e+00   1.973827e-07   4.530870e+03   1.651058e-01            nan  -3.318139e+00  -3.329176e+00   1.588651e-07   4.288094e+03   1.568901e-01  -2.581700e+00  -2.592847e+00   1.429786e-06   2.361040e+02   3.097411e-01
     4  -3.264882e+00  -3.279664e+00   2.429077e-07   4.529841e+03   1.650973e-01            nan  -3.295779e+00  -3.306815e+00   1.853780e-07   4.287602e+03   1.568900e-01  -2.559112e+00  -2.570259e+00   1.668402e-06   2.357098e+02   3.097293e-01
     5  -3.234797e+00  -3.249579e+00   2.989309e-07   4.528701e+03   1.650890e-01            nan  -3.273419e+00  -3.284455e+00   2.163150e-07   4.287058e+03   1.568900e-01  -2.536520e+00  -2.547669e+00   1.946835e-06   2.352739e+02   3.097162e-01
     6  -3.204712e+00  -3.219494e+00   3.678713e-07   4.527445e+03   1.650809e-01            nan  -3.251059e+00  -3.262096e+00   2.524142e-07   4.286454e+03   1.568899e-01  -2.513923e+00  -2.525075e+00   2.271728e-06   2.347923e+02   3.097016e-01
     7  -3.174627e+00  -3.189409e+00   4.527039e-07   4.526036e+03   1.650731e-01            nan  -3.228699e+00  -3.239735e+00   2.945370e-07   4.285785e+03   1.568899e-01  -2.491315e+00  -2.502472e+00   2.650833e-06   2.342601e+02   3.096855e-01
     8  -3.144542e+00  -3.159324e+00   5.570896e-07   4.524463e+03   1.650656e-01            nan  -3.206338e+00  -3.217375e+00   3.436881e-07   4.285044e+03   1.568898e-01  -2.468693e+00  -2.479857e+00   3.093193e-06   2.336723e+02   3.096676e-01
     9  -3.114457e+00  -3.129239e+00   6.855294e-07   4.522715e+03   1.650584e-01            nan  -3.183977e+00  -3.195014e+00   4.010398e-07   4.284223e+03   1.568897e-01  -2.446054e+00  -2.457226e+00   3.609358e-06   2.330233e+02   3.096477e-01
    10  -3.084372e+00  -3.099154e+00   8.435569e-07   4.520730e+03   1.650517e-01            nan  -3.161615e+00  -3.172652e+00   4.679601e-07   4.283313e+03   1.568897e-01  -2.423395e+00  -2.434577e+00   4.211641e-06   2.323070e+02   3.096256e-01
    11  -3.054287e+00  -3.069069e+00   1.037981e-06   4.518503e+03   1.650453e-01            nan  -3.139251e+00  -3.150289e+00   5.460446e-07   4.282305e+03   1.568896e-01  -2.400711e+00  -2.411905e+00   4.914402e-06   2.315167e+02   3.096011e-01
    12  -3.024202e+00  -3.038984e+00   1.277166e-06   4.516012e+03   1.650394e-01            nan  -3.116886e+00  -3.127925e+00   6.371554e-07   4.281188e+03   1.568895e-01  -2.377998e+00  -2.389206e+00   5.734398e-06   2.306452e+02   3.095738e-01
    13  -2.994117e+00  -3.008899e+00   1.571395e-06   4.513157e+03   1.650342e-01            nan  -3.094520e+00  -3.105559e+00   7.434644e-07   4.279951e+03   1.568894e-01  -2.355252e+00  -2.366476e+00   6.691180e-06   2.296846e+02   3.095436e-01
    14  -2.964032e+00  -2.978814e+00   1.933312e-06   4.509945e+03   1.650295e-01            nan  -3.072152e+00  -3.083192e+00   8.675058e-07   4.278579e+03   1.568893e-01  -2.332470e+00  -2.343712e+00   7.807552e-06   2.286265e+02   3.095099e-01
    15  -2.933947e+00  -2.948729e+00   2.378437e-06   4.506331e+03   1.650256e-01            nan  -3.049782e+00  -3.060823e+00   1.012236e-06   4.277060e+03   1.568892e-01  -2.309645e+00  -2.320908e+00   9.110122e-06   2.274618e+02   3.094725e-01
    16  -2.903862e+00  -2.918644e+00   2.925838e-06   4.502166e+03   1.650226e-01            nan  -3.027410e+00  -3.038452e+00   1.181103e-06   4.275377e+03   1.568890e-01  -2.286774e+00  -2.298059e+00   1.062993e-05   2.261806e+02   3.094308e-01
    17  -2.873777e+00  -2.888559e+00   3.598955e-06   4.497470e+03   1.650206e-01            nan  -3.005035e+00  -3.016078e+00   1.378130e-06   4.273513e+03   1.568889e-01  -2.263850e+00  -2.275161e+00   1.240317e-05   2.247723e+02   3.093845e-01
    18  -2.843692e+00  -2.858474e+00   4.426502e-06   4.492161e+03   1.650196e-01            nan  -2.982657e+00  -2.993702e+00   1.608010e-06   4.271448e+03   1.568887e-01  -2.240867e+00  -2.252206e+00   1.447209e-05   2.232258e+02   3.093329e-01
    19  -2.813607e+00  -2.828389e+00   5.443752e-06   4.486035e+03   1.650201e-01            nan  -2.960276e+00  -2.971323e+00   1.876216e-06   4.269160e+03   1.568885e-01  -2.217819e+00  -2.229190e+00   1.688595e-05   2.215291e+02   3.092755e-01
    20  -2.783522e+00  -2.798304e+00   6.694014e-06   4.479117e+03   1.650219e-01            nan  -2.937892e+00  -2.948940e+00   2.189133e-06   4.266626e+03   1.568883e-01  -2.194698e+00  -2.206105e+00   1.970220e-05   2.196697e+02   3.092115e-01
    21  -2.753437e+00  -2.768219e+00   8.230201e-06   4.471264e+03   1.650254e-01            nan  -2.915503e+00  -2.926553e+00   2.554206e-06   4.263820e+03   1.568881e-01  -2.171497e+00  -2.182943e+00   2.298786e-05   2.176343e+02   3.091402e-01
    22  -2.723352e+00  -2.738134e+00   1.011730e-05   4.462210e+03   1.650310e-01            nan  -2.893110e+00  -2.904162e+00   2.980121e-06   4.260711e+03   1.568878e-01  -2.148207e+00  -2.159696e+00   2.682109e-05   2.154093e+02   3.090606e-01
    23  -2.693267e+00  -2.708049e+00   1.243497e-05   4.451975e+03   1.650387e-01            nan  -2.870712e+00  -2.881767e+00   3.477003e-06   4.257269e+03   1.568876e-01  -2.124818e+00  -2.136355e+00   3.129303e-05   2.129804e+02   3.089718e-01
    24  -2.663181e+00  -2.677964e+00   1.528010e-05   4.440336e+03   1.650490e-01            nan  -2.848309e+00  -2.859366e+00   4.056664e-06   4.253458e+03   1.568872e-01  -2.101321e+00  -2.112911e+00   3.650997e-05   2.103333e+02   3.088727e-01
    25  -2.633096e+00  -2.647879e+00   1.877173e-05   4.426933e+03   1.650624e-01   4.907452e-01  -2.825899e+00  -2.836960e+00   4.732872e-06   4.249237e+03   1.568869e-01  -2.077703e+00  -2.089351e+00   4.259585e-05   2.074533e+02   3.087619e-01
    26  -2.603011e+00  -2.617793e+00   2.305536e-05   4.411692e+03   1.650756e-01   4.907246e-01  -2.803483e+00  -2.814547e+00   5.521683e-06   4.244565e+03   1.568865e-01  -2.053952e+00  -2.065665e+00   4.969515e-05   2.043261e+02   3.086380e-01
    27  -2.572926e+00  -2.587708e+00   2.830691e-05   4.394270e+03   1.650893e-01   4.906978e-01  -2.781059e+00  -2.792126e+00   6.441814e-06   4.239393e+03   1.568861e-01  -2.030056e+00  -2.041840e+00   5.797633e-05   2.009375e+02   3.084994e-01
    28  -2.542841e+00  -2.557623e+00   3.474230e-05   4.374211e+03   1.651053e-01   4.906672e-01  -2.758627e+00  -2.769698e+00   7.515084e-06   4.233668e+03   1.568856e-01  -2.005999e+00  -2.017861e+00   6.763576e-05   1.972743e+02   3.083441e-01
    29  -2.512756e+00  -2.527538e+00   4.262414e-05   4.351543e+03   1.651235e-01   4.906324e-01  -2.736186e+00  -2.747261e+00   8.766923e-06   4.227333e+03   1.568851e-01  -1.981764e+00  -1.993712e+00   7.890231e-05   1.933243e+02   3.081699e-01
    30  -2.482671e+00  -2.497453e+00   5.226710e-05   4.325770e+03   1.651441e-01   4.905919e-01  -2.713734e+00  -2.724815e+00   1.022697e-05   4.220323e+03   1.568845e-01  -1.957336e+00  -1.969379e+00   9.204273e-05   1.890770e+02   3.079746e-01
    31  -2.452586e+00  -2.467368e+00   6.405702e-05   4.296190e+03   1.651683e-01   4.905456e-01  -2.691271e+00  -2.702357e+00   1.192976e-05   4.212567e+03   1.568839e-01  -1.932695e+00  -1.944841e+00   1.073678e-04   1.845237e+02   3.077551e-01
    32  -2.422501e+00  -2.437283e+00   7.846042e-05   4.262881e+03   1.651958e-01   4.904929e-01  -2.668795e+00  -2.679888e+00   1.391553e-05   4.203988e+03   1.568831e-01  -1.907821e+00  -1.920080e+00   1.252398e-04   1.796587e+02   3.075084e-01
    33  -2.392416e+00  -2.407198e+00   9.602940e-05   4.225242e+03   1.652268e-01   4.904317e-01  -2.646305e+00  -2.657405e+00   1.623115e-05   4.194501e+03   1.568824e-01  -1.882692e+00  -1.895075e+00   1.460803e-04   1.744795e+02   3.072307e-01
    34  -2.362331e+00  -2.377113e+00   1.174370e-04   4.182186e+03   1.652633e-01   4.903617e-01  -2.623800e+00  -2.634907e+00   1.893121e-05   4.184013e+03   1.568815e-01  -1.857285e+00  -1.869803e+00   1.703808e-04   1.689873e+02   3.069178e-01
    35  -2.332246e+00  -2.347028e+00   1.434924e-04   4.133955e+03   1.653048e-01   4.902820e-01  -2.601277e+00  -2.612393e+00   2.207926e-05   4.172419e+03   1.568805e-01  -1.831575e+00  -1.844240e+00   1.987134e-04   1.631881e+02   3.065650e-01
    36  -2.302161e+00  -2.316943e+00   1.751393e-04   4.080031e+03   1.653512e-01   4.901898e-01  -2.578736e+00  -2.589860e+00   2.574932e-05   4.159608e+03   1.568794e-01  -1.805536e+00  -1.818361e+00   2.317439e-04   1.570928e+02   3.061667e-01
    37  -2.272076e+00  -2.286858e+00   2.135044e-04   4.018550e+03   1.654061e-01   4.900840e-01  -2.556173e+00  -2.567308e+00   3.002750e-05   4.145456e+03   1.568782e-01  -1.779140e+00  -1.792138e+00   2.702475e-04   1.507182e+02   3.057166e-01
    38  -2.241991e+00  -2.256773e+00   2.599446e-04   3.950211e+03   1.654685e-01   4.899637e-01  -2.533586e+00  -2.544733e+00   3.501400e-05   4.129829e+03   1.568768e-01  -1.752359e+00  -1.765543e+00   3.151260e-04   1.440867e+02   3.052074e-01
    39  -2.211906e+00  -2.226688e+00   3.160254e-04   3.874497e+03   1.655387e-01   4.898254e-01  -2.510974e+00  -2.522133e+00   4.082538e-05   4.112579e+03   1.568753e-01  -1.725163e+00  -1.738548e+00   3.674284e-04   1.372278e+02   3.046307e-01
    40  -2.181821e+00  -2.196603e+00   3.834944e-04   3.789743e+03   1.656196e-01   4.896656e-01  -2.488333e+00  -2.499506e+00   4.759714e-05   4.093546e+03   1.568737e-01  -1.697522e+00  -1.711123e+00   4.283742e-04   1.301794e+02   3.039785e-01
    41  -2.151736e+00  -2.166518e+00   4.645271e-04   3.695907e+03   1.657131e-01   4.894844e-01  -2.465659e+00  -2.476848e+00   5.548679e-05   4.072557e+03   1.568718e-01  -1.669406e+00  -1.683237e+00   4.993811e-04   1.229838e+02   3.032406e-01
    42  -2.121651e+00  -2.136433e+00   5.615514e-04   3.593249e+03   1.658194e-01   4.892785e-01  -2.442950e+00  -2.454156e+00   6.467734e-05   4.049422e+03   1.568697e-01  -1.640787e+00  -1.654861e+00   5.820960e-04   1.156884e+02   3.024057e-01
    43  -2.091566e+00  -2.106348e+00   6.772224e-04   3.481447e+03   1.659370e-01   4.890375e-01  -2.420201e+00  -2.431427e+00   7.538125e-05   4.023938e+03   1.568674e-01  -1.611636e+00  -1.625967e+00   6.784313e-04   1.083454e+02   3.014613e-01
    44  -2.061481e+00  -2.076263e+00   8.144942e-04   3.358419e+03   1.660756e-01   4.887651e-01  -2.397409e+00  -2.408656e+00   8.784517e-05   3.995885e+03   1.568649e-01  -1.581926e+00  -1.596527e+00   7.906065e-04   1.010099e+02   3.003937e-01
    45  -2.031396e+00  -2.046178e+00   9.768953e-04   3.225940e+03   1.662334e-01   4.884561e-01  -2.374568e+00  -2.385838e+00   1.023551e-04   3.965026e+03   1.568620e-01  -1.551634e+00  -1.566516e+00   9.211963e-04   9.373923e+01   2.991878e-01
    46  -2.001311e+00  -2.016093e+00   1.168133e-03   3.084458e+03   1.664112e-01   4.881027e-01  -2.351672e+00  -2.362969e+00   1.192428e-04   3.931109e+03   1.568589e-01  -1.520741e+00  -1.535913e+00   1.073185e-03   8.659029e+01   2.978270e-01
    47  -1.971226e+00  -1.986008e+00   1.392216e-03   2.934450e+03   1.666094e-01   4.876940e-01  -2.328717e+00  -2.340043e+00   1.388921e-04   3.893865e+03   1.568553e-01  -1.489231e+00  -1.504700e+00   1.250029e-03   7.962055e+01   2.962955e-01
    48  -1.941140e+00  -1.955923e+00   1.652748e-03   2.776151e+03   1.668356e-01   4.872316e-01  -2.305695e+00  -2.317054e+00   1.617478e-04   3.853008e+03   1.568514e-01  -1.457096e+00  -1.472866e+00   1.455730e-03   7.288644e+01   2.945824e-01
    49  -1.911055e+00  -1.925838e+00   1.954232e-03   2.609832e+03   1.670965e-01   4.867103e-01  -2.282600e+00  -2.293994e+00   1.883238e-04   3.808238e+03   1.568469e-01  -1.424336e+00  -1.440407e+00   1.694914e-03   6.643388e+01   2.926718e-01
    50  -1.880970e+00  -1.895752e+00   2.301110e-03   2.438362e+03   1.673907e-01   4.861212e-01  -2.259422e+00  -2.270856e+00   2.192140e-04   3.759241e+03   1.568420e-01  -1.390955e+00  -1.407325e+00   1.972926e-03   6.030146e+01   2.905475e-01
    51  -1.850885e+00  -1.865667e+00   2.697569e-03   2.263300e+03   1.677172e-01   4.854426e-01  -2.236153e+00  -2.247631e+00   2.551039e-04   3.705691e+03   1.568364e-01  -1.356967e+00  -1.373629e+00   2.295935e-03   5.451968e+01   2.881936e-01
    52  -1.820800e+00  -1.835582e+00   3.147608e-03   2.086544e+03   1.680831e-01   4.846750e-01  -2.212782e+00  -2.224310e+00   2.967831e-04   3.647254e+03   1.568302e-01  -1.322392e+00  -1.339335e+00   2.671048e-03   4.911285e+01   2.856039e-01
    53  -1.790715e+00  -1.805497e+00   3.654820e-03   1.910094e+03   1.684930e-01   4.838111e-01  -2.189299e+00  -2.200882e+00   3.451610e-04   3.583591e+03   1.568232e-01  -1.287261e+00  -1.304472e+00   3.106449e-03   4.409640e+01   2.827820e-01
    54  -1.760630e+00  -1.775412e+00   4.222291e-03   1.736014e+03   1.689509e-01   4.828409e-01  -2.165690e+00  -2.177334e+00   4.012824e-04   3.514363e+03   1.568154e-01  -1.251611e+00  -1.269071e+00   3.611542e-03   3.947361e+01   2.797205e-01
    55  -1.730545e+00  -1.745327e+00   4.852497e-03   1.566354e+03   1.694605e-01   4.817534e-01  -2.141942e+00  -2.153654e+00   4.663463e-04   3.439239e+03   1.568066e-01  -1.215483e+00  -1.233172e+00   4.197117e-03   3.524021e+01   2.764134e-01
    56  -1.700460e+00  -1.715242e+00   5.547265e-03   1.403063e+03   1.700254e-01   4.805401e-01  -2.118040e+00  -2.129827e+00   5.417261e-04   3.357904e+03   1.567966e-01  -1.178924e+00  -1.196819e+00   4.875535e-03   3.138682e+01   2.728800e-01
    57  -1.670375e+00  -1.685157e+00   6.307790e-03   1.247886e+03   1.706487e-01   4.791911e-01  -2.093964e+00  -2.105835e+00   6.289911e-04   3.270067e+03   1.567854e-01  -1.141985e+00  -1.160062e+00   5.660920e-03   2.789759e+01   2.691395e-01
    58  -1.640290e+00  -1.655072e+00   7.134708e-03   1.102284e+03   1.713324e-01   4.776964e-01  -2.069697e+00  -2.081661e+00   7.299314e-04   3.175474e+03   1.567727e-01  -1.104717e+00  -1.122952e+00   6.569382e-03   2.475184e+01   2.651950e-01
    59  -1.610205e+00  -1.624987e+00   8.028315e-03   9.673620e+02   1.720754e-01   4.760371e-01  -2.045215e+00  -2.057284e+00   8.465830e-04   3.073919e+03   1.567583e-01  -1.067171e+00  -1.085538e+00   7.619247e-03   2.192642e+01   2.610606e-01
    60  -1.580120e+00  -1.594902e+00   8.988872e-03   8.438707e+02   1.728798e-01   4.742125e-01  -2.020496e+00  -2.032680e+00   9.812558e-04   2.965267e+03   1.567419e-01  -1.029396e+00  -1.047873e+00   8.831303e-03   1.939654e+01   2.567864e-01
    61  -1.550035e+00  -1.564817e+00   1.001675e-02   7.321509e+02   1.737445e-01   4.722142e-01  -1.995511e+00  -2.007824e+00   1.136562e-03   2.849461e+03   1.567232e-01  -9.914396e-01  -1.010003e+00   1.022906e-02   1.713714e+01   2.523775e-01
    62  -1.519950e+00  -1.534732e+00   1.111033e-02   6.321684e+02   1.746668e-01   4.700292e-01  -1.970230e+00  -1.982686e+00   1.315444e-03   2.726551e+03   1.567019e-01  -9.533449e-01  -9.719747e-01   1.183900e-02   1.512358e+01   2.478409e-01
    63  -1.489865e+00  -1.504647e+00   1.225595e-02   5.429962e+02   1.756574e-01   4.676913e-01  -1.944618e+00  -1.957235e+00   1.521208e-03   2.596706e+03   1.566774e-01  -9.151492e-01  -9.338273e-01   1.369088e-02   1.333104e+01   2.432394e-01
    64  -1.459780e+00  -1.474562e+00   1.346638e-02   4.645597e+02   1.766994e-01   4.651828e-01  -1.918638e+00  -1.931434e+00   1.757548e-03   2.460242e+03   1.566493e-01  -8.768866e-01  -8.955967e-01   1.581793e-02   1.173758e+01   2.385742e-01
    65  -1.429695e+00  -1.444477e+00   1.474441e-02   3.963554e+02   1.777817e-01   4.624890e-01  -1.892246e+00  -1.905241e+00   2.028572e-03   2.317637e+03   1.566168e-01  -8.385873e-01  -8.573149e-01   1.825715e-02   1.032262e+01   2.338488e-01
    66  -1.399610e+00  -1.414392e+00   1.608641e-02   3.374451e+02   1.788984e-01   4.595908e-01  -1.865394e+00  -1.878612e+00   2.338830e-03   2.169553e+03   1.565791e-01  -8.002748e-01  -8.190087e-01   2.104947e-02   9.066406e+00   2.291097e-01
    67  -1.369525e+00  -1.384307e+00   1.747173e-02   2.865114e+02   1.800508e-01   4.565977e-01  -1.838028e+00  -1.851496e+00   2.693323e-03   2.016849e+03   1.565353e-01  -7.619697e-01  -7.807001e-01   2.423991e-02   7.952042e+00   2.243600e-01
    68  -1.339440e+00  -1.354222e+00   1.893133e-02   2.429951e+02   1.812143e-01   4.534694e-01  -1.810088e+00  -1.823834e+00   3.097518e-03   1.860590e+03   1.564840e-01  -7.236903e-01  -7.424084e-01   2.787766e-02   6.964316e+00   2.195965e-01
    69  -1.309355e+00  -1.324137e+00   2.046180e-02   2.060311e+02   1.823826e-01   4.501527e-01  -1.781506e+00  -1.795562e+00   3.557342e-03   1.702049e+03   1.564236e-01  -6.854506e-01  -7.041497e-01   3.201608e-02   6.089099e+00   2.148420e-01
    70  -1.279270e+00  -1.294052e+00   2.203588e-02   1.745617e+02   1.835410e-01   4.468521e-01  -1.752207e+00  -1.766610e+00   4.079169e-03   1.542700e+03   1.563523e-01  -6.472623e-01  -6.659368e-01   3.671252e-02   5.314146e+00   2.101036e-01
    71  -1.249185e+00  -1.263967e+00   2.369988e-02   1.479704e+02   1.846698e-01   4.434675e-01  -1.722106e+00  -1.736896e+00   4.669785e-03   1.384190e+03   1.562675e-01  -6.091370e-01  -6.277814e-01   4.202806e-02   4.628750e+00   2.053718e-01
    72  -1.219099e+00  -1.233882e+00   2.542557e-02   1.255359e+02   1.857649e-01   4.398964e-01  -1.691110e+00  -1.706332e+00   5.336336e-03   1.228311e+03   1.561660e-01  -5.710856e-01  -5.896947e-01   4.802703e-02   4.023222e+00   2.006439e-01
    73  -1.189014e+00  -1.203797e+00   2.722854e-02   1.065777e+02   1.867681e-01   4.364404e-01  -1.659116e+00  -1.674819e+00   6.086254e-03   1.076934e+03   1.560439e-01  -5.331169e-01  -5.516864e-01   5.477629e-02   3.488788e+00   1.959357e-01
    74  -1.158929e+00  -1.173711e+00   2.913226e-02   9.062695e+01   1.877180e-01   4.328166e-01  -1.626012e+00  -1.642249e+00   6.927149e-03   9.319480e+02   1.558959e-01  -4.952417e-01  -5.137666e-01   6.234434e-02   3.017960e+00   1.912332e-01
    75  -1.128844e+00  -1.143626e+00   3.110115e-02   7.717723e+01   1.885648e-01   4.293577e-01  -1.591676e+00  -1.608505e+00   7.866679e-03   7.951698e+02   1.557155e-01  -4.574723e-01  -4.759466e-01   7.080011e-02   2.603978e+00   1.865247e-01
    76  -1.098759e+00  -1.113541e+00   3.319940e-02   6.584461e+01   1.893137e-01   4.258783e-01  -1.555979e+00  -1.573461e+00   8.912390e-03   6.682521e+02   1.554941e-01  -4.198216e-01  -4.382390e-01   8.021151e-02   2.240693e+00   1.818110e-01
    77  -1.068674e+00  -1.083456e+00   3.537702e-02   5.628205e+01   1.899503e-01   4.224309e-01  -1.518785e+00  -1.536984e+00   1.007152e-02   5.525856e+02   1.552208e-01  -3.823040e-01  -4.006578e-01   9.064369e-02   1.922639e+00   1.770904e-01
    78  -1.038589e+00  -1.053371e+00   3.769491e-02   4.820288e+01   1.904423e-01   4.191207e-01  -1.479960e+00  -1.498939e+00   1.135078e-02   4.492089e+02   1.548817e-01  -3.449369e-01  -3.632187e-01   1.021570e-01   1.644954e+00   1.723501e-01
    79  -1.008504e+00  -1.023286e+00   4.012893e-02   4.136627e+01   1.908154e-01   4.157176e-01  -1.439375e+00  -1.459193e+00   1.275612e-02   3.587358e+02   1.544595e-01  -3.077405e-01  -3.259406e-01   1.148050e-01   1.403224e+00   1.675798e-01
    80  -9.784191e-01  -9.932012e-01   4.271531e-02   3.557042e+01   1.910219e-01   4.126237e-01  -1.396916e+00  -1.417626e+00   1.429243e-02   2.813023e+02   1.539324e-01  -2.707363e-01  -2.888444e-01   1.286319e-01   1.193408e+00   1.627828e-01
    81  -9.483341e-01  -9.631162e-01   4.545638e-02   3.064786e+01   1.911117e-01   4.093657e-01  -1.352497e+00  -1.374139e+00   1.596333e-02   2.165657e+02   1.532744e-01  -2.339486e-01  -2.519530e-01   1.436700e-01   1.011893e+00   1.579546e-01
    82  -9.182491e-01  -9.330311e-01   4.836600e-02   2.645498e+01   1.910323e-01   4.065659e-01  -1.306077e+00  -1.328667e+00   1.777087e-02   1.637448e+02   1.524550e-01  -1.974046e-01  -2.152923e-01   1.599378e-01   8.554113e-01   1.530881e-01
    83  -8.881640e-01  -9.029461e-01   5.147009e-02   2.287668e+01   1.908103e-01   4.035322e-01  -1.257672e+00  -1.281201e+00   1.971527e-02   1.216981e+02   1.514412e-01  -1.611338e-01  -1.788906e-01   1.774374e-01   7.209867e-01   1.481807e-01
    84  -8.580790e-01  -8.728610e-01   5.476720e-02   1.981332e+01   1.904223e-01   4.007759e-01  -1.207372e+00  -1.231794e+00   2.179475e-02   8.903316e+01   1.501987e-01  -1.251662e-01  -1.427777e-01   1.961527e-01   6.059039e-01   1.432435e-01
    85  -8.279939e-01  -8.427760e-01   5.830801e-02   1.718801e+01   1.898993e-01   3.979583e-01  -1.155347e+00  -1.180581e+00   2.400535e-02   6.424296e+01   1.486973e-01  -8.953397e-02  -1.069847e-01   2.160481e-01   5.077483e-01   1.382752e-01
    86  -7.979089e-01  -8.126910e-01   6.207105e-02   1.493018e+01   1.892330e-01   3.953379e-01  -1.101848e+00  -1.127774e+00   2.634082e-02   4.582895e+01   1.469151e-01  -5.427065e-02  -7.154450e-02   2.370673e-01   4.243375e-01   1.332781e-01
    87  -7.678239e-01  -7.826059e-01   6.612551e-02   1.298511e+01   1.884264e-01   3.926957e-01  -1.047193e+00  -1.073661e+00   2.879262e-02   3.240558e+01   1.448439e-01  -1.940832e-02  -3.648976e-02   2.591336e-01   3.536921e-01   1.282713e-01
    88  -7.377388e-01  -7.525209e-01   7.043787e-02   1.130400e+01   1.874599e-01   3.900274e-01  -9.917391e-01  -1.018581e+00   3.134998e-02   2.277157e+01   1.424934e-01   1.502050e-02  -1.852828e-03   2.821498e-01   2.940734e-01   1.232611e-01
    89  -7.076538e-01  -7.224358e-01   7.509068e-02   9.848530e+00   1.863641e-01   3.873779e-01  -9.358551e-01  -9.628988e-01   3.400006e-02   1.593871e+01   1.398908e-01   4.898441e-02   3.233439e-02   3.060005e-01   2.439298e-01   1.182598e-01
    90  -6.775687e-01  -6.923508e-01   8.006818e-02   8.588172e+00   1.851316e-01   3.846806e-01  -8.798867e-01  -9.069699e-01   3.672816e-02   1.113305e+01   1.370800e-01   8.245476e-02   6.604194e-02   3.305535e-01   2.018841e-01   1.132885e-01
    91  -6.474837e-01  -6.622657e-01   8.542728e-02   7.491644e+00   1.837847e-01   3.819911e-01  -8.241303e-01  -8.511143e-01   3.951809e-02   7.770092e+00   1.341137e-01   1.154043e-01   9.924191e-02   3.556628e-01   1.667420e-01   1.083576e-01
    92  -6.173986e-01  -6.321807e-01   9.117386e-02   6.539035e+00   1.822791e-01   3.790985e-01  -7.688178e-01  -7.955940e-01   4.235249e-02   5.422572e+00   1.310492e-01   1.478099e-01   1.319093e-01   3.811724e-01   1.374481e-01   1.034908e-01
    93  -5.873136e-01  -6.020957e-01   9.734281e-02   5.705544e+00   1.806568e-01   3.760895e-01  -7.141092e-01  -7.406026e-01   4.521329e-02   3.784650e+00   1.279401e-01   1.796514e-01   1.640224e-01   4.069196e-01   1.130980e-01   9.870160e-02
    94  -5.572286e-01  -5.720106e-01   1.039935e-01   4.980168e+00   1.788962e-01   3.728832e-01  -6.600955e-01  -6.862632e-01   4.808216e-02   2.641085e+00   1.248337e-01   2.109125e-01   1.955631e-01   4.327394e-01   9.290607e-02   9.400927e-02
    95  -5.271435e-01  -5.419256e-01   1.111120e-01   4.345963e+00   1.770251e-01   3.694974e-01  -6.068051e-01  -6.326335e-01   5.094094e-02   1.841697e+00   1.217682e-01   2.415809e-01   2.265173e-01   4.584685e-01   7.620174e-02   8.942904e-02
    96  -4.970585e-01  -5.118405e-01   1.187868e-01   3.791912e+00   1.750306e-01   3.658471e-01  -5.542115e-01  -5.797127e-01   5.377208e-02   1.282190e+00   1.187723e-01   2.716483e-01   2.568748e-01   4.839488e-01   6.241198e-02   8.497565e-02
    97  -4.669734e-01  -4.817555e-01   1.269859e-01   3.306416e+00   1.728836e-01   3.618151e-01  -5.022459e-01  -5.274519e-01   5.655903e-02   8.903341e-01   1.158669e-01   3.011106e-01   2.866293e-01   5.090312e-01   5.105051e-02   8.066229e-02
    98  -4.368884e-01  -4.516705e-01   1.357978e-01   2.880516e+00   1.706199e-01   3.573684e-01  -4.508001e-01  -4.757617e-01   5.928652e-02   6.158635e-01   1.130662e-01   3.299674e-01   3.157786e-01   5.335787e-01   4.170691e-02   7.649914e-02
    99  -4.068034e-01  -4.215854e-01   1.452543e-01   2.508375e+00   1.682195e-01   3.525508e-01  -3.997353e-01  -4.245176e-01   6.194091e-02   4.238196e-01   1.103795e-01   3.582220e-01   3.443244e-01   5.574682e-01   3.403523e-02   7.249551e-02
   100  -3.767183e-01  -3.915004e-01   1.553695e-01   2.181922e+00   1.657154e-01   3.472148e-01  -3.488867e-01  -3.735672e-01   6.451030e-02   2.897602e-01   1.078135e-01   3.858812e-01   3.722717e-01   5.805927e-01   2.774616e-02   6.865696e-02
   101  -3.466333e-01  -3.614153e-01   1.662220e-01   1.896424e+00   1.630805e-01   3.413679e-01  -2.980608e-01  -3.227307e-01   6.698469e-02   1.964985e-01   1.053748e-01   4.129549e-01   3.996290e-01   6.028622e-01   2.259738e-02   6.498860e-02
   102  -3.165482e-01  -3.313303e-01   1.777492e-01   1.645686e+00   1.602946e-01   3.347948e-01  -2.470450e-01  -2.718043e-01   6.935597e-02   1.319707e-01   1.030687e-01   4.394558e-01   4.264075e-01   6.242038e-01   1.838774e-02   6.149166e-02
   103  -2.864632e-01  -3.012452e-01   1.900793e-01   1.425922e+00   1.573838e-01   3.274469e-01  -1.956045e-01  -2.205636e-01   7.161799e-02   8.763267e-02   1.009028e-01   4.653992e-01   4.526212e-01   6.445619e-01   1.494967e-02   5.816755e-02
   104  -2.563781e-01  -2.711602e-01   2.032202e-01   1.233952e+00   1.543419e-01   3.194527e-01  -1.434817e-01  -1.687616e-01   7.376638e-02   5.743219e-02   9.888818e-02   4.908022e-01   4.782864e-01   6.638974e-01   1.214496e-02   5.501379e-02
   105  -2.262931e-01  -2.410752e-01   2.171947e-01   1.065929e+00   1.511939e-01   3.104416e-01  -9.042280e-02  -1.161424e-01   7.579851e-02   3.710274e-02   9.702788e-02   5.156842e-01   5.034214e-01   6.821866e-01   9.858914e-03   5.202894e-02
   106  -1.962081e-01  -2.109901e-01   2.320776e-01   9.193505e-01   1.479179e-01   3.006092e-01  -3.617421e-02  -6.245201e-02   7.771330e-02   2.359796e-02   9.532774e-02   5.400655e-01   5.280459e-01   6.994197e-01   7.997483e-03   4.920776e-02
   107  -1.661230e-01  -1.809051e-01   2.477465e-01   7.912526e-01   1.445139e-01   2.896342e-01   1.944398e-02  -7.475374e-03   7.951106e-02   1.478184e-02   9.375530e-02   5.639683e-01   5.521813e-01   7.155996e-01   6.482866e-03   4.654665e-02
   108  -1.360380e-01  -1.508200e-01   2.643447e-01   6.793122e-01   1.409721e-01   2.774146e-01   7.649791e-02   4.890718e-02   8.119333e-02   9.134246e-03   9.224349e-02   5.874153e-01   5.758500e-01   7.307399e-01   5.251506e-03   4.403901e-02
   109  -1.059529e-01  -1.207350e-01   2.818395e-01   5.819639e-01   1.373168e-01   2.641220e-01   1.348138e-01   1.066339e-01   8.276263e-02   5.595041e-03   9.063010e-02   6.104301e-01   5.990751e-01   7.448636e-01   4.251087e-03   4.167923e-02
   110  -7.586789e-02  -9.064995e-02   3.002708e-01   4.973696e-01   1.335582e-01   2.493523e-01   1.938676e-01   1.653437e-01   8.422234e-02   3.425911e-03   8.863384e-02   6.330368e-01   6.218805e-01   7.580011e-01   3.438877e-03   3.946047e-02
   111  -4.578285e-02  -6.056491e-02   3.196309e-01   4.240340e-01   1.296949e-01   2.334965e-01   2.527666e-01   2.243148e-01   8.557652e-02   2.120357e-03   8.590937e-02   6.552597e-01   6.442904e-01   7.701887e-01   2.779913e-03   3.737571e-02
   112  -1.569781e-02  -3.047987e-02   3.398914e-01   3.605206e-01   1.257431e-01   2.161058e-01   3.104017e-01   2.825396e-01   8.682971e-02   1.341209e-03   8.220000e-02   6.771233e-01   6.663291e-01   7.814674e-01   2.245609e-03   3.541831e-02
   113   1.438723e-02  -3.948273e-04   3.610545e-01   3.056529e-01   1.217015e-01   1.975712e-01   3.657538e-01   3.389590e-01   8.798682e-02   8.732751e-04   7.751951e-02   6.986520e-01   6.880210e-01   7.918814e-01   1.812685e-03   3.358081e-02
   114   4.447228e-02   2.969021e-02   3.829641e-01   2.582453e-01   1.175606e-01   1.775347e-01   4.181539e-01   3.927437e-01   8.905301e-02   5.862125e-04   7.216575e-02   7.198700e-01   7.093906e-01   8.014771e-01   1.462121e-03   3.185652e-02
   115   7.455732e-02   5.977526e-02   4.057237e-01   2.174402e-01   1.133440e-01   1.563968e-01   4.673425e-01   4.434443e-01   9.003354e-02   4.046227e-04   6.654977e-02   7.408013e-01   7.304617e-01   8.103019e-01   1.178443e-03   3.023850e-02
   116   1.046424e-01   8.986030e-02   4.292056e-01   1.824525e-01   1.090700e-01   1.342417e-01   5.133701e-01   4.909658e-01   9.093373e-02   2.858929e-04   6.102157e-02   7.614691e-01   7.512581e-01   8.184036e-01   9.490515e-04   2.871989e-02
   117   1.347274e-01   1.199453e-01   4.534210e-01   1.525320e-01   1.047526e-01   1.115031e-01   5.564593e-01   5.354488e-01   9.175884e-02   2.058637e-04   5.580441e-02   7.818966e-01   7.718029e-01   8.258295e-01   7.636849e-04   2.729446e-02
   118   1.648124e-01   1.500304e-01   4.782122e-01   1.270203e-01   1.004045e-01   8.830913e-02   5.968994e-01   5.771499e-01   9.251402e-02   1.505133e-04   5.100304e-02   8.021058e-01   7.921187e-01   8.326262e-01   6.140082e-04   2.595587e-02
   119   1.948975e-01   1.801154e-01   5.035595e-01   1.053380e-01   9.603849e-02   6.532222e-02   6.349905e-01   6.163624e-01   9.320429e-02   1.114013e-04   4.664791e-02   8.221182e-01   8.122272e-01   8.388386e-01   4.932446e-04   2.469811e-02
   120   2.249825e-01   2.102005e-01   5.292941e-01   8.697242e-02   9.167102e-02   4.256608e-02   6.710164e-01   6.533769e-01   9.383445e-02   8.327057e-05   4.272934e-02   8.419545e-01   8.321496e-01   8.445100e-01   3.958852e-04   2.351568e-02
   121   2.550676e-01   2.402855e-01   5.553535e-01   7.147572e-02   8.731551e-02   2.098567e-02   7.052294e-01   6.884597e-01   9.440910e-02   6.275124e-05   3.921672e-02   8.616346e-01   8.519060e-01   8.496819e-01   3.174608e-04   2.240316e-02
   122   2.851526e-01   2.703705e-01   5.815668e-01   5.845113e-02   8.299062e-02   2.571648e-04   7.378505e-01   7.218461e-01   9.493262e-02   4.760723e-05   3.607046e-02   8.811772e-01   8.715158e-01   8.543935e-01   2.543440e-04   2.135549e-02
   123   3.152377e-01   3.004556e-01   6.078344e-01   4.755327e-02   7.870989e-02  -1.832431e-02   7.690738e-01   7.537427e-01   9.540910e-02   3.631823e-05   3.325268e-02   9.006004e-01   8.909974e-01   8.586819e-01   2.035915e-04   2.036799e-02
   124   3.453227e-01   3.305406e-01   6.339898e-01   3.847633e-02   7.449378e-02  -3.592036e-02   7.990652e-01   7.843283e-01   9.584241e-02   2.783609e-05   3.072447e-02   9.199212e-01   9.103683e-01   8.625817e-01   1.628185e-04   1.943627e-02
   125   3.754077e-01   3.606257e-01   6.599079e-01   3.095552e-02   7.035338e-02  -5.042797e-02   8.279708e-01   8.137584e-01   9.623618e-02   2.141720e-05   2.845303e-02   9.391554e-01   9.296448e-01   8.661256e-01   1.300932e-04   1.855620e-02
   126   4.054928e-01   3.907107e-01   6.854345e-01   2.475632e-02   6.631142e-02  -6.460258e-02   8.559165e-01   8.421684e-01   9.659376e-02   1.653235e-05   2.640693e-02   9.583180e-01   9.488424e-01   8.693438e-01   1.038519e-04   1.772397e-02
   127   4.355778e-01   4.207958e-01   7.104333e-01   1.967702e-02   6.237342e-02  -7.476629e-02   8.830130e-01   8.696760e-01   9.691827e-02   1.279609e-05   2.455998e-02   9.774230e-01   9.679756e-01   8.722644e-01   8.282975e-05   1.693611e-02
   128   4.656629e-01   4.508808e-01   7.347595e-01   1.553976e-02   5.856186e-02  -8.465849e-02   9.093573e-01   8.963848e-01   9.721261e-02   9.926461e-06   2.288830e-02   9.964834e-01   9.870578e-01   8.749135e-01   6.600465e-05   1.618939e-02
   129   4.957479e-01   4.809658e-01   7.580812e-01   1.218552e-02   5.487585e-02  -9.221648e-02   9.350345e-01   9.223857e-01   9.747945e-02   7.714850e-06   2.137133e-02   1.015511e+00   1.006101e+00   8.773151e-01   5.255150e-05   1.548082e-02
   130   5.258329e-01   5.110509e-01   7.804793e-01   9.486508e-03   5.133207e-02  -9.835252e-02   9.601205e-01   9.477586e-01   9.772124e-02   6.005126e-06   1.999133e-02   1.034517e+00   1.025118e+00   8.794912e-01   4.180461e-05   1.480771e-02
   131   5.559180e-01   5.411359e-01   8.018573e-01   7.333962e-03   4.794458e-02  -1.036468e-01   9.846821e-01   9.725749e-01   9.794025e-02   4.680173e-06   1.873237e-02   1.053512e+00   1.044118e+00   8.814623e-01   3.322757e-05   1.416758e-02
   132   5.860030e-01   5.712210e-01   8.221289e-01   5.629742e-03   4.471820e-02  -1.073146e-01   1.008779e+00   9.968974e-01   9.813854e-02   3.651300e-06   1.758082e-02   1.072504e+00   1.063112e+00   8.832469e-01   2.638855e-05   1.355819e-02
   133   6.160881e-01   6.013060e-01   8.409912e-01   4.288869e-03   4.165557e-02  -1.098240e-01   1.032463e+00   1.020782e+00   9.831802e-02   2.850924e-06   1.652484e-02   1.091503e+00   1.082108e+00   8.848622e-01   2.094029e-05   1.297748e-02
   134   6.461731e-01   6.313911e-01   8.585813e-01   3.241006e-03   3.875898e-02  -1.116204e-01   1.055782e+00   1.044279e+00   9.848042e-02   2.227411e-06   1.555396e-02   1.110516e+00   1.101114e+00   8.863237e-01   1.660382e-05   1.242359e-02
   135   6.762582e-01   6.614761e-01   8.749402e-01   2.431679e-03   3.603445e-02  -1.125360e-01   1.078779e+00   1.067433e+00   9.862732e-02   1.741139e-06   1.465895e-02   1.129550e+00   1.120138e+00   8.876458e-01   1.315527e-05   1.189483e-02
   136   7.063432e-01   6.915611e-01   8.897733e-01   1.810443e-03   3.347885e-02  -1.126111e-01   1.101491e+00   1.090284e+00   9.876016e-02   1.361543e-06   1.383188e-02   1.148612e+00   1.139186e+00   8.888415e-01   1.041516e-05   1.138964e-02
   137   7.364282e-01   7.216462e-01   9.033599e-01   1.337417e-03   3.109000e-02  -1.118457e-01   1.123952e+00   1.112867e+00   9.888027e-02   1.064994e-06   1.306578e-02   1.167706e+00   1.158264e+00   8.899225e-01   8.239753e-06   1.090664e-02
   138   7.665133e-01   7.517312e-01   9.156010e-01   9.812579e-04   2.886460e-02  -1.102560e-01   1.146192e+00   1.135214e+00   9.898885e-02   8.331891e-07   1.235448e-02   1.186839e+00   1.177378e+00   8.908996e-01   6.514074e-06   1.044456e-02
   139   7.965983e-01   7.818163e-01   9.265751e-01   7.142838e-04   2.679749e-02  -1.079535e-01   1.168237e+00   1.157354e+00   9.908698e-02   6.519111e-07   1.169259e-02   1.206014e+00   1.196532e+00   8.917828e-01   5.146233e-06   1.000223e-02
   140   8.266834e-01   8.119013e-01   9.363590e-01   5.167730e-04   2.488120e-02  -1.050063e-01   1.190114e+00   1.179313e+00   9.917565e-02   5.101009e-07   1.107534e-02   1.225235e+00   1.215731e+00   8.925808e-01   4.062865e-06   9.578595e-03
   141   8.567684e-01   8.419863e-01   9.450041e-01   3.712349e-04   2.310956e-02  -1.013986e-01   1.211842e+00   1.201114e+00   9.925576e-02   3.991402e-07   1.049859e-02   1.244506e+00   1.234978e+00   8.933019e-01   3.205453e-06   9.172687e-03
   142   8.868534e-01   8.720714e-01   9.526057e-01   2.652427e-04   2.147185e-02  -9.726474e-02   1.233442e+00   1.222776e+00   9.932813e-02   3.123041e-07   9.958671e-03   1.263831e+00   1.254276e+00   8.939532e-01   2.527367e-06   8.783619e-03
   143   9.169385e-01   9.021564e-01   9.592698e-01   1.883844e-04   1.996129e-02  -9.263042e-02   1.254930e+00   1.244319e+00   9.939350e-02   2.443414e-07   9.452330e-03   1.283210e+00   1.273629e+00   8.945415e-01   1.991484e-06   8.410577e-03
   144   9.470235e-01   9.322415e-01   9.650405e-01   1.331882e-04   1.856662e-02  -8.766092e-02   1.276324e+00   1.265759e+00   9.945254e-02   1.911487e-07   8.976695e-03   1.302647e+00   1.293037e+00   8.950729e-01   1.568277e-06   8.052812e-03
   145   9.771086e-01   9.623265e-01   9.700889e-01   9.373758e-05   1.727998e-02  -8.240798e-02   1.297635e+00   1.287110e+00   9.950586e-02   1.495168e-07   8.529222e-03   1.322144e+00   1.312505e+00   8.955527e-01   1.234281e-06   7.709632e-03
   146   1.007194e+00   9.924116e-01   9.743900e-01   6.573017e-05   1.609169e-02  -7.699353e-02   1.318878e+00   1.308387e+00   9.955400e-02   1.169351e-07   8.107649e-03   1.341701e+00   1.332032e+00   8.959860e-01   9.708647e-07   7.380396e-03
   147   1.037279e+00   1.022497e+00   9.781290e-01   4.594413e-05   1.499340e-02  -7.153651e-02   1.340063e+00   1.329600e+00   9.959747e-02   9.143872e-08   7.709965e-03   1.361319e+00   1.351621e+00   8.963772e-01   7.632466e-07   7.064512e-03
   148   1.067364e+00   1.052582e+00   9.813179e-01   3.202405e-05   1.397769e-02  -6.614665e-02   1.361200e+00   1.350760e+00   9.963672e-02   7.148920e-08   7.334377e-03   1.381001e+00   1.371272e+00   8.967304e-01   5.997096e-07   6.761427e-03
   149   1.097449e+00   1.082667e+00   9.840555e-01   2.227574e-05   1.303657e-02  -6.088314e-02   1.382298e+00   1.371877e+00   9.967214e-02   5.588210e-08   6.979280e-03   1.400745e+00   1.390985e+00   8.970493e-01   4.709727e-07   6.470627e-03
   150   1.127534e+00   1.112752e+00   9.864034e-01   1.546608e-05   1.216442e-02  -5.575781e-02   1.403364e+00   1.392959e+00   9.970413e-02   4.367426e-08   6.643238e-03   1.420551e+00   1.410761e+00   8.973371e-01   3.696905e-07   6.191629e-03
   151   1.157619e+00   1.142837e+00   9.883909e-01   1.072419e-05   1.135462e-02  -5.096257e-02   1.424406e+00   1.414013e+00   9.973300e-02   3.412701e-08   6.324962e-03   1.440421e+00   1.430600e+00   8.975970e-01   2.900536e-07   5.923985e-03
   152   1.187704e+00   1.172922e+00   9.901053e-01   7.428779e-06   1.060221e-02  -4.640657e-02   1.445430e+00   1.435045e+00   9.975905e-02   2.666195e-08   6.023289e-03   1.460353e+00   1.450501e+00   8.978315e-01   2.274711e-07   5.667272e-03
   153   1.217789e+00   1.203007e+00   9.915473e-01   5.142587e-06   9.902352e-03  -4.213691e-02   1.466440e+00   1.456062e+00   9.978257e-02   2.082616e-08   5.737170e-03   1.480345e+00   1.470464e+00   8.980432e-01   1.783172e-07   5.421095e-03
   154   1.247874e+00   1.233092e+00   9.927874e-01   3.558449e-06   9.250798e-03  -3.821921e-02   1.487440e+00   1.477067e+00   9.980380e-02   1.626499e-08   5.465657e-03   1.500398e+00   1.490488e+00   8.982342e-01   1.397306e-07   5.185083e-03
   155   1.277959e+00   1.263177e+00   9.938387e-01   2.461887e-06   8.643832e-03  -3.456761e-02   1.508435e+00   1.498064e+00   9.982296e-02   1.270082e-08   5.207893e-03   1.520509e+00   1.510570e+00   8.984066e-01   1.094548e-07   4.958885e-03
   156   1.308044e+00   1.293262e+00   9.947351e-01   1.703211e-06   8.077905e-03  -3.125064e-02   1.529427e+00   1.519058e+00   9.984025e-02   9.916333e-09   4.963098e-03   1.540677e+00   1.530710e+00   8.985622e-01   8.571138e-08   4.742177e-03
   157   1.338129e+00   1.323347e+00   9.955004e-01   1.178574e-06   7.550088e-03  -2.820445e-02   1.550418e+00   1.540049e+00   9.985585e-02   7.741432e-09   4.730568e-03   1.560898e+00   1.550905e+00   8.987027e-01   6.709954e-08   4.534652e-03
   158   1.368214e+00   1.353432e+00   9.961494e-01   8.157656e-07   7.057462e-03  -2.542812e-02   1.571410e+00   1.561041e+00   9.986993e-02   6.043036e-09   4.509663e-03   1.581171e+00   1.571153e+00   8.988294e-01   5.251675e-08   4.336025e-03
   159   1.398299e+00   1.383517e+00   9.967062e-01   5.648917e-07   6.597624e-03  -2.291998e-02   1.592402e+00   1.582033e+00   9.988264e-02   4.717025e-09   4.299801e-03   1.601491e+00   1.591450e+00   8.989438e-01   4.109566e-08   4.146031e-03
   160   1.428384e+00   1.413602e+00   9.971775e-01   3.913584e-07   6.168206e-03  -2.062466e-02   1.613395e+00   1.603025e+00   9.989411e-02   3.681964e-09   4.100457e-03   1.621854e+00   1.611792e+00   8.990470e-01   3.215438e-08   3.964427e-03
   161   1.458469e+00   1.443687e+00   9.975830e-01   2.712967e-07   5.767213e-03  -1.857125e-02   1.634386e+00   1.624017e+00   9.990446e-02   2.874171e-09   3.911157e-03   1.642256e+00   1.632175e+00   8.991401e-01   2.515714e-08   3.790987e-03
   162   1.488554e+00   1.473772e+00   9.979262e-01   1.881841e-07   5.392696e-03  -1.669534e-02   1.655374e+00   1.645007e+00   9.991379e-02   2.243859e-09   3.731473e-03   1.662690e+00   1.652593e+00   8.992241e-01   1.968319e-08   3.625512e-03
   163   1.518639e+00   1.503857e+00   9.982220e-01   1.306267e-07   5.042982e-03  -1.500378e-02   1.676355e+00   1.665991e+00   9.992222e-02   1.752116e-09   3.561024e-03   1.683149e+00   1.673040e+00   8.993000e-01   1.540227e-08   3.467822e-03
   164   1.548724e+00   1.533942e+00   9.984727e-01   9.073777e-08   4.716473e-03  -1.346838e-02   1.697323e+00   1.686965e+00   9.992982e-02   1.368535e-09   3.399472e-03   1.703626e+00   1.693508e+00   8.993684e-01   1.205535e-08   3.317762e-03
   165   1.578809e+00   1.564027e+00   9.986891e-01   6.308036e-08   4.411783e-03  -1.206232e-02   1.718273e+00   1.707924e+00   9.993668e-02   1.069361e-09   3.246523e-03   1.724110e+00   1.713989e+00   8.994301e-01   9.439287e-09   3.175202e-03
   166   1.608894e+00   1.594112e+00   9.988729e-01   4.388710e-08   4.127586e-03  -1.079438e-02   1.739196e+00   1.728861e+00   9.994287e-02   8.360427e-10   3.101922e-03   1.744590e+00   1.734471e+00   8.994858e-01   7.394919e-09   3.040037e-03
   167   1.638979e+00   1.624197e+00   9.990316e-01   3.056123e-08   3.862789e-03  -9.590202e-03   1.760082e+00   1.749765e+00   9.994845e-02   6.540926e-10   2.965459e-03   1.765053e+00   1.754942e+00   8.995361e-01   5.797558e-09   2.912196e-03
   168   1.669065e+00   1.654282e+00   9.991670e-01   2.129972e-08   3.616268e-03  -8.522636e-03   1.780918e+00   1.770625e+00   9.995349e-02   5.122027e-10   2.836961e-03   1.785481e+00   1.775387e+00   8.995814e-01   4.549584e-09   2.791632e-03
   169   1.699150e+00   1.684368e+00   9.992838e-01   1.486029e-08   3.387290e-03  -7.448358e-03   1.801689e+00   1.791428e+00   9.995804e-02   4.015479e-10   2.716303e-03   1.805857e+00   1.795789e+00   8.996223e-01   3.574601e-09   2.678335e-03
   170   1.729235e+00   1.714453e+00   9.993840e-01   1.037760e-08   3.174809e-03  -6.486392e-03   1.822376e+00   1.812156e+00   9.996214e-02   3.152423e-10   2.603397e-03   1.826159e+00   1.816127e+00   8.996593e-01   2.812849e-09   2.572327e-03
   171   1.759320e+00   1.744538e+00   9.994702e-01   7.256342e-09   2.978642e-03  -5.438279e-03   1.842958e+00   1.832789e+00   9.996584e-02   2.479147e-10   2.498201e-03   1.846360e+00   1.836377e+00   8.996926e-01   2.217598e-09   2.473668e-03
   172   1.789405e+00   1.774623e+00   9.995447e-01   5.079799e-09   2.797714e-03  -4.454004e-03   1.863408e+00   1.853303e+00   9.996918e-02   1.953764e-10   2.400714e-03   1.866431e+00   1.856512e+00   8.997226e-01   1.752325e-09   2.382451e-03
   173   1.819490e+00   1.804708e+00   9.996087e-01   3.561868e-09   2.632487e-03  -3.308373e-03   1.883697e+00   1.873671e+00   9.997219e-02   1.543614e-10   2.310977e-03   1.886339e+00   1.876499e+00   8.997498e-01   1.388493e-09   2.298807e-03
   174   1.849575e+00   1.834793e+00   9.996643e-01   2.501447e-09   2.481950e-03  -2.106894e-03   1.903790e+00   1.893860e+00   9.997491e-02   1.223241e-10   2.229074e-03   1.906044e+00   1.896303e+00   8.997742e-01   1.103815e-09   2.222901e-03
   175   1.879660e+00   1.864878e+00   9.997123e-01   1.760568e-09   2.347291e-03  -6.829719e-04   1.923648e+00   1.913833e+00   9.997737e-02   9.728030e-11   2.155128e-03   1.925503e+00   1.915882e+00   8.997963e-01   8.808890e-10   2.154930e-03
   176   1.909745e+00   1.894963e+00   9.997541e-01   1.241871e-09   2.227662e-03   9.826054e-04   1.943228e+00   1.933549e+00   9.997958e-02   7.768292e-11   2.089330e-03   1.944671e+00   1.935193e+00   8.998162e-01   7.061325e-10   2.095121e-03
   177   1.939830e+00   1.925048e+00   9.997904e-01   8.787163e-10   2.125467e-03   3.019960e-03   1.962486e+00   1.952964e+00   9.998158e-02   6.231788e-11   2.032210e-03   1.963496e+00   1.954185e+00   8.998342e-01   5.689275e-10   2.043796e-03
   178   1.969915e+00   1.955133e+00   9.998221e-01   6.236646e-10   2.040223e-03   5.221936e-03   1.981394e+00   1.972043e+00   9.998338e-02   5.019560e-11   1.986251e-03   1.981935e+00   1.972813e+00   8.998504e-01   4.607962e-10   2.002181e-03
   179   2.000000e+00   1.985218e+00   9.998500e-01   4.430235e-10   1.983756e-03   6.214173e-03   2.000000e+00   1.990797e+00   9.998500e-02   4.043021e-11   1.960866e-03   2.000000e+00   1.991061e+00   8.998650e-01   3.740793e-10   1.977564e-03
