     i          log_r       log_rmid          m_tot        rho_tot         v2_tot            eta     lgr[heavy]    lgrm[heavy]       m[heavy]     rho[heavy]      v2[heavy]     lgr[light]    lgrm[light]       m[light]     rho[light]      v2[light]
     0  -4.588242e+00  -4.889272e+00   1.039308e-07   1.759601e+07   2.344733e-01            nan  -4.588242e+00  -4.889272e+00   9.998500e-08   1.744946e+07   2.325732e-01  -3.122594e+00  -3.423624e+00   8.998650e-07   6.296243e+03   4.689778e-01
     1  -4.551436e+00  -4.569449e+00   1.331803e-07   1.735938e+07   2.335473e-01            nan  -4.565709e+00  -4.576829e+00   1.166721e-07   1.729125e+07   2.325707e-01  -3.080930e+00  -3.101263e+00   1.050049e-06   3.150900e+03   4.708175e-01
     2  -4.514630e+00  -4.532643e+00   1.707493e-07   1.732406e+07   2.334753e-01            nan  -4.543182e+00  -4.554299e+00   1.361439e-07   1.727411e+07   2.325704e-01  -3.039858e+00  -3.059909e+00   1.225295e-06   2.802947e+03   4.710957e-01
     3  -4.477824e+00  -4.495838e+00   2.190029e-07   1.728352e+07   2.334086e-01            nan  -4.520659e+00  -4.531775e+00   1.588651e-07   1.725519e+07   2.325701e-01  -2.999252e+00  -3.019081e+00   1.429786e-06   2.495224e+03   4.712799e-01
     4  -4.441019e+00  -4.459032e+00   2.809681e-07   1.723747e+07   2.333470e-01            nan  -4.498138e+00  -4.509252e+00   1.853780e-07   1.723430e+07   2.325698e-01  -2.959038e+00  -2.978680e+00   1.668402e-06   2.224025e+03   4.713258e-01
     5  -4.404213e+00  -4.422226e+00   3.605262e-07   1.718457e+07   2.332900e-01            nan  -4.475614e+00  -4.486730e+00   2.163150e-07   1.721123e+07   2.325694e-01  -2.919169e+00  -2.938646e+00   1.946835e-06   1.985209e+03   4.711954e-01
     6  -4.367407e+00  -4.385420e+00   4.626331e-07   1.712314e+07   2.332372e-01            nan  -4.453086e+00  -4.464204e+00   2.524142e-07   1.718576e+07   2.325690e-01  -2.879633e+00  -2.898951e+00   2.271728e-06   1.775807e+03   4.708346e-01
     7  -4.330601e+00  -4.348614e+00   5.936193e-07   1.705258e+07   2.331883e-01            nan  -4.430551e+00  -4.441672e+00   2.945370e-07   1.715762e+07   2.325686e-01  -2.840431e+00  -2.859590e+00   2.650833e-06   1.592234e+03   4.702027e-01
     8  -4.293795e+00  -4.311809e+00   7.615780e-07   1.697019e+07   2.331431e-01            nan  -4.408006e+00  -4.419132e+00   3.436881e-07   1.712655e+07   2.325681e-01  -2.801575e+00  -2.820569e+00   3.093193e-06   1.431543e+03   4.692564e-01
     9  -4.256990e+00  -4.275003e+00   9.767434e-07   1.687446e+07   2.331013e-01            nan  -4.385449e+00  -4.396581e+00   4.010398e-07   1.709223e+07   2.325675e-01  -2.763080e+00  -2.781901e+00   3.609358e-06   1.290846e+03   4.679630e-01
    10  -4.220184e+00  -4.238197e+00   1.252194e-06   1.676415e+07   2.330624e-01            nan  -4.362878e+00  -4.374017e+00   4.679601e-07   1.705433e+07   2.325669e-01  -2.724965e+00  -2.743604e+00   4.211641e-06   1.167600e+03   4.662976e-01
    11  -4.183378e+00  -4.201391e+00   1.604466e-06   1.663401e+07   2.330264e-01            nan  -4.340289e+00  -4.351437e+00   5.460446e-07   1.701246e+07   2.325663e-01  -2.687243e+00  -2.705694e+00   4.914402e-06   1.059450e+03   4.642489e-01
    12  -4.146572e+00  -4.164585e+00   2.054274e-06   1.648400e+07   2.329930e-01            nan  -4.317680e+00  -4.328837e+00   6.371554e-07   1.696623e+07   2.325655e-01  -2.649925e+00  -2.668183e+00   5.734398e-06   9.643581e+02   4.618188e-01
    13  -4.109766e+00  -4.127779e+00   2.628024e-06   1.630986e+07   2.329619e-01            nan  -4.295048e+00  -4.306217e+00   7.434644e-07   1.691518e+07   2.325647e-01  -2.613018e+00  -2.631080e+00   6.691180e-06   8.804808e+02   4.590164e-01
    14  -4.072960e+00  -4.090974e+00   3.358250e-06   1.610704e+07   2.329330e-01            nan  -4.272389e+00  -4.283571e+00   8.675058e-07   1.685881e+07   2.325639e-01  -2.576518e+00  -2.594385e+00   7.807552e-06   8.062263e+02   4.558778e-01
    15  -4.036155e+00  -4.054168e+00   4.285898e-06   1.587508e+07   2.329061e-01            nan  -4.249700e+00  -4.260897e+00   1.012236e-06   1.679659e+07   2.325629e-01  -2.540419e+00  -2.558094e+00   9.110122e-06   7.402475e+02   4.524183e-01
    16  -3.999349e+00  -4.017362e+00   5.461682e-06   1.560421e+07   2.328809e-01            nan  -4.226978e+00  -4.238190e+00   1.181103e-06   1.672793e+07   2.325618e-01  -2.504707e+00  -2.522196e+00   1.062993e-05   6.812945e+02   4.487097e-01
    17  -3.962543e+00  -3.980556e+00   6.946715e-06   1.529607e+07   2.328574e-01            nan  -4.204217e+00  -4.215448e+00   1.378130e-06   1.665217e+07   2.325606e-01  -2.469363e+00  -2.486675e+00   1.240317e-05   6.284514e+02   4.447571e-01
    18  -3.925737e+00  -3.943750e+00   8.818477e-06   1.494269e+07   2.328354e-01            nan  -4.181414e+00  -4.192666e+00   1.608010e-06   1.656860e+07   2.325593e-01  -2.434363e+00  -2.451510e+00   1.447209e-05   5.807438e+02   4.406544e-01
    19  -3.888931e+00  -3.906944e+00   1.116418e-05   1.454141e+07   2.328149e-01            nan  -4.158563e+00  -4.169838e+00   1.876216e-06   1.647646e+07   2.325579e-01  -2.399681e+00  -2.416676e+00   1.688595e-05   5.375510e+02   4.364014e-01
    20  -3.852126e+00  -3.870139e+00   1.409749e-05   1.408945e+07   2.327958e-01            nan  -4.135659e+00  -4.146960e+00   2.189133e-06   1.637491e+07   2.325563e-01  -2.365286e+00  -2.382143e+00   1.970220e-05   4.981935e+02   4.320682e-01
    21  -3.815320e+00  -3.833333e+00   1.773862e-05   1.358101e+07   2.327781e-01            nan  -4.112695e+00  -4.124025e+00   2.554206e-06   1.626304e+07   2.325546e-01  -2.331151e+00  -2.347883e+00   2.298786e-05   4.622220e+02   4.276593e-01
    22  -3.778514e+00  -3.796527e+00   2.224540e-05   1.301844e+07   2.327620e-01            nan  -4.089665e+00  -4.101028e+00   2.980121e-06   1.613986e+07   2.325527e-01  -2.297243e+00  -2.313866e+00   2.682109e-05   4.291841e+02   4.232122e-01
    23  -3.741708e+00  -3.759721e+00   2.776810e-05   1.239745e+07   2.327476e-01            nan  -4.066562e+00  -4.077960e+00   3.477003e-06   1.600432e+07   2.325507e-01  -2.263532e+00  -2.280061e+00   3.129303e-05   3.987497e+02   4.187313e-01
    24  -3.704902e+00  -3.722915e+00   3.451381e-05   1.172196e+07   2.327353e-01            nan  -4.043376e+00  -4.054814e+00   4.056664e-06   1.585528e+07   2.325484e-01  -2.229991e+00  -2.246438e+00   3.650997e-05   3.706217e+02   4.142255e-01
    25  -3.668096e+00  -3.686110e+00   4.266037e-05   1.099929e+07   2.327253e-01            nan  -4.020098e+00  -4.031581e+00   4.732872e-06   1.569150e+07   2.325460e-01  -2.196590e+00  -2.212970e+00   4.259585e-05   3.445565e+02   4.096962e-01
    26  -3.631291e+00  -3.649304e+00   5.243116e-05   1.022501e+07   2.327187e-01            nan  -3.996718e+00  -4.008250e+00   5.521683e-06   1.551170e+07   2.325433e-01  -2.163304e+00  -2.179629e+00   4.969515e-05   3.203522e+02   4.051365e-01
    27  -3.594485e+00  -3.612498e+00   6.406206e-05   9.422144e+06   2.327158e-01            nan  -3.973223e+00  -3.984812e+00   6.441814e-06   1.531450e+07   2.325404e-01  -2.130109e+00  -2.146390e+00   5.797633e-05   2.978272e+02   4.005467e-01
    28  -3.557679e+00  -3.575692e+00   7.770812e-05   8.597154e+06   2.327177e-01            nan  -3.949601e+00  -3.961252e+00   7.515084e-06   1.509844e+07   2.325373e-01  -2.096980e+00  -2.113229e+00   6.763576e-05   2.768325e+02   3.959206e-01
    29  -3.520873e+00  -3.538886e+00   9.357995e-05   7.755015e+06   2.327265e-01            nan  -3.925837e+00  -3.937557e+00   8.766923e-06   1.486200e+07   2.325339e-01  -2.063896e+00  -2.080123e+00   7.890231e-05   2.572316e+02   3.912604e-01
    30  -3.484067e+00  -3.502080e+00   1.118668e-04   6.921524e+06   2.327431e-01            nan  -3.901914e+00  -3.913711e+00   1.022697e-05   1.460362e+07   2.325303e-01  -2.030834e+00  -2.047051e+00   9.204273e-05   2.389043e+02   3.865740e-01
    31  -3.447262e+00  -3.465275e+00   1.326966e-04   6.110199e+06   2.327694e-01            nan  -3.877812e+00  -3.889696e+00   1.192976e-05   1.432169e+07   2.325264e-01  -1.997775e+00  -2.013990e+00   1.073678e-04   2.217497e+02   3.818638e-01
    32  -3.410456e+00  -3.428469e+00   1.561470e-04   5.334092e+06   2.328079e-01            nan  -3.853512e+00  -3.865492e+00   1.391553e-05   1.401458e+07   2.325223e-01  -1.964696e+00  -1.980921e+00   1.252398e-04   2.056671e+02   3.771565e-01
    33  -3.373650e+00  -3.391663e+00   1.822419e-04   4.604976e+06   2.328614e-01            nan  -3.828989e+00  -3.841078e+00   1.623115e-05   1.368069e+07   2.325179e-01  -1.931578e+00  -1.947821e+00   1.460803e-04   1.905874e+02   3.724458e-01
    34  -3.336844e+00  -3.354857e+00   2.109562e-04   3.932580e+06   2.329332e-01            nan  -3.804216e+00  -3.816426e+00   1.893121e-05   1.331844e+07   2.325133e-01  -1.898400e+00  -1.914672e+00   1.703808e-04   1.764270e+02   3.677741e-01
    35  -3.300038e+00  -3.318051e+00   2.422325e-04   3.323969e+06   2.330271e-01            nan  -3.779162e+00  -3.791508e+00   2.207926e-05   1.292639e+07   2.325086e-01  -1.865145e+00  -1.881454e+00   1.987134e-04   1.631453e+02   3.631119e-01
    36  -3.263232e+00  -3.281246e+00   2.760079e-04   2.783161e+06   2.331470e-01            nan  -3.753792e+00  -3.766292e+00   2.574932e-05   1.250321e+07   2.325037e-01  -1.831794e+00  -1.848149e+00   2.317439e-04   1.506741e+02   3.585127e-01
    37  -3.226427e+00  -3.244440e+00   3.122503e-04   2.311024e+06   2.332963e-01            nan  -3.728068e+00  -3.740740e+00   3.002750e-05   1.204783e+07   2.324988e-01  -1.798334e+00  -1.814742e+00   2.702475e-04   1.389903e+02   3.539279e-01
    38  -3.189621e+00  -3.207634e+00   3.509938e-04   1.905478e+06   2.334778e-01            nan  -3.701942e+00  -3.714808e+00   3.501400e-05   1.155947e+07   2.324939e-01  -1.764752e+00  -1.781218e+00   3.151260e-04   1.280468e+02   3.493883e-01
    39  -3.152815e+00  -3.170828e+00   3.915388e-04   1.561221e+06   2.336952e-01            nan  -3.675363e+00  -3.688449e+00   4.082538e-05   1.103775e+07   2.324893e-01  -1.731040e+00  -1.747569e+00   3.674284e-04   1.178225e+02   3.448501e-01
    40  -3.116009e+00  -3.134022e+00   4.339370e-04   1.270560e+06   2.339653e-01            nan  -3.648272e+00  -3.661607e+00   4.759714e-05   1.048280e+07   2.324851e-01  -1.697192e+00  -1.713786e+00   4.283742e-04   1.082839e+02   3.403144e-01
    41  -3.079203e+00  -3.097216e+00   4.788950e-04   1.030812e+06   2.342735e-01   5.057402e-01  -3.620599e+00  -3.634215e+00   5.548679e-05   9.895431e+06   2.324816e-01  -1.663208e+00  -1.679868e+00   4.993811e-04   9.940411e+01   3.357604e-01
    42  -3.042397e+00  -3.060411e+00   5.253590e-04   8.340198e+05   2.346028e-01   5.053545e-01  -3.592265e+00  -3.606201e+00   6.467734e-05   9.277191e+06   2.324792e-01  -1.629086e+00  -1.645812e+00   5.820960e-04   9.115419e+01   3.311683e-01
    43  -3.005592e+00  -3.023605e+00   5.735983e-04   6.728893e+05   2.349918e-01   5.046954e-01  -3.563177e+00  -3.577477e+00   7.538125e-05   8.630575e+06   2.324784e-01  -1.594830e+00  -1.611620e+00   6.784313e-04   8.350012e+01   3.265525e-01
    44  -2.968786e+00  -2.986799e+00   6.246221e-04   5.427587e+05   2.354052e-01   5.038258e-01  -3.533226e+00  -3.547943e+00   8.784517e-05   7.959147e+06   2.324799e-01  -1.560443e+00  -1.577296e+00   7.906065e-04   7.641455e+01   3.218756e-01
    45  -2.931980e+00  -2.949993e+00   6.763367e-04   4.376954e+05   2.358628e-01   5.026411e-01  -3.502288e+00  -3.517482e+00   1.023551e-04   7.267675e+06   2.324845e-01  -1.525928e+00  -1.542843e+00   9.211963e-04   6.985858e+01   3.171890e-01
    46  -2.895174e+00  -2.913187e+00   7.318174e-04   3.533606e+05   2.363365e-01   5.011623e-01  -3.470213e+00  -3.485954e+00   1.192428e-04   6.562248e+06   2.324936e-01  -1.491292e+00  -1.508265e+00   1.073185e-03   6.380492e+01   3.124583e-01
    47  -2.858368e+00  -2.876381e+00   7.878140e-04   2.857171e+05   2.368288e-01   4.993239e-01  -3.436828e+00  -3.453200e+00   1.388921e-04   5.850331e+06   2.325088e-01  -1.456537e+00  -1.473567e+00   1.250029e-03   5.821805e+01   3.077205e-01
    48  -2.821563e+00  -2.839576e+00   8.480929e-04   2.315966e+05   2.373058e-01   4.971664e-01  -3.401927e+00  -3.419027e+00   1.617478e-04   5.140763e+06   2.325324e-01  -1.421668e+00  -1.438752e+00   1.455730e-03   5.306881e+01   3.029689e-01
    49  -2.784757e+00  -2.802770e+00   9.097128e-04   1.882861e+05   2.377621e-01   4.946462e-01  -3.365269e+00  -3.383212e+00   1.883238e-04   4.443635e+06   2.325677e-01  -1.386689e+00  -1.403826e+00   1.694914e-03   4.832745e+01   2.982116e-01
    50  -2.747951e+00  -2.765964e+00   9.757579e-04   1.535309e+05   2.381628e-01   4.918163e-01  -3.326568e+00  -3.345488e+00   2.192140e-04   3.770036e+06   2.326190e-01  -1.351603e+00  -1.368792e+00   1.972926e-03   4.396374e+01   2.934733e-01
    51  -2.711145e+00  -2.729158e+00   1.044695e-03   1.257830e+05   2.384635e-01   4.887571e-01  -3.285489e+00  -3.305543e+00   2.551039e-04   3.131622e+06   2.326924e-01  -1.316416e+00  -1.333653e+00   2.295935e-03   3.995475e+01   2.887237e-01
    52  -2.674339e+00  -2.692352e+00   1.118214e-03   1.032756e+05   2.387004e-01   4.853381e-01  -3.241645e+00  -3.263014e+00   2.967831e-04   2.539978e+06   2.327967e-01  -1.281127e+00  -1.298413e+00   2.671048e-03   3.627018e+01   2.840182e-01
    53  -2.637533e+00  -2.655547e+00   1.196415e-03   8.537141e+04   2.386906e-01   4.820702e-01  -3.194591e+00  -3.217481e+00   3.451610e-04   2.005786e+06   2.329435e-01  -1.245741e+00  -1.263074e+00   3.106449e-03   3.289027e+01   2.793198e-01
    54  -2.600728e+00  -2.618741e+00   1.279886e-03   7.061734e+04   2.386706e-01   4.782650e-01  -3.143842e+00  -3.168476e+00   4.012824e-04   1.537826e+06   2.331490e-01  -1.210261e+00  -1.227639e+00   3.611542e-03   2.979066e+01   2.746534e-01
    55  -2.563922e+00  -2.581935e+00   1.369690e-03   5.890353e+04   2.382041e-01   4.752252e-01  -3.088890e+00  -3.115497e+00   4.663463e-04   1.141920e+06   2.334334e-01  -1.174687e+00  -1.192110e+00   4.197117e-03   2.695051e+01   2.700200e-01
    56  -2.527116e+00  -2.545129e+00   1.466332e-03   4.913980e+04   2.377588e-01   4.716013e-01  -3.029270e+00  -3.058058e+00   5.417261e-04   8.200130e+05   2.338200e-01  -1.139024e+00  -1.156489e+00   4.875535e-03   2.435181e+01   2.653990e-01
    57  -2.490310e+00  -2.508323e+00   1.570784e-03   4.128276e+04   2.368166e-01   4.690013e-01  -2.964656e+00  -2.995762e+00   6.289911e-04   5.696237e+05   2.343282e-01  -1.103271e+00  -1.120780e+00   5.660920e-03   2.197352e+01   2.608311e-01
    58  -2.453504e+00  -2.471517e+00   1.684499e-03   3.471505e+04   2.358394e-01   4.660975e-01  -2.895013e+00  -2.928440e+00   7.299314e-04   3.839657e+05   2.349564e-01  -1.067432e+00  -1.084982e+00   6.569382e-03   1.980080e+01   2.562838e-01
    59  -2.416699e+00  -2.434712e+00   1.807639e-03   2.932895e+04   2.344464e-01   4.641414e-01  -2.820765e+00  -2.856304e+00   8.465830e-04   2.528767e+05   2.356499e-01  -1.031509e+00  -1.049099e+00   7.619247e-03   1.781715e+01   2.517679e-01
    60  -2.379893e+00  -2.397906e+00   1.942967e-03   2.481404e+04   2.329613e-01   4.622095e-01  -2.742910e+00  -2.780095e+00   9.812558e-04   1.644622e+05   2.362566e-01  -9.955016e-01  -1.013132e+00   8.831303e-03   1.600709e+01   2.472953e-01
    61  -2.343087e+00  -2.361100e+00   2.089892e-03   2.105309e+04   2.311643e-01   4.610691e-01  -2.662954e+00  -2.701094e+00   1.136562e-03   1.070075e+05   2.365009e-01  -9.594132e-01  -9.770826e-01   1.022906e-02   1.435805e+01   2.428411e-01
    62  -2.306281e+00  -2.324294e+00   2.252003e-03   1.788218e+04   2.292836e-01   4.600682e-01  -2.582635e+00  -2.620941e+00   1.315444e-03   7.052799e+04   2.360254e-01  -9.232448e-01  -9.409526e-01   1.183900e-02   1.285654e+01   2.384268e-01
    63  -2.269475e+00  -2.287488e+00   2.428715e-03   1.520864e+04   2.271906e-01   4.596787e-01  -2.503521e+00  -2.541279e+00   1.521208e-03   4.750542e+04   2.345215e-01  -8.869980e-01  -9.047434e-01   1.369088e-02   1.149097e+01   2.340465e-01
    64  -2.232669e+00  -2.250683e+00   2.623439e-03   1.294160e+04   2.250694e-01   4.593377e-01  -2.426708e+00  -2.463419e+00   1.757548e-03   3.282059e+04   2.318766e-01  -8.506761e-01  -8.684574e-01   1.581793e-02   1.025101e+01   2.296806e-01
    65  -2.195864e+00  -2.213877e+00   2.836597e-03   1.101176e+04   2.228243e-01   4.594031e-01  -2.352729e+00  -2.388145e+00   2.028572e-03   2.323383e+04   2.282223e-01  -8.142810e-01  -8.320974e-01   1.825715e-02   9.126094e+00   2.253490e-01
    66  -2.159058e+00  -2.177071e+00   3.070479e-03   9.370548e+03   2.206038e-01   4.593544e-01  -2.281643e+00  -2.315733e+00   2.338830e-03   1.678542e+04   2.238564e-01  -7.778154e-01  -7.956656e-01   2.104947e-02   8.107059e+00   2.210435e-01
    67  -2.122252e+00  -2.140265e+00   3.327204e-03   7.963729e+03   2.183408e-01   4.594724e-01  -2.213209e+00  -2.246080e+00   2.693323e-03   1.231281e+04   2.191121e-01  -7.412840e-01  -7.591657e-01   2.423991e-02   7.185641e+00   2.167474e-01
    68  -2.085446e+00  -2.103459e+00   3.607572e-03   6.765236e+03   2.161208e-01   4.594443e-01  -2.147030e+00  -2.178860e+00   3.097518e-03   9.125190e+03   2.142558e-01  -7.046913e-01  -7.226024e-01   2.787766e-02   6.353764e+00   2.124679e-01
    69  -2.048640e+00  -2.066653e+00   3.915351e-03   5.738663e+03   2.139216e-01   4.593964e-01  -2.082675e+00  -2.113662e+00   3.557342e-03   6.804254e+03   2.094427e-01  -6.680423e-01  -6.859803e-01   3.201608e-02   5.603982e+00   2.082056e-01
    70  -2.011834e+00  -2.029848e+00   4.250760e-03   4.861564e+03   2.117615e-01   4.592863e-01  -2.019735e+00  -2.050066e+00   4.079169e-03   5.088404e+03   2.047242e-01  -6.313437e-01  -6.493055e-01   3.671252e-02   4.929703e+00   2.039456e-01
    71  -1.975029e+00  -1.993042e+00   4.617123e-03   4.114468e+03   2.096480e-01   4.591277e-01  -1.957852e+00  -1.987692e+00   4.669785e-03   3.807136e+03   2.000877e-01  -5.946046e-01  -6.125858e-01   4.202806e-02   4.324756e+00   1.996771e-01
    72  -1.938223e+00  -1.956236e+00   5.015838e-03   3.473912e+03   2.075726e-01   4.590417e-01  -1.896721e+00  -1.926212e+00   5.336336e-03   2.844408e+03   1.955122e-01  -5.578340e-01  -5.758303e-01   4.802703e-02   3.783118e+00   1.954105e-01
    73  -1.901417e+00  -1.919430e+00   5.449931e-03   2.930930e+03   2.055620e-01   4.589583e-01  -1.836073e+00  -1.865339e+00   6.086254e-03   2.118373e+03   1.910134e-01  -5.210429e-01  -5.390490e-01   5.477629e-02   3.299479e+00   1.911333e-01
    74  -1.864611e+00  -1.882624e+00   5.920284e-03   2.466872e+03   2.036201e-01   4.589261e-01  -1.775666e+00  -1.804820e+00   6.927149e-03   1.570015e+03   1.866572e-01  -4.842452e-01  -5.022544e-01   6.234434e-02   2.868872e+00   1.868329e-01
    75  -1.827805e+00  -1.845819e+00   6.431047e-03   2.073091e+03   2.017820e-01   4.588953e-01  -1.715285e+00  -1.744427e+00   7.866679e-03   1.156303e+03   1.825334e-01  -4.474569e-01  -4.654617e-01   7.080011e-02   2.486644e+00   1.825023e-01
    76  -1.791000e+00  -1.809013e+00   6.982758e-03   1.739992e+03   2.000464e-01   4.587880e-01  -1.654756e+00  -1.683967e+00   8.912390e-03   8.455497e+02   1.787053e-01  -4.106952e-01  -4.286872e-01   8.021151e-02   2.148349e+00   1.781457e-01
    77  -1.754194e+00  -1.772207e+00   7.578306e-03   1.456207e+03   1.985001e-01   4.583971e-01  -1.593986e+00  -1.623309e+00   1.007152e-02   6.139770e+02   1.751622e-01  -3.739802e-01  -3.919498e-01   9.064369e-02   1.849971e+00   1.737520e-01
    78  -1.717388e+00  -1.735401e+00   8.222793e-03   1.217811e+03   1.970906e-01   4.577471e-01  -1.532981e+00  -1.562413e+00   1.135078e-02   4.432224e+02   1.718038e-01  -3.373349e-01  -3.552711e-01   1.021570e-01   1.587748e+00   1.693108e-01
    79  -1.680582e+00  -1.698595e+00   8.911925e-03   1.016283e+03   1.958918e-01   4.565913e-01  -1.471856e+00  -1.501344e+00   1.275612e-02   3.187001e+02   1.684800e-01  -3.007851e-01  -3.186756e-01   1.148050e-01   1.358154e+00   1.648161e-01
    80  -1.643776e+00  -1.661789e+00   9.656394e-03   8.471190e+02   1.948747e-01   4.549330e-01  -1.410799e+00  -1.440255e+00   1.429243e-02   2.287135e+02   1.650679e-01  -2.643582e-01  -2.821899e-01   1.286319e-01   1.157855e+00   1.602732e-01
    81  -1.606970e+00  -1.624984e+00   1.045440e-02   7.058381e+02   1.940010e-01   4.528701e-01  -1.350014e+00  -1.379344e+00   1.596333e-02   1.640490e+02   1.615275e-01  -2.280843e-01  -2.458427e-01   1.436700e-01   9.838123e-01   1.556751e-01
    82  -1.570165e+00  -1.588178e+00   1.131006e-02   5.873411e+02   1.933065e-01   4.502612e-01  -1.289686e+00  -1.318803e+00   1.777087e-02   1.176975e+02   1.578910e-01  -1.919963e-01  -2.096656e-01   1.599378e-01   8.331961e-01   1.510170e-01
    83  -1.533359e+00  -1.551372e+00   1.223375e-02   4.889925e+02   1.926915e-01   4.474575e-01  -1.229964e+00  -1.258799e+00   1.971527e-02   8.449506e+01   1.542156e-01  -1.561287e-01  -1.736923e-01   1.774374e-01   7.033765e-01   1.463017e-01
    84  -1.496553e+00  -1.514566e+00   1.321707e-02   4.071581e+02   1.921552e-01   4.444674e-01  -1.170959e+00  -1.199460e+00   2.179475e-02   6.070692e+01   1.505509e-01  -1.205170e-01  -1.379580e-01   1.961527e-01   5.919205e-01   1.415373e-01
    85  -1.459747e+00  -1.477760e+00   1.427961e-02   3.392515e+02   1.916440e-01   4.415514e-01  -1.112757e+00  -1.140884e+00   2.400535e-02   4.365224e+01   1.469321e-01  -8.519823e-02  -1.024987e-01   2.160481e-01   4.966230e-01   1.367250e-01
    86  -1.422941e+00  -1.440954e+00   1.542048e-02   2.829642e+02   1.911703e-01   4.385962e-01  -1.055415e+00  -1.083140e+00   2.634082e-02   3.141314e+01   1.433841e-01  -5.021020e-02  -6.735197e-02   2.370673e-01   4.154680e-01   1.318700e-01
    87  -1.386136e+00  -1.404149e+00   1.664718e-02   2.361902e+02   1.906670e-01   4.360146e-01  -9.989715e-01  -1.026277e+00   2.879262e-02   2.261963e+01   1.399232e-01  -1.558933e-02  -3.255487e-02   2.591336e-01   3.466083e-01   1.269914e-01
    88  -1.349330e+00  -1.367343e+00   1.797511e-02   1.973895e+02   1.901897e-01   4.334952e-01  -9.434425e-01  -9.703201e-01   3.134998e-02   1.629365e+01   1.365600e-01   1.862799e-02   1.856237e-03   2.821498e-01   2.884064e-01   1.220968e-01
    89  -1.312524e+00  -1.330537e+00   1.939828e-02   1.651354e+02   1.897067e-01   4.311487e-01  -8.888281e-01  -9.152773e-01   3.400006e-02   1.173733e+01   1.333021e-01   5.240684e-02   3.584575e-02   3.060005e-01   2.393886e-01   1.172004e-01
    90  -1.275718e+00  -1.293731e+00   2.094113e-02   1.382798e+02   1.892394e-01   4.290321e-01  -8.351113e-01  -8.611397e-01   3.672816e-02   8.451923e+00   1.301519e-01   8.571527e-02   6.938031e-02   3.305535e-01   1.982408e-01   1.123233e-01
    91  -1.238912e+00  -1.256925e+00   2.260876e-02   1.159477e+02   1.887872e-01   4.269234e-01  -7.822608e-01  -8.078826e-01   3.951809e-02   6.081024e+00   1.271118e-01   1.185231e-01   1.024289e-01   3.556628e-01   1.638159e-01   1.074775e-01
    92  -1.202106e+00  -1.220120e+00   2.440919e-02   9.727881e+01   1.883491e-01   4.250427e-01  -7.302304e-01  -7.554669e-01   4.235249e-02   4.369076e+00   1.241803e-01   1.508046e-01   1.349637e-01   3.811724e-01   1.350960e-01   1.026874e-01
    93  -1.165301e+00  -1.183314e+00   2.636636e-02   8.171558e+01   1.879265e-01   4.231704e-01  -6.789614e-01  -7.038398e-01   4.521329e-02   3.132834e+00   1.213562e-01   1.825370e-01   1.669606e-01   4.069196e-01   1.112063e-01   9.796738e-02
    94  -1.128495e+00  -1.146508e+00   2.848116e-02   6.871884e+01   1.875072e-01   4.213211e-01  -6.283817e-01  -6.529356e-01   4.808216e-02   2.240409e+00   1.186364e-01   2.137022e-01   1.983991e-01   4.327394e-01   9.138423e-02   9.333751e-02
    95  -1.091689e+00  -1.109702e+00   3.077820e-02   5.782304e+01   1.871042e-01   4.195787e-01  -5.784055e-01  -6.026751e-01   5.094094e-02   1.596721e+00   1.160179e-01   2.442858e-01   2.292632e-01   4.584685e-01   7.497734e-02   8.881351e-02
    96  -1.054883e+00  -1.072896e+00   3.328151e-02   4.871768e+01   1.866853e-01   4.177844e-01  -5.289361e-01  -5.529668e-01   5.377208e-02   1.133209e+00   1.134977e-01   2.742779e-01   2.595407e-01   4.839488e-01   6.142698e-02   8.441092e-02
    97  -1.018077e+00  -1.036090e+00   3.598875e-02   4.107863e+01   1.862559e-01   4.160113e-01  -4.798610e-01  -5.037057e-01   5.655903e-02   8.001453e-01   1.110726e-01   3.036730e-01   2.892241e-01   5.090312e-01   5.025836e-02   8.014339e-02
    98  -9.812715e-01  -9.992846e-01   3.894234e-02   3.466148e+01   1.858092e-01   4.142291e-01  -4.310529e-01  -4.547716e-01   5.928652e-02   5.615294e-01   1.087417e-01   3.324692e-01   3.183097e-01   5.335787e-01   4.107015e-02   7.602166e-02
    99  -9.444657e-01  -9.624788e-01   4.216687e-02   2.928093e+01   1.853095e-01   4.123710e-01  -3.823714e-01  -4.060304e-01   6.194091e-02   3.912708e-01   1.065031e-01   3.606690e-01   3.467979e-01   5.574682e-01   3.352368e-02   7.205550e-02
   100  -9.076599e-01  -9.256730e-01   4.566428e-02   2.474897e+01   1.847715e-01   4.104897e-01  -3.336563e-01  -3.573312e-01   6.451030e-02   2.703616e-01   1.043576e-01   3.882781e-01   3.746929e-01   5.805927e-01   2.733550e-02   6.825085e-02
   101  -8.708540e-01  -8.888672e-01   4.948805e-02   2.093094e+01   1.841734e-01   4.085208e-01  -2.847269e-01  -3.085029e-01   6.698469e-02   1.850083e-01   1.023103e-01   4.153056e-01   4.020021e-01   6.028622e-01   2.226797e-02   6.461328e-02
   102  -8.340482e-01  -8.520613e-01   5.367134e-02   1.771820e+01   1.834805e-01   4.064294e-01  -2.353879e-01  -2.593571e-01   6.935597e-02   1.252133e-01   1.003646e-01   4.417635e-01   4.287360e-01   6.242038e-01   1.812377e-02   6.114421e-02
   103  -7.972424e-01  -8.152555e-01   5.821887e-02   1.500459e+01   1.827037e-01   4.042382e-01  -1.854193e-01  -2.096853e-01   7.161799e-02   8.368338e-02   9.852953e-02   4.676665e-01   4.549081e-01   6.445619e-01   1.473832e-02   5.784553e-02
   104  -7.604366e-01  -7.784497e-01   6.319430e-02   1.270926e+01   1.818301e-01   4.018894e-01  -1.345846e-01  -1.592586e-01   7.376638e-02   5.514606e-02   9.681753e-02   4.930311e-01   4.805340e-01   6.638974e-01   1.197593e-02   5.471482e-02
   105  -7.236308e-01  -7.416439e-01   6.864177e-02   1.077102e+01   1.808190e-01   3.993389e-01  -8.264499e-02  -1.078388e-01   7.579851e-02   3.578936e-02   9.523409e-02   5.178764e-01   5.056314e-01   6.821866e-01   9.723874e-03   5.175106e-02
   106  -6.868249e-01  -7.048381e-01   7.458592e-02   9.131352e+00   1.796651e-01   3.965868e-01  -2.936581e-02  -5.518887e-02   7.771330e-02   2.285156e-02   9.378619e-02   5.422224e-01   5.302200e-01   6.994197e-01   7.889715e-03   4.894916e-02
   107  -6.500191e-01  -6.680322e-01   8.107555e-02   7.737832e+00   1.783909e-01   3.935840e-01   2.541459e-02  -1.112456e-03   7.951106e-02   1.436254e-02   9.244078e-02   5.660908e-01   5.543206e-01   7.155996e-01   6.396973e-03   4.630564e-02
   108  -6.132133e-01  -6.312264e-01   8.817838e-02   6.557446e+00   1.769406e-01   3.902605e-01   8.173731e-02   5.448836e-02   8.119333e-02   8.902890e-03   9.112831e-02   5.895042e-01   5.779553e-01   7.307399e-01   5.183122e-03   4.381421e-02
   109  -5.764075e-01  -5.944206e-01   9.594921e-02   5.556353e+00   1.753075e-01   3.865915e-01   1.394042e-01   1.115272e-01   8.276263e-02   5.469963e-03   8.968204e-02   6.124859e-01   6.011470e-01   7.448636e-01   4.196720e-03   4.146923e-02
   110  -5.396016e-01  -5.576148e-01   1.044095e-01   4.705466e+00   1.734985e-01   3.825349e-01   1.978600e-01   1.696149e-01   8.422234e-02   3.360329e-03   8.781521e-02   6.350598e-01   6.239195e-01   7.580011e-01   3.395703e-03   3.926415e-02
   111  -5.027958e-01  -5.208089e-01   1.136458e-01   3.981401e+00   1.715087e-01   3.779911e-01   2.561878e-01   2.280024e-01   8.557652e-02   2.087271e-03   8.518405e-02   6.572501e-01   6.462966e-01   7.701887e-01   2.745680e-03   3.719192e-02
   112  -4.659900e-01  -4.840031e-01   1.237271e-01   3.366253e+00   1.693078e-01   3.728908e-01   3.132702e-01   2.856662e-01   8.682971e-02   1.325261e-03   8.154455e-02   6.790812e-01   6.683028e-01   7.814674e-01   2.218501e-03   3.524612e-02
   113  -4.291842e-01  -4.471973e-01   1.347177e-01   2.843318e+00   1.668945e-01   3.671806e-01   3.680976e-01   3.415485e-01   8.798682e-02   8.660022e-04   7.692882e-02   7.005773e-01   6.899622e-01   7.918814e-01   1.791247e-03   3.341940e-02
   114  -3.923784e-01  -4.103915e-01   1.466424e-01   2.398303e+00   1.642762e-01   3.607675e-01   4.200171e-01   3.948328e-01   8.905301e-02   5.831620e-04   7.164586e-02   7.217627e-01   7.112992e-01   8.014771e-01   1.445195e-03   3.170502e-02
   115  -3.555725e-01  -3.735857e-01   1.595965e-01   2.019537e+00   1.614508e-01   3.534956e-01   4.687807e-01   4.450830e-01   9.003354e-02   4.035553e-04   6.610633e-02   7.426611e-01   7.323376e-01   8.103019e-01   1.165097e-03   3.009624e-02
   116  -3.187667e-01  -3.367798e-01   1.736515e-01   1.697721e+00   1.584000e-01   3.452776e-01   5.144423e-01   4.922114e-01   9.093373e-02   2.857148e-04   6.065478e-02   7.632960e-01   7.531011e-01   8.184036e-01   9.385450e-04   2.858623e-02
   117  -2.819609e-01  -2.999740e-01   1.888693e-01   1.424388e+00   1.551281e-01   3.360219e-01   5.572204e-01   5.363579e-01   9.175884e-02   2.060630e-04   5.550828e-02   7.836902e-01   7.736128e-01   8.258295e-01   7.554269e-04   2.716877e-02
   118  -2.451551e-01  -2.631682e-01   2.052656e-01   1.192305e+00   1.516438e-01   3.255787e-01   5.973979e-01   5.777736e-01   9.251402e-02   1.508458e-04   5.076828e-02   8.038658e-01   7.938951e-01   8.326262e-01   6.075268e-04   2.583766e-02
   119  -2.083493e-01  -2.263624e-01   2.229206e-01   9.954157e-01   1.479512e-01   3.136862e-01   6.352684e-01   6.167458e-01   9.320429e-02   1.117538e-04   4.646489e-02   8.238445e-01   8.139700e-01   8.388386e-01   4.881653e-04   2.458690e-02
   120  -1.715434e-01  -1.895566e-01   2.418916e-01   8.287774e-01   1.440439e-01   3.002974e-01   6.711100e-01   6.535588e-01   9.383445e-02   8.359367e-05   4.258942e-02   8.436468e-01   8.338585e-01   8.445100e-01   3.919112e-04   2.341100e-02
   121  -1.347376e-01  -1.527507e-01   2.622133e-01   6.879496e-01   1.399331e-01   2.853130e-01   7.051678e-01   6.884727e-01   9.440910e-02   6.303139e-05   3.911115e-02   8.632926e-01   8.535808e-01   8.496819e-01   3.143561e-04   2.230463e-02
   122  -9.793179e-02  -1.159449e-01   2.838474e-01   5.691197e-01   1.356322e-01   2.684505e-01   7.376592e-01   7.217173e-01   9.493262e-02   4.783993e-05   3.599298e-02   8.828009e-01   8.731563e-01   8.543935e-01   2.519219e-04   2.126276e-02
   123  -6.112597e-02  -7.913910e-02   3.068651e-01   4.691129e-01   1.311466e-01   2.495539e-01   7.687733e-01   7.534948e-01   9.540910e-02   3.650812e-05   3.319741e-02   9.021895e-01   8.926034e-01   8.586819e-01   2.017050e-04   2.028069e-02
   124  -2.432015e-02  -4.233327e-02   3.312595e-01   3.851785e-01   1.264909e-01   2.287612e-01   7.986735e-01   7.839807e-01   9.584241e-02   2.798816e-05   3.068704e-02   9.214755e-01   9.119395e-01   8.625817e-01   1.613511e-04   1.935411e-02
   125   1.248567e-02  -5.527454e-03   3.569557e-01   3.149271e-01   1.216823e-01   2.059446e-01   8.275026e-01   8.133272e-01   9.623618e-02   2.153813e-05   2.842952e-02   9.406748e-01   9.311812e-01   8.661256e-01   1.289535e-04   1.847891e-02
   126   4.929149e-02   3.127837e-02   3.839388e-01   2.563267e-01   1.167369e-01   1.811647e-01   8.553847e-01   8.416674e-01   9.659376e-02   1.662746e-05   2.639453e-02   9.598025e-01   9.503440e-01   8.693438e-01   1.029679e-04   1.765128e-02
   127   8.609731e-02   6.808419e-02   4.121463e-01   2.076182e-01   1.116785e-01   1.547790e-01   8.824283e-01   8.691170e-01   9.691827e-02   1.287070e-05   2.455604e-02   9.788726e-01   9.694422e-01   8.722644e-01   8.214506e-05   1.686775e-02
   128   1.229031e-01   1.048900e-01   4.413318e-01   1.672335e-01   1.065100e-01   1.267411e-01   9.087295e-01   8.957780e-01   9.721261e-02   9.984543e-06   2.289113e-02   9.978980e-01   9.884895e-01   8.749135e-01   6.547501e-05   1.612514e-02
   129   1.597090e-01   1.416958e-01   4.714950e-01   1.339235e-01   1.012645e-01   9.842349e-02   9.343716e-01   9.217397e-01   9.747945e-02   7.759969e-06   2.137922e-02   1.016891e+00   1.007498e+00   8.773151e-01   5.214230e-05   1.542048e-02
   130   1.965148e-01   1.785017e-01   5.024922e-01   1.065994e-01   9.598271e-02   6.943523e-02   9.594292e-01   9.470811e-01   9.772124e-02   6.040115e-06   2.000301e-02   1.035862e+00   1.026480e+00   8.794912e-01   4.148887e-05   1.475106e-02
   131   2.333206e-01   2.153075e-01   5.341155e-01   8.431041e-02   9.069175e-02   4.153188e-02   9.839687e-01   9.718723e-01   9.794025e-02   4.707179e-06   1.874697e-02   1.054822e+00   1.045446e+00   8.814623e-01   3.298424e-05   1.411443e-02
   132   2.701264e-01   2.521133e-01   5.662199e-01   6.623158e-02   8.542267e-02   1.558986e-02   1.008048e+00   9.961754e-01   9.813854e-02   3.672117e-06   1.759746e-02   1.073781e+00   1.064405e+00   8.832469e-01   2.620125e-05   1.350835e-02
   133   3.069322e-01   2.889191e-01   5.984416e-01   5.165493e-02   8.021321e-02  -9.671231e-03   1.031720e+00   1.020046e+00   9.831802e-02   2.866950e-06   1.654288e-02   1.092746e+00   1.083367e+00   8.848622e-01   2.079628e-05   1.293078e-02
   134   3.437381e-01   3.257249e-01   6.304706e-01   3.993296e-02   7.504802e-02  -3.051912e-02   1.055032e+00   1.043532e+00   9.848042e-02   2.239733e-06   1.557289e-02   1.111725e+00   1.102339e+00   8.863237e-01   1.649322e-05   1.237986e-02
   135   3.805439e-01   3.625308e-01   6.622610e-01   3.062021e-02   7.000339e-02  -4.906873e-02   1.078024e+00   1.066680e+00   9.862732e-02   1.750585e-06   1.467840e-02   1.130725e+00   1.121329e+00   8.876458e-01   1.307042e-05   1.185389e-02
   136   4.173497e-01   3.993366e-01   6.934826e-01   2.328233e-02   6.510917e-02  -6.546755e-02   1.100734e+00   1.089527e+00   9.876016e-02   1.368779e-06   1.385150e-02   1.149754e+00   1.140344e+00   8.888415e-01   1.035014e-05   1.135136e-02
   137   4.541555e-01   4.361424e-01   7.236000e-01   1.752457e-02   6.036094e-02  -7.793513e-02   1.123196e+00   1.112110e+00   9.888027e-02   1.070532e-06   1.308530e-02   1.168816e+00   1.159389e+00   8.899225e-01   8.189979e-06   1.087087e-02
   138   4.909613e-01   4.729482e-01   7.527678e-01   1.306382e-02   5.580490e-02  -8.783947e-02   1.145439e+00   1.134459e+00   9.898885e-02   8.374231e-07   1.237372e-02   1.187916e+00   1.178471e+00   8.908996e-01   6.476012e-06   1.041115e-02
   139   5.277672e-01   5.097540e-01   7.803258e-01   9.639914e-03   5.145994e-02  -9.583286e-02   1.167490e+00   1.156604e+00   9.908698e-02   6.551451e-07   1.171140e-02   1.207059e+00   1.197593e+00   8.917828e-01   5.117157e-06   9.971054e-03
   140   5.645730e-01   5.465599e-01   8.064562e-01   7.034755e-03   4.733515e-02  -1.020008e-01   1.189373e+00   1.178569e+00   9.917565e-02   5.125679e-07   1.109363e-02   1.226249e+00   1.216760e+00   8.925808e-01   4.040675e-06   9.549522e-03
   141   6.013788e-01   5.833657e-01   8.305902e-01   5.078535e-03   4.345106e-02  -1.063530e-01   1.211109e+00   1.200377e+00   9.925576e-02   4.010202e-07   1.051625e-02   1.245489e+00   1.235976e+00   8.933019e-01   3.188535e-06   9.145594e-03
   142   6.381846e-01   6.201715e-01   8.529610e-01   3.624932e-03   3.981302e-02  -1.091311e-01   1.232719e+00   1.222049e+00   9.932813e-02   3.137355e-07   9.975634e-03   1.264783e+00   1.255243e+00   8.939532e-01   2.514481e-06   8.758389e-03
   143   6.749904e-01   6.569773e-01   8.732412e-01   2.557090e-03   3.642530e-02  -1.105488e-01   1.254218e+00   1.243602e+00   9.939350e-02   2.454305e-07   9.468560e-03   1.284133e+00   1.274566e+00   8.945415e-01   1.981679e-06   8.387100e-03
   144   7.117963e-01   6.937831e-01   8.914642e-01   1.784010e-03   3.329133e-02  -1.106761e-01   1.275624e+00   1.265053e+00   9.945254e-02   1.919765e-07   8.992169e-03   1.303541e+00   1.293945e+00   8.950729e-01   1.560823e-06   8.030981e-03
   145   7.486021e-01   7.305890e-01   9.077261e-01   1.230510e-03   3.040570e-02  -1.096616e-01   1.296948e+00   1.286417e+00   9.950586e-02   1.501456e-07   8.543929e-03   1.323008e+00   1.313384e+00   8.955527e-01   1.228621e-06   7.689346e-03
   146   7.854079e-01   7.673948e-01   9.220560e-01   8.391451e-04   2.776190e-02  -1.075781e-01   1.318204e+00   1.307706e+00   9.955400e-02   1.174124e-07   8.121588e-03   1.342537e+00   1.332883e+00   8.959860e-01   9.665699e-07   7.361561e-03
   147   8.222137e-01   8.042006e-01   9.344936e-01   5.663638e-04   2.534978e-02  -1.044734e-01   1.339403e+00   1.328933e+00   9.959747e-02   9.180059e-08   7.723144e-03   1.362128e+00   1.352443e+00   8.963772e-01   7.599910e-07   7.047037e-03
   148   8.590196e-01   8.410064e-01   9.451916e-01   3.785371e-04   2.315568e-02  -1.004323e-01   1.360554e+00   1.350107e+00   9.963672e-02   7.176339e-08   7.346807e-03   1.381783e+00   1.372067e+00   8.967304e-01   5.972441e-07   6.745226e-03
   149   8.958254e-01   8.778122e-01   9.543400e-01   2.507116e-04   2.116406e-02  -9.552402e-02   1.381667e+00   1.371239e+00   9.967214e-02   5.608968e-08   6.990980e-03   1.401500e+00   1.391753e+00   8.970493e-01   4.691074e-07   6.455618e-03
   150   9.326312e-01   9.146181e-01   9.621004e-01   1.647102e-04   1.935877e-02  -8.995218e-02   1.402749e+00   1.392336e+00   9.970413e-02   4.383125e-08   6.654228e-03   1.421281e+00   1.411503e+00   8.973371e-01   3.682806e-07   6.177737e-03
   151   9.694370e-01   9.514239e-01   9.686286e-01   1.074428e-04   1.772285e-02  -8.387951e-02   1.423806e+00   1.413405e+00   9.973300e-02   3.424564e-08   6.335263e-03   1.441125e+00   1.431317e+00   8.975970e-01   2.889890e-07   5.911138e-03
   152   1.006243e+00   9.882297e-01   9.740915e-01   6.966054e-05   1.623969e-02  -7.750813e-02   1.444845e+00   1.434453e+00   9.975905e-02   2.675151e-08   6.032926e-03   1.461032e+00   1.451193e+00   8.978315e-01   2.266680e-07   5.655402e-03
   153   1.043049e+00   1.025036e+00   9.786347e-01   4.493729e-05   1.489365e-02  -7.099892e-02   1.465870e+00   1.455485e+00   9.978257e-02   2.089370e-08   5.746170e-03   1.481001e+00   1.471131e+00   8.980432e-01   1.777121e-07   5.410138e-03
   154   1.079854e+00   1.061841e+00   9.824019e-01   2.887284e-05   1.366997e-02  -6.456021e-02   1.486887e+00   1.476506e+00   9.980380e-02   1.631588e-08   5.474047e-03   1.501030e+00   1.491131e+00   8.982342e-01   1.392752e-07   5.174980e-03
   155   1.116660e+00   1.098647e+00   9.855123e-01   1.849370e-05   1.255566e-02  -5.833573e-02   1.507898e+00   1.497519e+00   9.982296e-02   1.273912e-08   5.215698e-03   1.521118e+00   1.511190e+00   8.984066e-01   1.091125e-07   4.949581e-03
   156   1.153466e+00   1.135453e+00   9.880764e-01   1.181863e-05   1.153914e-02  -5.238909e-02   1.528906e+00   1.518529e+00   9.984025e-02   9.945111e-09   4.970345e-03   1.541263e+00   1.531307e+00   8.985622e-01   8.545442e-08   4.733620e-03
   157   1.190272e+00   1.172259e+00   9.901873e-01   7.540458e-06   1.061036e-02  -4.688383e-02   1.549913e+00   1.539536e+00   9.985585e-02   7.763028e-09   4.737283e-03   1.561462e+00   1.551480e+00   8.987027e-01   6.690696e-08   4.526794e-03
   158   1.227078e+00   1.209065e+00   9.919211e-01   4.806027e-06   9.760400e-03  -4.178877e-02   1.570920e+00   1.560543e+00   9.986993e-02   6.059215e-09   4.515869e-03   1.581713e+00   1.571706e+00   8.988294e-01   5.237267e-08   4.328823e-03
   159   1.263884e+00   1.245870e+00   9.933430e-01   3.061567e-06   8.981552e-03  -3.712097e-02   1.591928e+00   1.581551e+00   9.988264e-02   4.729122e-09   4.305522e-03   1.602012e+00   1.591981e+00   8.989438e-01   4.098809e-08   4.139444e-03
   160   1.300689e+00   1.282676e+00   9.945091e-01   1.950004e-06   8.267093e-03  -3.292001e-02   1.612937e+00   1.602560e+00   9.989411e-02   3.690987e-09   4.105714e-03   1.622354e+00   1.612302e+00   8.990470e-01   3.207428e-08   3.958417e-03
   161   1.337495e+00   1.319482e+00   9.954677e-01   1.242242e-06   7.611081e-03  -2.914781e-02   1.633945e+00   1.623568e+00   9.990446e-02   2.880882e-09   3.915969e-03   1.642735e+00   1.632664e+00   8.991401e-01   2.509767e-08   3.785523e-03
   162   1.374301e+00   1.356288e+00   9.962558e-01   7.917169e-07   7.008287e-03  -2.576240e-02   1.654949e+00   1.644574e+00   9.991379e-02   2.248833e-09   3.735859e-03   1.663148e+00   1.653062e+00   8.992241e-01   1.963919e-08   3.620563e-03
   163   1.411107e+00   1.393094e+00   9.969047e-01   5.049096e-07   6.454103e-03  -2.273727e-02   1.675946e+00   1.665574e+00   9.992222e-02   1.755787e-09   3.565000e-03   1.683588e+00   1.673488e+00   8.993000e-01   1.536988e-08   3.463362e-03
   164   1.447913e+00   1.429900e+00   9.974394e-01   3.222636e-07   5.944464e-03  -2.006567e-02   1.696931e+00   1.686565e+00   9.992982e-02   1.371228e-09   3.403051e-03   1.704044e+00   1.693936e+00   8.993684e-01   1.203163e-08   3.313768e-03
   165   1.484719e+00   1.466705e+00   9.978802e-01   2.058846e-07   5.475709e-03  -1.768763e-02   1.717898e+00   1.707541e+00   9.993668e-02   1.071324e-09   3.249715e-03   1.724508e+00   1.714397e+00   8.994301e-01   9.422062e-09   3.171656e-03
   166   1.521524e+00   1.503511e+00   9.982440e-01   1.316694e-07   5.044585e-03  -1.556666e-02   1.738839e+00   1.728495e+00   9.994287e-02   8.374586e-10   3.104735e-03   1.744968e+00   1.734858e+00   8.994858e-01   7.382535e-09   3.036924e-03
   167   1.558330e+00   1.540317e+00   9.985424e-01   8.429989e-08   4.648202e-03  -1.366785e-02   1.759743e+00   1.749417e+00   9.994845e-02   6.551012e-10   2.967898e-03   1.765409e+00   1.755309e+00   8.995361e-01   5.788776e-09   2.909504e-03
   168   1.595136e+00   1.577123e+00   9.987894e-01   5.403560e-08   4.283998e-03  -1.198139e-02   1.780598e+00   1.770295e+00   9.995349e-02   5.129085e-10   2.839030e-03   1.785817e+00   1.775733e+00   8.995814e-01   4.543476e-09   2.789354e-03
   169   1.631942e+00   1.613929e+00   9.989942e-01   3.467966e-08   3.949680e-03  -1.045747e-02   1.801388e+00   1.791117e+00   9.995804e-02   4.020292e-10   2.717999e-03   1.806171e+00   1.796113e+00   8.996223e-01   3.570472e-09   2.676468e-03
   170   1.668748e+00   1.650734e+00   9.991642e-01   2.228779e-08   3.643320e-03  -9.039876e-03   1.822096e+00   1.811865e+00   9.996214e-02   3.155579e-10   2.604715e-03   1.826449e+00   1.816428e+00   8.996593e-01   2.810177e-09   2.570872e-03
   171   1.705553e+00   1.687540e+00   9.993056e-01   1.434498e-08   3.363246e-03  -7.669816e-03   1.842700e+00   1.832520e+00   9.996584e-02   2.481085e-10   2.499133e-03   1.846626e+00   1.836655e+00   8.996926e-01   2.215994e-09   2.472629e-03
   172   1.742359e+00   1.724346e+00   9.994225e-01   9.247508e-09   3.108027e-03  -6.361291e-03   1.863174e+00   1.853057e+00   9.996918e-02   1.954813e-10   2.401247e-03   1.866672e+00   1.856765e+00   8.997226e-01   1.751498e-09   2.381838e-03
   173   1.779165e+00   1.761152e+00   9.995198e-01   5.972119e-09   2.876537e-03  -5.039103e-03   1.883488e+00   1.873450e+00   9.997219e-02   1.544021e-10   2.311096e-03   1.886552e+00   1.876726e+00   8.997498e-01   1.388227e-09   2.298633e-03
   174   1.815971e+00   1.797958e+00   9.996011e-01   3.864847e-09   2.667990e-03  -3.619291e-03   1.903609e+00   1.893665e+00   9.997491e-02   1.223188e-10   2.228757e-03   1.906227e+00   1.896501e+00   8.997742e-01   1.103947e-09   2.223185e-03
   175   1.852777e+00   1.834764e+00   9.996693e-01   2.507496e-09   2.482289e-03  -1.914243e-03   1.923498e+00   1.913667e+00   9.997737e-02   9.724279e-11   2.154350e-03   1.925656e+00   1.916050e+00   8.997963e-01   8.812985e-10   2.155693e-03
   176   1.889583e+00   1.871569e+00   9.997265e-01   1.631931e-09   2.319787e-03   1.798745e-04   1.943111e+00   1.933415e+00   9.997958e-02   7.762338e-11   2.088060e-03   1.944789e+00   1.935328e+00   8.998162e-01   7.067307e-10   2.096388e-03
   177   1.926388e+00   1.908375e+00   9.997748e-01   1.066113e-09   2.181152e-03   2.699712e-03   1.962405e+00   1.952865e+00   9.998158e-02   6.224417e-11   2.030405e-03   1.963578e+00   1.954285e+00   8.998342e-01   5.696477e-10   2.045600e-03
   178   1.963194e+00   1.945181e+00   9.998155e-01   6.997176e-10   2.068200e-03   5.894455e-03   1.981351e+00   1.971981e+00   9.998338e-02   5.011415e-11   1.983836e-03   1.981977e+00   1.972875e+00   8.998504e-01   4.615862e-10   2.004571e-03
   179   2.000000e+00   1.981987e+00   9.998500e-01   4.606013e-10   1.990343e-03   8.219799e-03   2.000000e+00   1.990776e+00   9.998500e-02   4.034388e-11   1.957842e-03   2.000000e+00   1.991082e+00   8.998650e-01   3.749017e-10   1.980587e-03
