     i          log_r       log_rmid          m_tot        rho_tot         v2_tot            eta     lgr[heavy]    lgrm[heavy]       m[heavy]     rho[heavy]      v2[heavy]     lgr[light]    lgrm[light]       m[light]     rho[light]      v2[light]
     0  -4.225246e+00  -4.526276e+00   1.016680e-07   1.432511e+06   2.455372e-01            nan  -4.225246e+00  -4.526276e+00   9.998500e-08   1.421653e+06   2.436274e-01  -3.051986e+00  -3.353016e+00   8.998650e-07   3.865942e+03   4.810161e-01
     1  -4.190468e+00  -4.207509e+00   1.290608e-07   1.424468e+06   2.450529e-01            nan  -4.202825e+00  -4.213891e+00   1.166721e-07   1.416428e+06   2.436253e-01  -3.023157e+00  -3.037332e+00   1.050049e-06   2.928096e+03   4.771676e-01
     2  -4.155690e+00  -4.172731e+00   1.638459e-07   1.423292e+06   2.450082e-01            nan  -4.180408e+00  -4.191472e+00   1.361439e-07   1.415862e+06   2.436251e-01  -2.994521e+00  -3.008603e+00   1.225295e-06   2.820460e+03   4.766225e-01
     3  -4.120912e+00  -4.137953e+00   2.080156e-07   1.421957e+06   2.449650e-01            nan  -4.157992e+00  -4.169055e+00   1.588651e-07   1.415235e+06   2.436248e-01  -2.965962e+00  -2.980006e+00   1.429786e-06   2.708537e+03   4.760070e-01
     4  -4.086134e+00  -4.103175e+00   2.640959e-07   1.420455e+06   2.449231e-01            nan  -4.135577e+00  -4.146640e+00   1.853780e-07   1.414541e+06   2.436246e-01  -2.937382e+00  -2.951437e+00   1.668402e-06   2.592617e+03   4.753115e-01
     5  -4.051356e+00  -4.068397e+00   3.352898e-07   1.418724e+06   2.448827e-01            nan  -4.113161e+00  -4.124224e+00   2.163150e-07   1.413772e+06   2.436242e-01  -2.908696e+00  -2.922802e+00   1.946835e-06   2.473097e+03   4.745246e-01
     6  -4.016578e+00  -4.033619e+00   4.256562e-07   1.416767e+06   2.448435e-01            nan  -4.090743e+00  -4.101808e+00   2.524142e-07   1.412921e+06   2.436239e-01  -2.879827e+00  -2.894022e+00   2.271728e-06   2.350511e+03   4.736344e-01
     7  -3.981800e+00  -3.998841e+00   5.403394e-07   1.414493e+06   2.448057e-01            nan  -4.068323e+00  -4.079389e+00   2.945370e-07   1.411979e+06   2.436235e-01  -2.850708e+00  -2.865024e+00   2.650833e-06   2.225529e+03   4.726287e-01
     8  -3.947023e+00  -3.964063e+00   6.858440e-07   1.411900e+06   2.447691e-01            nan  -4.045899e+00  -4.056967e+00   3.436881e-07   1.410936e+06   2.436231e-01  -2.821277e+00  -2.835743e+00   3.093193e-06   2.098879e+03   4.714923e-01
     9  -3.912245e+00  -3.929286e+00   8.704191e-07   1.408889e+06   2.447337e-01            nan  -4.023471e+00  -4.034540e+00   4.010398e-07   1.409782e+06   2.436226e-01  -2.791480e+00  -2.806123e+00   3.609358e-06   1.971370e+03   4.702083e-01
    10  -3.877467e+00  -3.894508e+00   1.104451e-06   1.405422e+06   2.446996e-01            nan  -4.001037e+00  -4.012109e+00   4.679601e-07   1.408504e+06   2.436221e-01  -2.761267e+00  -2.776111e+00   4.211641e-06   1.843863e+03   4.687573e-01
    11  -3.842689e+00  -3.859730e+00   1.401130e-06   1.401409e+06   2.446665e-01            nan  -3.978596e+00  -3.989671e+00   5.460446e-07   1.407090e+06   2.436215e-01  -2.730595e+00  -2.745661e+00   4.914402e-06   1.717253e+03   4.671160e-01
    12  -3.807911e+00  -3.824952e+00   1.776985e-06   1.396749e+06   2.446346e-01            nan  -3.956147e+00  -3.967226e+00   6.371554e-07   1.405524e+06   2.436209e-01  -2.699429e+00  -2.714733e+00   5.734398e-06   1.592582e+03   4.652681e-01
    13  -3.773133e+00  -3.790174e+00   2.252987e-06   1.391379e+06   2.446037e-01            nan  -3.933689e+00  -3.944773e+00   7.434644e-07   1.403792e+06   2.436202e-01  -2.667739e+00  -2.683295e+00   6.691180e-06   1.470840e+03   4.631964e-01
    14  -3.738355e+00  -3.755396e+00   2.855345e-06   1.385105e+06   2.445739e-01            nan  -3.911221e+00  -3.922310e+00   8.675058e-07   1.401874e+06   2.436194e-01  -2.635505e+00  -2.651323e+00   7.807552e-06   1.352856e+03   4.608741e-01
    15  -3.703577e+00  -3.720618e+00   3.617152e-06   1.377912e+06   2.445451e-01            nan  -3.888741e+00  -3.899835e+00   1.012236e-06   1.399752e+06   2.436185e-01  -2.602712e+00  -2.618799e+00   9.110122e-06   1.239372e+03   4.582669e-01
    16  -3.668799e+00  -3.685840e+00   4.579707e-06   1.369471e+06   2.445172e-01            nan  -3.866247e+00  -3.877348e+00   1.181103e-06   1.397404e+06   2.436175e-01  -2.569359e+00  -2.585716e+00   1.062993e-05   1.131311e+03   4.553861e-01
    17  -3.634021e+00  -3.651062e+00   5.794740e-06   1.359841e+06   2.444902e-01            nan  -3.843739e+00  -3.854847e+00   1.378130e-06   1.394807e+06   2.436164e-01  -2.535452e+00  -2.552075e+00   1.240317e-05   1.029158e+03   4.522008e-01
    18  -3.599243e+00  -3.616284e+00   7.326752e-06   1.348536e+06   2.444641e-01            nan  -3.821214e+00  -3.832331e+00   1.608010e-06   1.391934e+06   2.436152e-01  -2.501003e+00  -2.517886e+00   1.447209e-05   9.332902e+02   4.486801e-01
    19  -3.564466e+00  -3.581506e+00   9.255589e-06   1.335666e+06   2.444387e-01            nan  -3.798671e+00  -3.809797e+00   1.876216e-06   1.388757e+06   2.436139e-01  -2.466041e+00  -2.483170e+00   1.688595e-05   8.441301e+02   4.448616e-01
    20  -3.529688e+00  -3.546729e+00   1.168074e-05   1.320658e+06   2.444142e-01            nan  -3.776107e+00  -3.787243e+00   2.189133e-06   1.385243e+06   2.436124e-01  -2.430597e+00  -2.447958e+00   1.970220e-05   7.617080e+02   4.407045e-01
    21  -3.494910e+00  -3.511951e+00   1.472340e-05   1.303607e+06   2.443903e-01            nan  -3.753520e+00  -3.764667e+00   2.554206e-06   1.381359e+06   2.436107e-01  -2.394713e+00  -2.412285e+00   2.298786e-05   6.860608e+02   4.362452e-01
    22  -3.460132e+00  -3.477173e+00   1.853428e-05   1.283860e+06   2.443670e-01            nan  -3.730908e+00  -3.742067e+00   2.980121e-06   1.377066e+06   2.436089e-01  -2.358437e+00  -2.376196e+00   2.682109e-05   6.170324e+02   4.314884e-01
    23  -3.425354e+00  -3.442395e+00   2.329350e-05   1.261554e+06   2.443442e-01            nan  -3.708266e+00  -3.719439e+00   3.477003e-06   1.372322e+06   2.436069e-01  -2.321818e+00  -2.339741e+00   3.129303e-05   5.543702e+02   4.264445e-01
    24  -3.390576e+00  -3.407617e+00   2.922333e-05   1.235900e+06   2.443218e-01            nan  -3.685593e+00  -3.696782e+00   4.056664e-06   1.367083e+06   2.436046e-01  -2.284911e+00  -2.302972e+00   3.650997e-05   4.977536e+02   4.211737e-01
    25  -3.355798e+00  -3.372839e+00   3.658502e-05   1.207235e+06   2.442997e-01            nan  -3.662885e+00  -3.674091e+00   4.732872e-06   1.361296e+06   2.436021e-01  -2.247772e+00  -2.265944e+00   4.259585e-05   4.467916e+02   4.156648e-01
    26  -3.321020e+00  -3.338061e+00   4.569270e-05   1.174489e+06   2.442777e-01            nan  -3.640138e+00  -3.651362e+00   5.521683e-06   1.354909e+06   2.435993e-01  -2.210452e+00  -2.228711e+00   4.969515e-05   4.010526e+02   4.100155e-01
    27  -3.286242e+00  -3.303283e+00   5.691749e-05   1.138343e+06   2.442558e-01            nan  -3.617346e+00  -3.628592e+00   6.441814e-06   1.347861e+06   2.435962e-01  -2.173006e+00  -2.191325e+00   5.797633e-05   3.601124e+02   4.042050e-01
    28  -3.251464e+00  -3.268505e+00   7.067134e-05   1.097701e+06   2.442336e-01            nan  -3.594507e+00  -3.605776e+00   7.515084e-06   1.340088e+06   2.435927e-01  -2.135477e+00  -2.153836e+00   6.763576e-05   3.235078e+02   3.983391e-01
    29  -3.216686e+00  -3.233727e+00   8.747215e-05   1.053224e+06   2.442110e-01            nan  -3.571613e+00  -3.582909e+00   8.766923e-06   1.331519e+06   2.435888e-01  -2.097911e+00  -2.116288e+00   7.890231e-05   2.908364e+02   3.924036e-01
    30  -3.181909e+00  -3.198949e+00   1.078111e-04   1.004665e+06   2.441878e-01            nan  -3.548660e+00  -3.559985e+00   1.022697e-05   1.322078e+06   2.435845e-01  -2.060345e+00  -2.078722e+00   9.204273e-05   2.616718e+02   3.864820e-01
    31  -3.147131e+00  -3.164172e+00   1.323324e-04   9.518020e+05   2.441635e-01            nan  -3.525640e+00  -3.536997e+00   1.192976e-05   1.311683e+06   2.435796e-01  -2.022810e+00  -2.041172e+00   1.073678e-04   2.356530e+02   3.805815e-01
    32  -3.112353e+00  -3.129394e+00   1.617149e-04   8.957166e+05   2.441380e-01            nan  -3.502545e+00  -3.513939e+00   1.391553e-05   1.300246e+06   2.435743e-01  -1.985335e+00  -2.003668e+00   1.252398e-04   2.124285e+02   3.747425e-01
    33  -3.077575e+00  -3.094616e+00   1.964952e-04   8.363137e+05   2.441108e-01            nan  -3.479369e+00  -3.490802e+00   1.623115e-05   1.287672e+06   2.435682e-01  -1.947940e+00  -1.966235e+00   1.460803e-04   1.916831e+02   3.690004e-01
    34  -3.042797e+00  -3.059838e+00   2.374573e-04   7.740018e+05   2.440812e-01            nan  -3.456100e+00  -3.467578e+00   1.893121e-05   1.273859e+06   2.435615e-01  -1.910644e+00  -1.928892e+00   1.703808e-04   1.731482e+02   3.633463e-01
    35  -3.008019e+00  -3.025060e+00   2.853010e-04   7.102142e+05   2.440439e-01   4.861355e-01  -3.432729e+00  -3.444257e+00   2.207926e-05   1.258701e+06   2.435540e-01  -1.873459e+00  -1.891654e+00   1.987134e-04   1.565537e+02   3.578418e-01
    36  -2.973241e+00  -2.990282e+00   3.406639e-04   6.457633e+05   2.439905e-01   4.853543e-01  -3.409244e+00  -3.420828e+00   2.574932e-05   1.242083e+06   2.435455e-01  -1.836398e+00  -1.854533e+00   2.317439e-04   1.417042e+02   3.524338e-01
    37  -2.938463e+00  -2.955504e+00   4.040530e-04   5.815798e+05   2.439260e-01   4.844563e-01  -3.385632e+00  -3.397277e+00   3.002750e-05   1.223889e+06   2.435360e-01  -1.799464e+00  -1.817538e+00   2.702475e-04   1.283728e+02   3.472018e-01
    38  -2.903685e+00  -2.920726e+00   4.757070e-04   5.183261e+05   2.438463e-01   4.834235e-01  -3.361878e+00  -3.373593e+00   3.501400e-05   1.203994e+06   2.435254e-01  -1.762666e+00  -1.780675e+00   3.151260e-04   1.164202e+02   3.420600e-01
    39  -2.868907e+00  -2.885948e+00   5.561452e-04   4.572617e+05   2.437483e-01   4.822300e-01  -3.337966e+00  -3.349757e+00   4.082538e-05   1.182271e+06   2.435134e-01  -1.726002e+00  -1.743947e+00   3.674284e-04   1.056600e+02   3.370955e-01
    40  -2.834129e+00  -2.851170e+00   6.455643e-04   3.994512e+05   2.436290e-01   4.808843e-01  -3.313877e+00  -3.325754e+00   4.759714e-05   1.158593e+06   2.434998e-01  -1.689480e+00  -1.707357e+00   4.283742e-04   9.599239e+01   3.322023e-01
    41  -2.799352e+00  -2.816392e+00   7.440501e-04   3.456272e+05   2.434840e-01   4.793754e-01  -3.289590e+00  -3.301564e+00   5.548679e-05   1.132830e+06   2.434845e-01  -1.653092e+00  -1.670905e+00   4.993811e-04   8.726746e+01   3.274650e-01
    42  -2.764574e+00  -2.781615e+00   8.516222e-04   2.963443e+05   2.433086e-01   4.776901e-01  -3.265082e+00  -3.277163e+00   6.467734e-05   1.104858e+06   2.434672e-01  -1.616846e+00  -1.634591e+00   5.820960e-04   7.940994e+01   3.227759e-01
    43  -2.729796e+00  -2.746837e+00   9.670834e-04   2.517676e+05   2.430940e-01   4.758247e-01  -3.240326e+00  -3.252528e+00   7.538125e-05   1.074557e+06   2.434476e-01  -1.580734e+00  -1.598415e+00   6.784313e-04   7.230413e+01   3.182010e-01
    44  -2.695018e+00  -2.712059e+00   1.090682e-03   2.120486e+05   2.428291e-01   4.737663e-01  -3.215292e+00  -3.227629e+00   8.784517e-05   1.041817e+06   2.434252e-01  -1.544760e+00  -1.562375e+00   7.906065e-04   6.588971e+01   3.136430e-01
    45  -2.660240e+00  -2.677281e+00   1.222436e-03   1.773374e+05   2.425094e-01   4.715230e-01  -3.189945e+00  -3.202434e+00   1.023551e-04   1.006546e+06   2.433997e-01  -1.508918e+00  -1.526469e+00   9.211963e-04   6.007704e+01   3.091537e-01
    46  -2.625462e+00  -2.642503e+00   1.362560e-03   1.474321e+05   2.421307e-01   4.690808e-01  -3.164248e+00  -3.176906e+00   1.192428e-04   9.686693e+05   2.433704e-01  -1.473210e+00  -1.490697e+00   1.073185e-03   5.481804e+01   3.046430e-01
    47  -2.590684e+00  -2.607725e+00   1.509966e-03   1.219755e+05   2.416955e-01   4.664095e-01  -3.138154e+00  -3.151005e+00   1.388921e-04   9.281440e+05   2.433368e-01  -1.437629e+00  -1.455055e+00   1.250029e-03   5.004108e+01   3.001613e-01
    48  -2.555906e+00  -2.572947e+00   1.661950e-03   1.002831e+05   2.411483e-01   4.637087e-01  -3.111614e+00  -3.124681e+00   1.617478e-04   8.849616e+05   2.432981e-01  -1.402176e+00  -1.419541e+00   1.455730e-03   4.570708e+01   2.956310e-01
    49  -2.521128e+00  -2.538169e+00   1.822720e-03   8.220077e+04   2.405134e-01   4.608507e-01  -3.084570e+00  -3.097882e+00   1.883238e-04   8.391595e+05   2.432531e-01  -1.366841e+00  -1.384149e+00   1.694914e-03   4.175991e+01   2.910972e-01
    50  -2.486350e+00  -2.503391e+00   1.989146e-03   6.723934e+04   2.398240e-01   4.577404e-01  -3.056955e+00  -3.070543e+00   2.192140e-04   7.908304e+05   2.432008e-01  -1.331620e+00  -1.348874e+00   1.972926e-03   3.816563e+01   2.865095e-01
    51  -2.451572e+00  -2.468613e+00   2.160579e-03   5.481815e+04   2.389371e-01   4.548574e-01  -3.028691e+00  -3.042593e+00   2.551039e-04   7.401332e+05   2.431394e-01  -1.296503e+00  -1.313707e+00   2.295935e-03   3.488146e+01   2.819047e-01
    52  -2.416795e+00  -2.433835e+00   2.341739e-03   4.467872e+04   2.379973e-01   4.517281e-01  -2.999691e+00  -3.013949e+00   2.967831e-04   6.873030e+05   2.430670e-01  -1.261478e+00  -1.278637e+00   2.671048e-03   3.187708e+01   2.772690e-01
    53  -2.382017e+00  -2.399058e+00   2.524144e-03   3.638115e+04   2.368875e-01   4.487726e-01  -2.969851e+00  -2.984514e+00   3.451610e-04   6.326621e+05   2.429811e-01  -1.226530e+00  -1.243652e+00   3.106449e-03   2.912122e+01   2.726264e-01
    54  -2.347239e+00  -2.364280e+00   2.719249e-03   2.963654e+04   2.356731e-01   4.457913e-01  -2.939051e+00  -2.954178e+00   4.012824e-04   5.766280e+05   2.428784e-01  -1.191640e+00  -1.208735e+00   3.611542e-03   2.658696e+01   2.680022e-01
    55  -2.312461e+00  -2.329502e+00   2.914523e-03   2.415456e+04   2.343079e-01   4.429746e-01  -2.907151e+00  -2.922808e+00   4.663463e-04   5.197204e+05   2.427545e-01  -1.156791e+00  -1.173866e+00   4.197117e-03   2.425342e+01   2.633955e-01
    56  -2.277683e+00  -2.294724e+00   3.123810e-03   1.971116e+04   2.328257e-01   4.402703e-01  -2.873990e+00  -2.890254e+00   5.417261e-04   4.625615e+05   2.426035e-01  -1.121956e+00  -1.139024e+00   4.875535e-03   2.209718e+01   2.588688e-01
    57  -2.242905e+00  -2.259946e+00   3.335129e-03   1.611030e+04   2.311863e-01   4.378212e-01  -2.839376e+00  -2.856338e+00   6.289911e-04   4.058718e+05   2.424178e-01  -1.087112e+00  -1.104185e+00   5.660920e-03   2.010449e+01   2.544084e-01
    58  -2.208127e+00  -2.225168e+00   3.560210e-03   1.318716e+04   2.294738e-01   4.354768e-01  -2.803087e+00  -2.820853e+00   7.299314e-04   3.504559e+05   2.421868e-01  -1.052234e+00  -1.069323e+00   6.569382e-03   1.826035e+01   2.500425e-01
    59  -2.173349e+00  -2.190390e+00   3.791436e-03   1.082416e+04   2.275691e-01   4.335876e-01  -2.764864e+00  -2.783555e+00   8.465830e-04   2.971778e+05   2.418961e-01  -1.017298e+00  -1.034415e+00   7.619247e-03   1.655359e+01   2.457768e-01
    60  -2.138571e+00  -2.155612e+00   4.035446e-03   8.892779e+03   2.256815e-01   4.316427e-01  -2.724407e+00  -2.744165e+00   9.812558e-04   2.469230e+05   2.415257e-01  -9.822854e-01  -9.994391e-01   8.831303e-03   1.497602e+01   2.415869e-01
    61  -2.103793e+00  -2.120834e+00   4.290630e-03   7.336621e+03   2.235570e-01   4.304192e-01  -2.681372e+00  -2.702356e+00   1.136562e-03   2.005477e+05   2.410477e-01  -9.471767e-01  -9.643764e-01   1.022906e-02   1.351854e+01   2.374883e-01
    62  -2.069015e+00  -2.086056e+00   4.558179e-03   6.055186e+03   2.215071e-01   4.290753e-01  -2.635372e+00  -2.657763e+00   1.315444e-03   1.588150e+05   2.404232e-01  -9.119591e-01  -9.292110e-01   1.183900e-02   1.217499e+01   2.334533e-01
    63  -2.034238e+00  -2.051278e+00   4.841529e-03   5.018956e+03   2.192835e-01   4.284058e-01  -2.585989e+00  -2.609979e+00   1.521208e-03   1.223244e+05   2.395979e-01  -8.766247e-01  -8.939327e-01   1.369088e-02   1.093948e+01   2.294498e-01
    64  -1.999460e+00  -2.016501e+00   5.138521e-03   4.164517e+03   2.171039e-01   4.277931e-01  -2.532790e+00  -2.558576e+00   1.757548e-03   9.144190e+04   2.384972e-01  -8.411676e-01  -8.585344e-01   1.581793e-02   9.805362e+00   2.254820e-01
    65  -1.964682e+00  -1.981723e+00   5.454650e-03   3.464973e+03   2.148950e-01   4.275185e-01  -2.475373e+00  -2.503133e+00   2.028572e-03   6.624496e+04   2.370213e-01  -8.055861e-01  -8.230126e-01   1.825715e-02   8.766959e+00   2.215292e-01
    66  -1.929904e+00  -1.946945e+00   5.788293e-03   2.889574e+03   2.126847e-01   4.275170e-01  -2.413432e+00  -2.443299e+00   2.338830e-03   4.649783e+04   2.350435e-01  -7.698818e-01  -7.873671e-01   2.104947e-02   7.818618e+00   2.175708e-01
    67  -1.895126e+00  -1.912167e+00   6.143413e-03   2.413007e+03   2.105405e-01   4.276339e-01  -2.346855e+00  -2.378869e+00   2.693323e-03   3.167199e+04   2.324172e-01  -7.340580e-01  -7.516006e-01   2.423991e-02   6.954491e+00   2.136063e-01
    68  -1.860348e+00  -1.877389e+00   6.521568e-03   2.021222e+03   2.084007e-01   4.280593e-01  -2.275821e+00  -2.309887e+00   3.097518e-03   2.101726e+04   2.289974e-01  -6.981194e-01  -7.157171e-01   2.787766e-02   6.168904e+00   2.096372e-01
    69  -1.825570e+00  -1.842611e+00   6.924589e-03   1.694073e+03   2.063639e-01   4.285315e-01  -2.200879e+00  -2.236735e+00   3.557342e-03   1.367285e+04   2.246830e-01  -6.620730e-01  -6.797224e-01   3.201608e-02   5.456630e+00   2.056514e-01
    70  -1.790792e+00  -1.807833e+00   7.355255e-03   1.424213e+03   2.043833e-01   4.291740e-01  -2.122932e+00  -2.160159e+00   4.079169e-03   8.790110e+03   2.194679e-01  -6.259280e-01  -6.436246e-01   3.671252e-02   4.812588e+00   2.016382e-01
    71  -1.756014e+00  -1.773055e+00   7.816363e-03   1.198267e+03   2.025058e-01   4.298479e-01  -2.043123e+00  -2.081197e+00   4.669785e-03   5.631607e+03   2.134763e-01  -5.896945e-01  -6.074335e-01   4.202806e-02   4.231766e+00   1.976058e-01
    72  -1.721236e+00  -1.738277e+00   8.309655e-03   1.010165e+03   2.007399e-01   4.305530e-01  -1.962639e+00  -2.001019e+00   5.336336e-03   3.622226e+03   2.069525e-01  -5.533843e-01  -5.711600e-01   4.802703e-02   3.709480e+00   1.935491e-01
    73  -1.686458e+00  -1.703499e+00   8.840608e-03   8.526645e+02   1.990790e-01   4.312045e-01  -1.882533e+00  -1.920742e+00   6.086254e-03   2.351597e+03   2.002037e-01  -5.170118e-01  -5.348174e-01   5.477629e-02   3.241301e+00   1.894583e-01
    74  -1.651681e+00  -1.668721e+00   9.409135e-03   7.207307e+02   1.975454e-01   4.318431e-01  -1.803613e+00  -1.841283e+00   6.927149e-03   1.545930e+03   1.935246e-01  -4.805933e-01  -4.984209e-01   6.234434e-02   2.822994e+00   1.853239e-01
    75  -1.616903e+00  -1.633944e+00   1.002367e-02   6.100649e+02   1.961281e-01   4.322925e-01  -1.726426e+00  -1.763307e+00   7.866679e-03   1.030572e+03   1.871413e-01  -4.441472e-01  -4.619881e-01   7.080011e-02   2.450478e+00   1.811496e-01
    76  -1.582125e+00  -1.599166e+00   1.068330e-02   5.169900e+02   1.948319e-01   4.326946e-01  -1.651300e+00  -1.687241e+00   8.912390e-03   6.968449e+02   1.811886e-01  -4.076938e-01  -4.255381e-01   8.021151e-02   2.119895e+00   1.769311e-01
    77  -1.547347e+00  -1.564388e+00   1.139740e-02   4.387136e+02   1.936538e-01   4.327948e-01  -1.578404e+00  -1.613324e+00   1.007152e-02   4.777355e+02   1.757145e-01  -3.712558e-01  -3.890928e-01   9.064369e-02   1.827613e+00   1.726600e-01
    78  -1.512569e+00  -1.529610e+00   1.216644e-02   3.726978e+02   1.925797e-01   4.327933e-01  -1.507800e+00  -1.541669e+00   1.135078e-02   3.318384e+02   1.706983e-01  -3.348592e-01  -3.526763e-01   1.021570e-01   1.570196e+00   1.683278e-01
    79  -1.477791e+00  -1.494832e+00   1.300038e-02   3.170188e+02   1.916073e-01   4.324442e-01  -1.439491e+00  -1.472304e+00   1.275612e-02   2.333455e+02   1.660719e-01  -2.985318e-01  -3.163157e-01   1.148050e-01   1.344371e+00   1.639342e-01
    80  -1.443013e+00  -1.460054e+00   1.390108e-02   2.699565e+02   1.907156e-01   4.319442e-01  -1.373441e+00  -1.405211e+00   1.429243e-02   1.659687e+02   1.617416e-01  -2.623035e-01  -2.800400e-01   1.286319e-01   1.147042e+00   1.594806e-01
    81  -1.408235e+00  -1.425276e+00   1.487969e-02   2.301526e+02   1.898942e-01   4.311253e-01  -1.309589e+00  -1.340342e+00   1.596333e-02   1.192861e+02   1.576081e-01  -2.262068e-01  -2.438802e-01   1.436700e-01   9.753304e-01   1.549621e-01
    82  -1.373457e+00  -1.390498e+00   1.593934e-02   1.964322e+02   1.891231e-01   4.301406e-01  -1.247852e+00  -1.277624e+00   1.777087e-02   8.653772e+01   1.535851e-01  -1.902766e-01  -2.078703e-01   1.599378e-01   8.265424e-01   1.503749e-01
    83  -1.338679e+00  -1.355720e+00   1.709291e-02   1.678392e+02   1.883865e-01   4.289174e-01  -1.188125e+00  -1.216963e+00   1.971527e-02   6.328286e+01   1.496150e-01  -1.545494e-01  -1.720457e-01   1.774374e-01   6.981529e-01   1.457244e-01
    84  -1.303901e+00  -1.320942e+00   1.834561e-02   1.435461e+02   1.876647e-01   4.276070e-01  -1.130272e+00  -1.158236e+00   2.179475e-02   4.657176e+01   1.456796e-01  -1.190624e-01  -1.364436e-01   1.961527e-01   5.878195e-01   1.410175e-01
    85  -1.269124e+00  -1.286164e+00   1.971032e-02   1.229028e+02   1.869508e-01   4.261515e-01  -1.074130e+00  -1.101294e+00   2.400535e-02   3.442617e+01   1.418018e-01  -8.385446e-02  -1.011018e-01   2.160481e-01   4.934020e-01   1.362563e-01
    86  -1.234346e+00  -1.251387e+00   2.119636e-02   1.052909e+02   1.862200e-01   4.248074e-01  -1.019509e+00  -1.045961e+00   2.634082e-02   2.550874e+01   1.380346e-01  -4.896476e-02  -6.605934e-02   2.370673e-01   4.129353e-01   1.314478e-01
    87  -1.199568e+00  -1.216609e+00   2.281696e-02   9.030446e+01   1.854874e-01   4.233933e-01  -9.662046e-01  -9.920396e-01   2.879262e-02   1.890709e+01   1.344446e-01  -1.443119e-02  -3.135482e-02   2.591336e-01   3.446159e-01   1.266106e-01
    88  -1.164790e+00  -1.181831e+00   2.458386e-02   7.744510e+01   1.847275e-01   4.223471e-01  -9.140068e-01  -9.393220e-01   3.134998e-02   1.399237e+01   1.310920e-01   1.970859e-02   2.974079e-03   2.821498e-01   2.868379e-01   1.217528e-01
    89  -1.130012e+00  -1.147053e+00   2.651400e-02   6.646472e+01   1.839707e-01   4.214144e-01  -8.627193e-01  -8.876064e-01   3.400006e-02   1.032410e+01   1.280084e-01   5.341858e-02   3.689058e-02   3.060005e-01   2.381526e-01   1.168899e-01
    90  -1.095234e+00  -1.112275e+00   2.861645e-02   5.704243e+01   1.832142e-01   4.207936e-01  -8.121749e-01  -8.367122e-01   3.672816e-02   7.587701e+00   1.251891e-01   8.666577e-02   7.036025e-02   3.305535e-01   1.972661e-01   1.120425e-01
    91  -1.060456e+00  -1.077497e+00   3.091271e-02   4.893865e+01   1.824893e-01   4.204297e-01  -7.622434e-01  -7.864920e-01   3.951809e-02   5.552378e+00   1.225925e-01   1.194190e-01   1.033511e-01   3.556628e-01   1.630466e-01   1.072234e-01
    92  -1.025678e+00  -1.042719e+00   3.341911e-02   4.199804e+01   1.817807e-01   4.202552e-01  -7.128322e-01  -7.368355e-01   4.235249e-02   4.045081e+00   1.201589e-01   1.516519e-01   1.358345e-01   3.811724e-01   1.344884e-01   1.024573e-01
    93  -9.909002e-01  -1.007941e+00   3.614584e-02   3.599798e+01   1.811499e-01   4.201746e-01  -6.638762e-01  -6.876648e-01   4.521329e-02   2.934005e+00   1.178317e-01   1.833409e-01   1.677854e-01   4.069196e-01   1.107261e-01   9.775877e-02
    94  -9.561223e-01  -9.731633e-01   3.912296e-02   3.084505e+01   1.805725e-01   4.200382e-01  -6.153203e-01  -6.389200e-01   4.808216e-02   2.118429e+00   1.155718e-01   2.144672e-01   1.991828e-01   4.327394e-01   9.100452e-02   9.314820e-02
    95  -9.213444e-01  -9.383853e-01   4.236391e-02   2.642760e+01   1.800202e-01   4.198131e-01  -5.671091e-01  -5.905460e-01   5.094094e-02   1.522147e+00   1.133625e-01   2.450158e-01   2.300100e-01   4.584685e-01   7.467693e-02   8.864154e-02
    96  -8.865665e-01  -9.036074e-01   4.588342e-02   2.260768e+01   1.795744e-01   4.190795e-01  -5.191757e-01  -5.424814e-01   5.377208e-02   1.087811e+00   1.111989e-01   2.749764e-01   2.602544e-01   4.839488e-01   6.118923e-02   8.425451e-02
    97  -8.517886e-01  -8.688295e-01   4.972059e-02   1.933780e+01   1.791328e-01   4.179735e-01  -4.714361e-01  -4.946503e-01   5.655903e-02   7.726528e-01   1.090824e-01   3.043429e-01   2.899078e-01   5.090312e-01   5.007013e-02   8.000100e-02
    98  -8.170107e-01  -8.340516e-01   5.389348e-02   1.654049e+01   1.786672e-01   4.164595e-01  -4.237912e-01  -4.469606e-01   5.928652e-02   5.450235e-01   1.070179e-01   3.331132e-01   3.189663e-01   5.335787e-01   4.092110e-02   7.589183e-02
    99  -7.822328e-01  -7.992737e-01   5.841488e-02   1.413512e+01   1.782104e-01   4.143033e-01  -3.761232e-01  -3.993035e-01   6.194091e-02   3.814463e-01   1.050097e-01   3.612894e-01   3.474298e-01   5.574682e-01   3.340563e-02   7.193703e-02
   100  -7.474549e-01  -7.644958e-01   6.333972e-02   1.208000e+01   1.776696e-01   4.117311e-01  -3.282912e-01  -3.515490e-01   6.451030e-02   2.645721e-01   1.030638e-01   3.888769e-01   3.753022e-01   5.805927e-01   2.724202e-02   6.814257e-02
   101  -7.126770e-01  -7.297179e-01   6.870386e-02   1.032562e+01   1.770130e-01   4.087965e-01  -2.801346e-01  -3.035458e-01   6.698469e-02   1.816492e-01   1.011886e-01   4.158846e-01   4.025906e-01   6.028622e-01   2.219393e-02   6.451421e-02
   102  -6.778990e-01  -6.949400e-01   7.450307e-02   8.823912e+00   1.762404e-01   4.055035e-01  -2.314724e-01  -2.551223e-01   6.935597e-02   1.232949e-01   9.939219e-02   4.423241e-01   4.293055e-01   6.242038e-01   1.806514e-02   6.105344e-02
   103  -6.431211e-01  -6.601621e-01   8.081635e-02   7.539107e+00   1.753199e-01   4.019152e-01  -1.820970e-01  -2.060834e-01   7.161799e-02   8.260763e-02   9.768686e-02   4.682101e-01   4.554599e-01   6.445619e-01   1.469190e-02   5.776227e-02
   104  -6.083432e-01  -6.253842e-01   8.768830e-02   6.441794e+00   1.742184e-01   3.980417e-01  -1.317849e-01  -1.562128e-01   7.376638e-02   5.455866e-02   9.608664e-02   4.935588e-01   4.810694e-01   6.638974e-01   1.193920e-02   5.463834e-02
   105  -5.735653e-01  -5.906062e-01   9.514277e-02   5.503686e+00   1.729291e-01   3.938827e-01  -8.030487e-02  -1.052825e-01   7.579851e-02   3.547690e-02   9.460092e-02   5.183893e-01   5.061515e-01   6.821866e-01   9.694809e-03   5.168072e-02
   106  -5.387874e-01  -5.558283e-01   1.032247e-01   4.698421e+00   1.714750e-01   3.894179e-01  -2.743097e-02  -5.306377e-02   7.771330e-02   2.269116e-02   9.323743e-02   5.427212e-01   5.307256e-01   6.994197e-01   7.866729e-03   4.888440e-02
   107  -5.040095e-01  -5.210504e-01   1.120088e-01   4.009469e+00   1.698130e-01   3.845599e-01   2.699468e-02   6.338724e-04   7.951106e-02   1.428281e-02   9.196638e-02   5.665764e-01   5.548126e-01   7.155996e-01   6.378805e-03   4.624592e-02
   108  -4.692316e-01  -4.862725e-01   1.215483e-01   3.419582e+00   1.679395e-01   3.792569e-01   8.301001e-02   5.590483e-02   8.119333e-02   8.864583e-03   9.071963e-02   5.899772e-01   5.784344e-01   7.307399e-01   5.168768e-03   4.375909e-02
   109  -4.344537e-01  -4.514946e-01   1.318542e-01   2.913759e+00   1.658651e-01   3.734610e-01   1.404172e-01   1.126614e-01   8.276263e-02   5.451822e-03   8.933325e-02   6.129469e-01   6.016139e-01   7.448636e-01   4.185389e-03   4.141828e-02
   110  -3.996758e-01  -4.167167e-01   1.430137e-01   2.479694e+00   1.635940e-01   3.670728e-01   1.986622e-01   1.705154e-01   8.422234e-02   3.351578e-03   8.752292e-02   6.355094e-01   6.243746e-01   7.580011e-01   3.386765e-03   3.921701e-02
   111  -3.648979e-01  -3.819388e-01   1.550915e-01   2.107844e+00   1.611063e-01   3.600105e-01   2.568285e-01   2.287184e-01   8.557652e-02   2.082740e-03   8.494608e-02   6.576886e-01   6.467406e-01   7.701887e-01   2.738635e-03   3.714823e-02
   112  -3.301200e-01  -3.471609e-01   1.681347e-01   1.789277e+00   1.584012e-01   3.521847e-01   3.137952e-01   2.862452e-01   8.682971e-02   1.322653e-03   8.135700e-02   6.795090e-01   6.687359e-01   7.814674e-01   2.212953e-03   3.520560e-02
   113  -2.953420e-01  -3.123830e-01   1.821535e-01   1.516103e+00   1.554956e-01   3.434427e-01   3.685444e-01   3.420320e-01   8.798682e-02   8.643469e-04   7.678449e-02   7.009949e-01   6.903848e-01   7.918814e-01   1.786883e-03   3.338178e-02
   114  -2.605641e-01  -2.776051e-01   1.972474e-01   1.282183e+00   1.523863e-01   3.336930e-01   4.204131e-01   3.952526e-01   8.905301e-02   5.820432e-04   7.153539e-02   7.221702e-01   7.117116e-01   8.014771e-01   1.441765e-03   3.167005e-02
   115  -2.257862e-01  -2.428271e-01   2.134633e-01   1.082137e+00   1.490691e-01   3.228516e-01   4.691439e-01   4.454616e-01   9.003354e-02   4.027722e-04   6.602072e-02   7.430589e-01   7.327402e-01   8.103019e-01   1.162405e-03   3.006370e-02
   116  -1.910083e-01  -2.080492e-01   2.307932e-01   9.111672e-01   1.455475e-01   3.107709e-01   5.147840e-01   4.925632e-01   9.093373e-02   2.851552e-04   6.058700e-02   7.636843e-01   7.534940e-01   8.184036e-01   9.364335e-04   2.855593e-02
   117  -1.562304e-01  -1.732713e-01   2.492873e-01   7.650729e-01   1.418336e-01   2.971172e-01   5.575473e-01   5.366918e-01   9.175884e-02   2.056592e-04   5.545313e-02   7.840691e-01   7.739963e-01   8.258295e-01   7.537732e-04   2.714053e-02
   118  -1.214525e-01  -1.384934e-01   2.690023e-01   6.406416e-01   1.379323e-01   2.820075e-01   5.977140e-01   5.780949e-01   9.251402e-02   1.505518e-04   5.072226e-02   8.042356e-01   7.942694e-01   8.326262e-01   6.062332e-04   2.581131e-02
   119  -8.667458e-02  -1.037155e-01   2.899268e-01   5.348371e-01   1.338512e-01   2.653450e-01   6.355762e-01   6.170576e-01   9.320429e-02   1.115380e-04   4.642569e-02   8.242053e-01   8.143352e-01   8.388386e-01   4.871547e-04   2.456231e-02
   120  -5.189667e-02  -6.893760e-02   3.120463e-01   4.450111e-01   1.296058e-01   2.466998e-01   6.714109e-01   6.538631e-01   9.383445e-02   8.343405e-05   4.255551e-02   8.439988e-01   8.342148e-01   8.445100e-01   3.911227e-04   2.338803e-02
   121  -1.711876e-02  -3.415969e-02   3.353957e-01   3.689691e-01   1.252075e-01   2.263801e-01   7.054628e-01   6.887705e-01   9.440910e-02   6.291293e-05   3.908132e-02   8.636359e-01   8.539283e-01   8.496819e-01   3.137417e-04   2.228317e-02
   122   1.765915e-02   6.182201e-04   3.599120e-01   3.047578e-01   1.206687e-01   2.043224e-01   7.379487e-01   7.220094e-01   9.493262e-02   4.775153e-05   3.596651e-02   8.831355e-01   8.734951e-01   8.543935e-01   2.514437e-04   2.124270e-02
   123   5.243705e-02   3.539613e-02   3.855492e-01   2.506934e-01   1.160060e-01   1.804738e-01   7.690576e-01   7.537816e-01   9.540910e-02   3.644198e-05   3.317368e-02   9.025156e-01   8.929337e-01   8.586819e-01   2.013334e-04   2.026194e-02
   124   8.721496e-02   7.017404e-02   4.122668e-01   2.053177e-01   1.112398e-01   1.552428e-01   7.989527e-01   7.842623e-01   9.584241e-02   2.793848e-05   3.066564e-02   9.217932e-01   9.122614e-01   8.625817e-01   1.610627e-04   1.933658e-02
   125   1.219929e-01   1.049519e-01   4.398912e-01   1.673306e-01   1.063756e-01   1.285499e-01   8.277768e-01   8.136038e-01   9.623618e-02   2.150076e-05   2.841008e-02   9.409843e-01   9.314948e-01   8.661256e-01   1.287299e-04   1.846251e-02
   126   1.567708e-01   1.397299e-01   4.683882e-01   1.356801e-01   1.014441e-01   1.016580e-01   8.556539e-01   8.419390e-01   9.659376e-02   1.659929e-05   2.637680e-02   9.601039e-01   9.506493e-01   8.693438e-01   1.027948e-04   1.763594e-02
   127   1.915487e-01   1.745078e-01   4.976174e-01   1.094162e-01   9.647384e-02   7.379990e-02   8.826924e-01   8.693835e-01   9.691827e-02   1.284943e-05   2.453980e-02   9.791659e-01   9.697395e-01   8.722644e-01   8.201118e-05   1.685341e-02
   128   2.263266e-01   2.092857e-01   5.274155e-01   8.773540e-02   9.148382e-02   4.756939e-02   9.089884e-01   8.960394e-01   9.721261e-02   9.968474e-06   2.287621e-02   9.981834e-01   9.887787e-01   8.749135e-01   6.537160e-05   1.611173e-02
   129   2.611045e-01   2.440636e-01   5.576498e-01   6.992012e-02   8.650666e-02   2.201091e-02   9.346253e-01   9.219960e-01   9.747945e-02   7.747817e-06   2.136548e-02   1.017168e+00   1.007780e+00   8.773151e-01   5.206253e-05   1.540794e-02
   130   2.958824e-01   2.788415e-01   5.881082e-01   5.536350e-02   8.156892e-02  -2.186758e-03   9.596777e-01   9.473321e-01   9.772124e-02   6.030921e-06   1.999031e-02   1.036132e+00   1.026754e+00   8.794912e-01   4.142740e-05   1.473935e-02
   131   3.306603e-01   3.136194e-01   6.186250e-01   4.354244e-02   7.669212e-02  -2.268750e-02   9.842118e-01   9.721180e-01   9.794025e-02   4.700219e-06   1.873523e-02   1.055085e+00   1.045712e+00   8.814623e-01   3.293693e-05   1.410349e-02
   132   3.654382e-01   3.483973e-01   6.488068e-01   3.399438e-02   7.190697e-02  -4.228787e-02   1.008286e+00   9.964157e-01   9.813854e-02   3.666847e-06   1.758659e-02   1.074035e+00   1.064663e+00   8.832469e-01   2.616487e-05   1.349813e-02
   133   4.002162e-01   3.831752e-01   6.784770e-01   2.631463e-02   6.721124e-02  -5.802927e-02   1.031953e+00   1.020281e+00   9.831802e-02   2.862961e-06   1.653280e-02   1.092993e+00   1.083618e+00   8.848622e-01   2.076834e-05   1.292124e-02
   134   4.349941e-01   4.179531e-01   7.075578e-01   2.020923e-02   6.265897e-02  -7.122741e-02   1.055258e+00   1.043762e+00   9.848042e-02   2.236712e-06   1.556354e-02   1.111965e+00   1.102582e+00   8.863237e-01   1.647179e-05   1.237096e-02
   135   4.697720e-01   4.527310e-01   7.357827e-01   1.539404e-02   5.827219e-02  -8.266317e-02   1.078245e+00   1.066904e+00   9.862732e-02   1.748298e-06   1.466972e-02   1.130958e+00   1.121565e+00   8.876458e-01   1.305400e-05   1.184560e-02
   136   5.045499e-01   4.875090e-01   7.626628e-01   1.161358e-02   5.404884e-02  -9.150203e-02   1.100950e+00   1.089746e+00   9.876016e-02   1.367048e-06   1.384344e-02   1.149980e+00   1.140573e+00   8.888415e-01   1.033757e-05   1.134363e-02
   137   5.393278e-01   5.222869e-01   7.883968e-01   8.680745e-03   5.001832e-02  -9.801721e-02   1.123406e+00   1.112323e+00   9.888027e-02   1.069223e-06   1.307781e-02   1.169035e+00   1.159612e+00   8.899225e-01   8.180364e-06   1.086367e-02
   138   5.741057e-01   5.570648e-01   8.125059e-01   6.428549e-03   4.619684e-02  -1.031208e-01   1.145643e+00   1.134667e+00   9.898885e-02   8.364323e-07   1.236677e-02   1.188128e+00   1.178686e+00   8.908996e-01   6.468667e-06   1.040444e-02
   139   6.088836e-01   5.918427e-01   8.350626e-01   4.710221e-03   4.258412e-02  -1.069298e-01   1.167689e+00   1.156806e+00   9.908698e-02   6.543958e-07   1.170494e-02   1.207265e+00   1.197802e+00   8.917828e-01   5.111550e-06   9.964809e-03
   140   6.436615e-01   6.266206e-01   8.558043e-01   3.418723e-03   3.919729e-02  -1.093334e-01   1.189566e+00   1.178765e+00   9.917565e-02   5.120014e-07   1.108763e-02   1.226448e+00   1.216962e+00   8.925808e-01   4.036400e-06   9.543713e-03
   141   6.784394e-01   6.613985e-01   8.748635e-01   2.454519e-03   3.603200e-02  -1.105842e-01   1.211298e+00   1.200568e+00   9.925576e-02   4.005919e-07   1.051068e-02   1.245682e+00   1.236172e+00   8.933019e-01   3.185279e-06   9.140195e-03
   142   7.132173e-01   6.961764e-01   8.919397e-01   1.744886e-03   3.309301e-02  -1.106717e-01   1.232902e+00   1.222234e+00   9.932813e-02   3.134120e-07   9.970468e-03   1.264970e+00   1.255433e+00   8.939532e-01   2.512003e-06   8.753373e-03
   143   7.479952e-01   7.309543e-01   9.073198e-01   1.228114e-03   3.037563e-02  -1.097117e-01   1.254396e+00   1.243782e+00   9.939350e-02   2.451861e-07   9.463767e-03   1.284313e+00   1.274749e+00   8.945415e-01   1.979795e-06   8.382442e-03
   144   7.827732e-01   7.657322e-01   9.209631e-01   8.555061e-04   2.787376e-02  -1.077803e-01   1.275796e+00   1.265228e+00   9.945254e-02   1.917921e-07   8.987725e-03   1.303715e+00   1.294123e+00   8.950729e-01   1.559392e-06   8.026659e-03
   145   8.175511e-01   8.005101e-01   9.328597e-01   5.905388e-04   2.557904e-02  -1.049201e-01   1.297115e+00   1.286586e+00   9.950586e-02   1.500064e-07   8.539810e-03   1.323177e+00   1.313555e+00   8.955527e-01   1.227534e-06   7.685339e-03
   146   8.523290e-01   8.352881e-01   9.432512e-01   4.040950e-04   2.347988e-02  -1.012234e-01   1.318366e+00   1.307870e+00   9.955400e-02   1.173074e-07   8.117772e-03   1.342700e+00   1.333048e+00   8.959860e-01   9.657462e-07   7.357848e-03
   147   8.871069e-01   8.700660e-01   9.522382e-01   2.741557e-04   2.156463e-02  -9.673641e-02   1.339560e+00   1.329092e+00   9.959747e-02   9.172149e-08   7.719610e-03   1.362286e+00   1.352603e+00   8.963772e-01   7.593671e-07   7.043598e-03
   148   9.218848e-01   9.048439e-01   9.599453e-01   1.846169e-04   1.981874e-02  -9.160000e-02   1.360706e+00   1.350262e+00   9.963672e-02   7.170379e-08   7.343537e-03   1.381935e+00   1.372221e+00   8.967304e-01   5.967719e-07   6.742043e-03
   149   9.566627e-01   9.396218e-01   9.664558e-01   1.235187e-04   1.822795e-02  -8.597413e-02   1.381814e+00   1.371388e+00   9.967214e-02   5.604481e-08   6.987956e-03   1.401647e+00   1.391902e+00   8.970493e-01   4.687503e-07   6.452675e-03
   150   9.914406e-01   9.743997e-01   9.719731e-01   8.217502e-05   1.677804e-02  -8.001705e-02   1.402891e+00   1.392480e+00   9.970413e-02   4.379748e-08   6.651432e-03   1.421423e+00   1.411647e+00   8.973371e-01   3.680109e-07   6.175017e-03
   151   1.026219e+00   1.009178e+00   9.766274e-01   5.440569e-05   1.545552e-02  -7.392303e-02   1.423943e+00   1.413545e+00   9.973300e-02   3.422025e-08   6.332681e-03   1.441262e+00   1.431455e+00   8.975970e-01   2.887855e-07   5.908626e-03
   152   1.060996e+00   1.043956e+00   9.805357e-01   3.587631e-05   1.424799e-02  -6.775496e-02   1.444978e+00   1.434588e+00   9.975905e-02   2.673243e-08   6.030543e-03   1.461164e+00   1.451327e+00   8.978315e-01   2.265146e-07   5.653084e-03
   153   1.095774e+00   1.078733e+00   9.838062e-01   2.358120e-05   1.314375e-02  -6.177153e-02   1.465999e+00   1.455615e+00   9.978257e-02   2.087937e-08   5.743972e-03   1.481128e+00   1.471260e+00   8.980432e-01   1.775965e-07   5.408002e-03
   154   1.130552e+00   1.113511e+00   9.865327e-01   1.546305e-05   1.213214e-02  -5.595908e-02   1.487011e+00   1.476632e+00   9.980380e-02   1.630513e-08   5.472022e-03   1.501152e+00   1.491255e+00   8.982342e-01   1.391883e-07   5.173013e-03
   155   1.165330e+00   1.148289e+00   9.887887e-01   1.012124e-05   1.120406e-02  -5.051942e-02   1.508017e+00   1.497641e+00   9.982296e-02   1.273106e-08   5.213834e-03   1.521235e+00   1.511310e+00   8.984066e-01   1.090472e-07   4.947772e-03
   156   1.200108e+00   1.183067e+00   9.906669e-01   6.616638e-06   1.035135e-02  -4.540724e-02   1.529021e+00   1.518646e+00   9.984025e-02   9.939078e-09   4.968632e-03   1.541376e+00   1.531422e+00   8.985622e-01   8.540541e-08   4.731958e-03
   157   1.234886e+00   1.217845e+00   9.922312e-01   4.322095e-06   9.566914e-03  -4.069767e-02   1.550024e+00   1.539649e+00   9.985585e-02   7.758518e-09   4.735710e-03   1.561571e+00   1.551591e+00   8.987027e-01   6.687024e-08   4.525270e-03
   158   1.269664e+00   1.252623e+00   9.935316e-01   2.822127e-06   8.844553e-03  -3.638912e-02   1.571027e+00   1.560652e+00   9.986993e-02   6.055847e-09   4.514428e-03   1.581817e+00   1.571812e+00   8.988294e-01   5.234521e-08   4.327427e-03
   159   1.304442e+00   1.287401e+00   9.946133e-01   1.842637e-06   8.178591e-03  -3.244805e-02   1.592031e+00   1.581656e+00   9.988264e-02   4.726613e-09   4.304204e-03   1.602112e+00   1.592083e+00   8.989438e-01   4.096760e-08   4.138168e-03
   160   1.339220e+00   1.322179e+00   9.955055e-01   1.203325e-06   7.564170e-03  -2.892452e-02   1.613036e+00   1.602661e+00   9.989411e-02   3.689121e-09   4.104512e-03   1.622450e+00   1.612400e+00   8.990470e-01   3.205903e-08   3.957254e-03
   161   1.373998e+00   1.356957e+00   9.962468e-01   7.861496e-07   6.996914e-03  -2.573965e-02   1.634040e+00   1.623665e+00   9.990446e-02   2.879498e-09   3.914876e-03   1.642827e+00   1.632758e+00   8.991401e-01   2.508635e-08   3.784467e-03
   162   1.408776e+00   1.391735e+00   9.968652e-01   5.138977e-07   6.472968e-03  -2.287257e-02   1.655040e+00   1.644667e+00   9.991379e-02   2.247811e-09   3.734869e-03   1.663236e+00   1.653152e+00   8.992241e-01   1.963082e-08   3.619607e-03
   163   1.443553e+00   1.426513e+00   9.973813e-01   3.361846e-07   5.988932e-03  -2.032737e-02   1.676033e+00   1.665663e+00   9.992222e-02   1.755034e-09   3.564106e-03   1.683672e+00   1.673574e+00   8.993000e-01   1.536372e-08   3.462501e-03
   164   1.478331e+00   1.461290e+00   9.978085e-01   2.201080e-07   5.541647e-03  -1.803816e-02   1.697015e+00   1.686651e+00   9.992982e-02   1.370678e-09   3.402250e-03   1.704124e+00   1.694018e+00   8.993684e-01   1.202712e-08   3.312998e-03
   165   1.513109e+00   1.496068e+00   9.981640e-01   1.442389e-07   5.128349e-03  -1.598672e-02   1.717978e+00   1.707623e+00   9.993668e-02   1.070923e-09   3.249004e-03   1.724584e+00   1.714475e+00   8.994301e-01   9.418790e-09   3.170972e-03
   166   1.547887e+00   1.530846e+00   9.984618e-01   9.461261e-08   4.746556e-03  -1.416595e-02   1.738914e+00   1.728572e+00   9.994287e-02   8.371706e-10   3.104110e-03   1.745040e+00   1.734932e+00   8.994858e-01   7.380183e-09   3.036324e-03
   167   1.582665e+00   1.565624e+00   9.987112e-01   6.212951e-08   4.394085e-03  -1.250637e-02   1.759814e+00   1.749490e+00   9.994845e-02   6.548966e-10   2.967357e-03   1.765477e+00   1.755379e+00   8.995361e-01   5.787109e-09   2.908985e-03
   168   1.617443e+00   1.600402e+00   9.989178e-01   4.084291e-08   4.068902e-03  -1.099734e-02   1.780665e+00   1.770364e+00   9.995349e-02   5.127658e-10   2.838571e-03   1.785881e+00   1.775799e+00   8.995814e-01   4.542318e-09   2.788915e-03
   169   1.652221e+00   1.635180e+00   9.990913e-01   2.688015e-08   3.769236e-03  -9.636902e-03   1.801451e+00   1.791182e+00   9.995804e-02   4.019322e-10   2.717621e-03   1.806231e+00   1.796175e+00   8.996223e-01   3.569689e-09   2.676108e-03
   170   1.686999e+00   1.669958e+00   9.992373e-01   1.771365e-08   3.493635e-03  -8.334630e-03   1.822154e+00   1.811926e+00   9.996214e-02   3.154945e-10   2.604419e-03   1.826505e+00   1.816486e+00   8.996593e-01   2.809671e-09   2.570591e-03
   171   1.721777e+00   1.704736e+00   9.993594e-01   1.168923e-08   3.240833e-03  -7.065248e-03   1.842753e+00   1.832576e+00   9.996584e-02   2.480698e-10   2.498920e-03   1.846677e+00   1.836708e+00   8.996926e-01   2.215691e-09   2.472428e-03
   172   1.756555e+00   1.739514e+00   9.994617e-01   7.725100e-09   3.009651e-03  -5.851162e-03   1.863222e+00   1.853108e+00   9.996918e-02   1.954606e-10   2.401119e-03   1.866718e+00   1.856813e+00   8.997226e-01   1.751343e-09   2.381718e-03
   173   1.791333e+00   1.774292e+00   9.995482e-01   5.113994e-09   2.799305e-03  -4.560533e-03   1.883531e+00   1.873496e+00   9.997219e-02   1.543943e-10   2.311055e-03   1.886592e+00   1.876769e+00   8.997498e-01   1.388177e-09   2.298598e-03
   174   1.826110e+00   1.809070e+00   9.996214e-01   3.392535e-09   2.609695e-03  -3.061250e-03   1.903647e+00   1.893705e+00   9.997491e-02   1.223203e-10   2.228807e-03   1.906263e+00   1.896539e+00   8.997742e-01   1.103973e-09   2.223237e-03
   175   1.860888e+00   1.843847e+00   9.996827e-01   2.255808e-09   2.440302e-03  -1.453197e-03   1.923529e+00   1.913702e+00   9.997737e-02   9.725074e-11   2.154495e-03   1.925685e+00   1.916082e+00   8.997963e-01   8.813773e-10   2.155836e-03
   176   1.895666e+00   1.878625e+00   9.997349e-01   1.504166e-09   2.291267e-03   4.782204e-04   1.943135e+00   1.933443e+00   9.997958e-02   7.763574e-11   2.088308e-03   1.944812e+00   1.935354e+00   8.998162e-01   7.068452e-10   2.096628e-03
   177   1.930444e+00   1.913403e+00   9.997794e-01   1.006592e-09   2.164045e-03   3.128033e-03   1.962422e+00   1.952886e+00   9.998158e-02   6.225938e-11   2.030761e-03   1.963593e+00   1.954304e+00   8.998342e-01   5.697853e-10   2.045942e-03
   178   1.965222e+00   1.948181e+00   9.998175e-01   6.765567e-10   2.060470e-03   6.198712e-03   1.981360e+00   1.971994e+00   9.998338e-02   5.013097e-11   1.984314e-03   1.981985e+00   1.972886e+00   8.998504e-01   4.617370e-10   2.005024e-03
   179   2.000000e+00   1.982959e+00   9.998500e-01   4.557206e-10   1.989589e-03   8.233277e-03   2.000000e+00   1.990780e+00   9.998500e-02   4.036154e-11   1.958449e-03   2.000000e+00   1.991086e+00   8.998650e-01   3.750589e-10   1.981159e-03
