     i          log_r       log_rmid          m_tot        rho_tot         v2_tot            eta     lgr[heavy]    lgrm[heavy]       m[heavy]     rho[heavy]      v2[heavy]     lgr[light]    lgrm[light]       m[light]     rho[light]      v2[light]
     0  -3.056873e+00  -3.357903e+00   1.165485e-07   5.173641e+02   1.430705e-01            nan  -3.056873e+00  -3.357903e+00   9.998500e-08   4.442997e+02   1.257446e-01  -2.476402e+00  -2.777432e+00   8.998650e-07   7.252761e+01   2.483882e-01
     1  -3.028623e+00  -3.042518e+00   1.416373e-07   5.168218e+02   1.430162e-01            nan  -3.034518e+00  -3.045552e+00   1.166721e-07   4.440532e+02   1.257445e-01  -2.453975e+00  -2.465044e+00   1.050049e-06   7.224039e+01   2.483668e-01
     2  -3.000372e+00  -3.014268e+00   1.721273e-07   5.167608e+02   1.430117e-01            nan  -3.012163e+00  -3.023197e+00   1.361439e-07   4.440265e+02   1.257445e-01  -2.431552e+00  -2.442619e+00   1.225295e-06   7.220922e+01   2.483644e-01
     3  -2.972121e+00  -2.986017e+00   2.091810e-07   5.166951e+02   1.430074e-01            nan  -2.989809e+00  -3.000842e+00   1.588651e-07   4.439969e+02   1.257445e-01  -2.409131e+00  -2.420197e+00   1.429786e-06   7.217471e+01   2.483618e-01
     4  -2.943871e+00  -2.957766e+00   2.542110e-07   5.166243e+02   1.430033e-01            nan  -2.967455e+00  -2.978488e+00   1.853780e-07   4.439640e+02   1.257444e-01  -2.386710e+00  -2.397775e+00   1.668402e-06   7.213649e+01   2.483589e-01
     5  -2.915620e+00  -2.929516e+00   3.089336e-07   5.165467e+02   1.429994e-01            nan  -2.945101e+00  -2.956134e+00   2.163150e-07   4.439277e+02   1.257444e-01  -2.364288e+00  -2.375354e+00   1.946835e-06   7.209415e+01   2.483558e-01
     6  -2.887369e+00  -2.901265e+00   3.754343e-07   5.164620e+02   1.429957e-01            nan  -2.922747e+00  -2.933780e+00   2.524142e-07   4.438874e+02   1.257444e-01  -2.341865e+00  -2.352932e+00   2.271728e-06   7.204728e+01   2.483522e-01
     7  -2.859118e+00  -2.873014e+00   4.562468e-07   5.163696e+02   1.429923e-01            nan  -2.900393e+00  -2.911426e+00   2.945370e-07   4.438427e+02   1.257444e-01  -2.319438e+00  -2.330507e+00   2.650833e-06   7.199538e+01   2.483483e-01
     8  -2.830868e+00  -2.844763e+00   5.544494e-07   5.162684e+02   1.429892e-01            nan  -2.878039e+00  -2.889072e+00   3.436881e-07   4.437932e+02   1.257443e-01  -2.297008e+00  -2.308078e+00   3.093193e-06   7.193791e+01   2.483439e-01
     9  -2.802617e+00  -2.816513e+00   6.737815e-07   5.161556e+02   1.429865e-01            nan  -2.855685e+00  -2.866718e+00   4.010398e-07   4.437384e+02   1.257443e-01  -2.274572e+00  -2.285645e+00   3.609358e-06   7.187429e+01   2.483391e-01
    10  -2.774366e+00  -2.788262e+00   8.187868e-07   5.160311e+02   1.429841e-01            nan  -2.833331e+00  -2.844364e+00   4.679601e-07   4.436776e+02   1.257443e-01  -2.252131e+00  -2.263207e+00   4.211641e-06   7.180387e+01   2.483338e-01
    11  -2.746116e+00  -2.760011e+00   9.949844e-07   5.158937e+02   1.429822e-01            nan  -2.810975e+00  -2.822009e+00   5.460446e-07   4.436103e+02   1.257442e-01  -2.229682e+00  -2.240761e+00   4.914402e-06   7.172594e+01   2.483278e-01
    12  -2.717865e+00  -2.731761e+00   1.209076e-06   5.157413e+02   1.429808e-01            nan  -2.788620e+00  -2.799654e+00   6.371554e-07   4.435357e+02   1.257442e-01  -2.207224e+00  -2.218308e+00   5.734398e-06   7.163969e+01   2.483213e-01
    13  -2.689614e+00  -2.703510e+00   1.469202e-06   5.155695e+02   1.429800e-01            nan  -2.766264e+00  -2.777298e+00   7.434644e-07   4.434530e+02   1.257441e-01  -2.184756e+00  -2.195845e+00   6.691180e-06   7.154426e+01   2.483140e-01
    14  -2.661364e+00  -2.675259e+00   1.785251e-06   5.153785e+02   1.429798e-01            nan  -2.743906e+00  -2.754941e+00   8.675058e-07   4.433614e+02   1.257441e-01  -2.162277e+00  -2.173371e+00   7.807552e-06   7.143870e+01   2.483059e-01
    15  -2.633113e+00  -2.647009e+00   2.169231e-06   5.151658e+02   1.429804e-01            nan  -2.721548e+00  -2.732583e+00   1.012236e-06   4.432599e+02   1.257440e-01  -2.139786e+00  -2.150886e+00   9.110122e-06   7.132195e+01   2.482969e-01
    16  -2.604862e+00  -2.618758e+00   2.635709e-06   5.149269e+02   1.429818e-01            nan  -2.699189e+00  -2.710225e+00   1.181103e-06   4.431474e+02   1.257440e-01  -2.117280e+00  -2.128387e+00   1.062993e-05   7.119285e+01   2.482869e-01
    17  -2.576612e+00  -2.590507e+00   3.202384e-06   5.146567e+02   1.429843e-01            nan  -2.676829e+00  -2.687865e+00   1.378130e-06   4.430228e+02   1.257439e-01  -2.094758e+00  -2.105873e+00   1.240317e-05   7.105014e+01   2.482758e-01
    18  -2.548361e+00  -2.562257e+00   3.890740e-06   5.143543e+02   1.429878e-01            nan  -2.654467e+00  -2.665504e+00   1.608010e-06   4.428847e+02   1.257438e-01  -2.072218e+00  -2.083342e+00   1.447209e-05   7.089241e+01   2.482635e-01
    19  -2.520110e+00  -2.534006e+00   4.726847e-06   5.140157e+02   1.429926e-01            nan  -2.632104e+00  -2.643141e+00   1.876216e-06   4.427318e+02   1.257437e-01  -2.049658e+00  -2.060791e+00   1.688595e-05   7.071816e+01   2.482499e-01
    20  -2.491860e+00  -2.505755e+00   5.742284e-06   5.136320e+02   1.429988e-01            nan  -2.609739e+00  -2.620777e+00   2.189133e-06   4.425623e+02   1.257436e-01  -2.027076e+00  -2.038220e+00   1.970220e-05   7.052571e+01   2.482348e-01
    21  -2.463609e+00  -2.477505e+00   6.975449e-06   5.131974e+02   1.430067e-01            nan  -2.587372e+00  -2.598411e+00   2.554206e-06   4.423746e+02   1.257435e-01  -2.004469e+00  -2.015625e+00   2.298786e-05   7.031325e+01   2.482180e-01
    22  -2.435358e+00  -2.449254e+00   8.472893e-06   5.127018e+02   1.430149e-01   4.909957e-01  -2.565002e+00  -2.576043e+00   2.980121e-06   4.421666e+02   1.257434e-01  -1.981834e+00  -1.993004e+00   2.682109e-05   7.007879e+01   2.481993e-01
    23  -2.407107e+00  -2.421003e+00   1.029102e-05   5.121370e+02   1.430230e-01   4.909882e-01  -2.542631e+00  -2.553673e+00   3.477003e-06   4.419363e+02   1.257433e-01  -1.959169e+00  -1.970353e+00   3.129303e-05   6.982017e+01   2.481786e-01
    24  -2.378857e+00  -2.392752e+00   1.249805e-05   5.114884e+02   1.430324e-01   4.909795e-01  -2.520257e+00  -2.531300e+00   4.056664e-06   4.416811e+02   1.257431e-01  -1.936470e+00  -1.947671e+00   3.650997e-05   6.953506e+01   2.481555e-01
    25  -2.350606e+00  -2.364502e+00   1.517688e-05   5.107511e+02   1.430431e-01   4.909697e-01  -2.497879e+00  -2.508924e+00   4.732872e-06   4.413985e+02   1.257429e-01  -1.913733e+00  -1.924952e+00   4.259585e-05   6.922092e+01   2.481299e-01
    26  -2.322355e+00  -2.336251e+00   1.842774e-05   5.099182e+02   1.430552e-01   4.909585e-01  -2.475499e+00  -2.486545e+00   5.521683e-06   4.410856e+02   1.257428e-01  -1.890955e+00  -1.902194e+00   4.969515e-05   6.887501e+01   2.481014e-01
    27  -2.294105e+00  -2.308000e+00   2.237176e-05   5.089777e+02   1.430688e-01   4.909459e-01  -2.453115e+00  -2.464163e+00   6.441814e-06   4.407390e+02   1.257425e-01  -1.868130e+00  -1.879392e+00   5.797633e-05   6.849439e+01   2.480697e-01
    28  -2.265854e+00  -2.279750e+00   2.715530e-05   5.078955e+02   1.430846e-01   4.909313e-01  -2.430727e+00  -2.441776e+00   7.515084e-06   4.403552e+02   1.257423e-01  -1.845255e+00  -1.856542e+00   6.763576e-05   6.807591e+01   2.480345e-01
    29  -2.237603e+00  -2.251499e+00   3.295584e-05   5.066713e+02   1.431025e-01   4.909147e-01  -2.408334e+00  -2.419386e+00   8.766923e-06   4.399303e+02   1.257421e-01  -1.822323e+00  -1.833638e+00   7.890231e-05   6.761618e+01   2.479953e-01
    30  -2.209353e+00  -2.223248e+00   3.998747e-05   5.052904e+02   1.431228e-01   4.908960e-01  -2.385936e+00  -2.396991e+00   1.022697e-05   4.394599e+02   1.257418e-01  -1.799329e+00  -1.810674e+00   9.204273e-05   6.711163e+01   2.479516e-01
    31  -2.181102e+00  -2.194998e+00   4.850742e-05   5.037331e+02   1.431457e-01   4.908747e-01  -2.363533e+00  -2.374590e+00   1.192976e-05   4.389392e+02   1.257415e-01  -1.776266e+00  -1.787644e+00   1.073678e-04   6.655845e+01   2.479030e-01
    32  -2.152851e+00  -2.166747e+00   5.882614e-05   5.019426e+02   1.431723e-01   4.908502e-01  -2.341123e+00  -2.352184e+00   1.391553e-05   4.383629e+02   1.257411e-01  -1.753127e+00  -1.764542e+00   1.252398e-04   6.595267e+01   2.478488e-01
    33  -2.124601e+00  -2.138496e+00   7.131885e-05   4.999259e+02   1.432023e-01   4.908224e-01  -2.318707e+00  -2.329771e+00   1.623115e-05   4.377252e+02   1.257408e-01  -1.729903e+00  -1.741360e+00   1.460803e-04   6.529012e+01   2.477884e-01
    34  -2.096350e+00  -2.110246e+00   8.643587e-05   4.976572e+02   1.432363e-01   4.907910e-01  -2.296284e+00  -2.307351e+00   1.893121e-05   4.370196e+02   1.257403e-01  -1.706587e+00  -1.718089e+00   1.703808e-04   6.456649e+01   2.477209e-01
    35  -2.068099e+00  -2.081995e+00   1.047136e-04   4.951022e+02   1.432747e-01   4.907551e-01  -2.273851e+00  -2.284923e+00   2.207926e-05   4.362390e+02   1.257399e-01  -1.683168e+00  -1.694720e+00   1.987134e-04   6.377738e+01   2.476457e-01
    36  -2.039849e+00  -2.053744e+00   1.267981e-04   4.921804e+02   1.433191e-01   4.907140e-01  -2.251410e+00  -2.262486e+00   2.574932e-05   4.353756e+02   1.257394e-01  -1.659637e+00  -1.671243e+00   2.317439e-04   6.291832e+01   2.475616e-01
    37  -2.011598e+00  -2.025493e+00   1.534654e-04   4.889023e+02   1.433693e-01   4.906673e-01  -2.228958e+00  -2.240039e+00   3.002750e-05   4.344210e+02   1.257388e-01  -1.635981e+00  -1.647648e+00   2.702475e-04   6.198485e+01   2.474676e-01
    38  -1.983347e+00  -1.997243e+00   1.856398e-04   4.852306e+02   1.434262e-01   4.906145e-01  -2.206495e+00  -2.217581e+00   3.501400e-05   4.333657e+02   1.257381e-01  -1.612187e+00  -1.623921e+00   3.151260e-04   6.097260e+01   2.473625e-01
    39  -1.955096e+00  -1.968992e+00   2.244077e-04   4.811178e+02   1.434903e-01   4.905544e-01  -2.184019e+00  -2.195112e+00   4.082538e-05   4.321994e+02   1.257374e-01  -1.588244e+00  -1.600051e+00   3.674284e-04   5.987740e+01   2.472447e-01
    40  -1.926846e+00  -1.940741e+00   2.710679e-04   4.764419e+02   1.435643e-01   4.904852e-01  -2.161530e+00  -2.172629e+00   4.759714e-05   4.309108e+02   1.257366e-01  -1.564134e+00  -1.576022e+00   4.283742e-04   5.869536e+01   2.471128e-01
    41  -1.898595e+00  -1.912491e+00   3.271710e-04   4.712288e+02   1.436481e-01   4.904070e-01  -2.139024e+00  -2.150131e+00   5.548679e-05   4.294877e+02   1.257358e-01  -1.539843e+00  -1.551818e+00   4.993811e-04   5.742304e+01   2.469648e-01
    42  -1.870344e+00  -1.884240e+00   3.945371e-04   4.654307e+02   1.437427e-01   4.903184e-01  -2.116502e+00  -2.127617e+00   6.467734e-05   4.279166e+02   1.257348e-01  -1.515352e+00  -1.527424e+00   5.820960e-04   5.605760e+01   2.467987e-01
    43  -1.842094e+00  -1.855989e+00   4.752747e-04   4.589974e+02   1.438494e-01   4.902179e-01  -2.093960e+00  -2.105085e+00   7.538125e-05   4.261829e+02   1.257337e-01  -1.490642e+00  -1.502821e+00   6.784313e-04   5.459693e+01   2.466121e-01
    44  -1.813843e+00  -1.827739e+00   5.718311e-04   4.517625e+02   1.439717e-01   4.901020e-01  -2.071397e+00  -2.082532e+00   8.784517e-05   4.242705e+02   1.257325e-01  -1.465693e+00  -1.477989e+00   7.906065e-04   5.303988e+01   2.464021e-01
    45  -1.785592e+00  -1.799488e+00   6.871410e-04   4.437605e+02   1.441105e-01   4.899709e-01  -2.048811e+00  -2.059957e+00   1.023551e-04   4.221622e+02   1.257312e-01  -1.440484e+00  -1.452906e+00   9.211963e-04   5.138642e+01   2.461657e-01
    46  -1.757342e+00  -1.771237e+00   8.245544e-04   4.349599e+02   1.442671e-01   4.898225e-01  -2.026199e+00  -2.037358e+00   1.192428e-04   4.198394e+02   1.257297e-01  -1.414990e+00  -1.427550e+00   1.073185e-03   4.963787e+01   2.458993e-01
    47  -1.729091e+00  -1.742987e+00   9.879202e-04   4.253176e+02   1.444438e-01   4.896547e-01  -2.003558e+00  -2.014731e+00   1.388921e-04   4.172817e+02   1.257281e-01  -1.389188e+00  -1.401897e+00   1.250029e-03   4.779706e+01   2.455987e-01
    48  -1.700840e+00  -1.714736e+00   1.181383e-03   4.147378e+02   1.446423e-01   4.894620e-01  -1.980885e+00  -1.992073e+00   1.617478e-04   4.144675e+02   1.257262e-01  -1.363050e+00  -1.375922e+00   1.455730e-03   4.586851e+01   2.452593e-01
    49  -1.672590e+00  -1.686485e+00   1.409954e-03   4.031210e+02   1.448699e-01   4.892431e-01  -1.958177e+00  -1.969382e+00   1.883238e-04   4.113734e+02   1.257242e-01  -1.336549e+00  -1.349597e+00   1.694914e-03   4.385858e+01   2.448757e-01
    50  -1.644339e+00  -1.658235e+00   1.679209e-03   3.905646e+02   1.451261e-01   4.889955e-01  -1.935429e+00  -1.946654e+00   2.192140e-04   4.079746e+02   1.257219e-01  -1.309658e+00  -1.322895e+00   1.972926e-03   4.177558e+01   2.444419e-01
    51  -1.616088e+00  -1.629984e+00   1.995281e-03   3.770675e+02   1.454142e-01   4.887156e-01  -1.912638e+00  -1.923884e+00   2.551039e-04   4.042446e+02   1.257194e-01  -1.282347e+00  -1.295788e+00   2.295935e-03   3.962979e+01   2.439510e-01
    52  -1.587837e+00  -1.601733e+00   2.364890e-03   3.626454e+02   1.457378e-01   4.883994e-01  -1.889799e+00  -1.901068e+00   2.967831e-04   4.001556e+02   1.257166e-01  -1.254587e+00  -1.268245e+00   2.671048e-03   3.743340e+01   2.433952e-01
    53  -1.559587e+00  -1.573482e+00   2.794969e-03   3.473226e+02   1.460972e-01   4.880378e-01  -1.866906e+00  -1.878202e+00   3.451610e-04   3.956781e+02   1.257134e-01  -1.226348e+00  -1.240238e+00   3.106449e-03   3.520043e+01   2.427658e-01
    54  -1.531336e+00  -1.545232e+00   3.292718e-03   3.310224e+02   1.465058e-01   4.876277e-01  -1.843955e+00  -1.855279e+00   4.012824e-04   3.907818e+02   1.257099e-01  -1.197603e+00  -1.211738e+00   3.611542e-03   3.294646e+01   2.420532e-01
    55  -1.503085e+00  -1.516981e+00   3.866693e-03   3.139456e+02   1.469647e-01   4.871653e-01  -1.820937e+00  -1.832293e+00   4.663463e-04   3.854351e+02   1.257060e-01  -1.168325e+00  -1.182717e+00   4.197117e-03   3.068831e+01   2.412468e-01
    56  -1.474835e+00  -1.488730e+00   4.525190e-03   2.962359e+02   1.474768e-01   4.866441e-01  -1.797847e+00  -1.809239e+00   5.417261e-04   3.796057e+02   1.257016e-01  -1.138488e+00  -1.153151e+00   4.875535e-03   2.844361e+01   2.403347e-01
    57  -1.446584e+00  -1.460480e+00   5.276585e-03   2.780286e+02   1.480470e-01   4.860573e-01  -1.774677e+00  -1.786108e+00   6.289911e-04   3.732612e+02   1.256967e-01  -1.108072e+00  -1.123014e+00   5.660920e-03   2.623029e+01   2.393046e-01
    58  -1.418333e+00  -1.432229e+00   6.129141e-03   2.594802e+02   1.486803e-01   4.853973e-01  -1.751417e+00  -1.762891e+00   7.299314e-04   3.663696e+02   1.256912e-01  -1.077058e+00  -1.092289e+00   6.569382e-03   2.406603e+01   2.381429e-01
    59  -1.390083e+00  -1.403978e+00   7.090804e-03   2.407650e+02   1.493817e-01   4.846561e-01  -1.728059e+00  -1.739581e+00   8.465830e-04   3.588993e+02   1.256851e-01  -1.045435e+00  -1.060959e+00   7.619247e-03   2.196762e+01   2.368358e-01
    60  -1.361832e+00  -1.375728e+00   8.168836e-03   2.220689e+02   1.501555e-01   4.838241e-01  -1.704591e+00  -1.716166e+00   9.812558e-04   3.508210e+02   1.256782e-01  -1.013194e+00  -1.029016e+00   8.831303e-03   1.995047e+01   2.353689e-01
    61  -1.333581e+00  -1.347477e+00   9.369941e-03   2.035766e+02   1.510019e-01   4.828838e-01  -1.681001e+00  -1.692636e+00   1.136562e-03   3.421077e+02   1.256705e-01  -9.803373e-01  -9.964552e-01   1.022906e-02   1.802813e+01   2.337284e-01
    62  -1.305331e+00  -1.319226e+00   1.070006e-02   1.854910e+02   1.519300e-01   4.818342e-01  -1.657277e+00  -1.668977e+00   1.315444e-03   3.327362e+02   1.256617e-01  -9.468717e-01  -9.632822e-01   1.183900e-02   1.621224e+01   2.319045e-01
    63  -1.277080e+00  -1.290976e+00   1.216410e-02   1.679946e+02   1.529429e-01   4.806655e-01  -1.633405e+00  -1.645177e+00   1.521208e-03   3.226883e+02   1.256519e-01  -9.128135e-01  -9.295088e-01   1.369088e-02   1.451115e+01   2.298862e-01
    64  -1.248829e+00  -1.262725e+00   1.376605e-02   1.512525e+02   1.540426e-01   4.793679e-01  -1.609367e+00  -1.621220e+00   1.757548e-03   3.119524e+02   1.256408e-01  -8.781864e-01  -8.951549e-01   1.581793e-02   1.293036e+01   2.276639e-01
    65  -1.220579e+00  -1.234474e+00   1.550902e-02   1.354064e+02   1.552296e-01   4.779315e-01  -1.585147e+00  -1.597088e+00   2.028572e-03   3.005248e+02   1.256283e-01  -8.430209e-01  -8.602478e-01   1.825715e-02   1.147263e+01   2.252305e-01
    66  -1.192328e+00  -1.206224e+00   1.739548e-02   1.205690e+02   1.565023e-01   4.763470e-01  -1.560725e+00  -1.572764e+00   2.338830e-03   2.884114e+02   1.256141e-01  -8.073547e-01  -8.248217e-01   2.104947e-02   1.013812e+01   2.225809e-01
    67  -1.164077e+00  -1.177973e+00   1.942751e-02   1.068208e+02   1.578567e-01   4.746052e-01  -1.536079e+00  -1.548227e+00   2.693323e-03   2.756295e+02   1.255980e-01  -7.712308e-01  -7.889172e-01   2.423991e-02   8.924681e+00   2.197130e-01
    68  -1.135826e+00  -1.149722e+00   2.160711e-02   9.420883e+01   1.592865e-01   4.726975e-01  -1.511185e+00  -1.523453e+00   3.097518e-03   2.622097e+02   1.255797e-01  -7.346972e-01  -7.525800e-01   2.787766e-02   7.828260e+00   2.166274e-01
    69  -1.107576e+00  -1.121471e+00   2.393658e-02   8.274793e+01   1.607825e-01   4.706162e-01  -1.486018e+00  -1.498419e+00   3.557342e-03   2.481968e+02   1.255588e-01  -6.978056e-01  -7.158598e-01   3.201608e-02   6.843382e+00   2.133342e-01
    70  -1.079325e+00  -1.093221e+00   2.641719e-02   7.242121e+01   1.623294e-01   4.683418e-01  -1.460548e+00  -1.473096e+00   4.079169e-03   2.336522e+02   1.255349e-01  -6.606101e-01  -6.788098e-01   3.671252e-02   5.963381e+00   2.098448e-01
    71  -1.051074e+00  -1.064970e+00   2.904166e-02   6.318762e+01   1.639078e-01   4.658473e-01  -1.434743e+00  -1.447454e+00   4.669785e-03   2.186538e+02   1.255075e-01  -6.231655e-01  -6.414844e-01   4.202806e-02   5.180795e+00   2.061676e-01
    72  -1.022824e+00  -1.036719e+00   3.180506e-02   5.494621e+01   1.655384e-01   4.631883e-01  -1.408570e+00  -1.421459e+00   5.336336e-03   2.032972e+02   1.254760e-01  -5.855262e-01  -6.039382e-01   4.802703e-02   4.487805e+00   2.023120e-01
    73  -9.945730e-01  -1.008469e+00   3.472708e-02   4.768667e+01   1.671725e-01   4.603332e-01  -1.381989e+00  -1.395076e+00   6.086254e-03   1.876953e+02   1.254396e-01  -5.477453e-01  -5.662250e-01   5.477629e-02   3.876529e+00   1.982887e-01
    74  -9.663223e-01  -9.802180e-01   3.781530e-02   4.132951e+01   1.687884e-01   4.572804e-01  -1.354959e+00  -1.368263e+00   6.927149e-03   1.719769e+02   1.253975e-01  -5.098739e-01  -5.283969e-01   6.234434e-02   3.339240e+00   1.941104e-01
    75  -9.380716e-01  -9.519673e-01   4.107831e-02   3.578771e+01   1.703652e-01   4.540264e-01  -1.327434e+00  -1.340979e+00   7.866679e-03   1.562848e+02   1.253485e-01  -4.719609e-01  -4.905038e-01   7.080011e-02   2.868541e+00   1.898003e-01
    76  -9.098210e-01  -9.237166e-01   4.447330e-02   3.095931e+01   1.718991e-01   4.506277e-01  -1.299367e+00  -1.313174e+00   8.912390e-03   1.407728e+02   1.252914e-01  -4.340531e-01  -4.525935e-01   8.021151e-02   2.457487e+00   1.853669e-01
    77  -8.815703e-01  -8.954659e-01   4.805489e-02   2.677184e+01   1.733581e-01   4.470929e-01  -1.270704e+00  -1.284799e+00   1.007152e-02   1.256008e+02   1.252246e-01  -3.961953e-01  -4.147118e-01   9.064369e-02   2.099614e+00   1.808179e-01
    78  -8.533196e-01  -8.672152e-01   5.183607e-02   2.315419e+01   1.746769e-01   4.432550e-01  -1.241389e+00  -1.255799e+00   1.135078e-02   1.109304e+02   1.251460e-01  -3.584301e-01  -3.769023e-01   1.021570e-01   1.788968e+00   1.761609e-01
    79  -8.250689e-01  -8.389646e-01   5.579430e-02   2.003516e+01   1.758659e-01   4.392271e-01  -1.211362e+00  -1.226116e+00   1.275612e-02   9.691777e+01   1.250533e-01  -3.207981e-01  -3.392066e-01   1.148050e-01   1.520089e+00   1.714116e-01
    80  -7.968182e-01  -8.107139e-01   5.995707e-02   1.734060e+01   1.769195e-01   4.351628e-01  -1.180561e+00  -1.195689e+00   1.429243e-02   8.370781e+01   1.249436e-01  -2.833384e-01  -3.016645e-01   1.286319e-01   1.288060e+00   1.665805e-01
    81  -7.685675e-01  -7.824632e-01   6.437023e-02   1.502454e+01   1.777972e-01   4.309089e-01  -1.148922e+00  -1.164453e+00   1.596333e-02   7.142705e+01   1.248132e-01  -2.460896e-01  -2.643148e-01   1.436700e-01   1.088454e+00   1.616715e-01
    82  -7.403168e-01  -7.542125e-01   6.899183e-02   1.303094e+01   1.784808e-01   4.264519e-01  -1.116378e+00  -1.132345e+00   1.777087e-02   6.017768e+01   1.246577e-01  -2.090897e-01  -2.271957e-01   1.599378e-01   9.172776e-01   1.566889e-01
    83  -7.120661e-01  -7.259618e-01   7.386519e-02   1.130844e+01   1.789413e-01   4.218825e-01  -1.082865e+00  -1.099298e+00   1.971527e-02   5.003242e+01   1.244718e-01  -1.723754e-01  -1.903447e-01   1.774374e-01   7.709231e-01   1.516487e-01
    84  -6.838154e-01  -6.977111e-01   7.904818e-02   9.826378e+00   1.791885e-01   4.171218e-01  -1.048321e+00  -1.065249e+00   2.179475e-02   4.103114e+01   1.242490e-01  -1.359829e-01  -1.537980e-01   1.961527e-01   6.461961e-01   1.465592e-01
    85  -6.555648e-01  -6.694604e-01   8.448830e-02   8.547844e+00   1.792215e-01   4.122765e-01  -1.012688e+00  -1.030139e+00   2.400535e-02   3.317946e+01   1.239816e-01  -9.994846e-02  -1.175920e-01   2.160481e-01   5.402509e-01   1.414259e-01
    86  -6.273141e-01  -6.412097e-01   9.026608e-02   7.443101e+00   1.790373e-01   4.074053e-01  -9.759196e-01  -9.939150e-01   2.634082e-02   2.644989e+01   1.236607e-01  -6.430704e-02  -8.176223e-02   2.370673e-01   4.505395e-01   1.362636e-01
    87  -5.990634e-01  -6.129590e-01   9.638677e-02   6.486479e+00   1.785802e-01   4.021259e-01  -9.379779e-01  -9.565345e-01   2.879262e-02   2.078535e+01   1.232760e-01  -2.909219e-02  -4.634279e-02   2.591336e-01   3.748132e-01   1.310877e-01
    88  -5.708127e-01  -5.847084e-01   1.028534e-01   5.656867e+00   1.779028e-01   3.968567e-01  -8.988426e-01  -9.179696e-01   3.134998e-02   1.610336e+01   1.228159e-01   5.663178e-03  -1.136693e-02   2.821498e-01   3.110989e-01   1.259075e-01
    89  -5.425620e-01  -5.564577e-01   1.097603e-01   4.937691e+00   1.770040e-01   3.913934e-01  -8.585110e-01  -8.782088e-01   3.400006e-02   1.230338e+01   1.222680e-01   3.992916e-02   2.313403e-02   3.060005e-01   2.576442e-01   1.207444e-01
    90  -5.143113e-01  -5.282070e-01   1.170478e-01   4.313058e+00   1.758898e-01   3.857672e-01  -8.170014e-01  -8.372605e-01   3.672816e-02   9.274254e+00   1.216193e-01   7.367781e-02   5.713122e-02   3.305535e-01   2.129306e-01   1.156141e-01
    91  -4.860606e-01  -4.999563e-01   1.247958e-01   3.767225e+00   1.745243e-01   3.798689e-01  -7.743535e-01  -7.951542e-01   3.951809e-02   6.901481e+00   1.208570e-01   1.068837e-01   9.059805e-02   3.556628e-01   1.756346e-01   1.105321e-01
    92  -4.578099e-01  -4.717056e-01   1.330392e-01   3.292084e+00   1.729527e-01   3.736703e-01  -7.306273e-01  -7.519403e-01   4.235249e-02   5.073703e+00   1.199697e-01   1.395256e-01   1.235113e-01   3.811724e-01   1.446033e-01   1.055217e-01
    93  -4.295592e-01  -4.434549e-01   1.417879e-01   2.876980e+00   1.711971e-01   3.673741e-01  -6.859016e-01  -7.076890e-01   4.521329e-02   3.687924e+00   1.189486e-01   1.715845e-01   1.558508e-01   4.069196e-01   1.188542e-01   1.005944e-01
    94  -4.013086e-01  -4.152042e-01   1.511077e-01   2.514581e+00   1.692520e-01   3.607277e-01  -6.402680e-01  -6.624857e-01   4.808216e-02   2.652578e+00   1.177886e-01   2.030466e-01   1.876004e-01   4.327394e-01   9.753222e-02   9.577459e-02
    95  -3.730579e-01  -3.869535e-01   1.609344e-01   2.196145e+00   1.670784e-01   3.535717e-01  -5.938220e-01  -6.164244e-01   5.094094e-02   1.889260e+00   1.164892e-01   2.339009e-01   2.187477e-01   4.584685e-01   7.991900e-02   9.107229e-02
    96  -3.448072e-01  -3.587028e-01   1.714210e-01   1.917377e+00   1.647410e-01   3.460522e-01  -5.466538e-01  -5.695979e-01   5.377208e-02   1.333187e+00   1.150551e-01   2.641413e-01   2.492843e-01   4.839488e-01   6.539550e-02   8.650690e-02
    97  -3.165565e-01  -3.304522e-01   1.825367e-01   1.673347e+00   1.622440e-01   3.381172e-01  -4.988387e-01  -5.220885e-01   5.655903e-02   9.324223e-01   1.134964e-01   2.937647e-01   2.792055e-01   5.090312e-01   5.344449e-02   8.208697e-02
    98  -2.883058e-01  -3.022015e-01   1.943087e-01   1.459250e+00   1.596042e-01   3.297183e-01  -4.504328e-01  -4.739617e-01   5.928652e-02   6.464515e-01   1.118288e-01   3.227727e-01   3.085109e-01   5.335787e-01   4.362551e-02   7.782629e-02
    99  -2.600551e-01  -2.739508e-01   2.067561e-01   1.270760e+00   1.567612e-01   3.205366e-01  -4.014609e-01  -4.252569e-01   6.194091e-02   4.441953e-01   1.100726e-01   3.511696e-01   3.372032e-01   5.574682e-01   3.557230e-02   7.373033e-02
   100  -2.318044e-01  -2.457001e-01   2.199238e-01   1.105379e+00   1.537908e-01   3.106922e-01  -3.519095e-01  -3.759789e-01   6.451030e-02   3.023403e-01   1.082525e-01   3.789636e-01   3.652889e-01   5.805927e-01   2.897604e-02   6.980734e-02
   101  -2.035537e-01  -2.174494e-01   2.338808e-01   9.605365e-01   1.506892e-01   3.001945e-01  -3.017279e-01  -3.260943e-01   6.698469e-02   2.037001e-01   1.063950e-01   4.061655e-01   3.927775e-01   6.028622e-01   2.358101e-02   6.605939e-02
   102  -1.753030e-01  -1.891987e-01   2.485522e-01   8.335540e-01   1.474748e-01   2.889143e-01  -2.508269e-01  -2.755321e-01   6.935597e-02   1.357186e-01   1.045298e-01   4.327891e-01   4.196813e-01   6.242038e-01   1.917346e-02   6.248962e-02
   103  -1.470524e-01  -1.609480e-01   2.639958e-01   7.217965e-01   1.440975e-01   2.765892e-01  -1.990728e-01  -2.241794e-01   7.161799e-02   8.930464e-02   1.026901e-01   4.588503e-01   4.460152e-01   6.445619e-01   1.557693e-02   5.909711e-02
   104  -1.188017e-01  -1.326973e-01   2.801947e-01   6.239205e-01   1.406071e-01   2.632883e-01  -1.463063e-01  -1.718886e-01   7.376638e-02   5.797037e-02   1.009037e-01   4.843673e-01   4.717962e-01   6.638974e-01   1.264511e-02   5.588069e-02
   105  -9.055098e-02  -1.044466e-01   2.972622e-01   5.383633e-01   1.370182e-01   2.490273e-01  -9.234875e-02  -1.184901e-01   7.579851e-02   3.708131e-02   9.919829e-02   5.093598e-01   4.970433e-01   6.821866e-01   1.025742e-02   5.283722e-02
   106  -6.230029e-02  -7.619596e-02   3.151055e-01   4.636357e-01   1.333395e-01   2.337675e-01  -3.703402e-02  -6.381132e-02   7.771330e-02   2.336147e-02   9.758463e-02   5.338490e-01   5.217770e-01   6.994197e-01   8.314613e-03   4.996219e-02
   107  -3.404960e-02  -4.794527e-02   3.337139e-01   3.983623e-01   1.295664e-01   2.174169e-01   1.973779e-02  -7.721105e-03   7.951106e-02   1.450607e-02   9.604282e-02   5.578575e-01   5.460192e-01   7.155996e-01   6.735005e-03   4.725100e-02
   108  -5.798910e-03  -1.969458e-02   3.530391e-01   3.412697e-01   1.256749e-01   1.997797e-01   7.790747e-02   4.979581e-02   8.119333e-02   8.904220e-03   9.447751e-02   5.814083e-01   5.697926e-01   7.307399e-01   5.451765e-03   4.469688e-02
   109   2.245178e-02   8.556106e-03   3.731825e-01   2.916429e-01   1.217168e-01   1.812201e-01   1.371601e-01   1.085435e-01   8.276263e-02   5.434431e-03   9.269824e-02   6.045257e-01   5.931208e-01   7.448636e-01   4.409942e-03   4.229426e-02
   110   5.070247e-02   3.680680e-02   3.940356e-01   2.485731e-01   1.177014e-01   1.616842e-01   1.968254e-01   1.680166e-01   8.422234e-02   3.328765e-03   9.040311e-02   6.272338e-01   6.160281e-01   7.580011e-01   3.564757e-03   4.003559e-02
   111   7.895316e-02   6.505748e-02   4.156415e-01   2.112701e-01   1.136343e-01   1.415205e-01   2.558980e-01   2.273653e-01   8.557652e-02   2.070045e-03   8.725281e-02   6.495574e-01   6.385390e-01   7.701887e-01   2.879526e-03   3.791406e-02
   112   1.072038e-01   9.330817e-02   4.378700e-01   1.790223e-01   1.095257e-01   1.206138e-01   3.132663e-01   2.855287e-01   8.682971e-02   1.319911e-03   8.307060e-02   6.715213e-01   6.606782e-01   7.814674e-01   2.324343e-03   3.592244e-02
   113   1.354545e-01   1.215589e-01   4.606106e-01   1.511623e-01   1.053725e-01   9.940544e-02   3.680220e-01   3.415065e-01   8.798682e-02   8.673869e-04   7.798072e-02   6.931499e-01   6.824702e-01   7.918814e-01   1.874835e-03   3.405316e-02
   114   1.637052e-01   1.498096e-01   4.838437e-01   1.271565e-01   1.011808e-01   7.796024e-02   4.196519e-01   3.946037e-01   8.905301e-02   5.873619e-04   7.234787e-02   7.144678e-01   7.039396e-01   8.014771e-01   1.511110e-03   3.229944e-02
   115   1.919559e-01   1.780602e-01   5.075581e-01   1.065738e-01   9.698663e-02   5.660744e-02   4.680268e-01   4.445125e-01   9.003354e-02   4.084044e-04   6.658249e-02   7.354990e-01   7.251107e-01   8.103019e-01   1.217005e-03   3.065398e-02
   116   2.202066e-01   2.063109e-01   5.316211e-01   8.898421e-02   9.279587e-02   3.632901e-02   5.132763e-01   4.912406e-01   9.093373e-02   2.902563e-04   6.099717e-02   7.562671e-01   7.460072e-01   8.184036e-01   9.793631e-04   2.910984e-02
   117   2.484573e-01   2.345616e-01   5.559664e-01   7.399278e-02   8.862700e-02   1.607700e-02   5.556620e-01   5.349860e-01   9.175884e-02   2.099511e-04   5.577398e-02   7.767949e-01   7.666522e-01   8.258295e-01   7.874759e-04   2.766062e-02
   118   2.767080e-01   2.628123e-01   5.804635e-01   6.126630e-02   8.448496e-02  -1.703838e-03   5.954888e-01   5.760317e-01   9.251402e-02   1.540162e-04   5.099414e-02   7.971047e-01   7.870685e-01   8.326262e-01   6.326546e-04   2.629980e-02
   119   3.049587e-01   2.910630e-01   6.050142e-01   5.049637e-02   8.039123e-02  -1.963970e-02   6.330541e-01   6.146775e-01   9.320429e-02   1.142830e-04   4.666999e-02   8.172181e-01   8.072779e-01   8.388386e-01   5.078370e-04   2.502126e-02
   120   3.332094e-01   3.193137e-01   6.294868e-01   4.142354e-02   7.634965e-02  -3.419603e-02   6.686328e-01   6.512077e-01   9.383445e-02   8.559002e-05   4.278224e-02   8.371557e-01   8.273013e-01   8.445100e-01   4.072880e-04   2.381937e-02
   121   3.614600e-01   3.475644e-01   6.537678e-01   3.380974e-02   7.238219e-02  -4.880903e-02   7.024704e-01   6.858811e-01   9.440910e-02   6.458780e-05   3.929793e-02   8.569374e-01   8.471592e-01   8.496819e-01   3.263583e-04   2.268859e-02
   122   3.897107e-01   3.758151e-01   6.777242e-01   2.745210e-02   6.849368e-02  -6.016699e-02   7.347778e-01   7.189244e-01   9.493262e-02   4.904957e-05   3.617504e-02   8.765819e-01   8.668707e-01   8.543935e-01   2.612765e-04   2.162376e-02
   123   4.179614e-01   4.040658e-01   7.012442e-01   2.216838e-02   6.470262e-02  -7.105052e-02   7.657413e-01   7.505354e-01   9.540910e-02   3.744334e-05   3.337564e-02   8.961071e-01   8.864542e-01   8.586819e-01   2.089852e-04   2.062013e-02
   124   4.462121e-01   4.323164e-01   7.241978e-01   1.780087e-02   6.101648e-02  -7.972085e-02   7.955195e-01   7.808856e-01   9.584241e-02   2.871010e-05   3.086149e-02   9.155298e-01   9.059270e-01   8.625817e-01   1.670090e-04   1.967321e-02
   125   4.744628e-01   4.605671e-01   7.464854e-01   1.421052e-02   5.744734e-02  -8.709957e-02   8.242525e-01   8.101236e-01   9.623618e-02   2.209372e-05   2.860012e-02   9.348661e-01   9.253056e-01   8.661256e-01   1.333445e-04   1.877880e-02
   126   5.027135e-01   4.888178e-01   7.679971e-01   1.127660e-02   5.400570e-02  -9.370918e-02   8.520606e-01   8.383791e-01   9.659376e-02   1.705479e-05   2.656072e-02   9.541306e-01   9.446051e-01   8.693438e-01   1.063711e-04   1.793305e-02
   127   5.309642e-01   5.170685e-01   7.886443e-01   8.893455e-03   5.069558e-02  -9.814369e-02   8.790501e-01   8.657650e-01   9.691827e-02   1.319859e-05   2.471777e-02   9.733372e-01   9.638400e-01   8.722644e-01   8.477910e-05   1.713241e-02
   128   5.592149e-01   5.453192e-01   8.082896e-01   6.970301e-03   4.752786e-02  -1.021910e-01   9.053141e-01   8.923806e-01   9.721261e-02   1.023607e-05   2.304772e-02   9.924988e-01   9.830237e-01   8.749135e-01   6.751114e-05   1.637361e-02
   129   5.874656e-01   5.735699e-01   8.267759e-01   5.424635e-03   4.450039e-02  -1.054086e-01   9.309344e-01   9.183131e-01   9.747945e-02   7.952612e-06   2.153057e-02   1.011627e+00   1.002168e+00   8.773151e-01   5.371428e-05   1.565363e-02
   130   6.157162e-01   6.018206e-01   8.441941e-01   4.193826e-03   4.162179e-02  -1.073166e-01   9.559838e-01   9.436397e-01   9.772124e-02   6.187457e-06   2.014889e-02   1.030734e+00   1.021286e+00   8.794912e-01   4.270101e-05   1.496973e-02
   131   6.439669e-01   6.300713e-01   8.605154e-01   3.221462e-03   3.889618e-02  -1.086680e-01   9.805267e-01   9.684286e-01   9.794025e-02   4.819827e-06   1.888705e-02   1.049828e+00   1.040386e+00   8.814623e-01   3.391780e-05   1.431940e-02
   132   6.722176e-01   6.583220e-01   8.756957e-01   2.458722e-03   3.632364e-02  -1.093475e-01   1.004620e+00   9.927404e-01   9.813854e-02   3.758141e-06   1.773172e-02   1.068919e+00   1.059478e+00   8.832469e-01   2.691941e-05   1.370037e-02
   133   7.004683e-01   6.865726e-01   8.895376e-01   1.863356e-03   3.390106e-02  -1.093700e-01   1.028315e+00   1.016629e+00   9.831802e-02   2.932577e-06   1.667123e-02   1.088016e+00   1.078572e+00   8.848622e-01   2.134811e-05   1.311056e-02
   134   7.287190e-01   7.148233e-01   9.022806e-01   1.402734e-03   3.162754e-02  -1.085457e-01   1.051657e+00   1.040143e+00   9.848042e-02   2.289753e-06   1.569530e-02   1.107126e+00   1.097676e+00   8.863237e-01   1.691678e-05   1.254807e-02
   135   7.569697e-01   7.430740e-01   9.139305e-01   1.049595e-03   2.950029e-02  -1.071247e-01   1.074687e+00   1.063325e+00   9.862732e-02   1.788691e-06   1.479485e-02   1.126255e+00   1.116796e+00   8.876458e-01   1.339518e-05   1.201118e-02
   136   7.852204e-01   7.713247e-01   9.243347e-01   7.802113e-04   2.751471e-02  -1.051120e-01   1.097441e+00   1.086213e+00   9.876016e-02   1.397783e-06   1.396208e-02   1.145411e+00   1.135939e+00   8.888415e-01   1.059886e-05   1.149833e-02
   137   8.134711e-01   7.995754e-01   9.337660e-01   5.764889e-04   2.566513e-02  -1.025360e-01   1.119952e+00   1.108842e+00   9.888027e-02   1.092591e-06   1.319010e-02   1.164599e+00   1.155111e+00   8.899225e-01   8.380276e-06   1.100811e-02
   138   8.417218e-01   8.278261e-01   9.421617e-01   4.236968e-04   2.394467e-02  -9.943707e-02   1.142248e+00   1.131243e+00   9.898885e-02   8.541882e-07   1.247286e-02   1.183823e+00   1.174317e+00   8.908996e-01   6.621457e-06   1.053922e-02
   139   8.699724e-01   8.560768e-01   9.496144e-01   3.095688e-04   2.234775e-02  -9.582870e-02   1.164356e+00   1.153443e+00   9.908698e-02   6.678779e-07   1.180500e-02   1.203089e+00   1.193563e+00   8.917828e-01   5.228208e-06   1.009049e-02
   140   8.982231e-01   8.843275e-01   9.562390e-01   2.251698e-04   2.086497e-02  -9.183095e-02   1.186300e+00   1.175466e+00   9.917565e-02   5.222321e-07   1.118185e-02   1.222399e+00   1.212851e+00   8.925808e-01   4.125382e-06   9.660822e-03
   141   9.264738e-01   9.125782e-01   9.620187e-01   1.630004e-04   1.949028e-02  -8.745935e-02   1.208099e+00   1.197336e+00   9.925576e-02   4.083508e-07   1.059928e-02   1.241758e+00   1.232186e+00   8.933019e-01   3.253084e-06   9.249244e-03
   142   9.547245e-01   9.408288e-01   9.671430e-01   1.175427e-04   1.821468e-02  -8.284525e-02   1.229774e+00   1.219072e+00   9.932813e-02   3.192923e-07   1.005366e-02   1.261168e+00   1.251571e+00   8.939532e-01   2.563622e-06   8.854849e-03
   143   9.829752e-01   9.690795e-01   9.715563e-01   8.445389e-05   1.703135e-02  -7.804074e-02   1.251340e+00   1.240691e+00   9.939350e-02   2.496400e-07   9.541783e-03   1.280632e+00   1.271009e+00   8.945415e-01   2.019054e-06   8.476805e-03
   144   1.011226e+00   9.973302e-01   9.754531e-01   6.049221e-05   1.593266e-02  -7.317276e-02   1.272813e+00   1.262209e+00   9.945254e-02   1.951634e-07   9.060790e-03   1.300152e+00   1.290502e+00   8.950729e-01   1.589222e-06   8.114347e-03
   145   1.039477e+00   1.025581e+00   9.787888e-01   4.321484e-05   1.491185e-02  -6.829533e-02   1.294207e+00   1.283642e+00   9.950586e-02   1.525567e-07   8.608154e-03   1.319729e+00   1.310051e+00   8.955527e-01   1.250179e-06   7.766766e-03
   146   1.067727e+00   1.053832e+00   9.817183e-01   3.080262e-05   1.396263e-02  -6.346495e-02   1.315533e+00   1.305001e+00   9.955400e-02   1.192353e-07   8.181623e-03   1.339366e+00   1.329659e+00   8.959860e-01   9.829204e-07   7.433407e-03
   147   1.095978e+00   1.082082e+00   9.842225e-01   2.191617e-05   1.307893e-02  -5.874662e-02   1.336802e+00   1.326298e+00   9.959747e-02   9.317801e-08   7.779195e-03   1.359062e+00   1.349326e+00   8.963772e-01   7.723801e-07   7.113662e-03
   148   1.124229e+00   1.110333e+00   9.864068e-01   1.556964e-05   1.225569e-02  -5.419294e-02   1.358024e+00   1.347543e+00   9.963672e-02   7.280345e-08   7.399077e-03   1.378820e+00   1.369053e+00   8.967304e-01   6.066228e-07   6.806963e-03
   149   1.152479e+00   1.138584e+00   9.882738e-01   1.104841e-05   1.148777e-02  -4.989269e-02   1.379207e+00   1.368745e+00   9.967214e-02   5.687446e-08   7.039668e-03   1.398638e+00   1.388842e+00   8.970493e-01   4.762004e-07   6.512782e-03
   150   1.180730e+00   1.166834e+00   9.898955e-01   7.833022e-06   1.077107e-02  -4.579443e-02   1.400359e+00   1.389912e+00   9.970413e-02   4.442298e-08   6.699527e-03   1.418518e+00   1.408692e+00   8.973371e-01   3.736399e-07   6.230624e-03
   151   1.208981e+00   1.195085e+00   9.912849e-01   5.550187e-06   1.010132e-02  -4.193530e-02   1.421487e+00   1.411051e+00   9.973300e-02   3.469148e-08   6.377361e-03   1.438458e+00   1.428603e+00   8.975970e-01   2.930344e-07   5.960026e-03
   152   1.237231e+00   1.223336e+00   9.924840e-01   3.930942e-06   9.475282e-03  -3.834636e-02   1.442595e+00   1.432169e+00   9.975905e-02   2.708715e-08   6.072004e-03   1.458460e+00   1.448574e+00   8.978315e-01   2.297185e-07   5.700554e-03
   153   1.265482e+00   1.251586e+00   9.935160e-01   2.783534e-06   8.889434e-03  -3.502806e-02   1.463690e+00   1.453271e+00   9.978257e-02   2.114616e-08   5.782400e-03   1.478520e+00   1.468606e+00   8.980432e-01   1.800098e-07   5.451799e-03
   154   1.293733e+00   1.279837e+00   9.944028e-01   1.970981e-06   8.341101e-03  -3.193049e-02   1.484775e+00   1.474360e+00   9.980380e-02   1.650559e-08   5.507592e-03   1.498639e+00   1.488696e+00   8.982342e-01   1.410040e-07   5.213379e-03
   155   1.321983e+00   1.308088e+00   9.951696e-01   1.395719e-06   7.827450e-03  -2.909146e-02   1.505854e+00   1.495442e+00   9.982296e-02   1.288153e-08   5.246714e-03   1.518815e+00   1.508844e+00   8.984066e-01   1.104116e-07   4.984932e-03
   156   1.350234e+00   1.336338e+00   9.958242e-01   9.885744e-07   7.346205e-03  -2.649115e-02   1.526929e+00   1.516519e+00   9.984025e-02   1.005189e-08   4.998980e-03   1.539046e+00   1.529049e+00   8.985622e-01   8.642928e-08   4.766122e-03
   157   1.378485e+00   1.364589e+00   9.963954e-01   7.004022e-07   6.895091e-03  -2.409395e-02   1.548003e+00   1.537594e+00   9.985585e-02   7.842980e-09   4.763673e-03   1.559330e+00   1.549306e+00   8.987027e-01   6.763738e-08   4.556630e-03
   158   1.406736e+00   1.392840e+00   9.968794e-01   4.964243e-07   6.472153e-03  -2.190339e-02   1.569076e+00   1.558667e+00   9.986993e-02   6.118985e-09   4.540142e-03   1.579663e+00   1.569615e+00   8.988294e-01   5.291898e-08   4.356163e-03
   159   1.434986e+00   1.421091e+00   9.973014e-01   3.520117e-07   6.075571e-03  -1.991065e-02   1.590150e+00   1.579741e+00   9.988264e-02   4.773721e-09   4.327797e-03   1.600042e+00   1.589972e+00   8.989438e-01   4.139585e-08   4.164443e-03
   160   1.463237e+00   1.449341e+00   9.976640e-01   2.497274e-07   5.703630e-03  -1.807989e-02   1.611224e+00   1.600815e+00   9.989411e-02   3.724191e-09   4.126100e-03   1.620464e+00   1.610373e+00   8.990470e-01   3.237788e-08   3.981217e-03
   161   1.491488e+00   1.477592e+00   9.979762e-01   1.772721e-07   5.354858e-03  -1.640691e-02   1.632297e+00   1.621888e+00   9.990446e-02   2.905533e-09   3.934564e-03   1.640923e+00   1.630814e+00   8.991401e-01   2.532304e-08   3.806252e-03
   162   1.519738e+00   1.505843e+00   9.982481e-01   1.259066e-07   5.027796e-03  -1.488785e-02   1.653366e+00   1.642959e+00   9.991379e-02   2.267073e-09   3.752750e-03   1.661414e+00   1.651290e+00   8.992241e-01   1.980588e-08   3.639335e-03
   163   1.547989e+00   1.534093e+00   9.984800e-01   8.948334e-08   4.721189e-03  -1.348056e-02   1.674428e+00   1.664024e+00   9.992222e-02   1.769224e-09   3.580265e-03   1.681931e+00   1.671794e+00   8.993000e-01   1.549260e-08   3.480277e-03
   164   1.576240e+00   1.562344e+00   9.986823e-01   6.363847e-08   4.433850e-03  -1.219184e-02   1.695478e+00   1.685080e+00   9.992982e-02   1.381074e-09   3.416757e-03   1.702464e+00   1.692318e+00   8.993684e-01   1.212145e-08   3.328913e-03
   165   1.604490e+00   1.590595e+00   9.988567e-01   4.528739e-08   4.164665e-03  -1.101421e-02   1.716511e+00   1.706122e+00   9.993668e-02   1.078486e-09   3.261917e-03   1.723004e+00   1.712855e+00   8.994301e-01   9.487298e-09   3.185102e-03
   166   1.632741e+00   1.618845e+00   9.990075e-01   3.225387e-08   3.912779e-03  -9.884443e-03   1.737519e+00   1.727142e+00   9.994287e-02   8.426200e-10   3.115477e-03   1.743541e+00   1.733394e+00   8.994858e-01   7.429439e-09   3.048731e-03
   167   1.660992e+00   1.647096e+00   9.991392e-01   2.298756e-08   3.677172e-03  -8.845304e-03   1.758492e+00   1.748132e+00   9.994845e-02   6.587734e-10   2.977211e-03   1.764062e+00   1.753923e+00   8.995361e-01   5.822039e-09   2.919715e-03
   168   1.689242e+00   1.675347e+00   9.992519e-01   1.639687e-08   3.457160e-03  -7.852960e-03   1.779417e+00   1.769080e+00   9.995349e-02   5.154751e-10   2.846931e-03   1.784550e+00   1.774427e+00   8.995814e-01   4.566616e-09   2.797998e-03
   169   1.717493e+00   1.703597e+00   9.993505e-01   1.170625e-08   3.252085e-03  -6.843561e-03   1.800282e+00   1.789975e+00   9.995804e-02   4.037775e-10   2.724493e-03   1.804987e+00   1.794889e+00   8.996223e-01   3.586123e-09   2.683559e-03
   170   1.745744e+00   1.731848e+00   9.994363e-01   8.364828e-09   3.061187e-03  -5.903904e-03   1.821067e+00   1.810799e+00   9.996214e-02   3.167028e-10   2.609794e-03   1.825352e+00   1.815289e+00   8.996593e-01   2.820311e-09   2.576408e-03
   171   1.773994e+00   1.760099e+00   9.995102e-01   5.983955e-09   2.884378e-03  -4.880610e-03   1.841753e+00   1.831534e+00   9.996584e-02   2.488109e-10   2.502771e-03   1.845621e+00   1.835605e+00   8.996926e-01   2.222087e-09   2.476592e-03
   172   1.802245e+00   1.788350e+00   9.995753e-01   4.285620e-09   2.720977e-03  -3.759892e-03   1.862315e+00   1.852156e+00   9.996918e-02   1.958611e-10   2.403407e-03   1.865763e+00   1.855808e+00   8.997226e-01   1.754650e-09   2.384193e-03
   173   1.830496e+00   1.816600e+00   9.996315e-01   3.073282e-09   2.570767e-03  -2.675891e-03   1.882725e+00   1.872640e+00   9.997219e-02   1.545488e-10   2.311722e-03   1.885746e+00   1.875869e+00   8.997498e-01   1.389260e-09   2.299330e-03
   174   1.858747e+00   1.844851e+00   9.996808e-01   2.207622e-09   2.434282e-03  -1.266245e-03   1.902948e+00   1.892954e+00   9.997491e-02   1.222992e-10   2.227779e-03   1.905532e+00   1.895752e+00   8.997742e-01   1.103473e-09   2.222156e-03
   175   1.886997e+00   1.873102e+00   9.997241e-01   1.588471e-09   2.310751e-03   3.361599e-04   1.922948e+00   1.913063e+00   9.997737e-02   9.710646e-11   2.151681e-03   1.925080e+00   1.915416e+00   8.997963e-01   8.797723e-10   2.152856e-03
   176   1.915248e+00   1.901352e+00   9.997616e-01   1.145586e-09   2.201562e-03   2.138385e-03   1.942682e+00   1.932927e+00   9.997958e-02   7.740731e-11   2.083595e-03   1.944342e+00   1.934817e+00   8.998162e-01   7.044898e-10   2.091645e-03
   177   1.943499e+00   1.929603e+00   9.997950e-01   8.282414e-10   2.106653e-03   4.492153e-03   1.962108e+00   1.952504e+00   9.998158e-02   6.197656e-11   2.023995e-03   1.963269e+00   1.953908e+00   8.998342e-01   5.669440e-10   2.038831e-03
   178   1.971749e+00   1.957854e+00   9.998241e-01   6.005110e-10   2.027771e-03   6.900695e-03   1.981196e+00   1.971757e+00   9.998338e-02   4.981792e-11   1.975228e-03   1.981817e+00   1.972642e+00   8.998504e-01   4.586170e-10   1.995592e-03
   179   2.000000e+00   1.986104e+00   9.998500e-01   4.354323e-10   1.974047e-03   8.253084e-03   2.000000e+00   1.990700e+00   9.998500e-02   4.003239e-11   1.946913e-03   2.000000e+00   1.991004e+00   8.998650e-01   3.718073e-10   1.969225e-03
