     i          log_r       log_rmid          m_tot        rho_tot         v2_tot            eta     lgr[heavy]    lgrm[heavy]       m[heavy]     rho[heavy]      v2[heavy]     lgr[light]    lgrm[light]       m[light]     rho[light]      v2[light]
     0  -4.899248e+00  -5.200278e+00   1.011183e-07   1.498112e+08   3.324351e-01            nan  -4.899248e+00  -5.200278e+00   9.998500e-08   1.495548e+08   3.313404e-01  -3.107171e+00  -3.408201e+00   8.998650e-07   5.659933e+03   5.734886e-01
     1  -4.860705e+00  -4.879549e+00   1.313965e-07   1.477310e+08   3.317889e-01            nan  -4.876641e+00  -4.887797e+00   1.166721e-07   1.476760e+08   3.313058e-01  -3.065745e+00  -3.085964e+00   1.050049e-06   2.851232e+03   5.216778e-01
     2  -4.822162e+00  -4.841006e+00   1.707834e-07   1.473480e+08   3.317370e-01            nan  -4.854043e+00  -4.865195e+00   1.361439e-07   1.474718e+08   3.313021e-01  -3.024851e+00  -3.044817e+00   1.225295e-06   2.536441e+03   5.124490e-01
     3  -4.783618e+00  -4.802462e+00   2.220012e-07   1.468929e+08   3.316880e-01            nan  -4.831450e+00  -4.842600e+00   1.588651e-07   1.472462e+08   3.312979e-01  -2.984445e+00  -3.004178e+00   1.429786e-06   2.262271e+03   5.034044e-01
     4  -4.745075e+00  -4.763919e+00   2.885685e-07   1.463559e+08   3.316414e-01            nan  -4.808858e+00  -4.820007e+00   1.853780e-07   1.469969e+08   3.312933e-01  -2.944502e+00  -2.964014e+00   1.668402e-06   2.023423e+03   4.943335e-01
     5  -4.706532e+00  -4.725376e+00   3.750295e-07   1.457252e+08   3.315967e-01            nan  -4.786263e+00  -4.797414e+00   2.163150e-07   1.467214e+08   3.312882e-01  -2.904986e+00  -2.924295e+00   1.946835e-06   1.813912e+03   4.854834e-01
     6  -4.667988e+00  -4.686833e+00   4.872522e-07   1.449803e+08   3.315529e-01            nan  -4.763662e+00  -4.774816e+00   2.524142e-07   1.464169e+08   3.312825e-01  -2.865873e+00  -2.884989e+00   2.271728e-06   1.629923e+03   4.767465e-01
     7  -4.629445e+00  -4.648289e+00   6.327791e-07   1.440959e+08   3.315095e-01            nan  -4.741050e+00  -4.752209e+00   2.945370e-07   1.460804e+08   3.312763e-01  -2.827133e+00  -2.846071e+00   2.650833e-06   1.467599e+03   4.682048e-01
     8  -4.590902e+00  -4.609746e+00   8.212533e-07   1.430588e+08   3.314658e-01            nan  -4.718424e+00  -4.729590e+00   3.436881e-07   1.457085e+08   3.312694e-01  -2.788741e+00  -2.807513e+00   3.093193e-06   1.323894e+03   4.598886e-01
     9  -4.552359e+00  -4.571203e+00   1.065080e-06   1.418443e+08   3.314210e-01            nan  -4.695781e+00  -4.706955e+00   4.010398e-07   1.452976e+08   3.312617e-01  -2.750675e+00  -2.769291e+00   3.609358e-06   1.196506e+03   4.517228e-01
    10  -4.513815e+00  -4.532659e+00   1.380052e-06   1.404014e+08   3.313739e-01            nan  -4.673117e+00  -4.684301e+00   4.679601e-07   1.448436e+08   3.312532e-01  -2.712905e+00  -2.731380e+00   4.211641e-06   1.082875e+03   4.438594e-01
    11  -4.475272e+00  -4.494116e+00   1.785966e-06   1.387196e+08   3.313241e-01            nan  -4.650427e+00  -4.661624e+00   5.460446e-07   1.443422e+08   3.312438e-01  -2.675417e+00  -2.693757e+00   4.914402e-06   9.816819e+02   4.361209e-01
    12  -4.436729e+00  -4.455573e+00   2.308187e-06   1.367692e+08   3.312704e-01            nan  -4.627708e+00  -4.638919e+00   6.371554e-07   1.437884e+08   3.312335e-01  -2.638179e+00  -2.656399e+00   5.734398e-06   8.908480e+02   4.287170e-01
    13  -4.398185e+00  -4.417030e+00   2.978428e-06   1.344689e+08   3.312112e-01            nan  -4.604956e+00  -4.616183e+00   7.434644e-07   1.431769e+08   3.312219e-01  -2.601173e+00  -2.619282e+00   6.691180e-06   8.094056e+02   4.215159e-01
    14  -4.359642e+00  -4.378486e+00   3.835244e-06   1.318190e+08   3.311458e-01            nan  -4.582165e+00  -4.593411e+00   8.675058e-07   1.425021e+08   3.312092e-01  -2.564376e+00  -2.582385e+00   7.807552e-06   7.361087e+02   4.145707e-01
    15  -4.321099e+00  -4.339943e+00   4.927765e-06   1.287806e+08   3.310729e-01            nan  -4.559330e+00  -4.570597e+00   1.012236e-06   1.417574e+08   3.311951e-01  -2.527769e+00  -2.545687e+00   9.110122e-06   6.700058e+02   4.078824e-01
    16  -4.282556e+00  -4.301400e+00   6.314807e-06   1.252586e+08   3.309900e-01            nan  -4.536447e+00  -4.547738e+00   1.181103e-06   1.409360e+08   3.311794e-01  -2.491337e+00  -2.509171e+00   1.062993e-05   6.103775e+02   4.013922e-01
    17  -4.244012e+00  -4.262856e+00   8.066217e-06   1.212862e+08   3.308968e-01            nan  -4.513508e+00  -4.524826e+00   1.378130e-06   1.400305e+08   3.311621e-01  -2.455057e+00  -2.472818e+00   1.240317e-05   5.563492e+02   3.951894e-01
    18  -4.205469e+00  -4.224313e+00   1.026949e-05   1.167820e+08   3.307903e-01            nan  -4.490508e+00  -4.501856e+00   1.608010e-06   1.390327e+08   3.311429e-01  -2.418923e+00  -2.436614e+00   1.447209e-05   5.075167e+02   3.891396e-01
    19  -4.166926e+00  -4.185770e+00   1.301624e-05   1.117470e+08   3.306689e-01            nan  -4.467438e+00  -4.478820e+00   1.876216e-06   1.379339e+08   3.311216e-01  -2.382912e+00  -2.400544e+00   1.688595e-05   4.631177e+02   3.833845e-01
    20  -4.128382e+00  -4.147227e+00   1.642785e-05   1.061934e+08   3.305310e-01            nan  -4.444291e+00  -4.455710e+00   2.189133e-06   1.367246e+08   3.310980e-01  -2.347015e+00  -2.364593e+00   1.970220e-05   4.228467e+02   3.778072e-01
    21  -4.089839e+00  -4.108683e+00   2.061697e-05   1.000927e+08   3.303728e-01            nan  -4.421057e+00  -4.432519e+00   2.554206e-06   1.353945e+08   3.310719e-01  -2.311219e+00  -2.328748e+00   2.298786e-05   3.862037e+02   3.724692e-01
    22  -4.051296e+00  -4.070140e+00   2.573903e-05   9.353996e+07   3.301934e-01            nan  -4.397727e+00  -4.409235e+00   2.980121e-06   1.339330e+08   3.310429e-01  -2.275514e+00  -2.292999e+00   2.682109e-05   3.528672e+02   3.673334e-01
    23  -4.012753e+00  -4.031597e+00   3.190361e-05   8.656726e+07   3.299887e-01            nan  -4.374288e+00  -4.385849e+00   3.477003e-06   1.323284e+08   3.310108e-01  -2.239890e+00  -2.257337e+00   3.129303e-05   3.225173e+02   3.623927e-01
    24  -3.974209e+00  -3.993053e+00   3.928660e-05   7.925859e+07   3.297552e-01            nan  -4.350729e+00  -4.362349e+00   4.056664e-06   1.305684e+08   3.309753e-01  -2.204339e+00  -2.221751e+00   3.650997e-05   2.948482e+02   3.576625e-01
    25  -3.935666e+00  -3.954510e+00   4.802399e-05   7.181304e+07   3.294921e-01            nan  -4.327034e+00  -4.338720e+00   4.732872e-06   1.286403e+08   3.309358e-01  -2.168856e+00  -2.186235e+00   4.259585e-05   2.696486e+02   3.530907e-01
    26  -3.897123e+00  -3.915967e+00   5.818965e-05   6.425261e+07   3.291904e-01            nan  -4.303189e+00  -4.314948e+00   5.521683e-06   1.265307e+08   3.308921e-01  -2.133433e+00  -2.150784e+00   4.969515e-05   2.466421e+02   3.487269e-01
    27  -3.858579e+00  -3.877424e+00   6.993300e-05   5.678166e+07   3.288470e-01            nan  -4.279174e+00  -4.291016e+00   6.441814e-06   1.242258e+08   3.308436e-01  -2.098070e+00  -2.115392e+00   5.797633e-05   2.256845e+02   3.444894e-01
    28  -3.820036e+00  -3.838880e+00   8.332809e-05   4.957585e+07   3.284574e-01            nan  -4.254971e+00  -4.266904e+00   7.515084e-06   1.217114e+08   3.307898e-01  -2.062759e+00  -2.080056e+00   6.763576e-05   2.065354e+02   3.404451e-01
    29  -3.781493e+00  -3.800337e+00   9.841061e-05   4.275657e+07   3.280140e-01            nan  -4.230556e+00  -4.242592e+00   8.766923e-06   1.189735e+08   3.307301e-01  -2.027503e+00  -2.044773e+00   7.890231e-05   1.890841e+02   3.365050e-01
    30  -3.742950e+00  -3.761794e+00   1.151760e-04   3.642862e+07   3.275075e-01            nan  -4.205903e+00  -4.218055e+00   1.022697e-05   1.159982e+08   3.306638e-01  -1.992296e+00  -2.009542e+00   9.204273e-05   1.731375e+02   3.327267e-01
    31  -3.704406e+00  -3.723250e+00   1.335843e-04   3.067310e+07   3.269266e-01            nan  -4.180984e+00  -4.193265e+00   1.192976e-05   1.127719e+08   3.305901e-01  -1.957141e+00  -1.974363e+00   1.073678e-04   1.585952e+02   3.290387e-01
    32  -3.665863e+00  -3.684707e+00   1.535743e-04   2.554235e+07   3.262583e-01            nan  -4.155764e+00  -4.168191e+00   1.391553e-05   1.092826e+08   3.305081e-01  -1.922037e+00  -1.939234e+00   1.252398e-04   1.453114e+02   3.254693e-01
    33  -3.627320e+00  -3.646164e+00   1.750846e-04   2.105764e+07   3.254886e-01            nan  -4.130207e+00  -4.142798e+00   1.623115e-05   1.055193e+08   3.304169e-01  -1.886986e+00  -1.904158e+00   1.460803e-04   1.331917e+02   3.219689e-01
    34  -3.588776e+00  -3.607621e+00   1.980820e-04   1.721000e+07   3.246041e-01            nan  -4.104269e+00  -4.117045e+00   1.893121e-05   1.014734e+08   3.303152e-01  -1.851991e+00  -1.869136e+00   1.703808e-04   1.221235e+02   3.185442e-01
    35  -3.550233e+00  -3.569077e+00   2.225869e-04   1.396404e+07   3.235967e-01            nan  -4.077901e+00  -4.090885e+00   2.207926e-05   9.713943e+07   3.302016e-01  -1.817054e+00  -1.834171e+00   1.987134e-04   1.120218e+02   3.151589e-01
    36  -3.511690e+00  -3.530534e+00   2.480890e-04   1.125782e+07   3.224518e-01            nan  -4.051045e+00  -4.064265e+00   2.574932e-05   9.251565e+07   3.300746e-01  -1.782179e+00  -1.799267e+00   2.317439e-04   1.027965e+02   3.118073e-01
    37  -3.473147e+00  -3.491991e+00   2.746698e-04   9.016142e+06   3.210796e-01            nan  -4.023636e+00  -4.037124e+00   3.002750e-05   8.760531e+07   3.299322e-01  -1.747368e+00  -1.764425e+00   2.702475e-04   9.437317e+01   3.084617e-01
    38  -3.434603e+00  -3.453447e+00   3.028207e-04   7.200112e+06   3.195471e-01            nan  -3.995599e+00  -4.009391e+00   3.501400e-05   8.241775e+07   3.297721e-01  -1.712625e+00  -1.729649e+00   3.151260e-04   8.667740e+01   3.051122e-01
    39  -3.396060e+00  -3.414904e+00   3.316246e-04   5.734126e+06   3.178500e-01            nan  -3.966845e+00  -3.980984e+00   4.082538e-05   7.696970e+07   3.295913e-01  -1.677953e+00  -1.694943e+00   3.674284e-04   7.964478e+01   3.017381e-01
    40  -3.357517e+00  -3.376361e+00   3.616412e-04   4.556372e+06   3.158097e-01            nan  -3.937272e+00  -3.951807e+00   4.759714e-05   7.128654e+07   3.293864e-01  -1.643354e+00  -1.660309e+00   4.283742e-04   7.321226e+01   2.983342e-01
    41  -3.318973e+00  -3.337818e+00   3.930140e-04   3.619313e+06   3.136701e-01            nan  -3.906759e+00  -3.921748e+00   5.548679e-05   6.540361e+07   3.291529e-01  -1.608827e+00  -1.625747e+00   4.993811e-04   6.732499e+01   2.948868e-01
    42  -3.280430e+00  -3.299274e+00   4.250445e-04   2.875196e+06   3.111012e-01            nan  -3.875165e+00  -3.890675e+00   6.467734e-05   5.936738e+07   3.288851e-01  -1.574372e+00  -1.591258e+00   5.820960e-04   6.192841e+01   2.914034e-01
    43  -3.241887e+00  -3.260731e+00   4.588933e-04   2.285517e+06   3.084252e-01            nan  -3.842324e+00  -3.858434e+00   7.538125e-05   5.323629e+07   3.285755e-01  -1.539986e+00  -1.556839e+00   6.784313e-04   5.697693e+01   2.878775e-01
    44  -3.203344e+00  -3.222188e+00   4.934232e-04   1.820631e+06   3.053155e-01            nan  -3.808038e+00  -3.824842e+00   8.784517e-05   4.708112e+07   3.282145e-01  -1.505661e+00  -1.522484e+00   7.906065e-04   5.242305e+01   2.843357e-01
    45  -3.164800e+00  -3.183644e+00   5.299233e-04   1.451669e+06   3.021239e-01            nan  -3.772073e+00  -3.789683e+00   1.023551e-04   4.098459e+07   3.277888e-01  -1.471389e+00  -1.488187e+00   9.211963e-04   4.823068e+01   2.807747e-01
    46  -3.126257e+00  -3.145101e+00   5.676572e-04   1.162115e+06   2.984408e-01            nan  -3.734151e+00  -3.752698e+00   1.192428e-04   3.503983e+07   3.272807e-01  -1.437158e+00  -1.453936e+00   1.073185e-03   4.435891e+01   2.772421e-01
    47  -3.087714e+00  -3.106558e+00   6.073146e-04   9.304847e+05   2.948018e-01   4.178821e-01  -3.693944e+00  -3.713582e+00   1.388921e-04   2.934751e+07   3.266656e-01  -1.402955e+00  -1.419720e+00   1.250029e-03   4.078170e+01   2.737272e-01
    48  -3.049170e+00  -3.068015e+00   6.490221e-04   7.495354e+05   2.905609e-01   4.185907e-01  -3.651061e+00  -3.671973e+00   1.617478e-04   2.401119e+07   3.259088e-01  -1.368760e+00  -1.385521e+00   1.455730e-03   3.746541e+01   2.702904e-01
    49  -3.010627e+00  -3.029471e+00   6.926777e-04   6.037723e+05   2.863743e-01   4.171717e-01  -3.605048e+00  -3.627445e+00   1.883238e-04   1.913074e+07   3.249615e-01  -1.334560e+00  -1.351324e+00   1.694914e-03   3.439192e+01   2.669136e-01
    50  -2.972084e+00  -2.990928e+00   7.391320e-04   4.887671e+05   2.818081e-01   4.166868e-01  -3.555384e+00  -3.579507e+00   2.192140e-04   1.479408e+07   3.237538e-01  -1.300335e+00  -1.317110e+00   1.972926e-03   3.153815e+01   2.636336e-01
    51  -2.933541e+00  -2.952385e+00   7.879089e-04   3.962896e+05   2.771879e-01   4.162747e-01  -3.501494e+00  -3.527604e+00   2.551039e-04   1.106764e+07   3.221859e-01  -1.266071e+00  -1.282865e+00   2.295935e-03   2.889018e+01   2.604344e-01
    52  -2.894997e+00  -2.913841e+00   8.399213e-04   3.221662e+05   2.724471e-01   4.163152e-01  -3.442778e+00  -3.471144e+00   2.967831e-04   7.987060e+06   3.201170e-01  -1.231754e+00  -1.248573e+00   2.671048e-03   2.643405e+01   2.573116e-01
    53  -2.856454e+00  -2.875298e+00   8.951898e-04   2.627496e+05   2.675526e-01   4.168545e-01  -3.378688e+00  -3.409552e+00   3.451610e-04   5.550010e+06   3.173535e-01  -1.197375e+00  -1.214224e+00   3.106449e-03   2.415769e+01   2.542570e-01
    54  -2.817911e+00  -2.836755e+00   9.540784e-04   2.144283e+05   2.627218e-01   4.174427e-01  -3.308838e+00  -3.342360e+00   4.012824e-04   3.713918e+06   3.136455e-01  -1.162930e+00  -1.179811e+00   3.611542e-03   2.205247e+01   2.512273e-01
    55  -2.779367e+00  -2.798212e+00   1.017075e-03   1.757025e+05   2.577356e-01   4.187121e-01  -3.233177e+00  -3.269362e+00   4.663463e-04   2.400713e+06   3.087035e-01  -1.128415e+00  -1.145329e+00   4.197117e-03   2.010706e+01   2.482249e-01
    56  -2.740824e+00  -2.759668e+00   1.084474e-03   1.439814e+05   2.528597e-01   4.199368e-01  -3.152146e+00  -3.190774e+00   5.417261e-04   1.509100e+06   3.022562e-01  -1.093833e+00  -1.110780e+00   4.875535e-03   1.831342e+01   2.452065e-01
    57  -2.702281e+00  -2.721125e+00   1.156568e-03   1.183034e+05   2.479790e-01   4.215702e-01  -3.066751e+00  -3.107353e+00   6.289911e-04   9.316589e+05   2.941528e-01  -1.059188e+00  -1.076165e+00   5.660920e-03   1.666216e+01   2.421513e-01
    58  -2.663738e+00  -2.682582e+00   1.234254e-03   9.727112e+04   2.431851e-01   4.232643e-01  -2.978432e+00  -3.020350e+00   7.299314e-04   5.712863e+05   2.844754e-01  -1.024488e+00  -1.041492e+00   6.569382e-03   1.514361e+01   2.390512e-01
    59  -2.625194e+00  -2.644038e+00   1.317214e-03   8.006993e+04   2.384978e-01   4.251702e-01  -2.888759e+00  -2.931285e+00   8.465830e-04   3.514625e+05   2.735785e-01  -9.897392e-01  -1.006766e+00   7.619247e-03   1.374923e+01   2.358765e-01
    60  -2.586651e+00  -2.605495e+00   1.407061e-03   6.597784e+04   2.339169e-01   4.271855e-01  -2.799098e+00  -2.841619e+00   9.812558e-04   2.184370e+05   2.620053e-01  -9.549507e-01  -9.719967e-01   8.831303e-03   1.246986e+01   2.326252e-01
    61  -2.548108e+00  -2.566952e+00   1.503183e-03   5.438885e+04   2.294721e-01   4.293077e-01  -2.710413e+00  -2.752496e+00   1.136562e-03   1.376007e+05   2.503318e-01  -9.201305e-01  -9.371917e-01   1.022906e-02   1.129689e+01   2.292872e-01
    62  -2.509564e+00  -2.528409e+00   1.607072e-03   4.487371e+04   2.251934e-01   4.314067e-01  -2.623249e+00  -2.664648e+00   1.315444e-03   8.789580e+04   2.390325e-01  -8.852870e-01  -9.023594e-01   1.183900e-02   1.022237e+01   2.258447e-01
    63  -2.471021e+00  -2.489865e+00   1.718678e-03   3.702975e+04   2.210372e-01   4.336659e-01  -2.537822e+00  -2.578438e+00   1.521208e-03   5.686964e+04   2.284219e-01  -8.504264e-01  -8.675070e-01   1.369088e-02   9.238095e+00   2.223086e-01
    64  -2.432478e+00  -2.451322e+00   1.839056e-03   3.057283e+04   2.171122e-01   4.356805e-01  -2.454142e+00  -2.493970e+00   1.757548e-03   3.720621e+04   2.186626e-01  -8.155533e-01  -8.326399e-01   1.581793e-02   8.336662e+00   2.186779e-01
    65  -2.393935e+00  -2.412779e+00   1.968757e-03   2.524578e+04   2.132890e-01   4.379474e-01  -2.372118e+00  -2.411196e+00   2.028572e-03   2.457241e+04   2.098048e-01  -7.806706e-01  -7.977618e-01   1.825715e-02   7.511234e+00   2.149494e-01
    66  -2.355391e+00  -2.374235e+00   2.108469e-03   2.085187e+04   2.097335e-01   4.398647e-01  -2.291627e+00  -2.330010e+00   2.338830e-03   1.636053e+04   2.018288e-01  -7.457776e-01  -7.628737e-01   2.104947e-02   6.755105e+00   2.111453e-01
    67  -2.316848e+00  -2.335692e+00   2.259261e-03   1.722600e+04   2.062815e-01   4.420263e-01  -2.212557e+00  -2.250295e+00   2.693323e-03   1.097160e+04   1.946787e-01  -7.108700e-01  -7.279732e-01   2.423991e-02   6.062269e+00   2.072832e-01
    68  -2.278305e+00  -2.297149e+00   2.421608e-03   1.423255e+04   2.030861e-01   4.438672e-01  -2.134825e+00  -2.171954e+00   3.097518e-03   7.407039e+03   1.882846e-01  -6.759413e-01  -6.930546e-01   2.787766e-02   5.427488e+00   2.033746e-01
    69  -2.239761e+00  -2.258606e+00   2.596984e-03   1.176184e+04   2.000104e-01   4.458644e-01  -2.058387e+00  -2.094926e+00   3.557342e-03   5.033242e+03   1.825736e-01  -6.409820e-01  -6.581100e-01   3.201608e-02   4.846034e+00   1.994388e-01
    70  -2.201218e+00  -2.220062e+00   2.785829e-03   9.721687e+03   1.971767e-01   4.476073e-01  -1.983232e+00  -2.019186e+00   4.079169e-03   3.442844e+03   1.774743e-01  -6.059797e-01  -6.231283e-01   3.671252e-02   4.313619e+00   1.955066e-01
    71  -2.162675e+00  -2.181519e+00   2.989922e-03   8.037467e+03   1.944729e-01   4.494275e-01  -1.909384e+00  -1.944740e+00   4.669785e-03   2.371223e+03   1.729151e-01  -5.709219e-01  -5.880971e-01   4.202806e-02   3.826823e+00   1.915867e-01
    72  -2.124132e+00  -2.142976e+00   3.209832e-03   6.646846e+03   1.919981e-01   4.510046e-01  -1.836888e+00  -1.871625e+00   5.336336e-03   1.645072e+03   1.688204e-01  -5.357974e-01  -5.530047e-01   4.802703e-02   3.382716e+00   1.876818e-01
    73  -2.085588e+00  -2.104432e+00   3.447589e-03   5.498616e+03   1.896563e-01   4.526065e-01  -1.765809e+00  -1.799896e+00   6.086254e-03   1.150142e+03   1.651072e-01  -5.005983e-01  -5.178413e-01   5.477629e-02   2.978736e+00   1.837923e-01
    74  -2.047045e+00  -2.065889e+00   3.704032e-03   4.550628e+03   1.875341e-01   4.539342e-01  -1.696221e+00  -1.729623e+00   6.927149e-03   8.107042e+02   1.616827e-01  -4.653200e-01  -4.826010e-01   6.234434e-02   2.612546e+00   1.799182e-01
    75  -2.008502e+00  -2.027346e+00   3.981427e-03   3.767653e+03   1.855415e-01   4.552782e-01  -1.628196e+00  -1.660878e+00   7.866679e-03   5.763211e+02   1.584471e-01  -4.299646e-01  -4.472826e-01   7.080011e-02   2.282077e+00   1.760412e-01
    76  -1.969958e+00  -1.988803e+00   4.281031e-03   3.121223e+03   1.837611e-01   4.562856e-01  -1.561796e+00  -1.593728e+00   8.912390e-03   4.132497e+02   1.553016e-01  -3.945411e-01  -4.118918e-01   8.021151e-02   1.985286e+00   1.721397e-01
    77  -1.931415e+00  -1.950259e+00   4.605344e-03   2.587048e+03   1.821015e-01   4.573065e-01  -1.497057e+00  -1.528221e+00   1.007152e-02   2.988248e+02   1.521633e-01  -3.590654e-01  -3.764412e-01   9.064369e-02   1.720094e+00   1.681921e-01
    78  -1.892872e+00  -1.911716e+00   4.956228e-03   2.145977e+03   1.806451e-01   4.579178e-01  -1.433979e+00  -1.464374e+00   1.135078e-02   2.177672e+02   1.489826e-01  -3.235595e-01  -3.409497e-01   1.021570e-01   1.484345e+00   1.641869e-01
    79  -1.854329e+00  -1.873173e+00   5.336404e-03   1.781206e+03   1.792959e-01   4.585253e-01  -1.372516e+00  -1.402161e+00   1.275612e-02   1.597469e+02   1.457578e-01  -2.880504e-01  -3.054421e-01   1.148050e-01   1.275831e+00   1.601135e-01
    80  -1.815785e+00  -1.834629e+00   5.748612e-03   1.479932e+03   1.781337e-01   4.586707e-01  -1.312568e+00  -1.341509e+00   1.429243e-02   1.177667e+02   1.425392e-01  -2.525697e-01  -2.699478e-01   1.286319e-01   1.092343e+00   1.559615e-01
    81  -1.777242e+00  -1.796086e+00   6.195732e-03   1.230536e+03   1.770696e-01   4.587353e-01  -1.253994e+00  -1.282295e+00   1.596333e-02   8.707966e+01   1.394167e-01  -2.171530e-01  -2.345004e-01   1.436700e-01   9.316886e-01   1.517243e-01
    82  -1.738699e+00  -1.757543e+00   6.681790e-03   1.024354e+03   1.761488e-01   4.583976e-01  -1.196624e+00  -1.224362e+00   1.777087e-02   6.445686e+01   1.364928e-01  -1.818387e-01  -1.991370e-01   1.599378e-01   7.917241e-01   1.473991e-01
    83  -1.700155e+00  -1.719000e+00   7.209668e-03   8.535172e+02   1.753179e-01   4.578793e-01  -1.140286e+00  -1.167542e+00   1.971527e-02   4.768636e+01   1.338470e-01  -1.466670e-01  -1.638969e-01   1.774374e-01   6.703632e-01   1.429949e-01
    84  -1.661612e+00  -1.680456e+00   7.785269e-03   7.120297e+02   1.745821e-01   4.570720e-01  -1.084840e+00  -1.111679e+00   2.179475e-02   3.523014e+01   1.315045e-01  -1.116799e-01  -1.288212e-01   1.961527e-01   5.656381e-01   1.385138e-01
    85  -1.623069e+00  -1.641913e+00   8.411626e-03   5.946642e+02   1.739117e-01   4.560867e-01  -1.030205e+00  -1.056664e+00   2.400535e-02   2.599048e+01   1.294229e-01  -7.692081e-02  -9.395272e-02   2.160481e-01   4.756920e-01   1.339599e-01
    86  -1.584526e+00  -1.603370e+00   9.096035e-03   4.972367e+02   1.733037e-01   4.549058e-01  -9.763600e-01  -1.002449e+00   2.634082e-02   1.915838e+01   1.275114e-01  -4.243305e-02  -5.933468e-02   2.370673e-01   3.987862e-01   1.293439e-01
    87  -1.545982e+00  -1.564826e+00   9.843135e-03   4.162631e+02   1.727180e-01   4.537262e-01  -9.233351e-01  -9.490388e-01   2.879262e-02   1.412238e+01   1.256703e-01  -8.259108e-03  -2.501003e-02   2.591336e-01   3.333093e-01   1.246822e-01
    88  -1.507439e+00  -1.526283e+00   1.066032e-02   3.488768e+02   1.721840e-01   4.524373e-01  -8.711830e-01  -8.964767e-01   3.134998e-02   1.041684e+01   1.238228e-01   2.555915e-02   8.979114e-03   2.821498e-01   2.777992e-01   1.199851e-01
    89  -1.468896e+00  -1.487740e+00   1.155529e-02   2.926817e+02   1.716351e-01   4.514384e-01  -8.199539e-01  -8.448135e-01   3.400006e-02   7.690740e+00   1.219249e-01   5.898187e-02   4.259195e-02   3.060005e-01   2.309234e-01   1.152696e-01
    90  -1.430352e+00  -1.449197e+00   1.253549e-02   2.457589e+02   1.711260e-01   4.505770e-01  -7.696806e-01  -7.940902e-01   3.672816e-02   5.683025e+00   1.199526e-01   9.197225e-02   7.579024e-02   3.305535e-01   1.914829e-01   1.105568e-01
    91  -1.391809e+00  -1.410653e+00   1.361086e-02   2.065231e+02   1.706409e-01   4.500117e-01  -7.203719e-01  -7.443268e-01   3.951809e-02   4.201791e+00   1.178955e-01   1.244958e-01   1.085384e-01   3.556628e-01   1.584187e-01   1.058607e-01
    92  -1.353266e+00  -1.372110e+00   1.479014e-02   1.735785e+02   1.702034e-01   4.498926e-01  -6.720088e-01  -6.955175e-01   4.235249e-02   3.106591e+00   1.157522e-01   1.565228e-01   1.408045e-01   3.811724e-01   1.307848e-01   1.012067e-01
    93  -1.314723e+00  -1.333567e+00   1.608504e-02   1.459737e+02   1.698418e-01   4.500209e-01  -6.245426e-01  -6.476276e-01   4.521329e-02   2.294941e+00   1.135323e-01   1.880270e-01   1.725605e-01   4.069196e-01   1.077618e-01   9.661072e-02
    94  -1.276179e+00  -1.295023e+00   1.750415e-02   1.227218e+02   1.695853e-01   4.504506e-01  -5.778950e-01  -6.005928e-01   4.808216e-02   1.692175e+00   1.112583e-01   2.189868e-01   2.037828e-01   4.327394e-01   8.863222e-02   9.209325e-02
    95  -1.237636e+00  -1.256480e+00   1.906178e-02   1.031365e+02   1.694786e-01   4.508757e-01  -5.319558e-01  -5.543183e-01   5.094094e-02   1.243760e+00   1.089629e-01   2.493852e-01   2.344519e-01   4.584685e-01   7.277846e-02   8.767185e-02
    96  -1.199093e+00  -1.217937e+00   2.077212e-02   8.669125e+01   1.695059e-01   4.512588e-01  -4.865846e-01  -5.086780e-01   5.377208e-02   9.099151e-01   1.066881e-01   2.792094e-01   2.645532e-01   4.839488e-01   5.967053e-02   8.336211e-02
    97  -1.160549e+00  -1.179394e+00   2.264171e-02   7.280782e+01   1.697310e-01   4.511540e-01  -4.416156e-01  -4.635183e-01   5.655903e-02   6.615367e-01   1.044796e-01   3.084517e-01   2.940766e-01   5.090312e-01   4.885541e-02   7.917946e-02
    98  -1.122006e+00  -1.140850e+00   2.469323e-02   6.112911e+01   1.701292e-01   4.504732e-01  -3.968573e-01  -4.186601e-01   5.928652e-02   4.771517e-01   1.023802e-01   3.371083e-01   3.230163e-01   5.335787e-01   3.995006e-02   7.513451e-02
    99  -1.083463e+00  -1.102307e+00   2.694635e-02   5.134585e+01   1.706367e-01   4.491896e-01  -3.520977e-01  -3.739011e-01   6.194091e-02   3.408525e-01   1.004240e-01   3.651799e-01   3.513709e-01   5.574682e-01   3.262960e-02   7.123864e-02
   100  -1.044920e+00  -1.063764e+00   2.940701e-02   4.313325e+01   1.712576e-01   4.470984e-01  -3.071143e-01  -3.290238e-01   6.451030e-02   2.407876e-01   9.863111e-02   3.926705e-01   3.791427e-01   5.805927e-01   2.662227e-02   6.749763e-02
   101  -1.006376e+00  -1.025220e+00   3.210936e-02   3.625023e+01   1.719296e-01   4.443195e-01  -2.616793e-01  -2.838029e-01   6.698469e-02   1.679851e-01   9.700153e-02   4.195881e-01   4.063378e-01   6.028622e-01   2.169918e-02   6.391838e-02
   102  -9.678330e-01  -9.866772e-01   3.508201e-02   3.050327e+01   1.725603e-01   4.410157e-01  -2.155623e-01  -2.380090e-01   6.935597e-02   1.155940e-01   9.551995e-02   4.459433e-01   4.329656e-01   6.242038e-01   1.767050e-02   6.050220e-02
   103  -9.292897e-01  -9.481339e-01   3.834754e-02   2.570182e+01   1.731063e-01   4.372178e-01  -1.685310e-01  -1.914103e-01   7.161799e-02   7.836529e-02   9.416580e-02   4.717499e-01   4.590383e-01   6.445619e-01   1.437728e-02   5.725200e-02
   104  -8.907464e-01  -9.095906e-01   4.193601e-02   2.167529e+01   1.735262e-01   4.331271e-01  -1.203620e-01  -1.437790e-01   7.376638e-02   5.229599e-02   9.291740e-02   4.970235e-01   4.845705e-01   6.638974e-01   1.168859e-02   5.416539e-02
   105  -8.522031e-01  -8.710473e-01   4.589666e-02   1.830536e+01   1.737613e-01   4.287843e-01  -7.082932e-02  -9.488990e-02   7.579851e-02   3.431736e-02   9.176575e-02   5.217823e-01   5.095793e-01   6.821866e-01   9.495332e-03   5.124200e-02
   106  -8.136598e-01  -8.325040e-01   5.027174e-02   1.547960e+01   1.737806e-01   4.242139e-01  -1.971999e-02  -4.452325e-02   7.771330e-02   2.212974e-02   9.070700e-02   5.460457e-01   5.340834e-01   6.994197e-01   7.708073e-03   4.847711e-02
   107  -7.751166e-01  -7.939608e-01   5.509838e-02   1.310347e+01   1.735422e-01   4.193956e-01   3.312302e-02   7.504729e-03   7.951106e-02   1.402869e-02   8.971653e-02   5.698349e-01   5.581032e-01   7.155996e-01   6.252744e-03   4.586734e-02
   108  -7.365733e-01  -7.554175e-01   6.042628e-02   1.109503e+01   1.730622e-01   4.147380e-01   8.774407e-02   6.129169e-02   8.119333e-02   8.758796e-03   8.873185e-02   5.931719e-01   5.816601e-01   7.307399e-01   5.068688e-03   4.340697e-02
   109  -6.980300e-01  -7.168742e-01   6.632153e-02   9.398275e+00   1.723270e-01   4.101264e-01   1.439659e-01   1.167641e-01   8.276263e-02   5.411207e-03   8.760292e-02   6.160796e-01   6.047768e-01   7.448636e-01   4.106024e-03   4.109034e-02
   110  -6.594867e-01  -6.783309e-01   7.284343e-02   7.961123e+00   1.713391e-01   4.056237e-01   2.012641e-01   1.735593e-01   8.422234e-02   3.336075e-03   8.605885e-02   6.385815e-01   6.274763e-01   7.580011e-01   3.323888e-03   3.891139e-02
   111  -6.209434e-01  -6.397876e-01   8.005428e-02   6.740748e+00   1.701162e-01   4.013311e-01   2.587437e-01   2.309542e-01   8.557652e-02   2.075320e-03   8.376119e-02   6.607015e-01   6.497823e-01   7.701887e-01   2.688881e-03   3.686311e-02
   112  -5.824001e-01  -6.012443e-01   8.800531e-02   5.702052e+00   1.686826e-01   3.973230e-01   3.152753e-01   2.879287e-01   8.682971e-02   1.317424e-03   8.044729e-02   6.824636e-01   6.717188e-01   7.814674e-01   2.173628e-03   3.493937e-02
   113  -5.438568e-01  -5.627010e-01   9.676338e-02   4.815100e+00   1.670732e-01   3.936062e-01   3.697949e-01   3.433900e-01   8.798682e-02   8.598823e-04   7.611535e-02   7.038920e-01   6.933100e-01   7.918814e-01   1.755836e-03   3.313301e-02
   114  -5.053136e-01  -5.241578e-01   1.064047e-01   4.059239e+00   1.652869e-01   3.898903e-01   4.215754e-01   3.964564e-01   8.905301e-02   5.782069e-04   7.105103e-02   7.250105e-01   7.145796e-01   8.014771e-01   1.417288e-03   3.143736e-02
   115  -4.667703e-01  -4.856145e-01   1.169963e-01   3.415221e+00   1.633361e-01   3.859911e-01   4.703016e-01   4.466215e-01   9.003354e-02   3.995955e-04   6.566506e-02   7.458429e-01   7.355516e-01   8.103019e-01   1.143131e-03   2.984591e-02
   116  -4.282270e-01  -4.470712e-01   1.285964e-01   2.867029e+00   1.612160e-01   3.816175e-01   5.159791e-01   4.937406e-01   9.093373e-02   2.826142e-04   6.031739e-02   7.664123e-01   7.562493e-01   8.184036e-01   9.212774e-04   2.835196e-02
   117  -3.896837e-01  -4.085279e-01   1.412698e-01   2.400624e+00   1.588998e-01   3.763836e-01   5.587954e-01   5.379146e-01   9.175884e-02   2.036769e-04   5.523823e-02   7.867414e-01   7.766958e-01   8.258295e-01   7.418724e-04   2.694936e-02
   118  -3.511404e-01  -3.699846e-01   1.550900e-01   2.005251e+00   1.563765e-01   3.699744e-01   5.990179e-01   5.793721e-01   9.251402e-02   1.490221e-04   5.054299e-02   8.068526e-01   7.969134e-01   8.326262e-01   5.969014e-04   2.563207e-02
   119  -3.125971e-01  -3.314413e-01   1.700969e-01   1.670716e+00   1.536351e-01   3.620592e-01   6.369329e-01   6.183890e-01   9.320429e-02   1.103630e-04   4.627072e-02   8.267670e-01   8.169239e-01   8.388386e-01   4.798475e-04   2.439417e-02
   120  -2.740538e-01  -2.928980e-01   1.863740e-01   1.388306e+00   1.506585e-01   3.523926e-01   6.728140e-01   6.552439e-01   9.383445e-02   8.253526e-05   4.241835e-02   8.465054e-01   8.367483e-01   8.445100e-01   3.854094e-04   2.323023e-02
   121  -2.355106e-01  -2.543548e-01   2.039880e-01   1.150608e+00   1.474204e-01   3.409548e-01   7.069044e-01   6.901936e-01   9.440910e-02   6.222705e-05   3.895681e-02   8.660876e-01   8.564069e-01   8.496819e-01   3.092808e-04   2.213505e-02
   122  -1.969673e-01  -2.158115e-01   2.229962e-01   9.509422e-01   1.439127e-01   3.276699e-01   7.394216e-01   7.234673e-01   9.493262e-02   4.722749e-05   3.585225e-02   8.855324e-01   8.759188e-01   8.543935e-01   2.479657e-04   2.110365e-02
   123  -1.584240e-01  -1.772682e-01   2.434480e-01   7.835491e-01   1.401395e-01   3.125056e-01   7.705543e-01   7.552669e-01   9.540910e-02   3.604237e-05   3.306756e-02   9.048579e-01   8.953027e-01   8.586819e-01   1.986256e-04   2.013138e-02
   124  -1.198807e-01  -1.387249e-01   2.653820e-01   6.434955e-01   1.361104e-01   2.954194e-01   8.004668e-01   7.857680e-01   9.584241e-02   2.763336e-05   3.056665e-02   9.240810e-01   9.145758e-01   8.625817e-01   1.589574e-04   1.921400e-02
   125  -8.133742e-02  -1.001816e-01   2.887751e-01   5.265571e-01   1.318378e-01   2.762207e-01   8.293019e-01   8.151236e-01   9.623618e-02   2.126806e-05   2.831718e-02   9.432179e-01   9.337548e-01   8.661256e-01   1.270953e-04   1.834744e-02
   126  -4.279413e-02  -6.163833e-02   3.136799e-01   4.291810e-01   1.273370e-01   2.548020e-01   8.571847e-01   8.434671e-01   9.659376e-02   1.642165e-05   2.628949e-02   9.622834e-01   9.528552e-01   8.693438e-01   1.015273e-04   1.752795e-02
   127  -4.250849e-03  -2.309505e-02   3.399957e-01   3.482477e-01   1.226160e-01   2.311864e-01   8.842239e-01   8.709147e-01   9.691827e-02   1.271394e-05   2.445749e-02   9.812916e-01   9.718914e-01   8.722644e-01   8.102972e-05   1.675207e-02
   128   3.429244e-02   1.544824e-02   3.677431e-01   2.811777e-01   1.176902e-01   2.053142e-01   9.105161e-01   8.975689e-01   9.721261e-02   9.865142e-06   2.279862e-02   1.000256e+00   9.908771e-01   8.749135e-01   6.461257e-05   1.601667e-02
   129   7.283572e-02   5.399153e-02   3.968116e-01   2.258771e-01   1.126054e-01   1.773236e-01   9.361452e-01   9.235197e-01   9.747945e-02   7.669020e-06   2.129226e-02   1.019188e+00   1.009825e+00   8.773151e-01   5.147623e-05   1.531882e-02
   130   1.113790e-01   9.253481e-02   4.271639e-01   1.804729e-01   1.073888e-01   1.478247e-01   9.611862e-01   9.488462e-01   9.772124e-02   5.970875e-06   1.992117e-02   1.038098e+00   1.028746e+00   8.794912e-01   4.097509e-05   1.465582e-02
   131   1.499223e-01   1.310781e-01   4.586827e-01   1.433548e-01   1.020739e-01   1.171361e-01   9.857059e-01   9.736191e-01   9.794025e-02   4.654477e-06   1.867000e-02   1.056999e+00   1.047651e+00   8.814623e-01   3.258839e-05   1.402524e-02
   132   1.884656e-01   1.696214e-01   4.911684e-01   1.131603e-01   9.669603e-02   8.564327e-02   1.009763e+00   9.979010e-01   9.813854e-02   3.632013e-06   1.752507e-02   1.075898e+00   1.066551e+00   8.832469e-01   2.589662e-05   1.342487e-02
   133   2.270089e-01   2.081647e-01   5.242118e-01   8.867713e-02   9.125649e-02   5.558486e-02   1.033410e+00   1.021747e+00   9.831802e-02   2.836451e-06   1.647478e-02   1.094804e+00   1.085454e+00   8.848622e-01   2.056212e-05   1.285268e-02
   134   2.655522e-01   2.467080e-01   5.578361e-01   6.895587e-02   8.580964e-02   2.616273e-02   1.056694e+00   1.045208e+00   9.848042e-02   2.216549e-06   1.550886e-02   1.113725e+00   1.104368e+00   8.863237e-01   1.631342e-05   1.230684e-02
   135   3.040954e-01   2.852512e-01   5.917943e-01   5.321078e-02   8.041216e-02  -1.727204e-03   1.079657e+00   1.068327e+00   9.862732e-02   1.732967e-06   1.461826e-02   1.132669e+00   1.123300e+00   8.876458e-01   1.293252e-05   1.178567e-02
   136   3.426387e-01   3.237945e-01   6.256113e-01   4.072853e-02   7.508846e-02  -2.451735e-02   1.102337e+00   1.091145e+00   9.876016e-02   1.355398e-06   1.379503e-02   1.151641e+00   1.142259e+00   8.888415e-01   1.024448e-05   1.128765e-02
   137   3.811820e-01   3.623378e-01   6.590346e-01   3.085666e-02   6.984674e-02  -4.539598e-02   1.124766e+00   1.113696e+00   9.888027e-02   1.060375e-06   1.303232e-02   1.170647e+00   1.161248e+00   8.899225e-01   8.109107e-06   1.081141e-02
   138   4.197253e-01   4.008811e-01   6.919860e-01   2.316763e-02   6.476445e-02  -6.341043e-02   1.146976e+00   1.136013e+00   9.898885e-02   8.297165e-07   1.232406e-02   1.189693e+00   1.180274e+00   8.908996e-01   6.414178e-06   1.035569e-02
   139   4.582686e-01   4.394244e-01   7.236358e-01   1.721170e-02   5.984505e-02  -7.709444e-02   1.168993e+00   1.158124e+00   9.908698e-02   6.493010e-07   1.166488e-02   1.208782e+00   1.199342e+00   8.917828e-01   5.069927e-06   9.919357e-03
   140   4.968119e-01   4.779677e-01   7.542880e-01   1.264882e-02   5.512567e-02  -8.777475e-02   1.190842e+00   1.180055e+00   9.917565e-02   5.081384e-07   1.105010e-02   1.227919e+00   1.218456e+00   8.925808e-01   4.004636e-06   9.501365e-03
   141   5.353551e-01   5.165110e-01   7.830799e-01   9.190120e-03   5.063125e-02  -9.623363e-02   1.212543e+00   1.201828e+00   9.925576e-02   3.976644e-07   1.047555e-02   1.247108e+00   1.237620e+00   8.933019e-01   3.161062e-06   9.100764e-03
   142   5.738984e-01   5.550542e-01   8.102548e-01   6.600043e-03   4.638202e-02  -1.025413e-01   1.234117e+00   1.223464e+00   9.932813e-02   3.111946e-07   9.937612e-03   1.266351e+00   1.256836e+00   8.939532e-01   2.493559e-06   8.716683e-03
   143   6.124417e-01   5.935975e-01   8.353604e-01   4.679871e-03   4.238736e-02  -1.069960e-01   1.255581e+00   1.244982e+00   9.939350e-02   2.435076e-07   9.433069e-03   1.285650e+00   1.276108e+00   8.945415e-01   1.965760e-06   8.348326e-03
   144   6.509850e-01   6.321408e-01   8.582617e-01   3.278768e-03   3.866473e-02  -1.097130e-01   1.276950e+00   1.266397e+00   9.945254e-02   1.905222e-07   8.959071e-03   1.305009e+00   1.295438e+00   8.950729e-01   1.548723e-06   7.994958e-03
   145   6.895283e-01   6.706841e-01   8.790013e-01   2.268402e-03   3.521489e-02  -1.109655e-01   1.298239e+00   1.287725e+00   9.950586e-02   1.490463e-07   8.513088e-03   1.324429e+00   1.314828e+00   8.955527e-01   1.219432e-06   7.655901e-03
   146   7.280716e-01   7.092274e-01   8.975173e-01   1.548921e-03   3.203732e-02  -1.108937e-01   1.319459e+00   1.308978e+00   9.955400e-02   1.165818e-07   8.092875e-03   1.343911e+00   1.334279e+00   8.959860e-01   9.595984e-07   7.330531e-03
   147   7.666149e-01   7.477707e-01   9.138259e-01   1.044826e-03   2.912929e-02  -1.095587e-01   1.340622e+00   1.330169e+00   9.959747e-02   9.117352e-08   7.696435e-03   1.363456e+00   1.353793e+00   8.963772e-01   7.547069e-07   7.018268e-03
   148   8.051581e-01   7.863140e-01   9.279578e-01   6.964705e-04   2.648062e-02  -1.070263e-01   1.361738e+00   1.351308e+00   9.963672e-02   7.129022e-08   7.321985e-03   1.383065e+00   1.373371e+00   8.967304e-01   5.932427e-07   6.718573e-03
   149   8.437014e-01   8.248572e-01   9.401227e-01   4.590163e-04   2.407766e-02  -1.032778e-01   1.382815e+00   1.372404e+00   9.967214e-02   5.573288e-08   6.967930e-03   1.402739e+00   1.393014e+00   8.970493e-01   4.660801e-07   6.430944e-03
   150   8.822447e-01   8.634005e-01   9.504895e-01   2.993678e-04   2.190484e-02  -9.857327e-02   1.403862e+00   1.393466e+00   9.970413e-02   4.356237e-08   6.632844e-03   1.422477e+00   1.412720e+00   8.973371e-01   3.659926e-07   6.154913e-03
   151   9.207880e-01   9.019438e-01   9.592319e-01   1.934033e-04   1.994374e-02  -9.303046e-02   1.424885e+00   1.414501e+00   9.973300e-02   3.404317e-08   6.315443e-03   1.442279e+00   1.432491e+00   8.975970e-01   2.872614e-07   5.890042e-03
   152   9.593313e-01   9.404871e-01   9.665480e-01   1.239066e-04   1.817518e-02  -8.682650e-02   1.445890e+00   1.435514e+00   9.975905e-02   2.659916e-08   6.014573e-03   1.462145e+00   1.452326e+00   8.978315e-01   2.253650e-07   5.635921e-03
   153   9.978746e-01   9.790304e-01   9.726210e-01   7.882107e-05   1.657989e-02  -8.019416e-02   1.466882e+00   1.456512e+00   9.978257e-02   2.077916e-08   5.729193e-03   1.482074e+00   1.472224e+00   8.980432e-01   1.767303e-07   5.392166e-03
   154   1.036418e+00   1.017574e+00   9.776366e-01   4.984612e-05   1.513942e-02  -7.335043e-02   1.487865e+00   1.477500e+00   9.980380e-02   1.622984e-08   5.458361e-03   1.502064e+00   1.492184e+00   8.982342e-01   1.385363e-07   5.158417e-03
   155   1.074961e+00   1.056117e+00   9.817556e-01   3.137381e-05   1.383667e-02  -6.653982e-02   1.508843e+00   1.498480e+00   9.982296e-02   1.267456e-08   5.201223e-03   1.522114e+00   1.512204e+00   8.984066e-01   1.085571e-07   4.934335e-03
   156   1.113504e+00   1.094660e+00   9.851266e-01   1.967573e-05   1.265625e-02  -5.988195e-02   1.529818e+00   1.519457e+00   9.984025e-02   9.896727e-09   4.957006e-03   1.542221e+00   1.532284e+00   8.985622e-01   8.503754e-08   4.719604e-03
   157   1.152048e+00   1.133204e+00   9.878760e-01   1.230620e-05   1.158460e-02  -5.356532e-02   1.550794e+00   1.540433e+00   9.985585e-02   7.726815e-09   4.725010e-03   1.562384e+00   1.552420e+00   8.987027e-01   6.659454e-08   4.513930e-03
   158   1.190591e+00   1.171747e+00   9.901158e-01   7.682539e-06   1.060989e-02  -4.768990e-02   1.571770e+00   1.561408e+00   9.986993e-02   6.032152e-09   4.504598e-03   1.582599e+00   1.572609e+00   8.988294e-01   5.213895e-08   4.317035e-03
   159   1.229134e+00   1.210290e+00   9.919379e-01   4.790530e-06   9.721792e-03  -4.226864e-02   1.592747e+00   1.582385e+00   9.988264e-02   4.708936e-09   4.295194e-03   1.602863e+00   1.592849e+00   8.989438e-01   4.081361e-08   4.128667e-03
   160   1.267678e+00   1.248833e+00   9.934206e-01   2.985440e-06   8.911409e-03  -3.733205e-02   1.613725e+00   1.603363e+00   9.989411e-02   3.675965e-09   4.096275e-03   1.623170e+00   1.613135e+00   8.990470e-01   3.194435e-08   3.948589e-03
   161   1.306221e+00   1.287377e+00   9.946268e-01   1.860289e-06   8.171011e-03  -3.288669e-02   1.634702e+00   1.624340e+00   9.990446e-02   2.869733e-09   3.907371e-03   1.643517e+00   1.633463e+00   8.991401e-01   2.500120e-08   3.776589e-03
   162   1.344764e+00   1.325920e+00   9.956083e-01   1.159464e-06   7.493883e-03  -2.893869e-02   1.655676e+00   1.645315e+00   9.991379e-02   2.240587e-09   3.728058e-03   1.663897e+00   1.653827e+00   8.992241e-01   1.956784e-08   3.612474e-03
   163   1.383307e+00   1.364463e+00   9.964073e-01   7.230588e-07   6.874105e-03  -2.542204e-02   1.676642e+00   1.666286e+00   9.992222e-02   1.749714e-09   3.557957e-03   1.684303e+00   1.674220e+00   8.993000e-01   1.531735e-08   3.456075e-03
   164   1.421851e+00   1.403007e+00   9.970568e-01   4.512615e-07   6.306506e-03  -2.230269e-02   1.697597e+00   1.687246e+00   9.992982e-02   1.366781e-09   3.396733e-03   1.704726e+00   1.694635e+00   8.993684e-01   1.199319e-08   3.307246e-03
   165   1.460394e+00   1.441550e+00   9.975861e-01   2.819015e-07   5.786524e-03  -1.954286e-02   1.718534e+00   1.708192e+00   9.993668e-02   1.068090e-09   3.244096e-03   1.725157e+00   1.715062e+00   8.994301e-01   9.394143e-09   3.165866e-03
   166   1.498937e+00   1.480093e+00   9.980182e-01   1.762948e-07   5.310122e-03  -1.710266e-02   1.739443e+00   1.729114e+00   9.994287e-02   8.351297e-10   3.099794e-03   1.745583e+00   1.735490e+00   8.994858e-01   7.362466e-09   3.031843e-03
   167   1.537481e+00   1.518636e+00   9.983715e-01   1.103825e-07   4.873727e-03  -1.494513e-02   1.760315e+00   1.750004e+00   9.994845e-02   6.534456e-10   2.963618e-03   1.765991e+00   1.755907e+00   8.995361e-01   5.774550e-09   2.905112e-03
   168   1.576024e+00   1.557180e+00   9.986607e-01   6.920200e-08   4.474179e-03  -1.303934e-02   1.781137e+00   1.770851e+00   9.995349e-02   5.117526e-10   2.835401e-03   1.786363e+00   1.776296e+00   8.995814e-01   4.533587e-09   2.785639e-03
   169   1.614567e+00   1.595723e+00   9.988978e-01   4.344407e-08   4.108680e-03  -1.133269e-02   1.801893e+00   1.791639e+00   9.995804e-02   4.012430e-10   2.715017e-03   1.806681e+00   1.796641e+00   8.996223e-01   3.563791e-09   2.673424e-03
   170   1.653110e+00   1.634266e+00   9.990923e-01   2.731329e-08   3.774788e-03  -9.784846e-03   1.822565e+00   1.812352e+00   9.996214e-02   3.150441e-10   2.602385e-03   1.826922e+00   1.816919e+00   8.996593e-01   2.805859e-09   2.568500e-03
   171   1.691654e+00   1.672810e+00   9.992522e-01   1.719926e-08   3.470468e-03  -8.337561e-03   1.843131e+00   1.832970e+00   9.996584e-02   2.477945e-10   2.497464e-03   1.847059e+00   1.837107e+00   8.996926e-01   2.213408e-09   2.470937e-03
   172   1.730197e+00   1.711353e+00   9.993840e-01   1.084926e-08   3.194001e-03  -6.926506e-03   1.863565e+00   1.853468e+00   9.996918e-02   1.953129e-10   2.400256e-03   1.867063e+00   1.857177e+00   8.997226e-01   1.750171e-09   2.380840e-03
   173   1.768740e+00   1.749896e+00   9.994927e-01   6.856944e-09   2.944003e-03  -5.482841e-03   1.883836e+00   1.873818e+00   9.997219e-02   1.543387e-10   2.310807e-03   1.886899e+00   1.877094e+00   8.997498e-01   1.387807e-09   2.298352e-03
   174   1.807284e+00   1.788439e+00   9.995826e-01   4.343461e-09   2.719555e-03  -3.996296e-03   1.903910e+00   1.893989e+00   9.997491e-02   1.223304e-10   2.229201e-03   1.906527e+00   1.896824e+00   8.997742e-01   1.104172e-09   2.223648e-03
   175   1.845827e+00   1.826983e+00   9.996568e-01   2.758679e-09   2.520174e-03  -2.313487e-03   1.923748e+00   1.913942e+00   9.997737e-02   9.730692e-11   2.155565e-03   1.925903e+00   1.916323e+00   8.997963e-01   8.819740e-10   2.156937e-03
   176   1.884370e+00   1.865526e+00   9.997186e-01   1.757864e-09   2.345998e-03  -2.887659e-04   1.943306e+00   1.933637e+00   9.997958e-02   7.772334e-11   2.090095e-03   1.944981e+00   1.935547e+00   8.998162e-01   7.077114e-10   2.098455e-03
   177   1.922913e+00   1.904069e+00   9.997702e-01   1.124701e-09   2.197950e-03   2.277482e-03   1.962540e+00   1.953029e+00   9.998158e-02   6.236725e-11   2.033323e-03   1.963710e+00   1.954447e+00   8.998342e-01   5.708257e-10   2.048539e-03
   178   1.961457e+00   1.942613e+00   9.998135e-01   7.232617e-10   2.078098e-03   5.581525e-03   1.981422e+00   1.972083e+00   9.998338e-02   5.025012e-11   1.987746e-03   1.982045e+00   1.972975e+00   8.998504e-01   4.628769e-10   2.008460e-03
   179   2.000000e+00   1.981156e+00   9.998500e-01   4.668367e-10   1.995893e-03   8.151915e-03   2.000000e+00   1.990810e+00   9.998500e-02   4.048681e-11   1.962791e-03   2.000000e+00   1.991115e+00   8.998650e-01   3.762462e-10   1.985494e-03
