     i          log_r       log_rmid          m_tot        rho_tot         v2_tot            eta     lgr[heavy]    lgrm[heavy]       m[heavy]     rho[heavy]      v2[heavy]     lgr[light]    lgrm[light]       m[light]     rho[light]      v2[light]
     0  -4.645987e+00  -4.947017e+00   1.027520e-07   2.613827e+07   2.080085e-01            nan  -4.645987e+00  -4.947017e+00   9.998500e-08   2.600265e+07   2.068040e-01  -3.069102e+00  -3.370132e+00   8.998650e-07   4.351159e+03   4.147571e-01
     1  -4.608859e+00  -4.627026e+00   1.320410e-07   2.576120e+07   2.073884e-01            nan  -4.623403e+00  -4.634548e+00   1.166721e-07   2.570449e+07   2.067938e-01  -3.027026e+00  -3.047555e+00   1.050049e-06   2.152964e+03   4.099774e-01
     2  -4.571730e+00  -4.589898e+00   1.697496e-07   2.569945e+07   2.073401e-01            nan  -4.600828e+00  -4.611969e+00   1.361439e-07   2.567214e+07   2.067927e-01  -2.985627e+00  -3.005833e+00   1.225295e-06   1.914007e+03   4.088991e-01
     3  -4.534602e+00  -4.552769e+00   2.182902e-07   2.562724e+07   2.072952e-01            nan  -4.578257e+00  -4.589396e+00   1.588651e-07   2.563642e+07   2.067914e-01  -2.944849e+00  -2.964759e+00   1.429786e-06   1.707303e+03   4.075894e-01
     4  -4.497473e+00  -4.515641e+00   2.807511e-07   2.554402e+07   2.072535e-01            nan  -4.555687e+00  -4.566825e+00   1.853780e-07   2.559698e+07   2.067901e-01  -2.904655e+00  -2.924287e+00   1.668402e-06   1.528234e+03   4.060301e-01
     5  -4.460345e+00  -4.478513e+00   3.610953e-07   2.544751e+07   2.072145e-01            nan  -4.533115e+00  -4.544254e+00   2.163150e-07   2.555342e+07   2.067886e-01  -2.865022e+00  -2.884387e+00   1.946835e-06   1.372807e+03   4.042091e-01
     6  -4.423217e+00  -4.441384e+00   4.643858e-07   2.533406e+07   2.071779e-01            nan  -4.510537e+00  -4.521679e+00   2.524142e-07   2.550531e+07   2.067869e-01  -2.825933e+00  -2.845038e+00   2.271728e-06   1.237595e+03   4.021280e-01
     7  -4.386088e+00  -4.404256e+00   5.970760e-07   2.520268e+07   2.071435e-01            nan  -4.487949e+00  -4.499096e+00   2.945370e-07   2.545217e+07   2.067851e-01  -2.787372e+00  -2.806225e+00   2.650833e-06   1.119617e+03   3.997916e-01
     8  -4.348960e+00  -4.367127e+00   7.674236e-07   2.504907e+07   2.071108e-01            nan  -4.465350e+00  -4.476502e+00   3.436881e-07   2.539348e+07   2.067830e-01  -2.749324e+00  -2.767931e+00   3.093193e-06   1.016297e+03   3.972202e-01
     9  -4.311831e+00  -4.329999e+00   9.858583e-07   2.486903e+07   2.070796e-01            nan  -4.442734e+00  -4.453895e+00   4.010398e-07   2.532865e+07   2.067808e-01  -2.711771e+00  -2.730142e+00   3.609358e-06   9.254590e+02   3.944424e-01
    10  -4.274703e+00  -4.292871e+00   1.265634e-06   2.466086e+07   2.070496e-01            nan  -4.420100e+00  -4.431270e+00   4.679601e-07   2.525706e+07   2.067783e-01  -2.674693e+00  -2.692836e+00   4.211641e-06   8.452332e+02   3.914860e-01
    11  -4.237575e+00  -4.255742e+00   1.623564e-06   2.441631e+07   2.070203e-01            nan  -4.397443e+00  -4.408624e+00   5.460446e-07   2.517801e+07   2.067756e-01  -2.638064e+00  -2.655993e+00   4.914402e-06   7.740125e+02   3.884082e-01
    12  -4.200446e+00  -4.218614e+00   2.080419e-06   2.413271e+07   2.069916e-01            nan  -4.374760e+00  -4.385953e+00   6.371554e-07   2.509072e+07   2.067726e-01  -2.601859e+00  -2.619584e+00   5.734398e-06   7.105219e+02   3.852283e-01
    13  -4.163318e+00  -4.181485e+00   2.662735e-06   2.380586e+07   2.069630e-01            nan  -4.352047e+00  -4.363255e+00   7.434644e-07   2.499437e+07   2.067692e-01  -2.566043e+00  -2.583582e+00   6.691180e-06   6.535396e+02   3.820302e-01
    14  -4.126189e+00  -4.144357e+00   3.403073e-06   2.342364e+07   2.069342e-01            nan  -4.329299e+00  -4.340524e+00   8.675058e-07   2.488803e+07   2.067655e-01  -2.530587e+00  -2.547954e+00   7.807552e-06   6.022315e+02   3.788218e-01
    15  -4.089061e+00  -4.107228e+00   4.341501e-06   2.298775e+07   2.069049e-01            nan  -4.306513e+00  -4.317757e+00   1.012236e-06   2.477071e+07   2.067614e-01  -2.495453e+00  -2.512665e+00   9.110122e-06   5.557099e+02   3.756830e-01
    16  -4.051932e+00  -4.070100e+00   5.528273e-06   2.248439e+07   2.068746e-01            nan  -4.283683e+00  -4.294948e+00   1.181103e-06   2.464130e+07   2.067569e-01  -2.460607e+00  -2.477680e+00   1.062993e-05   5.134028e+02   3.726229e-01
    17  -4.014804e+00  -4.032972e+00   7.021217e-06   2.191185e+07   2.068431e-01            nan  -4.260803e+00  -4.272092e+00   1.378130e-06   2.449862e+07   2.067519e-01  -2.426013e+00  -2.442965e+00   1.240317e-05   4.747346e+02   3.696841e-01
    18  -3.977676e+00  -3.995843e+00   8.894979e-06   2.126379e+07   2.068100e-01            nan  -4.237869e+00  -4.249185e+00   1.608010e-06   2.434137e+07   2.067464e-01  -2.391638e+00  -2.408486e+00   1.447209e-05   4.392853e+02   3.668787e-01
    19  -3.940547e+00  -3.958715e+00   1.123051e-05   2.053137e+07   2.067749e-01            nan  -4.214872e+00  -4.226218e+00   1.876216e-06   2.416815e+07   2.067404e-01  -2.357452e+00  -2.374209e+00   1.688595e-05   4.067000e+02   3.642102e-01
    20  -3.903419e+00  -3.921586e+00   1.413198e-05   1.971848e+07   2.067376e-01            nan  -4.191806e+00  -4.203186e+00   2.189133e-06   2.397745e+07   2.067337e-01  -2.323426e+00  -2.340106e+00   1.970220e-05   3.766681e+02   3.616836e-01
    21  -3.866290e+00  -3.884458e+00   1.770472e-05   1.881404e+07   2.066977e-01            nan  -4.168663e+00  -4.180081e+00   2.554206e-06   2.376762e+07   2.067263e-01  -2.289536e+00  -2.306151e+00   2.298786e-05   3.489726e+02   3.592689e-01
    22  -3.829162e+00  -3.847329e+00   2.208866e-05   1.782921e+07   2.066553e-01            nan  -4.145434e+00  -4.156893e+00   2.980121e-06   2.353692e+07   2.067181e-01  -2.255761e+00  -2.272321e+00   2.682109e-05   3.233823e+02   3.569592e-01
    23  -3.792033e+00  -3.810201e+00   2.740044e-05   1.676320e+07   2.066100e-01            nan  -4.122108e+00  -4.133614e+00   3.477003e-06   2.328347e+07   2.067091e-01  -2.222086e+00  -2.238597e+00   3.129303e-05   2.997534e+02   3.547042e-01
    24  -3.754905e+00  -3.773073e+00   3.380989e-05   1.562266e+07   2.065619e-01            nan  -4.098675e+00  -4.110234e+00   4.056664e-06   2.300528e+07   2.066992e-01  -2.188497e+00  -2.204967e+00   3.650997e-05   2.779075e+02   3.524879e-01
    25  -3.717777e+00  -3.735944e+00   4.146373e-05   1.443416e+07   2.065114e-01            nan  -4.075122e+00  -4.086739e+00   4.732872e-06   2.270022e+07   2.066883e-01  -2.154986e+00  -2.171418e+00   4.259585e-05   2.577326e+02   3.502557e-01
    26  -3.680648e+00  -3.698816e+00   5.048298e-05   1.319170e+07   2.064583e-01            nan  -4.051434e+00  -4.063117e+00   5.521683e-06   2.236610e+07   2.066763e-01  -2.121544e+00  -2.137943e+00   4.969515e-05   2.390817e+02   3.479920e-01
    27  -3.643520e+00  -3.661687e+00   6.104106e-05   1.193007e+07   2.064034e-01            nan  -4.027597e+00  -4.039352e+00   6.441814e-06   2.200059e+07   2.066631e-01  -2.088169e+00  -2.104536e+00   5.797633e-05   2.218542e+02   3.456515e-01
    28  -3.606391e+00  -3.624559e+00   7.326458e-05   1.067434e+07   2.063471e-01            nan  -4.003592e+00  -4.015429e+00   7.515084e-06   2.160132e+07   2.066487e-01  -2.054857e+00  -2.071194e+00   6.763576e-05   2.059225e+02   3.432284e-01
    29  -3.569263e+00  -3.587431e+00   8.725213e-05   9.444977e+06   2.062902e-01            nan  -3.979400e+00  -3.991328e+00   8.766923e-06   2.116584e+07   2.066328e-01  -2.021603e+00  -2.037911e+00   7.890231e-05   1.911920e+02   3.406944e-01
    30  -3.532135e+00  -3.550302e+00   1.030401e-04   8.262165e+06   2.062334e-01            nan  -3.954997e+00  -3.967027e+00   1.022697e-05   2.069173e+07   2.066153e-01  -1.988403e+00  -2.004686e+00   9.204273e-05   1.775497e+02   3.380589e-01
    31  -3.495006e+00  -3.513174e+00   1.206589e-04   7.140722e+06   2.061778e-01            nan  -3.930359e+00  -3.942503e+00   1.192976e-05   2.017657e+07   2.065962e-01  -1.955253e+00  -1.971512e+00   1.073678e-04   1.649083e+02   3.353123e-01
    32  -3.457878e+00  -3.476045e+00   1.401501e-04   6.104417e+06   2.061245e-01            nan  -3.905456e+00  -3.917729e+00   1.391553e-05   1.961807e+07   2.065753e-01  -1.922145e+00  -1.938384e+00   1.252398e-04   1.531695e+02   3.324794e-01
    33  -3.420749e+00  -3.438917e+00   1.614740e-04   5.164990e+06   2.060745e-01            nan  -3.880257e+00  -3.892674e+00   1.623115e-05   1.901408e+07   2.065525e-01  -1.889070e+00  -1.905293e+00   1.460803e-04   1.422566e+02   3.295672e-01
    34  -3.383621e+00  -3.401788e+00   1.844401e-04   4.324412e+06   2.060295e-01            nan  -3.854722e+00  -3.867302e+00   1.893121e-05   1.836276e+07   2.065275e-01  -1.856016e+00  -1.872229e+00   1.703808e-04   1.320882e+02   3.266096e-01
    35  -3.346492e+00  -3.364660e+00   2.090540e-04   3.587439e+06   2.059907e-01            nan  -3.828811e+00  -3.841573e+00   2.207926e-05   1.766260e+07   2.065003e-01  -1.822971e+00  -1.839179e+00   1.987134e-04   1.226002e+02   3.236253e-01
    36  -3.309364e+00  -3.327532e+00   2.352989e-04   2.953125e+06   2.059590e-01            nan  -3.802473e+00  -3.815442e+00   2.574932e-05   1.691265e+07   2.064707e-01  -1.789918e+00  -1.806130e+00   2.317439e-04   1.137309e+02   3.206454e-01
    37  -3.272236e+00  -3.290403e+00   2.632248e-04   2.415693e+06   2.059349e-01            nan  -3.775654e+00  -3.788857e+00   3.002750e-05   1.611259e+07   2.064385e-01  -1.756841e+00  -1.773065e+00   2.702475e-04   1.054296e+02   3.176929e-01
    38  -3.235107e+00  -3.253275e+00   2.925770e-04   1.966173e+06   2.059190e-01            nan  -3.748288e+00  -3.761756e+00   3.501400e-05   1.526298e+07   2.064035e-01  -1.723726e+00  -1.739968e+00   3.151260e-04   9.765508e+01   3.147808e-01
    39  -3.197979e+00  -3.216146e+00   3.228341e-04   1.590309e+06   2.059132e-01            nan  -3.720301e+00  -3.734069e+00   4.082538e-05   1.436542e+07   2.063656e-01  -1.690555e+00  -1.706824e+00   3.674284e-04   9.036939e+01   3.119284e-01
    40  -3.160850e+00  -3.179018e+00   3.549234e-04   1.283098e+06   2.059141e-01            nan  -3.691607e+00  -3.705717e+00   4.759714e-05   1.342274e+07   2.063247e-01  -1.657316e+00  -1.673618e+00   4.283742e-04   8.354877e+01   3.091175e-01
    41  -3.123722e+00  -3.141889e+00   3.879968e-04   1.033189e+06   2.059232e-01            nan  -3.662104e+00  -3.676605e+00   5.548679e-05   1.243931e+07   2.062804e-01  -1.623998e+00  -1.640338e+00   4.993811e-04   7.716487e+01   3.063596e-01
    42  -3.086594e+00  -3.104761e+00   4.223346e-04   8.304627e+05   2.059311e-01            nan  -3.631675e+00  -3.646623e+00   6.467734e-05   1.142116e+07   2.062328e-01  -1.590595e+00  -1.606976e+00   5.820960e-04   7.120371e+01   3.036090e-01
    43  -3.049465e+00  -3.067633e+00   4.584003e-04   6.675463e+05   2.059436e-01   4.995917e-01  -3.600182e+00  -3.615643e+00   7.538125e-05   1.037627e+07   2.061816e-01  -1.557102e+00  -1.573526e+00   6.784313e-04   6.564470e+01   3.008567e-01
    44  -3.012337e+00  -3.030504e+00   4.952659e-04   5.369991e+05   2.059290e-01   4.986631e-01  -3.567462e+00  -3.583514e+00   8.784517e-05   9.314628e+06   2.061267e-01  -1.523523e+00  -1.539988e+00   7.906065e-04   6.047377e+01   2.980555e-01
    45  -2.975208e+00  -2.993376e+00   5.343440e-04   4.323866e+05   2.058943e-01   4.972731e-01  -3.533323e+00  -3.550057e+00   1.023551e-04   8.248373e+06   2.060680e-01  -1.489860e+00  -1.506365e+00   9.211963e-04   5.567273e+01   2.951790e-01
    46  -2.938080e+00  -2.956247e+00   5.744113e-04   3.491730e+05   2.058088e-01   4.957216e-01  -3.497537e+00  -3.515062e+00   1.192428e-04   7.191677e+06   2.060056e-01  -1.456122e+00  -1.472663e+00   1.073185e-03   5.122320e+01   2.922012e-01
    47  -2.900951e+00  -2.919119e+00   6.168852e-04   2.823543e+05   2.057038e-01   4.938643e-01  -3.459837e+00  -3.478278e+00   1.388921e-04   6.160510e+06   2.059395e-01  -1.422318e+00  -1.438891e+00   1.250029e-03   4.710617e+01   2.890895e-01
    48  -2.863823e+00  -2.881991e+00   6.610999e-04   2.295004e+05   2.054897e-01   4.919719e-01  -3.419903e+00  -3.439411e+00   1.617478e-04   5.172151e+06   2.058699e-01  -1.388456e+00  -1.405057e+00   1.455730e-03   4.329937e+01   2.858499e-01
    49  -2.826695e+00  -2.844862e+00   7.078154e-04   1.866371e+05   2.052754e-01   4.896582e-01  -3.377363e+00  -3.398112e+00   1.883238e-04   4.244400e+06   2.057973e-01  -1.354546e+00  -1.371170e+00   1.694914e-03   3.978282e+01   2.824578e-01
    50  -2.789566e+00  -2.807734e+00   7.572657e-04   1.529600e+05   2.048438e-01   4.876275e-01  -3.331784e+00  -3.353976e+00   2.192140e-04   3.394474e+06   2.057221e-01  -1.320594e+00  -1.337238e+00   1.972926e-03   3.653433e+01   2.789275e-01
    51  -2.752438e+00  -2.770605e+00   8.095704e-04   1.253714e+05   2.044275e-01   4.851247e-01  -3.282676e+00  -3.306536e+00   2.551039e-04   2.637602e+06   2.056450e-01  -1.286606e+00  -1.303268e+00   2.295935e-03   3.353321e+01   2.752606e-01
    52  -2.715309e+00  -2.733477e+00   8.654863e-04   1.035247e+05   2.037443e-01   4.831494e-01  -3.229504e+00  -3.255276e+00   2.967831e-04   1.985407e+06   2.055662e-01  -1.252585e+00  -1.269262e+00   2.671048e-03   3.075967e+01   2.714640e-01
    53  -2.678181e+00  -2.696348e+00   9.252102e-04   8.561019e+04   2.030267e-01   4.809327e-01  -3.171729e+00  -3.199656e+00   3.451610e-04   1.444314e+06   2.054841e-01  -1.218528e+00  -1.235223e+00   3.106449e-03   2.819289e+01   2.675758e-01
    54  -2.641052e+00  -2.659220e+00   9.891437e-04   7.115614e+04   2.020898e-01   4.792071e-01  -3.108885e+00  -3.139171e+00   4.012824e-04   1.014304e+06   2.053918e-01  -1.184433e+00  -1.201146e+00   3.611542e-03   2.581643e+01   2.635986e-01
    55  -2.603924e+00  -2.622092e+00   1.058545e-03   5.933241e+04   2.010266e-01   4.776862e-01  -3.040710e+00  -3.073461e+00   4.663463e-04   6.884651e+05   2.052692e-01  -1.150290e+00  -1.167026e+00   4.197117e-03   2.361262e+01   2.595773e-01
    56  -2.566796e+00  -2.584963e+00   1.132878e-03   4.961248e+04   1.998352e-01   4.765365e-01  -2.967318e+00  -3.002465e+00   5.417261e-04   4.537228e+05   2.050690e-01  -1.116088e+00  -1.132852e+00   4.875535e-03   2.156706e+01   2.555343e-01
    57  -2.529667e+00  -2.547835e+00   1.214322e-03   4.164745e+04   1.984568e-01   4.760076e-01  -2.889376e+00  -2.926601e+00   6.289911e-04   2.928607e+05   2.046962e-01  -1.081815e+00  -1.098613e+00   5.660920e-03   1.966774e+01   2.514811e-01
    58  -2.492539e+00  -2.510706e+00   1.302014e-03   3.500683e+04   1.970367e-01   4.757647e-01  -2.808155e+00  -2.846870e+00   7.299314e-04   1.874130e+05   2.039924e-01  -1.047453e+00  -1.064294e+00   6.569382e-03   1.790186e+01   2.474700e-01
    59  -2.455410e+00  -2.473578e+00   1.398320e-03   2.952308e+04   1.954533e-01   4.763039e-01  -2.725362e+00  -2.764789e+00   8.465830e-04   1.205179e+05   2.027520e-01  -1.012987e+00  -1.029878e+00   7.619247e-03   1.626142e+01   2.434961e-01
    60  -2.418282e+00  -2.436450e+00   1.502654e-03   2.491244e+04   1.938845e-01   4.770981e-01  -2.642755e+00  -2.682097e+00   9.812558e-04   7.876748e+04   2.007920e-01  -9.784016e-01  -9.953501e-01   8.831303e-03   1.473896e+01   2.395618e-01
    61  -2.381154e+00  -2.399321e+00   1.617300e-03   2.106241e+04   1.922586e-01   4.784585e-01  -2.561751e+00  -2.600367e+00   1.136562e-03   5.267105e+04   1.980538e-01  -9.436831e-01  -9.606955e-01   1.022906e-02   1.332721e+01   2.356861e-01
    62  -2.344025e+00  -2.362193e+00   1.741919e-03   1.781137e+04   1.906834e-01   4.800258e-01  -2.483202e+00  -2.520703e+00   1.315444e-03   3.608487e+04   1.946630e-01  -9.088212e-01  -9.259024e-01   1.183900e-02   1.202131e+01   2.318449e-01
    63  -2.306897e+00  -2.325064e+00   1.878884e-03   1.506931e+04   1.891835e-01   4.817006e-01  -2.407406e+00  -2.443652e+00   1.521208e-03   2.526206e+04   1.909008e-01  -8.738102e-01  -8.909630e-01   1.369088e-02   1.081637e+01   2.280192e-01
    64  -2.269768e+00  -2.287936e+00   2.027819e-03   1.274886e+04   1.877707e-01   4.834081e-01  -2.334255e+00  -2.369292e+00   1.757548e-03   1.798804e+04   1.871096e-01  -8.386462e-01  -8.558724e-01   1.581793e-02   9.706941e+00   2.242145e-01
    65  -2.232640e+00  -2.250807e+00   2.191490e-03   1.078100e+04   1.865242e-01   4.847697e-01  -2.263418e+00  -2.297394e+00   2.028572e-03   1.296340e+04   1.835931e-01  -8.033296e-01  -8.206290e-01   1.825715e-02   8.688475e+00   2.204072e-01
    66  -2.195511e+00  -2.213679e+00   2.369263e-03   9.114092e+03   1.854040e-01   4.858665e-01  -2.194492e+00  -2.227589e+00   2.338830e-03   9.416499e+03   1.805440e-01  -7.678640e-01  -7.852349e-01   2.104947e-02   7.756149e+00   2.165786e-01
    67  -2.158383e+00  -2.176551e+00   2.564499e-03   7.700091e+03   1.844628e-01   4.863759e-01  -2.127109e+00  -2.159495e+00   2.693323e-03   6.875937e+03   1.780088e-01  -7.322546e-01  -7.496944e-01   2.423991e-02   6.904841e+00   2.127341e-01
    68  -2.121255e+00  -2.139422e+00   2.776644e-03   6.502645e+03   1.836654e-01   4.863626e-01  -2.061004e+00  -2.092800e+00   3.097518e-03   5.041335e+03   1.758870e-01  -6.965084e-01  -7.140138e-01   2.787766e-02   6.129560e+00   2.088697e-01
    69  -2.084126e+00  -2.102294e+00   3.008741e-03   5.489788e+03   1.829951e-01   4.857619e-01  -1.996029e+00  -2.027302e+00   3.557342e-03   3.711381e+03   1.739738e-01  -6.606343e-01  -6.782010e-01   3.201608e-02   5.425521e+00   2.049754e-01
    70  -2.046998e+00  -2.065165e+00   3.261475e-03   4.633400e+03   1.824304e-01   4.846205e-01  -1.932127e+00  -1.962904e+00   4.079169e-03   2.744820e+03   1.720369e-01  -6.246433e-01  -6.422661e-01   3.671252e-02   4.788043e+00   2.010425e-01
    71  -2.009869e+00  -2.028037e+00   3.537306e-03   3.911181e+03   1.819291e-01   4.830507e-01  -1.869289e+00  -1.899573e+00   4.669785e-03   2.039803e+03   1.698982e-01  -5.885473e-01  -6.062204e-01   4.202806e-02   4.212440e+00   1.970823e-01
    72  -1.972741e+00  -1.990908e+00   3.838284e-03   3.301800e+03   1.814310e-01   4.813223e-01  -1.807497e+00  -1.837295e+00   5.336336e-03   1.522534e+03   1.674819e-01  -5.523598e-01  -5.700767e-01   4.802703e-02   3.694300e+00   1.930881e-01
    73  -1.935612e+00  -1.953780e+00   4.166465e-03   2.788426e+03   1.809403e-01   4.794177e-01  -1.746688e+00  -1.776029e+00   6.086254e-03   1.140042e+03   1.648212e-01  -5.160964e-01  -5.338497e-01   5.477629e-02   3.229400e+00   1.890518e-01
    74  -1.898484e+00  -1.916652e+00   4.525256e-03   2.355730e+03   1.803882e-01   4.776959e-01  -1.686748e+00  -1.715684e+00   6.927149e-03   8.547944e+02   1.620336e-01  -4.797750e-01  -4.975561e-01   6.234434e-02   2.813679e+00   1.849649e-01
    75  -1.861356e+00  -1.879523e+00   4.916669e-03   1.990770e+03   1.797824e-01   4.762094e-01  -1.627514e+00  -1.656122e+00   7.866679e-03   6.404605e+02   1.592816e-01  -4.434151e-01  -4.612146e-01   7.080011e-02   2.443199e+00   1.808333e-01
    76  -1.824227e+00  -1.842395e+00   5.344551e-03   1.682933e+03   1.791430e-01   4.749576e-01  -1.568805e+00  -1.597168e+00   8.912390e-03   4.786257e+02   1.567247e-01  -4.070381e-01  -4.248458e-01   8.021151e-02   2.114216e+00   1.766518e-01
    77  -1.787099e+00  -1.805266e+00   5.811780e-03   1.422333e+03   1.784138e-01   4.743515e-01  -1.510456e+00  -1.538651e+00   1.007152e-02   3.563197e+02   1.544715e-01  -3.706680e-01  -3.884724e-01   9.064369e-02   1.823190e+00   1.724130e-01
    78  -1.749970e+00  -1.768138e+00   6.322206e-03   1.202147e+03   1.777031e-01   4.739856e-01  -1.452364e+00  -1.480439e+00   1.135078e-02   2.642067e+02   1.525374e-01  -3.343313e-01  -3.521197e-01   1.021570e-01   1.566753e+00   1.681091e-01
    79  -1.712842e+00  -1.731010e+00   6.879075e-03   1.015278e+03   1.769853e-01   4.741275e-01  -1.394519e+00  -1.422479e+00   1.275612e-02   1.953166e+02   1.508282e-01  -2.980570e-01  -3.158155e-01   1.148050e-01   1.341695e+00   1.637408e-01
    80  -1.675714e+00  -1.693881e+00   7.486717e-03   8.567238e+02   1.763470e-01   4.744391e-01  -1.337017e+00  -1.364817e+00   1.429243e-02   1.442230e+02   1.491695e-01  -2.618756e-01  -2.795896e-01   1.286319e-01   1.144963e+00   1.593093e-01
    81  -1.638585e+00  -1.656753e+00   8.148822e-03   7.226728e+02   1.757905e-01   4.748811e-01  -1.280027e+00  -1.307588e+00   1.596333e-02   1.065875e+02   1.473774e-01  -2.258205e-01  -2.434740e-01   1.436700e-01   9.737163e-01   1.548101e-01
    82  -1.601457e+00  -1.619624e+00   8.868531e-03   6.081941e+02   1.754309e-01   4.750108e-01  -1.223740e+00  -1.250973e+00   1.777087e-02   7.895543e+01   1.453302e-01  -1.899269e-01  -2.075030e-01   1.599378e-01   8.252895e-01   1.502399e-01
    83  -1.564328e+00  -1.582496e+00   9.652764e-03   5.115826e+02   1.752298e-01   4.748024e-01  -1.168316e+00  -1.195144e+00   1.971527e-02   5.865452e+01   1.429918e-01  -1.542320e-01  -1.717128e-01   1.774374e-01   6.971804e-01   1.456045e-01
    84  -1.527200e+00  -1.545367e+00   1.050174e-02   4.298697e+02   1.752225e-01   4.740034e-01  -1.113856e+00  -1.140233e+00   2.179475e-02   4.368792e+01   1.403900e-01  -1.187736e-01  -1.361410e-01   1.961527e-01   5.870649e-01   1.409108e-01
    85  -1.490071e+00  -1.508239e+00   1.142341e-02   3.607037e+02   1.754577e-01   4.722629e-01  -1.060399e+00  -1.086305e+00   2.400535e-02   3.259930e+01   1.375887e-01  -8.359086e-02  -1.008261e-01   2.160481e-01   4.928162e-01   1.361614e-01
    86  -1.452943e+00  -1.471111e+00   1.242594e-02   3.026936e+02   1.758270e-01   4.698528e-01  -1.007924e+00  -1.033370e+00   2.634082e-02   2.433994e+01   1.346751e-01  -4.872343e-02  -6.580732e-02   2.370673e-01   4.124804e-01   1.313633e-01
    87  -1.415815e+00  -1.433982e+00   1.350671e-02   2.539197e+02   1.763554e-01   4.665125e-01  -9.563620e-01  -9.813784e-01   2.879262e-02   1.815822e+01   1.317438e-01  -1.420955e-02  -3.112373e-02   2.591336e-01   3.442625e-01   1.265352e-01
    88  -1.378686e+00  -1.396854e+00   1.468280e-02   2.131111e+02   1.769484e-01   4.626363e-01  -9.056079e-01  -9.302440e-01   3.134998e-02   1.351569e+01   1.288857e-01   1.991282e-02   3.186669e-03   2.821498e-01   2.865631e-01   1.216856e-01
    89  -1.341558e+00  -1.359725e+00   1.596097e-02   1.790507e+02   1.775619e-01   4.582572e-01  -8.555413e-01  -8.798535e-01   3.400006e-02   1.002436e+01   1.261684e-01   5.360739e-02   3.708679e-02   3.060005e-01   2.379388e-01   1.168298e-01
    90  -1.304429e+00  -1.322597e+00   1.734566e-02   1.505940e+02   1.781218e-01   4.537866e-01  -8.060449e-01  -8.300883e-01   3.672816e-02   7.401794e+00   1.236255e-01   8.684091e-02   7.054196e-02   3.305535e-01   1.970997e-01   1.119888e-01
    91  -1.267301e+00  -1.285469e+00   1.885702e-02   1.268474e+02   1.785867e-01   4.493397e-01  -7.570177e-01  -7.808398e-01   3.951809e-02   5.438269e+00   1.212496e-01   1.195820e-01   1.035199e-01   3.556628e-01   1.629169e-01   1.071753e-01
    92  -1.230173e+00  -1.248340e+00   2.050449e-02   1.070122e+02   1.789618e-01   4.448685e-01  -7.083854e-01  -7.320212e-01   4.235249e-02   3.975434e+00   1.190059e-01   1.518041e-01   1.359919e-01   3.811724e-01   1.343873e-01   1.024142e-01
    93  -1.193044e+00  -1.211212e+00   2.229946e-02   9.038935e+01   1.791621e-01   4.410286e-01  -6.600954e-01  -6.835696e-01   4.521329e-02   2.891508e+00   1.168479e-01   1.834835e-01   1.679326e-01   4.069196e-01   1.106472e-01   9.772009e-02
    94  -1.155916e+00  -1.174083e+00   2.426505e-02   7.644032e+01   1.792486e-01   4.374902e-01  -6.121054e-01  -6.354379e-01   4.808216e-02   2.092467e+00   1.147382e-01   2.146011e-01   1.993210e-01   4.327394e-01   9.094284e-02   9.311346e-02
    95  -1.118787e+00  -1.136955e+00   2.641596e-02   6.472030e+01   1.792282e-01   4.342816e-01  -5.643738e-01  -5.875841e-01   5.094094e-02   1.506304e+00   1.126590e-01   2.451421e-01   2.301400e-01   4.584685e-01   7.462869e-02   8.861030e-02
    96  -1.081659e+00  -1.099826e+00   2.876528e-02   5.481446e+01   1.790851e-01   4.318073e-01  -5.168466e-01  -5.399604e-01   5.377208e-02   1.078167e+00   1.106055e-01   2.750958e-01   2.603771e-01   4.839488e-01   6.115149e-02   8.422639e-02
    97  -1.044530e+00  -1.062698e+00   3.134137e-02   4.643900e+01   1.788819e-01   4.297896e-01  -4.694514e-01  -4.925028e-01   5.655903e-02   7.668074e-01   1.085811e-01   3.044561e-01   2.900240e-01   5.090312e-01   5.004057e-02   7.997565e-02
    98  -1.007402e+00  -1.025570e+00   3.416764e-02   3.935638e+01   1.786255e-01   4.281231e-01  -4.220996e-01  -4.451304e-01   5.928652e-02   5.415072e-01   1.065938e-01   3.332208e-01   3.190765e-01   5.335787e-01   4.089794e-02   7.586895e-02
    99  -9.702736e-01  -9.884411e-01   3.724985e-02   3.334158e+01   1.783451e-01   4.268296e-01  -3.746815e-01  -3.977437e-01   6.194091e-02   3.793469e-01   1.046502e-01   3.613919e-01   3.475347e-01   5.574682e-01   3.338748e-02   7.191635e-02
   100  -9.331452e-01  -9.513127e-01   4.062662e-02   2.822590e+01   1.780840e-01   4.256717e-01  -3.270630e-01  -3.502199e-01   6.451030e-02   2.633297e-01   1.027585e-01   3.889747e-01   3.754022e-01   5.805927e-01   2.722778e-02   6.812385e-02
   101  -8.960167e-01  -9.141843e-01   4.432642e-02   2.389079e+01   1.778142e-01   4.244070e-01  -2.790897e-01  -3.024143e-01   6.698469e-02   1.809237e-01   1.009291e-01   4.159781e-01   4.026863e-01   6.028622e-01   2.218275e-02   6.449725e-02
   102  -8.588883e-01  -8.770559e-01   4.837224e-02   2.021716e+01   1.775247e-01   4.229172e-01  -2.305853e-01  -2.541607e-01   6.935597e-02   1.228768e-01   9.917141e-02   4.424138e-01   4.293971e-01   6.242038e-01   1.805637e-02   6.103804e-02
   103  -8.217599e-01  -8.399275e-01   5.277972e-02   1.709138e+01   1.772546e-01   4.209584e-01  -1.813458e-01  -2.052681e-01   7.161799e-02   8.237044e-02   9.749886e-02   4.682962e-01   4.555478e-01   6.445619e-01   1.468501e-02   5.774828e-02
   104  -7.846315e-01  -8.027990e-01   5.760137e-02   1.444515e+01   1.769310e-01   4.184864e-01  -1.311513e-01  -1.555238e-01   7.376638e-02   5.442693e-02   9.592655e-02   4.936416e-01   4.811538e-01   6.638974e-01   1.193379e-02   5.462560e-02
   105  -7.475031e-01  -7.656706e-01   6.287571e-02   1.220907e+01   1.765058e-01   4.155298e-01  -7.977326e-02  -1.047030e-01   7.579851e-02   3.540525e-02   9.446461e-02   5.184690e-01   5.062327e-01   6.821866e-01   9.690561e-03   5.166911e-02
   106  -7.103746e-01  -7.285422e-01   6.863852e-02   1.031973e+01   1.759510e-01   4.121174e-01  -2.698786e-02  -5.257909e-02   7.771330e-02   2.265323e-02   9.312147e-02   5.427982e-01   5.308039e-01   6.994197e-01   7.863392e-03   4.887379e-02
   107  -6.732462e-01  -6.914138e-01   7.491105e-02   8.719773e+00   1.752569e-01   4.082811e-01   2.736134e-02   1.036372e-03   7.951106e-02   1.426319e-02   9.186785e-02   5.666507e-01   5.548882e-01   7.155996e-01   6.376185e-03   4.623623e-02
   108  -6.361178e-01  -6.542854e-01   8.176949e-02   7.367451e+00   1.743717e-01   4.041052e-01   8.331103e-02   5.623656e-02   8.119333e-02   8.854671e-03   9.063618e-02   5.900490e-01   5.785074e-01   7.307399e-01   5.166711e-03   4.375022e-02
   109  -5.989894e-01  -6.171569e-01   8.926711e-02   6.224915e+00   1.732717e-01   3.996200e-01   1.406628e-01   1.129330e-01   8.276263e-02   5.446859e-03   8.926294e-02   6.130164e-01   6.016845e-01   7.448636e-01   4.183774e-03   4.141014e-02
   110  -5.618610e-01  -5.800285e-01   9.746051e-02   5.258722e+00   1.719463e-01   3.948201e-01   1.988624e-01   1.707368e-01   8.422234e-02   3.349070e-03   8.746435e-02   6.355766e-01   6.244430e-01   7.580011e-01   3.385498e-03   3.920954e-02
   111  -5.247325e-01  -5.429001e-01   1.063792e-01   4.440405e+00   1.703907e-01   3.896670e-01   2.569927e-01   2.288994e-01   8.557652e-02   2.081426e-03   8.489813e-02   6.577538e-01   6.468067e-01   7.701887e-01   2.737642e-03   3.714137e-02
   112  -4.876041e-01  -5.057717e-01   1.161042e-01   3.746295e+00   1.686048e-01   3.840823e-01   3.139319e-01   2.863948e-01   8.682971e-02   1.321924e-03   8.131851e-02   6.795722e-01   6.688000e-01   7.814674e-01   2.212175e-03   3.519928e-02
   113  -4.504757e-01  -4.686433e-01   1.267095e-01   3.158301e+00   1.665721e-01   3.779857e-01   3.686608e-01   3.421579e-01   8.798682e-02   8.639157e-04   7.675400e-02   7.010562e-01   6.904470e-01   7.918814e-01   1.786273e-03   3.337595e-02
   114  -4.133473e-01  -4.315148e-01   1.382616e-01   2.659904e+00   1.642923e-01   3.713009e-01   4.205146e-01   3.953612e-01   8.905301e-02   5.817739e-04   7.151130e-02   7.222297e-01   7.117720e-01   8.014771e-01   1.441288e-03   3.166467e-02
   115  -3.762189e-01  -3.943864e-01   1.508209e-01   2.237313e+00   1.617632e-01   3.639247e-01   4.692344e-01   4.455573e-01   9.003354e-02   4.025968e-04   6.600154e-02   7.431167e-01   7.327987e-01   8.103019e-01   1.162031e-03   3.005873e-02
   116  -3.390904e-01  -3.572580e-01   1.644210e-01   1.878642e+00   1.589939e-01   3.556988e-01   5.148663e-01   4.926494e-01   9.093373e-02   2.850374e-04   6.057152e-02   7.637403e-01   7.535509e-01   8.184036e-01   9.361418e-04   2.855133e-02
   117  -3.019620e-01  -3.201296e-01   1.791648e-01   1.574570e+00   1.559809e-01   3.464909e-01   5.576231e-01   5.367706e-01   9.175884e-02   2.055783e-04   5.544042e-02   7.841235e-01   7.740515e-01   8.258295e-01   7.535455e-04   2.713627e-02
   118  -2.648336e-01  -2.830012e-01   1.951146e-01   1.317033e+00   1.527256e-01   3.362064e-01   5.977846e-01   5.781679e-01   9.251402e-02   1.504952e-04   5.071166e-02   8.042885e-01   7.943230e-01   8.326262e-01   6.060557e-04   2.580737e-02
   119  -2.277052e-01  -2.458727e-01   2.123283e-01   1.099073e+00   1.492316e-01   3.247041e-01   6.356425e-01   6.171260e-01   9.320429e-02   1.114979e-04   4.641673e-02   8.242566e-01   8.143873e-01   8.388386e-01   4.870163e-04   2.455866e-02
   120  -1.905768e-01  -2.087443e-01   2.308159e-01   9.147596e-01   1.455057e-01   3.117788e-01   6.714737e-01   6.539275e-01   9.383445e-02   8.340520e-05   4.254785e-02   8.440486e-01   8.342654e-01   8.445100e-01   3.910150e-04   2.338463e-02
   121  -1.534483e-01  -1.716159e-01   2.506353e-01   7.590882e-01   1.415612e-01   2.971683e-01   7.055225e-01   6.888317e-01   9.440910e-02   6.289203e-05   3.907470e-02   8.636843e-01   8.539774e-01   8.496819e-01   3.136580e-04   2.228002e-02
   122  -1.163199e-01  -1.344875e-01   2.718261e-01   6.278268e-01   1.373932e-01   2.808178e-01   7.380057e-01   7.220677e-01   9.493262e-02   4.773626e-05   3.596074e-02   8.831826e-01   8.735429e-01   8.543935e-01   2.513788e-04   2.123977e-02
   123  -7.919151e-02  -9.735907e-02   2.944132e-01   5.174564e-01   1.330184e-01   2.626293e-01   7.691122e-01   7.538374e-01   9.540910e-02   3.643076e-05   3.316861e-02   9.025613e-01   8.929800e-01   8.586819e-01   2.012830e-04   2.025921e-02
   124  -4.206309e-02  -6.023065e-02   3.183356e-01   4.248511e-01   1.284536e-01   2.423287e-01   7.990051e-01   7.843158e-01   9.584241e-02   2.793019e-05   3.066115e-02   9.218376e-01   9.123064e-01   8.625817e-01   1.610237e-04   1.933404e-02
   125  -4.934669e-03  -2.310223e-02   3.436349e-01   3.473758e-01   1.237179e-01   2.199610e-01   8.278272e-01   8.136552e-01   9.623618e-02   2.149462e-05   2.840609e-02   9.410274e-01   9.315385e-01   8.661256e-01   1.286997e-04   1.846015e-02
   126   3.219375e-02   1.402619e-02   3.702746e-01   2.827714e-01   1.188248e-01   1.956616e-01   8.557025e-01   8.419885e-01   9.659376e-02   1.659471e-05   2.637323e-02   9.601457e-01   9.506918e-01   8.693438e-01   1.027714e-04   1.763374e-02
   127   6.932217e-02   5.115461e-02   3.981440e-01   2.290771e-01   1.137990e-01   1.693916e-01   8.827393e-01   8.694313e-01   9.691827e-02   1.284602e-05   2.453659e-02   9.792065e-01   9.697807e-01   8.722644e-01   8.199315e-05   1.685136e-02
   128   1.064506e-01   8.828303e-02   4.271938e-01   1.846320e-01   1.086619e-01   1.417737e-01   9.090337e-01   8.960855e-01   9.721261e-02   9.965917e-06   2.287332e-02   9.982228e-01   9.888187e-01   8.749135e-01   6.535771e-05   1.610983e-02
   129   1.435790e-01   1.254114e-01   4.573270e-01   1.479910e-01   1.034424e-01   1.129911e-01   9.346690e-01   9.220405e-01   9.747945e-02   7.745900e-06   2.136286e-02   1.017207e+00   1.007818e+00   8.773151e-01   5.205182e-05   1.540617e-02
   130   1.807074e-01   1.625399e-01   4.883597e-01   1.179269e-01   9.816924e-02   8.361202e-02   9.597200e-01   9.473751e-01   9.772124e-02   6.029482e-06   1.998794e-02   1.036169e+00   1.026791e+00   8.794912e-01   4.141916e-05   1.473770e-02
   131   2.178358e-01   1.996683e-01   5.200566e-01   9.338391e-02   9.286661e-02   5.542958e-02   9.842527e-01   9.721595e-01   9.794025e-02   4.699137e-06   1.873307e-02   1.055121e+00   1.045748e+00   8.814623e-01   3.293060e-05   1.410195e-02
   132   2.549643e-01   2.367967e-01   5.522013e-01   7.338272e-02   8.753996e-02   2.708139e-02   1.008326e+00   9.964559e-01   9.813854e-02   3.666034e-06   1.758462e-02   1.074070e+00   1.064699e+00   8.832469e-01   2.616001e-05   1.349670e-02
   133   2.920927e-01   2.739251e-01   5.846614e-01   5.725572e-02   8.225210e-02   1.533954e-03   1.031991e+00   1.020319e+00   9.831802e-02   2.862349e-06   1.653100e-02   1.093027e+00   1.083652e+00   8.848622e-01   2.076461e-05   1.291991e-02
   134   3.292211e-01   3.110535e-01   6.172473e-01   4.433651e-02   7.703795e-02  -2.110911e-02   1.055295e+00   1.043799e+00   9.848042e-02   2.236251e-06   1.556189e-02   1.111998e+00   1.102616e+00   8.863237e-01   1.646894e-05   1.236972e-02
   135   3.663495e-01   3.481820e-01   6.494932e-01   3.405579e-02   7.193059e-02  -4.209024e-02   1.078281e+00   1.066940e+00   9.862732e-02   1.747951e-06   1.466821e-02   1.130990e+00   1.121598e+00   8.876458e-01   1.305181e-05   1.184445e-02
   136   4.034779e-01   3.853104e-01   6.811505e-01   2.590201e-02   6.692156e-02  -5.897721e-02   1.100984e+00   1.089781e+00   9.876016e-02   1.366786e-06   1.384205e-02   1.150010e+00   1.140604e+00   8.888415e-01   1.033589e-05   1.134256e-02
   137   4.406064e-01   4.224388e-01   7.121769e-01   1.952789e-02   6.208121e-02  -7.267376e-02   1.123439e+00   1.112357e+00   9.888027e-02   1.069025e-06   1.307654e-02   1.169064e+00   1.159642e+00   8.899225e-01   8.179086e-06   1.086267e-02
   138   4.777348e-01   4.595672e-01   7.418963e-01   1.457779e-02   5.742324e-02  -8.423136e-02   1.145676e+00   1.134700e+00   9.898885e-02   8.362836e-07   1.236560e-02   1.188157e+00   1.178715e+00   8.908996e-01   6.467691e-06   1.040352e-02
   139   5.148632e-01   4.966956e-01   7.704330e-01   1.076571e-02   5.296184e-02  -9.354963e-02   1.167720e+00   1.156838e+00   9.908698e-02   6.542837e-07   1.170387e-02   1.207292e+00   1.197830e+00   8.917828e-01   5.110807e-06   9.963953e-03
   140   5.519916e-01   5.338241e-01   7.972618e-01   7.869474e-03   4.872812e-02  -1.002210e-01   1.189597e+00   1.178796e+00   9.917565e-02   5.119169e-07   1.108664e-02   1.226475e+00   1.216989e+00   8.925808e-01   4.035834e-06   9.542919e-03
   141   5.891200e-01   5.709525e-01   8.224833e-01   5.685179e-03   4.472547e-02  -1.049708e-01   1.211327e+00   1.200598e+00   9.925576e-02   4.005283e-07   1.050977e-02   1.245708e+00   1.236198e+00   8.933019e-01   3.184848e-06   9.139458e-03
   142   6.262485e-01   6.080809e-01   8.455737e-01   4.061627e-03   4.097373e-02  -1.082222e-01   1.232930e+00   1.222263e+00   9.932813e-02   3.133641e-07   9.969631e-03   1.264995e+00   1.255458e+00   8.939532e-01   2.511675e-06   8.752690e-03
   143   6.633769e-01   6.452093e-01   8.667715e-01   2.868836e-03   3.747690e-02  -1.101099e-01   1.254423e+00   1.243810e+00   9.939350e-02   2.451500e-07   9.462997e-03   1.284338e+00   1.274774e+00   8.945415e-01   1.979546e-06   8.381809e-03
   144   7.005053e-01   6.823377e-01   8.859369e-01   2.001541e-03   3.423480e-02  -1.107678e-01   1.275822e+00   1.265255e+00   9.945254e-02   1.917649e-07   8.987016e-03   1.303739e+00   1.294146e+00   8.950729e-01   1.559203e-06   8.026073e-03
   145   7.376337e-01   7.194662e-01   9.029026e-01   1.380841e-03   3.124844e-02  -1.102022e-01   1.297140e+00   1.286612e+00   9.950586e-02   1.499860e-07   8.539157e-03   1.323200e+00   1.313578e+00   8.955527e-01   1.227391e-06   7.684797e-03
   146   7.747621e-01   7.565946e-01   9.179015e-01   9.420307e-04   2.851022e-02  -1.084446e-01   1.318391e+00   1.307895e+00   9.955400e-02   1.172920e-07   8.117171e-03   1.342722e+00   1.333070e+00   8.959860e-01   9.656375e-07   7.357346e-03
   147   8.118906e-01   7.937230e-01   9.310041e-01   6.356563e-04   2.601033e-02  -1.055734e-01   1.339584e+00   1.329116e+00   9.959747e-02   9.170991e-08   7.719057e-03   1.362307e+00   1.352625e+00   8.963772e-01   7.592848e-07   7.043134e-03
   148   8.490190e-01   8.308514e-01   9.423241e-01   4.244116e-04   2.373682e-02  -1.017422e-01   1.360729e+00   1.350285e+00   9.963672e-02   7.169509e-08   7.343028e-03   1.381955e+00   1.372242e+00   8.967304e-01   5.967097e-07   6.741614e-03
   149   8.861474e-01   8.679798e-01   9.520046e-01   2.807286e-04   2.167429e-02  -9.703037e-02   1.381836e+00   1.371411e+00   9.967214e-02   5.603827e-08   6.987487e-03   1.401666e+00   1.391922e+00   8.970493e-01   4.687033e-07   6.452279e-03
   150   9.232758e-01   9.051083e-01   9.602076e-01   1.841093e-04   1.980563e-02  -9.157167e-02   1.402912e+00   1.392502e+00   9.970413e-02   4.379257e-08   6.651001e-03   1.421441e+00   1.411666e+00   8.973371e-01   3.679754e-07   6.174652e-03
   151   9.604042e-01   9.422367e-01   9.671107e-01   1.198458e-04   1.811381e-02  -8.554418e-02   1.423964e+00   1.413566e+00   9.973300e-02   3.421656e-08   6.332284e-03   1.441280e+00   1.431474e+00   8.975970e-01   2.887587e-07   5.908289e-03
   152   9.975327e-01   9.793651e-01   9.728668e-01   7.751296e-05   1.658150e-02  -7.916923e-02   1.444997e+00   1.434608e+00   9.975905e-02   2.672966e-08   6.030179e-03   1.461181e+00   1.451345e+00   8.978315e-01   2.264944e-07   5.652774e-03
   153   1.034661e+00   1.016494e+00   9.776545e-01   4.986626e-05   1.519232e-02  -7.260931e-02   1.466018e+00   1.455635e+00   9.978257e-02   2.087730e-08   5.743637e-03   1.481144e+00   1.471277e+00   8.980432e-01   1.775813e-07   5.407716e-03
   154   1.071790e+00   1.053622e+00   9.816177e-01   3.194145e-05   1.393104e-02  -6.610019e-02   1.487029e+00   1.476650e+00   9.980380e-02   1.630358e-08   5.471714e-03   1.501168e+00   1.491272e+00   8.982342e-01   1.391769e-07   5.172750e-03
   155   1.108918e+00   1.090750e+00   9.848889e-01   2.039149e-05   1.278392e-02  -5.971927e-02   1.508035e+00   1.497659e+00   9.982296e-02   1.272990e-08   5.213552e-03   1.521251e+00   1.511326e+00   8.984066e-01   1.090386e-07   4.947530e-03
   156   1.146046e+00   1.127879e+00   9.875827e-01   1.298470e-05   1.173881e-02  -5.369263e-02   1.529038e+00   1.518663e+00   9.984025e-02   9.938209e-09   4.968374e-03   1.541391e+00   1.531438e+00   8.985622e-01   8.539899e-08   4.731737e-03
   157   1.183175e+00   1.165007e+00   9.897942e-01   8.253594e-06   1.078496e-02  -4.802653e-02   1.550040e+00   1.539666e+00   9.985585e-02   7.757869e-09   4.735474e-03   1.561585e+00   1.551605e+00   8.987027e-01   6.686544e-08   4.525067e-03
   158   1.220303e+00   1.202136e+00   9.916098e-01   5.240262e-06   9.913017e-03  -4.276789e-02   1.571043e+00   1.560668e+00   9.986993e-02   6.055364e-09   4.514212e-03   1.581831e+00   1.571826e+00   8.988294e-01   5.234162e-08   4.327241e-03
   159   1.257432e+00   1.239264e+00   9.930995e-01   3.324886e-06   9.114884e-03  -3.799632e-02   1.592046e+00   1.581671e+00   9.988264e-02   4.726253e-09   4.304007e-03   1.602125e+00   1.592097e+00   8.989438e-01   4.096492e-08   4.137999e-03
   160   1.294560e+00   1.276392e+00   9.943209e-01   2.109158e-06   8.383415e-03  -3.367420e-02   1.613050e+00   1.602675e+00   9.989411e-02   3.688854e-09   4.104333e-03   1.622463e+00   1.612413e+00   8.990470e-01   3.205703e-08   3.957100e-03
   161   1.331688e+00   1.313521e+00   9.953224e-01   1.338141e-06   7.712377e-03  -2.977634e-02   1.634053e+00   1.623679e+00   9.990446e-02   2.879300e-09   3.914714e-03   1.642839e+00   1.632770e+00   8.991401e-01   2.508487e-08   3.784326e-03
   162   1.368817e+00   1.350649e+00   9.961445e-01   8.493427e-07   7.096321e-03  -2.628078e-02   1.655053e+00   1.644680e+00   9.991379e-02   2.247664e-09   3.734722e-03   1.663248e+00   1.653163e+00   8.992241e-01   1.962972e-08   3.619480e-03
   163   1.405945e+00   1.387778e+00   9.968199e-01   5.394328e-07   6.530415e-03  -2.319182e-02   1.676046e+00   1.665676e+00   9.992222e-02   1.754927e-09   3.563974e-03   1.683683e+00   1.673586e+00   8.993000e-01   1.536291e-08   3.462387e-03
   164   1.443074e+00   1.424906e+00   9.973748e-01   3.428814e-07   6.010365e-03  -2.044129e-02   1.697027e+00   1.686663e+00   9.992982e-02   1.370599e-09   3.402132e-03   1.704135e+00   1.694029e+00   8.993684e-01   1.202654e-08   3.312896e-03
   165   1.480202e+00   1.462035e+00   9.978301e-01   2.181517e-07   5.532375e-03  -1.799409e-02   1.717989e+00   1.707634e+00   9.993668e-02   1.070866e-09   3.248899e-03   1.724594e+00   1.714485e+00   8.994301e-01   9.418363e-09   3.170882e-03
   166   1.517331e+00   1.499163e+00   9.982036e-01   1.389393e-07   5.093069e-03  -1.581538e-02   1.738925e+00   1.728583e+00   9.994287e-02   8.371296e-10   3.104018e-03   1.745049e+00   1.734942e+00   8.994858e-01   7.379876e-09   3.036245e-03
   167   1.554459e+00   1.536291e+00   9.985119e-01   8.858865e-08   4.689443e-03  -1.388702e-02   1.759824e+00   1.749500e+00   9.994845e-02   6.548675e-10   2.967277e-03   1.765486e+00   1.755388e+00   8.995361e-01   5.786892e-09   2.908917e-03
   168   1.591587e+00   1.573420e+00   9.987668e-01   5.655229e-08   4.318811e-03  -1.216625e-02   1.780674e+00   1.770374e+00   9.995349e-02   5.127455e-10   2.838503e-03   1.785889e+00   1.775808e+00   8.995814e-01   4.542167e-09   2.788857e-03
   169   1.628716e+00   1.610548e+00   9.989774e-01   3.614833e-08   3.978840e-03  -1.060290e-02   1.801460e+00   1.791191e+00   9.995804e-02   4.019184e-10   2.717565e-03   1.806238e+00   1.796183e+00   8.996223e-01   3.569587e-09   2.676060e-03
   170   1.665844e+00   1.647677e+00   9.991519e-01   2.313816e-08   3.667496e-03  -9.147674e-03   1.822163e+00   1.811935e+00   9.996214e-02   3.154855e-10   2.604376e-03   1.826512e+00   1.816493e+00   8.996593e-01   2.809605e-09   2.570554e-03
   171   1.702973e+00   1.684805e+00   9.992962e-01   1.483221e-08   3.382989e-03  -7.776017e-03   1.842761e+00   1.832584e+00   9.996584e-02   2.480644e-10   2.498888e-03   1.846684e+00   1.836715e+00   8.996926e-01   2.215652e-09   2.472401e-03
   172   1.740101e+00   1.721934e+00   9.994155e-01   9.523204e-09   3.123854e-03  -6.467674e-03   1.863229e+00   1.853116e+00   9.996918e-02   1.954577e-10   2.401099e-03   1.866724e+00   1.856819e+00   8.997226e-01   1.751323e-09   2.381702e-03
   173   1.777229e+00   1.759062e+00   9.995148e-01   6.125588e-09   2.888914e-03  -5.139108e-03   1.883538e+00   1.873502e+00   9.997219e-02   1.543932e-10   2.311048e-03   1.886598e+00   1.876774e+00   8.997498e-01   1.388171e-09   2.298593e-03
   174   1.814358e+00   1.796190e+00   9.995977e-01   3.948413e-09   2.677349e-03  -3.716925e-03   1.903652e+00   1.893711e+00   9.997491e-02   1.223205e-10   2.228813e-03   1.906267e+00   1.896544e+00   8.997742e-01   1.103976e-09   2.223243e-03
   175   1.851486e+00   1.833319e+00   9.996670e-01   2.551771e-09   2.489266e-03  -1.939479e-03   1.923533e+00   1.913706e+00   9.997737e-02   9.725189e-11   2.154515e-03   1.925689e+00   1.916086e+00   8.997963e-01   8.813876e-10   2.155855e-03
   176   1.888615e+00   1.870447e+00   9.997251e-01   1.654265e-09   2.324597e-03   9.376937e-05   1.943139e+00   1.933447e+00   9.997958e-02   7.763752e-11   2.088342e-03   1.944815e+00   1.935357e+00   8.998162e-01   7.068602e-10   2.096659e-03
   177   1.925743e+00   1.907576e+00   9.997740e-01   1.076537e-09   2.184180e-03   2.619062e-03   1.962424e+00   1.952888e+00   9.998158e-02   6.226156e-11   2.030812e-03   1.963595e+00   1.954306e+00   8.998342e-01   5.698033e-10   2.045987e-03
   178   1.962872e+00   1.944704e+00   9.998151e-01   7.038885e-10   2.069891e-03   5.830020e-03   1.981361e+00   1.971996e+00   9.998338e-02   5.013338e-11   1.984381e-03   1.981986e+00   1.972888e+00   8.998504e-01   4.617568e-10   2.005083e-03
   179   2.000000e+00   1.981832e+00   9.998500e-01   4.616581e-10   1.991142e-03   8.196188e-03   2.000000e+00   1.990781e+00   9.998500e-02   4.036407e-11   1.958534e-03   2.000000e+00   1.991086e+00   8.998650e-01   3.750794e-10   1.981234e-03
