     i          log_r       log_rmid          m_tot        rho_tot         v2_tot            eta     lgr[heavy]    lgrm[heavy]       m[heavy]     rho[heavy]      v2[heavy]     lgr[light]    lgrm[light]       m[light]     rho[light]      v2[light]
     0  -4.113467e+00  -4.414497e+00   1.013326e-07   6.622365e+05   2.638189e-01            nan  -4.113467e+00  -4.414497e+00   9.998500e-08   6.568357e+05   2.616734e-01  -3.016637e+00  -3.317667e+00   8.998650e-07   3.028378e+03   5.159985e-01
     1  -4.079313e+00  -4.096055e+00   1.281668e-07   6.596183e+05   2.634749e-01            nan  -4.091068e+00  -4.102123e+00   1.166721e-07   6.551034e+05   2.616717e-01  -2.990608e+00  -3.003428e+00   1.050049e-06   2.565830e+03   5.135199e-01
     2  -4.045160e+00  -4.061901e+00   1.621125e-07   6.592343e+05   2.634416e-01            nan  -4.068672e+00  -4.079725e+00   1.361439e-07   6.549156e+05   2.616715e-01  -2.964696e+00  -2.977459e+00   1.225295e-06   2.513650e+03   5.132043e-01
     3  -4.011007e+00  -4.027748e+00   2.050520e-07   6.587996e+05   2.634089e-01            nan  -4.046276e+00  -4.057330e+00   1.588651e-07   6.547076e+05   2.616713e-01  -2.938835e+00  -2.951573e+00   1.429786e-06   2.457799e+03   5.128506e-01
     4  -3.976853e+00  -3.993594e+00   2.593641e-07   6.583086e+05   2.633770e-01            nan  -4.023881e+00  -4.034934e+00   1.853780e-07   6.544773e+05   2.616710e-01  -2.912969e+00  -2.925710e+00   1.668402e-06   2.398167e+03   5.124537e-01
     5  -3.942700e+00  -3.959441e+00   3.280533e-07   6.577464e+05   2.633457e-01            nan  -4.001486e+00  -4.012539e+00   2.163150e-07   6.542221e+05   2.616708e-01  -2.887044e+00  -2.899813e+00   1.946835e-06   2.334674e+03   5.120081e-01
     6  -3.908546e+00  -3.925287e+00   4.149174e-07   6.571087e+05   2.633151e-01            nan  -3.979090e+00  -3.990144e+00   2.524142e-07   6.539395e+05   2.616705e-01  -2.861012e+00  -2.873833e+00   2.271728e-06   2.267288e+03   5.115071e-01
     7  -3.874393e+00  -3.891134e+00   5.247479e-07   6.563714e+05   2.632851e-01            nan  -3.956692e+00  -3.967746e+00   2.945370e-07   6.536266e+05   2.616702e-01  -2.834826e+00  -2.847721e+00   2.650833e-06   2.196023e+03   5.109434e-01
     8  -3.840239e+00  -3.856980e+00   6.635981e-07   6.555333e+05   2.632558e-01            nan  -3.934291e+00  -3.945347e+00   3.436881e-07   6.532800e+05   2.616698e-01  -2.808442e+00  -2.821434e+00   3.093193e-06   2.120955e+03   5.103085e-01
     9  -3.806086e+00  -3.822827e+00   8.390990e-07   6.545565e+05   2.632272e-01            nan  -3.911887e+00  -3.922945e+00   4.010398e-07   6.528961e+05   2.616694e-01  -2.781820e+00  -2.794927e+00   3.609358e-06   2.042224e+03   5.095927e-01
    10  -3.771932e+00  -3.788673e+00   1.060879e-06   6.534454e+05   2.631993e-01            nan  -3.889480e+00  -3.900539e+00   4.679601e-07   6.524710e+05   2.616690e-01  -2.754917e+00  -2.768160e+00   4.211641e-06   1.960039e+03   5.087849e-01
    11  -3.737779e+00  -3.754520e+00   1.341066e-06   6.521424e+05   2.631721e-01            nan  -3.867067e+00  -3.878129e+00   5.460446e-07   6.520003e+05   2.616685e-01  -2.727694e+00  -2.741092e+00   4.914402e-06   1.874687e+03   5.078723e-01
    12  -3.703626e+00  -3.720367e+00   1.694930e-06   6.506577e+05   2.631455e-01            nan  -3.844649e+00  -3.855714e+00   6.371554e-07   6.514790e+05   2.616680e-01  -2.700111e+00  -2.713683e+00   5.734398e-06   1.786529e+03   5.068404e-01
    13  -3.669472e+00  -3.686213e+00   2.141697e-06   6.489154e+05   2.631197e-01            nan  -3.822225e+00  -3.833293e+00   7.434644e-07   6.509018e+05   2.616674e-01  -2.672130e+00  -2.685895e+00   6.691180e-06   1.696004e+03   5.056715e-01
    14  -3.635319e+00  -3.652060e+00   2.705490e-06   6.469240e+05   2.630945e-01            nan  -3.799794e+00  -3.810865e+00   8.675058e-07   6.502628e+05   2.616667e-01  -2.643716e+00  -2.657691e+00   7.807552e-06   1.603699e+03   5.043508e-01
    15  -3.601165e+00  -3.617906e+00   3.416667e-06   6.445910e+05   2.630702e-01            nan  -3.777354e+00  -3.788429e+00   1.012236e-06   6.495553e+05   2.616660e-01  -2.614832e+00  -2.629034e+00   9.110122e-06   1.510226e+03   5.028594e-01
    16  -3.567012e+00  -3.583753e+00   4.313138e-06   6.419183e+05   2.630465e-01            nan  -3.754906e+00  -3.765985e+00   1.181103e-06   6.487721e+05   2.616652e-01  -2.585448e+00  -2.599892e+00   1.062993e-05   1.416233e+03   5.011748e-01
    17  -3.532858e+00  -3.549599e+00   5.442588e-06   6.387943e+05   2.630236e-01            nan  -3.732446e+00  -3.743531e+00   1.378130e-06   6.479052e+05   2.616643e-01  -2.555533e+00  -2.570233e+00   1.240317e-05   1.322398e+03   4.992715e-01
    18  -3.498705e+00  -3.515446e+00   6.864170e-06   6.352130e+05   2.630015e-01            nan  -3.709976e+00  -3.721066e+00   1.608010e-06   6.469457e+05   2.616633e-01  -2.525060e+00  -2.540029e+00   1.447209e-05   1.229413e+03   4.971180e-01
    19  -3.464551e+00  -3.481292e+00   8.652244e-06   6.310385e+05   2.629802e-01            nan  -3.687492e+00  -3.698589e+00   1.876216e-06   6.458839e+05   2.616622e-01  -2.494009e+00  -2.509257e+00   1.688595e-05   1.138131e+03   4.947025e-01
    20  -3.430398e+00  -3.447139e+00   1.089823e-05   6.262587e+05   2.629597e-01            nan  -3.664994e+00  -3.676098e+00   2.189133e-06   6.447091e+05   2.616610e-01  -2.462366e+00  -2.477899e+00   1.970220e-05   1.049232e+03   4.919958e-01
    21  -3.396245e+00  -3.412986e+00   1.371690e-05   6.207045e+05   2.629402e-01            nan  -3.642480e+00  -3.653592e+00   2.554206e-06   6.434094e+05   2.616596e-01  -2.430120e+00  -2.445944e+00   2.298786e-05   9.633237e+02   4.889617e-01
    22  -3.362091e+00  -3.378832e+00   1.724782e-05   6.143673e+05   2.629216e-01            nan  -3.619949e+00  -3.631068e+00   2.980121e-06   6.419717e+05   2.616581e-01  -2.397272e+00  -2.413385e+00   2.682109e-05   8.810178e+02   4.855773e-01
    23  -3.327938e+00  -3.344679e+00   2.166554e-05   6.070275e+05   2.629040e-01            nan  -3.597397e+00  -3.608526e+00   3.477003e-06   6.403819e+05   2.616564e-01  -2.363828e+00  -2.380228e+00   3.129303e-05   8.028722e+02   4.818392e-01
    24  -3.293784e+00  -3.310525e+00   2.717983e-05   5.987077e+05   2.628874e-01            nan  -3.574823e+00  -3.585963e+00   4.056664e-06   6.386241e+05   2.616545e-01  -2.329803e+00  -2.346482e+00   3.650997e-05   7.292149e+02   4.777059e-01
    25  -3.259631e+00  -3.276372e+00   3.405047e-05   5.891044e+05   2.628720e-01            nan  -3.552225e+00  -3.563377e+00   4.732872e-06   6.366810e+05   2.616524e-01  -2.295222e+00  -2.312168e+00   4.259585e-05   6.603515e+02   4.731747e-01
    26  -3.225477e+00  -3.242218e+00   4.258721e-05   5.783325e+05   2.628577e-01            nan  -3.529600e+00  -3.540765e+00   5.521683e-06   6.345338e+05   2.616501e-01  -2.260118e+00  -2.277315e+00   4.969515e-05   5.964641e+02   4.682582e-01
    27  -3.191324e+00  -3.208065e+00   5.316383e-05   5.659395e+05   2.628448e-01            nan  -3.506944e+00  -3.518124e+00   6.441814e-06   6.321616e+05   2.616476e-01  -2.224528e+00  -2.241958e+00   5.797633e-05   5.375539e+02   4.629032e-01
    28  -3.157170e+00  -3.173911e+00   6.623036e-05   5.521619e+05   2.628333e-01            nan  -3.484255e+00  -3.495451e+00   7.515084e-06   6.295419e+05   2.616447e-01  -2.188499e+00  -2.206140e+00   6.763576e-05   4.836227e+02   4.572046e-01
    29  -3.123017e+00  -3.139758e+00   8.229505e-05   5.365578e+05   2.628234e-01            nan  -3.461528e+00  -3.472743e+00   8.766923e-06   6.266499e+05   2.616415e-01  -2.152081e+00  -2.169909e+00   7.890231e-05   4.345018e+02   4.511169e-01
    30  -3.088863e+00  -3.105605e+00   1.019991e-04   5.192866e+05   2.628152e-01            nan  -3.438760e+00  -3.449995e+00   1.022697e-05   6.234585e+05   2.616380e-01  -2.115328e+00  -2.133316e+00   9.204273e-05   3.899855e+02   4.447087e-01
    31  -3.054710e+00  -3.071451e+00   1.259930e-04   5.002130e+05   2.628090e-01            nan  -3.415946e+00  -3.427203e+00   1.192976e-05   6.199384e+05   2.616340e-01  -2.078294e+00  -2.096416e+00   1.073678e-04   3.498085e+02   4.379952e-01
    32  -3.020557e+00  -3.037298e+00   1.551126e-04   4.791569e+05   2.628050e-01            nan  -3.393080e+00  -3.404362e+00   1.391553e-05   6.160577e+05   2.616296e-01  -2.041031e+00  -2.059263e+00   1.252398e-04   3.136708e+02   4.310175e-01
    33  -2.986403e+00  -3.003144e+00   1.902643e-04   4.564828e+05   2.628035e-01   4.871127e-01  -3.370158e+00  -3.381468e+00   1.623115e-05   6.117820e+05   2.616247e-01  -2.003592e+00  -2.021908e+00   1.460803e-04   2.812493e+02   4.238368e-01
    34  -2.952250e+00  -2.968991e+00   2.322783e-04   4.319107e+05   2.627901e-01   4.866519e-01  -3.347172e+00  -3.358513e+00   1.893121e-05   6.070740e+05   2.616193e-01  -1.966024e+00  -1.984402e+00   1.703808e-04   2.522272e+02   4.164727e-01
    35  -2.918096e+00  -2.934837e+00   2.823075e-04   4.057156e+05   2.627738e-01   4.861225e-01  -3.324116e+00  -3.335491e+00   2.207926e-05   6.018936e+05   2.616132e-01  -1.928371e+00  -1.946790e+00   1.987134e-04   2.262723e+02   4.090081e-01
    36  -2.883943e+00  -2.900684e+00   3.414447e-04   3.783303e+05   2.627537e-01   4.855146e-01  -3.300982e+00  -3.312395e+00   2.574932e-05   5.961980e+05   2.616063e-01  -1.890671e+00  -1.909112e+00   2.317439e-04   2.030918e+02   4.014505e-01
    37  -2.849789e+00  -2.866530e+00   4.106019e-04   3.500051e+05   2.627276e-01   4.847954e-01  -3.277761e+00  -3.289217e+00   3.002750e-05   5.899412e+05   2.615987e-01  -1.852956e+00  -1.871404e+00   2.702475e-04   1.823829e+02   3.938807e-01
    38  -2.815636e+00  -2.832377e+00   4.907480e-04   3.206758e+05   2.626949e-01   4.839775e-01  -3.254443e+00  -3.265946e+00   3.501400e-05   5.830748e+05   2.615901e-01  -1.815255e+00  -1.833696e+00   3.151260e-04   1.638922e+02   3.863037e-01
    39  -2.781482e+00  -2.798224e+00   5.829668e-04   2.911968e+05   2.626540e-01   4.830470e-01  -3.231017e+00  -3.242572e+00   4.082538e-05   5.755472e+05   2.615806e-01  -1.777589e+00  -1.796013e+00   3.674284e-04   1.473659e+02   3.787815e-01
    40  -2.747329e+00  -2.764070e+00   6.880669e-04   2.619835e+05   2.626020e-01   4.819715e-01  -3.207471e+00  -3.219084e+00   4.759714e-05   5.673049e+05   2.615698e-01  -1.739976e+00  -1.758375e+00   4.283742e-04   1.325923e+02   3.713228e-01
    41  -2.713176e+00  -2.729917e+00   8.066752e-04   2.334617e+05   2.625360e-01   4.807376e-01  -3.183790e+00  -3.195469e+00   5.548679e-05   5.582919e+05   2.615577e-01  -1.702428e+00  -1.720796e+00   4.993811e-04   1.193698e+02   3.639652e-01
    42  -2.679022e+00  -2.695763e+00   9.392010e-04   2.060447e+05   2.624532e-01   4.793458e-01  -3.159960e+00  -3.171712e+00   6.467734e-05   5.484509e+05   2.615441e-01  -1.664955e+00  -1.683288e+00   5.820960e-04   1.075261e+02   3.567209e-01
    43  -2.644869e+00  -2.661610e+00   1.085831e-03   1.801084e+05   2.623494e-01   4.777860e-01  -3.135963e+00  -3.147796e+00   7.538125e-05   5.377234e+05   2.615287e-01  -1.627562e+00  -1.645857e+00   6.784313e-04   9.690518e+01   3.496073e-01
    44  -2.610715e+00  -2.627456e+00   1.246554e-03   1.559697e+05   2.622189e-01   4.760371e-01  -3.111780e+00  -3.123703e+00   8.784517e-05   5.260512e+05   2.615114e-01  -1.590251e+00  -1.608506e+00   7.906065e-04   8.737009e+01   3.426355e-01
    45  -2.576562e+00  -2.593303e+00   1.421237e-03   1.338682e+05   2.620547e-01   4.740649e-01  -3.087388e+00  -3.099412e+00   1.023551e-04   5.133772e+05   2.614918e-01  -1.553022e+00  -1.571238e+00   9.211963e-04   7.880023e+01   3.358116e-01
    46  -2.542408e+00  -2.559149e+00   1.609727e-03   1.139553e+05   2.618512e-01   4.718823e-01  -3.062762e+00  -3.074900e+00   1.192428e-04   4.996470e+05   2.614695e-01  -1.515874e+00  -1.534051e+00   1.073185e-03   7.108948e+01   3.291393e-01
    47  -2.508255e+00  -2.524996e+00   1.811990e-03   9.628826e+04   2.616023e-01   4.694790e-01  -3.037874e+00  -3.050140e+00   1.388921e-04   4.848107e+05   2.614442e-01  -1.478801e+00  -1.496942e+00   1.250029e-03   6.414330e+01   3.226245e-01
    48  -2.474101e+00  -2.490843e+00   2.026799e-03   8.083455e+04   2.613049e-01   4.668488e-01  -3.012693e+00  -3.025101e+00   1.617478e-04   4.688251e+05   2.614153e-01  -1.441801e+00  -1.459907e+00   1.455730e-03   5.788146e+01   3.162559e-01
    49  -2.439948e+00  -2.456689e+00   2.250987e-03   6.734822e+04   2.609247e-01   4.640680e-01  -2.987183e+00  -2.999751e+00   1.883238e-04   4.516564e+05   2.613822e-01  -1.404866e+00  -1.422941e+00   1.694914e-03   5.222789e+01   3.100506e-01
    50  -2.405795e+00  -2.422536e+00   2.487968e-03   5.583635e+04   2.604639e-01   4.610873e-01  -2.961302e+00  -2.974050e+00   2.192140e-04   4.332829e+05   2.613442e-01  -1.367992e+00  -1.386038e+00   1.972926e-03   4.712364e+01   3.039749e-01
    51  -2.371641e+00  -2.388382e+00   2.738872e-03   4.612830e+04   2.599322e-01   4.578784e-01  -2.935003e+00  -2.947954e+00   2.551039e-04   4.136993e+05   2.613004e-01  -1.331169e+00  -1.349190e+00   2.295935e-03   4.250569e+01   2.980666e-01
    52  -2.337488e+00  -2.354229e+00   2.994472e-03   3.795851e+04   2.592986e-01   4.545102e-01  -2.908234e+00  -2.921412e+00   2.967831e-04   3.929198e+05   2.612497e-01  -1.294393e+00  -1.312392e+00   2.671048e-03   3.833215e+01   2.922635e-01
    53  -2.303334e+00  -2.320075e+00   3.263144e-03   3.114192e+04   2.585202e-01   4.511038e-01  -2.880933e+00  -2.894369e+00   3.451610e-04   3.709833e+05   2.611907e-01  -1.257653e+00  -1.275635e+00   3.106449e-03   3.454933e+01   2.866321e-01
    54  -2.269181e+00  -2.285922e+00   3.543446e-03   2.552160e+04   2.576831e-01   4.474198e-01  -2.853029e+00  -2.866757e+00   4.012824e-04   3.479573e+05   2.611217e-01  -1.220945e+00  -1.238912e+00   3.611542e-03   3.112662e+01   2.810958e-01
    55  -2.235027e+00  -2.251768e+00   3.829206e-03   2.087535e+04   2.566313e-01   4.438855e-01  -2.824443e+00  -2.838501e+00   4.663463e-04   3.239432e+05   2.610405e-01  -1.184259e+00  -1.202215e+00   4.197117e-03   2.802258e+01   2.757081e-01
    56  -2.200874e+00  -2.217615e+00   4.132692e-03   1.707563e+04   2.554954e-01   4.401894e-01  -2.795080e+00  -2.809514e+00   5.417261e-04   2.990802e+05   2.609444e-01  -1.147589e+00  -1.165537e+00   4.875535e-03   2.521066e+01   2.704195e-01
    57  -2.166720e+00  -2.183462e+00   4.437143e-03   1.396595e+04   2.541818e-01   4.366095e-01  -2.764834e+00  -2.779694e+00   6.289911e-04   2.735493e+05   2.608298e-01  -1.110929e+00  -1.128872e+00   5.660920e-03   2.266154e+01   2.652390e-01
    58  -2.132567e+00  -2.149308e+00   4.762920e-03   1.143203e+04   2.527290e-01   4.330643e-01  -2.733579e+00  -2.748926e+00   7.299314e-04   2.475761e+05   2.606920e-01  -1.074271e+00  -1.092213e+00   6.569382e-03   2.034992e+01   2.601684e-01
    59  -2.098414e+00  -2.115155e+00   5.090429e-03   9.366549e+03   2.511194e-01   4.296570e-01  -2.701171e+00  -2.717073e+00   8.465830e-04   2.214310e+05   2.605249e-01  -1.037612e+00  -1.055555e+00   7.619247e-03   1.825588e+01   2.551665e-01
    60  -2.064260e+00  -2.081001e+00   5.440974e-03   7.686084e+03   2.493643e-01   4.263792e-01  -2.667441e+00  -2.683979e+00   9.812558e-04   1.954277e+05   2.603204e-01  -1.000943e+00  -1.018891e+00   8.831303e-03   1.635621e+01   2.502796e-01
    61  -2.030107e+00  -2.046848e+00   5.795926e-03   6.318024e+03   2.474443e-01   4.233539e-01  -2.632195e+00  -2.649461e+00   1.136562e-03   1.699174e+05   2.600675e-01  -9.642609e-01  -9.822149e-01   1.022906e-02   1.463531e+01   2.454650e-01
    62  -1.995953e+00  -2.012694e+00   6.174220e-03   5.202270e+03   2.454314e-01   4.204162e-01  -2.595206e+00  -2.613307e+00   1.315444e-03   1.452786e+05   2.597515e-01  -9.275611e-01  -9.455234e-01   1.183900e-02   1.307683e+01   2.407188e-01
    63  -1.961800e+00  -1.978541e+00   6.563456e-03   4.294696e+03   2.432173e-01   4.179306e-01  -2.556215e+00  -2.575273e+00   1.521208e-03   1.219017e+05   2.593521e-01  -8.908386e-01  -9.088118e-01   1.369088e-02   1.166540e+01   2.360550e-01
    64  -1.927646e+00  -1.944387e+00   6.975182e-03   3.549839e+03   2.410062e-01   4.153782e-01  -2.514926e+00  -2.535080e+00   1.757548e-03   1.001686e+05   2.588414e-01  -8.540914e-01  -8.720764e-01   1.581793e-02   1.038886e+01   2.314434e-01
    65  -1.893493e+00  -1.910234e+00   7.405435e-03   2.944464e+03   2.385496e-01   4.135022e-01  -2.471009e+00  -2.492413e+00   2.028572e-03   8.042652e+04   2.581809e-01  -8.173170e-01  -8.353151e-01   1.825715e-02   9.234988e+00   2.268882e-01
    66  -1.859339e+00  -1.876080e+00   7.858283e-03   2.443857e+03   2.361855e-01   4.113919e-01  -2.424104e+00  -2.446924e+00   2.338830e-03   6.295883e+04   2.573174e-01  -7.805133e-01  -7.985254e-01   2.104947e-02   8.192832e+00   2.223912e-01
    67  -1.825186e+00  -1.841927e+00   8.336896e-03   2.036308e+03   2.335811e-01   4.100866e-01  -2.373837e+00  -2.398244e+00   2.693323e-03   4.795597e+04   2.561784e-01  -7.436807e-01  -7.617066e-01   2.423991e-02   7.253077e+00   2.179295e-01
    68  -1.791033e+00  -1.807774e+00   8.840317e-03   1.698113e+03   2.310665e-01   4.086618e-01  -2.319852e+00  -2.346006e+00   3.097518e-03   3.549094e+04   2.546669e-01  -7.068204e-01  -7.248596e-01   2.787766e-02   6.406748e+00   2.135003e-01
    69  -1.756879e+00  -1.773620e+00   9.375829e-03   1.419958e+03   2.284624e-01   4.076985e-01  -2.261855e+00  -2.289886e+00   3.557342e-03   2.550552e+04   2.526585e-01  -6.699334e-01  -6.879854e-01   3.201608e-02   5.645502e+00   2.091094e-01
    70  -1.722726e+00  -1.739467e+00   9.940828e-03   1.189215e+03   2.258914e-01   4.068647e-01  -2.199689e+00  -2.229661e+00   4.079169e-03   1.781324e+04   2.500037e-01  -6.330237e-01  -6.510866e-01   3.671252e-02   4.962182e+00   2.047383e-01
    71  -1.688572e+00  -1.705313e+00   1.054329e-02   9.977313e+02   2.233419e-01   4.062339e-01  -2.133410e+00  -2.165287e+00   4.669785e-03   1.212211e+04   2.465428e-01  -5.960974e-01  -6.141682e-01   4.202806e-02   4.350120e+00   2.003710e-01
    72  -1.654419e+00  -1.671160e+00   1.118278e-02   8.386727e+02   2.208074e-01   4.058567e-01  -2.063360e+00  -2.096974e+00   5.336336e-03   8.074853e+03   2.421366e-01  -5.591609e-01  -5.772366e-01   4.802703e-02   3.802899e+00   1.960183e-01
    73  -1.620265e+00  -1.637006e+00   1.186520e-02   7.058239e+02   2.183579e-01   4.055360e-01  -1.990185e+00  -2.025233e+00   6.086254e-03   5.298346e+03   2.367124e-01  -5.222231e-01  -5.402994e-01   5.477629e-02   3.314882e+00   1.916664e-01
    74  -1.586112e+00  -1.602853e+00   1.259322e-02   5.951068e+02   2.159396e-01   4.054709e-01  -1.914782e+00  -1.950849e+00   6.927149e-03   3.448972e+03   2.303077e-01  -4.852957e-01  -5.033671e-01   6.234434e-02   2.880850e+00   1.873014e-01
    75  -1.551958e+00  -1.568699e+00   1.337136e-02   5.022686e+02   2.136315e-01   4.054123e-01  -1.838166e+00  -1.874787e+00   7.866679e-03   2.242547e+03   2.230859e-01  -4.483929e-01  -4.664524e-01   7.080011e-02   2.495946e+00   1.829133e-01
    76  -1.517805e+00  -1.534546e+00   1.420397e-02   4.245382e+02   2.113887e-01   4.055250e-01  -1.761315e+00  -1.798043e+00   8.912390e-03   1.464478e+03   2.153085e-01  -4.115300e-01  -4.295704e-01   8.021151e-02   2.155563e+00   1.785070e-01
    77  -1.483652e+00  -1.500393e+00   1.509590e-02   3.592195e+02   2.092572e-01   4.056608e-01  -1.685049e+00  -1.721510e+00   1.007152e-02   9.640883e+02   2.072748e-01  -3.747257e-01  -3.927381e-01   9.064369e-02   1.855561e+00   1.740699e-01
    78  -1.449498e+00  -1.466239e+00   1.605237e-02   3.042573e+02   2.072275e-01   4.058429e-01  -1.609969e+00  -1.645888e+00   1.135078e-02   6.410459e+02   1.992604e-01  -3.380017e-01  -3.559756e-01   1.021570e-01   1.592075e+00   1.695910e-01
    79  -1.415345e+00  -1.432086e+00   1.707908e-02   2.580028e+02   2.053018e-01   4.060730e-01  -1.536466e+00  -1.571664e+00   1.275612e-02   4.307849e+02   1.914781e-01  -3.013826e-01  -3.193063e-01   1.148050e-01   1.361501e+00   1.650629e-01
    80  -1.381191e+00  -1.397932e+00   1.818224e-02   2.189297e+02   2.034987e-01   4.062530e-01  -1.464759e+00  -1.499135e+00   1.429243e-02   2.924892e+02   1.840667e-01  -2.648946e-01  -2.827555e-01   1.286319e-01   1.160442e+00   1.604909e-01
    81  -1.347038e+00  -1.363779e+00   1.936849e-02   1.859970e+02   2.017918e-01   4.064826e-01  -1.394940e+00  -1.428448e+00   1.596333e-02   2.004953e+02   1.771001e-01  -2.285669e-01  -2.463510e-01   1.436700e-01   9.858108e-01   1.558675e-01
    82  -1.312884e+00  -1.329625e+00   2.064535e-02   1.580910e+02   2.002149e-01   4.066072e-01  -1.327017e+00  -1.359652e+00   1.777087e-02   1.386163e+02   1.706034e-01  -1.924315e-01  -2.101235e-01   1.599378e-01   8.347399e-01   1.511872e-01
    83  -1.278731e+00  -1.295472e+00   2.202063e-02   1.345405e+02   1.987214e-01   4.067602e-01  -1.260951e+00  -1.292729e+00   1.971527e-02   9.655683e+01   1.645698e-01  -1.565222e-01  -1.741058e-01   1.774374e-01   7.045688e-01   1.464522e-01
    84  -1.244577e+00  -1.261318e+00   2.350307e-02   1.145258e+02   1.973614e-01   4.068045e-01  -1.196674e+00  -1.227624e+00   2.179475e-02   6.769536e+01   1.589743e-01  -1.208737e-01  -1.383323e-01   1.961527e-01   5.928412e-01   1.416706e-01
    85  -1.210424e+00  -1.227165e+00   2.510280e-02   9.762128e+01   1.960635e-01   4.068392e-01  -1.134103e+00  -1.164263e+00   2.400535e-02   4.772142e+01   1.537828e-01  -8.552256e-02  -1.028386e-01   2.160481e-01   4.973342e-01   1.368433e-01
    86  -1.176270e+00  -1.193012e+00   2.682864e-02   8.321429e+01   1.948967e-01   4.067514e-01  -1.073151e+00  -1.102558e+00   2.634082e-02   3.379430e+01   1.489578e-01  -5.050596e-02  -6.766144e-02   2.370673e-01   4.160175e-01   1.319749e-01
    87  -1.142117e+00  -1.158858e+00   2.869561e-02   7.102642e+01   1.937759e-01   4.066248e-01  -1.013725e+00  -1.042422e+00   2.879262e-02   2.401959e+01   1.444625e-01  -1.585988e-02  -3.283753e-02   2.591336e-01   3.470330e-01   1.270847e-01
    88  -1.107964e+00  -1.124705e+00   3.070991e-02   6.063618e+01   1.927538e-01   4.063582e-01  -9.557352e-01  -9.837630e-01   3.134998e-02   1.712044e+01   1.402637e-01   1.837970e-02   1.597248e-03   2.821498e-01   2.887349e-01   1.221797e-01
    89  -1.073810e+00  -1.090551e+00   3.289600e-02   5.181726e+01   1.917755e-01   4.060495e-01  -8.990889e-01  -9.264891e-01   3.400006e-02   1.222756e+01   1.363300e-01   5.217824e-02   3.560768e-02   3.060005e-01   2.396429e-01   1.172742e-01
    90  -1.039657e+00  -1.056398e+00   3.525234e-02   4.430462e+01   1.908455e-01   4.055569e-01  -8.436930e-01  -8.705083e-01   3.672816e-02   8.743682e+00   1.326342e-01   8.550410e-02   6.916075e-02   3.305535e-01   1.984378e-01   1.123891e-01
    91  -1.005503e+00  -1.022244e+00   3.781275e-02   3.790018e+01   1.899607e-01   4.050176e-01  -7.894529e-01  -8.157267e-01   3.951809e-02   6.255148e+00   1.291521e-01   1.183273e-01   1.022257e-01   3.556628e-01   1.639687e-01   1.075362e-01
    92  -9.713498e-01  -9.880909e-01   4.058252e-02   3.245185e+01   1.890771e-01   4.043629e-01  -7.362706e-01  -7.620482e-01   4.235249e-02   4.473262e+00   1.258628e-01   1.506226e-01   1.347751e-01   3.811724e-01   1.352146e-01   1.027398e-01
    93  -9.371964e-01  -9.539375e-01   4.358700e-02   2.778679e+01   1.882310e-01   4.035190e-01  -6.840445e-01  -7.093730e-01   4.521329e-02   3.195247e+00   1.227478e-01   1.823673e-01   1.667849e-01   4.069196e-01   1.112984e-01   9.801421e-02
    94  -9.030429e-01  -9.197840e-01   4.685335e-02   2.381662e+01   1.873521e-01   4.026027e-01  -6.326679e-01  -6.575969e-01   4.808216e-02   2.277833e+00   1.197912e-01   2.135434e-01   1.982350e-01   4.327394e-01   9.145583e-02   9.337943e-02
    95  -8.688895e-01  -8.856306e-01   5.038543e-02   2.041551e+01   1.864735e-01   4.014990e-01  -5.820261e-01  -6.066093e-01   5.094094e-02   1.619142e+00   1.169787e-01   2.441367e-01   2.291094e-01   4.584685e-01   7.503306e-02   8.885107e-02
    96  -8.347360e-01  -8.514771e-01   5.423303e-02   1.750887e+01   1.855530e-01   4.002355e-01  -5.319992e-01  -5.562927e-01   5.377208e-02   1.146624e+00   1.142998e-01   2.741376e-01   2.593962e-01   4.839488e-01   6.147038e-02   8.444463e-02
    97  -8.005826e-01  -8.173237e-01   5.840650e-02   1.502626e+01   1.845642e-01   3.988336e-01  -4.824561e-01  -5.065215e-01   5.655903e-02   8.081542e-01   1.117442e-01   3.035405e-01   2.890879e-01   5.090312e-01   5.029219e-02   8.017367e-02
    98  -7.664291e-01  -7.831702e-01   6.293769e-02   1.289108e+01   1.835493e-01   3.972042e-01  -4.332534e-01  -4.571583e-01   5.928652e-02   5.662859e-01   1.093052e-01   3.323439e-01   3.181810e-01   5.335787e-01   4.109654e-02   7.604889e-02
    99  -7.322757e-01  -7.490168e-01   6.787640e-02   1.106568e+01   1.824305e-01   3.953759e-01  -3.842383e-01  -4.080547e-01   6.194091e-02   3.940801e-01   1.069772e-01   3.605501e-01   3.466760e-01   5.574682e-01   3.354428e-02   7.208003e-02
   100  -6.981223e-01  -7.148633e-01   7.322620e-02   9.500066e+00   1.812175e-01   3.933227e-01  -3.352404e-01  -3.590487e-01   6.451030e-02   2.720095e-01   1.047573e-01   3.881650e-01   3.745770e-01   5.805927e-01   2.735159e-02   6.827298e-02
   101  -6.639688e-01  -6.807099e-01   7.904552e-02   8.153027e+00   1.799247e-01   3.910123e-01  -2.860701e-01  -3.099598e-01   6.698469e-02   1.859639e-01   1.026477e-01   4.151979e-01   4.018918e-01   6.028622e-01   2.228055e-02   6.463326e-02
   102  -6.298154e-01  -6.465564e-01   8.538523e-02   6.998222e+00   1.784956e-01   3.884320e-01  -2.365253e-01  -2.605916e-01   6.935597e-02   1.257610e-01   1.006497e-01   4.416607e-01   4.286308e-01   6.242038e-01   1.813360e-02   6.116229e-02
   103  -5.956619e-01  -6.124030e-01   9.224911e-02   6.005430e+00   1.769355e-01   3.855093e-01  -1.863805e-01  -2.107296e-01   7.161799e-02   8.399307e-02   9.877081e-02   4.675681e-01   4.548076e-01   6.445619e-01   1.474601e-02   5.786190e-02
   104  -5.615085e-01  -5.782495e-01   9.970507e-02   5.149909e+00   1.752551e-01   3.822250e-01  -1.353943e-01  -1.601396e-01   7.376638e-02   5.531779e-02   9.702167e-02   4.929369e-01   4.804377e-01   6.638974e-01   1.198195e-02   5.472967e-02
   105  -5.273550e-01  -5.440961e-01   1.078121e-01   4.414434e+00   1.734085e-01   3.785494e-01  -8.332423e-02  -1.085794e-01   7.579851e-02   3.588280e-02   9.540685e-02   5.177860e-01   5.055391e-01   6.821866e-01   9.728587e-03   5.176455e-02
   106  -4.932016e-01  -5.099427e-01   1.165832e-01   3.781561e+00   1.714005e-01   3.744185e-01  -2.993248e-02  -5.580838e-02   7.771330e-02   2.290118e-02   9.393224e-02   5.421355e-01   5.301314e-01   6.994197e-01   7.893405e-03   4.896144e-02
   107  -4.590481e-01  -4.757892e-01   1.260878e-01   3.235785e+00   1.692436e-01   3.697160e-01   2.494467e-02  -1.627704e-03   7.951106e-02   1.438834e-02   9.256414e-02   5.660072e-01   5.542353e-01   7.155996e-01   6.399862e-03   4.631683e-02
   108  -4.248947e-01  -4.416358e-01   1.363939e-01   2.766436e+00   1.669087e-01   3.644724e-01   8.135013e-02   5.406248e-02   8.119333e-02   8.916023e-03   9.123216e-02   5.894236e-01   5.778732e-01   7.307399e-01   5.185383e-03   4.382442e-02
   109  -3.907412e-01  -4.074823e-01   1.475290e-01   2.362664e+00   1.643932e-01   3.586269e-01   1.390866e-01   1.111771e-01   8.276263e-02   5.476594e-03   8.976915e-02   6.124082e-01   6.010679e-01   7.448636e-01   4.198490e-03   4.147856e-02
   110  -3.565878e-01  -3.733289e-01   1.595362e-01   2.014471e+00   1.617184e-01   3.519725e-01   1.975997e-01   1.693279e-01   8.422234e-02   3.363702e-03   8.788759e-02   6.349848e-01   6.238432e-01   7.580011e-01   3.397089e-03   3.927269e-02
   111  -3.224343e-01  -3.391754e-01   1.724999e-01   1.715148e+00   1.588536e-01   3.445012e-01   2.559732e-01   2.277665e-01   8.557652e-02   2.089039e-03   8.524334e-02   6.571776e-01   6.462229e-01   7.701887e-01   2.746764e-03   3.719975e-02
   112  -2.882809e-01  -3.050220e-01   1.864613e-01   1.457910e+00   1.558013e-01   3.361569e-01   3.130909e-01   2.854704e-01   8.682971e-02   1.326236e-03   8.159236e-02   6.790111e-01   6.682315e-01   7.814674e-01   2.219349e-03   3.525331e-02
   113  -2.541275e-01  -2.708685e-01   2.014210e-01   1.236691e+00   1.525785e-01   3.267375e-01   3.679448e-01   3.413833e-01   8.798682e-02   8.665703e-04   7.696697e-02   7.005095e-01   6.898933e-01   7.918814e-01   1.791910e-03   3.342600e-02
   114  -2.199740e-01  -2.367151e-01   2.174764e-01   1.046802e+00   1.491759e-01   3.161480e-01   4.198844e-01   3.946906e-01   8.905301e-02   5.835108e-04   7.167624e-02   7.216971e-01   7.112325e-01   8.014771e-01   1.445713e-03   3.171109e-02
   115  -1.858206e-01  -2.025616e-01   2.346658e-01   8.840674e-01   1.455894e-01   3.043515e-01   4.686630e-01   4.449582e-01   9.003354e-02   4.037784e-04   6.613069e-02   7.425976e-01   7.322730e-01   8.103019e-01   1.165501e-03   3.010183e-02
   116  -1.516671e-01  -1.684082e-01   2.529511e-01   7.446832e-01   1.418327e-01   2.911051e-01   5.143363e-01   4.920998e-01   9.093373e-02   2.858624e-04   6.067453e-02   7.632344e-01   7.530386e-01   8.184036e-01   9.388600e-04   2.859139e-02
   117  -1.175137e-01  -1.342547e-01   2.724202e-01   6.255109e-01   1.379123e-01   2.762860e-01   5.571235e-01   5.362566e-01   9.175884e-02   2.061630e-04   5.552453e-02   7.836305e-01   7.735522e-01   8.258295e-01   7.556723e-04   2.717354e-02
   118  -8.336022e-02  -1.001013e-01   2.930874e-01   5.238579e-01   1.338267e-01   2.599517e-01   5.973084e-01   5.776806e-01   9.251402e-02   1.509149e-04   5.078183e-02   8.038080e-01   7.938365e-01   8.326262e-01   6.077179e-04   2.584207e-02
   119  -4.920677e-02  -6.594785e-02   3.148764e-01   4.372874e-01   1.295881e-01   2.417866e-01   6.351850e-01   6.166595e-01   9.320429e-02   1.118024e-04   4.647632e-02   8.237885e-01   8.139131e-01   8.388386e-01   4.883139e-04   2.459098e-02
   120  -1.505333e-02  -3.179440e-02   3.378502e-01   3.637429e-01   1.252111e-01   2.218795e-01   6.710318e-01   6.534782e-01   9.383445e-02   8.362822e-05   4.259916e-02   8.435925e-01   8.338033e-01   8.445100e-01   3.920267e-04   2.341477e-02
   121   1.910012e-02   2.359043e-03   3.619559e-01   3.014360e-01   1.207023e-01   2.003259e-01   7.050941e-01   6.883968e-01   9.440910e-02   6.305622e-05   3.911954e-02   8.632400e-01   8.535273e-01   8.496819e-01   3.144458e-04   2.230813e-02
   122   5.325357e-02   3.651249e-02   3.871145e-01   2.487941e-01   1.160776e-01   1.770133e-01   7.375893e-01   7.216456e-01   9.493262e-02   4.785793e-05   3.600026e-02   8.827498e-01   8.731044e-01   8.543935e-01   2.519915e-04   2.126600e-02
   123   8.740701e-02   7.066594e-02   4.133161e-01   2.044600e-01   1.113551e-01   1.523845e-01   7.687068e-01   7.534267e-01   9.540910e-02   3.652127e-05   3.320377e-02   9.021400e-01   8.925531e-01   8.586819e-01   2.017589e-04   2.028370e-02
   124   1.215605e-01   1.048194e-01   4.404208e-01   1.672506e-01   1.065508e-01   1.263444e-01   7.986101e-01   7.839158e-01   9.584241e-02   2.799781e-05   3.069264e-02   9.214275e-01   9.118908e-01   8.625817e-01   1.613928e-04   1.935690e-02
   125   1.557139e-01   1.389728e-01   4.683642e-01   1.361451e-01   1.016854e-01   1.002014e-01   8.274420e-01   8.132653e-01   9.623618e-02   2.154525e-05   2.843448e-02   9.406283e-01   9.311340e-01   8.661256e-01   1.289857e-04   1.848150e-02
   126   1.898674e-01   1.731263e-01   4.970148e-01   1.102391e-01   9.678499e-02   7.305242e-02   8.553267e-01   8.416081e-01   9.659376e-02   1.663274e-05   2.639893e-02   9.597574e-01   9.502982e-01   8.693438e-01   1.029928e-04   1.765369e-02
   127   2.240208e-01   2.072797e-01   5.262168e-01   8.877245e-02   9.186625e-02   4.752901e-02   8.823727e-01   8.690602e-01   9.691827e-02   1.287462e-05   2.455998e-02   9.788289e-01   9.693978e-01   8.722644e-01   8.216425e-05   1.686999e-02
   128   2.581742e-01   2.414332e-01   5.558438e-01   7.106223e-02   8.696059e-02   2.244966e-02   9.086760e-01   8.957235e-01   9.721261e-02   9.987468e-06   2.289465e-02   9.978557e-01   9.884465e-01   8.749135e-01   6.548980e-05   1.612722e-02
   129   2.923277e-01   2.755866e-01   5.856882e-01   5.653159e-02   8.209128e-02  -1.037475e-03   9.343202e-01   9.216873e-01   9.747945e-02   7.762155e-06   2.138240e-02   1.016850e+00   1.007457e+00   8.773151e-01   5.215368e-05   1.542241e-02
   130   3.264811e-01   3.097401e-01   6.155988e-01   4.467868e-02   7.728074e-02  -2.142627e-02   9.593798e-01   9.470307e-01   9.772124e-02   6.041750e-06   2.000587e-02   1.035823e+00   1.026440e+00   8.794912e-01   4.149762e-05   1.475286e-02
   131   3.606346e-01   3.438935e-01   6.453692e-01   3.506662e-02   7.256139e-02  -4.112541e-02   9.839211e-01   9.718238e-01   9.794025e-02   4.708404e-06   1.874956e-02   1.054784e+00   1.045407e+00   8.814623e-01   3.299096e-05   1.411610e-02
   132   3.947880e-01   3.780470e-01   6.745077e-01   2.730849e-02   6.793216e-02  -5.614992e-02   1.008002e+00   9.961287e-01   9.813854e-02   3.673036e-06   1.759982e-02   1.073743e+00   1.064367e+00   8.832469e-01   2.620640e-05   1.350990e-02
   133   4.289415e-01   4.122004e-01   7.030876e-01   2.109319e-02   6.342862e-02  -6.972598e-02   1.031676e+00   1.020001e+00   9.831802e-02   2.867641e-06   1.654502e-02   1.092709e+00   1.083330e+00   8.848622e-01   2.080023e-05   1.293222e-02
   134   4.630949e-01   4.463538e-01   7.309211e-01   1.616410e-02   5.908224e-02  -8.159162e-02   1.054989e+00   1.043489e+00   9.848042e-02   2.240251e-06   1.557484e-02   1.111690e+00   1.102303e+00   8.863237e-01   1.649625e-05   1.238119e-02
   135   4.972484e-01   4.805073e-01   7.576310e-01   1.228624e-02   5.490491e-02  -8.976967e-02   1.077983e+00   1.066638e+00   9.862732e-02   1.750975e-06   1.468018e-02   1.130692e+00   1.121295e+00   8.876458e-01   1.307274e-05   1.185514e-02
   136   5.314018e-01   5.146607e-01   7.830319e-01   9.244669e-03   5.089707e-02  -9.676826e-02   1.100694e+00   1.089487e+00   9.876016e-02   1.369072e-06   1.385312e-02   1.149721e+00   1.140311e+00   8.888415e-01   1.035191e-05   1.135252e-02
   137   5.655553e-01   5.488142e-01   8.072066e-01   6.896567e-03   4.709315e-02  -1.022611e-01   1.123157e+00   1.112071e+00   9.888027e-02   1.070753e-06   1.308679e-02   1.168784e+00   1.159357e+00   8.899225e-01   8.191330e-06   1.087194e-02
   138   5.997087e-01   5.829676e-01   8.295842e-01   5.095326e-03   4.349363e-02  -1.063365e-01   1.145402e+00   1.134422e+00   9.898885e-02   8.375891e-07   1.237508e-02   1.187885e+00   1.178440e+00   8.908996e-01   6.477043e-06   1.041214e-02
   139   6.338622e-01   6.171211e-01   8.505225e-01   3.727630e-03   4.010593e-02  -1.090624e-01   1.167454e+00   1.156568e+00   9.908698e-02   6.552701e-07   1.171264e-02   1.207029e+00   1.197563e+00   8.917828e-01   5.117942e-06   9.971973e-03
   140   6.680156e-01   6.512745e-01   8.695481e-01   2.700674e-03   3.693520e-02  -1.104250e-01   1.189338e+00   1.178534e+00   9.917565e-02   5.126619e-07   1.109477e-02   1.226220e+00   1.216731e+00   8.925808e-01   4.041273e-06   9.550373e-03
   141   7.021690e-01   6.854280e-01   8.869884e-01   1.937289e-03   3.398177e-02  -1.107708e-01   1.211076e+00   1.200343e+00   9.925576e-02   4.010909e-07   1.051730e-02   1.245462e+00   1.235948e+00   8.933019e-01   3.188990e-06   9.146383e-03
   142   7.363225e-01   7.195814e-01   9.025544e-01   1.375937e-03   3.124379e-02  -1.101382e-01   1.232687e+00   1.222016e+00   9.932813e-02   3.137887e-07   9.976596e-03   1.264757e+00   1.255216e+00   8.939532e-01   2.514827e-06   8.759120e-03
   143   7.704759e-01   7.537349e-01   9.164671e-01   9.683917e-04   2.871642e-02  -1.085553e-01   1.254188e+00   1.243570e+00   9.939350e-02   2.454705e-07   9.469443e-03   1.284107e+00   1.274540e+00   8.945415e-01   1.981942e-06   8.387776e-03
   144   8.046294e-01   7.878883e-01   9.288051e-01   6.748385e-04   2.639182e-02  -1.059971e-01   1.275594e+00   1.265023e+00   9.945254e-02   1.920066e-07   8.992980e-03   1.303516e+00   1.293920e+00   8.950729e-01   1.561023e-06   8.031606e-03
   145   8.387828e-01   8.220418e-01   9.395106e-01   4.662802e-04   2.426046e-02  -1.026133e-01   1.296919e+00   1.286388e+00   9.950586e-02   1.501682e-07   8.544674e-03   1.322985e+00   1.313359e+00   8.955527e-01   1.228771e-06   7.689925e-03
   146   8.729363e-01   8.561952e-01   9.488252e-01   3.196160e-04   2.231041e-02  -9.848167e-02   1.318177e+00   1.307678e+00   9.955400e-02   1.174294e-07   8.122272e-03   1.342514e+00   1.332859e+00   8.959860e-01   9.666842e-07   7.362096e-03
   147   9.070897e-01   8.903486e-01   9.568758e-01   2.174197e-04   2.052946e-02  -9.368828e-02   1.339376e+00   1.328906e+00   9.959747e-02   9.181337e-08   7.723772e-03   1.362106e+00   1.352421e+00   8.963772e-01   7.600776e-07   7.047531e-03
   148   9.412432e-01   9.245021e-01   9.637751e-01   1.468935e-04   1.890435e-02  -8.833483e-02   1.360529e+00   1.350081e+00   9.963672e-02   7.177299e-08   7.347384e-03   1.381761e+00   1.372045e+00   8.967304e-01   5.973095e-07   6.745682e-03
   149   9.753966e-01   9.586555e-01   9.696022e-01   9.867287e-05   1.742079e-02  -8.262416e-02   1.381642e+00   1.371214e+00   9.967214e-02   5.609689e-08   6.991510e-03   1.401480e+00   1.391732e+00   8.970493e-01   4.691568e-07   6.456039e-03
   150   1.009550e+00   9.928090e-01   9.745416e-01   6.595536e-05   1.606580e-02  -7.666362e-02   1.402725e+00   1.392312e+00   9.970413e-02   4.383665e-08   6.654714e-03   1.421261e+00   1.411483e+00   8.973371e-01   3.683179e-07   6.178125e-03
   151   1.043704e+00   1.026962e+00   9.787117e-01   4.390141e-05   1.482699e-02  -7.065845e-02   1.423783e+00   1.413382e+00   9.973300e-02   3.424970e-08   6.335709e-03   1.441106e+00   1.431297e+00   8.975970e-01   2.890171e-07   5.911495e-03
   152   1.077857e+00   1.061116e+00   9.822235e-01   2.911868e-05   1.369339e-02  -6.467682e-02   1.444823e+00   1.434430e+00   9.975905e-02   2.675455e-08   6.033336e-03   1.461014e+00   1.451174e+00   8.978315e-01   2.266892e-07   5.655731e-03
   153   1.112010e+00   1.095269e+00   9.851667e-01   1.926234e-05   1.265410e-02  -5.887561e-02   1.465849e+00   1.455463e+00   9.978257e-02   2.089598e-08   5.746545e-03   1.480983e+00   1.471113e+00   8.980432e-01   1.777280e-07   5.410441e-03
   154   1.146164e+00   1.129423e+00   9.876101e-01   1.271660e-05   1.169978e-02  -5.334220e-02   1.486866e+00   1.476485e+00   9.980380e-02   1.631758e-08   5.474391e-03   1.501013e+00   1.491114e+00   8.982342e-01   1.392872e-07   5.175258e-03
   155   1.180317e+00   1.163576e+00   9.896514e-01   8.382833e-06   1.082229e-02  -4.814749e-02   1.507878e+00   1.497499e+00   9.982296e-02   1.274039e-08   5.216013e-03   1.521102e+00   1.511174e+00   8.984066e-01   1.091215e-07   4.949837e-03
   156   1.214471e+00   1.197730e+00   9.913593e-01   5.520494e-06   1.001436e-02  -4.329864e-02   1.528887e+00   1.518509e+00   9.984025e-02   9.946063e-09   4.970633e-03   1.541247e+00   1.531291e+00   8.985622e-01   8.546115e-08   4.733854e-03
   157   1.248624e+00   1.231883e+00   9.927852e-01   3.633251e-06   9.269805e-03  -3.885064e-02   1.549895e+00   1.539518e+00   9.985585e-02   7.763738e-09   4.737546e-03   1.561447e+00   1.551465e+00   8.987027e-01   6.691200e-08   4.527009e-03
   158   1.282778e+00   1.266037e+00   9.939716e-01   2.390676e-06   8.582703e-03  -3.475407e-02   1.570903e+00   1.560526e+00   9.986993e-02   6.059744e-09   4.516109e-03   1.581699e+00   1.571691e+00   8.988294e-01   5.237643e-08   4.329019e-03
   159   1.316931e+00   1.300190e+00   9.949547e-01   1.573096e-06   7.948149e-03  -3.107439e-02   1.591912e+00   1.581534e+00   9.988264e-02   4.729516e-09   4.305740e-03   1.601998e+00   1.591967e+00   8.989438e-01   4.099090e-08   4.139623e-03
   160   1.351085e+00   1.334343e+00   9.957763e-01   1.035395e-06   7.361681e-03  -2.773062e-02   1.612921e+00   1.602544e+00   9.989411e-02   3.691279e-09   4.105913e-03   1.622341e+00   1.612288e+00   8.990470e-01   3.207637e-08   3.958580e-03
   161   1.385238e+00   1.368497e+00   9.964642e-01   6.818123e-07   6.819409e-03  -2.471530e-02   1.633929e+00   1.623552e+00   9.990446e-02   2.881098e-09   3.916150e-03   1.642722e+00   1.632651e+00   8.991401e-01   2.509921e-08   3.785670e-03
   162   1.419391e+00   1.402650e+00   9.970369e-01   4.492513e-07   6.317786e-03  -2.202175e-02   1.654934e+00   1.644559e+00   9.991379e-02   2.248993e-09   3.736022e-03   1.663136e+00   1.653049e+00   8.992241e-01   1.964033e-08   3.620696e-03
   163   1.453545e+00   1.436804e+00   9.975123e-01   2.962269e-07   5.853624e-03  -1.959095e-02   1.675932e+00   1.665560e+00   9.992222e-02   1.755904e-09   3.565146e-03   1.683576e+00   1.673476e+00   8.993000e-01   1.537072e-08   3.463482e-03
   164   1.487698e+00   1.470957e+00   9.979118e-01   1.954809e-07   5.424110e-03  -1.742863e-02   1.696918e+00   1.686552e+00   9.992982e-02   1.371314e-09   3.403182e-03   1.704033e+00   1.693925e+00   8.993684e-01   1.203225e-08   3.313876e-03
   165   1.521852e+00   1.505111e+00   9.982469e-01   1.291229e-07   5.026729e-03  -1.548179e-02   1.717886e+00   1.707529e+00   9.993668e-02   1.071386e-09   3.249831e-03   1.724497e+00   1.714386e+00   8.994301e-01   9.422509e-09   3.171751e-03
   166   1.556005e+00   1.539264e+00   9.985248e-01   8.537083e-08   4.659145e-03  -1.371774e-02   1.738827e+00   1.728483e+00   9.994287e-02   8.375032e-10   3.104837e-03   1.744958e+00   1.734848e+00   8.994858e-01   7.382855e-09   3.037008e-03
   167   1.590159e+00   1.573418e+00   9.987587e-01   5.649932e-08   4.319308e-03  -1.215301e-02   1.759732e+00   1.749405e+00   9.994845e-02   6.551329e-10   2.967986e-03   1.765400e+00   1.755299e+00   8.995361e-01   5.789003e-09   2.909576e-03
   168   1.624312e+00   1.607571e+00   9.989557e-01   3.743409e-08   4.005444e-03  -1.070354e-02   1.780587e+00   1.770284e+00   9.995349e-02   5.129306e-10   2.839105e-03   1.785808e+00   1.775724e+00   8.995814e-01   4.543634e-09   2.789415e-03
   169   1.658466e+00   1.641724e+00   9.991201e-01   2.483058e-08   3.715917e-03  -9.357005e-03   1.801378e+00   1.791107e+00   9.995804e-02   4.020442e-10   2.718060e-03   1.806162e+00   1.796104e+00   8.996223e-01   3.570578e-09   2.676518e-03
   170   1.692619e+00   1.675878e+00   9.992585e-01   1.648998e-08   3.449248e-03  -8.125046e-03   1.822087e+00   1.811856e+00   9.996214e-02   3.155676e-10   2.604764e-03   1.826442e+00   1.816420e+00   8.996593e-01   2.810246e-09   2.570911e-03
   171   1.726772e+00   1.710031e+00   9.993756e-01   1.096609e-08   3.204389e-03  -6.880724e-03   1.842691e+00   1.832511e+00   9.996584e-02   2.481145e-10   2.499168e-03   1.846619e+00   1.836648e+00   8.996926e-01   2.216035e-09   2.472657e-03
   172   1.760926e+00   1.744185e+00   9.994738e-01   7.303528e-09   2.980384e-03  -5.646669e-03   1.863166e+00   1.853049e+00   9.996918e-02   1.954845e-10   2.401269e-03   1.866666e+00   1.856758e+00   8.997226e-01   1.751519e-09   2.381855e-03
   173   1.795079e+00   1.778338e+00   9.995567e-01   4.872122e-09   2.776298e-03  -4.403618e-03   1.883482e+00   1.873443e+00   9.997219e-02   1.544032e-10   2.311104e-03   1.886546e+00   1.876720e+00   8.997498e-01   1.388233e-09   2.298639e-03
   174   1.829233e+00   1.812492e+00   9.996273e-01   3.256677e-09   2.592008e-03  -2.901975e-03   1.903603e+00   1.893659e+00   9.997491e-02   1.223186e-10   2.228751e-03   1.906223e+00   1.896496e+00   8.997742e-01   1.103943e-09   2.223178e-03
   175   1.863386e+00   1.846645e+00   9.996869e-01   2.182035e-09   2.427505e-03  -1.272572e-03   1.923493e+00   1.913662e+00   9.997737e-02   9.724153e-11   2.154328e-03   1.925652e+00   1.916046e+00   8.997963e-01   8.812876e-10   2.155674e-03
   176   1.897540e+00   1.880799e+00   9.997375e-01   1.466004e-09   2.282667e-03   6.560668e-04   1.943107e+00   1.933411e+00   9.997958e-02   7.762144e-11   2.088023e-03   1.944786e+00   1.935324e+00   8.998162e-01   7.067150e-10   2.096356e-03
   177   1.931693e+00   1.914952e+00   9.997809e-01   9.882856e-10   2.158478e-03   3.167679e-03   1.962402e+00   1.952862e+00   9.998158e-02   6.224179e-11   2.030351e-03   1.963576e+00   1.954282e+00   8.998342e-01   5.696289e-10   2.045554e-03
   178   1.965847e+00   1.949105e+00   9.998181e-01   6.691329e-10   2.057562e-03   6.311502e-03   1.981350e+00   1.971979e+00   9.998338e-02   5.011152e-11   1.983763e-03   1.981976e+00   1.972873e+00   8.998504e-01   4.615655e-10   2.004509e-03
   179   2.000000e+00   1.983259e+00   9.998500e-01   4.539204e-10   1.988587e-03   8.262743e-03   2.000000e+00   1.990775e+00   9.998500e-02   4.034112e-11   1.957749e-03   2.000000e+00   1.991081e+00   8.998650e-01   3.748802e-10   1.980509e-03
