     i          log_r       log_rmid          m_tot        rho_tot         v2_tot            eta     lgr[heavy]    lgrm[heavy]       m[heavy]     rho[heavy]      v2[heavy]     lgr[light]    lgrm[light]       m[light]     rho[light]      v2[light]
     0  -4.810995e+00  -5.112025e+00   1.014076e-07   8.148150e+07   2.958955e-01            nan  -4.810995e+00  -5.112025e+00   9.998500e-08   8.129096e+07   2.948805e-01  -3.095463e+00  -3.396493e+00   8.998650e-07   5.220210e+03   5.687845e-01
     1  -4.772945e+00  -4.791554e+00   1.313223e-07   8.040926e+07   2.953483e-01            nan  -4.788409e+00  -4.799555e+00   1.166721e-07   8.034825e+07   2.948636e-01  -3.054409e+00  -3.074451e+00   1.050049e-06   2.657099e+03   5.429111e-01
     2  -4.734895e+00  -4.753503e+00   1.701071e-07   8.021762e+07   2.953045e-01            nan  -4.765831e+00  -4.776973e+00   1.361439e-07   8.024586e+07   2.948618e-01  -3.013991e+00  -3.033730e+00   1.225295e-06   2.377083e+03   5.379763e-01
     3  -4.696845e+00  -4.715453e+00   2.203779e-07   7.999042e+07   2.952637e-01            nan  -4.743257e+00  -4.754397e+00   1.588651e-07   8.013273e+07   2.948597e-01  -2.974177e+00  -2.993628e+00   1.429786e-06   2.134549e+03   5.326781e-01
     4  -4.658794e+00  -4.677403e+00   2.855053e-07   7.972408e+07   2.952253e-01            nan  -4.720685e+00  -4.731824e+00   1.853780e-07   8.000770e+07   2.948575e-01  -2.934941e+00  -2.954116e+00   1.668402e-06   1.923777e+03   5.270181e-01
     5  -4.620744e+00  -4.639353e+00   3.698360e-07   7.941272e+07   2.951891e-01            nan  -4.698109e+00  -4.709250e+00   2.163150e-07   7.986952e+07   2.948550e-01  -2.896260e+00  -2.915170e+00   1.946835e-06   1.739866e+03   5.210211e-01
     6  -4.582694e+00  -4.601302e+00   4.789679e-07   7.904374e+07   2.951546e-01            nan  -4.675528e+00  -4.686672e+00   2.524142e-07   7.971680e+07   2.948523e-01  -2.858108e+00  -2.876765e+00   2.271728e-06   1.578724e+03   5.147230e-01
     7  -4.544644e+00  -4.563252e+00   6.200651e-07   7.860941e+07   2.951213e-01            nan  -4.652937e+00  -4.664086e+00   2.945370e-07   7.954802e+07   2.948492e-01  -2.820462e+00  -2.838877e+00   2.650833e-06   1.436969e+03   5.081200e-01
     8  -4.506593e+00  -4.525202e+00   8.023207e-07   7.810190e+07   2.950890e-01            nan  -4.630334e+00  -4.641489e+00   3.436881e-07   7.936149e+07   2.948458e-01  -2.783290e+00  -2.801478e+00   3.093193e-06   1.311551e+03   5.013043e-01
     9  -4.468543e+00  -4.487152e+00   1.037504e-06   7.750280e+07   2.950571e-01            nan  -4.607715e+00  -4.618877e+00   4.010398e-07   7.915537e+07   2.948421e-01  -2.746569e+00  -2.764541e+00   3.609358e-06   1.200278e+03   4.942273e-01
    10  -4.430493e+00  -4.449101e+00   1.340505e-06   7.679854e+07   2.950251e-01            nan  -4.585076e+00  -4.596248e+00   4.679601e-07   7.892762e+07   2.948380e-01  -2.710261e+00  -2.728036e+00   4.211641e-06   1.100755e+03   4.870473e-01
    11  -4.392443e+00  -4.411051e+00   1.730256e-06   7.597982e+07   2.949928e-01            nan  -4.562414e+00  -4.573597e+00   5.460446e-07   7.867602e+07   2.948334e-01  -2.674337e+00  -2.691928e+00   4.914402e-06   1.011565e+03   4.797059e-01
    12  -4.354392e+00  -4.373001e+00   2.230779e-06   7.501879e+07   2.949593e-01            nan  -4.539725e+00  -4.550921e+00   6.371554e-07   7.839812e+07   2.948283e-01  -2.638758e+00  -2.656183e+00   5.734398e-06   9.309949e+02   4.723415e-01
    13  -4.316342e+00  -4.334951e+00   2.871780e-06   7.389852e+07   2.949242e-01            nan  -4.517005e+00  -4.528216e+00   7.434644e-07   7.809124e+07   2.948227e-01  -2.603488e+00  -2.620765e+00   6.691180e-06   8.579918e+02   4.649472e-01
    14  -4.278292e+00  -4.296900e+00   3.690723e-06   7.261014e+07   2.948870e-01            nan  -4.494250e+00  -4.505479e+00   8.675058e-07   7.775244e+07   2.948165e-01  -2.568488e+00  -2.585635e+00   7.807552e-06   7.914687e+02   4.575942e-01
    15  -4.240242e+00  -4.258850e+00   4.734262e-06   7.110755e+07   2.948468e-01            nan  -4.471456e+00  -4.482704e+00   1.012236e-06   7.737852e+07   2.948096e-01  -2.533719e+00  -2.550755e+00   9.110122e-06   7.305639e+02   4.503367e-01
    16  -4.202191e+00  -4.220800e+00   6.057403e-06   6.938912e+07   2.948031e-01            nan  -4.448616e+00  -4.459886e+00   1.181103e-06   7.696599e+07   2.948020e-01  -2.499144e+00  -2.516087e+00   1.062993e-05   6.746404e+02   4.431824e-01
    17  -4.164141e+00  -4.182750e+00   7.730521e-06   6.743533e+07   2.947552e-01            nan  -4.425726e+00  -4.437020e+00   1.378130e-06   7.651105e+07   2.947936e-01  -2.464721e+00  -2.481592e+00   1.240317e-05   6.229961e+02   4.362254e-01
    18  -4.126091e+00  -4.144699e+00   9.833888e-06   6.520229e+07   2.947018e-01            nan  -4.402779e+00  -4.414101e+00   1.608010e-06   7.600957e+07   2.947843e-01  -2.430418e+00  -2.447231e+00   1.447209e-05   5.752970e+02   4.294147e-01
    19  -4.088041e+00  -4.106649e+00   1.246465e-05   6.272326e+07   2.946430e-01            nan  -4.379769e+00  -4.391122e+00   1.876216e-06   7.545708e+07   2.947740e-01  -2.396195e+00  -2.412970e+00   1.688595e-05   5.309899e+02   4.228610e-01
    20  -4.049990e+00  -4.068599e+00   1.573491e-05   5.992261e+07   2.945766e-01            nan  -4.356688e+00  -4.368075e+00   2.189133e-06   7.484874e+07   2.947626e-01  -2.362025e+00  -2.378774e+00   1.970220e-05   4.899273e+02   4.164628e-01
    21  -4.011940e+00  -4.030549e+00   1.976910e-05   5.688031e+07   2.945032e-01            nan  -4.333528e+00  -4.344954e+00   2.554206e-06   7.417934e+07   2.947499e-01  -2.327874e+00  -2.344614e+00   2.298786e-05   4.516897e+02   4.103274e-01
    22  -3.973890e+00  -3.992498e+00   2.470906e-05   5.352575e+07   2.944204e-01            nan  -4.310279e+00  -4.321748e+00   2.980121e-06   7.344332e+07   2.947359e-01  -2.293721e+00  -2.310462e+00   2.682109e-05   4.162038e+02   4.043351e-01
    23  -3.935840e+00  -3.954448e+00   3.070785e-05   4.997115e+07   2.943290e-01            nan  -4.286932e+00  -4.298449e+00   3.477003e-06   7.263470e+07   2.947204e-01  -2.259542e+00  -2.276295e+00   3.129303e-05   3.831905e+02   3.985520e-01
    24  -3.897789e+00  -3.916398e+00   3.790656e-05   4.616649e+07   2.942262e-01            nan  -4.263474e+00  -4.275045e+00   4.056664e-06   7.174716e+07   2.947033e-01  -2.225326e+00  -2.242097e+00   3.650997e-05   3.525775e+02   3.928732e-01
    25  -3.859739e+00  -3.878348e+00   4.649021e-05   4.223072e+07   2.941127e-01            nan  -4.239893e+00  -4.251524e+00   4.732872e-06   7.077399e+07   2.946843e-01  -2.191057e+00  -2.207853e+00   4.259585e-05   3.241651e+02   3.873380e-01
    26  -3.821689e+00  -3.840297e+00   5.658319e-05   3.823282e+07   2.939878e-01            nan  -4.216174e+00  -4.227872e+00   5.521683e-06   6.970819e+07   2.946633e-01  -2.156730e+00  -2.173554e+00   4.969515e-05   2.978692e+02   3.818643e-01
    27  -3.783639e+00  -3.802247e+00   6.829711e-05   3.416938e+07   2.938483e-01            nan  -4.192302e+00  -4.204074e+00   6.441814e-06   6.854246e+07   2.946401e-01  -2.122338e+00  -2.139193e+00   5.797633e-05   2.735257e+02   3.764861e-01
    28  -3.745588e+00  -3.764197e+00   8.177490e-05   3.018621e+07   2.936951e-01            nan  -4.168257e+00  -4.180113e+00   7.515084e-06   6.726927e+07   2.946144e-01  -2.087879e+00  -2.104767e+00   6.763576e-05   2.510405e+02   3.711453e-01
    29  -3.707538e+00  -3.726147e+00   9.709130e-05   2.635386e+07   2.935270e-01            nan  -4.144020e+00  -4.155970e+00   8.766923e-06   6.588100e+07   2.945860e-01  -2.053352e+00  -2.070273e+00   7.890231e-05   2.302689e+02   3.658788e-01
    30  -3.669488e+00  -3.688096e+00   1.142798e-04   2.273511e+07   2.933424e-01            nan  -4.119567e+00  -4.131622e+00   1.022697e-05   6.437001e+07   2.945545e-01  -2.018758e+00  -2.035711e+00   9.204273e-05   2.111157e+02   3.606458e-01
    31  -3.631438e+00  -3.650046e+00   1.333325e-04   1.938348e+07   2.931395e-01            nan  -4.094872e+00  -4.107044e+00   1.192976e-05   6.272882e+07   2.945197e-01  -1.984096e+00  -2.001081e+00   1.073678e-04   1.934521e+02   3.554847e-01
    32  -3.593387e+00  -3.611996e+00   1.542071e-04   1.633966e+07   2.929158e-01            nan  -4.069905e+00  -4.082209e+00   1.391553e-05   6.095029e+07   2.944812e-01  -1.949368e+00  -1.966385e+00   1.252398e-04   1.771886e+02   3.503641e-01
    33  -3.555337e+00  -3.573946e+00   1.768439e-04   1.362908e+07   2.926687e-01            nan  -4.044633e+00  -4.057085e+00   1.623115e-05   5.902791e+07   2.944385e-01  -1.914576e+00  -1.931624e+00   1.460803e-04   1.622117e+02   3.453204e-01
    34  -3.517287e+00  -3.535895e+00   2.011903e-04   1.126089e+07   2.923950e-01            nan  -4.019016e+00  -4.031635e+00   1.893121e-05   5.695607e+07   2.943913e-01  -1.879722e+00  -1.896799e+00   1.703808e-04   1.484399e+02   3.403270e-01
    35  -3.479236e+00  -3.497845e+00   2.272302e-04   9.228568e+06   2.920919e-01            nan  -3.993011e+00  -4.005819e+00   2.207926e-05   5.473044e+07   2.943390e-01  -1.844808e+00  -1.861915e+00   1.987134e-04   1.357738e+02   3.354170e-01
    36  -3.441186e+00  -3.459795e+00   2.549789e-04   7.512060e+06   2.917582e-01            nan  -3.966568e+00  -3.979588e+00   2.574932e-05   5.234838e+07   2.942811e-01  -1.809838e+00  -1.826971e+00   2.317439e-04   1.241408e+02   3.305658e-01
    37  -3.403136e+00  -3.421745e+00   2.835405e-04   6.071592e+06   2.913790e-01            nan  -3.939628e+00  -3.952889e+00   3.002750e-05   4.980950e+07   2.942168e-01  -1.774813e+00  -1.791972e+00   2.702475e-04   1.134538e+02   3.258046e-01
    38  -3.365086e+00  -3.383694e+00   3.137214e-04   4.883204e+06   2.909459e-01            nan  -3.912124e+00  -3.925658e+00   3.501400e-05   4.711617e+07   2.941453e-01  -1.739736e+00  -1.756920e+00   3.151260e-04   1.036492e+02   3.211080e-01
    39  -3.327035e+00  -3.345644e+00   3.457591e-04   3.916964e+06   2.904721e-01            nan  -3.883980e+00  -3.897824e+00   4.082538e-05   4.427422e+07   2.940659e-01  -1.704609e+00  -1.721818e+00   3.674284e-04   9.465054e+01   3.165074e-01
    40  -3.288985e+00  -3.307594e+00   3.780106e-04   3.132199e+06   2.899286e-01            nan  -3.855106e+00  -3.869303e+00   4.759714e-05   4.129358e+07   2.939774e-01  -1.669437e+00  -1.686667e+00   4.283742e-04   8.640338e+01   3.119738e-01
    41  -3.250935e+00  -3.269544e+00   4.123314e-04   2.502120e+06   2.893001e-01            nan  -3.825396e+00  -3.839997e+00   5.548679e-05   3.818899e+07   2.938785e-01  -1.634220e+00  -1.651472e+00   4.993811e-04   7.884028e+01   3.075421e-01
    42  -3.212885e+00  -3.231493e+00   4.475652e-04   1.997691e+06   2.886294e-01            nan  -3.794729e+00  -3.809792e+00   6.467734e-05   3.498070e+07   2.937677e-01  -1.598963e+00  -1.616234e+00   5.820960e-04   7.191551e+01   3.031764e-01
    43  -3.174834e+00  -3.193443e+00   4.844089e-04   1.596771e+06   2.877946e-01            nan  -3.762961e+00  -3.778554e+00   7.538125e-05   3.169505e+07   2.936430e-01  -1.563666e+00  -1.580956e+00   6.784313e-04   6.556932e+01   2.989178e-01
    44  -3.136784e+00  -3.155393e+00   5.226639e-04   1.276571e+06   2.869478e-01            nan  -3.729921e+00  -3.746127e+00   8.784517e-05   2.836491e+07   2.935020e-01  -1.528334e+00  -1.545641e+00   7.906065e-04   5.976417e+01   2.947208e-01
    45  -3.098734e+00  -3.117343e+00   5.626320e-04   1.024664e+06   2.858509e-01            nan  -3.695409e+00  -3.712322e+00   1.023551e-04   2.502974e+07   2.933415e-01  -1.492968e+00  -1.510291e+00   9.211963e-04   5.444710e+01   2.906345e-01
    46  -3.060684e+00  -3.079292e+00   6.043003e-04   8.226336e+05   2.847622e-01   4.681311e-01  -3.659189e+00  -3.676922e+00   1.192428e-04   2.173535e+07   2.931573e-01  -1.457572e+00  -1.474909e+00   1.073185e-03   4.958749e+01   2.866030e-01
    47  -3.022633e+00  -3.041242e+00   6.482453e-04   6.643759e+05   2.833297e-01   4.661344e-01  -3.620979e+00  -3.639664e+00   1.388921e-04   1.853288e+07   2.929439e-01  -1.422147e+00  -1.439498e+00   1.250029e-03   4.513936e+01   2.826795e-01
    48  -2.984583e+00  -3.003192e+00   6.941609e-04   5.368457e+05   2.818836e-01   4.634317e-01  -3.580446e+00  -3.600240e+00   1.617478e-04   1.547713e+07   2.926936e-01  -1.386697e+00  -1.404060e+00   1.455730e-03   4.107627e+01   2.788085e-01
    49  -2.946533e+00  -2.965141e+00   7.430758e-04   4.365188e+05   2.800917e-01   4.610496e-01  -3.537201e+00  -3.558285e+00   1.883238e-04   1.262383e+07   2.923958e-01  -1.351224e+00  -1.368599e+00   1.694914e-03   3.736077e+01   2.750303e-01
    50  -2.908483e+00  -2.927091e+00   7.945295e-04   3.555696e+05   2.782224e-01   4.583023e-01  -3.490791e+00  -3.513376e+00   2.192140e-04   1.002597e+07   2.920353e-01  -1.315733e+00  -1.333116e+00   1.972926e-03   3.396815e+01   2.713047e-01
    51  -2.870432e+00  -2.889041e+00   8.495625e-04   2.910431e+05   2.760553e-01   4.557711e-01  -3.440706e+00  -3.465027e+00   2.551039e-04   7.729203e+06   2.915903e-01  -1.280225e+00  -1.297616e+00   2.295935e-03   3.086916e+01   2.676475e-01
    52  -2.832382e+00  -2.850991e+00   9.082747e-04   2.390650e+05   2.736873e-01   4.531944e-01  -3.386396e+00  -3.412703e+00   2.967831e-04   5.766688e+06   2.910284e-01  -1.244705e+00  -1.262102e+00   2.671048e-03   2.804030e+01   2.640404e-01
    53  -2.794332e+00  -2.812940e+00   9.710717e-04   1.969197e+05   2.711299e-01   4.506110e-01  -3.327309e+00  -3.355848e+00   3.451610e-04   4.154233e+06   2.903020e-01  -1.209178e+00  -1.226578e+00   3.106449e-03   2.545925e+01   2.604712e-01
    54  -2.756282e+00  -2.774890e+00   1.038968e-03   1.629925e+05   2.682236e-01   4.484216e-01  -3.262986e+00  -3.293958e+00   4.012824e-04   2.886836e+06   2.893409e-01  -1.173646e+00  -1.191049e+00   3.611542e-03   2.310369e+01   2.569465e-01
    55  -2.718231e+00  -2.736840e+00   1.111848e-03   1.350564e+05   2.652580e-01   4.459978e-01  -3.193190e+00  -3.226688e+00   4.663463e-04   1.938034e+06   2.880428e-01  -1.138116e+00  -1.155518e+00   4.197117e-03   2.095687e+01   2.534245e-01
    56  -2.680181e+00  -2.698790e+00   1.191040e-03   1.124736e+05   2.618302e-01   4.444349e-01  -3.118090e+00  -3.154019e+00   5.417261e-04   1.263158e+06   2.862656e-01  -1.102591e+00  -1.119990e+00   4.875535e-03   1.899863e+01   2.499279e-01
    57  -2.642131e+00  -2.660739e+00   1.276686e-03   9.368369e+04   2.584483e-01   4.425087e-01  -3.038415e+00  -3.076428e+00   6.289911e-04   8.064796e+05   2.838262e-01  -1.067079e+00  -1.084472e+00   5.660920e-03   1.721471e+01   2.464136e-01
    58  -2.604081e+00  -2.622689e+00   1.369849e-03   7.834236e+04   2.545829e-01   4.417574e-01  -2.955481e+00  -2.994971e+00   7.299314e-04   5.105474e+05   2.805192e-01  -1.031584e+00  -1.048969e+00   6.569382e-03   1.558942e+01   2.428791e-01
    59  -2.566030e+00  -2.584639e+00   1.471262e-03   6.551961e+04   2.507920e-01   4.407450e-01  -2.870984e+00  -2.911181e+00   8.465830e-04   3.246292e+05   2.761591e-01  -9.961114e-01  -1.013485e+00   7.619247e-03   1.410869e+01   2.393141e-01
    60  -2.527980e+00  -2.546589e+00   1.581607e-03   5.489475e+04   2.466632e-01   4.408089e-01  -2.786629e+00  -2.826762e+00   9.812558e-04   2.095296e+05   2.706405e-01  -9.606690e-01  -9.780287e-01   8.831303e-03   1.276058e+01   2.356865e-01
    61  -2.489930e+00  -2.508538e+00   1.702061e-03   4.600242e+04   2.425978e-01   4.408766e-01  -2.703764e+00  -2.743223e+00   1.136562e-03   1.381264e+05   2.639867e-01  -9.252597e-01  -9.426036e-01   1.022906e-02   1.153209e+01   2.320131e-01
    62  -2.451880e+00  -2.470488e+00   1.833156e-03   3.854546e+04   2.383719e-01   4.417995e-01  -2.623202e+00  -2.661618e+00   1.315444e-03   9.312847e+04   2.563626e-01  -8.898877e-01  -9.072137e-01   1.183900e-02   1.041303e+01   2.282681e-01
    63  -2.413829e+00  -2.432438e+00   1.976126e-03   3.230045e+04   2.342254e-01   4.428923e-01  -2.545234e+00  -2.582471e+00   1.521208e-03   6.407016e+04   2.480476e-01  -8.545564e-01  -8.718629e-01   1.369088e-02   9.393459e+00   2.244422e-01
    64  -2.375779e+00  -2.394388e+00   2.131643e-03   2.701651e+04   2.301079e-01   4.444268e-01  -2.469749e+00  -2.505853e+00   1.757548e-03   4.477360e+04   2.393888e-01  -8.192646e-01  -8.365521e-01   1.581793e-02   8.463398e+00   2.205562e-01
    65  -2.337729e+00  -2.356337e+00   2.300715e-03   2.259359e+04   2.260993e-01   4.461697e-01  -2.396374e+00  -2.431513e+00   2.028572e-03   3.160755e+04   2.307527e-01  -7.840100e-01  -8.012797e-01   1.825715e-02   7.614827e+00   2.166013e-01
    66  -2.299679e+00  -2.318287e+00   2.484184e-03   1.883872e+04   2.223016e-01   4.477851e-01  -2.324600e+00  -2.359006e+00   2.338830e-03   2.241611e+04   2.224797e-01  -7.487882e-01  -7.660422e-01   2.104947e-02   6.840128e+00   2.125855e-01
    67  -2.261628e+00  -2.280237e+00   2.682975e-03   1.569809e+04   2.186545e-01   4.494660e-01  -2.253875e+00  -2.287799e+00   2.693323e-03   1.589360e+04   2.148394e-01  -7.135891e-01  -7.308322e-01   2.423991e-02   6.131972e+00   2.085418e-01
    68  -2.223578e+00  -2.242187e+00   2.897691e-03   1.304197e+04   2.153081e-01   4.505846e-01  -2.183689e+00  -2.217366e+00   3.097518e-03   1.122607e+04   2.079815e-01  -6.784011e-01  -6.956388e-01   2.787766e-02   5.484523e+00   2.044784e-01
    69  -2.185528e+00  -2.204136e+00   3.129859e-03   1.082332e+04   2.121581e-01   4.515013e-01  -2.113649e+00  -2.147259e+00   3.557342e-03   7.885077e+03   2.018923e-01  -6.432104e-01  -6.604494e-01   3.201608e-02   4.892605e+00   2.004065e-01
    70  -2.147478e+00  -2.166086e+00   3.379101e-03   8.962179e+03   2.092905e-01   4.517569e-01  -2.043532e+00  -2.077177e+00   4.079169e-03   5.508402e+03   1.963974e-01  -6.080007e-01  -6.252489e-01   3.671252e-02   4.351486e+00   1.963593e-01
    71  -2.109427e+00  -2.128036e+00   3.648201e-03   7.412257e+03   2.066284e-01   4.516248e-01  -1.973301e+00  -2.006998e+00   4.669785e-03   3.833164e+03   1.912472e-01  -5.727557e-01  -5.900208e-01   4.202806e-02   3.857420e+00   1.923444e-01
    72  -2.071377e+00  -2.089986e+00   3.936157e-03   6.123543e+03   2.041653e-01   4.510484e-01  -1.903049e+00  -1.936756e+00   5.336336e-03   2.662157e+03   1.862470e-01  -5.374614e-01  -5.547501e-01   4.802703e-02   3.407272e+00   1.883613e-01
    73  -2.033327e+00  -2.051935e+00   4.246374e-03   5.054805e+03   2.018623e-01   4.501760e-01  -1.832936e+00  -1.866579e+00   6.086254e-03   1.848142e+03   1.813174e-01  -5.021077e-01  -5.194249e-01   5.477629e-02   2.998339e+00   1.844027e-01
    74  -1.995277e+00  -2.013885e+00   4.578488e-03   4.171810e+03   1.996796e-01   4.491377e-01  -1.763132e+00  -1.796633e+00   6.927149e-03   1.283948e+03   1.764621e-01  -4.666887e-01  -4.840372e-01   6.234434e-02   2.628106e+00   1.804693e-01
    75  -1.957226e+00  -1.975835e+00   4.935503e-03   3.442215e+03   1.975923e-01   4.480374e-01  -1.693802e+00  -1.727085e+00   7.866679e-03   8.933715e+02   1.717150e-01  -4.312051e-01  -4.485846e-01   7.080011e-02   2.294378e+00   1.765397e-01
    76  -1.919176e+00  -1.937785e+00   5.318504e-03   2.841176e+03   1.955919e-01   4.469332e-01  -1.625096e+00  -1.658091e+00   8.912390e-03   6.229851e+02   1.671126e-01  -3.956654e-01  -4.130718e-01   8.021151e-02   1.994986e+00   1.725906e-01
    77  -1.881126e+00  -1.899734e+00   5.729646e-03   2.345483e+03   1.936480e-01   4.459455e-01  -1.557147e+00  -1.589794e+00   1.007152e-02   4.356325e+02   1.626855e-01  -3.600846e-01  -3.775107e-01   9.064369e-02   1.727732e+00   1.685995e-01
    78  -1.843076e+00  -1.861684e+00   6.171838e-03   1.937322e+03   1.917886e-01   4.450200e-01  -1.490074e+00  -1.522317e+00   1.135078e-02   3.055977e+02   1.584567e-01  -3.244842e-01  -3.419197e-01   1.021570e-01   1.490357e+00   1.645529e-01
    79  -1.805025e+00  -1.823634e+00   6.646169e-03   1.600869e+03   1.899908e-01   4.442333e-01  -1.423980e+00  -1.455771e+00   1.275612e-02   2.151377e+02   1.544420e-01  -2.888903e-01  -3.063227e-01   1.148050e-01   1.280558e+00   1.604422e-01
    80  -1.766975e+00  -1.785584e+00   7.157648e-03   1.323658e+03   1.882824e-01   4.435403e-01  -1.358954e+00  -1.390251e+00   1.429243e-02   1.520312e+02   1.506499e-01  -2.533339e-01  -2.707483e-01   1.286319e-01   1.096059e+00   1.562566e-01
    81  -1.728925e+00  -1.747533e+00   7.706156e-03   1.095068e+03   1.866563e-01   4.429536e-01  -1.295072e+00  -1.325839e+00   1.596333e-02   1.078646e+02   1.470821e-01  -2.178496e-01  -2.352294e-01   1.436700e-01   9.346088e-01   1.519891e-01
    82  -1.690875e+00  -1.709483e+00   8.298740e-03   9.065475e+02   1.851287e-01   4.424593e-01  -1.232399e+00  -1.262606e+00   1.777087e-02   7.684358e+01   1.437338e-01  -1.824751e-01  -1.998022e-01   1.599378e-01   7.940177e-01   1.476364e-01
    83  -1.652824e+00  -1.671433e+00   8.935107e-03   7.510057e+02   1.837009e-01   4.420452e-01  -1.170987e+00  -1.200608e+00   1.971527e-02   5.497242e+01   1.405938e-01  -1.472499e-01  -1.645054e-01   1.774374e-01   6.721645e-01   1.432078e-01
    84  -1.614774e+00  -1.633383e+00   9.622896e-03   6.225653e+02   1.823846e-01   4.416943e-01  -1.110879e+00  -1.139894e+00   2.179475e-02   3.949052e+01   1.376444e-01  -1.122153e-01  -1.293794e-01   1.961527e-01   5.670527e-01   1.387049e-01
    85  -1.576724e+00  -1.595332e+00   1.036397e-02   5.165402e+02   1.811778e-01   4.414196e-01  -1.052108e+00  -1.080500e+00   2.400535e-02   2.848595e+01   1.348626e-01  -7.741396e-02  -9.446612e-02   2.160481e-01   4.768033e-01   1.341316e-01
    86  -1.538674e+00  -1.557282e+00   1.116472e-02   4.288456e+02   1.800981e-01   4.411477e-01  -9.946953e-01  -1.022454e+00   2.634082e-02   2.063070e+01   1.322192e-01  -4.288876e-02  -5.980837e-02   2.370673e-01   3.996594e-01   1.294982e-01
    87  -1.500623e+00  -1.519232e+00   1.203052e-02   3.564108e+02   1.791322e-01   4.409639e-01  -9.386528e-01  -9.657707e-01   2.879262e-02   1.499912e+01   1.296809e-01  -8.681597e-03  -2.544847e-02   2.591336e-01   3.339956e-01   1.248210e-01
    88  -1.462573e+00  -1.481182e+00   1.296594e-02   2.964097e+02   1.783043e-01   4.407115e-01  -8.839796e-01  -9.104564e-01   3.134998e-02   1.094392e+01   1.272132e-01   2.516615e-02   8.571941e-03   2.821498e-01   2.783389e-01   1.201100e-01
    89  -1.424523e+00  -1.443131e+00   1.398120e-02   2.467771e+02   1.775974e-01   4.405306e-01  -8.306612e-01  -8.565027e-01   3.400006e-02   8.010773e+00   1.247806e-01   5.861505e-02   4.221254e-02   3.060005e-01   2.313482e-01   1.153821e-01
    90  -1.386473e+00  -1.405081e+00   1.507802e-02   2.056486e+02   1.770200e-01   4.402649e-01  -7.786666e-01  -8.038862e-01   3.672816e-02   5.879595e+00   1.223532e-01   9.162871e-02   7.543550e-02   3.305535e-01   1.918174e-01   1.106582e-01
    91  -1.348422e+00  -1.367031e+00   1.627070e-02   1.715421e+02   1.765746e-01   4.399933e-01  -7.279464e-01  -7.525665e-01   3.951809e-02   4.324106e+00   1.199072e-01   1.241730e-01   1.082056e-01   3.556628e-01   1.586823e-01   1.059523e-01
    92  -1.310372e+00  -1.328981e+00   1.756477e-02   1.432769e+02   1.762377e-01   4.396624e-01  -6.784297e-01  -7.024827e-01   4.235249e-02   3.183779e+00   1.174323e-01   1.562185e-01   1.404912e-01   3.811724e-01   1.309926e-01   1.012894e-01
    93  -1.272322e+00  -1.290930e+00   1.897172e-02   1.197646e+02   1.760399e-01   4.391839e-01  -6.300215e-01  -6.535515e-01   4.521329e-02   2.344273e+00   1.149293e-01   1.877392e-01   1.722647e-01   4.069196e-01   1.079257e-01   9.668553e-02
    94  -1.234272e+00  -1.252880e+00   2.050617e-02   1.002564e+02   1.759333e-01   4.386304e-01  -5.826029e-01  -6.056654e-01   4.808216e-02   1.724025e+00   1.124168e-01   2.187137e-01   2.035025e-01   4.327394e-01   8.876163e-02   9.216099e-02
    95  -1.196221e+00  -1.214830e+00   2.217368e-02   8.401746e+01   1.759328e-01   4.378907e-01  -5.360288e-01  -5.586918e-01   5.094094e-02   1.264436e+00   1.099234e-01   2.491253e-01   2.341856e-01   4.584685e-01   7.288066e-02   8.773323e-02
    96  -1.158171e+00  -1.176780e+00   2.399713e-02   7.049612e+01   1.760160e-01   4.369715e-01  -4.901281e-01  -5.124723e-01   5.377208e-02   9.233031e-01   1.074880e-01   2.789614e-01   2.642995e-01   4.839488e-01   5.975128e-02   8.341781e-02
    97  -1.120121e+00  -1.138729e+00   2.598937e-02   5.924594e+01   1.761472e-01   4.358579e-01  -4.447098e-01  -4.668255e-01   5.655903e-02   6.701296e-01   1.051531e-01   3.082146e-01   2.938343e-01   5.090312e-01   4.891923e-02   7.923005e-02
    98  -1.082071e+00  -1.100679e+00   2.816668e-02   4.983632e+01   1.763451e-01   4.344532e-01  -3.995629e-01  -4.215500e-01   5.928652e-02   4.825821e-01   1.029569e-01   3.368809e-01   3.227842e-01   5.335787e-01   4.000052e-02   7.518053e-02
    99  -1.044020e+00  -1.062629e+00   3.055694e-02   4.198817e+01   1.765458e-01   4.327802e-01  -3.544605e-01  -3.764265e-01   6.194091e-02   3.442146e-01   1.009275e-01   3.649614e-01   3.511481e-01   5.574682e-01   3.266950e-02   7.128055e-02
   100  -1.005970e+00  -1.024579e+00   3.317658e-02   3.543166e+01   1.767274e-01   4.307986e-01  -3.091693e-01  -3.312248e-01   6.451030e-02   2.428152e-01   9.907806e-02   3.924602e-01   3.789284e-01   5.805927e-01   2.665382e-02   6.753585e-02
   101  -9.679198e-01  -9.865283e-01   3.605360e-02   2.992798e+01   1.768784e-01   4.284722e-01  -2.634563e-01  -2.857116e-01   6.698469e-02   1.691790e-01   9.740161e-02   4.193853e-01   4.061313e-01   6.028622e-01   2.172413e-02   6.395327e-02
   102  -9.298695e-01  -9.484781e-01   3.922418e-02   2.531888e+01   1.769430e-01   4.258318e-01  -2.170885e-01  -2.396539e-01   6.935597e-02   1.162825e-01   9.587748e-02   4.457473e-01   4.327663e-01   6.242038e-01   1.769023e-02   6.053410e-02
   103  -8.918193e-01  -9.104278e-01   4.271466e-02   2.145213e+01   1.768877e-01   4.228139e-01  -1.698320e-01  -1.928178e-01   7.161799e-02   7.875400e-02   9.448223e-02   4.715603e-01   4.588455e-01   6.445619e-01   1.439288e-02   5.728121e-02
   104  -8.537690e-01  -8.723776e-01   4.656015e-02   1.818853e+01   1.766998e-01   4.195547e-01  -1.214628e-01  -1.449744e-01   7.376638e-02   5.251123e-02   9.319460e-02   4.968397e-01   4.843839e-01   6.638974e-01   1.170092e-02   5.419216e-02
   105  -8.157188e-01  -8.343273e-01   5.081037e-02   1.543891e+01   1.763291e-01   4.160254e-01  -7.175314e-02  -9.589713e-02   7.579851e-02   3.443397e-02   9.200661e-02   5.216041e-01   5.093984e-01   6.821866e-01   9.505083e-03   5.126658e-02
   106  -7.776685e-01  -7.962770e-01   5.551213e-02   1.311744e+01   1.757530e-01   4.122386e-01  -2.048780e-02  -4.536447e-02   7.771330e-02   2.219097e-02   9.091533e-02   5.458727e-01   5.339079e-01   6.994197e-01   7.715778e-03   4.849970e-02
   107  -7.396182e-01  -7.582268e-01   6.069562e-02   1.114936e+01   1.749684e-01   4.083807e-01   3.249178e-02   6.809358e-03   7.951106e-02   1.405990e-02   8.989617e-02   5.696668e-01   5.579327e-01   7.155996e-01   6.258829e-03   4.588813e-02
   108  -7.015680e-01  -7.201765e-01   6.642947e-02   9.475687e+00   1.739831e-01   4.046411e-01   8.723132e-02   6.072341e-02   8.119333e-02   8.774213e-03   8.888610e-02   5.930084e-01   5.814944e-01   7.307399e-01   5.073492e-03   4.342612e-02
   109  -6.635177e-01  -6.821263e-01   7.277222e-02   8.052305e+00   1.727862e-01   4.009538e-01   1.435537e-01   1.163049e-01   8.276263e-02   5.418709e-03   8.773438e-02   6.159204e-01   6.046155e-01   7.448636e-01   4.109813e-03   4.110802e-02
   110  -6.254675e-01  -6.440760e-01   7.978360e-02   6.838974e+00   1.713911e-01   3.974012e-01   2.009343e-01   1.731910e-01   8.422234e-02   3.339768e-03   8.616911e-02   6.384266e-01   6.273193e-01   7.580011e-01   3.326876e-03   3.892772e-02
   111  -5.874172e-01  -6.060258e-01   8.751203e-02   5.802539e+00   1.698209e-01   3.940678e-01   2.584782e-01   2.306586e-01   8.557652e-02   2.077239e-03   8.385137e-02   6.605505e-01   6.496294e-01   7.701887e-01   2.691234e-03   3.687821e-02
   112  -5.493670e-01  -5.679755e-01   9.601865e-02   4.913891e+00   1.681138e-01   3.909643e-01   3.150570e-01   2.876883e-01   8.682971e-02   1.318511e-03   8.051894e-02   6.823165e-01   6.715699e-01   7.814674e-01   2.175480e-03   3.495336e-02
   113  -5.113167e-01  -5.299253e-01   1.053780e-01   4.154181e+00   1.662568e-01   3.877937e-01   3.696097e-01   3.431894e-01   8.798682e-02   8.605528e-04   7.617104e-02   7.037486e-01   6.931648e-01   7.918814e-01   1.757293e-03   3.314598e-02
   114  -4.732665e-01  -4.918750e-01   1.156541e-01   3.504939e+00   1.642578e-01   3.843821e-01   4.214127e-01   3.962831e-01   8.905301e-02   5.786475e-04   7.109406e-02   7.248707e-01   7.144381e-01   8.014771e-01   1.418432e-03   3.144940e-02
   115  -4.352162e-01  -4.538248e-01   1.269114e-01   2.950736e+00   1.621111e-01   3.804697e-01   4.701542e-01   4.464669e-01   9.003354e-02   3.998969e-04   6.569863e-02   7.457066e-01   7.354136e-01   8.103019e-01   1.144029e-03   2.985710e-02
   116  -3.971660e-01  -4.157745e-01   1.392146e-01   2.478485e+00   1.597993e-01   3.757367e-01   5.158424e-01   4.935988e-01   9.093373e-02   2.828251e-04   6.034407e-02   7.662794e-01   7.561148e-01   8.184036e-01   9.219819e-04   2.836237e-02
   117  -3.591157e-01  -3.777243e-01   1.526007e-01   2.076801e+00   1.573032e-01   3.698289e-01   5.586664e-01   5.377820e-01   9.175884e-02   2.038268e-04   5.525997e-02   7.866119e-01   7.765646e-01   8.258295e-01   7.424240e-04   2.695905e-02
   118  -3.210655e-01  -3.396740e-01   1.671341e-01   1.735342e+00   1.546020e-01   3.623122e-01   5.988948e-01   5.792462e-01   9.251402e-02   1.491300e-04   5.056110e-02   8.067262e-01   7.967855e-01   8.326262e-01   5.973328e-04   2.564109e-02
   119  -2.830152e-01  -3.016238e-01   1.828972e-01   1.446472e+00   1.516685e-01   3.531956e-01   6.368144e-01   6.182684e-01   9.320429e-02   1.104415e-04   4.628608e-02   8.266438e-01   8.167992e-01   8.388386e-01   4.801846e-04   2.440258e-02
   120  -2.449650e-01  -2.635735e-01   1.999507e-01   1.202620e+00   1.484869e-01   3.423831e-01   6.726994e-01   6.551274e-01   9.383445e-02   8.259278e-05   4.243158e-02   8.463854e-01   8.366268e-01   8.445100e-01   3.856724e-04   2.323808e-02
   121  -2.069147e-01  -2.255232e-01   2.183505e-01   9.971679e-01   1.450475e-01   3.297998e-01   7.067931e-01   6.900807e-01   9.440910e-02   6.226947e-05   3.896837e-02   8.659706e-01   8.562884e-01   8.496819e-01   3.094858e-04   2.214238e-02
   122  -1.688644e-01  -1.874730e-01   2.381453e-01   8.243966e-01   1.413506e-01   3.153987e-01   7.393134e-01   7.233576e-01   9.493262e-02   4.725898e-05   3.586243e-02   8.854185e-01   8.758034e-01   8.543935e-01   2.481252e-04   2.111049e-02
   123  -1.308142e-01  -1.494227e-01   2.593299e-01   6.793614e-01   1.374086e-01   2.990800e-01   7.704488e-01   7.551600e-01   9.540910e-02   3.606582e-05   3.307663e-02   9.047469e-01   8.951902e-01   8.586819e-01   1.987496e-04   2.013777e-02
   124  -9.276394e-02  -1.113725e-01   2.819683e-01   5.578896e-01   1.332284e-01   2.807129e-01   8.003638e-01   7.856638e-01   9.584241e-02   2.765090e-05   3.057478e-02   9.239729e-01   9.144663e-01   8.625817e-01   1.590537e-04   1.921997e-02
   125  -5.471369e-02  -7.332223e-02   3.060771e-01   4.564289e-01   1.288200e-01   2.602942e-01   8.292014e-01   8.150219e-01   9.623618e-02   2.128121e-05   2.832452e-02   9.431126e-01   9.336482e-01   8.661256e-01   1.271699e-04   1.835302e-02
   126  -1.666343e-02  -3.527198e-02   3.316493e-01   3.718979e-01   1.242056e-01   2.377921e-01   8.570866e-01   8.433677e-01   9.659376e-02   1.643153e-05   2.629613e-02   9.621809e-01   9.527514e-01   8.693438e-01   1.015851e-04   1.753316e-02
   127   2.138682e-02   2.778276e-03   3.586125e-01   3.016796e-01   1.194065e-01   2.131103e-01   8.841280e-01   8.708177e-01   9.691827e-02   1.272138e-05   2.446354e-02   9.811919e-01   9.717904e-01   8.722644e-01   8.107441e-05   1.675694e-02
   128   5.943707e-02   4.082853e-02   3.869239e-01   2.435566e-01   1.144447e-01   1.863789e-01   9.104224e-01   8.974742e-01   9.721261e-02   9.870754e-06   2.280415e-02   1.000159e+00   9.907788e-01   8.749135e-01   6.464709e-05   1.602123e-02
   129   9.748733e-02   7.887878e-02   4.164159e-01   1.955292e-01   1.093242e-01   1.578197e-01   9.360538e-01   9.234272e-01   9.747945e-02   7.673257e-06   2.129733e-02   1.019093e+00   1.009729e+00   8.773151e-01   5.150287e-05   1.532307e-02
   130   1.355376e-01   1.169290e-01   4.470454e-01   1.560598e-01   1.040861e-01   1.274709e-01   9.610970e-01   9.487559e-01   9.772124e-02   5.974076e-06   1.992583e-02   1.038007e+00   1.028653e+00   8.794912e-01   4.099562e-05   1.465979e-02
   131   1.735878e-01   1.549793e-01   4.786754e-01   1.238187e-01   9.877002e-02   9.716244e-02   9.856189e-01   9.735310e-01   9.794025e-02   4.656896e-06   1.867429e-02   1.056910e+00   1.047561e+00   8.814623e-01   3.260420e-05   1.402895e-02
   132   2.116381e-01   1.930295e-01   5.111732e-01   9.760881e-02   9.341299e-02   6.687320e-02   1.009678e+00   9.978151e-01   9.813854e-02   3.633842e-06   1.752902e-02   1.075811e+00   1.066463e+00   8.832469e-01   2.590878e-05   1.342833e-02
   133   2.496883e-01   2.310798e-01   5.443050e-01   7.641983e-02   8.805386e-02   3.645562e-02   1.033327e+00   1.021664e+00   9.831802e-02   2.837834e-06   1.647843e-02   1.094720e+00   1.085369e+00   8.848622e-01   2.057145e-05   1.285591e-02
   134   2.877386e-01   2.691301e-01   5.775643e-01   5.935690e-02   8.268896e-02   9.917603e-03   1.056613e+00   1.045126e+00   9.848042e-02   2.217595e-06   1.551224e-02   1.113644e+00   1.104285e+00   8.863237e-01   1.632059e-05   1.230985e-02
   135   3.257888e-01   3.071803e-01   6.109991e-01   4.571927e-02   7.737720e-02  -1.502356e-02   1.079579e+00   1.068248e+00   9.862732e-02   1.733759e-06   1.462138e-02   1.132590e+00   1.123220e+00   8.876458e-01   1.293801e-05   1.178848e-02
   136   3.638391e-01   3.452306e-01   6.443569e-01   3.492645e-02   7.217159e-02  -3.793746e-02   1.102260e+00   1.091067e+00   9.876016e-02   1.355996e-06   1.379792e-02   1.151564e+00   1.142181e+00   8.888415e-01   1.024868e-05   1.129027e-02
   137   4.018894e-01   3.832808e-01   6.769460e-01   2.643351e-02   6.707865e-02  -5.551358e-02   1.124692e+00   1.113621e+00   9.888027e-02   1.060828e-06   1.303500e-02   1.170573e+00   1.161173e+00   8.899225e-01   8.112323e-06   1.081385e-02
   138   4.399396e-01   4.213311e-01   7.088626e-01   1.980238e-02   6.213384e-02  -7.055728e-02   1.146904e+00   1.135940e+00   9.898885e-02   8.300588e-07   1.232654e-02   1.189621e+00   1.180201e+00   8.908996e-01   6.416636e-06   1.035796e-02
   139   4.779899e-01   4.593813e-01   7.396129e-01   1.469418e-02   5.738717e-02  -8.293603e-02   1.168923e+00   1.158053e+00   9.908698e-02   6.495598e-07   1.166718e-02   1.208713e+00   1.199272e+00   8.917828e-01   5.071803e-06   9.921468e-03
   140   5.160401e-01   4.974316e-01   7.689715e-01   1.077366e-02   5.283063e-02  -9.293783e-02   1.190774e+00   1.179986e+00   9.917565e-02   5.083340e-07   1.105222e-02   1.227852e+00   1.218388e+00   8.925808e-01   4.006067e-06   9.503328e-03
   141   5.540904e-01   5.354818e-01   7.966362e-01   7.818047e-03   4.851481e-02  -1.000505e-01   1.212477e+00   1.201761e+00   9.925576e-02   3.978122e-07   1.047752e-02   1.247043e+00   1.237553e+00   8.933019e-01   3.162152e-06   9.102588e-03
   142   5.921406e-01   5.735321e-01   8.225582e-01   5.602246e-03   4.443588e-02  -1.051238e-01   1.234053e+00   1.223399e+00   9.932813e-02   3.113062e-07   9.939438e-03   1.266288e+00   1.256772e+00   8.939532e-01   2.494388e-06   8.718378e-03
   143   6.301909e-01   6.115823e-01   8.462504e-01   3.968014e-03   4.061869e-02  -1.085607e-01   1.255519e+00   1.244918e+00   9.939350e-02   2.435919e-07   9.434761e-03   1.285589e+00   1.276046e+00   8.945415e-01   1.966391e-06   8.349899e-03
   144   6.682411e-01   6.496326e-01   8.679110e-01   2.777401e-03   3.706758e-02  -1.105405e-01   1.276890e+00   1.266336e+00   9.945254e-02   1.905858e-07   8.960637e-03   1.304950e+00   1.295378e+00   8.950729e-01   1.549203e-06   7.996417e-03
   145   7.062914e-01   6.876828e-01   8.874311e-01   1.918638e-03   3.378107e-02  -1.112260e-01   1.298180e+00   1.287665e+00   9.950586e-02   1.490942e-07   8.514537e-03   1.324372e+00   1.314770e+00   8.955527e-01   1.219796e-06   7.657254e-03
   146   7.443416e-01   7.257331e-01   9.047302e-01   1.309681e-03   3.076080e-02  -1.105455e-01   1.319402e+00   1.308921e+00   9.955400e-02   1.166180e-07   8.094216e-03   1.343856e+00   1.334223e+00   8.959860e-01   9.598744e-07   7.331785e-03
   147   7.823919e-01   7.637833e-01   9.198646e-01   8.835102e-04   2.799899e-02  -1.086048e-01   1.340567e+00   1.330114e+00   9.959747e-02   9.120077e-08   7.697675e-03   1.363403e+00   1.353739e+00   8.963772e-01   7.549160e-07   7.019429e-03
   148   8.204421e-01   8.018336e-01   9.330157e-01   5.892684e-04   2.548503e-02  -1.055772e-01   1.361685e+00   1.351254e+00   9.963672e-02   7.131075e-08   7.323131e-03   1.383014e+00   1.373319e+00   8.967304e-01   5.934009e-07   6.719647e-03
   149   8.584924e-01   8.398839e-01   9.443140e-01   3.888273e-04   2.320490e-02  -1.015394e-01   1.382764e+00   1.372352e+00   9.967214e-02   5.574833e-08   6.968990e-03   1.402689e+00   1.392963e+00   8.970493e-01   4.661998e-07   6.431937e-03
   150   8.965426e-01   8.779341e-01   9.539161e-01   2.540357e-04   2.114208e-02  -9.654963e-02   1.403812e+00   1.393416e+00   9.970413e-02   4.357399e-08   6.633822e-03   1.422429e+00   1.412671e+00   8.973371e-01   3.660830e-07   6.155831e-03
   151   9.345929e-01   9.159844e-01   9.620105e-01   1.645103e-04   1.927870e-02  -9.080975e-02   1.424837e+00   1.414452e+00   9.973300e-02   3.405191e-08   6.316345e-03   1.442233e+00   1.432444e+00   8.975970e-01   2.873297e-07   5.890889e-03
   152   9.726432e-01   9.540346e-01   9.687742e-01   1.057180e-04   1.759616e-02  -8.450849e-02   1.445843e+00   1.435467e+00   9.975905e-02   2.660573e-08   6.015406e-03   1.462101e+00   1.452281e+00   8.978315e-01   2.254164e-07   5.636703e-03
   153   1.010693e+00   9.920849e-01   9.743951e-01   6.749514e-05   1.607604e-02  -7.786811e-02   1.466837e+00   1.456467e+00   9.978257e-02   2.078409e-08   5.729960e-03   1.482031e+00   1.472180e+00   8.980432e-01   1.767690e-07   5.392887e-03
   154   1.048744e+00   1.030135e+00   9.790357e-01   4.286232e-05   1.470100e-02  -7.110686e-02   1.487822e+00   1.477456e+00   9.980380e-02   1.623354e-08   5.459067e-03   1.502023e+00   1.492142e+00   8.982342e-01   1.385655e-07   5.159080e-03
   155   1.086794e+00   1.068185e+00   9.828543e-01   2.710500e-05   1.345507e-02  -6.437733e-02   1.508801e+00   1.498438e+00   9.982296e-02   1.267733e-08   5.201872e-03   1.522074e+00   1.512164e+00   8.984066e-01   1.085790e-07   4.934945e-03
   156   1.124844e+00   1.106236e+00   9.859861e-01   1.708439e-05   1.232407e-02  -5.794005e-02   1.529778e+00   1.519417e+00   9.984025e-02   9.898803e-09   4.957603e-03   1.542183e+00   1.532245e+00   8.985622e-01   8.505399e-08   4.720165e-03
   157   1.162894e+00   1.144286e+00   9.885457e-01   1.074323e-05   1.129539e-02  -5.182417e-02   1.550755e+00   1.540393e+00   9.985585e-02   7.728366e-09   4.725557e-03   1.562347e+00   1.552382e+00   8.987027e-01   6.660686e-08   4.514444e-03
   158   1.200945e+00   1.182336e+00   9.906365e-01   6.744958e-06   1.035811e-02  -4.611724e-02   1.571733e+00   1.561371e+00   9.986993e-02   6.033311e-09   4.505099e-03   1.582564e+00   1.572573e+00   8.988294e-01   5.214816e-08   4.317506e-03
   159   1.238995e+00   1.220386e+00   9.923426e-01   4.230564e-06   9.502750e-03  -4.090173e-02   1.592711e+00   1.582349e+00   9.988264e-02   4.709799e-09   4.295652e-03   1.602829e+00   1.592814e+00   8.989438e-01   4.082049e-08   4.129097e-03
   160   1.277045e+00   1.258437e+00   9.937340e-01   2.652303e-06   8.721059e-03  -3.617877e-02   1.613691e+00   1.603328e+00   9.989411e-02   3.676606e-09   4.096693e-03   1.623138e+00   1.613102e+00   8.990470e-01   3.194947e-08   3.948981e-03
   161   1.315095e+00   1.296487e+00   9.948677e-01   1.662807e-06   8.005841e-03  -3.191933e-02   1.634669e+00   1.624306e+00   9.990446e-02   2.870208e-09   3.907751e-03   1.643486e+00   1.633431e+00   8.991401e-01   2.500500e-08   3.776945e-03
   162   1.353146e+00   1.334537e+00   9.957928e-01   1.042797e-06   7.350833e-03  -2.810566e-02   1.655644e+00   1.645283e+00   9.991379e-02   2.240938e-09   3.728401e-03   1.663868e+00   1.653796e+00   8.992241e-01   1.957065e-08   3.612797e-03
   163   1.391196e+00   1.372587e+00   9.965480e-01   6.543589e-07   6.750543e-03  -2.470855e-02   1.676612e+00   1.666255e+00   9.992222e-02   1.749972e-09   3.558266e-03   1.684275e+00   1.674191e+00   8.993000e-01   1.531941e-08   3.456365e-03
   164   1.429246e+00   1.410638e+00   9.971650e-01   4.109396e-07   6.200143e-03  -2.171637e-02   1.697569e+00   1.687217e+00   9.992982e-02   1.366970e-09   3.397011e-03   1.704699e+00   1.694607e+00   8.993684e-01   1.199470e-08   3.307506e-03
   165   1.467296e+00   1.448688e+00   9.976697e-01   2.583201e-07   5.695329e-03  -1.906492e-02   1.718506e+00   1.708163e+00   9.993668e-02   1.068227e-09   3.244342e-03   1.725131e+00   1.715035e+00   8.994301e-01   9.395242e-09   3.166097e-03
   166   1.505347e+00   1.486738e+00   9.980826e-01   1.625585e-07   5.232310e-03  -1.671526e-02   1.739417e+00   1.729087e+00   9.994287e-02   8.352286e-10   3.100010e-03   1.745559e+00   1.735465e+00   8.994858e-01   7.363255e-09   3.032045e-03
   167   1.543397e+00   1.524788e+00   9.984211e-01   1.024175e-07   4.807723e-03  -1.462862e-02   1.760290e+00   1.749979e+00   9.994845e-02   6.535158e-10   2.963805e-03   1.765968e+00   1.755883e+00   8.995361e-01   5.775109e-09   2.905287e-03
   168   1.581447e+00   1.562839e+00   9.986982e-01   6.460816e-08   4.418586e-03  -1.276478e-02   1.781114e+00   1.770827e+00   9.995349e-02   5.118015e-10   2.835559e-03   1.786341e+00   1.776274e+00   8.995814e-01   4.533975e-09   2.785787e-03
   169   1.619497e+00   1.600889e+00   9.989254e-01   4.081156e-08   4.062278e-03  -1.109806e-02   1.801871e+00   1.791616e+00   9.995804e-02   4.012762e-10   2.715148e-03   1.806661e+00   1.796620e+00   8.996223e-01   3.564053e-09   2.673545e-03
   170   1.657548e+00   1.638939e+00   9.991126e-01   2.581664e-08   3.736499e-03  -9.586870e-03   1.822545e+00   1.812331e+00   9.996214e-02   3.150658e-10   2.602487e-03   1.826903e+00   1.816900e+00   8.996593e-01   2.806028e-09   2.568594e-03
   171   1.695598e+00   1.676989e+00   9.992670e-01   1.635625e-08   3.439266e-03  -8.180179e-03   1.843112e+00   1.832950e+00   9.996584e-02   2.478078e-10   2.497537e-03   1.847042e+00   1.837090e+00   8.996926e-01   2.213509e-09   2.471004e-03
   172   1.733648e+00   1.715040e+00   9.993945e-01   1.038002e-08   3.168927e-03  -6.828988e-03   1.863548e+00   1.853450e+00   9.996918e-02   1.953199e-10   2.400300e-03   1.867048e+00   1.857160e+00   8.997226e-01   1.750223e-09   2.380880e-03
   173   1.771698e+00   1.753090e+00   9.995000e-01   6.600370e-09   2.924408e-03  -5.409405e-03   1.883821e+00   1.873803e+00   9.997219e-02   1.543413e-10   2.310821e-03   1.886885e+00   1.877080e+00   8.997498e-01   1.387823e-09   2.298363e-03
   174   1.809749e+00   1.791140e+00   9.995876e-01   4.206274e-09   2.704716e-03  -3.865707e-03   1.903897e+00   1.893975e+00   9.997491e-02   1.223298e-10   2.229184e-03   1.906515e+00   1.896811e+00   8.997742e-01   1.104163e-09   2.223630e-03
   175   1.847799e+00   1.829190e+00   9.996603e-01   2.687656e-09   2.509470e-03  -2.187231e-03   1.923737e+00   1.913930e+00   9.997737e-02   9.730413e-11   2.155515e-03   1.925894e+00   1.916312e+00   8.997963e-01   8.819470e-10   2.156888e-03
   176   1.885849e+00   1.867241e+00   9.997208e-01   1.722850e-09   2.338810e-03  -1.673024e-04   1.943298e+00   1.933627e+00   9.997958e-02   7.771903e-11   2.090009e-03   1.944974e+00   1.935539e+00   8.998162e-01   7.076725e-10   2.098373e-03
   177   1.923899e+00   1.905291e+00   9.997714e-01   1.108814e-09   2.193655e-03   2.388016e-03   1.962534e+00   1.953022e+00   9.998158e-02   6.236197e-11   2.033200e-03   1.963705e+00   1.954440e+00   8.998342e-01   5.707790e-10   2.048423e-03
   178   1.961950e+00   1.943341e+00   9.998140e-01   7.171826e-10   2.076031e-03   5.663109e-03   1.981419e+00   1.972079e+00   9.998338e-02   5.024429e-11   1.987581e-03   1.982043e+00   1.972971e+00   8.998504e-01   4.628258e-10   2.008307e-03
   179   2.000000e+00   1.981391e+00   9.998500e-01   4.655075e-10   1.995417e-03   8.165261e-03   2.000000e+00   1.990809e+00   9.998500e-02   4.048069e-11   1.962582e-03   2.000000e+00   1.991114e+00   8.998650e-01   3.761930e-10   1.985301e-03
