     i          log_r       log_rmid          m_tot        rho_tot         v2_tot            eta     lgr[heavy]    lgrm[heavy]       m[heavy]     rho[heavy]      v2[heavy]     lgr[light]    lgrm[light]       m[light]     rho[light]      v2[light]
     0  -3.671395e+00  -3.972425e+00   1.023645e-07   3.164727e+04   1.740663e-01            nan  -3.671395e+00  -3.972425e+00   9.998500e-08   3.099148e+04   1.705895e-01  -2.777444e+00  -3.078474e+00   8.998650e-07   5.802706e+02   3.375794e-01
     1  -3.639712e+00  -3.655265e+00   1.273471e-07   3.157252e+04   1.739204e-01            nan  -3.649021e+00  -3.660064e+00   1.166721e-07   3.094566e+04   1.705890e-01  -2.754197e+00  -2.765665e+00   1.050049e-06   5.559527e+02   3.373015e-01
     2  -3.608028e+00  -3.623581e+00   1.584288e-07   3.156243e+04   1.739065e-01            nan  -3.626647e+00  -3.637690e+00   1.361439e-07   3.094069e+04   1.705890e-01  -2.730981e+00  -2.742434e+00   1.225295e-06   5.532862e+02   3.372700e-01
     3  -3.576344e+00  -3.591897e+00   1.970974e-07   3.155128e+04   1.738926e-01            nan  -3.604275e+00  -3.615317e+00   1.588651e-07   3.093518e+04   1.705889e-01  -2.707781e+00  -2.719226e+00   1.429786e-06   5.503547e+02   3.372349e-01
     4  -3.544660e+00  -3.560213e+00   2.452027e-07   3.153869e+04   1.738790e-01            nan  -3.581903e+00  -3.592945e+00   1.853780e-07   3.092909e+04   1.705889e-01  -2.684582e+00  -2.696026e+00   1.668402e-06   5.471339e+02   3.371960e-01
     5  -3.512977e+00  -3.528530e+00   3.050452e-07   3.152470e+04   1.738656e-01            nan  -3.559531e+00  -3.570573e+00   2.163150e-07   3.092233e+04   1.705888e-01  -2.661371e+00  -2.672821e+00   1.946835e-06   5.435976e+02   3.371527e-01
     6  -3.481293e+00  -3.496846e+00   3.794836e-07   3.150883e+04   1.738523e-01            nan  -3.537158e+00  -3.548200e+00   2.524142e-07   3.091485e+04   1.705887e-01  -2.638136e+00  -2.649598e+00   2.271728e-06   5.397182e+02   3.371045e-01
     7  -3.449609e+00  -3.465162e+00   4.720740e-07   3.149098e+04   1.738394e-01            nan  -3.514785e+00  -3.525827e+00   2.945370e-07   3.090656e+04   1.705886e-01  -2.614863e+00  -2.626343e+00   2.650833e-06   5.354662e+02   3.370508e-01
     8  -3.417925e+00  -3.433478e+00   5.872310e-07   3.147083e+04   1.738266e-01            nan  -3.492410e+00  -3.503453e+00   3.436881e-07   3.089737e+04   1.705886e-01  -2.591542e+00  -2.603046e+00   3.093193e-06   5.308108e+02   3.369911e-01
     9  -3.386241e+00  -3.401794e+00   7.304459e-07   3.144780e+04   1.738142e-01            nan  -3.470034e+00  -3.481078e+00   4.010398e-07   3.088720e+04   1.705885e-01  -2.568159e+00  -2.579693e+00   3.609358e-06   5.257196e+02   3.369244e-01
    10  -3.354558e+00  -3.370111e+00   9.085359e-07   3.142191e+04   1.738021e-01            nan  -3.447656e+00  -3.458701e+00   4.679601e-07   3.087592e+04   1.705883e-01  -2.544702e+00  -2.556272e+00   4.211641e-06   5.201590e+02   3.368501e-01
    11  -3.322874e+00  -3.338427e+00   1.129965e-06   3.139201e+04   1.737905e-01            nan  -3.425275e+00  -3.436321e+00   5.460446e-07   3.086343e+04   1.705882e-01  -2.521159e+00  -2.532771e+00   4.914402e-06   5.140946e+02   3.367672e-01
    12  -3.291190e+00  -3.306743e+00   1.405256e-06   3.135819e+04   1.737792e-01            nan  -3.402892e+00  -3.413939e+00   6.371554e-07   3.084960e+04   1.705881e-01  -2.497516e+00  -2.509177e+00   5.734398e-06   5.074915e+02   3.366746e-01
    13  -3.259506e+00  -3.275059e+00   1.747428e-06   3.131946e+04   1.737684e-01            nan  -3.380506e+00  -3.391555e+00   7.434644e-07   3.083427e+04   1.705879e-01  -2.473760e+00  -2.485476e+00   6.691180e-06   5.003145e+02   3.365711e-01
    14  -3.227823e+00  -3.243376e+00   2.172692e-06   3.127504e+04   1.737582e-01            nan  -3.358115e+00  -3.369166e+00   8.675058e-07   3.081729e+04   1.705877e-01  -2.449875e+00  -2.461653e+00   7.807552e-06   4.925292e+02   3.364554e-01
    15  -3.196139e+00  -3.211692e+00   2.701088e-06   3.122468e+04   1.737485e-01            nan  -3.335721e+00  -3.346774e+00   1.012236e-06   3.079849e+04   1.705875e-01  -2.425846e+00  -2.437695e+00   9.110122e-06   4.841024e+02   3.363259e-01
    16  -3.164455e+00  -3.180008e+00   3.357476e-06   3.116612e+04   1.737397e-01            nan  -3.313322e+00  -3.324377e+00   1.181103e-06   3.077766e+04   1.705873e-01  -2.401657e+00  -2.413583e+00   1.062993e-05   4.750028e+02   3.361807e-01
    17  -3.132771e+00  -3.148324e+00   4.172683e-06   3.109977e+04   1.737315e-01            nan  -3.290918e+00  -3.301976e+00   1.378130e-06   3.075460e+04   1.705871e-01  -2.377289e+00  -2.389302e+00   1.240317e-05   4.652025e+02   3.360180e-01
    18  -3.101087e+00  -3.116640e+00   5.184666e-06   3.102317e+04   1.737244e-01            nan  -3.268508e+00  -3.279569e+00   1.608010e-06   3.072906e+04   1.705868e-01  -2.352724e+00  -2.364833e+00   1.447209e-05   4.546777e+02   3.358353e-01
    19  -3.069404e+00  -3.084957e+00   6.440689e-06   3.093544e+04   1.737182e-01            nan  -3.246092e+00  -3.257155e+00   1.876216e-06   3.070077e+04   1.705865e-01  -2.327941e+00  -2.340155e+00   1.688595e-05   4.434102e+02   3.356301e-01
    20  -3.037720e+00  -3.053273e+00   7.998693e-06   3.083547e+04   1.737132e-01            nan  -3.223668e+00  -3.234735e+00   2.189133e-06   3.066946e+04   1.705862e-01  -2.302918e+00  -2.315249e+00   1.970220e-05   4.313888e+02   3.353992e-01
    21  -3.006036e+00  -3.021589e+00   9.930505e-06   3.071950e+04   1.737097e-01            nan  -3.201236e+00  -3.212307e+00   2.554206e-06   3.063479e+04   1.705858e-01  -2.277632e+00  -2.290091e+00   2.298786e-05   4.186106e+02   3.351393e-01
    22  -2.974352e+00  -2.989905e+00   1.232460e-05   3.058812e+04   1.737077e-01            nan  -3.178794e+00  -3.189870e+00   2.980121e-06   3.059640e+04   1.705854e-01  -2.252060e+00  -2.264658e+00   2.682109e-05   4.050824e+02   3.348463e-01
    23  -2.942669e+00  -2.958222e+00   1.528898e-05   3.043622e+04   1.737076e-01            nan  -3.156343e+00  -3.167424e+00   3.477003e-06   3.055392e+04   1.705850e-01  -2.226173e+00  -2.238924e+00   3.129303e-05   3.908229e+02   3.345153e-01
    24  -2.910985e+00  -2.926538e+00   1.895799e-05   3.026296e+04   1.737095e-01            nan  -3.133880e+00  -3.144967e+00   4.056664e-06   3.050690e+04   1.705845e-01  -2.199946e+00  -2.212862e+00   3.650997e-05   3.758690e+02   3.341420e-01
    25  -2.879301e+00  -2.894854e+00   2.349367e-05   3.006587e+04   1.737138e-01            nan  -3.111405e+00  -3.122498e+00   4.732872e-06   3.045487e+04   1.705840e-01  -2.173350e+00  -2.186445e+00   4.259585e-05   3.602677e+02   3.337203e-01
    26  -2.847617e+00  -2.863170e+00   2.909635e-05   2.983830e+04   1.737210e-01            nan  -3.088916e+00  -3.100015e+00   5.521683e-06   3.039730e+04   1.705834e-01  -2.146356e+00  -2.159643e+00   4.969515e-05   3.440807e+02   3.332436e-01
    27  -2.815934e+00  -2.831487e+00   3.601026e-05   2.958164e+04   1.737312e-01            nan  -3.066412e+00  -3.077519e+00   6.441814e-06   3.033362e+04   1.705827e-01  -2.118934e+00  -2.132429e+00   5.797633e-05   3.273847e+02   3.327045e-01
    28  -2.784250e+00  -2.799803e+00   4.452635e-05   2.928719e+04   1.737453e-01            nan  -3.043891e+00  -3.055006e+00   7.515084e-06   3.026319e+04   1.705819e-01  -2.091053e+00  -2.104770e+00   6.763576e-05   3.102710e+02   3.320943e-01
    29  -2.752566e+00  -2.768119e+00   5.500778e-05   2.895314e+04   1.737637e-01   4.918807e-01  -3.021350e+00  -3.032474e+00   8.766923e-06   3.018531e+04   1.705811e-01  -2.062684e+00  -2.076637e+00   7.890231e-05   2.928441e+02   3.314033e-01
    30  -2.720882e+00  -2.736435e+00   6.788097e-05   2.857707e+04   1.737795e-01   4.918083e-01  -2.998789e+00  -3.009923e+00   1.022697e-05   3.009923e+04   1.705802e-01  -2.033796e+00  -2.048000e+00   9.204273e-05   2.752207e+02   3.306198e-01
    31  -2.689198e+00  -2.704751e+00   8.366037e-05   2.814471e+04   1.737981e-01   4.917233e-01  -2.976204e+00  -2.987350e+00   1.192976e-05   3.000409e+04   1.705792e-01  -2.004363e+00  -2.018830e+00   1.073678e-04   2.575403e+02   3.297340e-01
    32  -2.657515e+00  -2.673068e+00   1.029726e-04   2.766199e+04   1.738192e-01   4.916261e-01  -2.953594e+00  -2.964752e+00   1.391553e-05   2.989897e+04   1.705780e-01  -1.974361e+00  -1.989103e+00   1.252398e-04   2.399453e+02   3.287349e-01
    33  -2.625831e+00  -2.641384e+00   1.265240e-04   2.712113e+04   1.738429e-01   4.915114e-01  -2.930954e+00  -2.942127e+00   1.623115e-05   2.978288e+04   1.705767e-01  -1.943769e+00  -1.958796e+00   1.460803e-04   2.225721e+02   3.276087e-01
    34  -2.594147e+00  -2.609700e+00   1.551835e-04   2.651047e+04   1.738712e-01   4.913809e-01  -2.908283e+00  -2.919471e+00   1.893121e-05   2.965471e+04   1.705753e-01  -1.912570e+00  -1.927889e+00   1.703808e-04   2.055536e+02   3.263398e-01
    35  -2.562463e+00  -2.578016e+00   1.899696e-04   2.583656e+04   1.739032e-01   4.912309e-01  -2.885576e+00  -2.896781e+00   2.207926e-05   2.951326e+04   1.705738e-01  -1.880751e+00  -1.896369e+00   1.987134e-04   1.890172e+02   3.249103e-01
    36  -2.530780e+00  -2.546333e+00   2.319742e-04   2.509134e+04   1.739394e-01   4.910552e-01  -2.862830e+00  -2.874054e+00   2.574932e-05   2.935724e+04   1.705720e-01  -1.848312e+00  -1.864229e+00   2.317439e-04   1.731069e+02   3.233178e-01
    37  -2.499096e+00  -2.514649e+00   2.825443e-04   2.426411e+04   1.739823e-01   4.908558e-01  -2.840041e+00  -2.851286e+00   3.002750e-05   2.918522e+04   1.705701e-01  -1.815256e+00  -1.831470e+00   2.702475e-04   1.579217e+02   3.215463e-01
    38  -2.467412e+00  -2.482965e+00   3.432017e-04   2.336618e+04   1.740307e-01   4.906260e-01  -2.817202e+00  -2.828471e+00   3.501400e-05   2.899568e+04   1.705679e-01  -1.781594e+00  -1.798099e+00   3.151260e-04   1.435409e+02   3.195777e-01
    39  -2.435728e+00  -2.451281e+00   4.155434e-04   2.239799e+04   1.740848e-01   4.903580e-01  -2.794310e+00  -2.805606e+00   4.082538e-05   2.878696e+04   1.705655e-01  -1.747346e+00  -1.764132e+00   3.674284e-04   1.300389e+02   3.174087e-01
    40  -2.404044e+00  -2.419597e+00   5.012641e-04   2.134447e+04   1.741489e-01   4.900547e-01  -2.771359e+00  -2.782683e+00   4.759714e-05   2.855727e+04   1.705628e-01  -1.712544e+00  -1.729596e+00   4.283742e-04   1.174650e+02   3.150411e-01
    41  -2.372361e+00  -2.387914e+00   6.024309e-04   2.022437e+04   1.742220e-01   4.897080e-01  -2.748340e+00  -2.759697e+00   5.548679e-05   2.830472e+04   1.705598e-01  -1.677222e+00  -1.694524e+00   4.993811e-04   1.058331e+02   3.124582e-01
    42  -2.340677e+00  -2.356230e+00   7.211012e-04   1.904674e+04   1.743033e-01   4.893034e-01  -2.725248e+00  -2.736641e+00   6.467734e-05   2.802726e+04   1.705564e-01  -1.641427e+00  -1.658956e+00   5.820960e-04   9.515007e+01   3.096723e-01
    43  -2.308993e+00  -2.324546e+00   8.593875e-04   1.782073e+04   1.743956e-01   4.888440e-01  -2.702073e+00  -2.713506e+00   7.538125e-05   2.772273e+04   1.705526e-01  -1.605208e+00  -1.622940e+00   6.784313e-04   8.539979e+01   3.066962e-01
    44  -2.277309e+00  -2.292862e+00   1.018985e-03   1.655467e+04   1.745010e-01   4.883237e-01  -2.678808e+00  -2.690285e+00   8.784517e-05   2.738882e+04   1.705484e-01  -1.568619e+00  -1.586529e+00   7.906065e-04   7.654506e+01   3.035139e-01
    45  -2.245626e+00  -2.261179e+00   1.201951e-03   1.525447e+04   1.746211e-01   4.877276e-01  -2.655440e+00  -2.666967e+00   1.023551e-04   2.702316e+04   1.705437e-01  -1.531718e+00  -1.549777e+00   9.211963e-04   6.854570e+01   3.001798e-01
    46  -2.213942e+00  -2.229495e+00   1.410274e-03   1.394803e+04   1.747551e-01   4.870452e-01  -2.631959e+00  -2.643541e+00   1.192428e-04   2.662323e+04   1.705384e-01  -1.494561e+00  -1.512742e+00   1.073185e-03   6.134598e+01   2.966868e-01
    47  -2.182258e+00  -2.197811e+00   1.645549e-03   1.265199e+04   1.749058e-01   4.862769e-01  -2.608352e+00  -2.619995e+00   1.388921e-04   2.618646e+04   1.705324e-01  -1.457206e+00  -1.475482e+00   1.250029e-03   5.488686e+01   2.930587e-01
    48  -2.150574e+00  -2.166127e+00   1.909077e-03   1.138317e+04   1.750746e-01   4.854141e-01  -2.584604e+00  -2.596316e+00   1.617478e-04   2.571023e+04   1.705257e-01  -1.419705e+00  -1.438051e+00   1.455730e-03   4.910625e+01   2.893307e-01
    49  -2.118890e+00  -2.134444e+00   2.201828e-03   1.015793e+04   1.752626e-01   4.844481e-01  -2.560700e+00  -2.572488e+00   1.883238e-04   2.519192e+04   1.705182e-01  -1.382111e+00  -1.400501e+00   1.694914e-03   4.394377e+01   2.854878e-01
    50  -2.087207e+00  -2.102760e+00   2.524418e-03   8.991188e+03   1.754696e-01   4.833582e-01  -2.536621e+00  -2.548494e+00   2.192140e-04   2.462892e+04   1.705097e-01  -1.344467e+00  -1.362881e+00   1.972926e-03   3.933617e+01   2.816042e-01
    51  -2.055523e+00  -2.071076e+00   2.877232e-03   7.895851e+03   1.756960e-01   4.821332e-01  -2.512347e+00  -2.524314e+00   2.551039e-04   2.401875e+04   1.705000e-01  -1.306814e+00  -1.325233e+00   2.295935e-03   3.522945e+01   2.776489e-01
    52  -2.023839e+00  -2.039392e+00   3.260468e-03   6.882056e+03   1.759437e-01   4.807724e-01  -2.487854e+00  -2.499928e+00   2.967831e-04   2.335909e+04   1.704891e-01  -1.269188e+00  -1.287594e+00   2.671048e-03   3.156743e+01   2.736760e-01
    53  -1.992155e+00  -2.007708e+00   3.674315e-03   5.956618e+03   1.762129e-01   4.792705e-01  -2.463118e+00  -2.475310e+00   3.451610e-04   2.264790e+04   1.704767e-01  -1.231619e+00  -1.249998e+00   3.106449e-03   2.830310e+01   2.696714e-01
    54  -1.960472e+00  -1.976025e+00   4.112830e-03   5.118423e+03   1.765061e-01   4.776360e-01  -2.438109e+00  -2.450433e+00   4.012824e-04   2.188351e+04   1.704625e-01  -1.194132e+00  -1.212471e+00   3.611542e-03   2.539139e+01   2.656504e-01
    55  -1.928788e+00  -1.944341e+00   4.579344e-03   4.369045e+03   1.768214e-01   4.758713e-01  -2.412794e+00  -2.425267e+00   4.663463e-04   2.106474e+04   1.704464e-01  -1.156747e+00  -1.175037e+00   4.197117e-03   2.279198e+01   2.616222e-01
    56  -1.897104e+00  -1.912657e+00   5.074545e-03   3.710565e+03   1.771546e-01   4.739507e-01  -2.387137e+00  -2.399776e+00   5.417261e-04   2.019109e+04   1.704278e-01  -1.119483e+00  -1.137715e+00   4.875535e-03   2.047080e+01   2.575624e-01
    57  -1.865420e+00  -1.880973e+00   5.599638e-03   3.138116e+03   1.775059e-01   4.718687e-01  -2.361096e+00  -2.373921e+00   6.289911e-04   1.926284e+04   1.704065e-01  -1.082350e+00  -1.100519e+00   5.660920e-03   1.839357e+01   2.535054e-01
    58  -1.833737e+00  -1.849290e+00   6.142635e-03   2.642907e+03   1.778766e-01   4.696536e-01  -2.334622e+00  -2.347657e+00   7.299314e-04   1.828125e+04   1.703818e-01  -1.045360e+00  -1.063461e+00   6.569382e-03   1.653457e+01   2.494080e-01
    59  -1.802053e+00  -1.817606e+00   6.710943e-03   2.216596e+03   1.782558e-01   4.673746e-01  -2.307662e+00  -2.320933e+00   8.465830e-04   1.724878e+04   1.703532e-01  -1.008518e+00  -1.026549e+00   7.619247e-03   1.486709e+01   2.452930e-01
    60  -1.770369e+00  -1.785922e+00   7.311429e-03   1.855821e+03   1.786479e-01   4.649278e-01  -2.280155e+00  -2.293691e+00   9.812558e-04   1.616923e+04   1.703199e-01  -9.718295e-01  -9.897866e-01   8.831303e-03   1.337007e+01   2.411371e-01
    61  -1.738685e+00  -1.754238e+00   7.923486e-03   1.550531e+03   1.790505e-01   4.623874e-01  -2.252030e+00  -2.265865e+00   1.136562e-03   1.504794e+04   1.702807e-01  -9.352958e-01  -9.531786e-01   1.022906e-02   1.202422e+01   2.369284e-01
    62  -1.707001e+00  -1.722554e+00   8.566174e-03   1.293502e+03   1.794427e-01   4.598670e-01  -2.223208e+00  -2.237380e+00   1.315444e-03   1.389193e+04   1.702346e-01  -8.989139e-01  -9.167240e-01   1.183900e-02   1.081139e+01   2.326846e-01
    63  -1.675318e+00  -1.690871e+00   9.234497e-03   1.079000e+03   1.798576e-01   4.571356e-01  -2.193597e+00  -2.208150e+00   1.521208e-03   1.271005e+04   1.701798e-01  -8.626804e-01  -8.804194e-01   1.369088e-02   9.717280e+00   2.283836e-01
    64  -1.643634e+00  -1.659187e+00   9.921661e-03   8.995472e+02   1.802306e-01   4.545939e-01  -2.163092e+00  -2.178077e+00   1.757548e-03   1.151298e+04   1.701144e-01  -8.265866e-01  -8.442586e-01   1.581793e-02   8.727821e+00   2.240467e-01
    65  -1.611950e+00  -1.627503e+00   1.064678e-02   7.505424e+02   1.806203e-01   4.518608e-01  -2.131575e+00  -2.147048e+00   2.028572e-03   1.031320e+04   1.700356e-01  -7.906202e-01  -8.082312e-01   1.825715e-02   7.831285e+00   2.196839e-01
    66  -1.580266e+00  -1.595819e+00   1.138509e-02   6.267243e+02   1.809706e-01   4.492462e-01  -2.098910e+00  -2.114935e+00   2.338830e-03   9.124817e+03   1.699400e-01  -7.547674e-01  -7.723240e-01   2.104947e-02   7.017756e+00   2.152958e-01
    67  -1.548583e+00  -1.564136e+00   1.217095e-02   5.240498e+02   1.813207e-01   4.466229e-01  -2.064941e+00  -2.081593e+00   2.693323e-03   7.963228e+03   1.698229e-01  -7.190084e-01  -7.365200e-01   2.423991e-02   6.277818e+00   2.109195e-01
    68  -1.516899e+00  -1.532452e+00   1.297128e-02   4.389187e+02   1.816356e-01   4.441587e-01  -2.029493e+00  -2.046855e+00   3.097518e-03   6.844615e+03   1.696782e-01  -6.833211e-01  -7.007983e-01   2.787766e-02   5.604023e+00   2.065708e-01
    69  -1.485215e+00  -1.500768e+00   1.382574e-02   3.683049e+02   1.819385e-01   4.417267e-01  -1.992369e+00  -2.010534e+00   3.557342e-03   5.785273e+03   1.694978e-01  -6.476831e-01  -6.651367e-01   3.201608e-02   4.990164e+00   2.022581e-01
    70  -1.453531e+00  -1.469084e+00   1.470238e-02   3.097354e+02   1.822004e-01   4.394842e-01  -1.953350e+00  -1.972421e+00   4.079169e-03   4.800716e+03   1.692708e-01  -6.120700e-01  -6.295116e-01   3.671252e-02   4.430763e+00   1.980031e-01
    71  -1.421847e+00  -1.437401e+00   1.563784e-02   2.610281e+02   1.824561e-01   4.373028e-01  -1.912200e+00  -1.932288e+00   4.669785e-03   3.904669e+03   1.689825e-01  -5.764585e-01  -5.938993e-01   4.202806e-02   3.921393e+00   1.938177e-01
    72  -1.390164e+00  -1.405717e+00   1.660794e-02   2.205671e+02   1.826533e-01   4.352733e-01  -1.868669e+00  -1.889889e+00   5.336336e-03   3.108022e+03   1.686133e-01  -5.408295e-01  -5.582788e-01   4.802703e-02   3.458547e+00   1.896927e-01
    73  -1.358480e+00  -1.374033e+00   1.764179e-02   1.867642e+02   1.828609e-01   4.332951e-01  -1.822506e+00  -1.844974e+00   6.086254e-03   2.417861e+03   1.681372e-01  -5.051693e-01  -5.226335e-01   5.477629e-02   3.039180e+00   1.856126e-01
    74  -1.326796e+00  -1.342349e+00   1.872587e-02   1.586087e+02   1.830010e-01   4.316005e-01  -1.773482e+00  -1.797303e+00   6.927149e-03   1.836661e+03   1.675207e-01  -4.694695e-01  -4.869527e-01   6.234434e-02   2.660487e+00   1.815692e-01
    75  -1.295112e+00  -1.310665e+00   1.988069e-02   1.349554e+02   1.831635e-01   4.298505e-01  -1.721418e+00  -1.746671e+00   7.866679e-03   1.361978e+03   1.667216e-01  -4.337295e-01  -4.512320e-01   7.080011e-02   2.319955e+00   1.775404e-01
    76  -1.263429e+00  -1.278982e+00   2.110292e-02   1.151786e+02   1.832529e-01   4.284340e-01  -1.666226e+00  -1.692946e+00   8.912390e-03   9.866293e+02   1.656899e-01  -3.979565e-01  -4.154748e-01   8.021151e-02   2.015149e+00   1.734995e-01
    77  -1.231745e+00  -1.247298e+00   2.240657e-02   9.847426e+01   1.833704e-01   4.268920e-01  -1.607954e+00  -1.636113e+00   1.007152e-02   6.995143e+02   1.643713e-01  -3.621645e-01  -3.796919e-01   9.064369e-02   1.743613e+00   1.694230e-01
    78  -1.200061e+00  -1.215614e+00   2.379625e-02   8.443708e+01   1.834127e-01   4.256148e-01  -1.546829e+00  -1.576317e+00   1.135078e-02   4.869462e+02   1.627145e-01  -3.263738e-01  -3.439006e-01   1.021570e-01   1.502859e+00   1.652952e-01
    79  -1.168377e+00  -1.183930e+00   2.528262e-02   7.252521e+01   1.834769e-01   4.241794e-01  -1.483277e+00  -1.513892e+00   1.275612e-02   3.342837e+02   1.606836e-01  -2.906092e-01  -3.081235e-01   1.148050e-01   1.290395e+00   1.611103e-01
    80  -1.136694e+00  -1.152247e+00   2.687562e-02   6.245239e+01   1.834692e-01   4.229207e-01  -1.417904e+00  -1.449362e+00   1.429243e-02   2.274834e+02   1.582705e-01  -2.548999e-01  -2.723876e-01   1.286319e-01   1.103797e+00   1.568573e-01
    81  -1.105010e+00  -1.120563e+00   2.858554e-02   5.387241e+01   1.834633e-01   4.214957e-01  -1.351433e+00  -1.383398e+00   1.596333e-02   1.542781e+02   1.555044e-01  -2.192792e-01  -2.367245e-01   1.436700e-01   9.406952e-01   1.525292e-01
    82  -1.073326e+00  -1.088879e+00   3.042564e-02   4.656620e+01   1.833976e-01   4.201707e-01  -1.284624e+00  -1.316745e+00   1.777087e-02   1.047786e+02   1.524515e-01  -1.837832e-01  -2.011687e-01   1.599378e-01   7.988031e-01   1.481219e-01
    83  -1.041642e+00  -1.057195e+00   3.240831e-02   4.032313e+01   1.833015e-01   4.186208e-01  -1.218178e+00  -1.250132e+00   1.971527e-02   7.153176e+01   1.492021e-01  -1.484498e-01  -1.657573e-01   1.774374e-01   6.759270e-01   1.436440e-01
    84  -1.009958e+00  -1.025511e+00   3.454883e-02   3.497284e+01   1.831439e-01   4.171190e-01  -1.152679e+00  -1.184195e+00   2.179475e-02   4.921415e+01   1.458515e-01  -1.133191e-01  -1.305293e-01   1.961527e-01   5.700111e-01   1.390972e-01
    85  -9.782747e-01  -9.938277e-01   3.686368e-02   3.038506e+01   1.829191e-01   4.153217e-01  -1.088563e+00  -1.119439e+00   2.400535e-02   3.417005e+01   1.424823e-01  -7.843242e-02  -9.552556e-02   2.160481e-01   4.791301e-01   1.344847e-01
    86  -9.465909e-01  -9.621439e-01   3.936885e-02   2.643060e+01   1.826099e-01   4.134777e-01  -1.026122e+00  -1.056221e+00   2.634082e-02   2.395276e+01   1.391524e-01  -4.383143e-02  -6.078742e-02   2.370673e-01   4.014901e-01   1.298160e-01
    87  -9.149071e-01  -9.304601e-01   4.208766e-02   2.302647e+01   1.822113e-01   4.113936e-01  -9.655244e-01  -9.947671e-01   2.879262e-02   1.694800e+01   1.358919e-01  -9.556982e-03  -2.635618e-02   2.591336e-01   3.354366e-01   1.251073e-01
    88  -8.832233e-01  -8.987764e-01   4.503439e-02   2.007884e+01   1.817133e-01   4.092631e-01  -9.068410e-01  -9.351923e-01   3.134998e-02   1.209595e+01   1.327059e-01   2.435049e-02   7.727587e-03   2.821498e-01   2.794739e-01   1.203682e-01
    89  -8.515396e-01  -8.670926e-01   4.824362e-02   1.752943e+01   1.810992e-01   4.069297e-01  -8.500689e-01  -8.775280e-01   3.400006e-02   8.699488e+00   1.295840e-01   5.785247e-02   4.142445e-02   3.060005e-01   2.322426e-01   1.156150e-01
    90  -8.198558e-01  -8.354088e-01   5.172305e-02   1.531468e+01   1.803683e-01   4.045517e-01  -7.951512e-01  -8.217426e-01   3.672816e-02   6.297412e+00   1.265089e-01   9.091331e-02   7.469741e-02   3.305535e-01   1.925227e-01   1.108686e-01
    91  -7.881720e-01  -8.037250e-01   5.551833e-02   1.338750e+01   1.795146e-01   4.021323e-01  -7.419894e-01  -7.677574e-01   3.951809e-02   4.581951e+00   1.234648e-01   1.234996e-01   1.075120e-01   3.556628e-01   1.592389e-01   1.061424e-01
    92  -7.564883e-01  -7.720413e-01   5.964300e-02   1.171063e+01   1.785224e-01   3.995990e-01  -6.904522e-01  -7.154568e-01   4.235249e-02   3.345765e+00   1.204465e-01   1.555825e-01   1.398372e-01   3.811724e-01   1.314321e-01   1.014614e-01
    93  -7.248045e-01  -7.403575e-01   6.413320e-02   1.023931e+01   1.774130e-01   3.972374e-01  -6.403801e-01  -6.646949e-01   4.521329e-02   2.447720e+00   1.174607e-01   1.871367e-01   1.716461e-01   4.069196e-01   1.082730e-01   9.684128e-02
    94  -6.931207e-01  -7.086737e-01   6.902843e-02   8.954983e+00   1.761748e-01   3.948547e-01  -5.915894e-01  -6.152999e-01   4.808216e-02   1.790851e+00   1.145289e-01   2.181412e-01   2.029156e-01   4.327394e-01   8.903610e-02   9.230219e-02
    95  -6.614369e-01  -6.769900e-01   7.433814e-02   7.826558e+00   1.748375e-01   3.926827e-01  -5.438756e-01  -5.670776e-01   5.094094e-02   1.307839e+00   1.116842e-01   2.485797e-01   2.336271e-01   4.584685e-01   7.309774e-02   8.786136e-02
    96  -6.297532e-01  -6.453062e-01   8.012344e-02   6.835777e+00   1.734058e-01   3.906292e-01  -4.970142e-01  -5.198131e-01   5.377208e-02   9.514173e-01   1.089649e-01   2.784401e-01   2.637665e-01   4.839488e-01   5.992300e-02   8.353424e-02
    97  -5.980694e-01  -6.136224e-01   8.640792e-02   5.967172e+00   1.718729e-01   3.886604e-01  -4.507686e-01  -4.732761e-01   5.655903e-02   6.881300e-01   1.064097e-01   3.077151e-01   2.933242e-01   5.090312e-01   4.905513e-02   7.933594e-02
    98  -5.663856e-01  -5.819386e-01   9.321539e-02   5.200314e+00   1.702931e-01   3.868353e-01  -4.048927e-01  -4.272252e-01   5.928652e-02   4.939018e-01   1.040487e-01   3.364014e-01   3.222951e-01   5.335787e-01   4.010808e-02   7.527698e-02
    99  -5.347018e-01  -5.502549e-01   1.006077e-01   4.527170e+00   1.686311e-01   3.849173e-01  -3.591352e-01  -3.814116e-01   6.194091e-02   3.511735e-01   1.018970e-01   3.645000e-01   3.506779e-01   5.574682e-01   3.275466e-02   7.136848e-02
   100  -5.030181e-01  -5.185711e-01   1.086059e-01   3.936705e+00   1.668780e-01   3.828637e-01  -3.132463e-01  -3.355849e-01   6.451030e-02   2.469802e-01   9.995212e-02   3.920153e-01   3.784755e-01   5.805927e-01   2.672123e-02   6.761614e-02
   101  -4.713343e-01  -4.868873e-01   1.172266e-01   3.416344e+00   1.650840e-01   3.804088e-01  -2.669866e-01  -2.895008e-01   6.698469e-02   1.716137e-01   9.819323e-02   4.189556e-01   4.056943e-01   6.028622e-01   2.177751e-02   6.402666e-02
   102  -4.396505e-01  -4.552035e-01   1.265322e-01   2.959705e+00   1.631833e-01   3.774104e-01  -2.201223e-01  -2.429226e-01   6.935597e-02   1.176778e-01   9.659012e-02   4.453317e-01   4.323438e-01   6.242038e-01   1.773248e-02   6.060129e-02
   103  -4.079668e-01  -4.235198e-01   1.365582e-01   2.560497e+00   1.611664e-01   3.737924e-01  -1.724191e-01  -1.956161e-01   7.161799e-02   7.953931e-02   9.511556e-02   4.711576e-01   4.584366e-01   6.445619e-01   1.442633e-02   5.734279e-02
   104  -3.762830e-01  -3.918360e-01   1.473082e-01   2.210909e+00   1.590523e-01   3.691502e-01  -1.236514e-01  -1.473511e-01   7.376638e-02   5.294431e-02   9.375082e-02   4.964492e-01   4.839875e-01   6.638974e-01   1.172739e-02   5.424867e-02
   105  -3.445992e-01  -3.601522e-01   1.588658e-01   1.906025e+00   1.568026e-01   3.634946e-01  -7.358890e-02  -9.789921e-02   7.579851e-02   3.466740e-02   9.249126e-02   5.212249e-01   5.090137e-01   6.821866e-01   9.526017e-03   5.131851e-02
   106  -3.129154e-01  -3.284684e-01   1.712719e-01   1.640709e+00   1.543982e-01   3.568665e-01  -2.201168e-02  -4.703507e-02   7.771330e-02   2.231280e-02   9.133566e-02   5.455042e-01   5.335342e-01   6.994197e-01   7.732332e-03   4.854747e-02
   107  -2.812317e-01  -2.967847e-01   1.844980e-01   1.409782e+00   1.518471e-01   3.490291e-01   3.124165e-02   5.430712e-03   7.951106e-02   1.412147e-02   9.025980e-02   5.693083e-01   5.575693e-01   7.155996e-01   6.271912e-03   4.593216e-02
   108  -2.495479e-01  -2.651009e-01   1.986441e-01   1.209156e+00   1.491361e-01   3.399747e-01   8.621904e-02   5.959971e-02   8.119333e-02   8.804330e-03   8.919915e-02   5.926594e-01   5.811408e-01   7.307399e-01   5.083826e-03   4.346672e-02
   109  -2.178641e-01  -2.334171e-01   2.137471e-01   1.035267e+00   1.462488e-01   3.298312e-01   1.427435e-01   1.154002e-01   8.276263e-02   5.433195e-03   8.800180e-02   6.155805e-01   6.042712e-01   7.448636e-01   4.117971e-03   4.114553e-02
   110  -1.861803e-01  -2.017334e-01   2.297414e-01   8.845520e-01   1.431883e-01   3.184167e-01   2.002893e-01   1.724688e-01   8.422234e-02   3.346831e-03   8.639363e-02   6.380953e-01   6.269838e-01   7.580011e-01   3.333312e-03   3.896240e-02
   111  -1.544966e-01  -1.700496e-01   2.467125e-01   7.538647e-01   1.399451e-01   3.055784e-01   2.579613e-01   2.300819e-01   8.557652e-02   2.080897e-03   8.403488e-02   6.602276e-01   6.493024e-01   7.701887e-01   2.696307e-03   3.691033e-02
   112  -1.228128e-01  -1.383658e-01   2.647087e-01   6.410599e-01   1.365342e-01   2.915290e-01   3.146334e-01   2.872211e-01   8.682971e-02   1.320596e-03   8.066431e-02   6.820016e-01   6.712510e-01   7.814674e-01   2.179475e-03   3.498313e-02
   113  -9.112902e-02  -1.066820e-01   2.836643e-01   5.437762e-01   1.329670e-01   2.760465e-01   3.692503e-01   3.427999e-01   8.798682e-02   8.618569e-04   7.628351e-02   7.034414e-01   6.928538e-01   7.918814e-01   1.760436e-03   3.317360e-02
   114  -5.944525e-02  -7.499826e-02   3.036592e-01   4.600313e-01   1.292503e-01   2.590491e-01   4.210960e-01   3.959464e-01   8.905301e-02   5.795172e-04   7.118051e-02   7.245710e-01   7.141347e-01   8.014771e-01   1.420903e-03   3.147506e-02
   115  -2.776148e-02  -4.331449e-02   3.246665e-01   3.880882e-01   1.253929e-01   2.406903e-01   4.698657e-01   4.461651e-01   9.003354e-02   4.004996e-04   6.576574e-02   7.454142e-01   7.351176e-01   8.103019e-01   1.145969e-03   2.988096e-02
   116   3.922298e-03  -1.163072e-02   3.466331e-01   3.263876e-01   1.214092e-01   2.206909e-01   5.155730e-01   4.933204e-01   9.093373e-02   2.832512e-04   6.039725e-02   7.659941e-01   7.558260e-01   8.184036e-01   9.235034e-04   2.838458e-02
   117   3.560607e-02   2.005305e-02   3.695913e-01   2.736066e-01   1.173064e-01   1.993207e-01   5.584105e-01   5.375197e-01   9.175884e-02   2.041322e-04   5.530323e-02   7.863335e-01   7.762829e-01   8.258295e-01   7.436159e-04   2.697974e-02
   118   6.728984e-02   5.173683e-02   3.934272e-01   2.285558e-01   1.131007e-01   1.765037e-01   5.986490e-01   5.789956e-01   9.251402e-02   1.493513e-04   5.059714e-02   8.064547e-01   7.965107e-01   8.326262e-01   5.982654e-04   2.566039e-02
   119   9.897362e-02   8.342060e-02   4.181391e-01   1.902143e-01   1.088046e-01   1.526822e-01   6.365763e-01   6.180265e-01   9.320429e-02   1.106034e-04   4.631667e-02   8.263790e-01   8.165311e-01   8.388386e-01   4.809133e-04   2.442059e-02
   120   1.306574e-01   1.151044e-01   4.436265e-01   1.576675e-01   1.044361e-01   1.275049e-01   6.724678e-01   6.548927e-01   9.383445e-02   8.271191e-05   4.245798e-02   8.461271e-01   8.363653e-01   8.445100e-01   3.862411e-04   2.325489e-02
   121   1.623412e-01   1.467881e-01   4.698034e-01   1.301435e-01   1.000074e-01   1.026341e-01   7.065671e-01   6.898520e-01   9.440910e-02   6.235765e-05   3.899150e-02   8.657188e-01   8.560334e-01   8.496819e-01   3.099291e-04   2.215808e-02
   122   1.940249e-01   1.784719e-01   4.965817e-01   1.069321e-01   9.554322e-02   7.687009e-02   7.390924e-01   7.231342e-01   9.493262e-02   4.732463e-05   3.588289e-02   8.851730e-01   8.755548e-01   8.543935e-01   2.484703e-04   2.112516e-02
   123   2.257087e-01   2.101557e-01   5.238145e-01   8.744335e-02   9.105618e-02   5.239692e-02   7.702325e-01   7.549415e-01   9.540910e-02   3.611485e-05   3.309491e-02   9.045077e-01   8.949480e-01   8.586819e-01   1.990179e-04   2.015148e-02
   124   2.573925e-01   2.418395e-01   5.514088e-01   7.113964e-02   8.657184e-02   2.826981e-02   8.001520e-01   7.854499e-01   9.584241e-02   2.768766e-05   3.059122e-02   9.237399e-01   9.142303e-01   8.625817e-01   1.592620e-04   1.923279e-02
   125   2.890763e-01   2.735232e-01   5.791777e-01   5.756529e-02   8.210741e-02   5.861375e-03   8.289940e-01   8.148124e-01   9.623618e-02   2.130882e-05   2.833940e-02   9.428857e-01   9.334183e-01   8.661256e-01   1.273314e-04   1.836500e-02
   126   3.207600e-01   3.052070e-01   6.070096e-01   4.631656e-02   7.768438e-02  -1.448127e-02   8.568834e-01   8.431625e-01   9.659376e-02   1.645233e-05   2.630967e-02   9.619600e-01   9.525276e-01   8.693438e-01   1.017102e-04   1.754436e-02
   127   3.524438e-01   3.368908e-01   6.347188e-01   3.704281e-02   7.332617e-02  -3.364202e-02   8.839291e-01   8.706167e-01   9.691827e-02   1.273707e-05   2.447590e-02   9.809770e-01   9.715726e-01   8.722644e-01   8.117118e-05   1.676742e-02
   128   3.841276e-01   3.685746e-01   6.621588e-01   2.944182e-02   6.904623e-02  -4.890330e-02   9.102277e-01   8.972774e-01   9.721261e-02   9.882596e-06   2.281547e-02   9.999496e-01   9.905669e-01   8.749135e-01   6.472186e-05   1.603102e-02
   129   4.158113e-01   4.002583e-01   6.891634e-01   2.324714e-02   6.487217e-02  -6.364600e-02   9.358633e-01   9.232346e-01   9.747945e-02   7.682208e-06   2.130773e-02   1.018890e+00   1.009523e+00   8.773151e-01   5.156057e-05   1.533222e-02
   130   4.474951e-01   4.319421e-01   7.154666e-01   1.823218e-02   6.081263e-02  -7.456024e-02   9.609107e-01   9.485675e-01   9.772124e-02   5.980844e-06   1.993542e-02   1.037809e+00   1.028453e+00   8.794912e-01   4.104009e-05   1.466834e-02
   131   4.791789e-01   4.636259e-01   7.408486e-01   1.418434e-02   5.687487e-02  -8.424320e-02   9.854368e-01   9.733469e-01   9.794025e-02   4.662017e-06   1.868314e-02   1.056718e+00   1.047366e+00   8.814623e-01   3.263844e-05   1.403694e-02
   132   5.108627e-01   4.953097e-01   7.653173e-01   1.095374e-02   5.308773e-02  -9.270796e-02   1.009500e+00   9.976352e-01   9.813854e-02   3.637718e-06   1.753720e-02   1.075625e+00   1.066274e+00   8.832469e-01   2.593511e-05   1.343579e-02
   133   5.425464e-01   5.269934e-01   7.887497e-01   8.395510e-03   4.946104e-02  -9.843982e-02   1.033154e+00   1.021488e+00   9.831802e-02   2.840768e-06   1.648600e-02   1.094539e+00   1.085185e+00   8.848622e-01   2.059168e-05   1.286287e-02
   134   5.742302e-01   5.586772e-01   8.108195e-01   6.384360e-03   4.600505e-02  -1.030742e-01   1.056444e+00   1.044955e+00   9.848042e-02   2.219816e-06   1.551926e-02   1.113468e+00   1.104107e+00   8.863237e-01   1.633611e-05   1.231635e-02
   135   6.059140e-01   5.903610e-01   8.315201e-01   4.811119e-03   4.271915e-02  -1.067858e-01   1.079414e+00   1.068081e+00   9.862732e-02   1.735440e-06   1.462789e-02   1.132419e+00   1.123047e+00   8.876458e-01   1.294991e-05   1.179453e-02
   136   6.375978e-01   6.220447e-01   8.509304e-01   3.597275e-03   3.961928e-02  -1.093334e-01   1.102099e+00   1.090905e+00   9.876016e-02   1.357269e-06   1.380395e-02   1.151399e+00   1.142013e+00   8.888415e-01   1.025779e-05   1.129591e-02
   137   6.692815e-01   6.537285e-01   8.686370e-01   2.666524e-03   3.670308e-02  -1.107878e-01   1.124535e+00   1.113462e+00   9.888027e-02   1.061790e-06   1.304060e-02   1.170413e+00   1.161010e+00   8.899225e-01   8.119294e-06   1.081911e-02
   138   7.009653e-01   6.854123e-01   8.849861e-01   1.959436e-03   3.397181e-02  -1.111671e-01   1.146752e+00   1.135786e+00   9.898885e-02   8.307870e-07   1.233173e-02   1.189465e+00   1.180044e+00   8.908996e-01   6.421963e-06   1.036286e-02
   139   7.326491e-01   7.170961e-01   8.997145e-01   1.428181e-03   3.142558e-02  -1.107075e-01   1.168775e+00   1.157903e+00   9.908698e-02   6.501105e-07   1.167200e-02   1.208562e+00   1.199119e+00   8.917828e-01   5.075870e-06   9.926026e-03
   140   7.643329e-01   7.487798e-01   9.130652e-01   1.031933e-03   2.905966e-02  -1.094434e-01   1.190630e+00   1.179840e+00   9.917565e-02   5.087503e-07   1.105669e-02   1.227706e+00   1.218240e+00   8.925808e-01   4.009169e-06   9.507567e-03
   141   7.960166e-01   7.804636e-01   9.248758e-01   7.398460e-04   2.686910e-02  -1.073700e-01   1.212337e+00   1.201619e+00   9.925576e-02   3.981268e-07   1.048167e-02   1.246902e+00   1.237410e+00   8.933019e-01   3.164516e-06   9.106529e-03
   142   8.277004e-01   8.121474e-01   9.354354e-01   5.262856e-04   2.484646e-02  -1.045397e-01   1.233917e+00   1.223261e+00   9.932813e-02   3.115440e-07   9.943281e-03   1.266151e+00   1.256633e+00   8.939532e-01   2.496188e-06   8.722039e-03
   143   8.593842e-01   8.438312e-01   9.446300e-01   3.716302e-04   2.298325e-02  -1.009892e-01   1.255387e+00   1.244785e+00   9.939350e-02   2.437714e-07   9.438323e-03   1.285457e+00   1.275912e+00   8.945415e-01   1.967760e-06   8.353298e-03
   144   8.910679e-01   8.755149e-01   9.526968e-01   2.607395e-04   2.126872e-02  -9.681935e-02   1.276762e+00   1.266206e+00   9.945254e-02   1.907213e-07   8.963938e-03   1.304823e+00   1.295248e+00   8.950729e-01   1.550243e-06   7.999571e-03
   145   9.227517e-01   9.071987e-01   9.597238e-01   1.817201e-04   1.969443e-02  -9.209808e-02   1.298056e+00   1.287540e+00   9.950586e-02   1.491965e-07   8.517596e-03   1.324249e+00   1.314644e+00   8.955527e-01   1.220585e-06   7.660180e-03
   146   9.544355e-01   9.388825e-01   9.657315e-01   1.259903e-04   1.824784e-02  -8.697599e-02   1.319282e+00   1.308799e+00   9.955400e-02   1.166951e-07   8.097049e-03   1.343737e+00   1.334102e+00   8.959860e-01   9.604731e-07   7.334496e-03
   147   9.861193e-01   9.705662e-01   9.709275e-01   8.693864e-05   1.691855e-02  -8.156332e-02   1.340451e+00   1.329995e+00   9.959747e-02   9.125892e-08   7.700297e-03   1.363288e+00   1.353622e+00   8.963772e-01   7.553696e-07   7.021940e-03
   148   1.017803e+00   1.002250e+00   9.753786e-01   5.972771e-05   1.569722e-02  -7.596425e-02   1.361572e+00   1.351140e+00   9.963672e-02   7.135456e-08   7.325556e-03   1.382903e+00   1.373206e+00   8.967304e-01   5.937443e-07   6.721971e-03
   149   1.049487e+00   1.033934e+00   9.791398e-01   4.089672e-05   1.457291e-02  -7.034696e-02   1.382655e+00   1.372242e+00   9.967214e-02   5.578132e-08   6.971231e-03   1.402582e+00   1.392854e+00   8.970493e-01   4.664595e-07   6.434086e-03
   150   1.081171e+00   1.065618e+00   9.823578e-01   2.792453e-05   1.353687e-02  -6.476834e-02   1.403707e+00   1.393309e+00   9.970413e-02   4.359882e-08   6.635893e-03   1.422326e+00   1.412566e+00   8.973371e-01   3.662792e-07   6.157817e-03
   151   1.112854e+00   1.097301e+00   9.850940e-01   1.902055e-05   1.258159e-02  -5.935269e-02   1.424735e+00   1.414348e+00   9.973300e-02   3.407058e-08   6.318258e-03   1.442133e+00   1.432342e+00   8.975970e-01   2.874778e-07   5.892724e-03
   152   1.144538e+00   1.128985e+00   9.873871e-01   1.293392e-05   1.169891e-02  -5.416579e-02   1.445745e+00   1.435367e+00   9.975905e-02   2.661976e-08   6.017171e-03   1.462005e+00   1.452183e+00   8.978315e-01   2.255281e-07   5.638395e-03
   153   1.176222e+00   1.160669e+00   9.893375e-01   8.783759e-06   1.088239e-02  -4.925066e-02   1.466742e+00   1.456370e+00   9.978257e-02   2.079463e-08   5.731587e-03   1.481938e+00   1.472086e+00   8.980432e-01   1.768532e-07   5.394447e-03
   154   1.207906e+00   1.192353e+00   9.909918e-01   5.959450e-06   1.012656e-02  -4.466179e-02   1.487730e+00   1.477363e+00   9.980380e-02   1.624145e-08   5.460566e-03   1.501933e+00   1.492051e+00   8.982342e-01   1.386288e-07   5.160517e-03
   155   1.239589e+00   1.224036e+00   9.923725e-01   4.041176e-06   9.425747e-03  -4.036923e-02   1.508713e+00   1.498348e+00   9.982296e-02   1.268326e-08   5.203251e-03   1.521988e+00   1.512076e+00   8.984066e-01   1.086266e-07   4.936267e-03
   156   1.271273e+00   1.255720e+00   9.935466e-01   2.739532e-06   8.775499e-03  -3.646499e-02   1.529693e+00   1.519330e+00   9.984025e-02   9.903239e-09   4.958870e-03   1.542100e+00   1.532161e+00   8.985622e-01   8.508968e-08   4.721379e-03
   157   1.302957e+00   1.287404e+00   9.945387e-01   1.857141e-06   8.171727e-03  -3.283468e-02   1.550673e+00   1.540310e+00   9.985585e-02   7.731683e-09   4.726720e-03   1.562268e+00   1.552301e+00   8.987027e-01   6.663360e-08   4.515557e-03
   158   1.334641e+00   1.319088e+00   9.953693e-01   1.259144e-06   7.610660e-03  -2.957455e-02   1.571654e+00   1.561290e+00   9.986993e-02   6.035787e-09   4.506165e-03   1.582487e+00   1.572495e+00   8.988294e-01   5.216816e-08   4.318526e-03
   159   1.366325e+00   1.350772e+00   9.960766e-01   8.539996e-07   7.088992e-03  -2.657376e-02   1.592635e+00   1.582271e+00   9.988264e-02   4.711645e-09   4.296626e-03   1.602755e+00   1.592740e+00   8.989438e-01   4.083542e-08   4.130029e-03
   160   1.398008e+00   1.382455e+00   9.966706e-01   5.794947e-07   6.603817e-03  -2.388753e-02   1.613617e+00   1.603253e+00   9.989411e-02   3.677978e-09   4.097582e-03   1.623068e+00   1.613030e+00   8.990470e-01   3.196058e-08   3.949831e-03
   161   1.429692e+00   1.414139e+00   9.971729e-01   3.934435e-07   6.152365e-03  -2.143066e-02   1.634599e+00   1.624235e+00   9.990446e-02   2.871226e-09   3.908559e-03   1.643419e+00   1.633362e+00   8.991401e-01   2.501325e-08   3.777717e-03
   162   1.461376e+00   1.445823e+00   9.976006e-01   2.673146e-07   5.732313e-03  -1.923779e-02   1.655577e+00   1.645215e+00   9.991379e-02   2.241690e-09   3.729133e-03   1.663803e+00   1.653731e+00   8.992241e-01   1.957675e-08   3.613495e-03
   163   1.493060e+00   1.477507e+00   9.979581e-01   1.817519e-07   5.341397e-03  -1.723190e-02   1.676548e+00   1.666189e+00   9.992222e-02   1.750526e-09   3.558926e-03   1.684213e+00   1.674128e+00   8.993000e-01   1.532390e-08   3.456994e-03
   164   1.524743e+00   1.509190e+00   9.982641e-01   1.236736e-07   4.977678e-03  -1.544604e-02   1.697507e+00   1.687154e+00   9.992982e-02   1.367375e-09   3.397602e-03   1.704641e+00   1.694547e+00   8.993684e-01   1.199799e-08   3.308068e-03
   165   1.556427e+00   1.540874e+00   9.985217e-01   8.422913e-08   4.639362e-03  -1.379849e-02   1.718448e+00   1.708104e+00   9.993668e-02   1.068522e-09   3.244868e-03   1.725076e+00   1.714978e+00   8.994301e-01   9.397627e-09   3.166596e-03
   166   1.588111e+00   1.572558e+00   9.987410e-01   5.741273e-08   4.324783e-03  -1.233356e-02   1.739361e+00   1.729030e+00   9.994287e-02   8.354403e-10   3.100472e-03   1.745506e+00   1.735411e+00   8.994858e-01   7.364969e-09   3.032483e-03
   167   1.619795e+00   1.604242e+00   9.989275e-01   3.917471e-08   4.032609e-03  -1.094712e-02   1.760238e+00   1.749925e+00   9.994845e-02   6.536662e-10   2.964205e-03   1.765918e+00   1.755832e+00   8.995361e-01   5.776324e-09   2.905665e-03
   168   1.651478e+00   1.635925e+00   9.990853e-01   2.675501e-08   3.761406e-03  -9.705973e-03   1.781064e+00   1.770776e+00   9.995349e-02   5.119064e-10   2.835898e-03   1.786295e+00   1.776226e+00   8.995814e-01   4.534819e-09   2.786107e-03
   169   1.683162e+00   1.667609e+00   9.992207e-01   1.829308e-08   3.510164e-03  -8.487840e-03   1.801825e+00   1.791568e+00   9.995804e-02   4.013475e-10   2.715426e-03   1.806617e+00   1.796575e+00   8.996223e-01   3.564623e-09   2.673807e-03
   170   1.714846e+00   1.699293e+00   9.993347e-01   1.252143e-08   3.277832e-03  -7.362409e-03   1.822502e+00   1.812286e+00   9.996214e-02   3.151123e-10   2.602705e-03   1.826863e+00   1.816858e+00   8.996593e-01   2.806396e-09   2.568799e-03
   171   1.746530e+00   1.730977e+00   9.994331e-01   8.581546e-09   3.063610e-03  -6.199381e-03   1.843073e+00   1.832909e+00   9.996584e-02   2.478361e-10   2.497694e-03   1.847005e+00   1.837051e+00   8.996926e-01   2.213729e-09   2.471150e-03
   172   1.778214e+00   1.762661e+00   9.995162e-01   5.889743e-09   2.866991e-03  -5.040585e-03   1.863512e+00   1.853413e+00   9.996918e-02   1.953351e-10   2.400395e-03   1.867014e+00   1.857125e+00   8.997226e-01   1.750336e-09   2.380966e-03
   173   1.809897e+00   1.794344e+00   9.995880e-01   4.048473e-09   2.687250e-03  -3.791279e-03   1.883789e+00   1.873769e+00   9.997219e-02   1.543469e-10   2.310850e-03   1.886855e+00   1.877048e+00   8.997498e-01   1.387858e-09   2.298388e-03
   174   1.841581e+00   1.826028e+00   9.996492e-01   2.788291e-09   2.524780e-03  -2.359481e-03   1.903870e+00   1.893945e+00   9.997491e-02   1.223286e-10   2.229146e-03   1.906489e+00   1.896783e+00   8.997742e-01   1.104143e-09   2.223591e-03
   175   1.873265e+00   1.857712e+00   9.997018e-01   1.924268e-09   2.378753e-03  -8.205174e-04   1.923714e+00   1.913905e+00   9.997737e-02   9.729817e-11   2.155406e-03   1.925872e+00   1.916289e+00   8.997963e-01   8.818886e-10   2.156782e-03
   176   1.904949e+00   1.889396e+00   9.997473e-01   1.331742e-09   2.250915e-03   1.278504e-03   1.943280e+00   1.933607e+00   9.997958e-02   7.770984e-11   2.089826e-03   1.944957e+00   1.935520e+00   8.998162e-01   7.075881e-10   2.098197e-03
   177   1.936632e+00   1.921079e+00   9.997864e-01   9.244671e-10   2.140995e-03   3.627714e-03   1.962522e+00   1.953007e+00   9.998158e-02   6.235068e-11   2.032936e-03   1.963694e+00   1.954427e+00   8.998342e-01   5.706778e-10   2.048172e-03
   178   1.968316e+00   1.952763e+00   9.998204e-01   6.441003e-10   2.050692e-03   6.666846e-03   1.981412e+00   1.972070e+00   9.998338e-02   5.023182e-11   1.987228e-03   1.982037e+00   1.972962e+00   8.998504e-01   4.627149e-10   2.007975e-03
   179   2.000000e+00   1.984447e+00   9.998500e-01   4.493722e-10   1.991129e-03   8.267435e-03   2.000000e+00   1.990806e+00   9.998500e-02   4.046759e-11   1.962134e-03   2.000000e+00   1.991111e+00   8.998650e-01   3.760776e-10   1.984881e-03
