     i          log_r       log_rmid          m_tot        rho_tot         v2_tot            eta     lgr[heavy]    lgrm[heavy]       m[heavy]     rho[heavy]      v2[heavy]     lgr[light]    lgrm[light]       m[light]     rho[light]      v2[light]
     0  -4.502264e+00  -4.803294e+00   1.042578e-07   9.724795e+06   1.801300e-01            nan  -4.502264e+00  -4.803294e+00   9.998500e-08   9.634922e+06   1.784833e-01  -3.060063e+00  -3.361093e+00   8.998650e-07   4.087788e+03   3.579290e-01
     1  -4.465939e+00  -4.483722e+00   1.331056e-07   9.583474e+06   1.793232e-01            nan  -4.479717e+00  -4.490844e+00   1.166721e-07   9.541365e+06   1.784794e-01  -3.018456e+00  -3.038761e+00   1.050049e-06   2.048895e+03   3.582105e-01
     2  -4.429613e+00  -4.447396e+00   1.700268e-07   9.562772e+06   1.792611e-01            nan  -4.457178e+00  -4.468301e+00   1.361439e-07   9.531228e+06   1.784790e-01  -2.977427e+00  -2.997457e+00   1.225295e-06   1.822708e+03   3.582320e-01
     3  -4.393288e+00  -4.411071e+00   2.172798e-07   9.539122e+06   1.792036e-01            nan  -4.434642e+00  -4.445764e+00   1.588651e-07   9.520042e+06   1.784786e-01  -2.936837e+00  -2.956658e+00   1.429786e-06   1.621849e+03   3.582083e-01
     4  -4.356962e+00  -4.374745e+00   2.777448e-07   9.512385e+06   1.791503e-01            nan  -4.412107e+00  -4.423229e+00   1.853780e-07   9.507696e+06   1.784781e-01  -2.896609e+00  -2.916257e+00   1.668402e-06   1.444531e+03   3.581167e-01
     5  -4.320637e+00  -4.338420e+00   3.551020e-07   9.481616e+06   1.791008e-01            nan  -4.389571e+00  -4.400693e+00   2.163150e-07   9.494067e+06   1.784775e-01  -2.856696e+00  -2.876194e+00   1.946835e-06   1.288178e+03   3.579377e-01
     6  -4.284311e+00  -4.302094e+00   4.540257e-07   9.446193e+06   1.790549e-01            nan  -4.367029e+00  -4.378154e+00   2.524142e-07   9.479021e+06   1.784769e-01  -2.817077e+00  -2.836435e+00   2.271728e-06   1.150616e+03   3.576488e-01
     7  -4.247986e+00  -4.265769e+00   5.804831e-07   9.405653e+06   1.790123e-01            nan  -4.344480e+00  -4.355609e+00   2.945370e-07   9.462409e+06   1.784762e-01  -2.777754e+00  -2.796971e+00   2.650833e-06   1.029926e+03   3.572267e-01
     8  -4.211660e+00  -4.229443e+00   7.420456e-07   9.358135e+06   1.789726e-01            nan  -4.321921e+00  -4.333054e+00   3.436881e-07   9.444065e+06   1.784754e-01  -2.738733e+00  -2.757805e+00   3.093193e-06   9.240115e+02   3.566505e-01
     9  -4.175335e+00  -4.193118e+00   9.482800e-07   9.303569e+06   1.789357e-01            nan  -4.299349e+00  -4.310489e+00   4.010398e-07   9.423810e+06   1.784746e-01  -2.700034e+00  -2.718953e+00   3.609358e-06   8.312561e+02   3.559028e-01
    10  -4.139009e+00  -4.156792e+00   1.211377e-06   9.240134e+06   1.789012e-01            nan  -4.276762e+00  -4.287909e+00   4.679601e-07   9.401444e+06   1.784737e-01  -2.661674e+00  -2.680431e+00   4.211641e-06   7.498944e+02   3.549664e-01
    11  -4.102684e+00  -4.120467e+00   1.546540e-06   9.166416e+06   1.788690e-01            nan  -4.254155e+00  -4.265311e+00   5.460446e-07   9.376749e+06   1.784727e-01  -2.623673e+00  -2.642258e+00   4.914402e-06   6.785276e+02   3.538375e-01
    12  -4.066358e+00  -4.084141e+00   1.973085e-06   9.081772e+06   1.788387e-01            nan  -4.231527e+00  -4.242694e+00   6.371554e-07   9.349484e+06   1.784715e-01  -2.586044e+00  -2.604451e+00   5.734398e-06   6.157870e+02   3.525064e-01
    13  -4.030033e+00  -4.047816e+00   2.515081e-06   8.982466e+06   1.788102e-01            nan  -4.208874e+00  -4.220053e+00   7.434644e-07   9.319385e+06   1.784703e-01  -2.548798e+00  -2.567022e+00   6.691180e-06   5.605074e+02   3.509841e-01
    14  -3.993707e+00  -4.011490e+00   3.202384e-06   8.868951e+06   1.787833e-01            nan  -4.186193e+00  -4.197385e+00   8.675058e-07   9.286164e+06   1.784689e-01  -2.511939e+00  -2.529978e+00   7.807552e-06   5.116657e+02   3.492731e-01
    15  -3.957382e+00  -3.975165e+00   4.072657e-06   8.737240e+06   1.787577e-01            nan  -4.163479e+00  -4.174687e+00   1.012236e-06   9.249502e+06   1.784674e-01  -2.475466e+00  -2.493320e+00   9.110122e-06   4.683525e+02   3.473925e-01
    16  -3.921056e+00  -3.938839e+00   5.170745e-06   8.586359e+06   1.787332e-01            nan  -4.140729e+00  -4.151955e+00   1.181103e-06   9.209053e+06   1.784657e-01  -2.439372e+00  -2.457044e+00   1.062993e-05   4.298017e+02   3.453609e-01
    17  -3.884731e+00  -3.902514e+00   6.554111e-06   8.413891e+06   1.787097e-01            nan  -4.117938e+00  -4.129184e+00   1.378130e-06   9.164439e+06   1.784639e-01  -2.403645e+00  -2.421141e+00   1.240317e-05   3.953525e+02   3.431952e-01
    18  -3.848405e+00  -3.866188e+00   8.288759e-06   8.216625e+06   1.786870e-01            nan  -4.095102e+00  -4.106370e+00   1.608010e-06   9.115246e+06   1.784619e-01  -2.368269e+00  -2.385597e+00   1.447209e-05   3.644186e+02   3.409302e-01
    19  -3.812080e+00  -3.829863e+00   1.045865e-05   7.994515e+06   1.786650e-01            nan  -4.072215e+00  -4.083508e+00   1.876216e-06   9.061027e+06   1.784596e-01  -2.333224e+00  -2.350393e+00   1.688595e-05   3.365509e+02   3.385716e-01
    20  -3.775754e+00  -3.793537e+00   1.315720e-05   7.742537e+06   1.786434e-01            nan  -4.049270e+00  -4.060591e+00   2.189133e-06   9.001292e+06   1.784571e-01  -2.298485e+00  -2.315507e+00   1.970220e-05   3.112930e+02   3.361668e-01
    21  -3.739429e+00  -3.757212e+00   1.650249e-05   7.463058e+06   1.786223e-01            nan  -4.026262e+00  -4.037613e+00   2.554206e-06   8.935513e+06   1.784544e-01  -2.264032e+00  -2.280917e+00   2.298786e-05   2.883513e+02   3.337080e-01
    22  -3.703103e+00  -3.720886e+00   2.061662e-05   7.151234e+06   1.786015e-01            nan  -4.003182e+00  -4.014569e+00   2.980121e-06   8.863121e+06   1.784514e-01  -2.229833e+00  -2.246596e+00   2.682109e-05   2.673808e+02   3.312429e-01
    23  -3.666778e+00  -3.684561e+00   2.566020e-05   6.810373e+06   1.785811e-01            nan  -3.980023e+00  -3.991448e+00   3.477003e-06   8.783501e+06   1.784481e-01  -2.195866e+00  -2.212517e+00   3.129303e-05   2.481802e+02   3.287587e-01
    24  -3.630452e+00  -3.648235e+00   3.177580e-05   6.440422e+06   1.785612e-01            nan  -3.956776e+00  -3.968244e+00   4.056664e-06   8.695995e+06   1.784445e-01  -2.162100e+00  -2.178655e+00   3.650997e-05   2.305121e+02   3.262855e-01
    25  -3.594127e+00  -3.611910e+00   3.915770e-05   6.041307e+06   1.785419e-01            nan  -3.933430e+00  -3.944946e+00   4.732872e-06   8.599900e+06   1.784405e-01  -2.128513e+00  -2.144982e+00   4.259585e-05   2.142268e+02   3.238128e-01
    26  -3.557801e+00  -3.575584e+00   4.799613e-05   5.622318e+06   1.785234e-01            nan  -3.909974e+00  -3.921544e+00   5.521683e-06   8.494470e+06   1.784361e-01  -2.095076e+00  -2.111473e+00   4.969515e-05   1.991603e+02   3.213573e-01
    27  -3.521476e+00  -3.539259e+00   5.843253e-05   5.182055e+06   1.785063e-01            nan  -3.886396e+00  -3.898025e+00   6.441814e-06   8.378917e+06   1.784313e-01  -2.061769e+00  -2.078103e+00   5.797633e-05   1.852003e+02   3.189096e-01
    28  -3.485150e+00  -3.502933e+00   7.069018e-05   4.728861e+06   1.784910e-01            nan  -3.862680e+00  -3.874376e+00   7.515084e-06   8.252415e+06   1.784261e-01  -2.028566e+00  -2.044850e+00   6.763576e-05   1.722295e+02   3.164805e-01
    29  -3.448825e+00  -3.466608e+00   8.494091e-05   4.272701e+06   1.784780e-01            nan  -3.838811e+00  -3.850581e+00   8.766923e-06   8.114105e+06   1.784203e-01  -1.995446e+00  -2.011690e+00   7.890231e-05   1.601635e+02   3.140622e-01
    30  -3.412499e+00  -3.430282e+00   1.013304e-04   3.820536e+06   1.784681e-01            nan  -3.814770e+00  -3.826624e+00   1.022697e-05   7.963106e+06   1.784141e-01  -1.962389e+00  -1.978603e+00   9.204273e-05   1.489139e+02   3.116667e-01
    31  -3.376174e+00  -3.393957e+00   1.199477e-04   3.379541e+06   1.784624e-01            nan  -3.790538e+00  -3.802485e+00   1.192976e-05   7.798519e+06   1.784072e-01  -1.929375e+00  -1.945568e+00   1.073678e-04   1.384176e+02   3.092872e-01
    32  -3.339848e+00  -3.357631e+00   1.408317e-04   2.955188e+06   1.784623e-01            nan  -3.766092e+00  -3.778143e+00   1.391553e-05   7.619451e+06   1.783998e-01  -1.896384e+00  -1.912566e+00   1.252398e-04   1.286055e+02   3.069403e-01
    33  -3.303523e+00  -3.321306e+00   1.640732e-04   2.556288e+06   1.784689e-01            nan  -3.741404e+00  -3.753573e+00   1.623115e-05   7.425026e+06   1.783917e-01  -1.863399e+00  -1.879578e+00   1.460803e-04   1.194321e+02   3.046165e-01
    34  -3.267197e+00  -3.284980e+00   1.896847e-04   2.188677e+06   1.784836e-01            nan  -3.716447e+00  -3.728747e+00   1.893121e-05   7.214410e+06   1.783830e-01  -1.830404e+00  -1.846588e+00   1.703808e-04   1.108433e+02   3.023348e-01
    35  -3.230872e+00  -3.248655e+00   2.175286e-04   1.855534e+06   1.785083e-01            nan  -3.691186e+00  -3.703633e+00   2.207926e-05   6.986844e+06   1.783735e-01  -1.797383e+00  -1.813580e+00   1.987134e-04   1.028082e+02   3.000749e-01
    36  -3.194546e+00  -3.212329e+00   2.474681e-04   1.557354e+06   1.785457e-01            nan  -3.665584e+00  -3.678197e+00   2.574932e-05   6.741678e+06   1.783634e-01  -1.764324e+00  -1.780539e+00   2.317439e-04   9.528557e+01   2.978524e-01
    37  -3.158221e+00  -3.176004e+00   2.795141e-04   1.296228e+06   1.785974e-01            nan  -3.639597e+00  -3.652396e+00   3.002750e-05   6.478412e+06   1.783525e-01  -1.731217e+00  -1.747455e+00   2.702475e-04   8.825361e+01   2.956359e-01
    38  -3.121895e+00  -3.139678e+00   3.136800e-04   1.071305e+06   1.786651e-01            nan  -3.613174e+00  -3.626185e+00   3.501400e-05   6.196750e+06   1.783408e-01  -1.698055e+00  -1.714320e+00   3.151260e-04   8.168414e+01   2.934205e-01
    39  -3.085570e+00  -3.103353e+00   3.500664e-04   8.803532e+05   1.787498e-01            nan  -3.586260e+00  -3.599509e+00   4.082538e-05   5.896659e+06   1.783284e-01  -1.664834e+00  -1.681127e+00   3.674284e-04   7.555780e+01   2.911721e-01
    40  -3.049244e+00  -3.067027e+00   3.877037e-04   7.194936e+05   1.788545e-01            nan  -3.558788e+00  -3.572307e+00   4.759714e-05   5.578434e+06   1.783153e-01  -1.631555e+00  -1.647876e+00   4.283742e-04   6.985228e+01   2.888705e-01
    41  -3.012919e+00  -3.030702e+00   4.271314e-04   5.849652e+05   1.789817e-01   5.029919e-01  -3.530682e+00  -3.544507e+00   5.548679e-05   5.242775e+06   1.783015e-01  -1.598219e+00  -1.614567e+00   4.993811e-04   6.454698e+01   2.864896e-01
    42  -2.976593e+00  -2.994376e+00   4.690423e-04   4.745872e+05   1.791141e-01   5.027661e-01  -3.501853e+00  -3.516028e+00   6.467734e-05   4.890865e+06   1.782872e-01  -1.564831e+00  -1.581204e+00   5.820960e-04   5.961976e+01   2.840073e-01
    43  -2.940268e+00  -2.958051e+00   5.112976e-04   3.840211e+05   1.792668e-01   5.024194e-01  -3.472199e+00  -3.486773e+00   7.538125e-05   4.524451e+06   1.782725e-01  -1.531395e+00  -1.547792e+00   6.784313e-04   5.504680e+01   2.814210e-01
    44  -2.903942e+00  -2.921725e+00   5.562514e-04   3.104665e+05   1.794372e-01   5.019197e-01  -3.441600e+00  -3.456630e+00   8.784517e-05   4.145925e+06   1.782577e-01  -1.497916e+00  -1.514333e+00   7.906065e-04   5.080477e+01   2.787170e-01
    45  -2.867617e+00  -2.885400e+00   6.023005e-04   2.508877e+05   1.796223e-01   5.012595e-01  -3.409915e+00  -3.425469e+00   1.023551e-04   3.758387e+06   1.782430e-01  -1.464395e+00  -1.480832e+00   9.211963e-04   4.686792e+01   2.759221e-01
    46  -2.831291e+00  -2.849074e+00   6.506588e-04   2.029826e+05   1.798170e-01   5.004232e-01  -3.376978e+00  -3.393134e+00   1.192428e-04   3.365696e+06   1.782289e-01  -1.430833e+00  -1.447290e+00   1.073185e-03   4.321332e+01   2.730398e-01
    47  -2.794966e+00  -2.812749e+00   7.006104e-04   1.642750e+05   1.800237e-01   4.993709e-01  -3.342594e+00  -3.359446e+00   1.388921e-04   2.972479e+06   1.782161e-01  -1.397227e+00  -1.413705e+00   1.250029e-03   3.981731e+01   2.701026e-01
    48  -2.758640e+00  -2.776423e+00   7.531471e-04   1.334389e+05   1.802137e-01   4.981686e-01  -3.306533e+00  -3.324190e+00   1.617478e-04   2.584092e+06   1.782055e-01  -1.363571e+00  -1.380073e+00   1.455730e-03   3.665900e+01   2.671338e-01
    49  -2.722315e+00  -2.740098e+00   8.075726e-04   1.084579e+05   1.804140e-01   4.966895e-01  -3.268523e+00  -3.287112e+00   1.883238e-04   2.206504e+06   1.781985e-01  -1.329859e+00  -1.346388e+00   1.694914e-03   3.371992e+01   2.641536e-01
    50  -2.685989e+00  -2.703772e+00   8.653321e-04   8.861652e+04   1.805590e-01   4.951394e-01  -3.228242e+00  -3.247915e+00   2.192140e-04   1.846102e+06   1.781969e-01  -1.296079e+00  -1.312640e+00   1.972926e-03   3.098237e+01   2.611974e-01
    51  -2.649664e+00  -2.667447e+00   9.253754e-04   7.251085e+04   1.807018e-01   4.932970e-01  -3.185317e+00  -3.206249e+00   2.551039e-04   1.509370e+06   1.782034e-01  -1.262224e+00  -1.278821e+00   2.295935e-03   2.843388e+01   2.582612e-01
    52  -2.613338e+00  -2.631121e+00   9.895603e-04   5.963353e+04   1.807609e-01   4.914478e-01  -3.139317e+00  -3.161709e+00   2.967831e-04   1.202473e+06   1.782218e-01  -1.228283e+00  -1.244922e+00   2.671048e-03   2.606128e+01   2.553690e-01
    53  -2.577013e+00  -2.594796e+00   1.056978e-03   4.920134e+04   1.807745e-01   4.894286e-01  -3.089760e+00  -3.113832e+00   3.451610e-04   9.307201e+05   1.782571e-01  -1.194251e+00  -1.210934e+00   3.106449e-03   2.385553e+01   2.525049e-01
    54  -2.540687e+00  -2.558470e+00   1.129044e-03   4.073302e+04   1.807135e-01   4.873582e-01  -3.036128e+00  -3.062117e+00   4.012824e-04   6.979826e+05   1.783159e-01  -1.160124e+00  -1.176853e+00   3.611542e-03   2.180801e+01   2.496538e-01
    55  -2.504362e+00  -2.522145e+00   1.206168e-03   3.390393e+04   1.805216e-01   4.854434e-01  -2.977918e+00  -3.006049e+00   4.663463e-04   5.061388e+05   1.784054e-01  -1.125901e+00  -1.142676e+00   4.197117e-03   1.991010e+01   2.468102e-01
    56  -2.468036e+00  -2.485819e+00   1.288659e-03   2.825733e+04   1.803059e-01   4.833071e-01  -2.914718e+00  -2.945169e+00   5.417261e-04   3.546761e+05   1.785316e-01  -1.091585e+00  -1.108404e+00   4.875535e-03   1.815489e+01   2.439376e-01
    57  -2.431711e+00  -2.449494e+00   1.377793e-03   2.371397e+04   1.798544e-01   4.817869e-01  -2.846347e+00  -2.879188e+00   6.289911e-04   2.406135e+05   1.786923e-01  -1.057181e+00  -1.074042e+00   5.660920e-03   1.653433e+01   2.410244e-01
    58  -2.395385e+00  -2.413168e+00   1.473923e-03   1.990458e+04   1.794263e-01   4.799225e-01  -2.773022e+00  -2.808139e+00   7.299314e-04   1.588608e+05   1.788648e-01  -1.022697e+00  -1.039597e+00   6.569382e-03   1.504068e+01   2.380510e-01
    59  -2.359060e+00  -2.376843e+00   1.578055e-03   1.681291e+04   1.787236e-01   4.789315e-01  -2.695507e+00  -2.732537e+00   8.465830e-04   1.030172e+05   1.789864e-01  -9.881432e-01  -1.005077e+00   7.619247e-03   1.366628e+01   2.349904e-01
    60  -2.322734e+00  -2.340517e+00   1.691606e-03   1.420909e+04   1.780307e-01   4.777402e-01  -2.615132e+00  -2.653463e+00   9.812558e-04   6.642612e+04   1.789375e-01  -9.535287e-01  -9.704912e-01   8.831303e-03   1.240289e+01   2.318454e-01
    61  -2.286409e+00  -2.304192e+00   1.814684e-03   1.205594e+04   1.771389e-01   4.772550e-01  -2.533591e+00  -2.572451e+00   1.136562e-03   4.314736e+04   1.785484e-01  -9.188638e-01  -9.358505e-01   1.022906e-02   1.124283e+01   2.286008e-01
    62  -2.250083e+00  -2.267866e+00   1.950020e-03   1.024029e+04   1.762241e-01   4.768093e-01  -2.452574e+00  -2.491196e+00   1.315444e-03   2.853442e+04   1.776489e-01  -8.841583e-01  -9.011645e-01   1.183900e-02   1.017866e+01   2.252408e-01
    63  -2.213758e+00  -2.231541e+00   2.096969e-03   8.717680e+03   1.751836e-01   4.768965e-01  -2.373412e+00  -2.411192e+00   1.521208e-03   1.932951e+04   1.761419e-01  -8.494201e-01  -8.664419e-01   1.369088e-02   9.202681e+00   2.217803e-01
    64  -2.177432e+00  -2.195215e+00   2.259080e-03   7.428250e+03   1.741249e-01   4.771064e-01  -2.296906e+00  -2.333476e+00   1.757548e-03   1.342940e+04   1.740508e-01  -8.146553e-01  -8.316899e-01   1.581793e-02   8.307948e+00   2.182154e-01
    65  -2.141107e+00  -2.158890e+00   2.435697e-03   6.335979e+03   1.730029e-01   4.776772e-01  -2.223347e+00  -2.258571e+00   2.028572e-03   9.547181e+03   1.715066e-01  -7.798684e-01  -7.969136e-01   1.825715e-02   7.487916e+00   2.145447e-01
    66  -2.104781e+00  -2.122564e+00   2.630284e-03   5.406915e+03   1.718901e-01   4.783278e-01  -2.152659e+00  -2.186567e+00   2.338830e-03   6.916196e+03   1.686908e-01  -7.450599e-01  -7.621155e-01   2.104947e-02   6.736137e+00   2.107930e-01
    67  -2.068456e+00  -2.086239e+00   2.843100e-03   4.613954e+03   1.707676e-01   4.791736e-01  -2.084553e+00  -2.117272e+00   2.693323e-03   5.081864e+03   1.657763e-01  -7.102271e-01  -7.272944e-01   2.423991e-02   6.046854e+00   2.069759e-01
    68  -2.032130e+00  -2.049913e+00   3.076683e-03   3.938067e+03   1.696808e-01   4.800297e-01  -2.018645e+00  -2.050350e+00   3.097518e-03   3.771317e+03   1.628907e-01  -6.753645e-01  -6.924461e-01   2.787766e-02   5.414976e+00   2.031060e-01
    69  -1.995805e+00  -2.013588e+00   3.332883e-03   3.357791e+03   1.686322e-01   4.809280e-01  -1.954543e+00  -1.985412e+00   3.557342e-03   2.816710e+03   1.601073e-01  -6.404639e-01  -6.575637e-01   3.201608e-02   4.835894e+00   1.992043e-01
    70  -1.959479e+00  -1.977262e+00   3.612927e-03   2.862613e+03   1.676373e-01   4.818077e-01  -1.891882e+00  -1.922083e+00   4.079169e-03   2.111366e+03   1.574566e-01  -6.055138e-01  -6.226374e-01   3.671252e-02   4.305435e+00   1.953009e-01
    71  -1.923154e+00  -1.940937e+00   3.920349e-03   2.437538e+03   1.667118e-01   4.826401e-01  -1.830344e+00  -1.860024e+00   4.669785e-03   1.584958e+03   1.549491e-01  -5.705026e-01  -5.876555e-01   4.202806e-02   3.820250e+00   1.914053e-01
    72  -1.886828e+00  -1.904611e+00   4.255668e-03   2.073930e+03   1.658612e-01   4.834401e-01  -1.769657e+00  -1.798941e+00   5.336336e-03   1.189467e+03   1.525984e-01  -5.354200e-01  -5.526071e-01   4.802703e-02   3.377463e+00   1.875208e-01
    73  -1.850503e+00  -1.868286e+00   4.622580e-03   1.763061e+03   1.650899e-01   4.842018e-01  -1.709594e+00  -1.738588e+00   6.086254e-03   8.911558e+02   1.504341e-01  -5.002584e-01  -5.174835e-01   5.477629e-02   2.974558e+00   1.836493e-01
    74  -1.814177e+00  -1.831960e+00   5.022510e-03   1.496336e+03   1.644301e-01   4.848442e-01  -1.649968e+00  -1.678758e+00   6.927149e-03   6.658365e+02   1.484920e-01  -4.650140e-01  -4.822788e-01   6.234434e-02   2.609240e+00   1.797906e-01
    75  -1.777852e+00  -1.795635e+00   5.458665e-03   1.269452e+03   1.638551e-01   4.854432e-01  -1.590649e+00  -1.619296e+00   7.866679e-03   4.958973e+02   1.467846e-01  -4.296890e-01  -4.469924e-01   7.080011e-02   2.279471e+00   1.759271e-01
    76  -1.741526e+00  -1.759309e+00   5.932926e-03   1.074739e+03   1.634337e-01   4.857374e-01  -1.531581e+00  -1.560111e+00   8.912390e-03   3.682809e+02   1.452656e-01  -3.942929e-01  -4.116305e-01   8.021151e-02   1.983237e+00   1.720376e-01
    77  -1.705201e+00  -1.722984e+00   6.449428e-03   9.092748e+02   1.631323e-01   4.857821e-01  -1.472798e+00  -1.501195e+00   1.007152e-02   2.730569e+02   1.438144e-01  -3.588418e-01  -3.762057e-01   9.064369e-02   1.718486e+00   1.681007e-01
    78  -1.668875e+00  -1.686658e+00   7.009258e-03   7.685078e+02   1.629702e-01   4.854305e-01  -1.414414e+00  -1.442626e+00   1.135078e-02   2.024577e+02   1.422704e-01  -3.233577e-01  -3.407374e-01   1.021570e-01   1.483085e+00   1.641054e-01
    79  -1.632550e+00  -1.650333e+00   7.617159e-03   6.486069e+02   1.629865e-01   4.844297e-01  -1.356584e+00  -1.384537e+00   1.275612e-02   1.503207e+02   1.405079e-01  -2.878681e-01  -3.052505e-01   1.148050e-01   1.274844e+00   1.600409e-01
    80  -1.596224e+00  -1.614007e+00   8.277172e-03   5.473472e+02   1.631124e-01   4.829561e-01  -1.299439e+00  -1.327072e+00   1.429243e-02   1.118177e+02   1.384982e-01  -2.524049e-01  -2.697746e-01   1.286319e-01   1.091571e+00   1.558968e-01
    81  -1.559899e+00  -1.577682e+00   8.990163e-03   4.614101e+02   1.633992e-01   4.806940e-01  -1.243056e+00  -1.270334e+00   1.596333e-02   8.328931e+01   1.363111e-01  -2.170035e-01  -2.343436e-01   1.436700e-01   9.310852e-01   1.516666e-01
    82  -1.523573e+00  -1.541356e+00   9.765199e-03   3.890303e+02   1.637647e-01   4.779844e-01  -1.187443e+00  -1.214360e+00   1.777087e-02   6.205492e+01   1.340691e-01  -1.817029e-01  -1.989947e-01   1.599378e-01   7.912527e-01   1.473477e-01
    83  -1.487248e+00  -1.505031e+00   1.060334e-02   3.281065e+02   1.642023e-01   4.748063e-01  -1.132561e+00  -1.159136e+00   1.971527e-02   4.619015e+01   1.318951e-01  -1.465433e-01  -1.637674e-01   1.774374e-01   6.699952e-01   1.429491e-01
    84  -1.450922e+00  -1.468705e+00   1.151245e-02   2.768166e+02   1.646453e-01   4.716070e-01  -1.078355e+00  -1.104613e+00   2.179475e-02   3.431879e+01   1.298731e-01  -1.115671e-01  -1.287032e-01   1.961527e-01   5.653508e-01   1.384729e-01
    85  -1.414597e+00  -1.432380e+00   1.250181e-02   2.337703e+02   1.650911e-01   4.683602e-01  -1.024786e+00  -1.050745e+00   2.400535e-02   2.544579e+01   1.280245e-01  -7.681745e-02  -9.384479e-02   2.160481e-01   4.754678e-01   1.339233e-01
    86  -1.378271e+00  -1.396054e+00   1.357180e-02   1.975895e+02   1.654939e-01   4.654610e-01  -9.718528e-01  -9.975135e-01   2.634082e-02   1.883527e+01   1.263077e-01  -4.233811e-02  -5.923570e-02   2.370673e-01   3.986111e-01   1.293113e-01
    87  -1.341946e+00  -1.359729e+00   1.473811e-02   1.671486e+02   1.658469e-01   4.630542e-01  -9.195958e-01  -9.449388e-01   2.879262e-02   1.392973e+01   1.246465e-01  -8.171647e-03  -2.491898e-02   2.591336e-01   3.331725e-01   1.246530e-01
    88  -1.305620e+00  -1.323403e+00   1.600779e-02   1.415384e+02   1.661927e-01   4.609682e-01  -8.680802e-01  -8.930746e-01   3.134998e-02   1.030059e+01   1.229643e-01   2.563999e-02   9.063137e-03   2.821498e-01   2.776923e-01   1.199590e-01
    89  -1.269295e+00  -1.287078e+00   1.738712e-02   1.198892e+02   1.665055e-01   4.595666e-01  -8.173734e-01  -8.419872e-01   3.400006e-02   7.619729e+00   1.212114e-01   5.905684e-02   4.266974e-02   3.060005e-01   2.308399e-01   1.152462e-01
    90  -1.232969e+00  -1.250752e+00   1.889278e-02   1.015956e+02   1.668586e-01   4.584225e-01  -7.675267e-01  -7.917353e-01   3.672816e-02   5.639175e+00   1.193610e-01   9.204201e-02   7.586251e-02   3.305535e-01   1.914176e-01   1.105358e-01
    91  -1.196644e+00  -1.214427e+00   2.053194e-02   8.614995e+01   1.672480e-01   4.574891e-01  -7.185658e-01  -7.423567e-01   3.951809e-02   4.174446e+00   1.174051e-01   1.245609e-01   1.086058e-01   3.556628e-01   1.583676e-01   1.058419e-01
    92  -1.160318e+00  -1.178101e+00   2.231510e-02   7.299920e+01   1.677417e-01   4.565191e-01  -6.704863e-01  -6.938611e-01   4.235249e-02   3.089364e+00   1.153456e-01   1.565838e-01   1.408675e-01   3.811724e-01   1.307448e-01   1.011898e-01
    93  -1.123993e+00  -1.141776e+00   2.426250e-02   6.188327e+01   1.683142e-01   4.553323e-01  -6.232517e-01  -6.462272e-01   4.521329e-02   2.283991e+00   1.131954e-01   1.880844e-01   1.726196e-01   4.069196e-01   1.077304e-01   9.659547e-02
    94  -1.087667e+00  -1.105450e+00   2.638168e-02   5.248526e+01   1.689465e-01   4.537888e-01  -5.767938e-01  -5.994019e-01   4.808216e-02   1.685164e+00   1.109791e-01   2.190409e-01   2.038384e-01   4.327394e-01   8.860760e-02   9.207952e-02
    95  -1.051342e+00  -1.069125e+00   2.868820e-02   4.449248e+01   1.696949e-01   4.515729e-01  -5.310108e-01  -5.532993e-01   5.094094e-02   1.239252e+00   1.087311e-01   2.494362e-01   2.345044e-01   4.584685e-01   7.275914e-02   8.765948e-02
    96  -1.015016e+00  -1.032799e+00   3.120973e-02   3.775128e+01   1.704503e-01   4.488705e-01  -4.857698e-01  -5.078015e-01   5.377208e-02   9.070229e-01   1.064949e-01   2.792578e-01   2.646029e-01   4.839488e-01   5.965536e-02   8.335094e-02
    97  -9.786908e-01  -9.964738e-01   3.395946e-02   3.206371e+01   1.711800e-01   4.456008e-01  -4.409103e-01  -4.627611e-01   5.655903e-02   6.596934e-01   1.043174e-01   3.084977e-01   2.941238e-01   5.090312e-01   4.884348e-02   7.916936e-02
    98  -9.423653e-01  -9.601484e-01   3.695666e-02   2.724470e+01   1.718742e-01   4.418621e-01  -3.962458e-01  -4.180041e-01   5.928652e-02   4.759910e-01   1.022424e-01   3.371522e-01   3.230612e-01   5.335787e-01   3.994069e-02   7.512537e-02
    99  -9.060398e-01  -9.238229e-01   4.024134e-02   2.318076e+01   1.724422e-01   4.377805e-01  -3.515674e-01  -3.733323e-01   6.194091e-02   3.401335e-01   1.003052e-01   3.652218e-01   3.514137e-01   5.574682e-01   3.262223e-02   7.123037e-02
   100  -8.697143e-01  -8.874974e-01   4.384193e-02   1.974983e+01   1.728501e-01   4.333487e-01  -3.066556e-01  -3.285312e-01   6.451030e-02   2.403520e-01   9.852762e-02   3.927106e-01   3.791837e-01   5.805927e-01   2.661647e-02   6.749012e-02
   101  -8.333888e-01  -8.511719e-01   4.777336e-02   1.684234e+01   1.730751e-01   4.288047e-01  -2.612841e-01  -2.833776e-01   6.698469e-02   1.677266e-01   9.691067e-02   4.196266e-01   4.063771e-01   6.028622e-01   2.169461e-02   6.391156e-02
   102  -7.970633e-01  -8.148464e-01   5.209402e-02   1.437657e+01   1.730834e-01   4.241804e-01  -2.152234e-01  -2.376434e-01   6.935597e-02   1.154434e-01   9.544010e-02   4.459803e-01   4.330033e-01   6.242038e-01   1.766690e-02   6.049599e-02
   103  -7.607378e-01  -7.785209e-01   5.684544e-02   1.228374e+01   1.728564e-01   4.194368e-01  -1.682420e-01  -1.910977e-01   7.161799e-02   7.827943e-02   9.409606e-02   4.717855e-01   4.590745e-01   6.445619e-01   1.437445e-02   5.724635e-02
   104  -7.244123e-01  -7.421954e-01   6.206019e-02   1.050301e+01   1.723884e-01   4.146673e-01  -1.201172e-01  -1.435134e-01   7.376638e-02   5.224792e-02   9.285692e-02   4.970578e-01   4.846054e-01   6.638974e-01   1.168636e-02   5.416023e-02
   105  -6.880868e-01  -7.058699e-01   6.778291e-02   8.978602e+00   1.716929e-01   4.102181e-01  -7.062316e-02  -9.466549e-02   7.579851e-02   3.429098e-02   9.171359e-02   5.218154e-01   5.096130e-01   6.821866e-01   9.493578e-03   5.123728e-02
   106  -6.517613e-01  -6.695444e-01   7.407754e-02   7.675370e+00   1.707657e-01   4.058779e-01  -1.954776e-02  -4.433505e-02   7.771330e-02   2.211566e-02   9.066222e-02   5.460777e-01   5.341160e-01   6.994197e-01   7.706692e-03   4.847280e-02
   107  -6.154358e-01  -6.332189e-01   8.099695e-02   6.558676e+00   1.696247e-01   4.017292e-01   3.326569e-02   7.661284e-03   7.951106e-02   1.402137e-02   8.967818e-02   5.698659e-01   5.581347e-01   7.155996e-01   6.251657e-03   4.586339e-02
   108  -5.791103e-01  -5.968934e-01   8.858872e-02   5.600009e+00   1.682871e-01   3.978125e-01   8.786116e-02   6.142077e-02   8.119333e-02   8.755090e-03   8.869915e-02   5.932019e-01   5.816906e-01   7.307399e-01   5.067833e-03   4.340334e-02
   109  -5.427848e-01  -5.605679e-01   9.689037e-02   4.774085e+00   1.667857e-01   3.941751e-01   1.440613e-01   1.168697e-01   8.276263e-02   5.409353e-03   8.757520e-02   6.161087e-01   6.048063e-01   7.448636e-01   4.105351e-03   4.108701e-02
   110  -5.064593e-01  -5.242424e-01   1.059790e-01   4.063472e+00   1.651261e-01   3.905634e-01   2.013416e-01   1.736451e-01   8.422234e-02   3.335140e-03   8.603565e-02   6.386097e-01   6.275049e-01   7.580011e-01   3.323359e-03   3.890832e-02
   111  -4.701338e-01  -4.879169e-01   1.159108e-01   3.452658e+00   1.633126e-01   3.867989e-01   2.588070e-01   2.310241e-01   8.557652e-02   2.074831e-03   8.374215e-02   6.607289e-01   6.498101e-01   7.701887e-01   2.688465e-03   3.686028e-02
   112  -4.338083e-01  -4.515914e-01   1.267420e-01   2.928058e+00   1.613422e-01   3.826582e-01   3.153278e-01   2.879862e-01   8.682971e-02   1.317152e-03   8.043202e-02   6.824902e-01   6.717458e-01   7.814674e-01   2.173301e-03   3.493676e-02
   113  -3.974828e-01  -4.152659e-01   1.385236e-01   2.478111e+00   1.592036e-01   3.778689e-01   3.698395e-01   3.434383e-01   8.798682e-02   8.597198e-04   7.610330e-02   7.039178e-01   6.933362e-01   7.918814e-01   1.755580e-03   3.313060e-02
   114  -3.611573e-01  -3.789404e-01   1.512840e-01   2.092390e+00   1.568958e-01   3.720216e-01   4.216143e-01   3.964980e-01   8.905301e-02   5.781042e-04   7.104156e-02   7.250356e-01   7.146051e-01   8.014771e-01   1.417087e-03   3.143513e-02
   115  -3.248318e-01  -3.426149e-01   1.651087e-01   1.762769e+00   1.543944e-01   3.648753e-01   4.703364e-01   4.466582e-01   9.003354e-02   3.995279e-04   6.565757e-02   7.458673e-01   7.355763e-01   8.103019e-01   1.142974e-03   2.984385e-02
   116  -2.885063e-01  -3.062894e-01   1.800533e-01   1.481822e+00   1.516767e-01   3.563295e-01   5.160108e-01   4.937737e-01   9.093373e-02   2.825683e-04   6.031136e-02   7.664360e-01   7.562734e-01   8.184036e-01   9.211544e-04   2.835006e-02
   117  -2.521808e-01  -2.699639e-01   1.961687e-01   1.242796e+00   1.487290e-01   3.462682e-01   5.588248e-01   5.379452e-01   9.175884e-02   2.036451e-04   5.523329e-02   7.867645e-01   7.767192e-01   8.258295e-01   7.417762e-04   2.694759e-02
   118  -2.158553e-01  -2.336384e-01   2.134950e-01   1.039716e+00   1.455383e-01   3.345825e-01   5.990455e-01   5.794006e-01   9.251402e-02   1.489997e-04   5.053888e-02   8.068750e-01   7.969362e-01   8.326262e-01   5.968263e-04   2.563042e-02
   119  -1.795298e-01  -1.973129e-01   2.320354e-01   8.674413e-01   1.421105e-01   3.210994e-01   6.369589e-01   6.184158e-01   9.320429e-02   1.103470e-04   4.626725e-02   8.267889e-01   8.169461e-01   8.388386e-01   4.797889e-04   2.439264e-02
   120  -1.432043e-01  -1.609874e-01   2.518719e-01   7.216449e-01   1.384501e-01   3.058792e-01   6.728387e-01   6.552692e-01   9.383445e-02   8.252371e-05   4.241538e-02   8.465267e-01   8.367699e-01   8.445100e-01   3.853637e-04   2.322881e-02
   121  -1.068788e-01  -1.246619e-01   2.730306e-01   5.985260e-01   1.345598e-01   2.889164e-01   7.069281e-01   6.902178e-01   9.440910e-02   6.221863e-05   3.895424e-02   8.661083e-01   8.564278e-01   8.496819e-01   3.092453e-04   2.213373e-02
   122  -7.055335e-02  -8.833642e-02   2.955243e-01   4.947616e-01   1.304501e-01   2.701224e-01   7.394444e-01   7.234905e-01   9.493262e-02   4.722132e-05   3.584999e-02   8.855525e-01   8.759392e-01   8.543935e-01   2.479381e-04   2.110242e-02
   123  -3.422785e-02  -5.201092e-02   3.192870e-01   4.074881e-01   1.261406e-01   2.492973e-01   7.705762e-01   7.552892e-01   9.540910e-02   3.603782e-05   3.306557e-02   9.048774e-01   8.953225e-01   8.586819e-01   1.986042e-04   2.013023e-02
   124   2.097644e-03  -1.568542e-02   3.443633e-01   3.342893e-01   1.216489e-01   2.264864e-01   8.004879e-01   7.857895e-01   9.584241e-02   2.762999e-05   3.056489e-02   9.241000e-01   9.145951e-01   8.625817e-01   1.589408e-04   1.921293e-02
   125   3.842314e-02   2.064008e-02   3.707142e-01   2.730806e-01   1.169909e-01   2.018082e-01   8.293223e-01   8.151444e-01   9.623618e-02   2.126554e-05   2.831561e-02   9.432363e-01   9.337736e-01   8.661256e-01   1.270824e-04   1.834644e-02
   126   7.474864e-02   5.696557e-02   3.982309e-01   2.220563e-01   1.121924e-01   1.752421e-01   8.572045e-01   8.434871e-01   9.659376e-02   1.641977e-05   2.628808e-02   9.623013e-01   9.528734e-01   8.693438e-01   1.015174e-04   1.752702e-02
   127   1.110741e-01   9.329107e-02   4.268634e-01   1.796866e-01   1.072745e-01   1.473867e-01   8.842430e-01   8.709341e-01   9.691827e-02   1.271253e-05   2.445621e-02   9.813090e-01   9.719091e-01   8.722644e-01   8.102202e-05   1.675121e-02
   128   1.473996e-01   1.296166e-01   4.565216e-01   1.446357e-01   1.022663e-01   1.184142e-01   9.105345e-01   8.975877e-01   9.721261e-02   9.864087e-06   2.279746e-02   1.000273e+00   9.908942e-01   8.749135e-01   6.460663e-05   1.601587e-02
   129   1.837251e-01   1.659421e-01   4.870261e-01   1.157688e-01   9.719637e-02   8.882357e-02   9.361631e-01   9.235378e-01   9.747945e-02   7.668228e-06   2.129121e-02   1.019204e+00   1.009841e+00   8.773151e-01   5.147165e-05   1.531806e-02
   130   2.200506e-01   2.022676e-01   5.182314e-01   9.211515e-02   9.208967e-02   6.043305e-02   9.612036e-01   9.488638e-01   9.772124e-02   5.970279e-06   1.992022e-02   1.038114e+00   1.028762e+00   8.794912e-01   4.097156e-05   1.465512e-02
   131   2.563761e-01   2.385931e-01   5.497945e-01   7.277600e-02   8.696027e-02   3.190503e-02   9.857227e-01   9.736362e-01   9.794025e-02   4.654028e-06   1.866913e-02   1.057014e+00   1.047667e+00   8.814623e-01   3.258568e-05   1.402459e-02
   132   2.927016e-01   2.749186e-01   5.816496e-01   5.709116e-02   8.184767e-02   6.066416e-03   1.009779e+00   9.979175e-01   9.813854e-02   3.631675e-06   1.752427e-02   1.075913e+00   1.066566e+00   8.832469e-01   2.589454e-05   1.342426e-02
   133   3.290271e-01   3.112441e-01   6.136194e-01   4.446276e-02   7.679672e-02  -1.705264e-02   1.033426e+00   1.021763e+00   9.831802e-02   2.836195e-06   1.647405e-02   1.094819e+00   1.085469e+00   8.848622e-01   2.056052e-05   1.285211e-02
   134   3.653526e-01   3.475696e-01   6.454670e-01   3.436343e-02   7.184222e-02  -3.866067e-02   1.056709e+00   1.045224e+00   9.848042e-02   2.216356e-06   1.550819e-02   1.113739e+00   1.104382e+00   8.863237e-01   1.631220e-05   1.230631e-02
   135   4.016781e-01   3.838951e-01   6.765602e-01   2.632534e-02   6.698533e-02  -5.559484e-02   1.079672e+00   1.068342e+00   9.862732e-02   1.732822e-06   1.461765e-02   1.132683e+00   1.123314e+00   8.876458e-01   1.293158e-05   1.178518e-02
   136   4.380036e-01   4.202205e-01   7.070473e-01   1.998295e-02   6.226611e-02  -7.000478e-02   1.102351e+00   1.091159e+00   9.876016e-02   1.355288e-06   1.379447e-02   1.151654e+00   1.142272e+00   8.888415e-01   1.024376e-05   1.128719e-02
   137   4.743291e-01   4.565460e-01   7.365941e-01   1.503638e-02   5.772528e-02  -8.216877e-02   1.124780e+00   1.113710e+00   9.888027e-02   1.060292e-06   1.303180e-02   1.170660e+00   1.161261e+00   8.899225e-01   8.108557e-06   1.081098e-02
   138   5.106546e-01   4.928715e-01   7.647079e-01   1.119503e-02   5.335986e-02  -9.199958e-02   1.146990e+00   1.136027e+00   9.898885e-02   8.296541e-07   1.232358e-02   1.189705e+00   1.180287e+00   8.908996e-01   6.413758e-06   1.035530e-02
   139   5.469801e-01   5.291970e-01   7.915565e-01   8.253445e-03   4.920478e-02  -9.871502e-02   1.169006e+00   1.158137e+00   9.908698e-02   6.492539e-07   1.166444e-02   1.208794e+00   1.199354e+00   8.917828e-01   5.069606e-06   9.918990e-03
   140   5.833056e-01   5.655225e-01   8.164983e-01   6.018724e-03   4.526924e-02  -1.039474e-01   1.190854e+00   1.180068e+00   9.917565e-02   5.081029e-07   1.104969e-02   1.227931e+00   1.218468e+00   8.925808e-01   4.004392e-06   9.501024e-03
   141   6.196311e-01   6.018480e-01   8.397933e-01   4.342870e-03   4.156861e-02  -1.076421e-01   1.212555e+00   1.201840e+00   9.925576e-02   3.976376e-07   1.047517e-02   1.247119e+00   1.237631e+00   8.933019e-01   3.160876e-06   9.100447e-03
   142   6.559566e-01   6.381735e-01   8.610801e-01   3.097315e-03   3.810534e-02  -1.099972e-01   1.234129e+00   1.223476e+00   9.932813e-02   3.111744e-07   9.937265e-03   1.266362e+00   1.256847e+00   8.939532e-01   2.493417e-06   8.716390e-03
   143   6.922821e-01   6.744990e-01   8.803710e-01   2.185590e-03   3.488769e-02  -1.110174e-01   1.255592e+00   1.244993e+00   9.939350e-02   2.434924e-07   9.432750e-03   1.285661e+00   1.276118e+00   8.945415e-01   1.965653e-06   8.348054e-03
   144   7.286076e-01   7.108245e-01   8.977412e-01   1.524529e-03   3.191138e-02  -1.108656e-01   1.276961e+00   1.266408e+00   9.945254e-02   1.905107e-07   8.958776e-03   1.305019e+00   1.295448e+00   8.950729e-01   1.548642e-06   7.994705e-03
   145   7.649331e-01   7.471500e-01   9.131314e-01   1.051685e-03   2.917380e-02  -1.095892e-01   1.298249e+00   1.287736e+00   9.950586e-02   1.490376e-07   8.512816e-03   1.324439e+00   1.314838e+00   8.955527e-01   1.219370e-06   7.655668e-03
   146   8.012586e-01   7.834755e-01   9.265753e-01   7.179827e-04   2.666684e-02  -1.072442e-01   1.319469e+00   1.308989e+00   9.955400e-02   1.165753e-07   8.092625e-03   1.343920e+00   1.334289e+00   8.959860e-01   9.595514e-07   7.330315e-03
   147   8.375841e-01   8.198010e-01   9.382777e-01   4.852631e-04   2.437903e-02  -1.038490e-01   1.340632e+00   1.330179e+00   9.959747e-02   9.116862e-08   7.696204e-03   1.363465e+00   1.353803e+00   8.963772e-01   7.546713e-07   7.018068e-03
   148   8.739096e-01   8.561265e-01   9.483633e-01   3.248846e-04   2.229737e-02  -9.955308e-02   1.361747e+00   1.351318e+00   9.963672e-02   7.128654e-08   7.321772e-03   1.383074e+00   1.373380e+00   8.967304e-01   5.932157e-07   6.718388e-03
   149   9.102351e-01   8.924520e-01   9.569763e-01   2.155961e-04   2.040762e-02  -9.447839e-02   1.382825e+00   1.372414e+00   9.967214e-02   5.573010e-08   6.967734e-03   1.402747e+00   1.393022e+00   8.970493e-01   4.660597e-07   6.430773e-03
   150   9.465606e-01   9.287775e-01   9.642657e-01   1.419892e-04   1.869303e-02  -8.877386e-02   1.403871e+00   1.393475e+00   9.970413e-02   4.356028e-08   6.632663e-03   1.422485e+00   1.412728e+00   8.973371e-01   3.659772e-07   6.154755e-03
   151   9.828861e-01   9.651030e-01   9.703993e-01   9.289630e-05   1.713737e-02  -8.263562e-02   1.424894e+00   1.414509e+00   9.973300e-02   3.404160e-08   6.315276e-03   1.442287e+00   1.432499e+00   8.975970e-01   2.872498e-07   5.889896e-03
   152   1.019212e+00   1.001429e+00   9.755260e-01   6.043912e-05   1.572497e-02  -7.622843e-02   1.445898e+00   1.435523e+00   9.975905e-02   2.659799e-08   6.014420e-03   1.462153e+00   1.452334e+00   8.978315e-01   2.253562e-07   5.635787e-03
   153   1.055537e+00   1.037754e+00   9.797803e-01   3.914065e-05   1.444104e-02  -6.977800e-02   1.466890e+00   1.456521e+00   9.978257e-02   2.077828e-08   5.729053e-03   1.482081e+00   1.472231e+00   8.980432e-01   1.767237e-07   5.392043e-03
   154   1.091863e+00   1.074080e+00   9.833081e-01   2.525504e-05   1.327205e-02  -6.340950e-02   1.487873e+00   1.477508e+00   9.980380e-02   1.622918e-08   5.458231e-03   1.502071e+00   1.492191e+00   8.982342e-01   1.385313e-07   5.158303e-03
   155   1.128188e+00   1.110405e+00   9.862289e-01   1.624958e-05   1.220590e-02  -5.726234e-02   1.508850e+00   1.498488e+00   9.982296e-02   1.267407e-08   5.201104e-03   1.522120e+00   1.512211e+00   8.984066e-01   1.085534e-07   4.934230e-03
   156   1.164514e+00   1.146730e+00   9.886397e-01   1.043350e-05   1.123189e-02  -5.147270e-02   1.529826e+00   1.519465e+00   9.984025e-02   9.896357e-09   4.956897e-03   1.542228e+00   1.532290e+00   8.985622e-01   8.503475e-08   4.719508e-03
   157   1.200839e+00   1.183056e+00   9.906272e-01   6.689694e-06   1.034057e-02  -4.604162e-02   1.550801e+00   1.540440e+00   9.985585e-02   7.726538e-09   4.724910e-03   1.562390e+00   1.552426e+00   8.987027e-01   6.659245e-08   4.513841e-03
   158   1.237165e+00   1.219381e+00   9.922651e-01   4.285443e-06   9.523775e-03  -4.106108e-02   1.571776e+00   1.561415e+00   9.986993e-02   6.031946e-09   4.504507e-03   1.582605e+00   1.572615e+00   8.988294e-01   5.213738e-08   4.316955e-03
   159   1.273490e+00   1.255707e+00   9.936134e-01   2.744112e-06   8.774333e-03  -3.652373e-02   1.592753e+00   1.582392e+00   9.988264e-02   4.708783e-09   4.295111e-03   1.602868e+00   1.592855e+00   8.989438e-01   4.081245e-08   4.128593e-03
   160   1.309816e+00   1.292032e+00   9.947235e-01   1.757102e-06   8.085907e-03  -3.240088e-02   1.613731e+00   1.603369e+00   9.989411e-02   3.675850e-09   4.096200e-03   1.623176e+00   1.613141e+00   8.990470e-01   3.194348e-08   3.948522e-03
   161   1.346141e+00   1.328358e+00   9.956382e-01   1.125399e-06   7.452969e-03  -2.869845e-02   1.634708e+00   1.624346e+00   9.990446e-02   2.869648e-09   3.907302e-03   1.643523e+00   1.633468e+00   8.991401e-01   2.500056e-08   3.776528e-03
   162   1.382467e+00   1.364683e+00   9.963910e-01   7.211588e-07   6.870666e-03  -2.540424e-02   1.655681e+00   1.645321e+00   9.991379e-02   2.240524e-09   3.727995e-03   1.663902e+00   1.653832e+00   8.992241e-01   1.956736e-08   3.612419e-03
   163   1.418792e+00   1.401009e+00   9.970079e-01   4.624407e-07   6.334669e-03  -2.245505e-02   1.676648e+00   1.666291e+00   9.992222e-02   1.749668e-09   3.557901e-03   1.684308e+00   1.674225e+00   8.993000e-01   1.531700e-08   3.456026e-03
   164   1.455118e+00   1.437334e+00   9.975178e-01   2.967862e-07   5.841152e-03  -1.982192e-02   1.697602e+00   1.687252e+00   9.992982e-02   1.366747e-09   3.396683e-03   1.704731e+00   1.694640e+00   8.993684e-01   1.199293e-08   3.307202e-03
   165   1.491443e+00   1.473660e+00   9.979397e-01   1.906515e-07   5.386717e-03  -1.749356e-02   1.718538e+00   1.708197e+00   9.993668e-02   1.068066e-09   3.244051e-03   1.725161e+00   1.715066e+00   8.994301e-01   9.393957e-09   3.165827e-03
   166   1.527769e+00   1.509985e+00   9.982889e-01   1.226036e-07   4.968325e-03  -1.542075e-02   1.739447e+00   1.729119e+00   9.994287e-02   8.351122e-10   3.099755e-03   1.745587e+00   1.735494e+00   8.994858e-01   7.362332e-09   3.031809e-03
   167   1.564094e+00   1.546311e+00   9.985781e-01   7.893386e-08   4.583264e-03  -1.355949e-02   1.760319e+00   1.750009e+00   9.994845e-02   6.534331e-10   2.963584e-03   1.765994e+00   1.755911e+00   8.995361e-01   5.774455e-09   2.905082e-03
   168   1.600420e+00   1.582636e+00   9.988168e-01   5.087891e-08   4.229109e-03  -1.187548e-02   1.781141e+00   1.770855e+00   9.995349e-02   5.117439e-10   2.835372e-03   1.786367e+00   1.776300e+00   8.995814e-01   4.533521e-09   2.785614e-03
   169   1.636745e+00   1.618962e+00   9.990144e-01   3.283646e-08   3.903741e-03  -1.037090e-02   1.801897e+00   1.791643e+00   9.995804e-02   4.012371e-10   2.714994e-03   1.806684e+00   1.796644e+00   8.996223e-01   3.563746e-09   2.673403e-03
   170   1.673071e+00   1.655287e+00   9.991790e-01   2.122041e-08   3.605264e-03  -8.985633e-03   1.822569e+00   1.812356e+00   9.996214e-02   3.150403e-10   2.602367e-03   1.826925e+00   1.816923e+00   8.996593e-01   2.805830e-09   2.568484e-03
   171   1.709396e+00   1.691613e+00   9.993162e-01   1.373424e-08   3.332207e-03  -7.644484e-03   1.843134e+00   1.832973e+00   9.996584e-02   2.477922e-10   2.497450e-03   1.847062e+00   1.837110e+00   8.996926e-01   2.213391e-09   2.470925e-03
   172   1.745722e+00   1.727938e+00   9.994307e-01   8.903553e-09   3.083275e-03  -6.298318e-03   1.863568e+00   1.853471e+00   9.996918e-02   1.953116e-10   2.400248e-03   1.867066e+00   1.857179e+00   8.997226e-01   1.750163e-09   2.380833e-03
   173   1.782047e+00   1.764264e+00   9.995255e-01   5.782391e-09   2.857420e-03  -4.976190e-03   1.883838e+00   1.873821e+00   9.997219e-02   1.543383e-10   2.310804e-03   1.886901e+00   1.877097e+00   8.997498e-01   1.387804e-09   2.298350e-03
   174   1.818373e+00   1.800589e+00   9.996050e-01   3.763200e-09   2.653919e-03  -3.553329e-03   1.903912e+00   1.893991e+00   9.997491e-02   1.223305e-10   2.229204e-03   1.906529e+00   1.896826e+00   8.997742e-01   1.104174e-09   2.223651e-03
   175   1.854698e+00   1.836915e+00   9.996718e-01   2.455188e-09   2.472489e-03  -1.925027e-03   1.923750e+00   1.913944e+00   9.997737e-02   9.730742e-11   2.155574e-03   1.925905e+00   1.916325e+00   8.997963e-01   8.819786e-10   2.156945e-03
   176   1.891024e+00   1.873240e+00   9.997281e-01   1.606938e-09   2.314018e-03   2.442421e-04   1.943307e+00   1.933639e+00   9.997958e-02   7.772410e-11   2.090110e-03   1.944983e+00   1.935549e+00   8.998162e-01   7.077180e-10   2.098468e-03
   177   1.927349e+00   1.909566e+00   9.997756e-01   1.055733e-09   2.179031e-03   2.757816e-03   1.962541e+00   1.953031e+00   9.998158e-02   6.236819e-11   2.033345e-03   1.963711e+00   1.954448e+00   8.998342e-01   5.708336e-10   2.048559e-03
   178   1.963675e+00   1.945891e+00   9.998158e-01   6.968097e-10   2.069361e-03   5.926268e-03   1.981422e+00   1.972084e+00   9.998338e-02   5.025116e-11   1.987775e-03   1.982046e+00   1.972975e+00   8.998504e-01   4.628855e-10   2.008486e-03
   179   2.000000e+00   1.982217e+00   9.998500e-01   4.612194e-10   1.994573e-03   8.181449e-03   2.000000e+00   1.990810e+00   9.998500e-02   4.048790e-11   1.962828e-03   2.000000e+00   1.991116e+00   8.998650e-01   3.762553e-10   1.985526e-03
