     i          log_r       log_rmid          m_tot        rho_tot         v2_tot            eta     lgr[heavy]    lgrm[heavy]       m[heavy]     rho[heavy]      v2[heavy]     lgr[light]    lgrm[light]       m[light]     rho[light]      v2[light]
     0  -5.055333e+00  -5.356363e+00   1.004521e-07   4.398738e+08   4.228184e-01            nan  -5.055333e+00  -5.356363e+00   9.998500e-08   4.395969e+08   4.222301e-01  -3.120310e+00  -3.421340e+00   8.998650e-07   6.197666e+03   6.885238e-01
     1  -5.015918e+00  -5.035178e+00   1.313640e-07   4.333421e+08   4.224294e-01            nan  -5.032696e+00  -5.043867e+00   1.166721e-07   4.334514e+08   4.221635e-01  -3.080822e+00  -3.100117e+00   1.050049e-06   3.298332e+03   6.152134e-01
     2  -4.976502e+00  -4.995763e+00   1.718187e-07   4.320780e+08   4.223913e-01            nan  -5.010069e+00  -5.021235e+00   1.361439e-07   4.327831e+08   4.221562e-01  -3.041788e+00  -3.060866e+00   1.225295e-06   2.968838e+03   6.033519e-01
     3  -4.937087e+00  -4.956348e+00   2.247363e-07   4.305707e+08   4.223528e-01            nan  -4.987447e+00  -4.998611e+00   1.588651e-07   4.320444e+08   4.221482e-01  -3.003169e+00  -3.022049e+00   1.429786e-06   2.678002e+03   5.916757e-01
     4  -4.897672e+00  -4.916932e+00   2.939133e-07   4.287724e+08   4.223132e-01            nan  -4.964827e+00  -4.975990e+00   1.853780e-07   4.312280e+08   4.221393e-01  -2.964919e+00  -2.983623e+00   1.668402e-06   2.419437e+03   5.804141e-01
     5  -4.858256e+00  -4.877517e+00   3.842651e-07   4.266443e+08   4.222719e-01            nan  -4.942203e+00  -4.953367e+00   2.163150e-07   4.303256e+08   4.221295e-01  -2.927010e+00  -2.945551e+00   1.946835e-06   2.189898e+03   5.693028e-01
     6  -4.818841e+00  -4.838102e+00   5.021716e-07   4.241306e+08   4.222281e-01            nan  -4.919571e+00  -4.930740e+00   2.524142e-07   4.293282e+08   4.221186e-01  -2.889400e+00  -2.907798e+00   2.271728e-06   1.984336e+03   5.586404e-01
     7  -4.779426e+00  -4.798687e+00   6.558713e-07   4.211342e+08   4.221805e-01            nan  -4.896928e+00  -4.908102e+00   2.945370e-07   4.282259e+08   4.221066e-01  -2.852062e+00  -2.870330e+00   2.650833e-06   1.800464e+03   5.482243e-01
     8  -4.740011e+00  -4.759271e+00   8.559492e-07   4.175836e+08   4.221281e-01            nan  -4.874270e+00  -4.885451e+00   3.436881e-07   4.270077e+08   4.220933e-01  -2.814967e+00  -2.833119e+00   3.093193e-06   1.635319e+03   5.381193e-01
     9  -4.700595e+00  -4.719856e+00   1.115940e-06   4.134097e+08   4.220698e-01            nan  -4.851591e+00  -4.862782e+00   4.010398e-07   4.256617e+08   4.220786e-01  -2.778089e+00  -2.796137e+00   3.609358e-06   1.486656e+03   5.283183e-01
    10  -4.661180e+00  -4.680441e+00   1.453221e-06   4.085200e+08   4.220044e-01            nan  -4.828889e+00  -4.840092e+00   4.679601e-07   4.241746e+08   4.220623e-01  -2.741409e+00  -2.759362e+00   4.211641e-06   1.352838e+03   5.187119e-01
    11  -4.621765e+00  -4.641026e+00   1.889848e-06   4.027138e+08   4.219292e-01            nan  -4.806158e+00  -4.817375e+00   5.460446e-07   4.225322e+08   4.220443e-01  -2.704902e+00  -2.722772e+00   4.914402e-06   1.231753e+03   5.094350e-01
    12  -4.582350e+00  -4.601610e+00   2.453230e-06   3.959544e+08   4.218435e-01            nan  -4.783394e+00  -4.794627e+00   6.371554e-07   4.207185e+08   4.220243e-01  -2.668556e+00  -2.686349e+00   5.734398e-06   1.122531e+03   5.002691e-01
    13  -4.542934e+00  -4.562195e+00   3.178215e-06   3.881352e+08   4.217454e-01            nan  -4.760593e+00  -4.771844e+00   7.434644e-07   4.187164e+08   4.220022e-01  -2.632348e+00  -2.650075e+00   6.691180e-06   1.023321e+03   4.914298e-01
    14  -4.503519e+00  -4.522780e+00   4.108089e-06   3.790126e+08   4.216315e-01            nan  -4.737748e+00  -4.749020e+00   8.675058e-07   4.165070e+08   4.219778e-01  -2.596265e+00  -2.613932e+00   7.807552e-06   9.334465e+02   4.827412e-01
    15  -4.464104e+00  -4.483364e+00   5.294464e-06   3.685259e+08   4.214998e-01            nan  -4.714854e+00  -4.726150e+00   1.012236e-06   4.140699e+08   4.219507e-01  -2.560291e+00  -2.577906e+00   9.110122e-06   8.517491e+02   4.742832e-01
    16  -4.424689e+00  -4.443949e+00   6.801636e-06   3.566464e+08   4.213489e-01            nan  -4.691905e+00  -4.703228e+00   1.181103e-06   4.113828e+08   4.219207e-01  -2.524412e+00  -2.541981e+00   1.062993e-05   7.774591e+02   4.660183e-01
    17  -4.385273e+00  -4.404534e+00   8.706682e-06   3.430436e+08   4.211729e-01            nan  -4.668893e+00  -4.680247e+00   1.378130e-06   4.084216e+08   4.218875e-01  -2.488618e+00  -2.506147e+00   1.240317e-05   7.098759e+02   4.579182e-01
    18  -4.345858e+00  -4.365119e+00   1.109375e-05   3.278808e+08   4.209714e-01            nan  -4.645812e+00  -4.657200e+00   1.608010e-06   4.051602e+08   4.218507e-01  -2.452894e+00  -2.470389e+00   1.447209e-05   6.482411e+02   4.500405e-01
    19  -4.306443e+00  -4.325703e+00   1.407165e-05   3.110754e+08   4.207401e-01            nan  -4.622653e+00  -4.634078e+00   1.876216e-06   4.015706e+08   4.218100e-01  -2.417235e+00  -2.434699e+00   1.688595e-05   5.921384e+02   4.422773e-01
    20  -4.267027e+00  -4.286288e+00   1.774293e-05   2.926108e+08   4.204747e-01            nan  -4.599406e+00  -4.610874e+00   2.189133e-06   3.976225e+08   4.217649e-01  -2.381626e+00  -2.399066e+00   1.970220e-05   5.408662e+02   4.347520e-01
    21  -4.227612e+00  -4.246873e+00   2.224604e-05   2.727794e+08   4.201738e-01            nan  -4.576061e+00  -4.587577e+00   2.554206e-06   3.932837e+08   4.217150e-01  -2.346065e+00  -2.363481e+00   2.298786e-05   4.941673e+02   4.273110e-01
    22  -4.188197e+00  -4.207458e+00   2.768395e-05   2.516194e+08   4.198311e-01            nan  -4.552607e+00  -4.564176e+00   2.980121e-06   3.885199e+08   4.216598e-01  -2.310537e+00  -2.327938e+00   2.682109e-05   4.514412e+02   4.201027e-01
    23  -4.148782e+00  -4.168042e+00   3.421573e-05   2.295521e+08   4.194444e-01            nan  -4.529030e+00  -4.540659e+00   3.477003e-06   3.832948e+08   4.215986e-01  -2.275042e+00  -2.292427e+00   3.129303e-05   4.124646e+02   4.130005e-01
    24  -4.109366e+00  -4.128627e+00   4.193779e-05   2.071026e+08   4.190125e-01            nan  -4.505317e+00  -4.517012e+00   4.056664e-06   3.775704e+08   4.215308e-01  -2.239568e+00  -2.256943e+00   3.650997e-05   3.768152e+02   4.060866e-01
    25  -4.069951e+00  -4.089212e+00   5.095223e-05   1.842658e+08   4.185218e-01            nan  -4.481450e+00  -4.493220e+00   4.732872e-06   3.713069e+08   4.214558e-01  -2.204114e+00  -2.221479e+00   4.259585e-05   3.442481e+02   3.993055e-01
    26  -4.030536e+00  -4.049797e+00   6.137231e-05   1.619359e+08   4.179754e-01            nan  -4.457412e+00  -4.469265e+00   5.521683e-06   3.644635e+08   4.213728e-01  -2.168672e+00  -2.186032e+00   4.969515e-05   3.144726e+02   3.926773e-01
    27  -3.991121e+00  -4.010381e+00   7.325656e-05   1.405119e+08   4.173667e-01            nan  -4.433182e+00  -4.445128e+00   6.441814e-06   3.569984e+08   4.212808e-01  -2.133239e+00  -2.150595e+00   5.797633e-05   2.872451e+02   3.862002e-01
    28  -3.951705e+00  -3.970966e+00   8.662562e-05   1.203605e+08   4.166871e-01            nan  -4.408737e+00  -4.420788e+00   7.515084e-06   3.488698e+08   4.211790e-01  -2.097813e+00  -2.115165e+00   6.763576e-05   2.623616e+02   3.798486e-01
    29  -3.912290e+00  -3.931551e+00   1.014607e-04   1.017904e+08   4.159258e-01            nan  -4.384050e+00  -4.396218e+00   8.766923e-06   3.400366e+08   4.210662e-01  -2.062387e+00  -2.079739e+00   7.890231e-05   2.395923e+02   3.736612e-01
    30  -3.872875e+00  -3.892135e+00   1.177091e-04   8.503126e+07   4.150693e-01            nan  -4.359093e+00  -4.371392e+00   1.022697e-05   3.304594e+08   4.209412e-01  -2.026962e+00  -2.044314e+00   9.204273e-05   2.187918e+02   3.675784e-01
    31  -3.833460e+00  -3.852720e+00   1.352979e-04   7.021948e+07   4.141010e-01            nan  -4.333829e+00  -4.346277e+00   1.192976e-05   3.201020e+08   4.208026e-01  -1.991533e+00  -2.008887e+00   1.073678e-04   1.997502e+02   3.616688e-01
    32  -3.794044e+00  -3.813305e+00   1.541562e-04   5.739356e+07   4.130022e-01            nan  -4.308222e+00  -4.320837e+00   1.391553e-05   3.089329e+08   4.206490e-01  -1.956102e+00  -1.973456e+00   1.252398e-04   1.823618e+02   3.558482e-01
    33  -3.754629e+00  -3.773890e+00   1.742421e-04   4.649956e+07   4.117539e-01            nan  -4.282227e+00  -4.295030e+00   1.623115e-05   2.969272e+08   4.204786e-01  -1.920661e+00  -1.938020e+00   1.460803e-04   1.664399e+02   3.502059e-01
    34  -3.715214e+00  -3.734474e+00   1.955681e-04   3.740552e+07   4.103425e-01            nan  -4.255793e+00  -4.268809e+00   1.893121e-05   2.840691e+08   4.202893e-01  -1.885216e+00  -1.902577e+00   1.703808e-04   1.519052e+02   3.446417e-01
    35  -3.675798e+00  -3.695059e+00   2.181109e-04   2.992230e+07   4.087691e-01            nan  -4.228862e+00  -4.242119e+00   2.207926e-05   2.703548e+08   4.200789e-01  -1.849759e+00  -1.867126e+00   1.987134e-04   1.385959e+02   3.392560e-01
    36  -3.636383e+00  -3.655644e+00   2.411152e-04   2.379057e+07   4.069339e-01            nan  -4.201367e+00  -4.214897e+00   2.574932e-05   2.557950e+08   4.198447e-01  -1.814296e+00  -1.831666e+00   2.317439e-04   1.264480e+02   3.339455e-01
    37  -3.596968e+00  -3.616229e+00   2.654327e-04   1.885437e+07   4.048359e-01            nan  -4.173230e+00  -4.187071e+00   3.002750e-05   2.404193e+08   4.195836e-01  -1.778819e+00  -1.796195e+00   2.702475e-04   1.153268e+02   3.288064e-01
    38  -3.557553e+00  -3.576813e+00   2.907661e-04   1.491669e+07   4.025792e-01            nan  -4.144359e+00  -4.158554e+00   3.501400e-05   2.242792e+08   4.192917e-01  -1.743334e+00  -1.760714e+00   3.151260e-04   1.051763e+02   3.237442e-01
    39  -3.518137e+00  -3.537398e+00   3.166333e-04   1.177839e+07   3.998617e-01            nan  -4.114650e+00  -4.129250e+00   4.082538e-05   2.074525e+08   4.189645e-01  -1.707835e+00  -1.725222e+00   3.674284e-04   9.588674e+01   3.188440e-01
    40  -3.478722e+00  -3.497983e+00   3.441888e-04   9.302867e+06   3.969469e-01            nan  -4.083977e+00  -4.099042e+00   4.759714e-05   1.900471e+08   4.185964e-01  -1.672327e+00  -1.689718e+00   4.283742e-04   8.740864e+01   3.140217e-01
    41  -3.439307e+00  -3.458568e+00   3.718146e-04   7.351436e+06   3.936310e-01            nan  -4.052195e+00  -4.067795e+00   5.548679e-05   1.722041e+08   4.181802e-01  -1.636805e+00  -1.654203e+00   4.993811e-04   7.965183e+01   3.093534e-01
    42  -3.399892e+00  -3.419152e+00   4.015507e-04   5.818625e+06   3.900014e-01            nan  -4.019130e+00  -4.035348e+00   6.467734e-05   1.541010e+08   4.177068e-01  -1.601273e+00  -1.618676e+00   5.820960e-04   7.257367e+01   3.047611e-01
    43  -3.360476e+00  -3.379737e+00   4.314639e-04   4.614518e+06   3.859861e-01            nan  -3.984578e+00  -4.001510e+00   7.538125e-05   1.359519e+08   4.171644e-01  -1.565728e+00  -1.583137e+00   6.784313e-04   6.609938e+01   3.003163e-01
    44  -3.321061e+00  -3.340322e+00   4.636055e-04   3.668381e+06   3.816598e-01            nan  -3.948295e+00  -3.966058e+00   8.784517e-05   1.180066e+08   4.165369e-01  -1.530173e+00  -1.547587e+00   7.906065e-04   6.019276e+01   2.959432e-01
    45  -3.281646e+00  -3.300906e+00   4.965326e-04   2.926135e+06   3.768872e-01            nan  -3.909990e+00  -3.928720e+00   1.023551e-04   1.005456e+08   4.158026e-01  -1.494605e+00  -1.512025e+00   9.211963e-04   5.479175e+01   2.917095e-01
    46  -3.242231e+00  -3.261491e+00   5.316224e-04   2.338431e+06   3.719490e-01            nan  -3.869320e+00  -3.889179e+00   1.192428e-04   8.387084e+07   4.149312e-01  -1.459029e+00  -1.476453e+00   1.073185e-03   4.986496e+01   2.875444e-01
    47  -3.202815e+00  -3.222076e+00   5.683455e-04   1.878410e+06   3.664393e-01            nan  -3.825876e+00  -3.847055e+00   1.388921e-04   6.829127e+07   4.138802e-01  -1.423442e+00  -1.440871e+00   1.250029e-03   4.536232e+01   2.835039e-01
    48  -3.163400e+00  -3.182661e+00   6.072369e-04   1.509288e+06   3.609977e-01            nan  -3.779181e+00  -3.801901e+00   1.617478e-04   5.410234e+07   4.125885e-01  -1.387848e+00  -1.405280e+00   1.455730e-03   4.125518e+01   2.795314e-01
    49  -3.123985e+00  -3.143245e+00   6.485482e-04   1.220970e+06   3.548679e-01            nan  -3.728691e+00  -3.753203e+00   1.883238e-04   4.156019e+07   4.109688e-01  -1.352245e+00  -1.369682e+00   1.694914e-03   3.750436e+01   2.756617e-01
    50  -3.084569e+00  -3.103830e+00   6.923523e-04   9.877810e+05   3.488582e-01   4.120285e-01  -3.673805e+00  -3.700382e+00   2.192140e-04   3.085268e+07   4.088961e-01  -1.316638e+00  -1.334077e+00   1.972926e-03   3.408310e+01   2.718580e-01
    51  -3.045154e+00  -3.064415e+00   7.391372e-04   8.027489e+05   3.424324e-01   4.119311e-01  -3.613908e+00  -3.642825e+00   2.551039e-04   2.207132e+07   4.061929e-01  -1.281027e+00  -1.298467e+00   2.295935e-03   3.096126e+01   2.681301e-01
    52  -3.005739e+00  -3.025000e+00   7.891581e-04   6.533381e+05   3.359771e-01   4.115820e-01  -3.548451e+00  -3.579947e+00   2.967831e-04   1.519106e+07   4.026152e-01  -1.245415e+00  -1.262856e+00   2.671048e-03   2.811387e+01   2.644632e-01
    53  -2.966324e+00  -2.985584e+00   8.425796e-04   5.329127e+05   3.294335e-01   4.117849e-01  -3.477085e+00  -3.511303e+00   3.451610e-04   1.006593e+07   3.978454e-01  -1.209806e+00  -1.227246e+00   3.106449e-03   2.551813e+01   2.608396e-01
    54  -2.926908e+00  -2.946169e+00   9.001947e-04   4.357061e+05   3.227986e-01   4.123018e-01  -3.399849e+00  -3.436752e+00   4.012824e-04   6.446978e+06   3.915124e-01  -1.174201e+00  -1.191639e+00   3.611542e-03   2.315065e+01   2.572690e-01
    55  -2.887493e+00  -2.906754e+00   9.618397e-04   3.564844e+05   3.162507e-01   4.131363e-01  -3.317338e+00  -3.356637e+00   4.663463e-04   4.022807e+06   3.832630e-01  -1.138607e+00  -1.156039e+00   4.197117e-03   2.099437e+01   2.537061e-01
    56  -2.848078e+00  -2.867339e+00   1.028399e-03   2.923158e+05   3.096574e-01   4.143817e-01  -3.230742e+00  -3.271885e+00   5.417261e-04   2.472881e+06   3.728944e-01  -1.103025e+00  -1.120451e+00   4.875535e-03   1.902854e+01   2.501739e-01
    57  -2.808663e+00  -2.827923e+00   1.099959e-03   2.397195e+05   3.032147e-01   4.157048e-01  -3.141659e+00  -3.183920e+00   6.289911e-04   1.515661e+06   3.604968e-01  -1.067461e+00  -1.084879e+00   5.660920e-03   1.723856e+01   2.466288e-01
    58  -2.769247e+00  -2.788508e+00   1.177105e-03   1.968705e+05   2.968379e-01   4.172923e-01  -3.051728e+00  -3.094370e+00   7.299314e-04   9.355388e+05   3.465044e-01  -1.031921e+00  -1.049328e+00   6.569382e-03   1.560847e+01   2.430667e-01
    59  -2.729832e+00  -2.749093e+00   1.260397e-03   1.616922e+05   2.906126e-01   4.188777e-01  -2.962274e+00  -3.004702e+00   8.465830e-04   5.850488e+05   3.315951e-01  -9.964097e-01  -1.013803e+00   7.619247e-03   1.412389e+01   2.394780e-01
    60  -2.690417e+00  -2.709677e+00   1.350036e-03   1.328500e+05   2.845626e-01   4.204675e-01  -2.874138e+00  -2.915974e+00   9.812558e-04   3.714006e+05   3.164885e-01  -9.609324e-01  -9.783089e-01   8.831303e-03   1.277271e+01   2.358296e-01
    61  -2.651002e+00  -2.670262e+00   1.447031e-03   1.091676e+05   2.786629e-01   4.220271e-01  -2.787705e+00  -2.828775e+00   1.136562e-03   2.391248e+05   3.017744e-01  -9.254923e-01  -9.428510e-01   1.022906e-02   1.154179e+01   2.321379e-01
    62  -2.611586e+00  -2.630847e+00   1.551316e-03   8.969447e+04   2.729786e-01   4.234858e-01  -2.703032e+00  -2.743308e+00   1.315444e-03   1.557906e+05   2.878374e-01  -8.900933e-01  -9.074322e-01   1.183900e-02   1.042078e+01   2.283771e-01
    63  -2.572171e+00  -2.591432e+00   1.664196e-03   7.369612e+04   2.674597e-01   4.248900e-01  -2.619992e+00  -2.659530e+00   1.521208e-03   1.024383e+05   2.748647e-01  -8.547382e-01  -8.720560e-01   1.369088e-02   9.399663e+00   2.245371e-01
    64  -2.532756e+00  -2.552016e+00   1.785529e-03   6.053225e+04   2.621579e-01   4.261311e-01  -2.538381e+00  -2.577272e+00   1.757548e-03   6.782571e+04   2.628949e-01  -8.194253e-01  -8.367229e-01   1.581793e-02   8.468365e+00   2.206388e-01
    65  -2.493340e+00  -2.512601e+00   1.916750e-03   4.971413e+04   2.570323e-01   4.272609e-01  -2.457991e+00  -2.496329e+00   2.028572e-03   4.514241e+04   2.518744e-01  -7.841524e-01  -8.014309e-01   1.825715e-02   7.618805e+00   2.166734e-01
    66  -2.453925e+00  -2.473186e+00   2.057829e-03   4.081616e+04   2.521100e-01   4.282736e-01  -2.378648e+00  -2.416510e+00   2.338830e-03   3.016689e+04   2.417053e-01  -7.489144e-01  -7.661761e-01   2.104947e-02   6.843317e+00   2.126482e-01
    67  -2.414510e+00  -2.433771e+00   2.210205e-03   3.350514e+04   2.473637e-01   4.290999e-01  -2.300222e+00  -2.337667e+00   2.693323e-03   2.022730e+04   2.322791e-01  -7.137011e-01  -7.309510e-01   2.423991e-02   6.134527e+00   2.085964e-01
    68  -2.375095e+00  -2.394355e+00   2.374099e-03   2.749642e+04   2.428037e-01   4.298864e-01  -2.222632e+00  -2.259696e+00   3.097518e-03   1.360401e+04   2.234964e-01  -6.785005e-01  -6.957443e-01   2.787766e-02   5.486567e+00   2.045260e-01
    69  -2.335679e+00  -2.354940e+00   2.550891e-03   2.256204e+04   2.384112e-01   4.304777e-01  -2.145839e+00  -2.182541e+00   3.557342e-03   9.176641e+03   2.152755e-01  -6.432989e-01  -6.605431e-01   3.201608e-02   4.894238e+00   2.004481e-01
    70  -2.296264e+00  -2.315525e+00   2.741137e-03   1.850985e+04   2.341898e-01   4.310377e-01  -2.069837e+00  -2.106178e+00   4.079169e-03   6.208974e+03   2.075535e-01  -6.080794e-01  -6.253322e-01   3.671252e-02   4.352787e+00   1.963956e-01
    71  -2.256849e+00  -2.276109e+00   2.946154e-03   1.518440e+04   2.301246e-01   4.314929e-01  -1.994642e+00  -2.030614e+00   4.669785e-03   4.214494e+03   2.002842e-01  -5.728258e-01  -5.900950e-01   4.202806e-02   3.858454e+00   1.923762e-01
    72  -2.217434e+00  -2.236694e+00   3.166876e-03   1.245527e+04   2.262190e-01   4.318916e-01  -1.920288e+00  -1.955876e+00   5.336336e-03   2.870451e+03   1.934345e-01  -5.375238e-01  -5.548162e-01   4.802703e-02   3.408090e+00   1.883892e-01
    73  -2.178018e+00  -2.197279e+00   3.404602e-03   1.021702e+04   2.224587e-01   4.322473e-01  -1.846823e+00  -1.882004e+00   6.086254e-03   1.962142e+03   1.869800e-01  -5.021634e-01  -5.194838e-01   5.477629e-02   2.998983e+00   1.844273e-01
    74  -2.138603e+00  -2.157864e+00   3.660646e-03   8.380913e+03   2.188515e-01   4.325588e-01  -1.774297e+00  -1.809048e+00   6.927149e-03   1.346422e+03   1.809030e-01  -4.667383e-01  -4.840897e-01   6.234434e-02   2.628613e+00   1.804909e-01
    75  -2.099188e+00  -2.118448e+00   3.936374e-03   6.875818e+03   2.153806e-01   4.328451e-01  -1.702767e+00  -1.737061e+00   7.866679e-03   9.276621e+02   1.751894e-01  -4.312494e-01  -4.486314e-01   7.080011e-02   2.294774e+00   1.765588e-01
    76  -2.059773e+00  -2.079033e+00   4.233470e-03   5.641368e+03   2.120610e-01   4.331264e-01  -1.632287e+00  -1.666099e+00   8.912390e-03   6.418505e+02   1.698271e-01  -3.957049e-01  -4.131136e-01   8.021151e-02   1.995296e+00   1.726074e-01
    77  -2.020357e+00  -2.039618e+00   4.553480e-03   4.629807e+03   2.088713e-01   4.333875e-01  -1.562914e+00  -1.596217e+00   1.007152e-02   4.460437e+02   1.648051e-01  -3.601199e-01  -3.775480e-01   9.064369e-02   1.727973e+00   1.686143e-01
    78  -1.980942e+00  -2.000203e+00   4.898434e-03   3.800097e+03   2.058350e-01   4.336557e-01  -1.494699e+00  -1.527468e+00   1.135078e-02   3.113655e+02   1.601119e-01  -3.245158e-01  -3.419531e-01   1.021570e-01   1.490545e+00   1.645660e-01
    79  -1.941527e+00  -1.960787e+00   5.270209e-03   3.120324e+03   2.029245e-01   4.339371e-01  -1.427690e+00  -1.459903e+00   1.275612e-02   2.183475e+02   1.557355e-01  -2.889186e-01  -3.063526e-01   1.148050e-01   1.280704e+00   1.604538e-01
    80  -1.902111e+00  -1.921372e+00   5.671136e-03   2.562593e+03   2.001729e-01   4.341868e-01  -1.361933e+00  -1.393568e+00   1.429243e-02   1.538266e+02   1.516622e-01  -2.533593e-01  -2.707751e-01   1.286319e-01   1.096172e+00   1.562668e-01
    81  -1.862696e+00  -1.881957e+00   6.103637e-03   2.105680e+03   1.975444e-01   4.345135e-01  -1.297468e+00  -1.328506e+00   1.596333e-02   1.088746e+02   1.478760e-01  -2.178724e-01  -2.352535e-01   1.436700e-01   9.346965e-01   1.519981e-01
    82  -1.823281e+00  -1.842542e+00   6.570262e-03   1.730593e+03   1.950833e-01   4.347467e-01  -1.234328e+00  -1.264752e+00   1.777087e-02   7.741532e+01   1.443582e-01  -1.824956e-01  -1.998239e-01   1.599378e-01   7.940855e-01   1.476444e-01
    83  -1.783866e+00  -1.803126e+00   7.074279e-03   1.423208e+03   1.927504e-01   4.351013e-01  -1.172544e+00  -1.202338e+00   1.971527e-02   5.529824e+01   1.410864e-01  -1.472684e-01  -1.645249e-01   1.774374e-01   6.722169e-01   1.432148e-01
    84  -1.744450e+00  -1.763711e+00   7.618309e-03   1.170843e+03   1.905810e-01   4.353443e-01  -1.112139e+00  -1.141292e+00   2.179475e-02   3.967754e+01   1.380346e-01  -1.122321e-01  -1.293970e-01   1.961527e-01   5.670932e-01   1.387111e-01
    85  -1.705035e+00  -1.724296e+00   8.206912e-03   9.638482e+02   1.885536e-01   4.357148e-01  -1.053130e+00  -1.081633e+00   2.400535e-02   2.859414e+01   1.351731e-01  -7.742918e-02  -9.448210e-02   2.160481e-01   4.768345e-01   1.341371e-01
    86  -1.665620e+00  -1.684880e+00   8.842510e-03   7.938802e+02   1.866846e-01   4.359919e-01  -9.955274e-01  -1.023374e+00   2.634082e-02   2.069381e+01   1.324676e-01  -4.290260e-02  -5.982287e-02   2.370673e-01   3.996835e-01   1.295031e-01
    87  -1.626205e+00  -1.645465e+00   9.531194e-03   6.543051e+02   1.849726e-01   4.363346e-01  -9.393326e-01  -9.665217e-01   2.879262e-02   1.503627e+01   1.298805e-01  -8.694227e-03  -2.546169e-02   2.591336e-01   3.340142e-01   1.248253e-01
    88  -1.586789e+00  -1.606050e+00   1.027608e-02   5.396848e+02   1.834114e-01   4.366472e-01  -8.845372e-01  -9.110713e-01   3.134998e-02   1.096599e+01   1.273745e-01   2.515459e-02   8.559870e-03   2.821498e-01   2.783533e-01   1.201139e-01
    89  -1.547374e+00  -1.566635e+00   1.108383e-02   4.454139e+02   1.820235e-01   4.369167e-01  -8.311205e-01  -8.570081e-01   3.400006e-02   8.024016e+00   1.249116e-01   5.860445e-02   4.220148e-02   3.060005e-01   2.313593e-01   1.153855e-01
    90  -1.507959e+00  -1.527219e+00   1.195980e-02   3.679963e+02   1.807742e-01   4.372404e-01  -7.790469e-01  -8.043037e-01   3.672816e-02   5.887623e+00   1.224600e-01   9.161895e-02   7.542534e-02   3.305535e-01   1.918260e-01   1.106613e-01
    91  -1.468544e+00  -1.487804e+00   1.291013e-02   3.041961e+02   1.797148e-01   4.373981e-01  -7.282629e-01  -7.529130e-01   3.951809e-02   4.329021e+00   1.199948e-01   1.241640e-01   1.081962e-01   3.556628e-01   1.586889e-01   1.059550e-01
    92  -1.429128e+00  -1.448389e+00   1.394413e-02   2.517462e+02   1.787958e-01   4.376104e-01  -6.786945e-01  -7.027719e-01   4.235249e-02   3.186818e+00   1.175042e-01   1.562101e-01   1.404826e-01   3.811724e-01   1.309977e-01   1.012918e-01
    93  -1.389713e+00  -1.408974e+00   1.506618e-02   2.085257e+02   1.780417e-01   4.376907e-01  -6.302443e-01  -6.537941e-01   4.521329e-02   2.346168e+00   1.149887e-01   1.877314e-01   1.722567e-01   4.069196e-01   1.079297e-01   9.668768e-02
    94  -1.350298e+00  -1.369558e+00   1.628957e-02   1.728981e+02   1.774449e-01   4.377136e-01  -5.827913e-01  -6.058700e-01   4.808216e-02   1.725214e+00   1.124659e-01   2.187065e-01   2.034951e-01   4.327394e-01   8.876469e-02   9.216290e-02
    95  -1.310882e+00  -1.330143e+00   1.762212e-02   1.435492e+02   1.769772e-01   4.376732e-01  -5.361889e-01  -5.588653e-01   5.094094e-02   1.265185e+00   1.099643e-01   2.491185e-01   2.341787e-01   4.584685e-01   7.288304e-02   8.773494e-02
    96  -1.271467e+00  -1.290728e+00   1.907539e-02   1.192736e+02   1.766782e-01   4.374051e-01  -4.902648e-01  -5.126201e-01   5.377208e-02   9.237739e-01   1.075220e-01   2.789551e-01   2.642930e-01   4.839488e-01   5.975312e-02   8.341934e-02
    97  -1.232052e+00  -1.251313e+00   2.066577e-02   9.925007e+01   1.764881e-01   4.370419e-01  -4.448269e-01  -4.669518e-01   5.655903e-02   6.704245e-01   1.051817e-01   3.082086e-01   2.938281e-01   5.090312e-01   4.892066e-02   7.923142e-02
    98  -1.192637e+00  -1.211897e+00   2.240119e-02   8.269162e+01   1.764148e-01   4.364735e-01  -3.996633e-01  -4.216583e-01   5.928652e-02   4.827654e-01   1.029810e-01   3.368754e-01   3.227785e-01   5.335787e-01   4.000163e-02   7.518176e-02
    99  -1.153221e+00  -1.172482e+00   2.430392e-02   6.897546e+01   1.764475e-01   4.356509e-01  -3.545467e-01  -3.765194e-01   6.194091e-02   3.443273e-01   1.009480e-01   3.649562e-01   3.511427e-01   5.574682e-01   3.267036e-02   7.128166e-02
   100  -1.113806e+00  -1.133067e+00   2.639366e-02   5.762873e+01   1.765395e-01   4.346189e-01  -3.092433e-01  -3.313045e-01   6.451030e-02   2.428834e-01   9.909561e-02   3.924552e-01   3.789233e-01   5.805927e-01   2.665449e-02   6.753684e-02
   101  -1.074391e+00  -1.093651e+00   2.868271e-02   4.820847e+01   1.766916e-01   4.332612e-01  -2.635196e-01  -2.857800e-01   6.698469e-02   1.692197e-01   9.741667e-02   4.193805e-01   4.061265e-01   6.028622e-01   2.172466e-02   6.395417e-02
   102  -1.034976e+00  -1.054236e+00   3.120404e-02   4.038438e+01   1.768632e-01   4.315795e-01  -2.171426e-01  -2.397124e-01   6.935597e-02   1.163064e-01   9.589042e-02   4.457428e-01   4.327617e-01   6.242038e-01   1.769064e-02   6.053491e-02
   103  -9.955603e-01  -1.014821e+00   3.398564e-02   3.388741e+01   1.770105e-01   4.295752e-01  -1.698782e-01  -1.928677e-01   7.161799e-02   7.876780e-02   9.449331e-02   4.715560e-01   4.588411e-01   6.445619e-01   1.439320e-02   5.728194e-02
   104  -9.561450e-01  -9.754057e-01   3.704441e-02   2.847287e+01   1.771028e-01   4.271250e-01  -1.215019e-01  -1.450168e-01   7.376638e-02   5.251906e-02   9.320406e-02   4.968356e-01   4.843797e-01   6.638974e-01   1.170117e-02   5.419282e-02
   105  -9.167298e-01  -9.359904e-01   4.042715e-02   2.395297e+01   1.771103e-01   4.243549e-01  -7.178624e-02  -9.593308e-02   7.579851e-02   3.443832e-02   9.201467e-02   5.216002e-01   5.093944e-01   6.821866e-01   9.505276e-03   5.126717e-02
   106  -8.773145e-01  -8.965751e-01   4.417337e-02   2.018108e+01   1.769783e-01   4.211933e-01  -2.051563e-02  -4.539478e-02   7.771330e-02   2.219334e-02   9.092217e-02   5.458689e-01   5.339041e-01   6.994197e-01   7.715928e-03   4.850024e-02
   107  -8.378992e-01  -8.571599e-01   4.831863e-02   1.702621e+01   1.766755e-01   4.176576e-01   3.246851e-02   6.783947e-03   7.951106e-02   1.406116e-02   8.990197e-02   5.696632e-01   5.579290e-01   7.155996e-01   6.258946e-03   4.588862e-02
   108  -7.984840e-01  -8.177446e-01   5.290888e-02   1.437167e+01   1.761969e-01   4.140067e-01   8.721197e-02   6.070223e-02   8.119333e-02   8.774868e-03   8.889099e-02   5.930049e-01   5.814909e-01   7.307399e-01   5.073583e-03   4.342657e-02
   109  -7.590687e-01  -7.783293e-01   5.800507e-02   1.214141e+01   1.754963e-01   4.101564e-01   1.435377e-01   1.162874e-01   8.276263e-02   5.419046e-03   8.773849e-02   6.159171e-01   6.046121e-01   7.448636e-01   4.109885e-03   4.110843e-02
   110  -7.196534e-01  -7.389141e-01   6.366491e-02   1.026223e+01   1.745700e-01   4.062324e-01   2.009211e-01   1.731765e-01   8.422234e-02   3.339942e-03   8.617254e-02   6.384234e-01   6.273160e-01   7.580011e-01   3.326932e-03   3.892809e-02
   111  -6.802382e-01  -6.994988e-01   6.994713e-02   8.674533e+00   1.734182e-01   4.023449e-01   2.584672e-01   2.306466e-01   8.557652e-02   2.077330e-03   8.385420e-02   6.605475e-01   6.496263e-01   7.701887e-01   2.691278e-03   3.687855e-02
   112  -6.408229e-01  -6.600835e-01   7.689826e-02   7.327024e+00   1.720567e-01   3.986717e-01   3.150478e-01   2.876783e-01   8.682971e-02   1.318561e-03   8.052124e-02   6.823136e-01   6.715669e-01   7.814674e-01   2.175514e-03   3.495366e-02
   113  -6.014076e-01  -6.206683e-01   8.459972e-02   6.180901e+00   1.705015e-01   3.952220e-01   3.696018e-01   3.431809e-01   8.798682e-02   8.605817e-04   7.617289e-02   7.037458e-01   6.931619e-01   7.918814e-01   1.757319e-03   3.314626e-02
   114  -5.619924e-01  -5.812530e-01   9.312232e-02   5.206852e+00   1.687740e-01   3.919332e-01   4.214059e-01   3.962758e-01   8.905301e-02   5.786649e-04   7.109555e-02   7.248680e-01   7.144353e-01   8.014771e-01   1.418453e-03   3.144966e-02
   115  -5.225771e-01  -5.418377e-01   1.025362e-01   4.378542e+00   1.668850e-01   3.886742e-01   4.701482e-01   4.464605e-01   9.003354e-02   3.999079e-04   6.569983e-02   7.457039e-01   7.354109e-01   8.103019e-01   1.144046e-03   2.985733e-02
   116  -4.831618e-01  -5.024225e-01   1.129123e-01   3.674314e+00   1.648430e-01   3.852526e-01   5.158370e-01   4.935932e-01   9.093373e-02   2.828322e-04   6.034506e-02   7.662768e-01   7.561122e-01   8.184036e-01   9.219944e-04   2.836259e-02
   117  -4.437466e-01  -4.630072e-01   1.243218e-01   3.076205e+00   1.626489e-01   3.814026e-01   5.586615e-01   5.377769e-01   9.175884e-02   2.038315e-04   5.526078e-02   7.866094e-01   7.765621e-01   8.258295e-01   7.424338e-04   2.695925e-02
   118  -4.043313e-01  -4.235919e-01   1.368170e-01   2.568916e+00   1.602919e-01   3.767235e-01   5.988904e-01   5.792416e-01   9.251402e-02   1.491333e-04   5.056178e-02   8.067238e-01   7.967831e-01   8.326262e-01   5.973404e-04   2.564127e-02
   119  -3.649160e-01  -3.841767e-01   1.504827e-01   2.139569e+00   1.577519e-01   3.707643e-01   6.368103e-01   6.182641e-01   9.320429e-02   1.104438e-04   4.628664e-02   8.266415e-01   8.167969e-01   8.388386e-01   4.801904e-04   2.440276e-02
   120  -3.255008e-01  -3.447614e-01   1.653959e-01   1.777498e+00   1.549917e-01   3.632939e-01   6.726956e-01   6.551235e-01   9.383445e-02   8.259437e-05   4.243206e-02   8.463831e-01   8.366245e-01   8.445100e-01   3.856770e-04   2.323824e-02
   121  -2.860855e-01  -3.053461e-01   1.816018e-01   1.472734e+00   1.519861e-01   3.541213e-01   7.067896e-01   6.900771e-01   9.440910e-02   6.227060e-05   3.896878e-02   8.659684e-01   8.562862e-01   8.496819e-01   3.094893e-04   2.214253e-02
   122  -2.466702e-01  -2.659309e-01   1.991775e-01   1.216581e+00   1.487047e-01   3.430685e-01   7.393100e-01   7.233541e-01   9.493262e-02   4.725979e-05   3.586279e-02   8.854164e-01   8.758013e-01   8.543935e-01   2.481280e-04   2.111063e-02
   123  -2.072550e-01  -2.265156e-01   2.181936e-01   1.002073e+00   1.451492e-01   3.301097e-01   7.704456e-01   7.551568e-01   9.540910e-02   3.606641e-05   3.307694e-02   9.047449e-01   8.951881e-01   8.586819e-01   1.987517e-04   2.013790e-02
   124  -1.678397e-01  -1.871003e-01   2.387055e-01   8.228127e-01   1.413193e-01   3.151954e-01   8.003608e-01   7.856608e-01   9.584241e-02   2.765133e-05   3.057505e-02   9.239710e-01   9.144643e-01   8.625817e-01   1.590553e-04   1.922009e-02
   125  -1.284244e-01  -1.476851e-01   2.607248e-01   6.733094e-01   1.372271e-01   2.982562e-01   8.291986e-01   8.150190e-01   9.623618e-02   2.128152e-05   2.832476e-02   9.431107e-01   9.336463e-01   8.661256e-01   1.271712e-04   1.835312e-02
   126  -8.900916e-02  -1.082698e-01   2.843021e-01   5.489120e-01   1.328826e-01   2.791092e-01   8.570839e-01   8.433650e-01   9.659376e-02   1.643177e-05   2.629635e-02   9.621791e-01   9.527495e-01   8.693438e-01   1.015861e-04   1.753326e-02
   127  -4.959389e-02  -6.885453e-02   3.094614e-01   4.457096e-01   1.282974e-01   2.577504e-01   8.841255e-01   8.708151e-01   9.691827e-02   1.272155e-05   2.446373e-02   9.811902e-01   9.717886e-01   8.722644e-01   8.107516e-05   1.675703e-02
   128  -1.017863e-02  -2.943926e-02   3.361955e-01   3.603293e-01   1.234966e-01   2.341643e-01   9.104200e-01   8.974717e-01   9.721261e-02   9.870881e-06   2.280431e-02   1.000157e+00   9.907771e-01   8.749135e-01   6.464767e-05   1.602131e-02
   129   2.923664e-02   9.976004e-03   3.643581e-01   2.898690e-01   1.184925e-01   2.082525e-01   9.360514e-01   9.234248e-01   9.747945e-02   7.673352e-06   2.129747e-02   1.019092e+00   1.009727e+00   8.773151e-01   5.150332e-05   1.532315e-02
   130   6.865191e-02   4.939127e-02   3.938923e-01   2.318524e-01   1.132916e-01   1.799394e-01   9.610948e-01   9.487536e-01   9.772124e-02   5.974146e-06   1.992597e-02   1.038005e+00   1.028651e+00   8.794912e-01   4.099596e-05   1.465986e-02
   131   1.080672e-01   8.880654e-02   4.247848e-01   1.844094e-01   1.079538e-01   1.499796e-01   9.856167e-01   9.735288e-01   9.794025e-02   4.656949e-06   1.867441e-02   1.056908e+00   1.047560e+00   8.814623e-01   3.260446e-05   1.402902e-02
   132   1.474824e-01   1.282218e-01   4.569111e-01   1.457892e-01   1.025131e-01   1.186728e-01   1.009676e+00   9.978130e-01   9.813854e-02   3.633882e-06   1.752913e-02   1.075810e+00   1.066462e+00   8.832469e-01   2.590898e-05   1.342839e-02
   133   1.868977e-01   1.676371e-01   4.900800e-01   1.145135e-01   9.700692e-02   8.666586e-02   1.033325e+00   1.021662e+00   9.831802e-02   2.837864e-06   1.647853e-02   1.094719e+00   1.085367e+00   8.848622e-01   2.057161e-05   1.285597e-02
   134   2.263130e-01   2.070523e-01   5.238532e-01   8.928352e-02   9.144491e-02   5.595734e-02   1.056611e+00   1.045124e+00   9.848042e-02   2.217617e-06   1.551233e-02   1.113643e+00   1.104284e+00   8.863237e-01   1.632071e-05   1.230991e-02
   135   2.657282e-01   2.464676e-01   5.582192e-01   6.903961e-02   8.586711e-02   2.590257e-02   1.079577e+00   1.068246e+00   9.862732e-02   1.733775e-06   1.462146e-02   1.132589e+00   1.123219e+00   8.876458e-01   1.293810e-05   1.178853e-02
   136   3.051435e-01   2.858829e-01   5.929523e-01   5.296265e-02   8.034415e-02  -2.574394e-03   1.102259e+00   1.091066e+00   9.876016e-02   1.356009e-06   1.379800e-02   1.151563e+00   1.142180e+00   8.888415e-01   1.024875e-05   1.129031e-02
   137   3.445588e-01   3.252981e-01   6.274654e-01   4.027606e-02   7.489354e-02  -2.576360e-02   1.124690e+00   1.113619e+00   9.888027e-02   1.060837e-06   1.303507e-02   1.170572e+00   1.161171e+00   8.899225e-01   8.112376e-06   1.081389e-02
   138   3.839740e-01   3.647134e-01   6.616416e-01   3.031132e-02   6.953933e-02  -4.670992e-02   1.146902e+00   1.135938e+00   9.898885e-02   8.300659e-07   1.232660e-02   1.189620e+00   1.180200e+00   8.908996e-01   6.416676e-06   1.035800e-02
   139   4.233893e-01   4.041287e-01   6.951525e-01   2.259956e-02   6.435598e-02  -6.456382e-02   1.168921e+00   1.158051e+00   9.908698e-02   6.495651e-07   1.166724e-02   1.208711e+00   1.199270e+00   8.917828e-01   5.071833e-06   9.921505e-03
   140   4.628046e-01   4.435439e-01   7.274717e-01   1.665304e-02   5.933585e-02  -7.884292e-02   1.190772e+00   1.179984e+00   9.917565e-02   5.083380e-07   1.105228e-02   1.227851e+00   1.218387e+00   8.925808e-01   4.006090e-06   9.503362e-03
   141   5.022198e-01   4.829592e-01   7.584961e-01   1.214254e-02   5.454035e-02  -8.917914e-02   1.212476e+00   1.201759e+00   9.925576e-02   3.978151e-07   1.047757e-02   1.247042e+00   1.237552e+00   8.933019e-01   3.162170e-06   9.102619e-03
   142   5.416351e-01   5.223745e-01   7.878121e-01   8.739795e-03   4.997095e-02  -9.743798e-02   1.234052e+00   1.223398e+00   9.932813e-02   3.113085e-07   9.939481e-03   1.266287e+00   1.256771e+00   8.939532e-01   2.494402e-06   8.718407e-03
   143   5.810504e-01   5.617897e-01   8.151245e-01   6.217370e-03   4.566770e-02  -1.034540e-01   1.255517e+00   1.244917e+00   9.939350e-02   2.435936e-07   9.434800e-03   1.285588e+00   1.276045e+00   8.945415e-01   1.966402e-06   8.349926e-03
   144   6.204656e-01   6.012050e-01   8.404064e-01   4.365401e-03   4.163443e-02  -1.076080e-01   1.276888e+00   1.266334e+00   9.945254e-02   1.905871e-07   8.960673e-03   1.304949e+00   1.295377e+00   8.950729e-01   1.549211e-06   7.996442e-03
   145   6.598809e-01   6.406203e-01   8.634276e-01   3.024375e-03   3.788290e-02  -1.101161e-01   1.298179e+00   1.287664e+00   9.950586e-02   1.490952e-07   8.514570e-03   1.324371e+00   1.314769e+00   8.955527e-01   1.219802e-06   7.657277e-03
   146   6.992962e-01   6.800355e-01   8.839905e-01   2.068337e-03   3.441954e-02  -1.111010e-01   1.319401e+00   1.308920e+00   9.955400e-02   1.166187e-07   8.094246e-03   1.343855e+00   1.334222e+00   8.959860e-01   9.598789e-07   7.331806e-03
   147   7.387114e-01   7.194508e-01   9.022525e-01   1.396189e-03   3.124150e-02  -1.107115e-01   1.340566e+00   1.330112e+00   9.959747e-02   9.120131e-08   7.697703e-03   1.363402e+00   1.353738e+00   8.963772e-01   7.549194e-07   7.019449e-03
   148   7.781267e-01   7.588661e-01   9.182435e-01   9.304086e-04   2.834180e-02  -1.089487e-01   1.361684e+00   1.351253e+00   9.963672e-02   7.131115e-08   7.323156e-03   1.383013e+00   1.373318e+00   8.967304e-01   5.934035e-07   6.719665e-03
   149   8.175420e-01   7.982813e-01   9.320715e-01   6.123653e-04   2.570943e-02  -1.059109e-01   1.382763e+00   1.372351e+00   9.967214e-02   5.574863e-08   6.969013e-03   1.402689e+00   1.392962e+00   8.970493e-01   4.662017e-07   6.431954e-03
   150   8.569573e-01   8.376966e-01   9.438906e-01   3.983802e-04   2.332970e-02  -1.017992e-01   1.403811e+00   1.393415e+00   9.970413e-02   4.357422e-08   6.633843e-03   1.422428e+00   1.412671e+00   8.973371e-01   3.660845e-07   6.155846e-03
   151   8.963725e-01   8.771119e-01   9.538770e-01   2.564152e-04   2.118442e-02  -9.666897e-02   1.424836e+00   1.414451e+00   9.973300e-02   3.405208e-08   6.316365e-03   1.442232e+00   1.432443e+00   8.975970e-01   2.873308e-07   5.890904e-03
   152   9.357878e-01   9.165271e-01   9.622447e-01   1.634788e-04   1.925355e-02  -9.072018e-02   1.445842e+00   1.435466e+00   9.975905e-02   2.660586e-08   6.015423e-03   1.462100e+00   1.452280e+00   8.978315e-01   2.254173e-07   5.636716e-03
   153   9.752031e-01   9.559424e-01   9.691908e-01   1.033733e-04   1.751641e-02  -8.417785e-02   1.466836e+00   1.456466e+00   9.978257e-02   2.078419e-08   5.729976e-03   1.482030e+00   1.472179e+00   8.980432e-01   1.767697e-07   5.392899e-03
   154   1.014618e+00   9.953577e-01   9.749231e-01   6.491771e-05   1.595255e-02  -7.726555e-02   1.487821e+00   1.477455e+00   9.980380e-02   1.623361e-08   5.459082e-03   1.502022e+00   1.492141e+00   8.982342e-01   1.385659e-07   5.159091e-03
   155   1.054034e+00   1.034773e+00   9.796246e-01   4.053873e-05   1.454278e-02  -7.027351e-02   1.508800e+00   1.498437e+00   9.982296e-02   1.267739e-08   5.201885e-03   1.522073e+00   1.512163e+00   8.984066e-01   1.085794e-07   4.934955e-03
   156   1.093449e+00   1.074188e+00   9.834622e-01   2.520432e-05   1.326957e-02  -6.335461e-02   1.529778e+00   1.519416e+00   9.984025e-02   9.898842e-09   4.957615e-03   1.542182e+00   1.532244e+00   8.985622e-01   8.505425e-08   4.720174e-03
   157   1.132864e+00   1.113603e+00   9.865834e-01   1.561871e-05   1.211739e-02  -5.668317e-02   1.550754e+00   1.540393e+00   9.985585e-02   7.728396e-09   4.725568e-03   1.562347e+00   1.552382e+00   8.987027e-01   6.660705e-08   4.514452e-03
   158   1.172279e+00   1.153019e+00   9.891106e-01   9.655531e-06   1.107267e-02  -5.046356e-02   1.571732e+00   1.561370e+00   9.986993e-02   6.033333e-09   4.505109e-03   1.582563e+00   1.572573e+00   8.988294e-01   5.214831e-08   4.317514e-03
   159   1.211695e+00   1.192434e+00   9.911600e-01   5.959862e-06   1.012358e-02  -4.469936e-02   1.592711e+00   1.582348e+00   9.988264e-02   4.709815e-09   4.295661e-03   1.602828e+00   1.592814e+00   8.989438e-01   4.082060e-08   4.129104e-03
   160   1.251110e+00   1.231849e+00   9.928196e-01   3.675492e-06   9.259914e-03  -3.943384e-02   1.613690e+00   1.603327e+00   9.989411e-02   3.676618e-09   4.096701e-03   1.623137e+00   1.613102e+00   8.990470e-01   3.194955e-08   3.948988e-03
   161   1.290525e+00   1.271265e+00   9.941637e-01   2.265957e-06   8.472869e-03  -3.468167e-02   1.634668e+00   1.624306e+00   9.990446e-02   2.870217e-09   3.907758e-03   1.643486e+00   1.633431e+00   8.991401e-01   2.500506e-08   3.776951e-03
   162   1.329940e+00   1.310680e+00   9.952522e-01   1.397125e-06   7.754806e-03  -3.043098e-02   1.655644e+00   1.645283e+00   9.991379e-02   2.240945e-09   3.728408e-03   1.663867e+00   1.653796e+00   8.992241e-01   1.957069e-08   3.612802e-03
   163   1.369356e+00   1.350095e+00   9.961341e-01   8.618195e-07   7.099080e-03  -2.666216e-02   1.676612e+00   1.666254e+00   9.992222e-02   1.749977e-09   3.558273e-03   1.684274e+00   1.674191e+00   8.993000e-01   1.531945e-08   3.456370e-03
   164   1.408771e+00   1.389510e+00   9.968489e-01   5.320014e-07   6.499876e-03  -2.333746e-02   1.697568e+00   1.687216e+00   9.992982e-02   1.366974e-09   3.397016e-03   1.704699e+00   1.694607e+00   8.993684e-01   1.199472e-08   3.307510e-03
   165   1.448186e+00   1.428926e+00   9.974289e-01   3.287135e-07   5.952077e-03  -2.040267e-02   1.718506e+00   1.708163e+00   9.993668e-02   1.068230e-09   3.244347e-03   1.725131e+00   1.715035e+00   8.994301e-01   9.395259e-09   3.166101e-03
   166   1.487602e+00   1.468341e+00   9.979000e-01   2.033291e-07   5.451184e-03  -1.781613e-02   1.739416e+00   1.729087e+00   9.994287e-02   8.352305e-10   3.100014e-03   1.745558e+00   1.735465e+00   8.994858e-01   7.363268e-09   3.032049e-03
   167   1.527017e+00   1.507756e+00   9.982829e-01   1.259250e-07   4.993225e-03  -1.553478e-02   1.760290e+00   1.749978e+00   9.994845e-02   6.535171e-10   2.963809e-03   1.765967e+00   1.755883e+00   8.995361e-01   5.775118e-09   2.905289e-03
   168   1.566432e+00   1.547171e+00   9.985947e-01   7.809051e-08   4.574694e-03  -1.351498e-02   1.781113e+00   1.770826e+00   9.995349e-02   5.118024e-10   2.835563e-03   1.786341e+00   1.776274e+00   8.995814e-01   4.533981e-09   2.785789e-03
   169   1.605847e+00   1.586587e+00   9.988489e-01   4.849500e-08   4.192505e-03  -1.171192e-02   1.801871e+00   1.791616e+00   9.995804e-02   4.012768e-10   2.715151e-03   1.806661e+00   1.796620e+00   8.996223e-01   3.564057e-09   2.673547e-03
   170   1.645263e+00   1.626002e+00   9.990566e-01   3.016116e-08   3.843969e-03  -1.007793e-02   1.822545e+00   1.812331e+00   9.996214e-02   3.150662e-10   2.602489e-03   1.826903e+00   1.816900e+00   8.996593e-01   2.806031e-09   2.568596e-03
   171   1.684678e+00   1.665417e+00   9.992264e-01   1.878885e-08   3.526776e-03  -8.568517e-03   1.843112e+00   1.832950e+00   9.996584e-02   2.478080e-10   2.497539e-03   1.847042e+00   1.837089e+00   8.996926e-01   2.213511e-09   2.471005e-03
   172   1.724093e+00   1.704832e+00   9.993653e-01   1.172519e-08   3.239003e-03  -7.142838e-03   1.863547e+00   1.853450e+00   9.996918e-02   1.953201e-10   2.400301e-03   1.867048e+00   1.857160e+00   8.997226e-01   1.750224e-09   2.380880e-03
   173   1.763508e+00   1.744248e+00   9.994793e-01   7.331614e-09   2.979117e-03  -5.721720e-03   1.883821e+00   1.873802e+00   9.997219e-02   1.543414e-10   2.310821e-03   1.886885e+00   1.877079e+00   8.997498e-01   1.387823e-09   2.298363e-03
   174   1.802924e+00   1.783663e+00   9.995731e-01   4.594869e-09   2.746033e-03  -4.221327e-03   1.903897e+00   1.893975e+00   9.997491e-02   1.223298e-10   2.229183e-03   1.906515e+00   1.896811e+00   8.997742e-01   1.104163e-09   2.223630e-03
   175   1.842339e+00   1.823078e+00   9.996505e-01   2.887564e-09   2.539186e-03  -2.530125e-03   1.923737e+00   1.913930e+00   9.997737e-02   9.730407e-11   2.155514e-03   1.925893e+00   1.916312e+00   8.997963e-01   8.819466e-10   2.156887e-03
   176   1.881754e+00   1.862494e+00   9.997146e-01   1.820722e-09   2.358656e-03  -4.955965e-04   1.943297e+00   1.933627e+00   9.997958e-02   7.771895e-11   2.090008e-03   1.944974e+00   1.935538e+00   8.998162e-01   7.076719e-10   2.098372e-03
   177   1.921169e+00   1.901909e+00   9.997680e-01   1.152855e-09   2.205366e-03   2.092044e-03   1.962534e+00   1.953022e+00   9.998158e-02   6.236187e-11   2.033198e-03   1.963705e+00   1.954440e+00   8.998342e-01   5.707783e-10   2.048422e-03
   178   1.960585e+00   1.941324e+00   9.998126e-01   7.338208e-10   2.081433e-03   5.450446e-03   1.981419e+00   1.972079e+00   9.998338e-02   5.024418e-11   1.987578e-03   1.982043e+00   1.972971e+00   8.998504e-01   4.628250e-10   2.008305e-03
   179   2.000000e+00   1.980739e+00   9.998500e-01   4.689900e-10   1.996245e-03   8.146371e-03   2.000000e+00   1.990809e+00   9.998500e-02   4.048057e-11   1.962578e-03   2.000000e+00   1.991114e+00   8.998650e-01   3.761922e-10   1.985298e-03
