     i          log_r       log_rmid          m_tot        rho_tot         v2_tot            eta     lgr[heavy]    lgrm[heavy]       m[heavy]     rho[heavy]      v2[heavy]     lgr[light]    lgrm[light]       m[light]     rho[light]      v2[light]
     0  -3.725098e+00  -4.026128e+00   1.022467e-07   4.581327e+04   2.032386e-01            nan  -3.725098e+00  -4.026128e+00   9.998500e-08   4.491081e+04   1.993929e-01  -2.823522e+00  -3.124552e+00   8.998650e-07   7.977470e+02   3.934252e-01
     1  -3.693114e+00  -3.708812e+00   1.274664e-07   4.570921e+04   2.030750e-01            nan  -3.702725e+00  -3.713767e+00   1.166721e-07   4.484663e+04   1.993922e-01  -2.800276e+00  -2.811743e+00   1.050049e-06   7.643311e+02   3.930110e-01
     2  -3.661131e+00  -3.676828e+00   1.589085e-07   4.569501e+04   2.030591e-01            nan  -3.680352e+00  -3.691394e+00   1.361439e-07   4.483967e+04   1.993921e-01  -2.777060e+00  -2.788513e+00   1.225295e-06   7.606666e+02   3.929641e-01
     3  -3.629147e+00  -3.644844e+00   1.981071e-07   4.567926e+04   2.030435e-01            nan  -3.657981e+00  -3.669022e+00   1.588651e-07   4.483197e+04   1.993920e-01  -2.753860e+00  -2.765305e+00   1.429786e-06   7.566380e+02   3.929119e-01
     4  -3.597163e+00  -3.612861e+00   2.469736e-07   4.566147e+04   2.030280e-01            nan  -3.635610e+00  -3.646651e+00   1.853780e-07   4.482343e+04   1.993919e-01  -2.730662e+00  -2.742106e+00   1.668402e-06   7.522119e+02   3.928540e-01
     5  -3.565179e+00  -3.580877e+00   3.078898e-07   4.564169e+04   2.030127e-01            nan  -3.613238e+00  -3.624280e+00   2.163150e-07   4.481396e+04   1.993918e-01  -2.707451e+00  -2.718901e+00   1.946835e-06   7.473523e+02   3.927895e-01
     6  -3.533196e+00  -3.548893e+00   3.838224e-07   4.561915e+04   2.029977e-01            nan  -3.590867e+00  -3.601909e+00   2.524142e-07   4.480348e+04   1.993917e-01  -2.684216e+00  -2.695678e+00   2.271728e-06   7.420212e+02   3.927178e-01
     7  -3.501212e+00  -3.516909e+00   4.784687e-07   4.559386e+04   2.029830e-01            nan  -3.568494e+00  -3.579537e+00   2.945370e-07   4.479187e+04   1.993916e-01  -2.660944e+00  -2.672424e+00   2.650833e-06   7.361782e+02   3.926379e-01
     8  -3.469228e+00  -3.484925e+00   5.964280e-07   4.556509e+04   2.029685e-01            nan  -3.546121e+00  -3.557164e+00   3.436881e-07   4.477900e+04   1.993915e-01  -2.637623e+00  -2.649127e+00   3.093193e-06   7.297807e+02   3.925489e-01
     9  -3.437244e+00  -3.452942e+00   7.434359e-07   4.553236e+04   2.029544e-01            nan  -3.523746e+00  -3.534789e+00   4.010398e-07   4.476474e+04   1.993913e-01  -2.614241e+00  -2.625775e+00   3.609358e-06   7.227843e+02   3.924498e-01
    10  -3.405260e+00  -3.420958e+00   9.266216e-07   4.549531e+04   2.029406e-01            nan  -3.501369e+00  -3.512413e+00   4.679601e-07   4.474895e+04   1.993912e-01  -2.590785e+00  -2.602354e+00   4.211641e-06   7.151429e+02   3.923392e-01
    11  -3.373277e+00  -3.388974e+00   1.154867e-06   4.545259e+04   2.029272e-01            nan  -3.478990e+00  -3.490035e+00   5.460446e-07   4.473145e+04   1.993910e-01  -2.567242e+00  -2.578854e+00   4.914402e-06   7.068092e+02   3.922158e-01
    12  -3.341293e+00  -3.356990e+00   1.439217e-06   4.540436e+04   2.029143e-01            nan  -3.456608e+00  -3.467655e+00   6.371554e-07   4.471207e+04   1.993908e-01  -2.543600e+00  -2.555260e+00   5.734398e-06   6.977351e+02   3.920779e-01
    13  -3.309309e+00  -3.325007e+00   1.793399e-06   4.534846e+04   2.029019e-01            nan  -3.434223e+00  -3.445272e+00   7.434644e-07   4.469060e+04   1.993905e-01  -2.519844e+00  -2.531560e+00   6.691180e-06   6.878728e+02   3.919239e-01
    14  -3.277325e+00  -3.293023e+00   2.234514e-06   4.528494e+04   2.028901e-01            nan  -3.411835e+00  -3.422885e+00   8.675058e-07   4.466682e+04   1.993903e-01  -2.495960e+00  -2.507738e+00   7.807552e-06   6.771749e+02   3.917516e-01
    15  -3.245341e+00  -3.261039e+00   2.783718e-06   4.521188e+04   2.028789e-01            nan  -3.389443e+00  -3.400495e+00   1.012236e-06   4.464048e+04   1.993900e-01  -2.471932e+00  -2.483780e+00   9.110122e-06   6.655958e+02   3.915589e-01
    16  -3.213358e+00  -3.229055e+00   3.467423e-06   4.512793e+04   2.028685e-01            nan  -3.367046e+00  -3.378100e+00   1.181103e-06   4.461130e+04   1.993897e-01  -2.447744e+00  -2.459670e+00   1.062993e-05   6.530930e+02   3.913429e-01
    17  -3.181374e+00  -3.197071e+00   4.318247e-06   4.503225e+04   2.028590e-01            nan  -3.344644e+00  -3.355701e+00   1.378130e-06   4.457898e+04   1.993893e-01  -2.423377e+00  -2.435390e+00   1.240317e-05   6.396282e+02   3.911008e-01
    18  -3.149390e+00  -3.165088e+00   5.376754e-06   4.492106e+04   2.028504e-01            nan  -3.322237e+00  -3.333296e+00   1.608010e-06   4.454320e+04   1.993890e-01  -2.398814e+00  -2.410922e+00   1.447209e-05   6.251692e+02   3.908291e-01
    19  -3.117406e+00  -3.133104e+00   6.693175e-06   4.479493e+04   2.028430e-01            nan  -3.299823e+00  -3.310885e+00   1.876216e-06   4.450357e+04   1.993885e-01  -2.374032e+00  -2.386246e+00   1.688595e-05   6.096913e+02   3.905239e-01
    20  -3.085422e+00  -3.101120e+00   8.329469e-06   4.464836e+04   2.028369e-01            nan  -3.277402e+00  -3.288468e+00   2.189133e-06   4.445969e+04   1.993881e-01  -2.349012e+00  -2.361342e+00   1.970220e-05   5.931796e+02   3.901807e-01
    21  -3.053439e+00  -3.069136e+00   1.036278e-05   4.448120e+04   2.028322e-01            nan  -3.254974e+00  -3.266043e+00   2.554206e-06   4.441110e+04   1.993875e-01  -2.323729e+00  -2.336187e+00   2.298786e-05   5.756307e+02   3.897945e-01
    22  -3.021455e+00  -3.037152e+00   1.288722e-05   4.428924e+04   2.028292e-01            nan  -3.232536e+00  -3.243610e+00   2.980121e-06   4.435732e+04   1.993870e-01  -2.298160e+00  -2.310756e+00   2.682109e-05   5.570549e+02   3.893594e-01
    23  -2.989471e+00  -3.005169e+00   1.602026e-05   4.406804e+04   2.028282e-01            nan  -3.210089e+00  -3.221168e+00   3.477003e-06   4.429779e+04   1.993863e-01  -2.272278e+00  -2.285026e+00   3.129303e-05   5.374782e+02   3.888688e-01
    24  -2.957487e+00  -2.973185e+00   1.990505e-05   4.381751e+04   2.028293e-01            nan  -3.187631e+00  -3.198715e+00   4.056664e-06   4.423189e+04   1.993856e-01  -2.246056e+00  -2.258969e+00   3.650997e-05   5.169440e+02   3.883148e-01
    25  -2.925504e+00  -2.941201e+00   2.471768e-05   4.352575e+04   2.028332e-01            nan  -3.165162e+00  -3.176251e+00   4.732872e-06   4.415897e+04   1.993848e-01  -2.219466e+00  -2.232557e+00   4.259585e-05   4.955147e+02   3.876887e-01
    26  -2.893520e+00  -2.909217e+00   3.067556e-05   4.319600e+04   2.028400e-01            nan  -3.142679e+00  -3.153775e+00   5.521683e-06   4.407829e+04   1.993839e-01  -2.192477e+00  -2.205762e+00   4.969515e-05   4.732727e+02   3.869801e-01
    27  -2.861536e+00  -2.877233e+00   3.803795e-05   4.281771e+04   2.028502e-01            nan  -3.120181e+00  -3.131284e+00   6.441814e-06   4.398904e+04   1.993830e-01  -2.165062e+00  -2.178553e+00   5.797633e-05   4.503327e+02   3.861790e-01
    28  -2.829552e+00  -2.845250e+00   4.713026e-05   4.238614e+04   2.028646e-01            nan  -3.097666e+00  -3.108778e+00   7.515084e-06   4.389032e+04   1.993819e-01  -2.137188e+00  -2.150901e+00   6.763576e-05   4.268246e+02   3.852735e-01
    29  -2.797568e+00  -2.813266e+00   5.833729e-05   4.190023e+04   2.028832e-01   4.896379e-01  -3.075134e+00  -3.086254e+00   8.766923e-06   4.378115e+04   1.993807e-01  -2.108828e+00  -2.122776e+00   7.890231e-05   4.028937e+02   3.842497e-01
    30  -2.765585e+00  -2.781282e+00   7.212753e-05   4.133842e+04   2.028993e-01   4.895436e-01  -3.052581e+00  -3.063711e+00   1.022697e-05   4.366046e+04   1.993793e-01  -2.079951e+00  -2.094149e+00   9.204273e-05   3.787017e+02   3.830919e-01
    31  -2.733601e+00  -2.749298e+00   8.907317e-05   4.070899e+04   2.029173e-01   4.894333e-01  -3.030006e+00  -3.041147e+00   1.192976e-05   4.352707e+04   1.993778e-01  -2.050531e+00  -2.064992e+00   1.073678e-04   3.544220e+02   3.817824e-01
    32  -2.701617e+00  -2.717315e+00   1.098230e-04   3.999769e+04   2.029383e-01   4.893068e-01  -3.007407e+00  -3.018559e+00   1.391553e-05   4.337969e+04   1.993762e-01  -2.020542e+00  -2.035278e+00   1.252398e-04   3.302368e+02   3.803004e-01
    33  -2.669633e+00  -2.685331e+00   1.351943e-04   3.919409e+04   2.029623e-01   4.891584e-01  -2.984779e+00  -2.995946e+00   1.623115e-05   4.321689e+04   1.993744e-01  -1.989963e+00  -2.004984e+00   1.460803e-04   3.063555e+02   3.786317e-01
    34  -2.637649e+00  -2.653347e+00   1.661290e-04   3.830334e+04   2.029898e-01   4.889887e-01  -2.962121e+00  -2.973302e+00   1.893121e-05   4.303714e+04   1.993723e-01  -1.958779e+00  -1.974091e+00   1.703808e-04   2.829713e+02   3.767583e-01
    35  -2.605666e+00  -2.621363e+00   2.036688e-04   3.730356e+04   2.030217e-01   4.887922e-01  -2.939429e+00  -2.950627e+00   2.207926e-05   4.283874e+04   1.993700e-01  -1.926979e+00  -1.942588e+00   1.987134e-04   2.602576e+02   3.746575e-01
    36  -2.573682e+00  -2.589379e+00   2.491332e-04   3.619674e+04   2.030582e-01   4.885644e-01  -2.916700e+00  -2.927916e+00   2.574932e-05   4.261987e+04   1.993675e-01  -1.894557e+00  -1.910465e+00   2.317439e-04   2.383714e+02   3.723032e-01
    37  -2.541698e+00  -2.557396e+00   3.039722e-04   3.498831e+04   2.030999e-01   4.883043e-01  -2.893928e+00  -2.905165e+00   3.002750e-05   4.237852e+04   1.993647e-01  -1.861516e+00  -1.877722e+00   2.702475e-04   2.174722e+02   3.696848e-01
    38  -2.509714e+00  -2.525412e+00   3.696674e-04   3.365878e+04   2.031476e-01   4.880010e-01  -2.871110e+00  -2.882369e+00   3.501400e-05   4.211254e+04   1.993615e-01  -1.827869e+00  -1.844367e+00   3.151260e-04   1.976857e+02   3.667930e-01
    39  -2.477730e+00  -2.493428e+00   4.481538e-04   3.221470e+04   2.032025e-01   4.876531e-01  -2.848241e+00  -2.859525e+00   4.082538e-05   4.181959e+04   1.993580e-01  -1.793634e+00  -1.810414e+00   3.674284e-04   1.790927e+02   3.636035e-01
    40  -2.445747e+00  -2.461444e+00   5.414334e-04   3.067117e+04   2.032650e-01   4.872570e-01  -2.825314e+00  -2.836626e+00   4.759714e-05   4.149716e+04   1.993541e-01  -1.758838e+00  -1.775887e+00   4.283742e-04   1.617544e+02   3.601040e-01
    41  -2.413763e+00  -2.429460e+00   6.514773e-04   2.903474e+04   2.033341e-01   4.867939e-01  -2.802323e+00  -2.813666e+00   5.548679e-05   4.114254e+04   1.993498e-01  -1.723516e+00  -1.740818e+00   4.993811e-04   1.457139e+02   3.563181e-01
    42  -2.381779e+00  -2.397477e+00   7.803480e-04   2.728906e+04   2.034150e-01   4.862670e-01  -2.779262e+00  -2.790639e+00   6.467734e-05   4.075285e+04   1.993449e-01  -1.687711e+00  -1.705245e+00   5.820960e-04   1.309650e+02   3.522242e-01
    43  -2.349795e+00  -2.365493e+00   9.305016e-04   2.547429e+04   2.035068e-01   4.856691e-01  -2.756122e+00  -2.767538e+00   7.538125e-05   4.032501e+04   1.993394e-01  -1.651469e+00  -1.669212e+00   6.784313e-04   1.174872e+02   3.478367e-01
    44  -2.317812e+00  -2.333509e+00   1.104172e-03   2.360956e+04   2.036091e-01   4.849828e-01  -2.732894e+00  -2.744353e+00   8.784517e-05   3.985577e+04   1.993334e-01  -1.614841e+00  -1.632769e+00   7.906065e-04   1.052386e+02   3.431933e-01
    45  -2.285828e+00  -2.301525e+00   1.303494e-03   2.171534e+04   2.037222e-01   4.841916e-01  -2.709569e+00  -2.721075e+00   1.023551e-04   3.934171e+04   1.993265e-01  -1.577880e+00  -1.595967e+00   9.211963e-04   9.415724e+01   3.382718e-01
    46  -2.253844e+00  -2.269541e+00   1.530398e-03   1.981469e+04   2.038489e-01   4.832974e-01  -2.686136e+00  -2.697694e+00   1.192428e-04   3.877926e+04   1.993189e-01  -1.540639e+00  -1.558861e+00   1.073185e-03   8.417038e+01   3.331533e-01
    47  -2.221860e+00  -2.237558e+00   1.786512e-03   1.793192e+04   2.039903e-01   4.822893e-01  -2.662581e+00  -2.674199e+00   1.388921e-04   3.816474e+04   1.993103e-01  -1.503171e+00  -1.521501e+00   1.250029e-03   7.519919e+01   3.278374e-01
    48  -2.189876e+00  -2.205574e+00   2.073078e-03   1.609176e+04   2.041471e-01   4.811539e-01  -2.638893e+00  -2.650576e+00   1.617478e-04   3.749438e+04   1.993006e-01  -1.465524e+00  -1.483940e+00   1.455730e-03   6.716035e+01   3.223543e-01
    49  -2.157893e+00  -2.173590e+00   2.390915e-03   1.431797e+04   2.043166e-01   4.798544e-01  -2.615054e+00  -2.626810e+00   1.883238e-04   3.676438e+04   1.992897e-01  -1.427743e+00  -1.446223e+00   1.694914e-03   5.996770e+01   3.167678e-01
    50  -2.125909e+00  -2.141606e+00   2.740426e-03   1.263277e+04   2.045021e-01   4.784069e-01  -2.591049e+00  -2.602886e+00   2.192140e-04   3.597097e+04   1.992775e-01  -1.389872e+00  -1.408395e+00   1.972926e-03   5.354567e+01   3.110467e-01
    51  -2.093925e+00  -2.109623e+00   3.121628e-03   1.105488e+04   2.047032e-01   4.768011e-01  -2.566857e+00  -2.578784e+00   2.551039e-04   3.511052e+04   1.992636e-01  -1.351942e+00  -1.370493e+00   2.295935e-03   4.780745e+01   3.053158e-01
    52  -2.061941e+00  -2.077639e+00   3.534282e-03   9.598843e+03   2.049183e-01   4.750259e-01  -2.542457e+00  -2.554485e+00   2.967831e-04   3.417958e+04   1.992479e-01  -1.313986e+00  -1.332549e+00   2.671048e-03   4.268826e+01   2.995326e-01
    53  -2.029957e+00  -2.045655e+00   3.978080e-03   8.274347e+03   2.051449e-01   4.730684e-01  -2.517824e+00  -2.529966e+00   3.451610e-04   3.317507e+04   1.992300e-01  -1.276025e+00  -1.294591e+00   3.106449e-03   3.811693e+01   2.937684e-01
    54  -1.997974e+00  -2.013671e+00   4.452866e-03   7.086006e+03   2.053806e-01   4.709237e-01  -2.492931e+00  -2.505199e+00   4.012824e-04   3.209441e+04   1.992097e-01  -1.238081e+00  -1.256639e+00   3.611542e-03   3.403536e+01   2.880253e-01
    55  -1.965990e+00  -1.981687e+00   4.958873e-03   6.033450e+03   2.056228e-01   4.685868e-01  -2.467746e+00  -2.480156e+00   4.663463e-04   3.093567e+04   1.991865e-01  -1.200169e+00  -1.218712e+00   4.197117e-03   3.038975e+01   2.823148e-01
    56  -1.934006e+00  -1.949704e+00   5.494551e-03   5.111862e+03   2.058702e-01   4.660371e-01  -2.442235e+00  -2.454803e+00   5.417261e-04   2.969779e+04   1.991599e-01  -1.162298e+00  -1.180821e+00   4.875535e-03   2.712888e+01   2.766850e-01
    57  -1.902022e+00  -1.917720e+00   6.049924e-03   4.306110e+03   2.061132e-01   4.633392e-01  -2.416358e+00  -2.429104e+00   6.289911e-04   2.838079e+04   1.991294e-01  -1.124477e+00  -1.142976e+00   5.660920e-03   2.421401e+01   2.710937e-01
    58  -1.870038e+00  -1.885736e+00   6.635635e-03   3.613450e+03   2.063444e-01   4.604800e-01  -2.390070e+00  -2.403016e+00   7.299314e-04   2.698605e+04   1.990942e-01  -1.086707e+00  -1.105182e+00   6.569382e-03   2.160176e+01   2.656185e-01
    59  -1.838055e+00  -1.853752e+00   7.254207e-03   3.024725e+03   2.065691e-01   4.574137e-01  -2.363321e+00  -2.376490e+00   8.465830e-04   2.551654e+04   1.990534e-01  -1.048990e+00  -1.067440e+00   7.619247e-03   1.926205e+01   2.602193e-01
    60  -1.806071e+00  -1.821768e+00   7.884410e-03   2.524665e+03   2.067731e-01   4.542194e-01  -2.336051e+00  -2.349472e+00   9.812558e-04   2.397710e+04   1.990060e-01  -1.011326e+00  -1.029750e+00   8.831303e-03   1.716434e+01   2.549116e-01
    61  -1.774087e+00  -1.789785e+00   8.547013e-03   2.103086e+03   2.069327e-01   4.509693e-01  -2.308195e+00  -2.321900e+00   1.136562e-03   2.237469e+04   1.989504e-01  -9.737106e-01  -9.921112e-01   1.022906e-02   1.528203e+01   2.497083e-01
    62  -1.742103e+00  -1.757801e+00   9.238066e-03   1.751038e+03   2.070877e-01   4.474834e-01  -2.279678e+00  -2.293703e+00   1.315444e-03   2.071865e+04   1.988851e-01  -9.361428e-01  -9.545206e-01   1.183900e-02   1.359384e+01   2.445750e-01
    63  -1.710120e+00  -1.725817e+00   9.945128e-03   1.456252e+03   2.071603e-01   4.441464e-01  -2.250415e+00  -2.264800e+00   1.521208e-03   1.902086e+04   1.988078e-01  -8.986163e-01  -9.169744e-01   1.369088e-02   1.207762e+01   2.395506e-01
    64  -1.678136e+00  -1.693833e+00   1.069520e-02   1.211640e+03   2.072052e-01   4.406516e-01  -2.220307e+00  -2.235100e+00   1.757548e-03   1.729582e+04   1.987157e-01  -8.611270e-01  -8.794672e-01   1.581793e-02   1.071660e+01   2.346106e-01
    65  -1.646152e+00  -1.661849e+00   1.145299e-02   1.008480e+03   2.071881e-01   4.371999e-01  -2.189243e+00  -2.204497e+00   2.028572e-03   1.556068e+04   1.986051e-01  -8.236725e-01  -8.419961e-01   1.825715e-02   9.495567e+00   2.297321e-01
    66  -1.614168e+00  -1.629866e+00   1.225891e-02   8.403136e+02   2.070957e-01   4.338570e-01  -2.157096e+00  -2.172872e+00   2.338830e-03   1.383498e+04   1.984714e-01  -7.862464e-01  -8.045565e-01   2.104947e-02   8.399325e+00   2.249479e-01
    67  -1.582184e+00  -1.597882e+00   1.308218e-02   7.009897e+02   2.069577e-01   4.304083e-01  -2.123720e+00  -2.140088e+00   2.693323e-03   1.214030e+04   1.983084e-01  -7.488458e-01  -7.671437e-01   2.423991e-02   7.416301e+00   2.202286e-01
    68  -1.550201e+00  -1.565898e+00   1.395420e-02   5.858555e+02   2.067063e-01   4.272305e-01  -2.088953e+00  -2.105989e+00   3.097518e-03   1.049958e+04   1.981078e-01  -7.114699e-01  -7.297559e-01   2.787766e-02   6.535730e+00   2.155536e-01
    69  -1.518217e+00  -1.533914e+00   1.485213e-02   4.903875e+02   2.064279e-01   4.239998e-01  -2.052610e+00  -2.070401e+00   3.557342e-03   8.936240e+03   1.978590e-01  -6.741157e-01  -6.923914e-01   3.201608e-02   5.747163e+00   2.109448e-01
    70  -1.486233e+00  -1.501931e+00   1.580414e-02   4.114541e+02   2.060218e-01   4.211236e-01  -2.014485e+00  -2.033129e+00   4.079169e-03   7.473016e+03   1.975472e-01  -6.367836e-01  -6.550487e-01   3.671252e-02   5.042165e+00   2.063789e-01
    71  -1.454249e+00  -1.469947e+00   1.679012e-02   3.458448e+02   2.055916e-01   4.182453e-01  -1.974356e+00  -1.993958e+00   4.669785e-03   6.130605e+03   1.971533e-01  -5.994765e-01  -6.177296e-01   4.202806e-02   4.412953e+00   2.018376e-01
    72  -1.422265e+00  -1.437963e+00   1.783893e-02   2.914367e+02   2.050461e-01   4.157353e-01  -1.931985e+00  -1.952654e+00   5.336336e-03   4.926139e+03   1.966513e-01  -5.621978e-01  -5.804373e-01   4.802703e-02   3.852224e+00   1.973239e-01
    73  -1.390282e+00  -1.405979e+00   1.893073e-02   2.460800e+02   2.044637e-01   4.132269e-01  -1.887128e+00  -1.908978e+00   6.086254e-03   3.871741e+03   1.960071e-01  -5.249528e-01  -5.431762e-01   5.477629e-02   3.353528e+00   1.928303e-01
    74  -1.358298e+00  -1.373995e+00   2.009639e-02   2.082826e+02   2.037986e-01   4.110785e-01  -1.839556e+00  -1.862691e+00   6.927149e-03   2.973355e+03   1.951760e-01  -4.877502e-01  -5.059533e-01   6.234434e-02   2.911087e+00   1.883401e-01
    75  -1.326314e+00  -1.342012e+00   2.131613e-02   1.766663e+02   2.030868e-01   4.090142e-01  -1.789074e+00  -1.813582e+00   7.866679e-03   2.230008e+03   1.941018e-01  -4.506013e-01  -4.687787e-01   7.080011e-02   2.519577e+00   1.838386e-01
    76  -1.294330e+00  -1.310028e+00   2.262298e-02   1.501714e+02   2.023230e-01   4.071978e-01  -1.735559e+00  -1.761493e+00   8.912390e-03   1.633817e+03   1.927160e-01  -4.135188e-01  -4.316644e-01   8.021151e-02   2.174017e+00   1.793312e-01
    77  -1.262346e+00  -1.278044e+00   2.399765e-02   1.279188e+02   2.015144e-01   4.055940e-01  -1.679001e+00  -1.706360e+00   1.007152e-02   1.170857e+03   1.909419e-01  -3.765188e-01  -3.946249e-01   9.064369e-02   1.869960e+00   1.748048e-01
    78  -1.230363e+00  -1.246060e+00   2.547366e-02   1.091697e+02   2.006778e-01   4.041238e-01  -1.619541e+00  -1.648254e+00   1.135078e-02   8.227783e+02   1.887021e-01  -3.396206e-01  -3.576780e-01   1.021570e-01   1.603303e+00   1.702471e-01
    79  -1.198379e+00  -1.214076e+00   2.703619e-02   9.335088e+01   1.997993e-01   4.028578e-01  -1.557499e+00  -1.587413e+00   1.275612e-02   5.690079e+02   1.859327e-01  -3.028467e-01  -3.208446e-01   1.148050e-01   1.370253e+00   1.656478e-01
    80  -1.166395e+00  -1.182093e+00   2.871616e-02   7.995618e+01   1.989119e-01   4.017108e-01  -1.493370e+00  -1.524252e+00   1.429243e-02   3.890169e+02   1.826019e-01  -2.662213e-01  -2.841480e-01   1.286319e-01   1.167262e+00   1.610128e-01
    81  -1.134411e+00  -1.150109e+00   3.050367e-02   6.859949e+01   1.979838e-01   4.006623e-01  -1.427783e+00  -1.459340e+00   1.596333e-02   2.642059e+02   1.787248e-01  -2.297717e-01  -2.476142e-01   1.436700e-01   9.911250e-01   1.563337e-01
    82  -1.102428e+00  -1.118125e+00   3.242939e-02   5.894097e+01   1.970546e-01   3.997238e-01  -1.361430e+00  -1.393341e+00   1.777087e-02   1.790734e+02   1.743701e-01  -1.935283e-01  -2.112721e-01   1.599378e-01   8.388818e-01   1.516041e-01
    83  -1.070444e+00  -1.086141e+00   3.448558e-02   5.071261e+01   1.961067e-01   3.989125e-01  -1.294978e+00  -1.326934e+00   1.971527e-02   1.215827e+02   1.696522e-01  -1.575234e-01  -1.751528e-01   1.774374e-01   7.077981e-01   1.468247e-01
    84  -1.038460e+00  -1.054157e+00   3.670633e-02   4.368866e+01   1.951497e-01   3.981161e-01  -1.229008e+00  -1.260742e+00   2.179475e-02   8.291265e+01   1.647092e-01  -1.217903e-01  -1.392894e-01   1.961527e-01   5.953596e-01   1.420040e-01
    85  -1.006476e+00  -1.022174e+00   3.908278e-02   3.768091e+01   1.941787e-01   3.973843e-01  -1.163970e+00  -1.195273e+00   2.400535e-02   5.687777e+01   1.596802e-01  -8.636413e-02  -1.037161e-01   2.160481e-01   4.992995e-01   1.371420e-01
    86  -9.744924e-01  -9.901899e-01   4.165431e-02   3.253206e+01   1.931999e-01   3.966689e-01  -1.100175e+00  -1.130902e+00   2.634082e-02   3.927195e+01   1.546856e-01  -5.128121e-02  -6.846851e-02   2.370673e-01   4.175524e-01   1.322425e-01
    87  -9.425086e-01  -9.582061e-01   4.441294e-02   2.811464e+01   1.921886e-01   3.958954e-01  -1.037813e+00  -1.067875e+00   2.879262e-02   2.728820e+01   1.498187e-01  -1.657640e-02  -3.358223e-02   2.591336e-01   3.482326e-01   1.273246e-01
    88  -9.105248e-01  -9.262223e-01   4.739927e-02   2.431158e+01   1.911688e-01   3.951189e-01  -9.769702e-01  -1.006327e+00   3.134998e-02   1.907011e+01   1.451412e-01   1.771521e-02   9.077716e-04   2.821498e-01   2.896733e-01   1.223951e-01
    89  -8.785410e-01  -8.942386e-01   5.061437e-02   2.104374e+01   1.901076e-01   3.942988e-01  -9.176602e-01  -9.463035e-01   3.400006e-02   1.339146e+01   1.406892e-01   5.155987e-02   3.496714e-02   3.060005e-01   2.403776e-01   1.174678e-01
    90  -8.465572e-01  -8.622548e-01   5.409245e-02   1.821926e+01   1.890322e-01   3.933557e-01  -8.598420e-01  -8.877896e-01   3.672816e-02   9.439547e+00   1.364790e-01   8.492668e-02   6.856364e-02   3.305535e-01   1.990135e-01   1.125632e-01
    91  -8.145734e-01  -8.302710e-01   5.785091e-02   1.579074e+01   1.878840e-01   3.923343e-01  -8.034380e-01  -8.307250e-01   3.951809e-02   6.671810e+00   1.325109e-01   1.177863e-01   1.016672e-01   3.556628e-01   1.644202e-01   1.076928e-01
    92  -7.825897e-01  -7.982872e-01   6.190964e-02   1.368213e+01   1.867341e-01   3.911788e-01  -7.483475e-01  -7.750198e-01   4.235249e-02   4.723123e+00   1.287783e-01   1.501140e-01   1.342509e-01   3.811724e-01   1.355691e-01   1.028810e-01
    93  -7.506059e-01  -7.663034e-01   6.631186e-02   1.186467e+01   1.854990e-01   3.899007e-01  -6.944525e-01  -7.205645e-01   4.521329e-02   3.345170e+00   1.252667e-01   1.818876e-01   1.662913e-01   4.069196e-01   1.115770e-01   9.814154e-02
    94  -7.186221e-01  -7.343196e-01   7.104884e-02   1.028707e+01   1.841971e-01   3.883737e-01  -6.416253e-01  -6.672362e-01   4.808216e-02   2.367814e+00   1.219615e-01   2.130895e-01   1.977687e-01   4.327394e-01   9.167485e-02   9.349441e-02
    95  -6.866383e-01  -7.023358e-01   7.619105e-02   8.919733e+00   1.828242e-01   3.866738e-01  -5.897281e-01  -6.149020e-01   5.094094e-02   1.673124e+00   1.188459e-01   2.437061e-01   2.286675e-01   4.584685e-01   7.520541e-02   8.895501e-02
    96  -6.546545e-01  -6.703520e-01   8.174219e-02   7.736075e+00   1.813520e-01   3.847765e-01  -5.386162e-01  -5.634207e-01   5.377208e-02   1.178928e+00   1.159045e-01   2.737278e-01   2.589763e-01   4.839488e-01   6.160607e-02   8.453872e-02
    97  -6.226707e-01  -6.383682e-01   8.774651e-02   6.705576e+00   1.798159e-01   3.825577e-01  -4.881371e-01  -5.126436e-01   5.655903e-02   8.274312e-01   1.131230e-01   3.031496e-01   2.886878e-01   5.090312e-01   5.039909e-02   8.025893e-02
    98  -5.906869e-01  -6.063844e-01   9.425787e-02   5.813200e+00   1.781539e-01   3.800793e-01  -4.381262e-01  -4.624122e-01   5.928652e-02   5.777261e-01   1.104894e-01   3.319700e-01   3.177988e-01   5.335787e-01   4.118078e-02   7.612627e-02
    99  -5.587031e-01  -5.744007e-01   1.012644e-01   5.036990e+00   1.763970e-01   3.772671e-01  -3.884130e-01  -4.125587e-01   6.194091e-02   4.008242e-01   1.079947e-01   3.601917e-01   3.463101e-01   5.574682e-01   3.361071e-02   7.215032e-02
   100  -5.267193e-01  -5.424169e-01   1.088520e-01   4.362189e+00   1.745309e-01   3.740990e-01  -3.388116e-01  -3.629046e-01   6.451030e-02   2.759533e-01   1.056319e-01   3.878208e-01   3.742259e-01   5.805927e-01   2.740398e-02   6.833694e-02
   101  -4.947356e-01  -5.104331e-01   1.170343e-01   3.775534e+00   1.725085e-01   3.705172e-01  -2.891180e-01  -3.132544e-01   6.698469e-02   1.882412e-01   1.033993e-01   4.148666e-01   4.015542e-01   6.028622e-01   2.232187e-02   6.469152e-02
   102  -4.627518e-01  -4.784493e-01   1.258427e-01   3.263980e+00   1.703738e-01   3.663804e-01  -2.391186e-01  -2.633992e-01   6.935597e-02   1.270581e-01   1.012958e-01   4.413413e-01   4.283057e-01   6.242038e-01   1.816619e-02   6.121545e-02
   103  -4.307680e-01  -4.464655e-01   1.353596e-01   2.819717e+00   1.680953e-01   3.617699e-01  -1.885786e-01  -2.131138e-01   7.161799e-02   8.472007e-02   9.932631e-02   4.672598e-01   4.544938e-01   6.445619e-01   1.477172e-02   5.791045e-02
   104  -3.987842e-01  -4.144817e-01   1.455913e-01   2.433778e+00   1.656706e-01   3.566429e-01  -1.372472e-01  -1.621549e-01   7.376638e-02   5.571606e-02   9.749923e-02   4.926387e-01   4.801346e-01   6.638974e-01   1.200224e-02   5.477409e-02
   105  -3.668004e-01  -3.824979e-01   1.565915e-01   2.097623e+00   1.631225e-01   3.507976e-01  -8.487573e-02  -1.102725e-01   7.579851e-02   3.609603e-02   9.581724e-02   5.174974e-01   5.052459e-01   6.821866e-01   9.744582e-03   5.180524e-02
   106  -3.348166e-01  -3.505141e-01   1.684325e-01   1.805894e+00   1.604155e-01   3.442952e-01  -3.122038e-02  -5.721997e-02   7.771330e-02   2.301196e-02   9.428464e-02   5.418557e-01   5.298473e-01   6.994197e-01   7.906018e-03   4.899876e-02
   107  -3.028328e-01  -3.185303e-01   1.811025e-01   1.552518e+00   1.575580e-01   3.370178e-01   2.388605e-02  -2.793713e-03   7.951106e-02   1.444435e-02   9.286632e-02   5.657358e-01   5.539599e-01   7.155996e-01   6.409803e-03   4.635111e-02
   108  -2.708490e-01  -2.865466e-01   1.946384e-01   1.332056e+00   1.545522e-01   3.287552e-01   8.048918e-02   5.310912e-02   8.119333e-02   8.943590e-03   9.149027e-02   5.891601e-01   5.776059e-01   7.307399e-01   5.193216e-03   4.385595e-02
   109  -2.388652e-01  -2.545628e-01   2.091283e-01   1.140769e+00   1.513769e-01   3.195622e-01   1.383925e-01   1.104051e-01   8.276263e-02   5.490015e-03   8.998811e-02   6.121522e-01   6.008083e-01   7.448636e-01   4.204658e-03   4.150760e-02
   110  -2.068815e-01  -2.225790e-01   2.245308e-01   9.749934e-01   1.480553e-01   3.092589e-01   1.970417e-01   1.687064e-01   8.422234e-02   3.370333e-03   8.807053e-02   6.347359e-01   6.235908e-01   7.580011e-01   3.401943e-03   3.929947e-02
   111  -1.748977e-01  -1.905952e-01   2.409504e-01   8.315262e-01   1.445880e-01   2.977207e-01   2.555212e-01   2.272650e-01   8.557652e-02   2.092491e-03   8.539263e-02   6.569355e-01   6.459775e-01   7.701887e-01   2.750582e-03   3.722447e-02
   112  -1.429139e-01  -1.586114e-01   2.583892e-01   7.076054e-01   1.409735e-01   2.850662e-01   3.127171e-01   2.850600e-01   8.682971e-02   1.328182e-03   8.171103e-02   6.787755e-01   6.679928e-01   7.814674e-01   2.222349e-03   3.527617e-02
   113  -1.109301e-01  -1.266276e-01   2.768295e-01   6.006051e-01   1.372281e-01   2.708853e-01   3.676264e-01   3.410390e-01   8.798682e-02   8.677578e-04   7.705956e-02   7.002802e-01   6.896609e-01   7.918814e-01   1.794266e-03   3.344716e-02
   114  -7.894629e-02  -9.464382e-02   2.963389e-01   5.084556e-01   1.333457e-01   2.553285e-01   4.196044e-01   3.943926e-01   8.905301e-02   5.842803e-04   7.174824e-02   7.214738e-01   7.110063e-01   8.014771e-01   1.447561e-03   3.173070e-02
   115  -4.696250e-02  -6.266003e-02   3.168540e-01   4.292195e-01   1.293350e-01   2.383014e-01   4.684100e-01   4.446924e-01   9.003354e-02   4.042974e-04   6.618726e-02   7.423801e-01   7.320527e-01   8.103019e-01   1.166950e-03   3.012002e-02
   116  -1.497872e-02  -3.067624e-02   3.384019e-01   3.612085e-01   1.252107e-01   2.196410e-01   5.141024e-01   4.918569e-01   9.093373e-02   2.862221e-04   6.071976e-02   7.630227e-01   7.528240e-01   8.184036e-01   9.399944e-04   2.860828e-02
   117   1.700507e-02   1.307545e-03   3.609374e-01   3.029849e-01   1.209751e-01   1.996015e-01   5.569040e-01   5.360303e-01   9.175884e-02   2.064164e-04   5.556151e-02   7.834242e-01   7.733432e-01   8.258295e-01   7.565596e-04   2.718924e-02
   118   4.898886e-02   3.329133e-02   3.843728e-01   2.531942e-01   1.166283e-01   1.779283e-01   5.971001e-01   5.774669e-01   9.251402e-02   1.510960e-04   5.081268e-02   8.036071e-01   7.936329e-01   8.326262e-01   6.084110e-04   2.585667e-02
   119   8.097265e-02   6.527512e-02   4.087503e-01   2.107895e-01   1.121977e-01   1.550694e-01   6.349857e-01   6.164559e-01   9.320429e-02   1.119332e-04   4.650250e-02   8.235928e-01   8.137149e-01   8.388386e-01   4.888548e-04   2.460457e-02
   120   1.129564e-01   9.725891e-02   4.339254e-01   1.747952e-01   1.076967e-01   1.310667e-01   6.708399e-01   6.532827e-01   9.383445e-02   8.372372e-05   4.262167e-02   8.434019e-01   8.336103e-01   8.445100e-01   3.924482e-04   2.342743e-02
   121   1.449402e-01   1.292427e-01   4.598944e-01   1.443390e-01   1.031436e-01   1.066733e-01   7.049087e-01   6.882083e-01   9.440910e-02   6.312633e-05   3.913917e-02   8.630545e-01   8.533394e-01   8.496819e-01   3.147739e-04   2.231993e-02
   122   1.769240e-01   1.612265e-01   4.865045e-01   1.186537e-01   9.855655e-02   8.148661e-02   7.374097e-01   7.214632e-01   9.493262e-02   4.790976e-05   3.601752e-02   8.825692e-01   8.729214e-01   8.543935e-01   2.522465e-04   2.127701e-02
   123   2.089078e-01   1.932103e-01   5.136816e-01   9.708148e-02   9.394836e-02   5.749830e-02   7.685325e-01   7.532498e-01   9.540910e-02   3.655974e-05   3.321910e-02   9.019642e-01   8.923750e-01   8.586819e-01   2.019570e-04   2.029397e-02
   124   2.408916e-01   2.251941e-01   5.412765e-01   7.902638e-02   8.934725e-02   3.273034e-02   7.984406e-01   7.837440e-01   9.584241e-02   2.802650e-05   3.070633e-02   9.212564e-01   9.117174e-01   8.625817e-01   1.615464e-04   1.936649e-02
   125   2.728754e-01   2.571779e-01   5.691609e-01   6.399339e-02   8.476023e-02   1.138359e-02   8.272771e-01   8.130982e-01   9.623618e-02   2.156670e-05   2.844679e-02   9.404619e-01   9.309654e-01   8.661256e-01   1.291047e-04   1.849044e-02
   126   3.048592e-01   2.891616e-01   5.971118e-01   5.152105e-02   8.021916e-02  -1.045741e-02   8.551662e-01   8.414455e-01   9.659376e-02   1.664883e-05   2.641005e-02   9.595957e-01   9.501342e-01   8.693438e-01   1.030849e-04   1.766203e-02
   127   3.368430e-01   3.211454e-01   6.249655e-01   4.122000e-02   7.572273e-02  -2.835642e-02   8.822164e-01   8.689019e-01   9.691827e-02   1.288671e-05   2.457007e-02   9.786716e-01   9.692384e-01   8.722644e-01   8.223538e-05   1.687778e-02
   128   3.688268e-01   3.531292e-01   6.526060e-01   3.276900e-02   7.131153e-02  -4.537869e-02   9.085238e-01   8.955693e-01   9.721261e-02   9.996562e-06   2.290385e-02   9.977028e-01   9.882915e-01   8.749135e-01   6.554470e-05   1.613449e-02
   129   4.008105e-01   3.851130e-01   6.798499e-01   2.587956e-02   6.700057e-02  -5.985254e-02   9.341719e-01   9.215372e-01   9.747945e-02   7.769006e-06   2.139080e-02   1.016701e+00   1.007306e+00   8.773151e-01   5.219601e-05   1.542919e-02
   130   4.327943e-01   4.170968e-01   7.065496e-01   2.029869e-02   6.280786e-02  -7.156283e-02   9.592354e-01   9.468845e-01   9.772124e-02   6.046917e-06   2.001357e-02   1.035678e+00   1.026293e+00   8.794912e-01   4.153021e-05   1.475919e-02
   131   4.647781e-01   4.490806e-01   7.325444e-01   1.580852e-02   5.875399e-02  -8.230276e-02   9.837806e-01   9.716814e-01   9.794025e-02   4.712303e-06   1.875662e-02   1.054644e+00   1.045265e+00   8.814623e-01   3.301603e-05   1.412200e-02
   132   4.967619e-01   4.810644e-01   7.574877e-01   1.221975e-02   5.484544e-02  -9.005613e-02   1.007866e+00   9.959901e-01   9.813854e-02   3.675980e-06   1.760631e-02   1.073608e+00   1.064229e+00   8.832469e-01   2.622567e-05   1.351540e-02
   133   5.287457e-01   5.130482e-01   7.813063e-01   9.364044e-03   5.108867e-02  -9.655390e-02   1.031543e+00   1.019866e+00   9.831802e-02   2.869864e-06   1.655100e-02   1.092578e+00   1.083196e+00   8.848622e-01   2.081502e-05   1.293735e-02
   134   5.607295e-01   5.450320e-01   8.040073e-01   7.120449e-03   4.750881e-02  -1.019036e-01   1.054860e+00   1.043358e+00   9.848042e-02   2.241931e-06   1.558036e-02   1.111562e+00   1.102174e+00   8.863237e-01   1.650759e-05   1.238597e-02
   135   5.927133e-01   5.770157e-01   8.253363e-01   5.372177e-03   4.411257e-02  -1.059135e-01   1.077857e+00   1.066510e+00   9.862732e-02   1.752244e-06   1.468527e-02   1.130568e+00   1.121169e+00   8.876458e-01   1.308142e-05   1.185959e-02
   136   6.246971e-01   6.089995e-01   8.451492e-01   4.014836e-03   4.089456e-02  -1.083722e-01   1.100572e+00   1.089363e+00   9.876016e-02   1.370030e-06   1.385783e-02   1.149601e+00   1.140189e+00   8.888415e-01   1.035855e-05   1.135666e-02
   137   6.566809e-01   6.409833e-01   8.636329e-01   2.976389e-03   3.786992e-02  -1.099326e-01   1.123039e+00   1.111951e+00   9.888027e-02   1.071477e-06   1.309113e-02   1.168668e+00   1.159239e+00   8.899225e-01   8.196409e-06   1.087580e-02
   138   6.886646e-01   6.729671e-01   8.803739e-01   2.187229e-03   3.503616e-02  -1.106085e-01   1.145286e+00   1.134305e+00   9.898885e-02   8.381360e-07   1.237910e-02   1.187773e+00   1.178325e+00   8.908996e-01   6.480922e-06   1.041573e-02
   139   7.206484e-01   7.049509e-01   8.957635e-01   1.593417e-03   3.239215e-02  -1.104000e-01   1.167342e+00   1.156454e+00   9.908698e-02   6.556831e-07   1.171636e-02   1.206920e+00   1.197452e+00   8.917828e-01   5.120902e-06   9.975311e-03
   140   7.526322e-01   7.369347e-01   9.094809e-01   1.151117e-03   2.993536e-02  -1.093212e-01   1.189230e+00   1.178424e+00   9.917565e-02   5.129738e-07   1.109821e-02   1.226115e+00   1.216624e+00   8.925808e-01   4.043529e-06   9.553475e-03
   141   7.846160e-01   7.689185e-01   9.218712e-01   8.247117e-04   2.765986e-02  -1.074214e-01   1.210971e+00   1.200236e+00   9.925576e-02   4.013263e-07   1.052048e-02   1.245360e+00   1.235844e+00   8.933019e-01   3.190708e-06   9.149263e-03
   142   8.165998e-01   8.009023e-01   9.327498e-01   5.861324e-04   2.555905e-02  -1.047328e-01   1.232585e+00   1.221912e+00   9.932813e-02   3.139664e-07   9.979536e-03   1.264658e+00   1.255116e+00   8.939532e-01   2.516134e-06   8.761793e-03
   143   8.485836e-01   8.328861e-01   9.423798e-01   4.136010e-04   2.362335e-02  -1.013381e-01   1.254089e+00   1.243470e+00   9.939350e-02   2.456045e-07   9.472162e-03   1.284012e+00   1.274443e+00   8.945415e-01   1.982935e-06   8.390256e-03
   144   8.805674e-01   8.648699e-01   9.508075e-01   2.896731e-04   2.184448e-02  -9.726025e-02   1.275498e+00   1.264925e+00   9.945254e-02   1.921077e-07   8.995494e-03   1.303424e+00   1.293826e+00   8.950729e-01   1.561777e-06   8.033906e-03
   145   9.125512e-01   8.968536e-01   9.580743e-01   2.016547e-04   2.021003e-02  -9.264459e-02   1.296827e+00   1.286293e+00   9.950586e-02   1.502444e-07   8.546997e-03   1.322895e+00   1.313269e+00   8.955527e-01   1.229344e-06   7.692055e-03
   146   9.445350e-01   9.288374e-01   9.643890e-01   1.395723e-04   1.870957e-02  -8.758772e-02   1.318087e+00   1.307587e+00   9.955400e-02   1.174868e-07   8.124420e-03   1.342428e+00   1.332772e+00   8.959860e-01   9.671178e-07   7.364069e-03
   147   9.765187e-01   9.608212e-01   9.698097e-01   9.610020e-05   1.733259e-02  -8.219445e-02   1.339290e+00   1.328818e+00   9.959747e-02   9.185659e-08   7.725755e-03   1.362023e+00   1.352336e+00   8.963772e-01   7.604059e-07   7.049357e-03
   148   1.008503e+00   9.928050e-01   9.744212e-01   6.589323e-05   1.606729e-02  -7.660783e-02   1.360445e+00   1.349996e+00   9.963672e-02   7.180552e-08   7.349216e-03   1.381681e+00   1.371963e+00   8.967304e-01   5.975580e-07   6.747371e-03
   149   1.040486e+00   1.024789e+00   9.783707e-01   4.501451e-05   1.490392e-02  -7.097888e-02   1.381561e+00   1.371131e+00   9.967214e-02   5.612136e-08   6.993200e-03   1.401402e+00   1.391654e+00   8.970493e-01   4.693446e-07   6.457599e-03
   150   1.072470e+00   1.056773e+00   9.817326e-01   3.065437e-05   1.383345e-02  -6.538101e-02   1.402647e+00   1.392232e+00   9.970413e-02   4.385505e-08   6.656273e-03   1.421187e+00   1.411407e+00   8.973371e-01   3.684597e-07   6.179567e-03
   151   1.104454e+00   1.088756e+00   9.845571e-01   2.082699e-05   1.284653e-02  -5.989499e-02   1.423708e+00   1.413305e+00   9.973300e-02   3.426352e-08   6.337147e-03   1.441034e+00   1.431224e+00   8.975970e-01   2.891241e-07   5.912825e-03
   152   1.136438e+00   1.120740e+00   9.869601e-01   1.412312e-05   1.193564e-02  -5.469893e-02   1.444750e+00   1.434356e+00   9.975905e-02   2.676493e-08   6.034660e-03   1.460945e+00   1.451104e+00   8.978315e-01   2.267699e-07   5.656958e-03
   153   1.168421e+00   1.152724e+00   9.889999e-01   9.563004e-06   1.109419e-02  -4.971306e-02   1.465779e+00   1.455392e+00   9.978257e-02   2.090377e-08   5.747765e-03   1.480916e+00   1.471045e+00   8.980432e-01   1.777887e-07   5.411571e-03
   154   1.200405e+00   1.184708e+00   9.906990e-01   6.468997e-06   1.031555e-02  -4.507139e-02   1.486799e+00   1.476416e+00   9.980380e-02   1.632342e-08   5.475512e-03   1.500949e+00   1.491048e+00   8.982342e-01   1.393328e-07   5.176298e-03
   155   1.232389e+00   1.216692e+00   9.921433e-01   4.373238e-06   9.594304e-03  -4.075525e-02   1.507813e+00   1.497433e+00   9.982296e-02   1.274477e-08   5.217043e-03   1.521040e+00   1.511111e+00   8.984066e-01   1.091558e-07   4.950793e-03
   156   1.264373e+00   1.248675e+00   9.933654e-01   2.955395e-06   8.925817e-03  -3.676577e-02   1.528824e+00   1.518445e+00   9.984025e-02   9.949336e-09   4.971579e-03   1.541188e+00   1.531231e+00   8.985622e-01   8.548688e-08   4.734732e-03
   157   1.296357e+00   1.280659e+00   9.943841e-01   1.997073e-06   8.305488e-03  -3.311948e-02   1.549834e+00   1.539456e+00   9.985585e-02   7.766185e-09   4.738413e-03   1.561390e+00   1.551406e+00   8.987027e-01   6.693126e-08   4.527814e-03
   158   1.328340e+00   1.312643e+00   9.952485e-01   1.349650e-06   7.729495e-03  -2.979491e-02   1.570844e+00   1.560466e+00   9.986993e-02   6.061569e-09   4.516903e-03   1.581644e+00   1.571635e+00   8.988294e-01   5.239084e-08   4.329756e-03
   159   1.360324e+00   1.344627e+00   9.959798e-01   9.124159e-07   7.194448e-03  -2.677241e-02   1.591856e+00   1.581477e+00   9.988264e-02   4.730875e-09   4.306466e-03   1.601945e+00   1.591913e+00   8.989438e-01   4.100164e-08   4.140296e-03
   160   1.392308e+00   1.376610e+00   9.965907e-01   6.170895e-07   6.697132e-03  -2.403778e-02   1.612867e+00   1.602489e+00   9.989411e-02   3.692290e-09   4.106574e-03   1.622290e+00   1.612237e+00   8.990470e-01   3.208436e-08   3.959193e-03
   161   1.424292e+00   1.408594e+00   9.971115e-01   4.175855e-07   6.234777e-03  -2.156541e-02   1.633878e+00   1.623500e+00   9.990446e-02   2.881847e-09   3.916750e-03   1.642674e+00   1.632602e+00   8.991401e-01   2.510515e-08   3.786227e-03
   162   1.456276e+00   1.440578e+00   9.975484e-01   2.827732e-07   5.804861e-03  -1.933502e-02   1.654885e+00   1.644508e+00   9.991379e-02   2.249546e-09   3.736566e-03   1.663090e+00   1.653002e+00   8.992241e-01   1.964472e-08   3.621200e-03
   163   1.488259e+00   1.472562e+00   9.979183e-01   1.916142e-07   5.405049e-03  -1.732064e-02   1.675885e+00   1.665512e+00   9.992222e-02   1.756311e-09   3.565636e-03   1.683532e+00   1.673431e+00   8.993000e-01   1.537395e-08   3.463936e-03
   164   1.520243e+00   1.504546e+00   9.982330e-01   1.299519e-07   5.033324e-03  -1.550457e-02   1.696873e+00   1.686506e+00   9.992982e-02   1.371612e-09   3.403620e-03   1.703991e+00   1.693882e+00   8.993684e-01   1.203461e-08   3.314282e-03
   165   1.552227e+00   1.536529e+00   9.984964e-01   8.820475e-08   4.687760e-03  -1.385243e-02   1.717843e+00   1.707484e+00   9.993668e-02   1.071602e-09   3.250220e-03   1.724457e+00   1.714345e+00   8.994301e-01   9.424224e-09   3.172111e-03
   166   1.584211e+00   1.568513e+00   9.987219e-01   5.992170e-08   4.366680e-03  -1.236446e-02   1.738786e+00   1.728441e+00   9.994287e-02   8.376587e-10   3.105179e-03   1.744920e+00   1.734809e+00   8.994858e-01   7.384088e-09   3.037324e-03
   167   1.616195e+00   1.600497e+00   9.989118e-01   4.074727e-08   4.068595e-03  -1.097729e-02   1.759693e+00   1.749365e+00   9.994845e-02   6.552433e-10   2.968283e-03   1.765364e+00   1.755262e+00   8.995361e-01   5.789876e-09   2.909849e-03
   168   1.648178e+00   1.632481e+00   9.990736e-01   2.773399e-08   3.792040e-03  -9.733870e-03   1.780551e+00   1.770247e+00   9.995349e-02   5.130076e-10   2.839356e-03   1.785774e+00   1.775689e+00   8.995814e-01   4.544241e-09   2.789646e-03
   169   1.680162e+00   1.664465e+00   9.992112e-01   1.889844e-08   3.536041e-03  -8.500222e-03   1.801344e+00   1.791072e+00   9.995804e-02   4.020965e-10   2.718267e-03   1.806131e+00   1.796072e+00   8.996223e-01   3.570988e-09   2.676708e-03
   170   1.712146e+00   1.696448e+00   9.993278e-01   1.289134e-08   3.299318e-03  -7.387269e-03   1.822055e+00   1.811823e+00   9.996214e-02   3.156018e-10   2.604926e-03   1.826413e+00   1.816390e+00   8.996593e-01   2.810510e-09   2.571059e-03
   171   1.744130e+00   1.728432e+00   9.994280e-01   8.805056e-09   3.081224e-03  -6.191254e-03   1.842662e+00   1.832481e+00   9.996584e-02   2.481353e-10   2.499285e-03   1.846593e+00   1.836620e+00   8.996926e-01   2.216194e-09   2.472763e-03
   172   1.776113e+00   1.760416e+00   9.995124e-01   6.022246e-09   2.880982e-03  -5.068303e-03   1.863140e+00   1.853022e+00   9.996918e-02   1.954956e-10   2.401340e-03   1.866641e+00   1.856733e+00   8.997226e-01   1.751601e-09   2.381918e-03
   173   1.808097e+00   1.792400e+00   9.995853e-01   4.125374e-09   2.698070e-03  -3.777041e-03   1.883458e+00   1.873418e+00   9.997219e-02   1.544074e-10   2.311128e-03   1.886525e+00   1.876697e+00   8.997498e-01   1.388259e-09   2.298658e-03
   174   1.840081e+00   1.824384e+00   9.996472e-01   2.831350e-09   2.532571e-03  -2.393061e-03   1.903583e+00   1.893637e+00   9.997491e-02   1.223177e-10   2.228725e-03   1.906204e+00   1.896476e+00   8.997742e-01   1.103929e-09   2.223151e-03
   175   1.872065e+00   1.856367e+00   9.997005e-01   1.947177e-09   2.383805e-03  -8.367951e-04   1.923476e+00   1.913644e+00   9.997737e-02   9.723722e-11   2.154251e-03   1.925637e+00   1.916029e+00   8.997963e-01   8.812463e-10   2.155599e-03
   176   1.904049e+00   1.888351e+00   9.997465e-01   1.342903e-09   2.253487e-03   1.243779e-03   1.943094e+00   1.933396e+00   9.997958e-02   7.761476e-11   2.087891e-03   1.944774e+00   1.935311e+00   8.998162e-01   7.066550e-10   2.096231e-03
   177   1.936032e+00   1.920335e+00   9.997859e-01   9.289387e-10   2.141163e-03   3.598234e-03   1.962393e+00   1.952851e+00   9.998158e-02   6.223357e-11   2.030160e-03   1.963567e+00   1.954272e+00   8.998342e-01   5.695568e-10   2.045375e-03
   178   1.968016e+00   1.952319e+00   9.998202e-01   6.449671e-10   2.048729e-03   6.658143e-03   1.981345e+00   1.971973e+00   9.998338e-02   5.010242e-11   1.983507e-03   1.981972e+00   1.972867e+00   8.998504e-01   4.614865e-10   2.004272e-03
   179   2.000000e+00   1.984302e+00   9.998500e-01   4.484261e-10   1.986923e-03   8.304498e-03   2.000000e+00   1.990773e+00   9.998500e-02   4.033157e-11   1.957423e-03   2.000000e+00   1.991079e+00   8.998650e-01   3.747979e-10   1.980210e-03
