     i          log_r       log_rmid          m_tot        rho_tot         v2_tot            eta     lgr[heavy]    lgrm[heavy]       m[heavy]     rho[heavy]      v2[heavy]     lgr[light]    lgrm[light]       m[light]     rho[light]      v2[light]
     0  -3.933469e+00  -4.234499e+00   1.014955e-07   1.916303e+05   2.333548e-01            nan  -3.933469e+00  -4.234499e+00   9.998500e-08   1.894364e+05   2.307455e-01  -2.928068e+00  -3.229098e+00   8.998650e-07   1.642494e+03   4.551646e-01
     1  -3.900321e+00  -3.916579e+00   1.275250e-07   1.910532e+05   2.331210e-01            nan  -3.911084e+00  -3.922132e+00   1.166721e-07   1.890613e+05   2.307444e-01  -2.903783e+00  -2.915756e+00   1.050049e-06   1.500802e+03   4.540818e-01
     2  -3.867173e+00  -3.883431e+00   1.602332e-07   1.909708e+05   2.330981e-01            nan  -3.888701e+00  -3.899748e+00   1.361439e-07   1.890207e+05   2.307443e-01  -2.879562e+00  -2.891503e+00   1.225295e-06   1.485077e+03   4.539535e-01
     3  -3.834025e+00  -3.850283e+00   2.013317e-07   1.908783e+05   2.330754e-01            nan  -3.866318e+00  -3.877365e+00   1.588651e-07   1.889756e+05   2.307442e-01  -2.855371e+00  -2.867298e+00   1.429786e-06   1.467957e+03   4.538105e-01
     4  -3.800878e+00  -3.817135e+00   2.529701e-07   1.907736e+05   2.330531e-01            nan  -3.843936e+00  -3.854983e+00   1.853780e-07   1.889257e+05   2.307440e-01  -2.831181e+00  -2.843108e+00   1.668402e-06   1.449342e+03   4.536509e-01
     5  -3.767730e+00  -3.783987e+00   3.178461e-07   1.906555e+05   2.330312e-01            nan  -3.821554e+00  -3.832601e+00   2.163150e-07   1.888704e+05   2.307438e-01  -2.806963e+00  -2.818903e+00   1.946835e-06   1.429133e+03   4.534728e-01
     6  -3.734582e+00  -3.750840e+00   3.993482e-07   1.905206e+05   2.330095e-01            nan  -3.799171e+00  -3.810218e+00   2.524142e-07   1.888092e+05   2.307437e-01  -2.782690e+00  -2.794657e+00   2.271728e-06   1.407231e+03   4.532737e-01
     7  -3.701434e+00  -3.717692e+00   5.017245e-07   1.903678e+05   2.329883e-01            nan  -3.776787e+00  -3.787835e+00   2.945370e-07   1.887414e+05   2.307434e-01  -2.758335e+00  -2.770342e+00   2.650833e-06   1.383540e+03   4.530510e-01
     8  -3.668286e+00  -3.684544e+00   6.303108e-07   1.901919e+05   2.329674e-01            nan  -3.754401e+00  -3.765450e+00   3.436881e-07   1.886662e+05   2.307432e-01  -2.733875e+00  -2.745933e+00   3.093193e-06   1.357971e+03   4.528017e-01
     9  -3.635138e+00  -3.651396e+00   7.917909e-07   1.899922e+05   2.329469e-01            nan  -3.732013e+00  -3.743063e+00   4.010398e-07   1.885830e+05   2.307430e-01  -2.709283e+00  -2.721405e+00   3.609358e-06   1.330440e+03   4.525224e-01
    10  -3.601990e+00  -3.618248e+00   9.945545e-07   1.897609e+05   2.329269e-01            nan  -3.709622e+00  -3.720673e+00   4.679601e-07   1.884908e+05   2.307427e-01  -2.684535e+00  -2.696732e+00   4.211641e-06   1.300879e+03   4.522090e-01
    11  -3.568842e+00  -3.585100e+00   1.249103e-06   1.894980e+05   2.329072e-01            nan  -3.687228e+00  -3.698281e+00   5.460446e-07   1.883887e+05   2.307424e-01  -2.659604e+00  -2.671891e+00   4.914402e-06   1.269232e+03   4.518572e-01
    12  -3.535695e+00  -3.551952e+00   1.568602e-06   1.891916e+05   2.328882e-01            nan  -3.664830e+00  -3.675885e+00   6.371554e-07   1.882756e+05   2.307420e-01  -2.634467e+00  -2.646854e+00   5.734398e-06   1.235461e+03   4.514616e-01
    13  -3.502547e+00  -3.518805e+00   1.969521e-06   1.888437e+05   2.328696e-01            nan  -3.642427e+00  -3.653484e+00   7.434644e-07   1.881503e+05   2.307417e-01  -2.609094e+00  -2.621595e+00   6.691180e-06   1.199553e+03   4.510162e-01
    14  -3.469399e+00  -3.485657e+00   2.472465e-06   1.884363e+05   2.328516e-01            nan  -3.620019e+00  -3.631079e+00   8.675058e-07   1.880116e+05   2.307412e-01  -2.583460e+00  -2.596088e+00   7.807552e-06   1.161531e+03   4.505147e-01
    15  -3.436251e+00  -3.452509e+00   3.103201e-06   1.879734e+05   2.328343e-01            nan  -3.597605e+00  -3.608668e+00   1.012236e-06   1.878580e+05   2.307408e-01  -2.557535e+00  -2.570304e+00   9.110122e-06   1.121445e+03   4.499497e-01
    16  -3.403103e+00  -3.419361e+00   3.893856e-06   1.874318e+05   2.328177e-01            nan  -3.575185e+00  -3.586250e+00   1.181103e-06   1.876878e+05   2.307403e-01  -2.531290e+00  -2.544214e+00   1.062993e-05   1.079379e+03   4.493123e-01
    17  -3.369955e+00  -3.386213e+00   4.884616e-06   1.868145e+05   2.328018e-01            nan  -3.552757e+00  -3.563826e+00   1.378130e-06   1.874995e+05   2.307397e-01  -2.504696e+00  -2.517789e+00   1.240317e-05   1.035456e+03   4.485928e-01
    18  -3.336807e+00  -3.353065e+00   6.125312e-06   1.860947e+05   2.327868e-01            nan  -3.530321e+00  -3.541394e+00   1.608010e-06   1.872909e+05   2.307390e-01  -2.477721e+00  -2.490999e+00   1.447209e-05   9.898405e+02   4.477800e-01
    19  -3.303660e+00  -3.319917e+00   7.678371e-06   1.852718e+05   2.327728e-01            nan  -3.507875e+00  -3.518953e+00   1.876216e-06   1.870601e+05   2.307383e-01  -2.450334e+00  -2.463812e+00   1.688595e-05   9.427369e+02   4.468607e-01
    20  -3.270512e+00  -3.286769e+00   9.620500e-06   1.843170e+05   2.327598e-01            nan  -3.485419e+00  -3.496502e+00   2.189133e-06   1.868045e+05   2.307375e-01  -2.422504e+00  -2.436196e+00   1.970220e-05   8.943916e+02   4.458203e-01
    21  -3.237364e+00  -3.253622e+00   1.204820e-05   1.832221e+05   2.327480e-01            nan  -3.462952e+00  -3.474040e+00   2.554206e-06   1.865217e+05   2.307367e-01  -2.394199e+00  -2.408121e+00   2.298786e-05   8.450896e+02   4.446408e-01
    22  -3.204216e+00  -3.220474e+00   1.507833e-05   1.819603e+05   2.327377e-01            nan  -3.440471e+00  -3.451566e+00   2.980121e-06   1.862087e+05   2.307357e-01  -2.365389e+00  -2.379555e+00   2.682109e-05   7.952024e+02   4.433091e-01
    23  -3.171068e+00  -3.187326e+00   1.885856e-05   1.805093e+05   2.327288e-01            nan  -3.417976e+00  -3.429078e+00   3.477003e-06   1.858623e+05   2.307346e-01  -2.336048e+00  -2.350471e+00   3.129303e-05   7.450903e+02   4.418058e-01
    24  -3.137920e+00  -3.154178e+00   2.356598e-05   1.788518e+05   2.327217e-01            nan  -3.395466e+00  -3.406575e+00   4.056664e-06   1.854792e+05   2.307334e-01  -2.306148e+00  -2.320841e+00   3.650997e-05   6.951252e+02   4.401090e-01
    25  -3.104772e+00  -3.121030e+00   2.942240e-05   1.769406e+05   2.327166e-01            nan  -3.372937e+00  -3.384055e+00   4.732872e-06   1.850554e+05   2.307321e-01  -2.275669e+00  -2.290641e+00   4.259585e-05   6.456843e+02   4.381932e-01
    26  -3.071624e+00  -3.087882e+00   3.669375e-05   1.747828e+05   2.327137e-01            nan  -3.350389e+00  -3.361517e+00   5.521683e-06   1.845868e+05   2.307306e-01  -2.244590e+00  -2.259851e+00   4.969515e-05   5.971631e+02   4.360337e-01
    27  -3.038477e+00  -3.054734e+00   4.570550e-05   1.722876e+05   2.327136e-01            nan  -3.327820e+00  -3.338958e+00   6.441814e-06   1.840687e+05   2.307290e-01  -2.212902e+00  -2.228457e+00   5.797633e-05   5.499850e+02   4.336192e-01
    28  -3.005329e+00  -3.021586e+00   5.685343e-05   1.694906e+05   2.327163e-01            nan  -3.305226e+00  -3.316376e+00   7.515084e-06   1.834961e+05   2.307272e-01  -2.180599e+00  -2.196450e+00   6.763576e-05   5.044758e+02   4.309212e-01
    29  -2.972181e+00  -2.988439e+00   7.059772e-05   1.662957e+05   2.327227e-01            nan  -3.282605e+00  -3.293768e+00   8.766923e-06   1.828634e+05   2.307252e-01  -2.147681e+00  -2.163828e+00   7.890231e-05   4.609176e+02   4.279054e-01
    30  -2.939033e+00  -2.955291e+00   8.751692e-05   1.627128e+05   2.327331e-01            nan  -3.259954e+00  -3.271132e+00   1.022697e-05   1.821644e+05   2.307229e-01  -2.114158e+00  -2.130596e+00   9.204273e-05   4.196133e+02   4.245731e-01
    31  -2.905885e+00  -2.922143e+00   1.082463e-04   1.587076e+05   2.327480e-01   4.887183e-01  -3.237270e+00  -3.248464e+00   1.192976e-05   1.813927e+05   2.307204e-01  -2.080051e+00  -2.096770e+00   1.073678e-04   3.807562e+02   4.209082e-01
    32  -2.872737e+00  -2.888995e+00   1.335796e-04   1.541972e+05   2.327597e-01   4.885167e-01  -3.214549e+00  -3.225761e+00   1.391553e-05   1.805408e+05   2.307177e-01  -2.045383e+00  -2.062371e+00   1.252398e-04   3.444578e+02   4.168737e-01
    33  -2.839589e+00  -2.855847e+00   1.644255e-04   1.492453e+05   2.327705e-01   4.882634e-01  -3.191788e+00  -3.203020e+00   1.623115e-05   1.796009e+05   2.307146e-01  -2.010189e+00  -2.027429e+00   1.460803e-04   3.108291e+02   4.125060e-01
    34  -2.806441e+00  -2.822699e+00   2.017287e-04   1.437549e+05   2.327834e-01   4.879743e-01  -3.168981e+00  -3.180235e+00   1.893121e-05   1.785645e+05   2.307111e-01  -1.974512e+00  -1.991984e+00   1.703808e-04   2.798728e+02   4.077909e-01
    35  -2.773294e+00  -2.789551e+00   2.467185e-04   1.377560e+05   2.327977e-01   4.876367e-01  -3.146124e+00  -3.157402e+00   2.207926e-05   1.774221e+05   2.307073e-01  -1.938397e+00  -1.956079e+00   1.987134e-04   2.515463e+02   4.027170e-01
    36  -2.740146e+00  -2.756403e+00   3.006806e-04   1.313086e+05   2.328131e-01   4.872439e-01  -3.123210e+00  -3.134516e+00   2.574932e-05   1.761638e+05   2.307030e-01  -1.901895e+00  -1.919763e+00   2.317439e-04   2.257776e+02   3.973560e-01
    37  -2.706998e+00  -2.723256e+00   3.647859e-04   1.243530e+05   2.328311e-01   4.867972e-01  -3.100235e+00  -3.111571e+00   3.002750e-05   1.747787e+05   2.306982e-01  -1.865062e+00  -1.883088e+00   2.702475e-04   2.024425e+02   3.916631e-01
    38  -2.673850e+00  -2.690108e+00   4.406660e-04   1.169522e+05   2.328503e-01   4.862740e-01  -3.077190e+00  -3.088559e+00   3.501400e-05   1.732551e+05   2.306929e-01  -1.827949e+00  -1.846109e+00   3.151260e-04   1.813942e+02   3.857492e-01
    39  -2.640702e+00  -2.656960e+00   5.298548e-04   1.092254e+05   2.328708e-01   4.856726e-01  -3.054068e+00  -3.065475e+00   4.082538e-05   1.715806e+05   2.306869e-01  -1.790610e+00  -1.808878e+00   3.674284e-04   1.624746e+02   3.795888e-01
    40  -2.607554e+00  -2.623812e+00   6.338902e-04   1.012460e+05   2.328930e-01   4.849876e-01  -3.030861e+00  -3.042310e+00   4.759714e-05   1.697418e+05   2.306802e-01  -1.753096e+00  -1.771448e+00   4.283742e-04   1.455067e+02   3.732617e-01
    41  -2.574406e+00  -2.590664e+00   7.537730e-04   9.306217e+04   2.329156e-01   4.841925e-01  -3.007558e+00  -3.019053e+00   5.548679e-05   1.677249e+05   2.306727e-01  -1.715454e+00  -1.733868e+00   4.993811e-04   1.303210e+02   3.667858e-01
    42  -2.541258e+00  -2.557516e+00   8.911105e-04   8.476773e+04   2.329389e-01   4.832870e-01  -2.984150e+00  -2.995696e+00   6.467734e-05   1.655148e+05   2.306643e-01  -1.677726e+00  -1.696181e+00   5.820960e-04   1.167467e+02   3.602068e-01
    43  -2.508111e+00  -2.524368e+00   1.047113e-03   7.654137e+04   2.329621e-01   4.822640e-01  -2.960623e+00  -2.972227e+00   7.538125e-05   1.630963e+05   2.306549e-01  -1.639948e+00  -1.658427e+00   6.784313e-04   1.046195e+02   3.535741e-01
    44  -2.474963e+00  -2.491220e+00   1.222701e-03   6.849772e+04   2.329841e-01   4.811117e-01  -2.936964e+00  -2.948632e+00   8.784517e-05   1.604534e+05   2.306443e-01  -1.602154e+00  -1.620640e+00   7.906065e-04   9.379285e+01   3.468995e-01
    45  -2.441815e+00  -2.458073e+00   1.418527e-03   6.074742e+04   2.330008e-01   4.797813e-01  -2.913159e+00  -2.924898e+00   1.023551e-04   1.575696e+05   2.306324e-01  -1.564366e+00  -1.582849e+00   9.211963e-04   8.411900e+01   3.402532e-01
    46  -2.408667e+00  -2.424925e+00   1.634968e-03   5.339291e+04   2.330120e-01   4.782880e-01  -2.889190e+00  -2.901009e+00   1.192428e-04   1.544284e+05   2.306190e-01  -1.526610e+00  -1.545078e+00   1.073185e-03   7.548056e+01   3.336147e-01
    47  -2.375519e+00  -2.391777e+00   1.872167e-03   4.652078e+04   2.330152e-01   4.766224e-01  -2.865038e+00  -2.876946e+00   1.388921e-04   1.510135e+05   2.306038e-01  -1.488896e+00  -1.507344e+00   1.250029e-03   6.775090e+01   3.270689e-01
    48  -2.342371e+00  -2.358629e+00   2.130111e-03   4.019755e+04   2.330070e-01   4.747778e-01  -2.840681e+00  -2.852689e+00   1.617478e-04   1.473090e+05   2.305866e-01  -1.451242e+00  -1.469662e+00   1.455730e-03   6.084068e+01   3.205641e-01
    49  -2.309223e+00  -2.325481e+00   2.408771e-03   3.446642e+04   2.329839e-01   4.727394e-01  -2.816096e+00  -2.828215e+00   1.883238e-04   1.432998e+05   2.305672e-01  -1.413651e+00  -1.432040e+00   1.694914e-03   5.464400e+01   3.141991e-01
    50  -2.276075e+00  -2.292333e+00   2.706340e-03   2.934603e+04   2.329426e-01   4.704850e-01  -2.791255e+00  -2.803498e+00   2.192140e-04   1.389724e+05   2.305450e-01  -1.376131e+00  -1.394486e+00   1.972926e-03   4.909570e+01   3.078904e-01
    51  -2.242928e+00  -2.259185e+00   3.020273e-03   2.478474e+04   2.328671e-01   4.680565e-01  -2.766127e+00  -2.778509e+00   2.551039e-04   1.343155e+05   2.305198e-01  -1.338678e+00  -1.357001e+00   2.295935e-03   4.410788e+01   3.017540e-01
    52  -2.209780e+00  -2.226038e+00   3.353058e-03   2.081572e+04   2.327558e-01   4.654272e-01  -2.740677e+00  -2.753216e+00   2.967831e-04   1.293206e+05   2.304909e-01  -1.301296e+00  -1.319585e+00   2.671048e-03   3.963138e+01   2.957019e-01
    53  -2.176632e+00  -2.192890e+00   3.705559e-03   1.740381e+04   2.326076e-01   4.625853e-01  -2.714866e+00  -2.727580e+00   3.451610e-04   1.239830e+05   2.304577e-01  -1.263978e+00  -1.282236e+00   3.106449e-03   3.560104e+01   2.898114e-01
    54  -2.143484e+00  -2.159742e+00   4.072685e-03   1.449732e+04   2.324265e-01   4.594818e-01  -2.688648e+00  -2.701559e+00   4.012824e-04   1.183029e+05   2.304194e-01  -1.226722e+00  -1.244951e+00   3.611542e-03   3.197526e+01   2.840271e-01
    55  -2.110336e+00  -2.126594e+00   4.452556e-03   1.201355e+04   2.321516e-01   4.563894e-01  -2.661973e+00  -2.675106e+00   4.663463e-04   1.122865e+05   2.303752e-01  -1.189522e+00  -1.207724e+00   4.197117e-03   2.870757e+01   2.783788e-01
    56  -2.077188e+00  -2.093446e+00   4.853939e-03   9.938350e+03   2.318271e-01   4.530923e-01  -2.634781e+00  -2.648164e+00   5.417261e-04   1.059470e+05   2.303237e-01  -1.152372e+00  -1.170550e+00   4.875535e-03   2.576148e+01   2.728536e-01
    57  -2.044040e+00  -2.060298e+00   5.264484e-03   8.206450e+03   2.314491e-01   4.495789e-01  -2.607005e+00  -2.620671e+00   6.289911e-04   9.930613e+04   2.302635e-01  -1.115267e+00  -1.133423e+00   5.660920e-03   2.310490e+01   2.674317e-01
    58  -2.010893e+00  -2.027150e+00   5.692428e-03   6.764265e+03   2.309344e-01   4.462182e-01  -2.578569e+00  -2.592555e+00   7.299314e-04   9.239523e+04   2.301928e-01  -1.078197e+00  -1.096337e+00   6.569382e-03   2.070533e+01   2.621475e-01
    59  -1.977745e+00  -1.994002e+00   6.138432e-03   5.575049e+03   2.303982e-01   4.425307e-01  -2.549385e+00  -2.563732e+00   8.465830e-04   8.525646e+04   2.301092e-01  -1.041158e+00  -1.059283e+00   7.619247e-03   1.854010e+01   2.569505e-01
    60  -1.944597e+00  -1.960855e+00   6.594632e-03   4.593143e+03   2.296796e-01   4.390962e-01  -2.519352e+00  -2.534109e+00   9.812558e-04   7.794361e+04   2.300095e-01  -1.004142e+00  -1.022256e+00   8.831303e-03   1.658341e+01   2.518762e-01
    61  -1.911449e+00  -1.927707e+00   7.075903e-03   3.786677e+03   2.289303e-01   4.354865e-01  -2.488351e+00  -2.503575e+00   1.136562e-03   7.052267e+04   2.298900e-01  -9.671404e-01  -9.852471e-01   1.022906e-02   1.481634e+01   2.468960e-01
    62  -1.878301e+00  -1.894559e+00   7.565121e-03   3.124799e+03   2.280126e-01   4.321233e-01  -2.456249e+00  -2.472004e+00   1.315444e-03   6.307173e+04   2.297453e-01  -9.301507e-01  -9.482519e-01   1.183900e-02   1.322119e+01   2.419900e-01
    63  -1.845153e+00  -1.861411e+00   8.083755e-03   2.581653e+03   2.270463e-01   4.286998e-01  -2.422891e+00  -2.439250e+00   1.521208e-03   5.568012e+04   2.295688e-01  -8.931645e-01  -9.112640e-01   1.369088e-02   1.178007e+01   2.371871e-01
    64  -1.812005e+00  -1.828263e+00   8.613256e-03   2.136888e+03   2.259131e-01   4.256362e-01  -2.388098e+00  -2.405146e+00   1.757548e-03   4.844654e+04   2.293512e-01  -8.561778e-01  -8.742775e-01   1.581793e-02   1.047974e+01   2.324525e-01
    65  -1.778857e+00  -1.795115e+00   9.174169e-03   1.771287e+03   2.247488e-01   4.225006e-01  -2.351665e+00  -2.369499e+00   2.028572e-03   4.147603e+04   2.290805e-01  -8.191872e-01  -8.372888e-01   1.825715e-02   9.307035e+00   2.277811e-01
    66  -1.745710e+00  -1.761967e+00   9.752944e-03   1.472069e+03   2.234019e-01   4.198739e-01  -2.313360e+00  -2.332090e+00   2.338830e-03   3.487539e+04   2.287401e-01  -7.821883e-01  -8.002939e-01   2.104947e-02   8.249764e+00   2.231829e-01
    67  -1.712562e+00  -1.728819e+00   1.036406e-02   1.224997e+03   2.220734e-01   4.170960e-01  -2.272920e+00  -2.292670e+00   2.693323e-03   2.874748e+04   2.283075e-01  -7.451797e-01  -7.632899e-01   2.423991e-02   7.297965e+00   2.186324e-01
    68  -1.679414e+00  -1.695672e+00   1.100231e-02   1.022711e+03   2.205391e-01   4.149770e-01  -2.230059e+00  -2.250961e+00   3.097518e-03   2.318424e+04   2.277520e-01  -7.081613e-01  -7.262762e-01   2.787766e-02   6.442135e+00   2.141208e-01
    69  -1.646266e+00  -1.662524e+00   1.167446e-02   8.546455e+02   2.190845e-01   4.125782e-01  -2.184467e+00  -2.206665e+00   3.557342e-03   1.825923e+04   2.270320e-01  -6.711326e-01  -6.892525e-01   3.201608e-02   5.673322e+00   2.096582e-01
    70  -1.613118e+00  -1.629376e+00   1.238373e-02   7.168183e+02   2.174124e-01   4.109528e-01  -2.135831e+00  -2.159468e+00   4.079169e-03   1.402022e+04   2.260915e-01  -6.340959e-01  -6.522195e-01   3.671252e-02   4.984015e+00   2.052242e-01
    71  -1.579970e+00  -1.596228e+00   1.313055e-02   6.018350e+02   2.158280e-01   4.091590e-01  -2.083857e+00  -2.109067e+00   4.669785e-03   1.048355e+04   2.248569e-01  -5.970560e-01  -6.151812e-01   4.202806e-02   4.367229e+00   2.008013e-01
    72  -1.546822e+00  -1.563080e+00   1.392434e-02   5.067607e+02   2.141288e-01   4.078832e-01  -2.028315e+00  -2.055199e+00   5.336336e-03   7.631186e+03   2.232349e-01  -5.600181e-01  -5.781423e-01   4.802703e-02   3.816295e+00   1.963983e-01
    73  -1.513674e+00  -1.529932e+00   1.476204e-02   4.273465e+02   2.124758e-01   4.066271e-01  -1.969089e+00  -1.997693e+00   6.086254e-03   5.412136e+03   2.211150e-01  -5.229900e-01  -5.411095e-01   5.477629e-02   3.325351e+00   1.920026e-01
    74  -1.480527e+00  -1.496784e+00   1.565655e-02   3.611566e+02   2.107957e-01   4.056878e-01  -1.906244e+00  -1.936531e+00   6.927149e-03   3.748443e+03   2.183787e-01  -4.859821e-01  -5.040920e-01   6.234434e-02   2.889020e+00   1.875993e-01
    75  -1.447379e+00  -1.463636e+00   1.660401e-02   3.057528e+02   2.091386e-01   4.048508e-01  -1.840077e+00  -1.871902e+00   7.866679e-03   2.545422e+03   2.149209e-01  -4.490078e-01  -4.671016e-01   7.080011e-02   2.502315e+00   1.831766e-01
    76  -1.414231e+00  -1.430489e+00   1.761856e-02   2.592735e+02   2.075146e-01   4.042299e-01  -1.771134e+00  -1.804239e+00   8.912390e-03   1.703820e+03   2.106791e-01  -4.120814e-01  -4.301522e-01   8.021151e-02   2.160522e+00   1.787401e-01
    77  -1.381083e+00  -1.397341e+00   1.869802e-02   2.202399e+02   2.059096e-01   4.036794e-01  -1.700170e+00  -1.734204e+00   1.007152e-02   1.131096e+03   2.056644e-01  -3.752208e-01  -3.932601e-01   9.064369e-02   1.859419e+00   1.742765e-01
    78  -1.347935e+00  -1.364193e+00   1.985592e-02   1.873359e+02   2.043689e-01   4.032983e-01  -1.628056e+00  -1.662618e+00   1.135078e-02   7.491746e+02   1.999758e-01  -3.384469e-01  -3.564447e-01   1.021570e-01   1.595075e+00   1.697744e-01
    79  -1.314787e+00  -1.331045e+00   2.109314e-02   1.595832e+02   2.028646e-01   4.030115e-01  -1.555652e+00  -1.590347e+00   1.275612e-02   4.975630e+02   1.937883e-01  -3.017836e-01  -3.197285e-01   1.148050e-01   1.363832e+00   1.652255e-01
    80  -1.281639e+00  -1.297897e+00   2.242265e-02   1.361129e+02   2.014287e-01   4.027840e-01  -1.483707e+00  -1.518191e+00   1.429243e-02   3.325339e+02   1.873169e-01  -2.652565e-01  -2.831362e-01   1.286319e-01   1.162252e+00   1.606353e-01
    81  -1.248491e+00  -1.264749e+00   2.384730e-02   1.162285e+02   2.000496e-01   4.026433e-01  -1.412794e+00  -1.446805e+00   1.596333e-02   2.240952e+02   1.807734e-01  -2.288943e-01  -2.466949e-01   1.436700e-01   9.872164e-01   1.559958e-01
    82  -1.215344e+00  -1.231601e+00   2.538164e-02   9.936964e+01   1.987319e-01   4.024970e-01  -1.343310e+00  -1.376664e+00   1.777087e-02   1.523980e+02   1.743345e-01  -1.927283e-01  -2.104349e-01   1.599378e-01   8.358315e-01   1.513014e-01
    83  -1.182196e+00  -1.198453e+00   2.702902e-02   8.503157e+01   1.974814e-01   4.023824e-01  -1.275488e+00  -1.308076e+00   1.971527e-02   1.045753e+02   1.681279e-01  -1.567921e-01  -1.743886e-01   1.774374e-01   7.054166e-01   1.465538e-01
    84  -1.149048e+00  -1.165306e+00   2.880760e-02   7.284442e+01   1.962845e-01   4.022492e-01  -1.209438e+00  -1.241209e+00   2.179475e-02   7.236039e+01   1.622315e-01  -1.211198e-01  -1.385898e-01   1.961527e-01   5.934997e-01   1.417612e-01
    85  -1.115900e+00  -1.132158e+00   3.071949e-02   6.245145e+01   1.951474e-01   4.020530e-01  -1.145187e+00  -1.176125e+00   2.400535e-02   5.044145e+01   1.566829e-01  -8.574754e-02  -1.030736e-01   2.160481e-01   4.978460e-01   1.369240e-01
    86  -1.082752e+00  -1.099010e+00   3.278908e-02   5.358956e+01   1.940596e-01   4.018695e-01  -1.082699e+00  -1.112820e+00   2.634082e-02   3.538580e+01   1.514909e-01  -5.071235e-02  -6.787675e-02   2.370673e-01   4.164156e-01   1.320470e-01
    87  -1.049604e+00  -1.065862e+00   3.501446e-02   4.601948e+01   1.930105e-01   4.015725e-01  -1.021908e+00  -1.051241e+00   2.879262e-02   2.495460e+01   1.466464e-01  -1.604982e-02  -3.303536e-02   2.591336e-01   3.473428e-01   1.271490e-01
    88  -1.016456e+00  -1.032714e+00   3.742724e-02   3.954393e+01   1.920039e-01   4.012267e-01  -9.627226e-01  -9.913078e-01   3.134998e-02   1.767214e+01   1.421295e-01   1.820430e-02   1.414867e-03   2.821498e-01   2.889762e-01   1.222372e-01
    89  -9.833085e-01  -9.995662e-01   4.002865e-02   3.400927e+01   1.910115e-01   4.008128e-01  -9.050426e-01  -9.329257e-01   3.400006e-02   1.255442e+01   1.379142e-01   5.201572e-02   3.543897e-02   3.060005e-01   2.398310e-01   1.173257e-01
    90  -9.501606e-01  -9.664184e-01   4.284790e-02   2.925689e+01   1.900517e-01   4.002389e-01  -8.487601e-01  -8.759903e-01   3.672816e-02   8.938079e+00   1.339746e-01   8.535301e-02   6.900417e-02   3.305535e-01   1.985845e-01   1.124353e-01
    91  -9.170127e-01  -9.332705e-01   4.589849e-02   2.519717e+01   1.890620e-01   3.996030e-01  -7.937633e-01  -8.203917e-01   3.951809e-02   6.371119e+00   1.302836e-01   1.181864e-01   1.020799e-01   3.556628e-01   1.640832e-01   1.075775e-01
    92  -8.838649e-01  -9.001226e-01   4.919908e-02   2.169475e+01   1.881129e-01   3.987909e-01  -7.399375e-01  -7.660171e-01   4.235249e-02   4.542632e+00   1.268173e-01   1.504907e-01   1.346388e-01   3.811724e-01   1.353041e-01   1.027770e-01
    93  -8.507170e-01  -8.669748e-01   5.278613e-02   1.869769e+01   1.871085e-01   3.978648e-01  -6.871650e-01  -7.127502e-01   4.521329e-02   3.236797e+00   1.235529e-01   1.822434e-01   1.666572e-01   4.069196e-01   1.113685e-01   9.804761e-02
    94  -8.175691e-01  -8.338269e-01   5.665648e-02   1.611684e+01   1.860846e-01   3.967498e-01  -6.353248e-01  -6.604718e-01   4.808216e-02   2.302742e+00   1.204709e-01   2.134267e-01   1.981149e-01   4.327394e-01   9.151067e-02   9.340948e-02
    95  -7.844212e-01  -8.006790e-01   6.086550e-02   1.389594e+01   1.850196e-01   3.954905e-01  -5.842897e-01  -6.090580e-01   5.094094e-02   1.634074e+00   1.175532e-01   2.440265e-01   2.289960e-01   4.584685e-01   7.507604e-02   8.887814e-02
    96  -7.512734e-01  -7.675311e-01   6.542226e-02   1.198685e+01   1.838637e-01   3.940393e-01  -5.339287e-01  -5.583796e-01   5.377208e-02   1.155557e+00   1.147860e-01   2.740332e-01   2.592889e-01   4.839488e-01   6.150408e-02   8.446904e-02
    97  -7.181255e-01  -7.343833e-01   7.036023e-02   1.033501e+01   1.826710e-01   3.923027e-01  -4.841016e-01  -5.083009e-01   5.655903e-02   8.134856e-01   1.121564e-01   3.034413e-01   2.889861e-01   5.090312e-01   5.031864e-02   8.019572e-02
    98  -6.849776e-01  -7.012354e-01   7.573212e-02   8.914475e+00   1.813728e-01   3.903862e-01  -4.346567e-01  -4.586759e-01   5.928652e-02   5.694503e-01   1.096551e-01   3.322494e-01   3.180841e-01   5.335787e-01   4.111730e-02   7.606883e-02
    99  -6.518298e-01  -6.680875e-01   8.153306e-02   7.688315e+00   1.799825e-01   3.882107e-01  -3.854347e-01  -4.093488e-01   6.194091e-02   3.959471e-01   1.072746e-01   3.604599e-01   3.465836e-01   5.574682e-01   3.356059e-02   7.209808e-02
   100  -6.186819e-01  -6.349396e-01   8.783395e-02   6.628179e+00   1.784968e-01   3.857087e-01  -3.362598e-01  -3.601516e-01   6.451030e-02   2.731028e-01   1.050106e-01   3.880787e-01   3.744888e-01   5.805927e-01   2.736441e-02   6.828935e-02
   101  -5.855340e-01  -6.017918e-01   9.467849e-02   5.714321e+00   1.768735e-01   3.829098e-01  -2.869373e-01  -3.108987e-01   6.698469e-02   1.865964e-01   1.028634e-01   4.151151e-01   4.018073e-01   6.028622e-01   2.229063e-02   6.464812e-02
   102  -5.523861e-01  -5.686439e-01   1.020631e-01   4.923423e+00   1.751399e-01   3.797494e-01  -2.372614e-01  -2.613894e-01   6.935597e-02   1.261223e-01   1.008337e-01   4.415811e-01   4.285497e-01   6.242038e-01   1.814153e-02   6.117581e-02
   103  -5.192383e-01  -5.354960e-01   1.100788e-01   4.239485e+00   1.732761e-01   3.761904e-01  -1.870034e-01  -2.114058e-01   7.161799e-02   8.419637e-02   9.892777e-02   4.674916e-01   4.547296e-01   6.445619e-01   1.475225e-02   5.787421e-02
   104  -4.860904e-01  -5.023482e-01   1.187658e-01   3.648931e+00   1.712540e-01   3.722112e-01  -1.359191e-01  -1.607106e-01   7.376638e-02   5.542976e-02   9.715562e-02   4.928631e-01   4.803626e-01   6.638974e-01   1.198686e-02   5.474090e-02
   105  -4.529425e-01  -4.692003e-01   1.281111e-01   3.136994e+00   1.690843e-01   3.676571e-01  -8.376399e-02  -1.090591e-01   7.579851e-02   3.594320e-02   9.552115e-02   5.177148e-01   5.054667e-01   6.821866e-01   9.732443e-03   5.177480e-02
   106  -4.197947e-01  -4.360524e-01   1.382232e-01   2.693820e+00   1.667573e-01   3.625305e-01  -3.029830e-02  -5.620890e-02   7.771330e-02   2.293287e-02   9.402969e-02   5.420667e-01   5.300614e-01   6.994197e-01   7.896438e-03   4.897081e-02
   107  -3.866468e-01  -4.029045e-01   1.491466e-01   2.310969e+00   1.642605e-01   3.568193e-01   2.464280e-02  -1.959527e-03   7.951106e-02   1.440457e-02   9.264714e-02   5.659407e-01   5.541677e-01   7.155996e-01   6.402247e-03   4.632541e-02
   108  -3.534989e-01  -3.697567e-01   1.608751e-01   1.979658e+00   1.616078e-01   3.503647e-01   8.110320e-02   5.378987e-02   8.119333e-02   8.924138e-03   9.130261e-02   5.893592e-01   5.778078e-01   7.307399e-01   5.187258e-03   4.383229e-02
   109  -3.203510e-01  -3.366088e-01   1.735135e-01   1.693303e+00   1.587886e-01   3.430813e-01   1.388859e-01   1.109549e-01   8.276263e-02   5.480614e-03   8.982861e-02   6.123458e-01   6.010045e-01   7.448636e-01   4.199963e-03   4.148579e-02
   110  -2.872032e-01  -3.034609e-01   1.871076e-01   1.446160e+00   1.557950e-01   3.349777e-01   1.974370e-01   1.691475e-01   8.422234e-02   3.365716e-03   8.793715e-02   6.349243e-01   6.237817e-01   7.580011e-01   3.398246e-03   3.927934e-02
   111  -2.540553e-01  -2.703131e-01   2.016334e-01   1.232726e+00   1.526420e-01   3.258754e-01   2.558403e-01   2.276197e-01   8.557652e-02   2.090091e-03   8.528385e-02   6.571189e-01   6.461633e-01   7.701887e-01   2.747673e-03   3.720587e-02
   112  -2.209074e-01  -2.371652e-01   2.171980e-01   1.048648e+00   1.493253e-01   3.156433e-01   3.129805e-01   2.853495e-01   8.682971e-02   1.326822e-03   8.162476e-02   6.789541e-01   6.681737e-01   7.814674e-01   2.220062e-03   3.525895e-02
   113  -1.877596e-01  -2.040173e-01   2.338339e-01   8.901847e-01   1.458372e-01   3.042947e-01   3.678508e-01   3.412816e-01   8.798682e-02   8.669205e-04   7.699249e-02   7.004541e-01   6.898371e-01   7.918814e-01   1.792469e-03   3.343121e-02
   114  -1.546117e-01  -1.708694e-01   2.515012e-01   7.538114e-01   1.421922e-01   2.915598e-01   4.198021e-01   3.946028e-01   8.905301e-02   5.837321e-04   7.169630e-02   7.216433e-01   7.111779e-01   8.014771e-01   1.446150e-03   3.171591e-02
   115  -1.214638e-01  -1.377216e-01   2.702872e-01   6.366655e-01   1.383946e-01   2.773815e-01   4.685894e-01   4.448805e-01   9.003354e-02   4.039242e-04   6.614659e-02   7.425453e-01   7.322200e-01   8.103019e-01   1.165844e-03   3.010629e-02
   116  -8.831594e-02  -1.045737e-01   2.901568e-01   5.361534e-01   1.344320e-01   2.617629e-01   5.142690e-01   4.920295e-01   9.093373e-02   2.859613e-04   6.068732e-02   7.631836e-01   7.529870e-01   8.184036e-01   9.391280e-04   2.859552e-02
   117  -5.516806e-02  -7.142582e-02   3.111013e-01   4.500836e-01   1.303228e-01   2.443011e-01   5.570611e-01   5.361919e-01   9.175884e-02   2.062315e-04   5.553502e-02   7.835811e-01   7.735021e-01   8.258295e-01   7.558816e-04   2.717736e-02
   118  -2.202019e-02  -3.827795e-02   3.331730e-01   3.766182e-01   1.260830e-01   2.253004e-01   5.972499e-01   5.776202e-01   9.251402e-02   1.509632e-04   5.079057e-02   8.037600e-01   7.937877e-01   8.326262e-01   6.078813e-04   2.584562e-02
   119   1.112768e-02  -5.130079e-03   3.562980e-01   3.140561e-01   1.217215e-01   2.047072e-01   6.351297e-01   6.166027e-01   9.320429e-02   1.118369e-04   4.648372e-02   8.237417e-01   8.138658e-01   8.388386e-01   4.884413e-04   2.459428e-02
   120   4.427555e-02   2.801779e-02   3.804606e-01   2.609182e-01   1.172508e-01   1.824732e-01   6.709791e-01   6.534242e-01   9.383445e-02   8.365314e-05   4.260550e-02   8.435471e-01   8.337573e-01   8.445100e-01   3.921259e-04   2.341783e-02
   121   7.742342e-02   6.116567e-02   4.056230e-01   2.159123e-01   1.126875e-01   1.588704e-01   7.050438e-01   6.883454e-01   9.440910e-02   6.307435e-05   3.912503e-02   8.631958e-01   8.534825e-01   8.496819e-01   3.145229e-04   2.231098e-02
   122   1.105713e-01   9.431354e-02   4.316642e-01   1.779195e-01   1.080442e-01   1.341278e-01   7.375410e-01   7.215963e-01   9.493262e-02   4.787124e-05   3.600506e-02   8.827069e-01   8.730609e-01   8.543935e-01   2.520513e-04   2.126866e-02
   123   1.437192e-01   1.274614e-01   4.585600e-01   1.459529e-01   1.033414e-01   1.087486e-01   7.686604e-01   7.533794e-01   9.540910e-02   3.653108e-05   3.320801e-02   9.020982e-01   8.925108e-01   8.586819e-01   2.018054e-04   2.028617e-02
   124   1.768670e-01   1.606093e-01   4.861475e-01   1.191554e-01   9.859894e-02   8.267113e-02   7.985653e-01   7.838702e-01   9.584241e-02   2.800509e-05   3.069640e-02   9.213869e-01   9.118496e-01   8.625817e-01   1.614288e-04   1.935921e-02
   125   2.100149e-01   1.937572e-01   5.143486e-01   9.678857e-02   9.383296e-02   5.769196e-02   8.273987e-01   8.132213e-01   9.623618e-02   2.155066e-05   2.843783e-02   9.405889e-01   9.310940e-01   8.661256e-01   1.290136e-04   1.848364e-02
   126   2.431628e-01   2.269050e-01   5.430024e-01   7.819141e-02   8.907406e-02   3.193672e-02   8.552849e-01   8.415656e-01   9.659376e-02   1.663678e-05   2.640194e-02   9.597192e-01   9.502593e-01   8.693438e-01   1.030144e-04   1.765568e-02
   127   2.763107e-01   2.600529e-01   5.718697e-01   6.280646e-02   8.432671e-02   9.883383e-03   8.823322e-01   8.690190e-01   9.691827e-02   1.287764e-05   2.456269e-02   9.787917e-01   9.693601e-01   8.722644e-01   8.218090e-05   1.687185e-02
   128   3.094585e-01   2.932008e-01   6.008154e-01   5.011798e-02   7.961863e-02  -1.234487e-02   9.086368e-01   8.956836e-01   9.721261e-02   9.989735e-06   2.289711e-02   9.978196e-01   9.884098e-01   8.749135e-01   6.550264e-05   1.612895e-02
   129   3.426064e-01   3.263486e-01   6.296806e-01   3.973708e-02   7.497621e-02  -3.117250e-02   9.342821e-01   9.216487e-01   9.747945e-02   7.763857e-06   2.138463e-02   1.016815e+00   1.007421e+00   8.773151e-01   5.216358e-05   1.542403e-02
   130   3.757543e-01   3.594965e-01   6.583058e-01   3.129325e-02   7.042683e-02  -4.793294e-02   9.593429e-01   9.469933e-01   9.772124e-02   6.043030e-06   2.000791e-02   1.035789e+00   1.026405e+00   8.794912e-01   4.150523e-05   1.475436e-02
   131   4.089021e-01   3.926444e-01   6.864985e-01   2.447012e-02   6.599337e-02  -6.327588e-02   9.838854e-01   9.717875e-01   9.794025e-02   4.709368e-06   1.875141e-02   1.054751e+00   1.045373e+00   8.814623e-01   3.299682e-05   1.411750e-02
   132   4.420500e-01   4.257923e-01   7.140652e-01   1.899545e-02   6.168830e-02  -7.431057e-02   1.007968e+00   9.960935e-01   9.813854e-02   3.673762e-06   1.760151e-02   1.073711e+00   1.064335e+00   8.832469e-01   2.621090e-05   1.351120e-02
   133   4.751979e-01   4.589401e-01   7.405377e-01   1.462209e-02   5.752495e-02  -8.443973e-02   1.031643e+00   1.019967e+00   9.831802e-02   2.868188e-06   1.654657e-02   1.092678e+00   1.083298e+00   8.848622e-01   2.080368e-05   1.293343e-02
   134   5.083458e-01   4.920880e-01   7.660496e-01   1.116119e-02   5.352306e-02  -9.307219e-02   1.054956e+00   1.043456e+00   9.848042e-02   2.240664e-06   1.557627e-02   1.111660e+00   1.102273e+00   8.863237e-01   1.649889e-05   1.238232e-02
   135   5.414936e-01   5.252359e-01   7.904670e-01   8.450711e-03   4.970091e-02  -9.873467e-02   1.077951e+00   1.066606e+00   9.862732e-02   1.751286e-06   1.468149e-02   1.130663e+00   1.121265e+00   8.876458e-01   1.307476e-05   1.185619e-02
   136   5.746415e-01   5.583837e-01   8.132762e-01   6.340912e-03   4.606519e-02  -1.034067e-01   1.100664e+00   1.089456e+00   9.876016e-02   1.369306e-06   1.385433e-02   1.149693e+00   1.140282e+00   8.888415e-01   1.035346e-05   1.135350e-02
   137   6.077894e-01   5.915316e-01   8.347481e-01   4.713788e-03   4.262359e-02  -1.069544e-01   1.123128e+00   1.112041e+00   9.888027e-02   1.070930e-06   1.308789e-02   1.168757e+00   1.159329e+00   8.899225e-01   8.192513e-06   1.087285e-02
   138   6.409372e-01   6.246795e-01   8.545899e-01   3.474339e-03   3.938758e-02  -1.092621e-01   1.145373e+00   1.134393e+00   9.898885e-02   8.377225e-07   1.237610e-02   1.187859e+00   1.178413e+00   8.908996e-01   6.477946e-06   1.041299e-02
   139   6.740851e-01   6.578274e-01   8.728249e-01   2.534832e-03   3.635184e-02  -1.105494e-01   1.167426e+00   1.156540e+00   9.908698e-02   6.553707e-07   1.171359e-02   1.207004e+00   1.197537e+00   8.917828e-01   5.118631e-06   9.972759e-03
   140   7.072330e-01   6.909752e-01   8.893830e-01   1.833777e-03   3.352358e-02  -1.107332e-01   1.189312e+00   1.178507e+00   9.917565e-02   5.127378e-07   1.109564e-02   1.226196e+00   1.216706e+00   8.925808e-01   4.041798e-06   9.551103e-03
   141   7.403809e-01   7.241231e-01   9.043596e-01   1.313475e-03   3.089621e-02  -1.099727e-01   1.211050e+00   1.200317e+00   9.925576e-02   4.011481e-07   1.051810e-02   1.245438e+00   1.235923e+00   8.933019e-01   3.189390e-06   9.147060e-03
   142   7.735287e-01   7.572710e-01   9.176410e-01   9.328224e-04   2.846688e-02  -1.082924e-01   1.232662e+00   1.221990e+00   9.932813e-02   3.138319e-07   9.977333e-03   1.264734e+00   1.255193e+00   8.939532e-01   2.515131e-06   8.759748e-03
   143   8.066766e-01   7.904188e-01   9.294831e-01   6.566972e-04   2.622771e-02  -1.057558e-01   1.254163e+00   1.243546e+00   9.939350e-02   2.455030e-07   9.470123e-03   1.284085e+00   1.274517e+00   8.945415e-01   1.982172e-06   8.388358e-03
   144   8.398245e-01   8.235667e-01   9.398365e-01   4.584347e-04   2.417004e-02  -1.024304e-01   1.275570e+00   1.264999e+00   9.945254e-02   1.920311e-07   8.993607e-03   1.303494e+00   1.293898e+00   8.950729e-01   1.561198e-06   8.032146e-03
   145   8.729724e-01   8.567146e-01   9.488454e-01   3.176777e-04   2.228255e-02  -9.840015e-02   1.296897e+00   1.286364e+00   9.950586e-02   1.501867e-07   8.545252e-03   1.322964e+00   1.313338e+00   8.955527e-01   1.228904e-06   7.690424e-03
   146   9.061202e-01   8.898625e-01   9.566780e-01   2.185671e-04   2.055412e-02  -9.374706e-02   1.318155e+00   1.307656e+00   9.955400e-02   1.174433e-07   8.122806e-03   1.342494e+00   1.332839e+00   8.959860e-01   9.667849e-07   7.362558e-03
   147   9.392681e-01   9.230103e-01   9.634089e-01   1.494110e-04   1.897271e-02  -8.856003e-02   1.339355e+00   1.328884e+00   9.959747e-02   9.182382e-08   7.724264e-03   1.362087e+00   1.352401e+00   8.963772e-01   7.601538e-07   7.047958e-03
   148   9.724160e-01   9.561582e-01   9.691248e-01   1.015822e-04   1.752504e-02  -8.304139e-02   1.360508e+00   1.350061e+00   9.963672e-02   7.178085e-08   7.347837e-03   1.381743e+00   1.372026e+00   8.967304e-01   5.973672e-07   6.746077e-03
   149   1.005564e+00   9.893061e-01   9.740105e-01   6.874082e-05   1.619928e-02  -7.729073e-02   1.381623e+00   1.371194e+00   9.967214e-02   5.610279e-08   6.991927e-03   1.401462e+00   1.391714e+00   8.970493e-01   4.692004e-07   6.456404e-03
   150   1.038712e+00   1.022454e+00   9.781620e-01   4.632165e-05   1.498479e-02  -7.141482e-02   1.402706e+00   1.392292e+00   9.970413e-02   4.384109e-08   6.655098e-03   1.421244e+00   1.411465e+00   8.973371e-01   3.683508e-07   6.178462e-03
   151   1.071860e+00   1.055602e+00   9.816608e-01   3.111185e-05   1.387023e-02  -6.562319e-02   1.423765e+00   1.413363e+00   9.973300e-02   3.425303e-08   6.336063e-03   1.441090e+00   1.431280e+00   8.975970e-01   2.890420e-07   5.911806e-03
   152   1.105007e+00   1.088750e+00   9.845946e-01   2.084294e-05   1.284589e-02  -5.993291e-02   1.444805e+00   1.434412e+00   9.975905e-02   2.675705e-08   6.033661e-03   1.460998e+00   1.451158e+00   8.978315e-01   2.267079e-07   5.656017e-03
   153   1.138155e+00   1.121898e+00   9.870700e-01   1.393469e-05   1.190325e-02  -5.454767e-02   1.465832e+00   1.455446e+00   9.978257e-02   2.089785e-08   5.746844e-03   1.480968e+00   1.471098e+00   8.980432e-01   1.777421e-07   5.410705e-03
   154   1.171303e+00   1.155045e+00   9.891554e-01   9.301735e-06   1.103488e-02  -4.938577e-02   1.486850e+00   1.476468e+00   9.980380e-02   1.631899e-08   5.474665e-03   1.500998e+00   1.491098e+00   8.982342e-01   1.392977e-07   5.175501e-03
   155   1.204451e+00   1.188193e+00   9.908964e-01   6.202628e-06   1.023364e-02  -4.461449e-02   1.507862e+00   1.497483e+00   9.982296e-02   1.274144e-08   5.216265e-03   1.521087e+00   1.511159e+00   8.984066e-01   1.091294e-07   4.950060e-03
   156   1.237599e+00   1.221341e+00   9.923512e-01   4.133505e-06   9.493427e-03  -4.015470e-02   1.528872e+00   1.518494e+00   9.984025e-02   9.946849e-09   4.970864e-03   1.541233e+00   1.531277e+00   8.985622e-01   8.546711e-08   4.734059e-03
   157   1.270747e+00   1.254489e+00   9.935752e-01   2.753635e-06   8.809027e-03  -3.610965e-02   1.549880e+00   1.539503e+00   9.985585e-02   7.764326e-09   4.737758e-03   1.561434e+00   1.551451e+00   8.987027e-01   6.691646e-08   4.527197e-03
   158   1.303895e+00   1.287637e+00   9.946045e-01   1.834369e-06   8.175700e-03  -3.237077e-02   1.570889e+00   1.560511e+00   9.986993e-02   6.060182e-09   4.516303e-03   1.581686e+00   1.571678e+00   8.988294e-01   5.237977e-08   4.329190e-03
   159   1.337043e+00   1.320785e+00   9.954578e-01   1.222189e-06   7.589153e-03  -2.901446e-02   1.591898e+00   1.581521e+00   9.988264e-02   4.729842e-09   4.305917e-03   1.601986e+00   1.591954e+00   8.989438e-01   4.099339e-08   4.139779e-03
   160   1.370190e+00   1.353933e+00   9.961758e-01   8.146021e-07   7.045598e-03  -2.595952e-02   1.612908e+00   1.602530e+00   9.989411e-02   3.691522e-09   4.106074e-03   1.622329e+00   1.612276e+00   8.990470e-01   3.207822e-08   3.958723e-03
   161   1.403338e+00   1.387081e+00   9.967816e-01   5.432348e-07   6.541734e-03  -2.321133e-02   1.633917e+00   1.623540e+00   9.990446e-02   2.881278e-09   3.916296e-03   1.642711e+00   1.632640e+00   8.991401e-01   2.510059e-08   3.785800e-03
   162   1.436486e+00   1.420228e+00   9.972854e-01   3.624988e-07   6.074488e-03  -2.073789e-02   1.654922e+00   1.644547e+00   9.991379e-02   2.249125e-09   3.736154e-03   1.663126e+00   1.653038e+00   8.992241e-01   1.964135e-08   3.620814e-03
   163   1.469634e+00   1.453376e+00   9.977094e-01   2.420648e-07   5.641121e-03  -1.850722e-02   1.675921e+00   1.665549e+00   9.992222e-02   1.756001e-09   3.565265e-03   1.683566e+00   1.673466e+00   8.993000e-01   1.537147e-08   3.463588e-03
   164   1.502782e+00   1.486524e+00   9.980679e-01   1.617791e-07   5.239224e-03  -1.651517e-02   1.696907e+00   1.686541e+00   9.992982e-02   1.371385e-09   3.403288e-03   1.704023e+00   1.693915e+00   8.993684e-01   1.203279e-08   3.313970e-03
   165   1.535930e+00   1.519672e+00   9.983668e-01   1.082169e-07   4.866547e-03  -1.470136e-02   1.717875e+00   1.707518e+00   9.993668e-02   1.071437e-09   3.249925e-03   1.724488e+00   1.714376e+00   8.994301e-01   9.422906e-09   3.171835e-03
   166   1.569078e+00   1.552820e+00   9.986192e-01   7.245219e-08   4.521085e-03  -1.308737e-02   1.738817e+00   1.728473e+00   9.994287e-02   8.375404e-10   3.104920e-03   1.744949e+00   1.734839e+00   8.994858e-01   7.383140e-09   3.037081e-03
   167   1.602226e+00   1.585968e+00   9.988333e-01   4.855806e-08   4.201108e-03  -1.159888e-02   1.759722e+00   1.749396e+00   9.994845e-02   6.551593e-10   2.968058e-03   1.765392e+00   1.755290e+00   8.995361e-01   5.789205e-09   2.909640e-03
   168   1.635373e+00   1.619116e+00   9.990117e-01   3.257706e-08   3.904974e-03  -1.023622e-02   1.780578e+00   1.770275e+00   9.995349e-02   5.129490e-10   2.839166e-03   1.785800e+00   1.775716e+00   8.995814e-01   4.543774e-09   2.789469e-03
   169   1.668521e+00   1.652264e+00   9.991634e-01   2.187875e-08   3.631215e-03  -8.990166e-03   1.801370e+00   1.791099e+00   9.995804e-02   4.020567e-10   2.718110e-03   1.806155e+00   1.796097e+00   8.996223e-01   3.570673e-09   2.676562e-03
   170   1.701669e+00   1.685411e+00   9.992919e-01   1.471240e-08   3.378827e-03  -7.742810e-03   1.822079e+00   1.811848e+00   9.996214e-02   3.155758e-10   2.604803e-03   1.826435e+00   1.816413e+00   8.996593e-01   2.810307e-09   2.570946e-03
   171   1.734817e+00   1.718559e+00   9.993999e-01   9.905576e-09   3.146555e-03  -6.597229e-03   1.842684e+00   1.832504e+00   9.996584e-02   2.481194e-10   2.499197e-03   1.846613e+00   1.836641e+00   8.996926e-01   2.216072e-09   2.472682e-03
   172   1.767965e+00   1.751707e+00   9.994922e-01   6.678878e-09   2.933670e-03  -5.375807e-03   1.863160e+00   1.853043e+00   9.996918e-02   1.954871e-10   2.401286e-03   1.866660e+00   1.856752e+00   8.997226e-01   1.751538e-09   2.381869e-03
   173   1.801113e+00   1.784855e+00   9.995702e-01   4.510847e-09   2.739757e-03  -4.096115e-03   1.883476e+00   1.873437e+00   9.997219e-02   1.544042e-10   2.311110e-03   1.886541e+00   1.876714e+00   8.997498e-01   1.388239e-09   2.298643e-03
   174   1.834261e+00   1.818003e+00   9.996365e-01   3.052087e-09   2.564027e-03  -2.750691e-03   1.903599e+00   1.893654e+00   9.997491e-02   1.223183e-10   2.228745e-03   1.906218e+00   1.896491e+00   8.997742e-01   1.103940e-09   2.223172e-03
   175   1.867409e+00   1.851151e+00   9.996935e-01   2.069971e-09   2.407143e-03  -9.944621e-04   1.923489e+00   1.913658e+00   9.997737e-02   9.724049e-11   2.154310e-03   1.925648e+00   1.916042e+00   8.997963e-01   8.812781e-10   2.155656e-03
   176   1.900556e+00   1.884299e+00   9.997417e-01   1.407691e-09   2.269120e-03   9.274174e-04   1.943104e+00   1.933407e+00   9.997958e-02   7.761984e-11   2.087992e-03   1.944783e+00   1.935321e+00   8.998162e-01   7.067011e-10   2.096327e-03
   177   1.933704e+00   1.917446e+00   9.997832e-01   9.603435e-10   2.150323e-03   3.311028e-03   1.962400e+00   1.952859e+00   9.998158e-02   6.223982e-11   2.030305e-03   1.963574e+00   1.954280e+00   8.998342e-01   5.696122e-10   2.045512e-03
   178   1.966852e+00   1.950594e+00   9.998191e-01   6.578614e-10   2.053512e-03   6.470739e-03   1.981349e+00   1.971978e+00   9.998338e-02   5.010934e-11   1.983702e-03   1.981975e+00   1.972872e+00   8.998504e-01   4.615472e-10   2.004455e-03
   179   2.000000e+00   1.983742e+00   9.998500e-01   4.513929e-10   1.987882e-03   8.280327e-03   2.000000e+00   1.990775e+00   9.998500e-02   4.033883e-11   1.957672e-03   2.000000e+00   1.991081e+00   8.998650e-01   3.748611e-10   1.980440e-03
