     i          log_r       log_rmid          m_tot        rho_tot         v2_tot            eta     lgr[heavy]    lgrm[heavy]       m[heavy]     rho[heavy]      v2[heavy]     lgr[light]    lgrm[light]       m[light]     rho[light]      v2[light]
     0  -5.000018e+00  -5.301048e+00   1.007908e-07   3.003353e+08   4.187813e-01            nan  -5.000018e+00  -5.301048e+00   9.998500e-08   2.999918e+08   4.177779e-01  -3.141057e+00  -3.442087e+00   8.998650e-07   7.152673e+03   6.999411e-01
     1  -4.960912e+00  -4.980025e+00   1.315245e-07   2.962560e+08   4.181761e-01            nan  -4.977411e+00  -4.988567e+00   1.166721e-07   2.962344e+08   4.177342e-01  -3.100173e+00  -3.120134e+00   1.050049e-06   3.658169e+03   6.291754e-01
     2  -4.921805e+00  -4.940918e+00   1.716657e-07   2.954827e+08   4.181254e-01            nan  -4.954814e+00  -4.965966e+00   1.361439e-07   2.958260e+08   4.177295e-01  -3.059781e+00  -3.079508e+00   1.225295e-06   3.263302e+03   6.170926e-01
     3  -4.882699e+00  -4.901812e+00   2.240731e-07   2.945623e+08   4.180770e-01            nan  -4.932222e+00  -4.943371e+00   1.588651e-07   2.953747e+08   4.177242e-01  -3.019845e+00  -3.039354e+00   1.429786e-06   2.918460e+03   6.051333e-01
     4  -4.843593e+00  -4.862706e+00   2.924584e-07   2.934685e+08   4.180303e-01            nan  -4.909631e+00  -4.920780e+00   1.853780e-07   2.948758e+08   4.177184e-01  -2.980329e+00  -2.999637e+00   1.668402e-06   2.615897e+03   5.934217e-01
     5  -4.804487e+00  -4.823600e+00   3.816270e-07   2.921773e+08   4.179845e-01            nan  -4.887037e+00  -4.898187e+00   2.163150e-07   2.943244e+08   4.177119e-01  -2.941209e+00  -2.960329e+00   1.946835e-06   2.350175e+03   5.818039e-01
     6  -4.765380e+00  -4.784493e+00   4.978097e-07   2.906554e+08   4.179390e-01            nan  -4.864436e+00  -4.875589e+00   2.524142e-07   2.937148e+08   4.177048e-01  -2.902450e+00  -2.921397e+00   2.271728e-06   2.115132e+03   5.705470e-01
     7  -4.726274e+00  -4.745387e+00   6.490523e-07   2.888358e+08   4.178927e-01            nan  -4.841825e+00  -4.852983e+00   2.945370e-07   2.930411e+08   4.176969e-01  -2.864033e+00  -2.882817e+00   2.650833e-06   1.907557e+03   5.593775e-01
     8  -4.687168e+00  -4.706281e+00   8.456757e-07   2.866893e+08   4.178449e-01            nan  -4.819200e+00  -4.830365e+00   3.436881e-07   2.922964e+08   4.176881e-01  -2.825924e+00  -2.844561e+00   3.093193e-06   1.722698e+03   5.486005e-01
     9  -4.648062e+00  -4.667175e+00   1.100946e-06   2.841685e+08   4.177947e-01            nan  -4.796557e+00  -4.807731e+00   4.010398e-07   2.914735e+08   4.176785e-01  -2.788101e+00  -2.806601e+00   3.609358e-06   1.558201e+03   5.380283e-01
    10  -4.608955e+00  -4.628068e+00   1.431863e-06   2.811978e+08   4.177409e-01            nan  -4.773893e+00  -4.785077e+00   4.679601e-07   2.905642e+08   4.176677e-01  -2.750540e+00  -2.768915e+00   4.211641e-06   1.411223e+03   5.277297e-01
    11  -4.569849e+00  -4.588962e+00   1.859995e-06   2.776867e+08   4.176821e-01            nan  -4.751205e+00  -4.762401e+00   5.460446e-07   2.895596e+08   4.176559e-01  -2.713218e+00  -2.731478e+00   4.914402e-06   1.279537e+03   5.177186e-01
    12  -4.530743e+00  -4.549856e+00   2.412392e-06   2.735971e+08   4.176175e-01            nan  -4.728486e+00  -4.739697e+00   6.371554e-07   2.884501e+08   4.176427e-01  -2.676118e+00  -2.694272e+00   5.734398e-06   1.161552e+03   5.078824e-01
    13  -4.491637e+00  -4.510750e+00   3.123524e-06   2.688514e+08   4.175455e-01            nan  -4.705734e+00  -4.716961e+00   7.434644e-07   2.872249e+08   4.176282e-01  -2.639214e+00  -2.657274e+00   6.691180e-06   1.055222e+03   4.983826e-01
    14  -4.452530e+00  -4.471643e+00   4.036182e-06   2.632803e+08   4.174636e-01            nan  -4.682944e+00  -4.694190e+00   8.675058e-07   2.858725e+08   4.176120e-01  -2.602496e+00  -2.620467e+00   7.807552e-06   9.596686e+02   4.890036e-01
    15  -4.413424e+00  -4.432537e+00   5.201942e-06   2.568888e+08   4.173711e-01            nan  -4.660111e+00  -4.671377e+00   1.012236e-06   2.843801e+08   4.175942e-01  -2.565938e+00  -2.583833e+00   9.110122e-06   8.731762e+02   4.799691e-01
    16  -4.374318e+00  -4.393431e+00   6.686169e-06   2.495900e+08   4.172658e-01            nan  -4.637228e+00  -4.648519e+00   1.181103e-06   2.827339e+08   4.175744e-01  -2.529527e+00  -2.547351e+00   1.062993e-05   7.950512e+02   4.711184e-01
    17  -4.335212e+00  -4.354325e+00   8.565629e-06   2.411960e+08   4.171440e-01            nan  -4.614290e+00  -4.625608e+00   1.378130e-06   2.809189e+08   4.175524e-01  -2.493246e+00  -2.511008e+00   1.240317e-05   7.242523e+02   4.625186e-01
    18  -4.296105e+00  -4.315218e+00   1.093022e-05   2.318095e+08   4.170054e-01            nan  -4.591290e+00  -4.602638e+00   1.608010e-06   2.789187e+08   4.175281e-01  -2.457078e+00  -2.474785e+00   1.447209e-05   6.600279e+02   4.541518e-01
    19  -4.256999e+00  -4.276112e+00   1.389144e-05   2.212611e+08   4.168454e-01            nan  -4.568221e+00  -4.579603e+00   1.876216e-06   2.767158e+08   4.175012e-01  -2.421013e+00  -2.438671e+00   1.688595e-05   6.017651e+02   4.459682e-01
    20  -4.217893e+00  -4.237006e+00   1.755931e-05   2.096352e+08   4.166621e-01            nan  -4.545075e+00  -4.556494e+00   2.189133e-06   2.742912e+08   4.174713e-01  -2.385034e+00  -2.402651e+00   1.970220e-05   5.487376e+02   4.380475e-01
    21  -4.178787e+00  -4.197900e+00   2.208560e-05   1.969604e+08   4.164518e-01            nan  -4.521842e+00  -4.533303e+00   2.554206e-06   2.716245e+08   4.174383e-01  -2.349137e+00  -2.366715e+00   2.298786e-05   5.005977e+02   4.302534e-01
    22  -4.139680e+00  -4.158793e+00   2.758751e-05   1.833258e+08   4.162109e-01            nan  -4.498512e+00  -4.510021e+00   2.980121e-06   2.686939e+08   4.174016e-01  -2.313304e+00  -2.330851e+00   2.682109e-05   4.566826e+02   4.227305e-01
    23  -4.100574e+00  -4.119687e+00   3.424580e-05   1.688809e+08   4.159349e-01            nan  -4.475074e+00  -4.486635e+00   3.477003e-06   2.654762e+08   4.173609e-01  -2.277532e+00  -2.295049e+00   3.129303e-05   4.167594e+02   4.153214e-01
    24  -4.061468e+00  -4.080581e+00   4.218305e-05   1.539680e+08   4.156221e-01            nan  -4.451516e+00  -4.463135e+00   4.056664e-06   2.619470e+08   4.173159e-01  -2.241807e+00  -2.259302e+00   3.650997e-05   3.803096e+02   4.081556e-01
    25  -4.022362e+00  -4.041475e+00   5.154049e-05   1.385609e+08   4.152602e-01            nan  -4.427822e+00  -4.439507e+00   4.732872e-06   2.580803e+08   4.172659e-01  -2.206125e+00  -2.223600e+00   4.259585e-05   3.471045e+02   4.011309e-01
    26  -3.983255e+00  -4.002368e+00   6.246761e-05   1.232479e+08   4.148499e-01            nan  -4.403978e+00  -4.415736e+00   5.521683e-06   2.538495e+08   4.172105e-01  -2.170478e+00  -2.187936e+00   4.969515e-05   3.167950e+02   3.942986e-01
    27  -3.944149e+00  -3.963262e+00   7.506545e-05   1.082961e+08   4.143839e-01            nan  -4.379964e+00  -4.391805e+00   6.441814e-06   2.492267e+08   4.171490e-01  -2.134859e+00  -2.152303e+00   5.797633e-05   2.891395e+02   3.876283e-01
    28  -3.905043e+00  -3.924156e+00   8.932431e-05   9.392764e+07   4.138503e-01            nan  -4.355762e+00  -4.367694e+00   7.515084e-06   2.441837e+08   4.170807e-01  -2.099264e+00  -2.116697e+00   6.763576e-05   2.639004e+02   3.811133e-01
    29  -3.865937e+00  -3.885050e+00   1.053131e-04   8.037453e+07   4.132342e-01            nan  -4.331347e+00  -4.343383e+00   8.766923e-06   2.386921e+08   4.170049e-01  -2.063687e+00  -2.081111e+00   7.890231e-05   2.408449e+02   3.747737e-01
    30  -3.826830e+00  -3.845944e+00   1.230412e-04   6.795043e+07   4.125284e-01            nan  -4.306696e+00  -4.318847e+00   1.022697e-05   2.327240e+08   4.169207e-01  -2.028126e+00  -2.045542e+00   9.204273e-05   2.198081e+02   3.685610e-01
    31  -3.787724e+00  -3.806837e+00   1.424770e-04   5.678999e+07   4.117183e-01            nan  -4.281777e+00  -4.294057e+00   1.192976e-05   2.262526e+08   4.168271e-01  -1.992573e+00  -2.009986e+00   1.073678e-04   2.005759e+02   3.625319e-01
    32  -3.748618e+00  -3.767731e+00   1.635807e-04   4.696243e+07   4.107886e-01            nan  -4.256558e+00  -4.268985e+00   1.391553e-05   2.192530e+08   4.167229e-01  -1.957031e+00  -1.974439e+00   1.252398e-04   1.830309e+02   3.566087e-01
    33  -3.709512e+00  -3.728625e+00   1.861587e-04   3.846727e+07   4.097240e-01            nan  -4.231002e+00  -4.243592e+00   1.623115e-05   2.117038e+08   4.166069e-01  -1.921491e+00  -1.938898e+00   1.460803e-04   1.669825e+02   3.508731e-01
    34  -3.670405e+00  -3.689519e+00   2.100011e-04   3.119389e+07   4.084636e-01            nan  -4.205065e+00  -4.217840e+00   1.893121e-05   2.035876e+08   4.164775e-01  -1.885956e+00  -1.903360e+00   1.703808e-04   1.523444e+02   3.452284e-01
    35  -3.631299e+00  -3.650412e+00   2.352456e-04   2.512099e+07   4.070080e-01            nan  -4.178697e+00  -4.191681e+00   2.207926e-05   1.948931e+08   4.163329e-01  -1.850419e+00  -1.867824e+00   1.987134e-04   1.389509e+02   3.397709e-01
    36  -3.592193e+00  -3.611306e+00   2.619844e-04   2.012366e+07   4.053517e-01            nan  -4.151842e+00  -4.165062e+00   2.574932e-05   1.856171e+08   4.161710e-01  -1.814883e+00  -1.832288e+00   2.317439e-04   1.267355e+02   3.343960e-01
    37  -3.553087e+00  -3.572200e+00   2.897703e-04   1.605450e+07   4.035163e-01            nan  -4.124434e+00  -4.137922e+00   3.002750e-05   1.757660e+08   4.159894e-01  -1.779342e+00  -1.796749e+00   2.702475e-04   1.155585e+02   3.292020e-01
    38  -3.513980e+00  -3.533094e+00   3.184143e-04   1.274246e+07   4.012633e-01            nan  -4.096398e+00  -4.110190e+00   3.501400e-05   1.653585e+08   4.157850e-01  -1.743799e+00  -1.761207e+00   3.151260e-04   1.053637e+02   3.240893e-01
    39  -3.474874e+00  -3.493987e+00   3.488353e-04   1.010210e+07   3.987938e-01            nan  -4.067644e+00  -4.081783e+00   4.082538e-05   1.544282e+08   4.155541e-01  -1.708249e+00  -1.725660e+00   3.674284e-04   9.603752e+01   3.191468e-01
    40  -3.435768e+00  -3.454881e+00   3.795411e-04   7.996422e+06   3.960255e-01            nan  -4.038072e+00  -4.052606e+00   4.759714e-05   1.430261e+08   4.152920e-01  -1.672694e+00  -1.690108e+00   4.283742e-04   8.753035e+01   3.142854e-01
    41  -3.396662e+00  -3.415775e+00   4.120406e-04   6.329895e+06   3.928076e-01            nan  -4.007559e+00  -4.022548e+00   5.548679e-05   1.312229e+08   4.149931e-01  -1.637131e+00  -1.654549e+00   4.993811e-04   7.974961e+01   3.095844e-01
    42  -3.357555e+00  -3.376669e+00   4.453255e-04   5.010848e+06   3.894197e-01            nan  -3.975966e+00  -3.991476e+00   6.467734e-05   1.191120e+08   4.146499e-01  -1.601562e+00  -1.618983e+00   5.820960e-04   7.265244e+01   3.049622e-01
    43  -3.318449e+00  -3.337562e+00   4.802839e-04   3.975607e+06   3.854048e-01            nan  -3.943125e+00  -3.959235e+00   7.538125e-05   1.068106e+08   4.142527e-01  -1.565984e+00  -1.583409e+00   6.784313e-04   6.616257e+01   3.004921e-01
    44  -3.279343e+00  -3.298456e+00   5.163086e-04   3.155771e+06   3.813068e-01            nan  -3.908839e+00  -3.925644e+00   8.784517e-05   9.446074e+07   4.137889e-01  -1.530400e+00  -1.547828e+00   7.906065e-04   6.024354e+01   2.960963e-01
    45  -3.240237e+00  -3.259350e+00   5.543395e-04   2.515075e+06   3.765426e-01            nan  -3.872874e+00  -3.890484e+00   1.023551e-04   8.222840e+07   4.132414e-01  -1.494807e+00  -1.512239e+00   9.211963e-04   5.483245e+01   2.918429e-01
    46  -3.201131e+00  -3.220244e+00   5.935875e-04   2.006284e+06   3.716938e-01            nan  -3.834952e+00  -3.853499e+00   1.192428e-04   7.030047e+07   4.125871e-01  -1.459207e+00  -1.476642e+00   1.073185e-03   4.989758e+01   2.876607e-01
    47  -3.162024e+00  -3.181137e+00   6.354037e-04   1.607258e+06   3.663158e-01            nan  -3.794743e+00  -3.814382e+00   1.388921e-04   5.887898e+07   4.117938e-01  -1.423599e+00  -1.441038e+00   1.250029e-03   4.538844e+01   2.836051e-01
    48  -3.122918e+00  -3.142031e+00   6.786863e-04   1.290159e+06   3.607566e-01            nan  -3.751858e+00  -3.772772e+00   1.617478e-04   4.817172e+07   4.108167e-01  -1.387987e+00  -1.405428e+00   1.455730e-03   4.127609e+01   2.796197e-01
    49  -3.083812e+00  -3.102925e+00   7.249250e-04   1.038671e+06   3.549174e-01   4.089084e-01  -3.705843e+00  -3.728242e+00   1.883238e-04   3.837914e+07   4.095919e-01  -1.352368e+00  -1.369812e+00   1.694914e-03   3.752108e+01   2.757384e-01
    50  -3.044706e+00  -3.063819e+00   7.734562e-04   8.391127e+05   3.487379e-01   4.081968e-01  -3.656175e+00  -3.680299e+00   2.192140e-04   2.967766e+07   4.080285e-01  -1.316746e+00  -1.334192e+00   1.972926e-03   3.409645e+01   2.719248e-01
    51  -3.005599e+00  -3.024712e+00   8.251130e-04   6.786026e+05   3.425655e-01   4.074983e-01  -3.602278e+00  -3.628391e+00   2.551039e-04   2.220062e+07   4.059964e-01  -1.281123e+00  -1.298569e+00   2.295935e-03   3.097193e+01   2.681882e-01
    52  -2.966493e+00  -2.985606e+00   8.800731e-04   5.514206e+05   3.359985e-01   4.077087e-01  -3.543553e+00  -3.571923e+00   2.967831e-04   1.601952e+07   4.033119e-01  -1.245499e+00  -1.262946e+00   2.671048e-03   2.812237e+01   2.645138e-01
    53  -2.927387e+00  -2.946500e+00   9.385837e-04   4.480977e+05   3.295694e-01   4.077330e-01  -3.479446e+00  -3.510318e+00   3.451610e-04   1.112971e+07   3.997229e-01  -1.209880e+00  -1.227325e+00   3.106449e-03   2.552492e+01   2.608835e-01
    54  -2.888281e+00  -2.907394e+00   1.001098e-03   3.655852e+05   3.229006e-01   4.085069e-01  -3.409571e+00  -3.443105e+00   4.012824e-04   7.445769e+06   3.949031e-01  -1.174267e+00  -1.191708e+00   3.611542e-03   2.315606e+01   2.573073e-01
    55  -2.849174e+00  -2.868287e+00   1.068062e-03   2.984512e+05   3.163281e-01   4.092494e-01  -3.333869e+00  -3.370073e+00   4.663463e-04   4.811050e+06   3.884749e-01  -1.138664e+00  -1.156101e+00   4.197117e-03   2.099868e+01   2.537394e-01
    56  -2.810068e+00  -2.829181e+00   1.139535e-03   2.441027e+05   3.097627e-01   4.103449e-01  -3.252773e+00  -3.291431e+00   5.417261e-04   3.022309e+06   3.800829e-01  -1.103075e+00  -1.120505e+00   4.875535e-03   1.903197e+01   2.502028e-01
    57  -2.770962e+00  -2.790075e+00   1.216686e-03   1.999193e+05   3.032521e-01   4.115984e-01  -3.167276e+00  -3.207924e+00   6.289911e-04   1.864022e+06   3.695279e-01  -1.067506e+00  -1.084927e+00   5.660920e-03   1.724130e+01   2.466541e-01
    58  -2.731856e+00  -2.750969e+00   1.299106e-03   1.638445e+05   2.968666e-01   4.129348e-01  -3.078803e+00  -3.120790e+00   7.299314e-04   1.141359e+06   3.569079e-01  -1.031961e+00  -1.049370e+00   6.569382e-03   1.561065e+01   2.430886e-01
    59  -2.692749e+00  -2.711862e+00   1.388057e-03   1.344554e+05   2.905759e-01   4.143770e-01  -2.988913e+00  -3.031536e+00   8.465830e-04   7.007757e+05   3.426697e-01  -9.964444e-01  -1.013840e+00   7.619247e-03   1.412563e+01   2.394971e-01
    60  -2.653643e+00  -2.672756e+00   1.483470e-03   1.103583e+05   2.844410e-01   4.158388e-01  -2.898958e+00  -2.941610e+00   9.812558e-04   4.343896e+05   3.275019e-01  -9.609630e-01  -9.783415e-01   8.831303e-03   1.277410e+01   2.358462e-01
    61  -2.614537e+00  -2.633650e+00   1.586262e-03   9.065827e+04   2.784727e-01   4.172237e-01  -2.809894e+00  -2.852147e+00   1.136562e-03   2.727232e+05   3.121311e-01  -9.255193e-01  -9.428797e-01   1.022906e-02   1.154289e+01   2.321524e-01
    62  -2.575431e+00  -2.594544e+00   1.696904e-03   7.448267e+04   2.726535e-01   4.186769e-01  -2.722259e+00  -2.763870e+00   1.315444e-03   1.734962e+05   2.971506e-01  -8.901170e-01  -9.074575e-01   1.183900e-02   1.042166e+01   2.283897e-01
    63  -2.536324e+00  -2.555437e+00   1.815909e-03   6.121173e+04   2.670559e-01   4.199674e-01  -2.636259e+00  -2.677134e+00   1.521208e-03   1.117040e+05   2.829468e-01  -8.547591e-01  -8.720783e-01   1.369088e-02   9.400368e+00   2.245480e-01
    64  -2.497218e+00  -2.516331e+00   1.944263e-03   5.031231e+04   2.616057e-01   4.213081e-01  -2.551897e+00  -2.592033e+00   1.757548e-03   7.265722e+04   2.697111e-01  -8.194438e-01  -8.367426e-01   1.581793e-02   8.468928e+00   2.206484e-01
    65  -2.458112e+00  -2.477225e+00   2.082190e-03   4.135267e+04   2.563835e-01   4.224889e-01  -2.469067e+00  -2.508510e+00   2.028572e-03   4.765855e+04   2.574915e-01  -7.841688e-01  -8.014483e-01   1.825715e-02   7.619255e+00   2.166817e-01
    66  -2.419006e+00  -2.438119e+00   2.231066e-03   3.399240e+04   2.513183e-01   4.236329e-01  -2.387628e+00  -2.426441e+00   2.338830e-03   3.147777e+04   2.462483e-01  -7.489289e-01  -7.661915e-01   2.104947e-02   6.843677e+00   2.126554e-01
    67  -2.379899e+00  -2.399012e+00   2.391002e-03   2.793874e+04   2.464691e-01   4.246959e-01  -2.307445e+00  -2.345688e+00   2.693323e-03   2.091133e+04   2.358986e-01  -7.137139e-01  -7.309646e-01   2.423991e-02   6.134814e+00   2.086026e-01
    68  -2.340793e+00  -2.359906e+00   2.563618e-03   2.296464e+04   2.417831e-01   4.256407e-01  -2.228408e+00  -2.266131e+00   3.097518e-03   1.396180e+04   2.263465e-01  -6.785119e-01  -6.957563e-01   2.787766e-02   5.486796e+00   2.045315e-01
    69  -2.301687e+00  -2.320800e+00   2.749097e-03   1.887394e+04   2.372960e-01   4.265325e-01  -2.150437e+00  -2.187675e+00   3.557342e-03   9.364328e+03   2.174996e-01  -6.433089e-01  -6.605538e-01   3.201608e-02   4.894420e+00   2.004529e-01
    70  -2.262581e+00  -2.281694e+00   2.949182e-03   1.551263e+04   2.329729e-01   4.273243e-01  -2.073485e+00  -2.110259e+00   4.079169e-03   6.307756e+03   2.092777e-01  -6.080883e-01  -6.253417e-01   3.671252e-02   4.352932e+00   1.963998e-01
    71  -2.223474e+00  -2.242587e+00   3.164283e-03   1.274915e+04   2.288334e-01   4.280606e-01  -1.997531e+00  -2.033850e+00   4.669785e-03   4.266675e+03   2.016145e-01  -5.728337e-01  -5.901034e-01   4.202806e-02   3.858568e+00   1.923799e-01
    72  -2.184368e+00  -2.203481e+00   3.396193e-03   1.047869e+04   2.248540e-01   4.287452e-01  -1.922573e+00  -1.958437e+00   5.336336e-03   2.898125e+03   1.944575e-01  -5.375309e-01  -5.548237e-01   4.802703e-02   3.408181e+00   1.883924e-01
    73  -2.145262e+00  -2.164375e+00   3.645665e-03   8.612600e+03   2.210473e-01   4.293662e-01  -1.848628e+00  -1.884029e+00   6.086254e-03   1.976882e+03   1.877652e-01  -5.021696e-01  -5.194905e-01   5.477629e-02   2.999054e+00   1.844301e-01
    74  -2.106156e+00  -2.125269e+00   3.914520e-03   7.079744e+03   2.173943e-01   4.299549e-01  -1.775724e+00  -1.810648e+00   6.927149e-03   1.354310e+03   1.815050e-01  -4.667438e-01  -4.840956e-01   6.234434e-02   2.628668e+00   1.804934e-01
    75  -2.067049e+00  -2.086163e+00   4.203938e-03   5.820097e+03   2.139081e-01   4.305045e-01  -1.703894e+00  -1.738325e+00   7.866679e-03   9.319051e+02   1.756509e-01  -4.312544e-01  -4.486367e-01   7.080011e-02   2.294818e+00   1.765609e-01
    76  -2.027943e+00  -2.047056e+00   4.515790e-03   4.785605e+03   2.105686e-01   4.310141e-01  -1.633179e+00  -1.667099e+00   8.912390e-03   6.441452e+02   1.701811e-01  -3.957093e-01  -4.131183e-01   8.021151e-02   1.995330e+00   1.726093e-01
    77  -1.988837e+00  -2.007950e+00   4.851733e-03   3.935480e+03   2.073945e-01   4.315279e-01  -1.563620e+00  -1.597008e+00   1.007152e-02   4.472920e+02   1.650768e-01  -3.601239e-01  -3.775522e-01   9.064369e-02   1.728000e+00   1.686160e-01
    78  -1.949731e+00  -1.968844e+00   5.213771e-03   3.237419e+03   2.043609e-01   4.320043e-01  -1.495258e+00  -1.528095e+00   1.135078e-02   3.120488e+02   1.603210e-01  -3.245193e-01  -3.419568e-01   1.021570e-01   1.490565e+00   1.645675e-01
    79  -1.910624e+00  -1.929738e+00   5.604054e-03   2.663645e+03   2.014950e-01   4.324756e-01  -1.428135e+00  -1.460401e+00   1.275612e-02   2.187239e+02   1.558967e-01  -2.889218e-01  -3.063559e-01   1.148050e-01   1.280720e+00   1.604551e-01
    80  -1.871518e+00  -1.890631e+00   6.024860e-03   2.192543e+03   1.987645e-01   4.329518e-01  -1.362287e+00  -1.393964e+00   1.429243e-02   1.540354e+02   1.517869e-01  -2.533621e-01  -2.707781e-01   1.286319e-01   1.096185e+00   1.562679e-01
    81  -1.832412e+00  -1.851525e+00   6.478816e-03   1.805151e+03   1.962070e-01   4.333751e-01  -1.297750e+00  -1.328821e+00   1.596333e-02   1.089913e+02   1.479728e-01  -2.178749e-01  -2.352561e-01   1.436700e-01   9.347061e-01   1.519991e-01
    82  -1.793306e+00  -1.812419e+00   6.968697e-03   1.487088e+03   1.937802e-01   4.338703e-01  -1.234554e+00  -1.265004e+00   1.777087e-02   7.748100e+01   1.444335e-01  -1.824979e-01  -1.998263e-01   1.599378e-01   7.940928e-01   1.476453e-01
    83  -1.754199e+00  -1.773313e+00   7.497527e-03   1.225361e+03   1.915350e-01   4.342451e-01  -1.172726e+00  -1.202541e+00   1.971527e-02   5.533551e+01   1.411453e-01  -1.472705e-01  -1.645271e-01   1.774374e-01   6.722226e-01   1.432156e-01
    84  -1.715093e+00  -1.734206e+00   8.068940e-03   1.010415e+03   1.894221e-01   4.347395e-01  -1.112285e+00  -1.141455e+00   2.179475e-02   3.969886e+01   1.380810e-01  -1.122339e-01  -1.293990e-01   1.961527e-01   5.670976e-01   1.387118e-01
    85  -1.675987e+00  -1.695100e+00   8.686170e-03   8.334737e+02   1.874884e-01   4.350859e-01  -1.053248e+00  -1.081764e+00   2.400535e-02   2.860645e+01   1.352098e-01  -7.743085e-02  -9.448385e-02   2.160481e-01   4.768379e-01   1.341377e-01
    86  -1.636881e+00  -1.655994e+00   9.354270e-03   6.880312e+02   1.856988e-01   4.355532e-01  -9.956231e-01  -1.023481e+00   2.634082e-02   2.070098e+01   1.324966e-01  -4.290412e-02  -5.982446e-02   2.370673e-01   3.996861e-01   1.295036e-01
    87  -1.597774e+00  -1.616888e+00   1.007632e-02   5.682915e+02   1.840782e-01   4.358888e-01  -9.394105e-01  -9.666080e-01   2.879262e-02   1.504048e+01   1.299037e-01  -8.695605e-03  -2.546313e-02   2.591336e-01   3.340162e-01   1.248258e-01
    88  -1.558668e+00  -1.577781e+00   1.085924e-02   4.697313e+02   1.826178e-01   4.362966e-01  -8.846010e-01  -9.111417e-01   3.134998e-02   1.096849e+01   1.273932e-01   2.515333e-02   8.558555e-03   2.821498e-01   2.783548e-01   1.201143e-01
    89  -1.519562e+00  -1.538675e+00   1.170664e-02   3.885862e+02   1.813128e-01   4.366298e-01  -8.311730e-01  -8.570659e-01   3.400006e-02   8.025515e+00   1.249267e-01   5.860330e-02   4.220028e-02   3.060005e-01   2.313604e-01   1.153859e-01
    90  -1.480456e+00  -1.499569e+00   1.262645e-02   3.216737e+02   1.801839e-01   4.369149e-01  -7.790903e-01  -8.043513e-01   3.672816e-02   5.888531e+00   1.224723e-01   9.161789e-02   7.542424e-02   3.305535e-01   1.918269e-01   1.106616e-01
    91  -1.441350e+00  -1.460463e+00   1.362483e-02   2.665899e+02   1.791915e-01   4.372159e-01  -7.282989e-01  -7.529525e-01   3.951809e-02   4.329577e+00   1.200048e-01   1.241630e-01   1.081952e-01   3.556628e-01   1.586896e-01   1.059553e-01
    92  -1.402243e+00  -1.421356e+00   1.470906e-02   2.210608e+02   1.783910e-01   4.373299e-01  -6.787246e-01  -7.028048e-01   4.235249e-02   3.187161e+00   1.175125e-01   1.562092e-01   1.404816e-01   3.811724e-01   1.309983e-01   1.012921e-01
    93  -1.363137e+00  -1.382250e+00   1.589020e-02   1.835377e+02   1.777235e-01   4.374488e-01  -6.302695e-01  -6.538217e-01   4.521329e-02   2.346381e+00   1.149955e-01   1.877306e-01   1.722558e-01   4.069196e-01   1.079301e-01   9.668791e-02
    94  -1.324031e+00  -1.343144e+00   1.717314e-02   1.525305e+02   1.772139e-01   4.374266e-01  -5.828127e-01  -6.058932e-01   4.808216e-02   1.725347e+00   1.124715e-01   2.187057e-01   2.034943e-01   4.327394e-01   8.876501e-02   9.216311e-02
    95  -1.284925e+00  -1.304038e+00   1.857374e-02   1.268963e+02   1.768498e-01   4.372711e-01  -5.362070e-01  -5.588850e-01   5.094094e-02   1.265268e+00   1.099689e-01   2.491178e-01   2.341779e-01   4.584685e-01   7.288328e-02   8.773513e-02
    96  -1.245818e+00  -1.264931e+00   2.010176e-02   1.057248e+02   1.765983e-01   4.370428e-01  -4.902802e-01  -5.126368e-01   5.377208e-02   9.238262e-01   1.075259e-01   2.789545e-01   2.642923e-01   4.839488e-01   5.975331e-02   8.341951e-02
    97  -1.206712e+00  -1.225825e+00   2.176988e-02   8.815403e+01   1.764958e-01   4.365005e-01  -4.448400e-01  -4.669661e-01   5.655903e-02   6.704572e-01   1.051850e-01   3.082080e-01   2.938275e-01   5.090312e-01   4.892080e-02   7.923157e-02
    98  -1.167606e+00  -1.186719e+00   2.359796e-02   7.361571e+01   1.764792e-01   4.358450e-01  -3.996746e-01  -4.216704e-01   5.928652e-02   4.827857e-01   1.029838e-01   3.368748e-01   3.227779e-01   5.335787e-01   4.000174e-02   7.518189e-02
    99  -1.128500e+00  -1.147613e+00   2.559689e-02   6.156236e+01   1.765387e-01   4.349060e-01  -3.545564e-01  -3.765298e-01   6.194091e-02   3.443398e-01   1.009503e-01   3.649556e-01   3.511421e-01   5.574682e-01   3.267045e-02   7.128177e-02
   100  -1.089393e+00  -1.108506e+00   2.779051e-02   5.153828e+01   1.766750e-01   4.336834e-01  -3.092516e-01  -3.313135e-01   6.451030e-02   2.428910e-01   9.909759e-02   3.924547e-01   3.789227e-01   5.805927e-01   2.665456e-02   6.753695e-02
   101  -1.050287e+00  -1.069400e+00   3.020428e-02   4.321871e+01   1.768251e-01   4.321603e-01  -2.635267e-01  -2.857877e-01   6.698469e-02   1.692242e-01   9.741837e-02   4.193800e-01   4.061260e-01   6.028622e-01   2.172471e-02   6.395426e-02
   102  -1.011181e+00  -1.030294e+00   3.285344e-02   3.629362e+01   1.769764e-01   4.302894e-01  -2.171487e-01  -2.397189e-01   6.935597e-02   1.163091e-01   9.589187e-02   4.457423e-01   4.327612e-01   6.242038e-01   1.769068e-02   6.053499e-02
   103  -9.720746e-01  -9.911877e-01   3.577375e-02   3.051466e+01   1.770987e-01   4.280503e-01  -1.698833e-01  -1.928733e-01   7.161799e-02   7.876933e-02   9.449455e-02   4.715555e-01   4.588407e-01   6.445619e-01   1.439323e-02   5.728201e-02
   104  -9.329683e-01  -9.520814e-01   3.900006e-02   2.569735e+01   1.771389e-01   4.254563e-01  -1.215063e-01  -1.450216e-01   7.376638e-02   5.251993e-02   9.320511e-02   4.968352e-01   4.843793e-01   6.638974e-01   1.170120e-02   5.419289e-02
   105  -8.938621e-01  -9.129752e-01   4.255979e-02   2.167243e+01   1.770652e-01   4.224756e-01  -7.178993e-02  -9.593710e-02   7.579851e-02   3.443881e-02   9.201556e-02   5.215998e-01   5.093940e-01   6.821866e-01   9.505295e-03   5.126723e-02
   106  -8.547558e-01  -8.738689e-01   4.649484e-02   1.829321e+01   1.768549e-01   4.192082e-01  -2.051875e-02  -4.539817e-02   7.771330e-02   2.219360e-02   9.092293e-02   5.458686e-01   5.339037e-01   6.994197e-01   7.715943e-03   4.850029e-02
   107  -8.156496e-01  -8.347627e-01   5.085509e-02   1.545899e+01   1.764581e-01   4.156555e-01   3.246590e-02   6.781100e-03   7.951106e-02   1.406130e-02   8.990261e-02   5.696628e-01   5.579286e-01   7.155996e-01   6.258958e-03   4.588867e-02
   108  -7.765434e-01  -7.956565e-01   5.569139e-02   1.307608e+01   1.758457e-01   4.118220e-01   8.720979e-02   6.069985e-02   8.119333e-02   8.774943e-03   8.889153e-02   5.930046e-01   5.814905e-01   7.307399e-01   5.073592e-03   4.342661e-02
   109  -7.374371e-01  -7.565502e-01   6.104249e-02   1.106569e+01   1.750140e-01   4.078863e-01   1.435359e-01   1.162854e-01   8.276263e-02   5.419085e-03   8.773894e-02   6.159168e-01   6.046118e-01   7.448636e-01   4.109892e-03   4.110847e-02
   110  -6.983309e-01  -7.174440e-01   6.697520e-02   9.362684e+00   1.739753e-01   4.040927e-01   2.009196e-01   1.731748e-01   8.422234e-02   3.339962e-03   8.617291e-02   6.384231e-01   6.273157e-01   7.580011e-01   3.326937e-03   3.892813e-02
   111  -6.592246e-01  -6.783377e-01   7.355531e-02   7.920289e+00   1.727173e-01   4.003665e-01   2.584660e-01   2.306452e-01   8.557652e-02   2.077341e-03   8.385451e-02   6.605472e-01   6.496260e-01   7.701887e-01   2.691282e-03   3.687858e-02
   112  -6.201184e-01  -6.392315e-01   8.084780e-02   6.695722e+00   1.712568e-01   3.967938e-01   3.150468e-01   2.876771e-01   8.682971e-02   1.318567e-03   8.052149e-02   6.823133e-01   6.715666e-01   7.814674e-01   2.175518e-03   3.495370e-02
   113  -5.810121e-01  -6.001252e-01   8.891973e-02   5.654078e+00   1.696166e-01   3.934334e-01   3.696010e-01   3.431799e-01   8.798682e-02   8.605850e-04   7.617310e-02   7.037455e-01   6.931616e-01   7.918814e-01   1.757322e-03   3.314629e-02
   114  -5.419059e-01  -5.610190e-01   9.782187e-02   4.766489e+00   1.678172e-01   3.902387e-01   4.214051e-01   3.962750e-01   8.905301e-02   5.786669e-04   7.109572e-02   7.248677e-01   7.144350e-01   8.014771e-01   1.418455e-03   3.144968e-02
   115  -5.027996e-01  -5.219127e-01   1.076332e-01   4.009443e+00   1.658787e-01   3.869955e-01   4.701475e-01   4.464598e-01   9.003354e-02   3.999091e-04   6.569996e-02   7.457037e-01   7.354106e-01   8.103019e-01   1.144047e-03   2.985736e-02
   116  -4.636934e-01  -4.828065e-01   1.184152e-01   3.365024e+00   1.637913e-01   3.834239e-01   5.158364e-01   4.935925e-01   9.093373e-02   2.828330e-04   6.034517e-02   7.662766e-01   7.561119e-01   8.184036e-01   9.219956e-04   2.836261e-02
   117  -4.245872e-01  -4.437003e-01   1.302433e-01   2.817038e+00   1.615386e-01   3.791855e-01   5.586610e-01   5.377763e-01   9.175884e-02   2.038321e-04   5.526087e-02   7.866092e-01   7.765618e-01   8.258295e-01   7.424347e-04   2.695927e-02
   118  -3.854809e-01  -4.045940e-01   1.431897e-01   2.352559e+00   1.591046e-01   3.739419e-01   5.988899e-01   5.792411e-01   9.251402e-02   1.491336e-04   5.056185e-02   8.067236e-01   7.967828e-01   8.326262e-01   5.973411e-04   2.564129e-02
   119  -3.463747e-01  -3.654878e-01   1.573246e-01   1.959771e+00   1.564647e-01   3.673692e-01   6.368099e-01   6.182636e-01   9.320429e-02   1.104440e-04   4.628671e-02   8.266413e-01   8.167966e-01   8.388386e-01   4.801910e-04   2.440277e-02
   120  -3.072684e-01  -3.263815e-01   1.727179e-01   1.628396e+00   1.535986e-01   3.592278e-01   6.726951e-01   6.551230e-01   9.383445e-02   8.259454e-05   4.243212e-02   8.463829e-01   8.366243e-01   8.445100e-01   3.856774e-04   2.323825e-02
   121  -2.681622e-01  -2.872753e-01   1.894151e-01   1.349425e+00   1.504903e-01   3.493195e-01   7.067892e-01   6.900767e-01   9.440910e-02   6.227072e-05   3.896883e-02   8.659682e-01   8.562860e-01   8.496819e-01   3.094897e-04   2.214254e-02
   122  -2.290559e-01  -2.481690e-01   2.074906e-01   1.115043e+00   1.471272e-01   3.374643e-01   7.393097e-01   7.233537e-01   9.493262e-02   4.725987e-05   3.586283e-02   8.854162e-01   8.758010e-01   8.543935e-01   2.481282e-04   2.111064e-02
   123  -1.899497e-01  -2.090628e-01   2.270134e-01   9.186972e-01   1.434909e-01   3.237219e-01   7.704453e-01   7.551564e-01   9.540910e-02   3.606647e-05   3.307698e-02   9.047447e-01   8.951879e-01   8.586819e-01   1.987519e-04   2.013791e-02
   124  -1.508434e-01  -1.699565e-01   2.480345e-01   7.545435e-01   1.395883e-01   3.080691e-01   8.003605e-01   7.856604e-01   9.584241e-02   2.765138e-05   3.057508e-02   9.239708e-01   9.144641e-01   8.625817e-01   1.590555e-04   1.922010e-02
   125  -1.117372e-01  -1.308503e-01   2.705847e-01   6.175915e-01   1.354293e-01   2.904322e-01   8.291983e-01   8.150187e-01   9.623618e-02   2.128155e-05   2.832478e-02   9.431105e-01   9.336461e-01   8.661256e-01   1.271713e-04   1.835313e-02
   126  -7.263095e-02  -9.174406e-02   2.946184e-01   5.034372e-01   1.310057e-01   2.705927e-01   8.570836e-01   8.433647e-01   9.659376e-02   1.643179e-05   2.629637e-02   9.621789e-01   9.527494e-01   8.693438e-01   1.015862e-04   1.753327e-02
   127  -3.352471e-02  -5.263781e-02   3.201465e-01   4.085953e-01   1.263457e-01   2.483534e-01   8.841252e-01   8.708148e-01   9.691827e-02   1.272157e-05   2.446375e-02   9.811900e-01   9.717885e-01   8.722644e-01   8.107524e-05   1.675704e-02
   128   5.581536e-03  -1.353157e-02   3.471971e-01   3.301256e-01   1.214813e-01   2.238381e-01   9.104197e-01   8.974714e-01   9.721261e-02   9.870894e-06   2.280433e-02   1.000157e+00   9.907769e-01   8.749135e-01   6.464773e-05   1.602132e-02
   129   4.468778e-02   2.557468e-02   3.757264e-01   2.654301e-01   1.164337e-01   1.971768e-01   9.360512e-01   9.234245e-01   9.747945e-02   7.673361e-06   2.129749e-02   1.019091e+00   1.009727e+00   8.773151e-01   5.150336e-05   1.532316e-02
   130   8.379403e-02   6.468092e-02   4.056497e-01   2.122867e-01   1.112349e-01   1.684440e-01   9.610945e-01   9.487534e-01   9.772124e-02   5.974154e-06   1.992598e-02   1.038005e+00   1.028651e+00   8.794912e-01   4.099599e-05   1.465987e-02
   131   1.229003e-01   1.037872e-01   4.368381e-01   1.688290e-01   1.059119e-01   1.381834e-01   9.856165e-01   9.735286e-01   9.794025e-02   4.656954e-06   1.867442e-02   1.056908e+00   1.047559e+00   8.814623e-01   3.260449e-05   1.402902e-02
   132   1.620065e-01   1.428934e-01   4.690120e-01   1.334077e-01   1.004838e-01   1.071455e-01   1.009676e+00   9.978127e-01   9.813854e-02   3.633886e-06   1.752914e-02   1.075810e+00   1.066462e+00   8.832469e-01   2.590900e-05   1.342840e-02
   133   2.011128e-01   1.819997e-01   5.021068e-01   1.046505e-01   9.497310e-02   7.528747e-02   1.033325e+00   1.021661e+00   9.831802e-02   2.837867e-06   1.647854e-02   1.094719e+00   1.085367e+00   8.848622e-01   2.057162e-05   1.285597e-02
   134   2.402190e-01   2.211059e-01   5.359303e-01   8.151639e-02   8.944714e-02   4.449897e-02   1.056611e+00   1.045124e+00   9.848042e-02   2.217620e-06   1.551234e-02   1.113643e+00   1.104284e+00   8.863237e-01   1.632072e-05   1.230991e-02
   135   2.793252e-01   2.602121e-01   5.702952e-01   6.302450e-02   8.394255e-02   1.634573e-02   1.079577e+00   1.068246e+00   9.862732e-02   1.733777e-06   1.462147e-02   1.132589e+00   1.123219e+00   8.876458e-01   1.293811e-05   1.178853e-02
   136   3.184315e-01   2.993184e-01   6.045544e-01   4.829410e-02   7.847559e-02  -1.042784e-02   1.102258e+00   1.091065e+00   9.876016e-02   1.356010e-06   1.379801e-02   1.151563e+00   1.142179e+00   8.888415e-01   1.024876e-05   1.129032e-02
   137   3.575377e-01   3.384246e-01   6.387851e-01   3.666740e-02   7.309074e-02  -3.407638e-02   1.124690e+00   1.113619e+00   9.888027e-02   1.060838e-06   1.303508e-02   1.170572e+00   1.161171e+00   8.899225e-01   8.112381e-06   1.081389e-02
   138   3.966440e-01   3.775309e-01   6.725446e-01   2.759343e-02   6.784353e-02  -5.265900e-02   1.146902e+00   1.135938e+00   9.898885e-02   8.300666e-07   1.232661e-02   1.189620e+00   1.180200e+00   8.908996e-01   6.416680e-06   1.035800e-02
   139   4.357502e-01   4.166371e-01   7.053676e-01   2.053124e-02   6.273460e-02  -6.890162e-02   1.168921e+00   1.158051e+00   9.908698e-02   6.495656e-07   1.166724e-02   1.208711e+00   1.199270e+00   8.917828e-01   5.071836e-06   9.921508e-03
   140   4.748565e-01   4.557434e-01   7.371802e-01   1.512374e-02   5.783067e-02  -8.209380e-02   1.190772e+00   1.179984e+00   9.917565e-02   5.083384e-07   1.105228e-02   1.227851e+00   1.218386e+00   8.925808e-01   4.006092e-06   9.503365e-03
   141   5.139627e-01   4.948496e-01   7.673900e-01   1.100647e-02   5.313298e-02  -9.251758e-02   1.212475e+00   1.201759e+00   9.925576e-02   3.978154e-07   1.047757e-02   1.247041e+00   1.237552e+00   8.933019e-01   3.162172e-06   9.102622e-03
   142   5.530690e-01   5.339559e-01   7.959276e-01   7.922124e-03   4.868473e-02  -9.970900e-02   1.234051e+00   1.223397e+00   9.932813e-02   3.113087e-07   9.939485e-03   1.266286e+00   1.256771e+00   8.939532e-01   2.494403e-06   8.718410e-03
   143   5.921752e-01   5.730621e-01   8.225841e-01   5.625573e-03   4.448463e-02  -1.050581e-01   1.255517e+00   1.244917e+00   9.939350e-02   2.435937e-07   9.434804e-03   1.285588e+00   1.276045e+00   8.945415e-01   1.966402e-06   8.349928e-03
   144   6.312814e-01   6.121683e-01   8.469108e-01   3.946476e-03   4.056196e-02  -1.086191e-01   1.276888e+00   1.266334e+00   9.945254e-02   1.905872e-07   8.960676e-03   1.304949e+00   1.295377e+00   8.950729e-01   1.549211e-06   7.996444e-03
   145   6.703877e-01   6.512746e-01   8.690613e-01   2.733740e-03   3.691996e-02  -1.106408e-01   1.298179e+00   1.287664e+00   9.950586e-02   1.490953e-07   8.514573e-03   1.324371e+00   1.314769e+00   8.955527e-01   1.219802e-06   7.657279e-03
   146   7.094939e-01   6.903808e-01   8.889340e-01   1.868413e-03   3.355870e-02  -1.112572e-01   1.319401e+00   1.308919e+00   9.955400e-02   1.166188e-07   8.094249e-03   1.343855e+00   1.334222e+00   8.959860e-01   9.598793e-07   7.331808e-03
   147   7.486002e-01   7.294871e-01   9.065122e-01   1.260520e-03   3.047695e-02  -1.103677e-01   1.340566e+00   1.330112e+00   9.959747e-02   9.120136e-08   7.697705e-03   1.363402e+00   1.353738e+00   8.963772e-01   7.549197e-07   7.019450e-03
   148   7.877064e-01   7.685933e-01   9.218577e-01   8.399016e-04   2.766774e-02  -1.082680e-01   1.361684e+00   1.351253e+00   9.963672e-02   7.131119e-08   7.323159e-03   1.383013e+00   1.373318e+00   8.967304e-01   5.934037e-07   6.719667e-03
   149   8.268127e-01   8.076996e-01   9.350912e-01   5.530007e-04   2.511882e-02  -1.050255e-01   1.382763e+00   1.372351e+00   9.967214e-02   5.574866e-08   6.969015e-03   1.402688e+00   1.392962e+00   8.970493e-01   4.662019e-07   6.431955e-03
   150   8.659189e-01   8.468058e-01   9.463685e-01   3.600492e-04   2.281430e-02  -1.006903e-01   1.403811e+00   1.393415e+00   9.970413e-02   4.357424e-08   6.633845e-03   1.422428e+00   1.412671e+00   8.973371e-01   3.660846e-07   6.155848e-03
   151   9.050252e-01   8.859121e-01   9.558908e-01   2.320320e-04   2.073589e-02  -9.538785e-02   1.424836e+00   1.414451e+00   9.973300e-02   3.405209e-08   6.316367e-03   1.442232e+00   1.432443e+00   8.975970e-01   2.873309e-07   5.890905e-03
   152   9.441314e-01   9.250183e-01   9.638550e-01   1.481874e-04   1.886405e-02  -8.933172e-02   1.445842e+00   1.435466e+00   9.975905e-02   2.660587e-08   6.015425e-03   1.462100e+00   1.452280e+00   8.978315e-01   2.254173e-07   5.636717e-03
   153   9.832376e-01   9.641245e-01   9.704690e-01   9.389874e-05   1.717838e-02  -8.276136e-02   1.466836e+00   1.456466e+00   9.978257e-02   2.078420e-08   5.729978e-03   1.482030e+00   1.472179e+00   8.980432e-01   1.767697e-07   5.392900e-03
   154   1.022344e+00   1.003231e+00   9.759235e-01   5.911264e-05   1.565930e-02  -7.587409e-02   1.487821e+00   1.477455e+00   9.980380e-02   1.623362e-08   5.459083e-03   1.502022e+00   1.492141e+00   8.982342e-01   1.385660e-07   5.159092e-03
   155   1.061450e+00   1.042337e+00   9.804021e-01   3.701711e-05   1.428832e-02  -6.891483e-02   1.508800e+00   1.498437e+00   9.982296e-02   1.267739e-08   5.201887e-03   1.522073e+00   1.512163e+00   8.984066e-01   1.085794e-07   4.934956e-03
   156   1.100556e+00   1.081443e+00   9.840630e-01   2.308455e-05   1.304875e-02  -6.211982e-02   1.529778e+00   1.519416e+00   9.984025e-02   9.898846e-09   4.957616e-03   1.542182e+00   1.532244e+00   8.985622e-01   8.505427e-08   4.720175e-03
   157   1.139663e+00   1.120550e+00   9.870449e-01   1.435177e-05   1.192575e-02  -5.558917e-02   1.550754e+00   1.540393e+00   9.985585e-02   7.728398e-09   4.725569e-03   1.562347e+00   1.552382e+00   8.987027e-01   6.660707e-08   4.514453e-03
   158   1.178769e+00   1.159656e+00   9.894698e-01   8.903151e-06   1.090634e-02  -4.944957e-02   1.571732e+00   1.561370e+00   9.986993e-02   6.033335e-09   4.505110e-03   1.582563e+00   1.572573e+00   8.988294e-01   5.214832e-08   4.317515e-03
   159   1.217875e+00   1.198762e+00   9.914387e-01   5.515199e-06   9.979303e-03  -4.381090e-02   1.592711e+00   1.582348e+00   9.988264e-02   4.709817e-09   4.295662e-03   1.602828e+00   1.592814e+00   8.989438e-01   4.082061e-08   4.129105e-03
   160   1.256981e+00   1.237868e+00   9.930358e-01   3.413828e-06   9.134910e-03  -3.867933e-02   1.613690e+00   1.603327e+00   9.989411e-02   3.676619e-09   4.096702e-03   1.623137e+00   1.613101e+00   8.990470e-01   3.194956e-08   3.948988e-03
   161   1.296088e+00   1.276974e+00   9.943303e-01   2.112594e-06   8.364717e-03  -3.404691e-02   1.634668e+00   1.624306e+00   9.990446e-02   2.870218e-09   3.907759e-03   1.643486e+00   1.633431e+00   8.991401e-01   2.500507e-08   3.776952e-03
   162   1.335194e+00   1.316081e+00   9.953798e-01   1.307567e-06   7.661402e-03  -2.990194e-02   1.655643e+00   1.645282e+00   9.991379e-02   2.240946e-09   3.728409e-03   1.663867e+00   1.653796e+00   8.992241e-01   1.957070e-08   3.612802e-03
   163   1.374300e+00   1.355187e+00   9.962314e-01   8.097043e-07   7.018604e-03  -2.621646e-02   1.676612e+00   1.666254e+00   9.992222e-02   1.749978e-09   3.558273e-03   1.684274e+00   1.674191e+00   8.993000e-01   1.531945e-08   3.456371e-03
   164   1.413406e+00   1.394293e+00   9.969229e-01   5.017796e-07   6.430745e-03  -2.295398e-02   1.697568e+00   1.687216e+00   9.992982e-02   1.366974e-09   3.397017e-03   1.704699e+00   1.694607e+00   8.993684e-01   1.199473e-08   3.307510e-03
   165   1.452513e+00   1.433399e+00   9.974848e-01   3.112485e-07   5.892929e-03  -2.008547e-02   1.718506e+00   1.708163e+00   9.993668e-02   1.068230e-09   3.244348e-03   1.725131e+00   1.715035e+00   8.994301e-01   9.395260e-09   3.166101e-03
   166   1.491619e+00   1.472506e+00   9.979421e-01   1.932752e-07   5.400817e-03  -1.755932e-02   1.739416e+00   1.729087e+00   9.994287e-02   8.352306e-10   3.100015e-03   1.745558e+00   1.735465e+00   8.994858e-01   7.363269e-09   3.032049e-03
   167   1.530725e+00   1.511612e+00   9.983145e-01   1.201641e-07   4.950580e-03  -1.532817e-02   1.760290e+00   1.749978e+00   9.994845e-02   6.535172e-10   2.963809e-03   1.765967e+00   1.755883e+00   8.995361e-01   5.775119e-09   2.905290e-03
   168   1.569831e+00   1.550718e+00   9.986183e-01   7.480745e-08   4.538841e-03  -1.334967e-02   1.781113e+00   1.770826e+00   9.995349e-02   5.118025e-10   2.835563e-03   1.786341e+00   1.776274e+00   8.995814e-01   4.533982e-09   2.785789e-03
   169   1.608938e+00   1.589824e+00   9.988663e-01   4.663604e-08   4.162624e-03  -1.158079e-02   1.801871e+00   1.791616e+00   9.995804e-02   4.012769e-10   2.715151e-03   1.806660e+00   1.796620e+00   8.996223e-01   3.564057e-09   2.673547e-03
   170   1.648044e+00   1.628931e+00   9.990693e-01   2.911686e-08   3.819333e-03  -9.975065e-03   1.822545e+00   1.812331e+00   9.996214e-02   3.150662e-10   2.602490e-03   1.826903e+00   1.816900e+00   8.996593e-01   2.806031e-09   2.568596e-03
   171   1.687150e+00   1.668037e+00   9.992356e-01   1.820797e-08   3.506741e-03  -8.480220e-03   1.843112e+00   1.832950e+00   9.996584e-02   2.478080e-10   2.497539e-03   1.847042e+00   1.837089e+00   8.996926e-01   2.213511e-09   2.471005e-03
   172   1.726256e+00   1.707143e+00   9.993721e-01   1.140613e-08   3.222996e-03  -7.048963e-03   1.863547e+00   1.853450e+00   9.996918e-02   1.953201e-10   2.400301e-03   1.867048e+00   1.857160e+00   8.997226e-01   1.750224e-09   2.380880e-03
   173   1.765363e+00   1.746249e+00   9.994843e-01   7.159270e-09   2.966638e-03  -5.636341e-03   1.883821e+00   1.873802e+00   9.997219e-02   1.543414e-10   2.310821e-03   1.886885e+00   1.877079e+00   8.997498e-01   1.387823e-09   2.298363e-03
   174   1.804469e+00   1.785356e+00   9.995765e-01   4.503866e-09   2.736625e-03  -4.140821e-03   1.903897e+00   1.893975e+00   9.997491e-02   1.223298e-10   2.229183e-03   1.906515e+00   1.896811e+00   8.997742e-01   1.104163e-09   2.223630e-03
   175   1.843575e+00   1.824462e+00   9.996528e-01   2.841044e-09   2.532429e-03  -2.452491e-03   1.923737e+00   1.913930e+00   9.997737e-02   9.730407e-11   2.155514e-03   1.925893e+00   1.916312e+00   8.997963e-01   8.819466e-10   2.156887e-03
   176   1.882681e+00   1.863568e+00   9.997160e-01   1.798090e-09   2.354149e-03  -4.212569e-04   1.943297e+00   1.933627e+00   9.997958e-02   7.771894e-11   2.090007e-03   1.944974e+00   1.935538e+00   8.998162e-01   7.076718e-10   2.098372e-03
   177   1.921788e+00   1.902674e+00   9.997687e-01   1.142734e-09   2.202709e-03   2.159081e-03   1.962534e+00   1.953022e+00   9.998158e-02   6.236186e-11   2.033198e-03   1.963705e+00   1.954440e+00   8.998342e-01   5.707782e-10   2.048421e-03
   178   1.960894e+00   1.941781e+00   9.998129e-01   7.300208e-10   2.080208e-03   5.498646e-03   1.981419e+00   1.972079e+00   9.998338e-02   5.024417e-11   1.987578e-03   1.982043e+00   1.972971e+00   8.998504e-01   4.628249e-10   2.008304e-03
   179   2.000000e+00   1.980887e+00   9.998500e-01   4.681995e-10   1.996057e-03   8.150742e-03   2.000000e+00   1.990809e+00   9.998500e-02   4.048056e-11   1.962578e-03   2.000000e+00   1.991114e+00   8.998650e-01   3.761921e-10   1.985297e-03
