     i          log_r       log_rmid          m_tot        rho_tot         v2_tot            eta     lgr[heavy]    lgrm[heavy]       m[heavy]     rho[heavy]      v2[heavy]     lgr[light]    lgrm[light]       m[light]     rho[light]      v2[light]
     0  -4.744333e+00  -5.045363e+00   1.025766e-07   5.153271e+07   2.785340e-01            nan  -4.744333e+00  -5.045363e+00   9.998500e-08   5.129247e+07   2.768907e-01  -3.131521e+00  -3.432551e+00   8.998650e-07   6.696715e+03   5.343829e-01
     1  -4.706655e+00  -4.725085e+00   1.323494e-07   5.084019e+07   2.776459e-01            nan  -4.721764e+00  -4.732902e+00   1.166721e-07   5.074285e+07   2.768749e-01  -3.088968e+00  -3.109724e+00   1.050049e-06   3.270781e+03   5.171602e-01
     2  -4.668977e+00  -4.687407e+00   1.708341e-07   5.072470e+07   2.775776e-01            nan  -4.699204e+00  -4.710338e+00   1.361439e-07   5.068322e+07   2.768732e-01  -3.047055e+00  -3.067506e+00   1.225295e-06   2.894695e+03   5.137998e-01
     3  -4.631299e+00  -4.649729e+00   2.205718e-07   5.058925e+07   2.775144e-01            nan  -4.676649e+00  -4.687780e+00   1.588651e-07   5.061737e+07   2.768713e-01  -3.005724e+00  -3.025898e+00   1.429786e-06   2.569689e+03   5.102875e-01
     4  -4.593621e+00  -4.612052e+00   2.848296e-07   5.043232e+07   2.774559e-01            nan  -4.654094e+00  -4.665225e+00   1.853780e-07   5.054464e+07   2.768693e-01  -2.964936e+00  -2.984852e+00   1.668402e-06   2.288248e+03   5.066215e-01
     5  -4.555943e+00  -4.574374e+00   3.678154e-07   5.025047e+07   2.774015e-01            nan  -4.631537e+00  -4.642669e+00   2.163150e-07   5.046429e+07   2.768669e-01  -2.924664e+00  -2.944333e+00   1.946835e-06   2.044066e+03   5.028371e-01
     6  -4.518265e+00  -4.536696e+00   4.749382e-07   5.003545e+07   2.773505e-01            nan  -4.608974e+00  -4.620109e+00   2.524142e-07   5.037554e+07   2.768644e-01  -2.884886e+00  -2.904320e+00   2.271728e-06   1.831681e+03   4.989480e-01
     7  -4.480588e+00  -4.499018e+00   6.131009e-07   4.978484e+07   2.773025e-01            nan  -4.586403e+00  -4.597542e+00   2.945370e-07   5.027748e+07   2.768616e-01  -2.845588e+00  -2.864793e+00   2.650833e-06   1.646465e+03   4.949877e-01
     8  -4.442910e+00  -4.461340e+00   7.911823e-07   4.949357e+07   2.772569e-01            nan  -4.563820e+00  -4.574965e+00   3.436881e-07   5.016916e+07   2.768584e-01  -2.806755e+00  -2.825738e+00   3.093193e-06   1.484475e+03   4.909526e-01
     9  -4.405232e+00  -4.423662e+00   1.020513e-06   4.914839e+07   2.772133e-01            nan  -4.541223e+00  -4.552375e+00   4.010398e-07   5.004949e+07   2.768550e-01  -2.768372e+00  -2.787140e+00   3.609358e-06   1.342305e+03   4.868929e-01
    10  -4.367554e+00  -4.385985e+00   1.315378e-06   4.874657e+07   2.771710e-01            nan  -4.518608e+00  -4.529768e+00   4.679601e-07   4.991730e+07   2.768512e-01  -2.730426e+00  -2.748984e+00   4.211641e-06   1.217215e+03   4.827678e-01
    11  -4.329876e+00  -4.348307e+00   1.694108e-06   4.828040e+07   2.771297e-01            nan  -4.495972e+00  -4.507143e+00   5.460446e-07   4.977130e+07   2.768469e-01  -2.692897e+00  -2.711256e+00   4.914402e-06   1.106636e+03   4.786530e-01
    12  -4.292198e+00  -4.310629e+00   2.179754e-06   4.772962e+07   2.770885e-01            nan  -4.473312e+00  -4.484494e+00   6.371554e-07   4.961005e+07   2.768422e-01  -2.655775e+00  -2.673940e+00   5.734398e-06   1.008737e+03   4.744716e-01
    13  -4.254521e+00  -4.272951e+00   2.800958e-06   4.709345e+07   2.770470e-01            nan  -4.450623e+00  -4.461819e+00   7.434644e-07   4.943201e+07   2.768371e-01  -2.619036e+00  -2.637017e+00   6.691180e-06   9.215512e+02   4.703131e-01
    14  -4.216843e+00  -4.235273e+00   3.594200e-06   4.635714e+07   2.770047e-01            nan  -4.427903e+00  -4.439115e+00   8.675058e-07   4.923546e+07   2.768313e-01  -2.582664e+00  -2.600469e+00   7.807552e-06   8.438001e+02   4.661091e-01
    15  -4.179165e+00  -4.197595e+00   4.603944e-06   4.549969e+07   2.769607e-01            nan  -4.405146e+00  -4.416375e+00   1.012236e-06   4.901854e+07   2.768250e-01  -2.546639e+00  -2.564278e+00   9.110122e-06   7.741383e+02   4.618899e-01
    16  -4.141487e+00  -4.159918e+00   5.885100e-06   4.452268e+07   2.769146e-01            nan  -4.382349e+00  -4.393598e+00   1.181103e-06   4.877921e+07   2.768180e-01  -2.510943e+00  -2.528424e+00   1.062993e-05   7.115670e+02   4.576299e-01
    17  -4.103809e+00  -4.122240e+00   7.505919e-06   4.339537e+07   2.768653e-01            nan  -4.359505e+00  -4.370777e+00   1.378130e-06   4.851523e+07   2.768102e-01  -2.475555e+00  -2.492888e+00   1.240317e-05   6.551915e+02   4.533137e-01
    18  -4.066131e+00  -4.084562e+00   9.544201e-06   4.211857e+07   2.768124e-01            nan  -4.336610e+00  -4.347907e+00   1.608010e-06   4.822420e+07   2.768016e-01  -2.440456e+00  -2.457651e+00   1.447209e-05   6.042058e+02   4.489500e-01
    19  -4.028454e+00  -4.046884e+00   1.210033e-05   4.067908e+07   2.767551e-01            nan  -4.313657e+00  -4.324982e+00   1.876216e-06   4.790348e+07   2.767921e-01  -2.405628e+00  -2.422693e+00   1.688595e-05   5.580229e+02   4.444924e-01
    20  -3.990776e+00  -4.009206e+00   1.528057e-05   3.906124e+07   2.766923e-01            nan  -4.290640e+00  -4.301996e+00   2.189133e-06   4.755023e+07   2.767816e-01  -2.371050e+00  -2.387995e+00   1.970220e-05   5.159835e+02   4.399771e-01
    21  -3.953098e+00  -3.971528e+00   1.922206e-05   3.727817e+07   2.766236e-01            nan  -4.267551e+00  -4.278942e+00   2.554206e-06   4.716138e+07   2.767700e-01  -2.336705e+00  -2.353538e+00   2.298786e-05   4.777034e+02   4.353392e-01
    22  -3.915420e+00  -3.933851e+00   2.405784e-05   3.531035e+07   2.765478e-01            nan  -4.244382e+00  -4.255812e+00   2.980121e-06   4.673361e+07   2.767572e-01  -2.302570e+00  -2.319302e+00   2.682109e-05   4.426414e+02   4.306388e-01
    23  -3.877742e+00  -3.896173e+00   2.996703e-05   3.318846e+07   2.764644e-01            nan  -4.221123e+00  -4.232597e+00   3.477003e-06   4.626339e+07   2.767430e-01  -2.268628e+00  -2.285267e+00   3.129303e-05   4.105300e+02   4.258117e-01
    24  -3.840064e+00  -3.858495e+00   3.708676e-05   3.091944e+07   2.763723e-01            nan  -4.197764e+00  -4.209286e+00   4.056664e-06   4.574693e+07   2.767274e-01  -2.234855e+00  -2.251413e+00   3.650997e-05   3.809518e+02   4.209237e-01
    25  -3.802387e+00  -3.820817e+00   4.562207e-05   2.852098e+07   2.762703e-01            nan  -4.174293e+00  -4.185870e+00   4.732872e-06   4.518020e+07   2.767101e-01  -2.201232e+00  -2.217718e+00   4.259585e-05   3.536983e+02   4.159292e-01
    26  -3.764709e+00  -3.783139e+00   5.575326e-05   2.605638e+07   2.761585e-01            nan  -4.150698e+00  -4.162335e+00   5.521683e-06   4.455898e+07   2.766910e-01  -2.167736e+00  -2.184161e+00   4.969515e-05   3.284588e+02   4.108910e-01
    27  -3.727031e+00  -3.745461e+00   6.757455e-05   2.353372e+07   2.760345e-01            nan  -4.126963e+00  -4.138668e+00   6.441814e-06   4.387883e+07   2.766699e-01  -2.134344e+00  -2.150719e+00   5.797633e-05   3.050688e+02   4.057806e-01
    28  -3.689353e+00  -3.707784e+00   8.128438e-05   2.100671e+07   2.758971e-01            nan  -4.103073e+00  -4.114854e+00   7.515084e-06   4.313511e+07   2.766466e-01  -2.101032e+00  -2.117369e+00   6.763576e-05   2.832930e+02   4.006630e-01
    29  -3.651675e+00  -3.670106e+00   9.699696e-05   1.853853e+07   2.757457e-01            nan  -4.079008e+00  -4.090874e+00   8.766923e-06   4.232310e+07   2.766209e-01  -2.067776e+00  -2.084086e+00   7.890231e-05   2.630101e+02   3.955159e-01
    30  -3.613997e+00  -3.632428e+00   1.147855e-04   1.617051e+07   2.755782e-01            nan  -4.054749e+00  -4.066709e+00   1.022697e-05   4.143798e+07   2.765925e-01  -2.034551e+00  -2.050846e+00   9.204273e-05   2.440406e+02   3.904080e-01
    31  -3.576320e+00  -3.594750e+00   1.346769e-04   1.394045e+07   2.753923e-01            nan  -4.030271e+00  -4.042337e+00   1.192976e-05   4.047496e+07   2.765611e-01  -2.001333e+00  -2.017625e+00   1.073678e-04   2.263043e+02   3.853096e-01
    32  -3.538642e+00  -3.557072e+00   1.566529e-04   1.188013e+07   2.751850e-01            nan  -4.005548e+00  -4.017734e+00   1.391553e-05   3.942934e+07   2.765265e-01  -1.968096e+00  -1.984397e+00   1.252398e-04   2.096637e+02   3.802933e-01
    33  -3.500964e+00  -3.519394e+00   1.806605e-04   1.001320e+07   2.749528e-01            nan  -3.980551e+00  -3.992870e+00   1.623115e-05   3.829669e+07   2.764883e-01  -1.934819e+00  -1.951139e+00   1.460803e-04   1.940741e+02   3.753105e-01
    34  -3.463286e+00  -3.481717e+00   2.066321e-04   8.353838e+06   2.746915e-01            nan  -3.955244e+00  -3.967713e+00   1.893121e-05   3.707297e+07   2.764461e-01  -1.901478e+00  -1.917829e+00   1.703808e-04   1.794331e+02   3.704298e-01
    35  -3.425608e+00  -3.444039e+00   2.345148e-04   6.906269e+06   2.743970e-01            nan  -3.929589e+00  -3.942227e+00   2.207926e-05   3.575474e+07   2.763995e-01  -1.868055e+00  -1.884445e+00   1.987134e-04   1.657144e+02   3.655930e-01
    36  -3.387930e+00  -3.406361e+00   2.643025e-04   5.665267e+06   2.740657e-01            nan  -3.903541e+00  -3.916369e+00   2.574932e-05   3.433940e+07   2.763479e-01  -1.834532e+00  -1.850970e+00   2.317439e-04   1.528525e+02   3.608372e-01
    37  -3.350253e+00  -3.368683e+00   2.959642e-04   4.617540e+06   2.736967e-01            nan  -3.877049e+00  -3.890093e+00   3.002750e-05   3.282548e+07   2.762909e-01  -1.800898e+00  -1.817390e+00   2.702475e-04   1.408229e+02   3.561134e-01
    38  -3.312575e+00  -3.331005e+00   3.285520e-04   3.737365e+06   2.732690e-01            nan  -3.850055e+00  -3.863342e+00   3.501400e-05   3.121292e+07   2.762277e-01  -1.767142e+00  -1.783692e+00   3.151260e-04   1.295825e+02   3.514267e-01
    39  -3.274897e+00  -3.293327e+00   3.630025e-04   3.011357e+06   2.727784e-01            nan  -3.822490e+00  -3.836054e+00   4.082538e-05   2.950350e+07   2.761575e-01  -1.733258e+00  -1.749870e+00   3.674284e-04   1.191031e+02   3.467465e-01
    40  -3.237219e+00  -3.255650e+00   3.993862e-04   2.420276e+06   2.722439e-01            nan  -3.794277e+00  -3.808155e+00   4.759714e-05   2.770118e+07   2.760793e-01  -1.699244e+00  -1.715918e+00   4.283742e-04   1.093514e+02   3.420538e-01
    41  -3.199541e+00  -3.217972e+00   4.361651e-04   1.939059e+06   2.716207e-01            nan  -3.765324e+00  -3.779559e+00   5.548679e-05   2.581260e+07   2.759921e-01  -1.665099e+00  -1.681836e+00   4.993811e-04   1.002919e+02   3.373482e-01
    42  -3.161863e+00  -3.180294e+00   4.753589e-04   1.552321e+06   2.709208e-01            nan  -3.735526e+00  -3.750170e+00   6.467734e-05   2.384746e+07   2.758944e-01  -1.630826e+00  -1.647624e+00   5.820960e-04   9.189396e+01   3.325943e-01
    43  -3.124186e+00  -3.142616e+00   5.152331e-04   1.241962e+06   2.701636e-01            nan  -3.704758e+00  -3.719869e+00   7.538125e-05   2.181897e+07   2.757844e-01  -1.596426e+00  -1.613286e+00   6.784313e-04   8.411497e+01   3.278306e-01
    44  -3.086508e+00  -3.104938e+00   5.572985e-04   9.946802e+05   2.692691e-01   4.724087e-01  -3.672874e+00  -3.688523e+00   8.784517e-05   1.974420e+07   2.756598e-01  -1.561905e+00  -1.578823e+00   7.906065e-04   7.692522e+01   3.230154e-01
    45  -3.048830e+00  -3.067260e+00   6.005322e-04   7.968657e+05   2.683213e-01   4.710013e-01  -3.639703e+00  -3.655972e+00   1.023551e-04   1.764435e+07   2.755176e-01  -1.527266e+00  -1.544241e+00   9.211963e-04   7.028238e+01   3.181990e-01
    46  -3.011152e+00  -3.029583e+00   6.461096e-04   6.405012e+05   2.671957e-01   4.698249e-01  -3.605041e+00  -3.622026e+00   1.192428e-04   1.554475e+07   2.753538e-01  -1.492514e+00  -1.509542e+00   1.073185e-03   6.415566e+01   3.133548e-01
    47  -2.973474e+00  -2.991905e+00   6.931441e-04   5.152132e+05   2.660448e-01   4.684959e-01  -3.568649e+00  -3.586464e+00   1.388921e-04   1.347461e+07   2.751634e-01  -1.457651e+00  -1.474733e+00   1.250029e-03   5.850799e+01   3.085119e-01
    48  -2.935796e+00  -2.954227e+00   7.431044e-04   4.163711e+05   2.647176e-01   4.674504e-01  -3.530242e+00  -3.549021e+00   1.617478e-04   1.146641e+07   2.749390e-01  -1.422682e+00  -1.439815e+00   1.455730e-03   5.330736e+01   3.036717e-01
    49  -2.898119e+00  -2.916549e+00   7.948430e-04   3.370235e+05   2.633475e-01   4.663479e-01  -3.489484e+00  -3.509385e+00   1.883238e-04   9.554698e+06   2.746707e-01  -1.387612e+00  -1.404793e+00   1.694914e-03   4.852374e+01   2.988313e-01
    50  -2.860441e+00  -2.878871e+00   8.501763e-04   2.739984e+05   2.618476e-01   4.654499e-01  -3.445982e+00  -3.467188e+00   2.192140e-04   7.774369e+06   2.743445e-01  -1.352441e+00  -1.369671e+00   1.972926e-03   4.412427e+01   2.940242e-01
    51  -2.822763e+00  -2.841193e+00   9.080001e-04   2.234676e+05   2.602639e-01   4.646416e-01  -3.399282e+00  -3.422005e+00   2.551039e-04   6.158243e+06   2.739407e-01  -1.317175e+00  -1.334450e+00   2.295935e-03   4.008585e+01   2.892116e-01
    52  -2.785085e+00  -2.803516e+00   9.697840e-04   1.827634e+05   2.586237e-01   4.638882e-01  -3.348874e+00  -3.373347e+00   2.967831e-04   4.734154e+06   2.734307e-01  -1.281814e+00  -1.299135e+00   2.671048e-03   3.637700e+01   2.844503e-01
    53  -2.747407e+00  -2.765838e+00   1.035583e-03   1.502386e+05   2.568569e-01   4.633703e-01  -3.294208e+00  -3.320681e+00   3.451610e-04   3.521739e+06   2.727743e-01  -1.246362e+00  -1.263726e+00   3.106449e-03   3.297705e+01   2.797033e-01
    54  -2.709729e+00  -2.728160e+00   1.105814e-03   1.236003e+05   2.551027e-01   4.627538e-01  -3.234743e+00  -3.263458e+00   4.012824e-04   2.529476e+06   2.719144e-01  -1.210821e+00  -1.228228e+00   3.611542e-03   2.986118e+01   2.749912e-01
    55  -2.672052e+00  -2.690482e+00   1.181304e-03   1.023535e+05   2.532002e-01   4.624527e-01  -3.170033e+00  -3.201184e+00   4.663463e-04   1.752706e+06   2.707736e-01  -1.175192e+00  -1.192641e+00   4.197117e-03   2.700749e+01   2.703196e-01
    56  -2.634374e+00  -2.652804e+00   1.262452e-03   8.476826e+04   2.513340e-01   4.620008e-01  -3.099862e+00  -3.133532e+00   5.417261e-04   1.173497e+06   2.692533e-01  -1.139478e+00  -1.156968e+00   4.875535e-03   2.439785e+01   2.656630e-01
    57  -2.596696e+00  -2.615126e+00   1.349834e-03   7.058172e+04   2.493654e-01   4.617681e-01  -3.024417e+00  -3.060503e+00   6.289911e-04   7.629663e+05   2.672415e-01  -1.103679e+00  -1.121210e+00   5.660920e-03   2.201057e+01   2.610643e-01
    58  -2.559018e+00  -2.577449e+00   1.444809e-03   5.882400e+04   2.474148e-01   4.614177e-01  -2.944428e+00  -2.982583e+00   7.299314e-04   4.859331e+05   2.646368e-01  -1.067799e+00  -1.085369e+00   6.569382e-03   1.983055e+01   2.564902e-01
    59  -2.521340e+00  -2.539771e+00   1.546995e-03   4.919165e+04   2.454123e-01   4.611308e-01  -2.861182e+00  -2.900814e+00   8.465830e-04   3.067331e+05   2.613869e-01  -1.031837e+00  -1.049446e+00   7.619247e-03   1.784106e+01   2.519488e-01
    60  -2.483662e+00  -2.502093e+00   1.659196e-03   4.120399e+04   2.434095e-01   4.607340e-01  -2.776321e+00  -2.816682e+00   9.812558e-04   1.942720e+05   2.575262e-01  -9.957957e-01  -1.013443e+00   8.831303e-03   1.602621e+01   2.474547e-01
    61  -2.445985e+00  -2.464415e+00   1.779914e-03   3.458756e+04   2.413745e-01   4.603192e-01  -2.691497e+00  -2.731842e+00   1.136562e-03   1.247345e+05   2.531822e-01  -9.596763e-01  -9.773606e-01   1.022906e-02   1.437331e+01   2.429819e-01
    62  -2.408307e+00  -2.426737e+00   1.913323e-03   2.908190e+04   2.393273e-01   4.597666e-01  -2.608057e+00  -2.647776e+00   1.315444e-03   8.171697e+04   2.485355e-01  -9.234801e-01  -9.412012e-01   1.183900e-02   1.286872e+01   2.385501e-01
    63  -2.370629e+00  -2.389059e+00   2.057176e-03   2.448749e+04   2.372456e-01   4.591835e-01  -2.526890e+00  -2.565580e+00   1.521208e-03   5.476752e+04   2.437570e-01  -8.872081e-01  -9.049655e-01   1.369088e-02   1.150065e+01   2.341550e-01
    64  -2.332951e+00  -2.351381e+00   2.216488e-03   2.064566e+04   2.351396e-01   4.584190e-01  -2.448450e+00  -2.485902e+00   1.757548e-03   3.754006e+04   2.389573e-01  -8.508636e-01  -8.686558e-01   1.581793e-02   1.025869e+01   2.297762e-01
    65  -2.295273e+00  -2.313704e+00   2.389002e-03   1.742331e+04   2.329782e-01   4.576653e-01  -2.372860e+00  -2.409013e+00   2.028572e-03   2.626461e+04   2.341709e-01  -8.144483e-01  -8.322744e-01   1.825715e-02   9.132180e+00   2.254327e-01
    66  -2.257595e+00  -2.276026e+00   2.579767e-03   1.471567e+04   2.307869e-01   4.567697e-01  -2.300030e+00  -2.334920e+00   2.338830e-03   1.870514e+04   2.293698e-01  -7.779646e-01  -7.958234e-01   2.104947e-02   8.111868e+00   2.211171e-01
    67  -2.219918e+00  -2.238348e+00   2.787418e-03   1.243516e+04   2.285048e-01   4.560156e-01  -2.229749e+00  -2.263470e+00   2.693323e-03   1.351968e+04   2.244949e-01  -7.414169e-01  -7.593064e-01   2.423991e-02   7.189432e+00   2.168122e-01
    68  -2.182240e+00  -2.200670e+00   3.016174e-03   1.051199e+04   2.262069e-01   4.551511e-01  -2.161742e+00  -2.194416e+00   3.097518e-03   9.887118e+03   2.194903e-01  -7.048098e-01  -7.227277e-01   2.787766e-02   6.356752e+00   2.125247e-01
    69  -2.144562e+00  -2.162992e+00   3.266384e-03   8.884992e+03   2.237784e-01   4.546347e-01  -2.095699e+00  -2.127466e+00   3.557342e-03   7.293760e+03   2.143330e-01  -6.681478e-01  -6.860920e-01   3.201608e-02   5.606329e+00   2.082554e-01
    70  -2.106884e+00  -2.125314e+00   3.540751e-03   7.510542e+03   2.213632e-01   4.540434e-01  -2.031292e+00  -2.062302e+00   4.079169e-03   5.411091e+03   2.090498e-01  -6.314377e-01  -6.494049e-01   3.671252e-02   4.931543e+00   2.039895e-01
    71  -2.069206e+00  -2.087637e+00   3.841757e-03   6.342203e+03   2.188200e-01   4.539402e-01  -1.968178e+00  -1.998590e+00   4.669785e-03   4.024771e+03   2.037192e-01  -5.946884e-01  -6.126744e-01   4.202806e-02   4.326198e+00   1.997156e-01
    72  -2.031528e+00  -2.049959e+00   4.170458e-03   5.353081e+03   2.162988e-01   4.539246e-01  -1.906013e+00  -1.935984e+00   5.336336e-03   2.992444e+03   1.984598e-01  -5.579086e-01  -5.759092e-01   4.802703e-02   3.784244e+00   1.954444e-01
    73  -1.993851e+00  -2.012281e+00   4.531026e-03   4.512623e+03   2.137522e-01   4.541938e-01  -1.844455e+00  -1.874144e+00   6.086254e-03   2.217936e+03   1.934058e-01  -5.211094e-01  -5.391193e-01   5.477629e-02   3.300358e+00   1.911630e-01
    74  -1.956173e+00  -1.974603e+00   4.924022e-03   3.797684e+03   2.112470e-01   4.546925e-01  -1.783188e+00  -1.812742e+00   6.927149e-03   1.635045e+03   1.886771e-01  -4.843045e-01  -5.023172e-01   6.234434e-02   2.869557e+00   1.868591e-01
    75  -1.918495e+00  -1.936925e+00   5.352788e-03   3.193487e+03   2.088041e-01   4.553064e-01  -1.721947e+00  -1.751489e+00   7.866679e-03   1.197078e+03   1.843460e-01  -4.475099e-01  -4.655177e-01   7.080011e-02   2.487177e+00   1.825253e-01
    76  -1.880817e+00  -1.899247e+00   5.818792e-03   2.676340e+03   2.064924e-01   4.559541e-01  -1.660549e+00  -1.690164e+00   8.912390e-03   8.700336e+02   1.804079e-01  -4.107426e-01  -4.287373e-01   8.021151e-02   2.148763e+00   1.781661e-01
    77  -1.843139e+00  -1.861570e+00   6.325970e-03   2.240490e+03   2.043198e-01   4.565062e-01  -1.598923e+00  -1.628644e+00   1.007152e-02   6.281850e+02   1.767683e-01  -3.740226e-01  -3.919946e-01   9.064369e-02   1.850293e+00   1.737699e-01
    78  -1.805461e+00  -1.823892e+00   6.873460e-03   1.871199e+03   2.023342e-01   4.568070e-01  -1.537122e+00  -1.566924e+00   1.135078e-02   4.513544e+02   1.732669e-01  -3.373729e-01  -3.553112e-01   1.021570e-01   1.587997e+00   1.693266e-01
    79  -1.767784e+00  -1.786214e+00   7.466563e-03   1.558909e+03   2.005889e-01   4.566225e-01  -1.475297e+00  -1.505110e+00   1.275612e-02   3.233960e+02   1.697433e-01  -3.008192e-01  -3.187116e-01   1.148050e-01   1.358347e+00   1.648301e-01
    80  -1.730106e+00  -1.748536e+00   8.107205e-03   1.297528e+03   1.990122e-01   4.560966e-01  -1.413651e+00  -1.443381e+00   1.429243e-02   2.314756e+02   1.661090e-01  -2.643889e-01  -2.822222e-01   1.286319e-01   1.158005e+00   1.602856e-01
    81  -1.692428e+00  -1.710858e+00   8.794866e-03   1.076908e+03   1.977290e-01   4.547406e-01  -1.352382e+00  -1.381937e+00   1.596333e-02   1.656932e+02   1.623660e-01  -2.281120e-01  -2.458718e-01   1.436700e-01   9.839283e-01   1.556861e-01
    82  -1.654750e+00  -1.673180e+00   9.538564e-03   8.933159e+02   1.966081e-01   4.529567e-01  -1.291656e+00  -1.320958e+00   1.777087e-02   1.186786e+02   1.585643e-01  -1.920213e-01  -2.096919e-01   1.599378e-01   8.332859e-01   1.510267e-01
    83  -1.617072e+00  -1.635503e+00   1.033417e-02   7.404826e+02   1.956624e-01   4.506395e-01  -1.231604e+00  -1.260593e+00   1.971527e-02   8.507976e+01   1.547592e-01  -1.561514e-01  -1.737161e-01   1.774374e-01   7.034461e-01   1.463103e-01
    84  -1.579394e+00  -1.597825e+00   1.119099e-02   6.134052e+02   1.948578e-01   4.479633e-01  -1.172327e+00  -1.200955e+00   2.179475e-02   6.105504e+01   1.509920e-01  -1.205376e-01  -1.379796e-01   1.961527e-01   5.919743e-01   1.415450e-01
    85  -1.541717e+00  -1.560147e+00   1.211460e-02   5.084185e+02   1.941360e-01   4.450759e-01  -1.113899e+00  -1.142131e+00   2.400535e-02   4.385954e+01   1.472912e-01  -8.521700e-02  -1.025183e-01   2.160481e-01   4.966647e-01   1.367318e-01
    86  -1.504039e+00  -1.522469e+00   1.310255e-02   4.215082e+02   1.934676e-01   4.421819e-01  -1.056369e+00  -1.084182e+00   2.634082e-02   3.153673e+01   1.436774e-01  -5.022735e-02  -6.736990e-02   2.370673e-01   4.155003e-01   1.318761e-01
    87  -1.466361e+00  -1.484791e+00   1.417143e-02   3.497750e+02   1.928231e-01   4.393713e-01  -9.997695e-01  -1.027148e+00   2.879262e-02   2.269344e+01   1.401632e-01  -1.560505e-02  -3.257128e-02   2.591336e-01   3.466333e-01   1.269968e-01
    88  -1.428683e+00  -1.447113e+00   1.531972e-02   2.905582e+02   1.922078e-01   4.366312e-01  -9.441110e-01  -9.710492e-01   3.134998e-02   1.633782e+01   1.367569e-01   1.861352e-02   1.841164e-03   2.821498e-01   2.884258e-01   1.221016e-01
    89  -1.391005e+00  -1.409436e+00   1.655875e-02   2.415689e+02   1.915771e-01   4.342196e-01  -8.893890e-01  -9.158886e-01   3.400006e-02   1.176381e+01   1.334639e-01   5.239349e-02   3.583186e-02   3.060005e-01   2.394037e-01   1.172047e-01
    90  -1.353327e+00  -1.371758e+00   1.790150e-02   2.010895e+02   1.909819e-01   4.318909e-01  -8.355826e-01  -8.616530e-01   3.672816e-02   8.467829e+00   1.302853e-01   8.570291e-02   6.936747e-02   3.305535e-01   1.982525e-01   1.123272e-01
    91  -1.315650e+00  -1.334080e+00   1.934440e-02   1.675597e+02   1.903925e-01   4.297256e-01  -7.826575e-01  -8.083143e-01   3.951809e-02   6.090591e+00   1.272221e-01   1.185116e-01   1.024170e-01   3.556628e-01   1.638250e-01   1.074809e-01
    92  -1.277972e+00  -1.296402e+00   2.091147e-02   1.397533e+02   1.898329e-01   4.277450e-01  -7.305649e-01  -7.558306e-01   4.235249e-02   4.374838e+00   1.242717e-01   1.507939e-01   1.349526e-01   3.811724e-01   1.351031e-01   1.026905e-01
    93  -1.240294e+00  -1.258724e+00   2.260865e-02   1.167189e+02   1.892974e-01   4.257660e-01  -6.792439e-01  -7.041468e-01   4.521329e-02   3.136305e+00   1.214322e-01   1.825270e-01   1.669502e-01   4.069196e-01   1.112119e-01   9.797012e-02
    94  -1.202616e+00  -1.221046e+00   2.444486e-02   9.753813e+01   1.887888e-01   4.239738e-01  -6.286207e-01  -6.531951e-01   4.808216e-02   2.242500e+00   1.186998e-01   2.136928e-01   1.983894e-01   4.327394e-01   9.138853e-02   9.333996e-02
    95  -1.164938e+00  -1.183369e+00   2.644426e-02   8.160950e+01   1.883034e-01   4.221908e-01  -5.786081e-01  -6.028949e-01   5.094094e-02   1.597978e+00   1.160708e-01   2.442769e-01   2.292540e-01   4.584685e-01   7.498070e-02   8.881571e-02
    96  -1.127260e+00  -1.145691e+00   2.861133e-02   6.836458e+01   1.878266e-01   4.204074e-01  -5.291078e-01  -5.531531e-01   5.377208e-02   1.133964e+00   1.135421e-01   2.742696e-01   2.595321e-01   4.839488e-01   6.142960e-02   8.441291e-02
    97  -1.089582e+00  -1.108013e+00   3.096791e-02   5.729946e+01   1.873745e-01   4.187221e-01  -4.800069e-01  -5.038638e-01   5.655903e-02   8.005972e-01   1.111099e-01   3.036651e-01   2.892160e-01   5.090312e-01   5.026041e-02   8.014518e-02
    98  -1.051905e+00  -1.070335e+00   3.354065e-02   4.808743e+01   1.869111e-01   4.169791e-01  -4.311769e-01  -4.549059e-01   5.928652e-02   5.617983e-01   1.087731e-01   3.324617e-01   3.183020e-01   5.335787e-01   4.107175e-02   7.602327e-02
    99  -1.014227e+00  -1.032657e+00   3.633460e-02   4.039693e+01   1.864338e-01   4.152318e-01  -3.824768e-01  -4.061445e-01   6.194091e-02   3.914298e-01   1.065296e-01   3.606619e-01   3.467906e-01   5.574682e-01   3.352494e-02   7.205696e-02
   100  -9.765490e-01  -9.949794e-01   3.938367e-02   3.395409e+01   1.859475e-01   4.134720e-01  -3.337458e-01  -3.574282e-01   6.451030e-02   2.704550e-01   1.043801e-01   3.882713e-01   3.746859e-01   5.805927e-01   2.733649e-02   6.825216e-02
   101  -9.388711e-01  -9.573016e-01   4.272011e-02   2.857183e+01   1.854107e-01   4.116335e-01  -2.848029e-01  -3.085853e-01   6.698469e-02   1.850624e-01   1.023294e-01   4.152991e-01   4.019954e-01   6.028622e-01   2.226874e-02   6.461446e-02
   102  -9.011933e-01  -9.196238e-01   4.635488e-02   2.406400e+01   1.848191e-01   4.097428e-01  -2.354523e-01  -2.594270e-01   6.935597e-02   1.252443e-01   1.003807e-01   4.417573e-01   4.287297e-01   6.242038e-01   1.812437e-02   6.114529e-02
   103  -8.635155e-01  -8.819459e-01   5.032803e-02   2.027310e+01   1.841788e-01   4.077558e-01  -1.854738e-01  -2.097445e-01   7.161799e-02   8.370092e-02   9.854321e-02   4.676605e-01   4.549020e-01   6.445619e-01   1.473879e-02   5.784651e-02
   104  -8.258376e-01  -8.442681e-01   5.468298e-02   1.709465e+01   1.834433e-01   4.056433e-01  -1.346305e-01  -1.593085e-01   7.376638e-02   5.515577e-02   9.682913e-02   4.930254e-01   4.805281e-01   6.638974e-01   1.197630e-02   5.471571e-02
   105  -7.881598e-01  -8.065903e-01   5.944718e-02   1.442552e+01   1.825986e-01   4.034050e-01  -8.268347e-02  -1.078808e-01   7.579851e-02   3.579463e-02   9.524394e-02   5.178709e-01   5.056258e-01   6.821866e-01   9.724165e-03   5.175186e-02
   106  -7.504820e-01  -7.689124e-01   6.465164e-02   1.217233e+01   1.816630e-01   4.009860e-01  -2.939788e-02  -5.522395e-02   7.771330e-02   2.285435e-02   9.379455e-02   5.422171e-01   5.302146e-01   6.994197e-01   7.889944e-03   4.894989e-02
   107  -7.128041e-01  -7.312346e-01   7.036071e-02   1.027536e+01   1.805900e-01   3.983518e-01   2.538804e-02  -1.141592e-03   7.951106e-02   1.436398e-02   9.244786e-02   5.660857e-01   5.543154e-01   7.155996e-01   6.397153e-03   4.630631e-02
   108  -6.751263e-01  -6.935567e-01   7.662368e-02   8.676766e+00   1.793646e-01   3.954962e-01   8.171550e-02   5.446433e-02   8.119333e-02   8.903620e-03   9.113429e-02   5.894992e-01   5.779502e-01   7.307399e-01   5.183262e-03   4.381483e-02
   109  -6.374485e-01  -6.558789e-01   8.346796e-02   7.326895e+00   1.779783e-01   3.923586e-01   1.393863e-01   1.115075e-01   8.276263e-02   5.470329e-03   8.968707e-02   6.124811e-01   6.011422e-01   7.448636e-01   4.196830e-03   4.146979e-02
   110  -5.997706e-01  -6.182011e-01   9.096051e-02   6.183835e+00   1.764352e-01   3.888527e-01   1.978455e-01   1.695988e-01   8.422234e-02   3.360514e-03   8.781939e-02   6.350552e-01   6.239148e-01   7.580011e-01   3.395790e-03   3.926467e-02
   111  -5.620928e-01  -5.805232e-01   9.917208e-02   5.217871e+00   1.747026e-01   3.849795e-01   2.561759e-01   2.279892e-01   8.557652e-02   2.087368e-03   8.518748e-02   6.572456e-01   6.462921e-01   7.701887e-01   2.745748e-03   3.719239e-02
   112  -5.244150e-01  -5.428454e-01   1.081655e-01   4.400752e+00   1.727700e-01   3.806728e-01   3.132603e-01   2.856553e-01   8.682971e-02   1.325315e-03   8.154730e-02   6.790768e-01   6.682984e-01   7.814674e-01   2.218554e-03   3.524656e-02
   113  -4.867371e-01  -5.051676e-01   1.179820e-01   3.708816e+00   1.706282e-01   3.758407e-01   3.680891e-01   3.415393e-01   8.798682e-02   8.660338e-04   7.693101e-02   7.005731e-01   6.899580e-01   7.918814e-01   1.791289e-03   3.341980e-02
   114  -4.490593e-01  -4.674897e-01   1.286947e-01   3.121659e+00   1.682890e-01   3.703535e-01   4.200097e-01   3.948248e-01   8.905301e-02   5.831816e-04   7.164759e-02   7.217586e-01   7.112950e-01   8.014771e-01   1.445228e-03   3.170539e-02
   115  -4.113815e-01  -4.298119e-01   1.403892e-01   2.624432e+00   1.657294e-01   3.641966e-01   4.687741e-01   4.450760e-01   9.003354e-02   4.035679e-04   6.610771e-02   7.426572e-01   7.323336e-01   8.103019e-01   1.165123e-03   3.009658e-02
   116  -3.737036e-01  -3.921341e-01   1.531339e-01   2.203291e+00   1.629435e-01   3.572592e-01   5.144364e-01   4.922051e-01   9.093373e-02   2.857233e-04   6.065590e-02   7.632922e-01   7.530972e-01   8.184036e-01   9.385648e-04   2.858654e-02
   117  -3.360258e-01  -3.544562e-01   1.669852e-01   1.846496e+00   1.599218e-01   3.493988e-01   5.572149e-01   5.363522e-01   9.175884e-02   2.060687e-04   5.550920e-02   7.836864e-01   7.736090e-01   8.258295e-01   7.554423e-04   2.716907e-02
   118  -2.983479e-01  -3.167784e-01   1.819847e-01   1.544136e+00   1.566780e-01   3.404106e-01   5.973928e-01   5.777683e-01   9.251402e-02   1.508498e-04   5.076904e-02   8.038622e-01   7.938915e-01   8.326262e-01   6.075389e-04   2.583793e-02
   119  -2.606701e-01  -2.791006e-01   1.982321e-01   1.288344e+00   1.532105e-01   3.302272e-01   6.352637e-01   6.167409e-01   9.320429e-02   1.117567e-04   4.646554e-02   8.238410e-01   8.139665e-01   8.388386e-01   4.881747e-04   2.458715e-02
   120  -2.229923e-01  -2.414227e-01   2.157860e-01   1.072252e+00   1.495143e-01   3.187132e-01   6.711055e-01   6.535542e-01   9.383445e-02   8.359571e-05   4.258997e-02   8.436434e-01   8.338551e-01   8.445100e-01   3.919185e-04   2.341123e-02
   121  -1.853144e-01  -2.037449e-01   2.346979e-01   8.899267e-01   1.455917e-01   3.057103e-01   7.051636e-01   6.884683e-01   9.440910e-02   6.303286e-05   3.911162e-02   8.632893e-01   8.535775e-01   8.496819e-01   3.143618e-04   2.230485e-02
   122  -1.476366e-01  -1.660671e-01   2.549536e-01   7.362692e-01   1.414571e-01   2.909505e-01   7.376552e-01   7.217132e-01   9.493262e-02   4.784100e-05   3.599340e-02   8.827977e-01   8.731530e-01   8.543935e-01   2.519263e-04   2.126296e-02
   123  -1.099588e-01  -1.283892e-01   2.766359e-01   6.070566e-01   1.371194e-01   2.742832e-01   7.687694e-01   7.534909e-01   9.540910e-02   3.650891e-05   3.319777e-02   9.021864e-01   8.926002e-01   8.586819e-01   2.017084e-04   2.028088e-02
   124  -7.228094e-02  -9.071138e-02   2.997613e-01   4.986933e-01   1.325814e-01   2.556699e-01   7.986698e-01   7.839769e-01   9.584241e-02   2.798873e-05   3.068736e-02   9.214725e-01   9.119365e-01   8.625817e-01   1.613538e-04   1.935429e-02
   125  -3.460310e-02  -5.303355e-02   3.243067e-01   4.080383e-01   1.278591e-01   2.350220e-01   8.274990e-01   8.133236e-01   9.623618e-02   2.153855e-05   2.842981e-02   9.406719e-01   9.311783e-01   8.661256e-01   1.289555e-04   1.847907e-02
   126   3.074733e-03  -1.535571e-02   3.502289e-01   3.324059e-01   1.229750e-01   2.121131e-01   8.553813e-01   8.416639e-01   9.659376e-02   1.662778e-05   2.639478e-02   9.597997e-01   9.503411e-01   8.693438e-01   1.029695e-04   1.765143e-02
   127   4.075257e-02   2.232212e-02   3.775283e-01   2.695409e-01   1.179409e-01   1.872503e-01   8.824251e-01   8.691137e-01   9.691827e-02   1.287093e-05   2.455627e-02   9.788698e-01   9.694394e-01   8.722644e-01   8.214628e-05   1.686789e-02
   128   7.843040e-02   5.999996e-02   4.061242e-01   2.174699e-01   1.127833e-01   1.605059e-01   9.087263e-01   8.957747e-01   9.721261e-02   9.984720e-06   2.289133e-02   9.978954e-01   9.884868e-01   8.749135e-01   6.547595e-05   1.612527e-02
   129   1.161082e-01   9.767779e-02   4.358860e-01   1.745238e-01   1.075234e-01   1.323167e-01   9.343685e-01   9.217366e-01   9.747945e-02   7.760102e-06   2.137941e-02   1.016888e+00   1.007496e+00   8.773151e-01   5.214302e-05   1.542060e-02
   130   1.537861e-01   1.353556e-01   4.666487e-01   1.392510e-01   1.021886e-01   1.034696e-01   9.594263e-01   9.470781e-01   9.772124e-02   6.040215e-06   2.000318e-02   1.035860e+00   1.026478e+00   8.794912e-01   4.148942e-05   1.475117e-02
   131   1.914639e-01   1.730335e-01   4.982236e-01   1.103343e-01   9.677842e-02   7.343477e-02   9.839659e-01   9.718694e-01   9.794025e-02   4.707253e-06   1.874712e-02   1.054820e+00   1.045443e+00   8.814623e-01   3.298467e-05   1.411454e-02
   132   2.291417e-01   2.107113e-01   5.304964e-01   8.684970e-02   9.135323e-02   4.512379e-02   1.008046e+00   9.961726e-01   9.813854e-02   3.672173e-06   1.759760e-02   1.073778e+00   1.064403e+00   8.832469e-01   2.620157e-05   1.350845e-02
   133   2.668196e-01   2.483891e-01   5.632992e-01   6.788306e-02   8.595160e-02   1.805272e-02   1.031718e+00   1.020043e+00   9.831802e-02   2.866992e-06   1.654300e-02   1.092743e+00   1.083364e+00   8.848622e-01   2.079653e-05   1.293087e-02
   134   3.044974e-01   2.860670e-01   5.963608e-01   5.266302e-02   8.061070e-02  -8.230919e-03   1.055029e+00   1.043530e+00   9.848042e-02   2.239764e-06   1.557301e-02   1.111723e+00   1.102337e+00   8.863237e-01   1.649342e-05   1.237994e-02
   135   3.421752e-01   3.237448e-01   6.291276e-01   4.050079e-02   7.532545e-02  -2.933157e-02   1.078021e+00   1.066677e+00   9.862732e-02   1.750609e-06   1.467851e-02   1.130723e+00   1.121327e+00   8.876458e-01   1.307057e-05   1.185397e-02
   136   3.798531e-01   3.614226e-01   6.616694e-01   3.086904e-02   7.015362e-02  -4.858830e-02   1.100732e+00   1.089525e+00   9.876016e-02   1.368797e-06   1.385159e-02   1.149752e+00   1.140342e+00   8.888415e-01   1.035025e-05   1.135144e-02
   137   4.175309e-01   3.991005e-01   6.936357e-01   2.332325e-02   6.514018e-02  -6.540323e-02   1.123193e+00   1.112108e+00   9.888027e-02   1.070546e-06   1.308539e-02   1.168814e+00   1.159387e+00   8.899225e-01   8.190065e-06   1.087094e-02
   138   4.552088e-01   4.367783e-01   7.244538e-01   1.743661e-02   6.028052e-02  -7.817683e-02   1.145436e+00   1.134457e+00   9.898885e-02   8.374333e-07   1.237380e-02   1.187914e+00   1.178469e+00   8.908996e-01   6.476078e-06   1.041122e-02
   139   4.928866e-01   4.744561e-01   7.542978e-01   1.290541e-02   5.562372e-02  -8.821762e-02   1.167487e+00   1.156602e+00   9.908698e-02   6.551528e-07   1.171147e-02   1.207057e+00   1.197591e+00   8.917828e-01   5.117207e-06   9.971112e-03
   140   5.305644e-01   5.121340e-01   7.823618e-01   9.447322e-03   5.118500e-02  -9.627304e-02   1.189371e+00   1.178567e+00   9.917565e-02   5.125737e-07   1.109369e-02   1.226247e+00   1.216758e+00   8.925808e-01   4.040713e-06   9.549576e-03
   141   5.682423e-01   5.498118e-01   8.089464e-01   6.839051e-03   4.698342e-02  -1.023499e-01   1.211107e+00   1.200375e+00   9.925576e-02   4.010245e-07   1.051631e-02   1.245488e+00   1.235974e+00   8.933019e-01   3.188564e-06   9.145644e-03
   142   6.059201e-01   5.874897e-01   8.334729e-01   4.892148e-03   4.302989e-02  -1.066483e-01   1.232717e+00   1.222047e+00   9.932813e-02   3.137388e-07   9.975692e-03   1.264782e+00   1.255242e+00   8.939532e-01   2.514503e-06   8.758435e-03
   143   6.435979e-01   6.251675e-01   8.560204e-01   3.460208e-03   3.933917e-02  -1.092738e-01   1.254217e+00   1.243600e+00   9.939350e-02   2.454329e-07   9.468613e-03   1.284131e+00   1.274564e+00   8.945415e-01   1.981696e-06   8.387142e-03
   144   6.812758e-01   6.628453e-01   8.765320e-01   2.416455e-03   3.590888e-02  -1.105556e-01   1.275622e+00   1.265051e+00   9.945254e-02   1.919784e-07   8.992218e-03   1.303539e+00   1.293944e+00   8.950729e-01   1.560836e-06   8.031020e-03
   145   7.189536e-01   7.005232e-01   8.948309e-01   1.667689e-03   3.274400e-02  -1.105249e-01   1.296946e+00   1.286415e+00   9.950586e-02   1.501470e-07   8.543974e-03   1.323007e+00   1.313382e+00   8.955527e-01   1.228630e-06   7.689383e-03
   146   7.566314e-01   7.382010e-01   9.110026e-01   1.137643e-03   2.983933e-02  -1.092983e-01   1.318202e+00   1.307704e+00   9.955400e-02   1.174134e-07   8.121630e-03   1.342536e+00   1.332881e+00   8.959860e-01   9.665772e-07   7.361595e-03
   147   7.943093e-01   7.758788e-01   9.251802e-01   7.672805e-04   2.718580e-02  -1.069621e-01   1.339401e+00   1.328931e+00   9.959747e-02   9.180139e-08   7.723182e-03   1.362127e+00   1.352442e+00   8.963772e-01   7.599966e-07   7.047068e-03
   148   8.319871e-01   8.135567e-01   9.374607e-01   5.118523e-04   2.477165e-02  -1.035785e-01   1.360553e+00   1.350106e+00   9.963672e-02   7.176399e-08   7.346843e-03   1.381781e+00   1.372065e+00   8.967304e-01   5.972483e-07   6.745255e-03
   149   8.696649e-01   8.512345e-01   9.479839e-01   3.379129e-04   2.258224e-02  -9.914072e-02   1.381665e+00   1.371237e+00   9.967214e-02   5.609013e-08   6.991012e-03   1.401499e+00   1.391752e+00   8.970493e-01   4.691105e-07   6.455645e-03
   150   9.073428e-01   8.889123e-01   9.569199e-01   2.210531e-04   2.060076e-02  -9.390776e-02   1.402747e+00   1.392334e+00   9.970413e-02   4.383158e-08   6.654257e-03   1.421280e+00   1.411502e+00   8.973371e-01   3.682830e-07   6.177762e-03
   151   9.450206e-01   9.265902e-01   9.644384e-01   1.434313e-04   1.880913e-02  -8.801308e-02   1.423805e+00   1.413403e+00   9.973300e-02   3.424589e-08   6.335290e-03   1.441124e+00   1.431315e+00   8.975970e-01   2.889908e-07   5.911160e-03
   152   9.826984e-01   9.642680e-01   9.707258e-01   9.240992e-05   1.718911e-02  -8.166944e-02   1.444843e+00   1.434451e+00   9.975905e-02   2.675170e-08   6.032951e-03   1.461031e+00   1.451192e+00   8.978315e-01   2.266694e-07   5.655423e-03
   153   1.020376e+00   1.001946e+00   9.759467e-01   5.918593e-05   1.572322e-02  -7.506778e-02   1.465869e+00   1.455483e+00   9.978257e-02   2.089384e-08   5.746193e-03   1.481000e+00   1.471130e+00   8.980432e-01   1.777131e-07   5.410158e-03
   154   1.058054e+00   1.039624e+00   9.802662e-01   3.772379e-05   1.439496e-02  -6.841651e-02   1.486886e+00   1.476504e+00   9.980380e-02   1.631598e-08   5.474068e-03   1.501029e+00   1.491130e+00   8.982342e-01   1.392760e-07   5.174997e-03
   155   1.095732e+00   1.077302e+00   9.838231e-01   2.395230e-05   1.318941e-02  -6.191497e-02   1.507896e+00   1.497518e+00   9.982296e-02   1.273920e-08   5.215717e-03   1.521117e+00   1.511189e+00   8.984066e-01   1.091131e-07   4.949597e-03
   156   1.133410e+00   1.114979e+00   9.867447e-01   1.516459e-05   1.209321e-02  -5.564290e-02   1.528904e+00   1.518527e+00   9.984025e-02   9.945170e-09   4.970363e-03   1.541262e+00   1.531306e+00   8.985622e-01   8.545485e-08   4.733635e-03
   157   1.171088e+00   1.152657e+00   9.891403e-01   9.580783e-06   1.109469e-02  -4.976694e-02   1.549912e+00   1.539535e+00   9.985585e-02   7.763072e-09   4.737299e-03   1.561461e+00   1.551479e+00   8.987027e-01   6.690728e-08   4.526808e-03
   158   1.208765e+00   1.190335e+00   9.911009e-01   6.044540e-06   1.018359e-02  -4.432915e-02   1.570919e+00   1.560542e+00   9.986993e-02   6.059248e-09   4.515884e-03   1.581712e+00   1.571705e+00   8.988294e-01   5.237291e-08   4.328835e-03
   159   1.246443e+00   1.228013e+00   9.927040e-01   3.810436e-06   9.351016e-03  -3.933280e-02   1.591927e+00   1.581550e+00   9.988264e-02   4.729146e-09   4.305535e-03   1.602011e+00   1.591980e+00   8.989438e-01   4.098827e-08   4.139455e-03
   160   1.284121e+00   1.265691e+00   9.940150e-01   2.401265e-06   8.589211e-03  -3.479488e-02   1.612936e+00   1.602559e+00   9.989411e-02   3.691005e-09   4.105726e-03   1.622353e+00   1.612301e+00   8.990470e-01   3.207441e-08   3.958427e-03
   161   1.321799e+00   1.303369e+00   9.950843e-01   1.513278e-06   7.891451e-03  -3.074465e-02   1.633944e+00   1.623567e+00   9.990446e-02   2.880895e-09   3.915981e-03   1.642734e+00   1.632663e+00   8.991401e-01   2.509776e-08   3.785532e-03
   162   1.359477e+00   1.341046e+00   9.959590e-01   9.540093e-07   7.251777e-03  -2.711858e-02   1.654948e+00   1.644573e+00   9.991379e-02   2.248843e-09   3.735869e-03   1.663148e+00   1.653061e+00   8.992241e-01   1.963926e-08   3.620571e-03
   163   1.397155e+00   1.378724e+00   9.966747e-01   6.017923e-07   6.664976e-03  -2.388375e-02   1.675945e+00   1.665573e+00   9.992222e-02   1.755794e-09   3.565009e-03   1.683587e+00   1.673488e+00   8.993000e-01   1.536993e-08   3.463370e-03
   164   1.434832e+00   1.416402e+00   9.972612e-01   3.799111e-07   6.126445e-03  -2.100774e-02   1.696931e+00   1.686565e+00   9.992982e-02   1.371234e-09   3.403059e-03   1.704043e+00   1.693936e+00   8.993684e-01   1.203167e-08   3.313775e-03
   165   1.472510e+00   1.454080e+00   9.977424e-01   2.400607e-07   5.632109e-03  -1.846288e-02   1.717898e+00   1.707541e+00   9.993668e-02   1.071327e-09   3.249722e-03   1.724507e+00   1.714396e+00   8.994301e-01   9.422091e-09   3.171662e-03
   166   1.510188e+00   1.491758e+00   9.981377e-01   1.518493e-07   5.178339e-03  -1.621891e-02   1.738838e+00   1.728494e+00   9.994287e-02   8.374613e-10   3.104742e-03   1.744967e+00   1.734858e+00   8.994858e-01   7.382555e-09   3.036930e-03
   167   1.547866e+00   1.529436e+00   9.984625e-01   9.616409e-08   4.761920e-03  -1.422025e-02   1.759742e+00   1.749416e+00   9.994845e-02   6.551032e-10   2.967904e-03   1.765409e+00   1.755308e+00   8.995361e-01   5.788791e-09   2.909508e-03
   168   1.585544e+00   1.567113e+00   9.987298e-01   6.097450e-08   4.379993e-03  -1.242954e-02   1.780597e+00   1.770295e+00   9.995349e-02   5.129099e-10   2.839034e-03   1.785816e+00   1.775732e+00   8.995814e-01   4.543486e-09   2.789358e-03
   169   1.623222e+00   1.604791e+00   9.989501e-01   3.871207e-08   4.030029e-03  -1.080713e-02   1.801387e+00   1.791117e+00   9.995804e-02   4.020302e-10   2.718002e-03   1.806170e+00   1.796112e+00   8.996223e-01   3.570479e-09   2.676471e-03
   170   1.660899e+00   1.642469e+00   9.991311e-01   2.461185e-08   3.709828e-03  -9.326142e-03   1.822095e+00   1.811865e+00   9.996214e-02   3.155585e-10   2.604718e-03   1.826449e+00   1.816428e+00   8.996593e-01   2.810181e-09   2.570874e-03
   171   1.698577e+00   1.680147e+00   9.992804e-01   1.567071e-08   3.417496e-03  -7.954017e-03   1.842699e+00   1.832519e+00   9.996584e-02   2.481089e-10   2.499135e-03   1.846626e+00   1.836654e+00   8.996926e-01   2.215997e-09   2.472631e-03
   172   1.736255e+00   1.717825e+00   9.994042e-01   9.994059e-09   3.151435e-03  -6.627770e-03   1.863173e+00   1.853057e+00   9.996918e-02   1.954815e-10   2.401248e-03   1.866671e+00   1.856764e+00   8.997226e-01   1.751500e-09   2.381839e-03
   173   1.773933e+00   1.755503e+00   9.995069e-01   6.385455e-09   2.910385e-03  -5.288991e-03   1.883488e+00   1.873449e+00   9.997219e-02   1.544021e-10   2.311096e-03   1.886551e+00   1.876725e+00   8.997498e-01   1.388227e-09   2.298633e-03
   174   1.811611e+00   1.793180e+00   9.995923e-01   4.088901e-09   2.693778e-03  -3.765471e-03   1.903609e+00   1.893665e+00   9.997491e-02   1.223188e-10   2.228757e-03   1.906227e+00   1.896501e+00   8.997742e-01   1.103946e-09   2.223184e-03
   175   1.849289e+00   1.830858e+00   9.996635e-01   2.625052e-09   2.501075e-03  -2.037596e-03   1.923498e+00   1.913667e+00   9.997737e-02   9.724271e-11   2.154348e-03   1.925655e+00   1.916050e+00   8.997963e-01   8.812978e-10   2.155691e-03
   176   1.886966e+00   1.868536e+00   9.997229e-01   1.690561e-09   2.332420e-03  -2.819825e-05   1.943111e+00   1.933415e+00   9.997958e-02   7.762326e-11   2.088058e-03   1.944789e+00   1.935328e+00   8.998162e-01   7.067297e-10   2.096386e-03
   177   1.924644e+00   1.906214e+00   9.997726e-01   1.092980e-09   2.188652e-03   2.511829e-03   1.962405e+00   1.952865e+00   9.998158e-02   6.224402e-11   2.030402e-03   1.963578e+00   1.954285e+00   8.998342e-01   5.696465e-10   2.045597e-03
   178   1.962322e+00   1.943892e+00   9.998146e-01   7.100502e-10   2.071687e-03   5.758960e-03   1.981351e+00   1.971981e+00   9.998338e-02   5.011399e-11   1.983832e-03   1.981977e+00   1.972875e+00   8.998504e-01   4.615848e-10   2.004567e-03
   179   2.000000e+00   1.981570e+00   9.998500e-01   4.628027e-10   1.990891e-03   8.207856e-03   2.000000e+00   1.990776e+00   9.998500e-02   4.034371e-11   1.957836e-03   2.000000e+00   1.991082e+00   8.998650e-01   3.749003e-10   1.980582e-03
