     i          log_r       log_rmid          m_tot        rho_tot         v2_tot            eta     lgr[heavy]    lgrm[heavy]       m[heavy]     rho[heavy]      v2[heavy]     lgr[light]    lgrm[light]       m[light]     rho[light]      v2[light]
     0  -3.503754e+00  -3.804784e+00   1.036919e-07   1.007455e+04   1.556962e-01            nan  -3.503754e+00  -3.804784e+00   9.998500e-08   9.734594e+03   1.506819e-01  -2.691183e+00  -2.992213e+00   8.998650e-07   3.197771e+02   2.990401e-01
     1  -3.473007e+00  -3.488108e+00   1.281804e-07   1.005507e+04   1.555842e-01            nan  -3.481386e+00  -3.492426e+00   1.166721e-07   9.723364e+03   1.506817e-01  -2.668347e+00  -2.679615e+00   1.050049e-06   3.123381e+02   2.989470e-01
     2  -3.442259e+00  -3.457361e+00   1.584535e-07   1.005256e+04   1.555738e-01            nan  -3.459019e+00  -3.470059e+00   1.361439e-07   9.722147e+03   1.506817e-01  -2.645527e+00  -2.656787e+00   1.225295e-06   3.115266e+02   2.989367e-01
     3  -3.411512e+00  -3.426614e+00   1.958768e-07   1.004980e+04   1.555635e-01            nan  -3.436653e+00  -3.447692e+00   1.588651e-07   9.720799e+03   1.506816e-01  -2.622717e+00  -2.633973e+00   1.429786e-06   3.106312e+02   2.989251e-01
     4  -3.380765e+00  -3.395867e+00   2.421379e-07   1.004671e+04   1.555534e-01            nan  -3.414287e+00  -3.425326e+00   1.853780e-07   9.719304e+03   1.506816e-01  -2.599908e+00  -2.611163e+00   1.668402e-06   3.096434e+02   2.989123e-01
     5  -3.350018e+00  -3.365119e+00   2.993219e-07   1.004329e+04   1.555434e-01            nan  -3.391922e+00  -3.402960e+00   2.163150e-07   9.717648e+03   1.506816e-01  -2.577093e+00  -2.588351e+00   1.946835e-06   3.085542e+02   2.988981e-01
     6  -3.319271e+00  -3.334372e+00   3.700049e-07   1.003949e+04   1.555336e-01            nan  -3.369556e+00  -3.380595e+00   2.524142e-07   9.715814e+03   1.506816e-01  -2.554264e+00  -2.565529e+00   2.271728e-06   3.073536e+02   2.988823e-01
     7  -3.288523e+00  -3.303625e+00   4.573695e-07   1.003518e+04   1.555241e-01            nan  -3.347189e+00  -3.358228e+00   2.945370e-07   9.713781e+03   1.506815e-01  -2.531416e+00  -2.542690e+00   2.650833e-06   3.060310e+02   2.988647e-01
     8  -3.257776e+00  -3.272878e+00   5.653485e-07   1.003038e+04   1.555149e-01            nan  -3.324822e+00  -3.335861e+00   3.436881e-07   9.711529e+03   1.506815e-01  -2.508542e+00  -2.519829e+00   3.093193e-06   3.045746e+02   2.988452e-01
     9  -3.227029e+00  -3.242130e+00   6.987936e-07   1.002495e+04   1.555059e-01            nan  -3.302453e+00  -3.313494e+00   4.010398e-07   9.709034e+03   1.506814e-01  -2.485634e+00  -2.496937e+00   3.609358e-06   3.029722e+02   2.988235e-01
    10  -3.196282e+00  -3.211383e+00   8.637046e-07   1.001880e+04   1.554974e-01            nan  -3.280083e+00  -3.291124e+00   4.679601e-07   9.706269e+03   1.506814e-01  -2.462686e+00  -2.474009e+00   4.211641e-06   3.012102e+02   2.987994e-01
    11  -3.165534e+00  -3.180636e+00   1.067483e-06   1.001191e+04   1.554891e-01            nan  -3.257712e+00  -3.268754e+00   5.460446e-07   9.703206e+03   1.506813e-01  -2.439691e+00  -2.451037e+00   4.914402e-06   2.992742e+02   2.987725e-01
    12  -3.134787e+00  -3.149889e+00   1.319260e-06   1.000400e+04   1.554814e-01            nan  -3.235338e+00  -3.246381e+00   6.371554e-07   9.699813e+03   1.506813e-01  -2.416642e+00  -2.428014e+00   5.734398e-06   2.971492e+02   2.987426e-01
    13  -3.104040e+00  -3.119141e+00   1.630322e-06   9.995057e+03   1.554741e-01            nan  -3.212963e+00  -3.224006e+00   7.434644e-07   9.696053e+03   1.506812e-01  -2.393530e+00  -2.404932e+00   6.691180e-06   2.948187e+02   2.987093e-01
    14  -3.073293e+00  -3.088394e+00   2.014563e-06   9.984947e+03   1.554674e-01            nan  -3.190584e+00  -3.201629e+00   8.675058e-07   9.691889e+03   1.506811e-01  -2.370347e+00  -2.381784e+00   7.807552e-06   2.922659e+02   2.986722e-01
    15  -3.042545e+00  -3.057647e+00   2.489141e-06   9.973291e+03   1.554615e-01            nan  -3.168203e+00  -3.179249e+00   1.012236e-06   9.687275e+03   1.506811e-01  -2.347084e+00  -2.358560e+00   9.110122e-06   2.894728e+02   2.986308e-01
    16  -3.011798e+00  -3.026900e+00   3.075224e-06   9.960132e+03   1.554562e-01            nan  -3.145818e+00  -3.156866e+00   1.181103e-06   9.682165e+03   1.506810e-01  -2.323733e+00  -2.335252e+00   1.062993e-05   2.864210e+02   2.985846e-01
    17  -2.981051e+00  -2.996153e+00   3.798796e-06   9.945079e+03   1.554518e-01            nan  -3.123429e+00  -3.134479e+00   1.378130e-06   9.676504e+03   1.506809e-01  -2.300281e+00  -2.311848e+00   1.240317e-05   2.830915e+02   2.985330e-01
    18  -2.950304e+00  -2.965405e+00   4.692008e-06   9.927823e+03   1.554485e-01            nan  -3.101036e+00  -3.112088e+00   1.608010e-06   9.670235e+03   1.506808e-01  -2.276719e+00  -2.288340e+00   1.447209e-05   2.794647e+02   2.984754e-01
    19  -2.919557e+00  -2.934658e+00   5.794342e-06   9.908311e+03   1.554462e-01            nan  -3.078638e+00  -3.089693e+00   1.876216e-06   9.663291e+03   1.506806e-01  -2.253033e+00  -2.264714e+00   1.688595e-05   2.755214e+02   2.984110e-01
    20  -2.888809e+00  -2.903911e+00   7.154247e-06   9.885778e+03   1.554454e-01            nan  -3.056235e+00  -3.067292e+00   2.189133e-06   9.655601e+03   1.506805e-01  -2.229211e+00  -2.240959e+00   1.970220e-05   2.712423e+02   2.983389e-01
    21  -2.858062e+00  -2.873164e+00   8.831584e-06   9.860126e+03   1.554460e-01            nan  -3.033826e+00  -3.044886e+00   2.554206e-06   9.647086e+03   1.506803e-01  -2.205239e+00  -2.217060e+00   2.298786e-05   2.666092e+02   2.982581e-01
    22  -2.827315e+00  -2.842416e+00   1.089945e-05   9.831069e+03   1.554482e-01            nan  -3.011410e+00  -3.022473e+00   2.980121e-06   9.637657e+03   1.506802e-01  -2.181100e+00  -2.193002e+00   2.682109e-05   2.616048e+02   2.981676e-01
    23  -2.796568e+00  -2.811669e+00   1.344767e-05   9.797355e+03   1.554527e-01            nan  -2.988987e+00  -3.000054e+00   3.477003e-06   9.627218e+03   1.506800e-01  -2.156779e+00  -2.168769e+00   3.129303e-05   2.562136e+02   2.980661e-01
    24  -2.765820e+00  -2.780922e+00   1.658673e-05   9.759219e+03   1.554593e-01            nan  -2.966555e+00  -2.977626e+00   4.056664e-06   9.615661e+03   1.506798e-01  -2.132257e+00  -2.144345e+00   3.650997e-05   2.504224e+02   2.979521e-01
    25  -2.735073e+00  -2.750175e+00   2.045039e-05   9.715755e+03   1.554685e-01            nan  -2.944115e+00  -2.955190e+00   4.732872e-06   9.602869e+03   1.506796e-01  -2.107514e+00  -2.119709e+00   4.259585e-05   2.442212e+02   2.978239e-01
    26  -2.704326e+00  -2.719428e+00   2.520371e-05   9.665743e+03   1.554810e-01            nan  -2.921664e+00  -2.932744e+00   5.521683e-06   9.588710e+03   1.506793e-01  -2.082529e+00  -2.094842e+00   4.969515e-05   2.376035e+02   2.976796e-01
    27  -2.673579e+00  -2.688680e+00   3.104801e-05   9.609285e+03   1.554967e-01   4.942366e-01  -2.899202e+00  -2.910288e+00   6.441814e-06   9.573043e+03   1.506790e-01  -2.057280e+00  -2.069721e+00   5.797633e-05   2.305680e+02   2.975172e-01
    28  -2.642832e+00  -2.657933e+00   3.822396e-05   9.544465e+03   1.555126e-01   4.942122e-01  -2.876728e+00  -2.887819e+00   7.515084e-06   9.555708e+03   1.506787e-01  -2.031743e+00  -2.044324e+00   6.763576e-05   2.231183e+02   2.973339e-01
    29  -2.612084e+00  -2.627186e+00   4.703079e-05   9.470316e+03   1.555294e-01   4.941806e-01  -2.854239e+00  -2.865338e+00   8.766923e-06   9.536531e+03   1.506784e-01  -2.005892e+00  -2.018625e+00   7.890231e-05   2.152649e+02   2.971270e-01
    30  -2.581337e+00  -2.596439e+00   5.782677e-05   9.386802e+03   1.555484e-01   4.941445e-01  -2.831736e+00  -2.842842e+00   1.022697e-05   9.515322e+03   1.506780e-01  -1.979700e+00  -1.992599e+00   9.204273e-05   2.070249e+02   2.968931e-01
    31  -2.550590e+00  -2.565691e+00   7.103671e-05   9.291283e+03   1.555708e-01   4.941035e-01  -2.809215e+00  -2.820329e+00   1.192976e-05   9.491869e+03   1.506776e-01  -1.953139e+00  -1.966217e+00   1.073678e-04   1.984234e+02   2.966284e-01
    32  -2.519843e+00  -2.534944e+00   8.718703e-05   9.183159e+03   1.555962e-01   4.940552e-01  -2.786675e+00  -2.797799e+00   1.391553e-05   9.465943e+03   1.506771e-01  -1.926180e+00  -1.939450e+00   1.252398e-04   1.894937e+02   2.963285e-01
    33  -2.489095e+00  -2.504197e+00   1.068978e-04   9.062124e+03   1.556251e-01   4.940002e-01  -2.764115e+00  -2.775249e+00   1.623115e-05   9.437289e+03   1.506766e-01  -1.898792e+00  -1.912270e+00   1.460803e-04   1.802771e+02   2.959882e-01
    34  -2.458348e+00  -2.473450e+00   1.308909e-04   8.924590e+03   1.556592e-01   4.939376e-01  -2.741531e+00  -2.752676e+00   1.893121e-05   9.405630e+03   1.506760e-01  -1.870944e+00  -1.884645e+00   1.703808e-04   1.708247e+02   2.956016e-01
    35  -2.427601e+00  -2.442702e+00   1.600600e-04   8.770348e+03   1.556977e-01   4.938642e-01  -2.718921e+00  -2.730079e+00   2.207926e-05   9.370663e+03   1.506753e-01  -1.842608e+00  -1.856545e+00   1.987134e-04   1.612003e+02   2.951636e-01
    36  -2.396854e+00  -2.411955e+00   1.954398e-04   8.599210e+03   1.557416e-01   4.937805e-01  -2.696283e+00  -2.707455e+00   2.574932e-05   9.332056e+03   1.506746e-01  -1.813755e+00  -1.827942e+00   2.317439e-04   1.514700e+02   2.946668e-01
    37  -2.366106e+00  -2.381208e+00   2.381741e-04   8.407494e+03   1.557930e-01   4.936853e-01  -2.673613e+00  -2.684800e+00   3.002750e-05   9.289450e+03   1.506738e-01  -1.784356e+00  -1.798807e+00   2.702475e-04   1.417051e+02   2.941034e-01
    38  -2.335359e+00  -2.350461e+00   2.897065e-04   8.194414e+03   1.558514e-01   4.935739e-01  -2.650908e+00  -2.662112e+00   3.501400e-05   9.242448e+03   1.506729e-01  -1.754389e+00  -1.769114e+00   3.151260e-04   1.319802e+02   2.934642e-01
    39  -2.304612e+00  -2.319714e+00   3.516530e-04   7.960986e+03   1.559179e-01   4.934470e-01  -2.628163e+00  -2.639386e+00   4.082538e-05   9.190626e+03   1.506719e-01  -1.723829e+00  -1.738840e+00   3.674284e-04   1.223712e+02   2.927390e-01
    40  -2.273865e+00  -2.288966e+00   4.257420e-04   7.706020e+03   1.559941e-01   4.933026e-01  -2.605375e+00  -2.616620e+00   4.759714e-05   9.133519e+03   1.506708e-01  -1.692660e+00  -1.707965e+00   4.283742e-04   1.129553e+02   2.919166e-01
    41  -2.243118e+00  -2.258219e+00   5.140016e-04   7.424908e+03   1.560824e-01   4.931344e-01  -2.582539e+00  -2.593807e+00   5.548679e-05   9.070629e+03   1.506695e-01  -1.660873e+00  -1.676476e+00   4.993811e-04   1.038157e+02   2.909905e-01
    42  -2.212370e+00  -2.227472e+00   6.187640e-04   7.122429e+03   1.561827e-01   4.929424e-01  -2.559649e+00  -2.570943e+00   6.467734e-05   9.001417e+03   1.506681e-01  -1.628465e+00  -1.644367e+00   5.820960e-04   9.501797e+01   2.899488e-01
    43  -2.181623e+00  -2.196725e+00   7.425172e-04   6.799295e+03   1.562971e-01   4.927241e-01  -2.536699e+00  -2.548023e+00   7.538125e-05   8.925305e+03   1.506666e-01  -1.595437e+00  -1.611637e+00   6.784313e-04   8.661851e+01   2.887782e-01
    44  -2.150876e+00  -2.165977e+00   8.877591e-04   6.456712e+03   1.564260e-01   4.924729e-01  -2.513684e+00  -2.525039e+00   8.784517e-05   8.841679e+03   1.506649e-01  -1.561803e+00  -1.578295e+00   7.906065e-04   7.866387e+01   2.874631e-01
    45  -2.120129e+00  -2.135230e+00   1.057029e-03   6.092134e+03   1.565751e-01   4.921844e-01  -2.490595e+00  -2.501986e+00   1.023551e-04   8.749881e+03   1.506630e-01  -1.527584e+00  -1.544356e+00   9.211963e-04   7.120315e+01   2.860052e-01
    46  -2.089381e+00  -2.104483e+00   1.253402e-03   5.712194e+03   1.567453e-01   4.918573e-01  -2.467424e+00  -2.478855e+00   1.192428e-04   8.649221e+03   1.506608e-01  -1.492813e+00  -1.509850e+00   1.073185e-03   6.425766e+01   2.843909e-01
    47  -2.058634e+00  -2.073736e+00   1.479714e-03   5.320926e+03   1.569385e-01   4.914867e-01  -2.444162e+00  -2.455637e+00   1.388921e-04   8.538969e+03   1.506584e-01  -1.457526e+00  -1.474811e+00   1.250029e-03   5.783696e+01   2.826049e-01
    48  -2.027887e+00  -2.042989e+00   1.738680e-03   4.922233e+03   1.571567e-01   4.910647e-01  -2.420800e+00  -2.432324e+00   1.617478e-04   8.418368e+03   1.506557e-01  -1.421774e+00  -1.439282e+00   1.455730e-03   5.194656e+01   2.806496e-01
    49  -1.997140e+00  -2.012241e+00   2.032839e-03   4.520478e+03   1.574011e-01   4.905794e-01  -2.397325e+00  -2.408904e+00   1.883238e-04   8.286637e+03   1.506527e-01  -1.385609e+00  -1.403315e+00   1.694914e-03   4.657715e+01   2.785218e-01
    50  -1.966392e+00  -1.981494e+00   2.364431e-03   4.120512e+03   1.576773e-01   4.900318e-01  -2.373724e+00  -2.385364e+00   2.192140e-04   8.142977e+03   1.506493e-01  -1.349089e+00  -1.366965e+00   1.972926e-03   4.170806e+01   2.762054e-01
    51  -1.935645e+00  -1.950747e+00   2.735301e-03   3.727249e+03   1.579888e-01   4.894150e-01  -2.349985e+00  -2.361693e+00   2.551039e-04   7.986584e+03   1.506454e-01  -1.312278e+00  -1.330294e+00   2.295935e-03   3.731646e+01   2.737132e-01
    52  -1.904898e+00  -1.920000e+00   3.146847e-03   3.345529e+03   1.583391e-01   4.887219e-01  -2.326090e+00  -2.337873e+00   2.967831e-04   7.816665e+03   1.506411e-01  -1.275239e+00  -1.293364e+00   2.671048e-03   3.337148e+01   2.710416e-01
    53  -1.874151e+00  -1.889252e+00   3.600003e-03   2.979891e+03   1.587315e-01   4.879442e-01  -2.302022e+00  -2.313890e+00   3.451610e-04   7.632451e+03   1.506362e-01  -1.238034e+00  -1.256238e+00   3.106449e-03   2.983897e+01   2.681717e-01
    54  -1.843404e+00  -1.858505e+00   4.095290e-03   2.634349e+03   1.591695e-01   4.870769e-01  -2.277762e+00  -2.289723e+00   4.012824e-04   7.433223e+03   1.506307e-01  -1.200723e+00  -1.218978e+00   3.611542e-03   2.668456e+01   2.651365e-01
    55  -1.812656e+00  -1.827758e+00   4.632893e-03   2.312170e+03   1.596558e-01   4.861118e-01  -2.253286e+00  -2.265351e+00   4.663463e-04   7.218337e+03   1.506245e-01  -1.163365e+00  -1.181642e+00   4.197117e-03   2.387277e+01   2.619154e-01
    56  -1.781909e+00  -1.797011e+00   5.212903e-03   2.015721e+03   1.601910e-01   4.850338e-01  -2.228569e+00  -2.240752e+00   5.417261e-04   6.987254e+03   1.506174e-01  -1.126009e+00  -1.144285e+00   4.875535e-03   2.136913e+01   2.585108e-01
    57  -1.751162e+00  -1.766263e+00   5.835509e-03   1.746455e+03   1.607789e-01   4.838427e-01  -2.203584e+00  -2.215897e+00   6.289911e-04   6.739578e+03   1.506093e-01  -1.088703e+00  -1.106956e+00   5.660920e-03   1.914041e+01   2.549369e-01
    58  -1.720415e+00  -1.735516e+00   6.501203e-03   1.504816e+03   1.614205e-01   4.825275e-01  -2.178298e+00  -2.190757e+00   7.299314e-04   6.475096e+03   1.506000e-01  -1.051485e+00  -1.069696e+00   6.569382e-03   1.715662e+01   2.511734e-01
    59  -1.689667e+00  -1.704769e+00   7.200366e-03   1.289601e+03   1.621220e-01   4.810875e-01  -2.152676e+00  -2.165298e+00   8.465830e-04   6.193826e+03   1.505894e-01  -1.014388e+00  -1.032541e+00   7.619247e-03   1.538829e+01   2.472546e-01
    60  -1.658920e+00  -1.674022e+00   7.937055e-03   1.099159e+03   1.628912e-01   4.795500e-01  -2.126678e+00  -2.139483e+00   9.812558e-04   5.896066e+03   1.505772e-01  -9.774336e-01  -9.955177e-01   8.831303e-03   1.381018e+01   2.431755e-01
    61  -1.628173e+00  -1.643275e+00   8.715964e-03   9.337168e+02   1.637156e-01   4.778841e-01  -2.100257e+00  -2.113266e+00   1.136562e-03   5.582448e+03   1.505631e-01  -9.406408e-01  -9.586477e-01   1.022906e-02   1.239924e+01   2.389439e-01
    62  -1.597426e+00  -1.612527e+00   9.536249e-03   7.910848e+02   1.645939e-01   4.760619e-01  -2.073362e+00  -2.086601e+00   1.315444e-03   5.253990e+03   1.505468e-01  -9.040158e-01  -9.219424e-01   1.183900e-02   1.113384e+01   2.346020e-01
    63  -1.566679e+00  -1.581780e+00   1.037825e-02   6.679805e+02   1.655340e-01   4.741199e-01  -2.045935e+00  -2.059432e+00   1.521208e-03   4.912152e+03   1.505277e-01  -8.675600e-01  -8.854055e-01   1.369088e-02   9.996455e+00   2.301543e-01
    64  -1.535931e+00  -1.551033e+00   1.126670e-02   5.630820e+02   1.665268e-01   4.720746e-01  -2.017910e+00  -2.031696e+00   1.757548e-03   4.558875e+03   1.505054e-01  -8.312654e-01  -8.490337e-01   1.581793e-02   8.970621e+00   2.256429e-01
    65  -1.505184e+00  -1.520286e+00   1.219362e-02   4.743604e+02   1.675712e-01   4.698574e-01  -1.989211e+00  -2.003323e+00   2.028572e-03   4.196619e+03   1.504791e-01  -7.951168e-01  -8.128151e-01   1.825715e-02   8.042458e+00   2.211060e-01
    66  -1.474437e+00  -1.489538e+00   1.314730e-02   3.990679e+02   1.686600e-01   4.676111e-01  -1.959754e+00  -1.974233e+00   2.338830e-03   3.828378e+03   1.504479e-01  -7.590944e-01  -7.767322e-01   2.104947e-02   7.200696e+00   2.165628e-01
    67  -1.443690e+00  -1.458791e+00   1.415784e-02   3.358769e+02   1.697869e-01   4.652170e-01  -1.929442e+00  -1.944334e+00   2.693323e-03   3.457671e+03   1.504106e-01  -7.231722e-01  -7.407620e-01   2.423991e-02   6.435132e+00   2.120600e-01
    68  -1.412942e+00  -1.428044e+00   1.518875e-02   2.827948e+02   1.709499e-01   4.627300e-01  -1.898167e+00  -1.913523e+00   3.097518e-03   3.088499e+03   1.503659e-01  -6.873211e-01  -7.048768e-01   2.787766e-02   5.737811e+00   2.076242e-01
    69  -1.382195e+00  -1.397297e+00   1.627952e-02   2.383438e+02   1.721240e-01   4.602238e-01  -1.865806e+00  -1.881685e+00   3.557342e-03   2.725265e+03   1.503116e-01  -6.515130e-01  -6.690481e-01   3.201608e-02   5.102485e+00   2.032617e-01
    70  -1.351448e+00  -1.366549e+00   1.740801e-02   2.011344e+02   1.733282e-01   4.575218e-01  -1.832221e+00  -1.848689e+00   4.079169e-03   2.372652e+03   1.502454e-01  -6.157205e-01  -6.332481e-01   3.671252e-02   4.523824e+00   1.989834e-01
    71  -1.320701e+00  -1.335802e+00   1.859360e-02   1.700583e+02   1.744970e-01   4.548586e-01  -1.797259e+00  -1.814388e+00   4.669785e-03   2.035435e+03   1.501639e-01  -5.799193e-01  -5.974511e-01   4.202806e-02   3.997495e+00   1.947936e-01
    72  -1.289953e+00  -1.305055e+00   1.983334e-02   1.440247e+02   1.756946e-01   4.519269e-01  -1.760751e+00  -1.778621e+00   5.336336e-03   1.718266e+03   1.500627e-01  -5.440920e-01  -5.616363e-01   4.802703e-02   3.520106e+00   1.906699e-01
    73  -1.259206e+00  -1.274308e+00   2.113527e-02   1.223102e+02   1.768096e-01   4.491692e-01  -1.722513e+00  -1.741211e+00   6.086254e-03   1.425405e+03   1.499360e-01  -5.082285e-01  -5.257902e-01   5.477629e-02   3.088577e+00   1.865862e-01
    74  -1.228459e+00  -1.243561e+00   2.250694e-02   1.040621e+02   1.779411e-01   4.460959e-01  -1.682352e+00  -1.701968e+00   6.927149e-03   1.160452e+03   1.497759e-01  -4.723254e-01  -4.899060e-01   6.234434e-02   2.699945e+00   1.825243e-01
    75  -1.197712e+00  -1.212813e+00   2.395220e-02   8.881943e+01   1.789563e-01   4.432739e-01  -1.640071e+00  -1.660697e+00   7.866679e-03   9.260711e+02   1.495723e-01  -4.363866e-01  -4.539843e-01   7.080011e-02   2.351403e+00   1.784637e-01
    76  -1.166965e+00  -1.182066e+00   2.548358e-02   7.596091e+01   1.799624e-01   4.401012e-01  -1.595482e+00  -1.617205e+00   8.912390e-03   7.237459e+02   1.493117e-01  -4.004230e-01  -4.180326e-01   8.021151e-02   2.040205e+00   1.743792e-01
    77  -1.136217e+00  -1.151319e+00   2.710545e-02   6.518133e+01   1.808078e-01   4.370643e-01  -1.548424e+00  -1.571316e+00   1.007152e-02   5.536417e+02   1.489767e-01  -3.644515e-01  -3.820649e-01   9.064369e-02   1.763584e+00   1.702512e-01
    78  -1.105470e+00  -1.120572e+00   2.883319e-02   5.604788e+01   1.816144e-01   4.336811e-01  -1.498786e+00  -1.522896e+00   1.135078e-02   4.145941e+02   1.485456e-01  -3.284939e-01  -3.461007e-01   1.021570e-01   1.518789e+00   1.660661e-01
    79  -1.074723e+00  -1.089824e+00   3.067330e-02   4.834771e+01   1.822388e-01   4.305467e-01  -1.446542e+00  -1.471879e+00   1.275612e-02   3.042026e+02   1.479921e-01  -2.925754e-01  -3.101634e-01   1.148050e-01   1.303104e+00   1.618239e-01
    80  -1.043976e+00  -1.059077e+00   3.264337e-02   4.179323e+01   1.827882e-01   4.270362e-01  -1.391779e+00  -1.418298e+00   1.429243e-02   2.191148e+02   1.472865e-01  -2.567255e-01  -2.742806e-01   1.286319e-01   1.113937e+00   1.575155e-01
    81  -1.013228e+00  -1.028330e+00   3.475210e-02   3.622983e+01   1.831393e-01   4.238341e-01  -1.334727e+00  -1.362317e+00   1.596333e-02   1.553885e+02   1.463973e-01  -2.209768e-01  -2.384834e-01   1.436700e-01   9.487865e-01   1.531349e-01
    82  -9.824812e-01  -9.975827e-01   3.702090e-02   3.147177e+01   1.833748e-01   4.202392e-01  -1.275770e+00  -1.304249e+00   1.777087e-02   1.089129e+02   1.452954e-01  -1.853649e-01  -2.028060e-01   1.599378e-01   8.052607e-01   1.486786e-01
    83  -9.517339e-01  -9.668355e-01   3.945953e-02   2.740275e+01   1.833848e-01   4.168585e-01  -1.215426e+00  -1.244550e+00   1.971527e-02   7.578578e+01   1.439571e-01  -1.499271e-01  -1.672846e-01   1.774374e-01   6.810816e-01   1.441547e-01
    84  -9.209867e-01  -9.360883e-01   4.209547e-02   2.390390e+01   1.832548e-01   4.132423e-01  -1.154307e+00  -1.183792e+00   2.179475e-02   5.259474e+01   1.423684e-01  -1.147023e-01  -1.319577e-01   1.961527e-01   5.741263e-01   1.395655e-01
    85  -8.902395e-01  -9.053410e-01   4.493734e-02   2.088853e+01   1.829196e-01   4.099452e-01  -1.093053e+00  -1.122601e+00   2.400535e-02   3.655658e+01   1.405248e-01  -7.973125e-02  -9.686488e-02   2.160481e-01   4.824167e-01   1.349141e-01
    86  -8.594923e-01  -8.745938e-01   4.802190e-02   1.828106e+01   1.824223e-01   4.065564e-01  -1.032264e+00  -1.061596e+00   2.634082e-02   2.553421e+01   1.384298e-01  -4.505470e-02  -6.204697e-02   2.370673e-01   4.041161e-01   1.302094e-01
    87  -8.287450e-01  -8.438466e-01   5.135331e-02   1.601846e+01   1.817420e-01   4.034639e-01  -9.724451e-01  -1.001325e+00   2.879262e-02   1.796428e+01   1.360933e-01  -1.071267e-02  -2.754432e-02   2.591336e-01   3.375355e-01   1.254678e-01
    88  -7.979978e-01  -8.130994e-01   5.497712e-02   1.404852e+01   1.809043e-01   4.005435e-01  -9.139766e-01  -9.422276e-01   3.134998e-02   1.274500e+01   1.335288e-01   2.325520e-02   6.603273e-03   2.821498e-01   2.811522e-01   1.206986e-01
    89  -7.672506e-01  -7.823521e-01   5.889849e-02   1.232829e+01   1.798954e-01   3.977687e-01  -8.571041e-01  -8.846101e-01   3.400006e-02   9.119535e+00   1.307571e-01   5.681112e-02   4.035717e-02   3.060005e-01   2.335850e-01   1.159178e-01
    90  -7.365033e-01  -7.516049e-01   6.316123e-02   1.081861e+01   1.787622e-01   3.954566e-01  -8.019471e-01  -8.286506e-01   3.672816e-02   6.576540e+00   1.278082e-01   8.992018e-02   7.368109e-02   3.305535e-01   1.935967e-01   1.111462e-01
    91  -7.057561e-01  -7.208577e-01   6.778784e-02   9.497394e+00   1.775083e-01   3.932764e-01  -7.485153e-01  -7.744100e-01   3.951809e-02   4.773190e+00   1.247254e-01   1.225495e-01   1.065412e-01   3.556628e-01   1.600985e-01   1.063970e-01
    92  -6.750089e-01  -6.901104e-01   7.280176e-02   8.329852e+00   1.761782e-01   3.916540e-01  -6.967298e-01  -7.218512e-01   4.235249e-02   3.480097e+00   1.215665e-01   1.546711e-01   1.389072e-01   3.811724e-01   1.321201e-01   1.016951e-01
    93  -6.442617e-01  -6.593632e-01   7.825364e-02   7.303976e+00   1.747600e-01   3.901268e-01  -6.464426e-01  -6.708588e-01   4.521329e-02   2.543267e+00   1.183995e-01   1.862599e-01   1.707527e-01   4.069196e-01   1.088237e-01   9.705570e-02
    94  -6.135144e-01  -6.286160e-01   8.414188e-02   6.399123e+00   1.732768e-01   3.888223e-01  -5.974556e-01  -6.212588e-01   4.808216e-02   1.858625e+00   1.152964e-01   2.172957e-01   2.020550e-01   4.327394e-01   8.947687e-02   9.249921e-02
    95  -5.827672e-01  -5.978688e-01   9.051941e-02   5.598827e+00   1.717614e-01   3.875729e-01  -5.495380e-01  -5.728363e-01   5.094094e-02   1.355126e+00   1.123261e-01   2.477623e-01   2.327961e-01   4.584685e-01   7.345052e-02   8.804244e-02
    96  -5.520200e-01  -5.671215e-01   9.741854e-02   4.893190e+00   1.701632e-01   3.862331e-01  -5.024380e-01  -5.253498e-01   5.377208e-02   9.835023e-01   1.095438e-01   2.776483e-01   2.629624e-01   4.839488e-01   6.020523e-02   8.370088e-02
    97  -5.212727e-01  -5.363743e-01   1.048397e-01   4.269656e+00   1.685272e-01   3.845780e-01  -4.558977e-01  -4.785447e-01   5.655903e-02   7.091171e-01   1.069857e-01   3.069466e-01   2.925445e-01   5.090312e-01   4.928090e-02   7.948933e-02
    98  -4.905255e-01  -5.056271e-01   1.128577e-01   3.720664e+00   1.668282e-01   3.824284e-01  -4.096634e-01  -4.321656e-01   5.928652e-02   5.070863e-01   1.046639e-01   3.356542e-01   3.215376e-01   5.335787e-01   4.028857e-02   7.541838e-02
    99  -4.597783e-01  -4.748798e-01   1.214963e-01   3.238840e+00   1.650336e-01   3.797973e-01  -3.634905e-01  -3.859636e-01   6.194091e-02   3.591313e-01   1.025664e-01   3.637724e-01   3.499408e-01   5.574682e-01   3.289892e-02   7.149887e-02
   100  -4.290311e-01  -4.441326e-01   1.307590e-01   2.814603e+00   1.631758e-01   3.762727e-01  -3.171468e-01  -3.397008e-01   6.451030e-02   2.516096e-01   1.006627e-01   3.913058e-01   3.777573e-01   5.805927e-01   2.683645e-02   6.773655e-02
   101  -3.982838e-01  -4.133854e-01   1.407268e-01   2.442893e+00   1.612050e-01   3.719348e-01  -2.704185e-01  -2.931545e-01   6.698469e-02   1.742347e-01   9.891414e-02   4.182630e-01   4.049935e-01   6.028622e-01   2.186950e-02   6.413790e-02
   102  -3.675366e-01  -3.826382e-01   1.514018e-01   2.117746e+00   1.590944e-01   3.668005e-01  -2.230953e-01  -2.461126e-01   6.935597e-02   1.191335e-01   9.728754e-02   4.446549e-01   4.316594e-01   6.242038e-01   1.780587e-02   6.070420e-02
   103  -3.367894e-01  -3.518909e-01   1.627860e-01   1.832113e+00   1.568426e-01   3.604438e-01  -1.749599e-01  -1.983611e-01   7.161799e-02   8.033384e-02   9.576501e-02   4.704957e-01   4.577674e-01   6.445619e-01   1.448483e-02   5.743805e-02
   104  -3.060421e-01  -3.211437e-01   1.749791e-01   1.582856e+00   1.544386e-01   3.531904e-01  -1.257930e-01  -1.496811e-01   7.376638e-02   5.336655e-02   9.434105e-02   4.958013e-01   4.833328e-01   6.638974e-01   1.177400e-02   5.433695e-02
   105  -2.752949e-01  -2.903965e-01   1.879959e-01   1.365632e+00   1.518726e-01   3.450661e-01  -7.536651e-02  -9.984830e-02   7.579851e-02   3.488368e-02   9.302117e-02   5.205904e-01   5.083727e-01   6.821866e-01   9.563119e-03   5.140041e-02
   106  -2.445477e-01  -2.596492e-01   2.018398e-01   1.176124e+00   1.491607e-01   3.358258e-01  -2.345912e-02  -4.863778e-02   7.771330e-02   2.241769e-02   9.180891e-02   5.448825e-01   5.329063e-01   6.994197e-01   7.761845e-03   4.862350e-02
   107  -2.138005e-01  -2.289020e-01   2.165965e-01   1.011262e+00   1.462843e-01   3.256180e-01   3.009070e-02   4.140623e-03   7.951106e-02   1.416899e-02   9.068090e-02   5.686990e-01   5.569540e-01   7.155996e-01   6.295364e-03   4.600282e-02
   108  -1.830532e-01  -1.981548e-01   2.322574e-01   8.679880e-01   1.432444e-01   3.144405e-01   8.532945e-02   5.858773e-02   8.119333e-02   8.824144e-03   8.957114e-02   5.920620e-01   5.805376e-01   7.307399e-01   5.102448e-03   4.353246e-02
   109  -1.523060e-01  -1.674076e-01   2.488049e-01   7.434137e-01   1.400616e-01   3.019721e-01   1.420764e-01   1.146291e-01   8.276263e-02   5.440786e-03   8.832586e-02   6.149947e-01   6.036797e-01   7.448636e-01   4.132740e-03   4.120674e-02
   110  -1.215588e-01  -1.366603e-01   2.662962e-01   6.350875e-01   1.366959e-01   2.882549e-01   1.998005e-01   1.718968e-01   8.422234e-02   3.349711e-03   8.666802e-02   6.375208e-01   6.264038e-01   7.580011e-01   3.345013e-03   3.901946e-02
   111  -9.081154e-02  -1.059131e-01   2.847054e-01   5.412941e-01   1.331857e-01   2.732725e-01   2.576021e-01   2.296622e-01   8.557652e-02   2.082262e-03   8.425716e-02   6.596642e-01   6.487336e-01   7.701887e-01   2.705568e-03   3.696355e-02
   112  -6.006431e-02  -7.516588e-02   3.040873e-01   4.601916e-01   1.295413e-01   2.568091e-01   3.143565e-01   2.869057e-01   8.682971e-02   1.321556e-03   8.083515e-02   6.814491e-01   6.706932e-01   7.814674e-01   2.186796e-03   3.503283e-02
   113  -2.931708e-02  -4.441865e-02   3.244308e-01   3.902131e-01   1.257685e-01   2.391052e-01   3.690170e-01   3.425461e-01   8.798682e-02   8.626798e-04   7.640924e-02   7.028996e-01   6.923068e-01   7.918814e-01   1.766216e-03   3.322004e-02
   114   1.430146e-03  -1.367142e-02   3.456812e-01   3.299217e-01   1.218810e-01   2.198569e-01   4.208796e-01   3.957220e-01   8.905301e-02   5.802275e-04   7.127152e-02   7.240399e-01   7.135984e-01   8.014771e-01   1.425461e-03   3.151850e-02
   115   3.217737e-02   1.707581e-02   3.678778e-01   2.781013e-01   1.178843e-01   1.993342e-01   4.696502e-01   4.459491e-01   9.003354e-02   4.010901e-04   6.583247e-02   7.448935e-01   7.345919e-01   8.103019e-01   1.149559e-03   2.992162e-02
   116   6.292460e-02   4.782304e-02   3.908994e-01   2.336527e-01   1.137927e-01   1.774490e-01   5.153506e-01   4.931012e-01   9.093373e-02   2.837231e-04   6.044774e-02   7.654839e-01   7.553107e-01   8.184036e-01   9.263261e-04   2.842266e-02
   117   9.367183e-02   7.857027e-02   4.147700e-01   1.956274e-01   1.096177e-01   1.545905e-01   5.581782e-01   5.372921e-01   9.175884e-02   2.045007e-04   5.534341e-02   7.858337e-01   7.757780e-01   8.258295e-01   7.458326e-04   2.701543e-02
   118   1.244191e-01   1.093175e-01   4.393707e-01   1.631783e-01   1.053729e-01   1.305208e-01   5.984061e-01   5.787578e-01   9.251402e-02   1.496358e-04   5.063061e-02   8.059653e-01   7.960162e-01   8.326262e-01   6.000038e-04   2.569385e-02
   119   1.551663e-01   1.400647e-01   4.646545e-01   1.355782e-01   1.010717e-01   1.065173e-01   6.363236e-01   6.177785e-01   9.320429e-02   1.108221e-04   4.634557e-02   8.258999e-01   8.160470e-01   8.388386e-01   4.822748e-04   2.445198e-02
   120   1.859135e-01   1.708120e-01   4.904968e-01   1.121640e-01   9.673498e-02   8.133199e-02   6.722063e-01   6.546354e-01   9.383445e-02   8.287919e-05   4.248357e-02   8.456583e-01   8.358914e-01   8.445100e-01   3.873057e-04   2.328435e-02
   121   2.166607e-01   2.015592e-01   5.168102e-01   9.237886e-02   9.236664e-02   5.796985e-02   7.062984e-01   6.895868e-01   9.440910e-02   6.248535e-05   3.901470e-02   8.652602e-01   8.555698e-01   8.496819e-01   3.107604e-04   2.218574e-02
   122   2.474080e-01   2.323064e-01   5.434967e-01   7.572081e-02   8.800359e-02   3.364888e-02   7.388177e-01   7.228624e-01   9.493262e-02   4.742222e-05   3.590418e-02   8.847247e-01   8.751015e-01   8.543935e-01   2.491186e-04   2.115112e-02
   123   2.781552e-01   2.630536e-01   5.704003e-01   6.176524e-02   8.365021e-02   1.255302e-02   7.699533e-01   7.546645e-01   9.540910e-02   3.618927e-05   3.311469e-02   9.040696e-01   8.945048e-01   8.586819e-01   1.995226e-04   2.017586e-02
   124   3.089024e-01   2.938009e-01   5.973756e-01   5.010605e-02   7.933258e-02  -8.720563e-03   7.998695e-01   7.851690e-01   9.584241e-02   2.774450e-05   3.060966e-02   9.233120e-01   9.137973e-01   8.625817e-01   1.596545e-04   1.925568e-02
   125   3.396497e-01   3.245481e-01   6.242731e-01   4.042282e-02   7.506207e-02  -2.663460e-02   8.287094e-01   8.145288e-01   9.623618e-02   2.135217e-05   2.835671e-02   9.424679e-01   9.329955e-01   8.661256e-01   1.276362e-04   1.838649e-02
   126   3.703969e-01   3.552953e-01   6.509614e-01   3.241844e-02   7.086488e-02  -4.338096e-02   8.565977e-01   8.428773e-01   9.659376e-02   1.648543e-05   2.632594e-02   9.615523e-01   9.521149e-01   8.693438e-01   1.019466e-04   1.756453e-02
   127   4.011441e-01   3.860426e-01   6.772690e-01   2.584023e-02   6.675515e-02  -5.781427e-02   8.836432e-01   8.703309e-01   9.691827e-02   1.276232e-05   2.449124e-02   9.805793e-01   9.711700e-01   8.722644e-01   8.135423e-05   1.678635e-02
   128   4.318913e-01   4.167898e-01   7.030634e-01   2.046549e-02   6.274960e-02  -6.961318e-02   9.099425e-01   8.969919e-01   9.721261e-02   9.901854e-06   2.282994e-02   9.995619e-01   9.901743e-01   8.749135e-01   6.486344e-05   1.604877e-02
   129   4.626386e-01   4.475370e-01   7.281945e-01   1.610161e-02   5.886746e-02  -8.069064e-02   9.355795e-01   9.229501e-01   9.747945e-02   7.696895e-06   2.132139e-02   1.018512e+00   1.009140e+00   8.773151e-01   5.166995e-05   1.534887e-02
   130   4.933858e-01   4.782842e-01   7.525269e-01   1.258210e-02   5.511567e-02  -8.831414e-02   9.606290e-01   9.482848e-01   9.772124e-02   5.992039e-06   1.994832e-02   1.037441e+00   1.028080e+00   8.794912e-01   4.112448e-05   1.468395e-02
   131   5.241330e-01   5.090315e-01   7.757754e-01   9.761816e-03   5.151060e-02  -9.508918e-02   9.851578e-01   9.730665e-01   9.794025e-02   4.670546e-06   1.869531e-02   1.056360e+00   1.047003e+00   8.814623e-01   3.270348e-05   1.405156e-02
   132   5.548803e-01   5.397787e-01   7.978617e-01   7.511670e-03   4.805177e-02  -1.009504e-01   1.009224e+00   9.973578e-01   9.813854e-02   3.644214e-06   1.754868e-02   1.075276e+00   1.065921e+00   8.832469e-01   2.598517e-05   1.344947e-02
   133   5.856275e-01   5.705259e-01   8.188118e-01   5.737645e-03   4.475790e-02  -1.048022e-01   1.032881e+00   1.021214e+00   9.831802e-02   2.845712e-06   1.649683e-02   1.094200e+00   1.084841e+00   8.848622e-01   2.063017e-05   1.287568e-02
   134   6.163747e-01   6.012732e-01   8.385024e-01   4.350157e-03   4.163560e-02  -1.076391e-01   1.056176e+00   1.044685e+00   9.848042e-02   2.223577e-06   1.552945e-02   1.113139e+00   1.103773e+00   8.863237e-01   1.636567e-05   1.232833e-02
   135   6.471219e-01   6.320204e-01   8.566551e-01   3.270243e-03   3.868329e-02  -1.096875e-01   1.079150e+00   1.067815e+00   9.862732e-02   1.738299e-06   1.463749e-02   1.132099e+00   1.122723e+00   8.876458e-01   1.297259e-05   1.180573e-02
   136   6.778692e-01   6.627676e-01   8.735323e-01   2.439038e-03   3.590650e-02  -1.108359e-01   1.101840e+00   1.090643e+00   9.876016e-02   1.359442e-06   1.381299e-02   1.151088e+00   1.141698e+00   8.888415e-01   1.027517e-05   1.130637e-02
   137   7.086164e-01   6.935148e-01   8.889112e-01   1.805350e-03   3.330578e-02  -1.110591e-01   1.124281e+00   1.113206e+00   9.888027e-02   1.063441e-06   1.304908e-02   1.170111e+00   1.160704e+00   8.899225e-01   8.132599e-06   1.082887e-02
   138   7.393636e-01   7.242621e-01   9.028933e-01   1.324771e-03   3.087667e-02  -1.104596e-01   1.146502e+00   1.135534e+00   9.898885e-02   8.320401e-07   1.233970e-02   1.189173e+00   1.179746e+00   8.908996e-01   6.432138e-06   1.037197e-02
   139   7.701109e-01   7.550093e-01   9.154975e-01   9.653212e-04   2.861740e-02  -1.090341e-01   1.168531e+00   1.157656e+00   9.908698e-02   6.510612e-07   1.167947e-02   1.208278e+00   1.198830e+00   8.917828e-01   5.083643e-06   9.934522e-03
   140   8.008581e-01   7.857565e-01   9.267525e-01   6.975673e-04   2.652200e-02  -1.068369e-01   1.190391e+00   1.179599e+00   9.917565e-02   5.094712e-07   1.106370e-02   1.227431e+00   1.217960e+00   8.925808e-01   4.015102e-06   9.515483e-03
   141   8.316053e-01   8.165038e-01   9.367456e-01   5.008172e-04   2.458298e-02  -1.039477e-01   1.212104e+00   1.201383e+00   9.925576e-02   3.986732e-07   1.048822e-02   1.246635e+00   1.237139e+00   8.933019e-01   3.169040e-06   9.113900e-03
   142   8.623525e-01   8.472510e-01   9.455755e-01   3.569030e-04   2.279362e-02  -1.003863e-01   1.233690e+00   1.223031e+00   9.932813e-02   3.119579e-07   9.949415e-03   1.265893e+00   1.256370e+00   8.939532e-01   2.499633e-06   8.728898e-03
   143   8.930998e-01   8.779982e-01   9.532715e-01   2.528615e-04   2.114329e-02  -9.627768e-02   1.255165e+00   1.244560e+00   9.939350e-02   2.440848e-07   9.444055e-03   1.285207e+00   1.275657e+00   8.945415e-01   1.970382e-06   8.359677e-03
   144   9.238470e-01   9.087454e-01   9.600378e-01   1.780857e-04   1.962354e-02  -9.167572e-02   1.276546e+00   1.265987e+00   9.945254e-02   1.909584e-07   8.969289e-03   1.304580e+00   1.295002e+00   8.950729e-01   1.552236e-06   8.005499e-03
   145   9.545942e-01   9.394927e-01   9.658320e-01   1.247877e-04   1.822402e-02  -8.668504e-02   1.297846e+00   1.287327e+00   9.950586e-02   1.493758e-07   8.522586e-03   1.324014e+00   1.314406e+00   8.955527e-01   1.222099e-06   7.665684e-03
   146   9.853415e-01   9.702399e-01   9.708700e-01   8.706039e-05   1.693449e-02  -8.143591e-02   1.319078e+00   1.308592e+00   9.955400e-02   1.168306e-07   8.101698e-03   1.343510e+00   1.333871e+00   8.959860e-01   9.616219e-07   7.339604e-03
   147   1.016089e+00   1.000987e+00   9.751981e-01   6.048598e-05   1.574681e-02  -7.600419e-02   1.340252e+00   1.329794e+00   9.959747e-02   9.136124e-08   7.704625e-03   1.363069e+00   1.353399e+00   8.963772e-01   7.562405e-07   7.026677e-03
   148   1.046836e+00   1.031734e+00   9.788847e-01   4.189233e-05   1.465065e-02  -7.056798e-02   1.361379e+00   1.350944e+00   9.963672e-02   7.143179e-08   7.329582e-03   1.382691e+00   1.372991e+00   8.967304e-01   5.944040e-07   6.726360e-03
   149   1.077583e+00   1.062482e+00   9.820609e-01   2.893443e-05   1.363847e-02  -6.515401e-02   1.382468e+00   1.372052e+00   9.967214e-02   5.583957e-08   6.974972e-03   1.402378e+00   1.392646e+00   8.970493e-01   4.669586e-07   6.438151e-03
   150   1.108330e+00   1.093229e+00   9.847473e-01   1.994028e-05   1.270269e-02  -5.986848e-02   1.403526e+00   1.393124e+00   9.970413e-02   4.364273e-08   6.639366e-03   1.422128e+00   1.412365e+00   8.973371e-01   3.666565e-07   6.161577e-03
   151   1.139078e+00   1.123976e+00   9.870376e-01   1.371908e-05   1.183611e-02  -5.484075e-02   1.424559e+00   1.414170e+00   9.973300e-02   3.410365e-08   6.321479e-03   1.441943e+00   1.432149e+00   8.975970e-01   2.877627e-07   5.896200e-03
   152   1.169825e+00   1.154723e+00   9.889984e-01   9.426164e-06   1.103313e-02  -5.001107e-02   1.445574e+00   1.435194e+00   9.975905e-02   2.664465e-08   6.020154e-03   1.461821e+00   1.451996e+00   8.978315e-01   2.257431e-07   5.641606e-03
   153   1.200572e+00   1.185470e+00   9.906397e-01   6.470749e-06   1.028792e-02  -4.550958e-02   1.466577e+00   1.456203e+00   9.978257e-02   2.081335e-08   5.734349e-03   1.481761e+00   1.471905e+00   8.980432e-01   1.770151e-07   5.397409e-03
   154   1.231319e+00   1.216218e+00   9.920470e-01   4.439319e-06   9.595646e-03  -4.131011e-02   1.487570e+00   1.477200e+00   9.980380e-02   1.625551e-08   5.463118e-03   1.501763e+00   1.491877e+00   8.982342e-01   1.387507e-07   5.163247e-03
   155   1.262067e+00   1.246965e+00   9.932363e-01   3.044665e-06   8.952115e-03  -3.740134e-02   1.508558e+00   1.498191e+00   9.982296e-02   1.269381e-08   5.205608e-03   1.521824e+00   1.511909e+00   8.984066e-01   1.087182e-07   4.938780e-03
   156   1.292814e+00   1.277712e+00   9.942434e-01   2.087936e-06   8.353263e-03  -3.384276e-02   1.529544e+00   1.519178e+00   9.984025e-02   9.911152e-09   4.961043e-03   1.541942e+00   1.531999e+00   8.985622e-01   8.515847e-08   4.723690e-03
   157   1.323561e+00   1.308459e+00   9.951047e-01   1.432030e-06   7.795715e-03  -3.054361e-02   1.550529e+00   1.540163e+00   9.985585e-02   7.737607e-09   4.728720e-03   1.562116e+00   1.552146e+00   8.987027e-01   6.668516e-08   4.517679e-03
   158   1.354308e+00   1.339207e+00   9.958256e-01   9.824115e-07   7.276311e-03  -2.757822e-02   1.571515e+00   1.561149e+00   9.986993e-02   6.040215e-09   4.508002e-03   1.582341e+00   1.572346e+00   8.988294e-01   5.220674e-08   4.320470e-03
   159   1.385055e+00   1.369954e+00   9.964448e-01   6.742334e-07   6.792204e-03  -2.485175e-02   1.592501e+00   1.582135e+00   9.988264e-02   4.714948e-09   4.298310e-03   1.602615e+00   1.592596e+00   8.989438e-01   4.086422e-08   4.131806e-03
   160   1.415803e+00   1.400701e+00   9.969659e-01   4.629723e-07   6.340905e-03  -2.239603e-02   1.613489e+00   1.603122e+00   9.989411e-02   3.680437e-09   4.099121e-03   1.622933e+00   1.612893e+00   8.990470e-01   3.198203e-08   3.951452e-03
   161   1.446550e+00   1.431448e+00   9.974115e-01   3.180838e-07   5.920046e-03  -2.015993e-02   1.634475e+00   1.624109e+00   9.990446e-02   2.873051e-09   3.909962e-03   1.643290e+00   1.633230e+00   8.991401e-01   2.502918e-08   3.779191e-03
   162   1.477297e+00   1.462196e+00   9.977892e-01   2.186982e-07   5.527608e-03  -1.813868e-02   1.655458e+00   1.645093e+00   9.991379e-02   2.243040e-09   3.730406e-03   1.663679e+00   1.653604e+00   8.992241e-01   1.958853e-08   3.614829e-03
   163   1.508044e+00   1.492943e+00   9.981107e-01   1.504653e-07   5.161623e-03  -1.630804e-02   1.676434e+00   1.666073e+00   9.992222e-02   1.751520e-09   3.560076e-03   1.684095e+00   1.674007e+00   8.993000e-01   1.533258e-08   3.458197e-03
   164   1.538792e+00   1.523690e+00   9.983850e-01   1.036081e-07   4.820440e-03  -1.464092e-02   1.697398e+00   1.687043e+00   9.992982e-02   1.368103e-09   3.398633e-03   1.704528e+00   1.694432e+00   8.993684e-01   1.200433e-08   3.309144e-03
   165   1.569539e+00   1.554437e+00   9.986178e-01   7.139731e-08   4.502428e-03  -1.313248e-02   1.718344e+00   1.707997e+00   9.993668e-02   1.069051e-09   3.245785e-03   1.724968e+00   1.714868e+00   8.994301e-01   9.402237e-09   3.167551e-03
   166   1.600286e+00   1.585184e+00   9.988175e-01   4.924552e-08   4.206247e-03  -1.173628e-02   1.739262e+00   1.728929e+00   9.994287e-02   8.358218e-10   3.101278e-03   1.745404e+00   1.735306e+00   8.994858e-01   7.368283e-09   3.033322e-03
   167   1.631033e+00   1.615932e+00   9.989868e-01   3.399584e-08   3.930561e-03  -1.046853e-02   1.760144e+00   1.749829e+00   9.994845e-02   6.539374e-10   2.964903e-03   1.765822e+00   1.755733e+00   8.995361e-01   5.778673e-09   2.906390e-03
   168   1.661780e+00   1.646679e+00   9.991326e-01   2.349189e-08   3.674319e-03  -9.251797e-03   1.780976e+00   1.770685e+00   9.995349e-02   5.120958e-10   2.836491e-03   1.786204e+00   1.776132e+00   8.995814e-01   4.536452e-09   2.786720e-03
   169   1.692528e+00   1.677426e+00   9.992562e-01   1.624942e-08   3.436459e-03  -8.139053e-03   1.801742e+00   1.791483e+00   9.995804e-02   4.014763e-10   2.715913e-03   1.806533e+00   1.796487e+00   8.996223e-01   3.565726e-09   2.674309e-03
   170   1.723275e+00   1.708173e+00   9.993631e-01   1.125255e-08   3.216222e-03  -6.988910e-03   1.822425e+00   1.812207e+00   9.996214e-02   3.151964e-10   2.603085e-03   1.826785e+00   1.816777e+00   8.996593e-01   2.807109e-09   2.569190e-03
   171   1.754022e+00   1.738921e+00   9.994538e-01   7.801474e-09   3.012833e-03  -5.929779e-03   1.843002e+00   1.832836e+00   9.996584e-02   2.478875e-10   2.497966e-03   1.846934e+00   1.836976e+00   8.996926e-01   2.214156e-09   2.471429e-03
   172   1.784769e+00   1.769668e+00   9.995326e-01   5.416321e-09   2.825872e-03  -4.715189e-03   1.863448e+00   1.853345e+00   9.996918e-02   1.953626e-10   2.400555e-03   1.866950e+00   1.857057e+00   8.997226e-01   1.750554e-09   2.381130e-03
   173   1.815517e+00   1.800415e+00   9.995995e-01   3.766089e-09   2.654884e-03  -3.543250e-03   1.883732e+00   1.873709e+00   9.997219e-02   1.543573e-10   2.310896e-03   1.886798e+00   1.876987e+00   8.997498e-01   1.387927e-09   2.298433e-03
   174   1.846264e+00   1.831162e+00   9.996578e-01   2.623417e-09   2.499867e-03  -2.061860e-03   1.903820e+00   1.893892e+00   9.997491e-02   1.223267e-10   2.229072e-03   1.906440e+00   1.896730e+00   8.997742e-01   1.104105e-09   2.223513e-03
   175   1.877011e+00   1.861910e+00   9.997076e-01   1.831296e-09   2.360890e-03  -5.211911e-04   1.923673e+00   1.913860e+00   9.997737e-02   9.728763e-11   2.155206e-03   1.925831e+00   1.916244e+00   8.997963e-01   8.817765e-10   2.156575e-03
   176   1.907758e+00   1.892657e+00   9.997511e-01   1.281548e-09   2.238306e-03   1.538902e-03   1.943248e+00   1.933571e+00   9.997958e-02   7.769342e-11   2.089491e-03   1.944926e+00   1.935483e+00   8.998162e-01   7.074256e-10   2.097854e-03
   177   1.938506e+00   1.923404e+00   9.997886e-01   8.996155e-10   2.133427e-03   3.862590e-03   1.962500e+00   1.952980e+00   9.998158e-02   6.233048e-11   2.032456e-03   1.963672e+00   1.954400e+00   8.998342e-01   5.704828e-10   2.047685e-03
   178   1.969253e+00   1.954151e+00   9.998213e-01   6.336067e-10   2.046519e-03   6.625081e-03   1.981401e+00   1.972053e+00   9.998338e-02   5.020951e-11   1.986585e-03   1.982026e+00   1.972946e+00   8.998504e-01   4.625013e-10   2.007330e-03
   179   2.000000e+00   1.984898e+00   9.998500e-01   4.467670e-10   1.989785e-03   8.285752e-03   2.000000e+00   1.990800e+00   9.998500e-02   4.044414e-11   1.961322e-03   2.000000e+00   1.991106e+00   8.998650e-01   3.758550e-10   1.984069e-03
