     i          log_r       log_rmid          m_tot        rho_tot         v2_tot            eta     lgr[heavy]    lgrm[heavy]       m[heavy]     rho[heavy]      v2[heavy]     lgr[light]    lgrm[light]       m[light]     rho[light]      v2[light]
     0  -3.862317e+00  -4.163347e+00   1.018392e-07   1.173556e+05   1.377898e-01            nan  -3.862317e+00  -4.163347e+00   9.998500e-08   1.158798e+05   1.360821e-01  -2.850921e+00  -3.151951e+00   8.998650e-07   9.639676e+02   2.773319e-01
     1  -3.829567e+00  -3.845633e+00   1.275581e-07   1.168278e+05   1.376042e-01            nan  -3.839913e+00  -3.850971e+00   1.166721e-07   1.155455e+05   1.360848e-01  -2.825681e+00  -2.838118e+00   1.050049e-06   8.446318e+02   2.790467e-01
     2  -3.796816e+00  -3.812883e+00   1.597774e-07   1.167544e+05   1.375867e-01            nan  -3.817512e+00  -3.828568e+00   1.361439e-07   1.155092e+05   1.360851e-01  -2.800536e+00  -2.812927e+00   1.225295e-06   8.313102e+02   2.792572e-01
     3  -3.764066e+00  -3.780133e+00   2.001376e-07   1.166725e+05   1.375696e-01            nan  -3.795111e+00  -3.806167e+00   1.588651e-07   1.154691e+05   1.360854e-01  -2.775435e+00  -2.787804e+00   1.429786e-06   8.169322e+02   2.794916e-01
     4  -3.731316e+00  -3.747382e+00   2.506920e-07   1.165800e+05   1.375529e-01            nan  -3.772712e+00  -3.783767e+00   1.853780e-07   1.154246e+05   1.360858e-01  -2.750333e+00  -2.762703e+00   1.668402e-06   8.014430e+02   2.797531e-01
     5  -3.698565e+00  -3.714632e+00   3.140086e-07   1.164764e+05   1.375367e-01            nan  -3.750312e+00  -3.761367e+00   2.163150e-07   1.153754e+05   1.360862e-01  -2.725186e+00  -2.737577e+00   1.946835e-06   7.847931e+02   2.800450e-01
     6  -3.665815e+00  -3.681881e+00   3.933016e-07   1.163580e+05   1.375209e-01            nan  -3.727910e+00  -3.738966e+00   2.524142e-07   1.153209e+05   1.360866e-01  -2.699955e+00  -2.712388e+00   2.271728e-06   7.669399e+02   2.803714e-01
     7  -3.633065e+00  -3.649131e+00   4.925880e-07   1.162252e+05   1.375056e-01            nan  -3.705507e+00  -3.716564e+00   2.945370e-07   1.152605e+05   1.360871e-01  -2.674603e+00  -2.687095e+00   2.650833e-06   7.478503e+02   2.807367e-01
     8  -3.600314e+00  -3.616381e+00   6.168903e-07   1.160717e+05   1.374910e-01            nan  -3.683101e+00  -3.694159e+00   3.436881e-07   1.151936e+05   1.360876e-01  -2.649094e+00  -2.661661e+00   3.093193e-06   7.275024e+02   2.811459e-01
     9  -3.567564e+00  -3.583630e+00   7.724855e-07   1.158989e+05   1.374769e-01            nan  -3.660691e+00  -3.671751e+00   4.010398e-07   1.151196e+05   1.360882e-01  -2.623390e+00  -2.636052e+00   3.609358e-06   7.058888e+02   2.816047e-01
    10  -3.534813e+00  -3.550880e+00   9.672030e-07   1.156989e+05   1.374635e-01            nan  -3.638277e+00  -3.649339e+00   4.679601e-07   1.150376e+05   1.360889e-01  -2.597458e+00  -2.610230e+00   4.211641e-06   6.830182e+02   2.821197e-01
    11  -3.502063e+00  -3.518130e+00   1.210837e-06   1.154719e+05   1.374508e-01            nan  -3.615858e+00  -3.626923e+00   5.460446e-07   1.149468e+05   1.360896e-01  -2.571261e+00  -2.584162e+00   4.914402e-06   6.589247e+02   2.826978e-01
    12  -3.469313e+00  -3.485379e+00   1.515554e-06   1.152099e+05   1.374390e-01            nan  -3.593432e+00  -3.604500e+00   6.371554e-07   1.148463e+05   1.360904e-01  -2.544766e+00  -2.557811e+00   5.734398e-06   6.336665e+02   2.833464e-01
    13  -3.436562e+00  -3.452629e+00   1.896603e-06   1.149104e+05   1.374281e-01            nan  -3.571000e+00  -3.582072e+00   7.434644e-07   1.147350e+05   1.360914e-01  -2.517936e+00  -2.531144e+00   6.691180e-06   6.073224e+02   2.840743e-01
    14  -3.403812e+00  -3.419878e+00   2.372814e-06   1.145660e+05   1.374182e-01            nan  -3.548560e+00  -3.559635e+00   8.675058e-07   1.146118e+05   1.360924e-01  -2.490738e+00  -2.504124e+00   7.807552e-06   5.799970e+02   2.848906e-01
    15  -3.371062e+00  -3.387128e+00   2.967825e-06   1.141695e+05   1.374095e-01            nan  -3.526111e+00  -3.537190e+00   1.012236e-06   1.144754e+05   1.360935e-01  -2.463136e+00  -2.476718e+00   9.110122e-06   5.518212e+02   2.858054e-01
    16  -3.338311e+00  -3.354378e+00   3.710719e-06   1.137162e+05   1.374020e-01            nan  -3.503651e+00  -3.514736e+00   1.181103e-06   1.143245e+05   1.360947e-01  -2.435096e+00  -2.448890e+00   1.062993e-05   5.229513e+02   2.868295e-01
    17  -3.305561e+00  -3.321627e+00   4.637851e-06   1.131910e+05   1.373961e-01            nan  -3.481181e+00  -3.492271e+00   1.378130e-06   1.141574e+05   1.360961e-01  -2.406584e+00  -2.420606e+00   1.240317e-05   4.935672e+02   2.879743e-01
    18  -3.272810e+00  -3.288877e+00   5.793963e-06   1.125950e+05   1.373918e-01            nan  -3.458697e+00  -3.469793e+00   1.608010e-06   1.139725e+05   1.360976e-01  -2.377569e+00  -2.391835e+00   1.447209e-05   4.638885e+02   2.892491e-01
    19  -3.240060e+00  -3.256127e+00   7.234460e-06   1.119001e+05   1.373896e-01            nan  -3.436199e+00  -3.447302e+00   1.876216e-06   1.137679e+05   1.360993e-01  -2.348025e+00  -2.362546e+00   1.688595e-05   4.341726e+02   2.906587e-01
    20  -3.207310e+00  -3.223376e+00   9.027820e-06   1.111137e+05   1.373894e-01            nan  -3.413685e+00  -3.424796e+00   2.189133e-06   1.135416e+05   1.361012e-01  -2.317929e+00  -2.332716e+00   1.970220e-05   4.046582e+02   2.922090e-01
    21  -3.174559e+00  -3.190626e+00   1.125735e-05   1.102030e+05   1.373919e-01            nan  -3.391154e+00  -3.402274e+00   2.554206e-06   1.132913e+05   1.361033e-01  -2.287262e+00  -2.302325e+00   2.298786e-05   3.755851e+02   2.939031e-01
    22  -3.141809e+00  -3.157875e+00   1.402720e-05   1.091683e+05   1.373971e-01            nan  -3.368603e+00  -3.379732e+00   2.980121e-06   1.130144e+05   1.361056e-01  -2.256012e+00  -2.271356e+00   2.682109e-05   3.471878e+02   2.957404e-01
    23  -3.109059e+00  -3.125125e+00   1.746047e-05   1.079852e+05   1.374057e-01            nan  -3.346030e+00  -3.357170e+00   3.477003e-06   1.127083e+05   1.361082e-01  -2.224181e+00  -2.239805e+00   3.129303e-05   3.197769e+02   2.976913e-01
    24  -3.076308e+00  -3.092375e+00   2.171256e-05   1.066335e+05   1.374183e-01            nan  -3.323432e+00  -3.334584e+00   4.056664e-06   1.123700e+05   1.361110e-01  -2.191780e+00  -2.207679e+00   3.650997e-05   2.935527e+02   2.997324e-01
    25  -3.043558e+00  -3.059624e+00   2.696591e-05   1.051126e+05   1.374349e-01            nan  -3.300808e+00  -3.311973e+00   4.732872e-06   1.119961e+05   1.361142e-01  -2.158831e+00  -2.174993e+00   4.259585e-05   2.686795e+02   3.018313e-01
    26  -3.010807e+00  -3.026874e+00   3.344300e-05   1.033648e+05   1.374573e-01            nan  -3.278153e+00  -3.289333e+00   5.521683e-06   1.115830e+05   1.361177e-01  -2.125371e+00  -2.141778e+00   4.969515e-05   2.453628e+02   3.039141e-01
    27  -2.978057e+00  -2.994124e+00   4.141400e-05   1.014144e+05   1.374851e-01            nan  -3.255465e+00  -3.266661e+00   6.441814e-06   1.111268e+05   1.361217e-01  -2.091453e+00  -2.108081e+00   5.797633e-05   2.237126e+02   3.059035e-01
    28  -2.945307e+00  -2.961373e+00   5.118117e-05   9.921009e+04   1.375202e-01            nan  -3.232740e+00  -3.243954e+00   7.515084e-06   1.106232e+05   1.361260e-01  -2.057137e+00  -2.073956e+00   6.763576e-05   2.037576e+02   3.077264e-01
    29  -2.912556e+00  -2.928623e+00   6.313045e-05   9.674245e+04   1.375634e-01            nan  -3.209973e+00  -3.221207e+00   8.766923e-06   1.100674e+05   1.361309e-01  -2.022506e+00  -2.039476e+00   7.890231e-05   1.855798e+02   3.092492e-01
    30  -2.879806e+00  -2.895872e+00   7.768750e-05   9.402354e+04   1.376153e-01            nan  -3.187161e+00  -3.198417e+00   1.022697e-05   1.094543e+05   1.361363e-01  -1.987641e+00  -2.004723e+00   9.204273e-05   1.691130e+02   3.103890e-01
    31  -2.847056e+00  -2.863122e+00   9.533704e-05   9.097517e+04   1.376794e-01            nan  -3.164298e+00  -3.175579e+00   1.192976e-05   1.087784e+05   1.361424e-01  -1.952631e+00  -1.969783e+00   1.073678e-04   1.542936e+02   3.110508e-01
    32  -2.814305e+00  -2.830372e+00   1.166740e-04   8.764500e+04   1.377541e-01   5.165763e-01  -3.141378e+00  -3.152686e+00   1.391553e-05   1.080336e+05   1.361491e-01  -1.917563e+00  -1.934743e+00   1.252398e-04   1.410201e+02   3.111643e-01
    33  -2.781555e+00  -2.797621e+00   1.423209e-04   8.403723e+04   1.378351e-01   5.170549e-01  -3.118395e+00  -3.129734e+00   1.623115e-05   1.072134e+05   1.361567e-01  -1.882514e+00  -1.899685e+00   1.460803e-04   1.291443e+02   3.107113e-01
    34  -2.748804e+00  -2.764871e+00   1.729353e-04   8.009114e+04   1.379315e-01   5.175901e-01  -3.095342e+00  -3.106715e+00   1.893121e-05   1.063108e+05   1.361651e-01  -1.847552e+00  -1.864682e+00   1.703808e-04   1.185347e+02   3.096878e-01
    35  -2.716054e+00  -2.732121e+00   2.093342e-04   7.587602e+04   1.380435e-01   5.182115e-01  -3.072211e+00  -3.083622e+00   2.207926e-05   1.053183e+05   1.361745e-01  -1.812725e+00  -1.829789e+00   1.987134e-04   1.090225e+02   3.081561e-01
    36  -2.683304e+00  -2.699370e+00   2.523368e-04   7.142969e+04   1.381734e-01   5.189202e-01  -3.048994e+00  -3.060447e+00   2.574932e-05   1.042279e+05   1.361850e-01  -1.778066e+00  -1.795050e+00   2.317439e-04   1.004701e+02   3.061892e-01
    37  -2.650553e+00  -2.666620e+00   3.027215e-04   6.678574e+04   1.383245e-01   5.197165e-01  -3.025680e+00  -3.037180e+00   3.002750e-05   1.030311e+05   1.361968e-01  -1.743591e+00  -1.760487e+00   2.702475e-04   9.273526e+01   3.038860e-01
    38  -2.617803e+00  -2.633869e+00   3.612095e-04   6.193174e+04   1.385038e-01   5.206069e-01  -3.002258e+00  -3.013811e+00   3.501400e-05   1.017188e+05   1.362100e-01  -1.709301e+00  -1.726108e+00   3.151260e-04   8.569817e+01   3.013558e-01
    39  -2.585053e+00  -2.601119e+00   4.287160e-04   5.697295e+04   1.387130e-01   5.216218e-01  -2.978717e+00  -2.990328e+00   4.082538e-05   1.002815e+05   1.362248e-01  -1.675184e+00  -1.691907e+00   3.674284e-04   7.926084e+01   2.986805e-01
    40  -2.552302e+00  -2.568369e+00   5.059813e-04   5.198229e+04   1.389572e-01   5.227430e-01  -2.955043e+00  -2.966719e+00   4.759714e-05   9.870949e+04   1.362415e-01  -1.641220e+00  -1.657870e+00   4.283742e-04   7.333639e+01   2.959520e-01
    41  -2.519552e+00  -2.535618e+00   5.936475e-04   4.702605e+04   1.392426e-01   5.239710e-01  -2.931219e+00  -2.942967e+00   5.548679e-05   9.699259e+04   1.362602e-01  -1.607385e+00  -1.623973e+00   4.993811e-04   6.786484e+01   2.932092e-01
    42  -2.486801e+00  -2.502868e+00   6.922284e-04   4.217242e+04   1.395759e-01   5.253130e-01  -2.907229e+00  -2.919058e+00   6.467734e-05   9.512048e+04   1.362814e-01  -1.573653e+00  -1.590192e+00   5.820960e-04   6.279089e+01   2.905003e-01
    43  -2.454051e+00  -2.470118e+00   8.020980e-04   3.748801e+04   1.399645e-01   5.267879e-01  -2.883054e+00  -2.894973e+00   7.538125e-05   9.308282e+04   1.363053e-01  -1.539998e+00  -1.556499e+00   6.784313e-04   5.807827e+01   2.878277e-01
    44  -2.421301e+00  -2.437367e+00   9.234916e-04   3.303479e+04   1.404181e-01   5.283508e-01  -2.858670e+00  -2.870691e+00   8.784517e-05   9.086944e+04   1.363323e-01  -1.506395e+00  -1.522871e+00   7.906065e-04   5.369392e+01   2.851971e-01
    45  -2.388550e+00  -2.404617e+00   1.056534e-03   2.886577e+04   1.409463e-01   5.299812e-01  -2.834054e+00  -2.846188e+00   1.023551e-04   8.847060e+04   1.363630e-01  -1.472825e+00  -1.489286e+00   9.211963e-04   4.961265e+01   2.825971e-01
    46  -2.355800e+00  -2.371866e+00   1.201296e-03   2.502227e+04   1.415589e-01   5.316424e-01  -2.809178e+00  -2.821438e+00   1.192428e-04   8.587729e+04   1.363979e-01  -1.439269e+00  -1.455723e+00   1.073185e-03   4.581439e+01   2.800032e-01
    47  -2.323050e+00  -2.339116e+00   1.357881e-03   2.153167e+04   1.422650e-01   5.332948e-01  -2.784009e+00  -2.796411e+00   1.388921e-04   8.308165e+04   1.364377e-01  -1.405714e+00  -1.422168e+00   1.250029e-03   4.227828e+01   2.774075e-01
    48  -2.290299e+00  -2.306366e+00   1.525316e-03   1.840634e+04   1.430717e-01   5.349041e-01  -2.758512e+00  -2.771074e+00   1.617478e-04   8.007734e+04   1.364832e-01  -1.372149e+00  -1.388607e+00   1.455730e-03   3.899044e+01   2.747697e-01
    49  -2.257549e+00  -2.273615e+00   1.702085e-03   1.561206e+04   1.440243e-01   5.362632e-01  -2.732646e+00  -2.745387e+00   1.883238e-04   7.686016e+04   1.365355e-01  -1.338566e+00  -1.355033e+00   1.694914e-03   3.593328e+01   2.720839e-01
    50  -2.224798e+00  -2.240865e+00   1.890109e-03   1.317512e+04   1.451080e-01   5.373511e-01  -2.706364e+00  -2.719306e+00   2.192140e-04   7.342867e+04   1.365957e-01  -1.304961e+00  -1.321438e+00   1.972926e-03   3.309424e+01   2.693147e-01
    51  -2.192048e+00  -2.208115e+00   2.090160e-03   1.107528e+04   1.463196e-01   5.381224e-01  -2.679613e+00  -2.692782e+00   2.551039e-04   6.978485e+04   1.366654e-01  -1.271330e+00  -1.287820e+00   2.295935e-03   3.045955e+01   2.664407e-01
    52  -2.159298e+00  -2.175364e+00   2.297216e-03   9.274604e+03   1.476782e-01   5.384273e-01  -2.652332e+00  -2.665758e+00   2.967831e-04   6.593489e+04   1.367465e-01  -1.237673e+00  -1.254176e+00   2.671048e-03   2.801568e+01   2.634502e-01
    53  -2.126547e+00  -2.142614e+00   2.514595e-03   7.738926e+03   1.492284e-01   5.379054e-01  -2.624450e+00  -2.638167e+00   3.451610e-04   6.189003e+04   1.368411e-01  -1.203990e+00  -1.220505e+00   3.106449e-03   2.575026e+01   2.603196e-01
    54  -2.093797e+00  -2.109863e+00   2.745432e-03   6.450769e+03   1.508971e-01   5.367528e-01  -2.595889e+00  -2.609935e+00   4.012824e-04   5.766740e+04   1.369524e-01  -1.170280e+00  -1.186808e+00   3.611542e-03   2.364938e+01   2.570593e-01
    55  -2.061047e+00  -2.077113e+00   2.979866e-03   5.369155e+03   1.527360e-01   5.346148e-01  -2.566553e+00  -2.580973e+00   4.663463e-04   5.329081e+04   1.370839e-01  -1.136540e+00  -1.153083e+00   4.197117e-03   2.170062e+01   2.536697e-01
    56  -2.028296e+00  -2.044363e+00   3.230070e-03   4.470232e+03   1.546949e-01   5.314858e-01  -2.536337e+00  -2.551182e+00   5.417261e-04   4.879148e+04   1.372405e-01  -1.102766e+00  -1.119325e+00   4.875535e-03   1.989183e+01   2.501574e-01
    57  -1.995546e+00  -2.011612e+00   3.487631e-03   3.723229e+03   1.567587e-01   5.273230e-01  -2.505115e+00  -2.520445e+00   6.289911e-04   4.420855e+04   1.374283e-01  -1.068950e+00  -1.085529e+00   5.660920e-03   1.821052e+01   2.465626e-01
    58  -1.962795e+00  -1.978862e+00   3.759951e-03   3.108468e+03   1.588693e-01   5.222010e-01  -2.472744e+00  -2.488628e+00   7.299314e-04   3.958929e+04   1.376552e-01  -1.035079e+00  -1.051684e+00   6.569382e-03   1.664666e+01   2.428985e-01
    59  -1.930045e+00  -1.946112e+00   4.043758e-03   2.597962e+03   1.610371e-01   5.159952e-01  -2.439057e+00  -2.455574e+00   8.465830e-04   3.498883e+04   1.379319e-01  -1.001142e+00  -1.017779e+00   7.619247e-03   1.519083e+01   2.391888e-01
    60  -1.897295e+00  -1.913361e+00   4.343764e-03   2.182004e+03   1.630624e-01   5.094684e-01  -2.403860e+00  -2.421102e+00   9.812558e-04   3.046924e+04   1.382721e-01  -9.671216e-01  -9.837989e-01   8.831303e-03   1.383438e+01   2.354724e-01
    61  -1.864544e+00  -1.880611e+00   4.659340e-03   1.834755e+03   1.651169e-01   5.018824e-01  -2.366930e+00  -2.385002e+00   1.136562e-03   2.609790e+04   1.386944e-01  -9.330004e-01  -9.497260e-01   1.022906e-02   1.257097e+01   2.317572e-01
    62  -1.831794e+00  -1.847860e+00   4.995000e-03   1.553267e+03   1.667783e-01   4.950707e-01  -2.328014e+00  -2.347036e+00   1.315444e-03   2.194481e+04   1.392233e-01  -8.987621e-01  -9.155439e-01   1.183900e-02   1.139500e+01   2.280526e-01
    63  -1.799044e+00  -1.815110e+00   5.351167e-03   1.316522e+03   1.684443e-01   4.874079e-01  -2.286825e+00  -2.306932e+00   1.521208e-03   1.807893e+04   1.398914e-01  -8.643897e-01  -8.812359e-01   1.369088e-02   1.030136e+01   2.243823e-01
    64  -1.766293e+00  -1.782360e+00   5.732890e-03   1.123894e+03   1.695285e-01   4.815830e-01  -2.243052e+00  -2.264387e+00   1.757548e-03   1.456357e+04   1.407411e-01  -8.298695e-01  -8.467867e-01   1.581793e-02   9.286468e+00   2.207363e-01
    65  -1.733543e+00  -1.749609e+00   6.141729e-03   9.607064e+02   1.705864e-01   4.753224e-01  -2.196365e+00  -2.219081e+00   2.028572e-03   1.145109e+04   1.418261e-01  -7.951914e-01  -8.121844e-01   1.825715e-02   8.347052e+00   2.171010e-01
    66  -1.700792e+00  -1.716859e+00   6.582638e-03   8.261828e+02   1.710352e-01   4.714400e-01  -2.146452e+00  -2.170692e+00   2.338830e-03   8.777365e+03   1.432093e-01  -7.603479e-01  -7.774203e-01   2.104947e-02   7.479774e+00   2.134789e-01
    67  -1.668042e+00  -1.684109e+00   7.058848e-03   7.114125e+02   1.714443e-01   4.675472e-01  -2.093058e+00  -2.118935e+00   2.693323e-03   6.557103e+03   1.449541e-01  -7.253359e-01  -7.424892e-01   2.423991e-02   6.681684e+00   2.098571e-01
    68  -1.635292e+00  -1.651358e+00   7.574739e-03   6.150135e+02   1.713765e-01   4.658931e-01  -2.036073e+00  -2.063632e+00   3.097518e-03   4.780888e+03   1.470996e-01  -6.901568e-01  -7.073902e-01   2.787766e-02   5.949817e+00   2.062171e-01
    69  -1.602541e+00  -1.618608e+00   8.134767e-03   5.321990e+02   1.712998e-01   4.644004e-01  -1.975630e+00  -2.004801e+00   3.557342e-03   3.415345e+03   1.496099e-01  -6.548159e-01  -6.721269e-01   3.201608e-02   5.281068e+00   2.025418e-01
    70  -1.569791e+00  -1.585857e+00   8.743286e-03   4.612817e+02   1.709644e-01   4.644805e-01  -1.912221e+00  -1.942769e+00   4.079169e-03   2.406952e+03   1.522983e-01  -6.193216e-01  -6.367062e-01   3.671252e-02   4.672125e+00   1.988315e-01
    71  -1.537041e+00  -1.553107e+00   9.404735e-03   4.000496e+02   1.706659e-01   4.646793e-01  -1.846744e+00  -1.878249e+00   4.669785e-03   1.689476e+03   1.547633e-01  -5.836857e-01  -6.011382e-01   4.202806e-02   4.119632e+00   1.950777e-01
    72  -1.504290e+00  -1.520357e+00   1.012427e-02   3.468200e+02   1.703507e-01   4.654327e-01  -1.780408e+00  -1.812311e+00   5.336336e-03   1.193458e+03   1.564392e-01  -5.479223e-01  -5.654360e-01   4.802703e-02   3.620179e+00   1.912712e-01
    73  -1.471540e+00  -1.487606e+00   1.090590e-02   3.007040e+02   1.701137e-01   4.661459e-01  -1.714461e+00  -1.746184e+00   6.086254e-03   8.553721e+02   1.568362e-01  -5.120484e-01  -5.296150e-01   5.477629e-02   3.170348e+00   1.874039e-01
    74  -1.438789e+00  -1.454856e+00   1.175518e-02   2.604486e+02   1.699948e-01   4.666718e-01  -1.649860e+00  -1.680960e+00   6.927149e-03   6.239769e+02   1.558361e-01  -4.760831e-01  -4.936936e-01   6.234434e-02   2.766728e+00   1.834751e-01
    75  -1.406039e+00  -1.422106e+00   1.267725e-02   2.254640e+02   1.700004e-01   4.668849e-01  -1.587096e+00  -1.617345e+00   7.866679e-03   4.624079e+02   1.537533e-01  -4.400476e-01  -4.576917e-01   7.080011e-02   2.405925e+00   1.794874e-01
    76  -1.373289e+00  -1.389355e+00   1.367639e-02   1.950546e+02   1.701335e-01   4.666416e-01  -1.526237e+00  -1.555601e+00   8.912390e-03   3.464795e+02   1.511109e-01  -4.039652e-01  -4.216318e-01   8.021151e-02   2.084678e+00   1.754348e-01
    77  -1.340538e+00  -1.356605e+00   1.475999e-02   1.685683e+02   1.704217e-01   4.658078e-01  -1.467090e+00  -1.495658e+00   1.007152e-02   2.611915e+02   1.483742e-01  -3.678619e-01  -3.855385e-01   9.064369e-02   1.799817e+00   1.713113e-01
    78  -1.307788e+00  -1.323854e+00   1.593402e-02   1.457168e+02   1.707820e-01   4.645388e-01  -1.409370e+00  -1.437272e+00   1.135078e-02   1.973464e+02   1.458227e-01  -3.317663e-01  -3.494392e-01   1.021570e-01   1.548279e+00   1.671109e-01
    79  -1.275038e+00  -1.291104e+00   1.720392e-02   1.257962e+02   1.712887e-01   4.625286e-01  -1.352805e+00  -1.380167e+00   1.275612e-02   1.491163e+02   1.435556e-01  -2.957088e-01  -3.133634e-01   1.148050e-01   1.327093e+00   1.628392e-01
    80  -1.242287e+00  -1.258354e+00   1.858345e-02   1.086585e+02   1.718238e-01   4.600948e-01  -1.297194e+00  -1.324110e+00   1.429243e-02   1.125733e+02   1.415550e-01  -2.597223e-01  -2.773429e-01   1.286319e-01   1.133433e+00   1.584939e-01
    81  -1.209537e+00  -1.225603e+00   2.007041e-02   9.384533e+01   1.724024e-01   4.571129e-01  -1.242410e+00  -1.268939e+00   1.596333e-02   8.489873e+01   1.397472e-01  -2.238418e-01  -2.414116e-01   1.436700e-01   9.646156e-01   1.540719e-01
    82  -1.176786e+00  -1.192853e+00   2.168585e-02   8.106704e+01   1.729762e-01   4.537958e-01  -1.188397e+00  -1.214564e+00   1.777087e-02   6.398264e+01   1.380379e-01  -1.881045e-01  -2.056057e-01   1.599378e-01   8.181064e-01   1.495710e-01
    83  -1.144036e+00  -1.160103e+00   2.343593e-02   7.008501e+01   1.735164e-01   4.500971e-01  -1.135151e+00  -1.160958e+00   1.971527e-02   4.821266e+01   1.363256e-01  -1.525491e-01  -1.699631e-01   1.774374e-01   6.915069e-01   1.449996e-01
    84  -1.111286e+00  -1.127352e+00   2.533046e-02   6.058810e+01   1.739883e-01   4.464329e-01  -1.082707e+00  -1.108138e+00   2.179475e-02   3.634605e+01   1.345105e-01  -1.172152e-01  -1.345229e-01   1.961527e-01   5.825839e-01   1.403631e-01
    85  -1.078535e+00  -1.094602e+00   2.739191e-02   5.242328e+01   1.743739e-01   4.427221e-01  -1.031111e+00  -1.056143e+00   2.400535e-02   2.742283e+01   1.325187e-01  -8.214331e-02  -9.932530e-02   2.160481e-01   4.892760e-01   1.356648e-01
    86  -1.045785e+00  -1.061851e+00   2.962228e-02   4.538597e+01   1.746586e-01   4.391417e-01  -9.803973e-01  -1.005014e+00   2.634082e-02   2.070500e+01   1.303233e-01  -4.737455e-02  -6.441108e-02   2.370673e-01   4.096803e-01   1.309136e-01
    87  -1.013035e+00  -1.029101e+00   3.204657e-02   3.929781e+01   1.748223e-01   4.360575e-01  -9.305632e-01  -9.547659e-01   2.879262e-02   1.563297e+01   1.279555e-01  -1.294846e-02  -2.982048e-02   2.591336e-01   3.420473e-01   1.261275e-01
    88  -9.802842e-01  -9.963507e-01   3.468717e-02   3.404650e+01   1.748876e-01   4.331843e-01  -8.815635e-01  -9.053727e-01   3.134998e-02   1.178970e+01   1.254851e-01   2.109578e-02   4.407162e-03   2.821498e-01   2.848095e-01   1.213155e-01
    89  -9.475338e-01  -9.636003e-01   3.754158e-02   2.949554e+01   1.748522e-01   4.308317e-01  -8.333150e-01  -8.567696e-01   3.400006e-02   8.868866e+00   1.229966e-01   5.472083e-02   3.823365e-02   3.060005e-01   2.365493e-01   1.164940e-01
    90  -9.147834e-01  -9.308499e-01   4.064888e-02   2.554401e+01   1.747438e-01   4.288763e-01  -7.857074e-01  -8.088592e-01   3.672816e-02   6.645806e+00   1.205629e-01   8.789243e-02   7.162326e-02   3.305535e-01   1.959981e-01   1.116838e-01
    91  -8.820330e-01  -8.980996e-01   4.403116e-02   2.212314e+01   1.745641e-01   4.271364e-01  -7.386196e-01  -7.615256e-01   3.951809e-02   4.955028e+00   1.182369e-01   1.205784e-01   1.045428e-01   3.556628e-01   1.620431e-01   1.068980e-01
    92  -8.492827e-01  -8.653492e-01   4.768318e-02   1.914617e+01   1.743442e-01   4.256699e-01  -6.919309e-01  -7.146482e-01   4.235249e-02   3.672643e+00   1.160441e-01   1.527511e-01   1.369626e-01   3.811724e-01   1.336937e-01   1.021619e-01
    93  -8.165323e-01  -8.325988e-01   5.165274e-02   1.655646e+01   1.740972e-01   4.242141e-01  -6.455295e-01  -6.681108e-01   4.521329e-02   2.704416e+00   1.139850e-01   1.843864e-01   1.688568e-01   4.069196e-01   1.100965e-01   9.749043e-02
    94  -7.837819e-01  -7.998484e-01   5.596640e-02   1.431293e+01   1.737919e-01   4.226588e-01  -5.993191e-01  -6.218100e-01   4.808216e-02   1.977819e+00   1.120429e-01   2.154644e-01   2.002033e-01   4.327394e-01   9.050538e-02   9.290415e-02
    95  -7.510315e-01  -7.670981e-01   6.061770e-02   1.236377e+01   1.734490e-01   4.209048e-01  -5.532174e-01  -5.756568e-01   5.094094e-02   1.436215e+00   1.101893e-01   2.459697e-01   2.309849e-01   4.584685e-01   7.428110e-02   8.841939e-02
    96  -7.182812e-01  -7.343477e-01   6.565793e-02   1.066950e+01   1.730735e-01   4.187647e-01  -5.071502e-01  -5.295733e-01   5.377208e-02   1.035321e+00   1.083935e-01   2.758912e-01   2.611881e-01   4.839488e-01   6.087527e-02   8.405203e-02
    97  -6.855308e-01  -7.015973e-01   7.112339e-02   9.205011e+00   1.726001e-01   4.162362e-01  -4.610463e-01  -4.834868e-01   5.655903e-02   7.406874e-01   1.066313e-01   3.052224e-01   2.908044e-01   5.090312e-01   4.982103e-02   7.981628e-02
    98  -6.527804e-01  -6.688469e-01   7.702221e-02   7.939033e+00   1.720119e-01   4.132488e-01  -4.148291e-01  -4.373232e-01   5.928652e-02   5.256724e-01   1.048889e-01   3.339605e-01   3.198291e-01   5.335787e-01   4.072347e-02   7.572308e-02
    99  -6.200300e-01  -6.360966e-01   8.338689e-02   6.840349e+00   1.713393e-01   4.096870e-01  -3.684056e-01  -3.909974e-01   6.194091e-02   3.698318e-01   1.031637e-01   3.621074e-01   3.482619e-01   5.574682e-01   3.324882e-02   7.178273e-02
   100  -5.872796e-01  -6.033462e-01   9.027168e-02   5.892114e+00   1.704969e-01   4.056663e-01  -3.216591e-01  -3.444037e-01   6.451030e-02   2.576780e-01   1.014628e-01   3.896679e-01   3.761062e-01   5.805927e-01   2.711761e-02   6.800127e-02
   101  -5.545293e-01  -5.705958e-01   9.771495e-02   5.073941e+00   1.694730e-01   4.011737e-01  -2.744537e-01  -2.974154e-01   6.698469e-02   1.776258e-01   9.979871e-02   4.166508e-01   4.033688e-01   6.028622e-01   2.209523e-02   6.438471e-02
   102  -5.217789e-01  -5.378454e-01   1.057134e-01   4.366457e+00   1.682767e-01   3.961943e-01  -2.266264e-01  -2.498820e-01   6.935597e-02   1.209872e-01   9.818482e-02   4.430673e-01   4.300599e-01   6.242038e-01   1.798687e-02   6.093457e-02
   103  -4.890285e-01  -5.050951e-01   1.143576e-01   3.755550e+00   1.668851e-01   3.907840e-01  -1.779846e-01  -2.016249e-01   7.161799e-02   8.131033e-02   9.663783e-02   4.689319e-01   4.561921e-01   6.445619e-01   1.462984e-02   5.765306e-02
   104  -4.562781e-01  -4.723447e-01   1.236928e-01   3.228573e+00   1.652832e-01   3.849457e-01  -1.283204e-01  -1.524430e-01   7.376638e-02   5.384972e-02   9.517422e-02   4.942607e-01   4.817810e-01   6.638974e-01   1.189001e-02   5.453783e-02
   105  -4.235278e-01  -4.395943e-01   1.337268e-01   2.773564e+00   1.634735e-01   3.786582e-01  -7.741228e-02  -1.021208e-01   7.579851e-02   3.510040e-02   9.380784e-02   5.190724e-01   5.068438e-01   6.821866e-01   9.655844e-03   5.158814e-02
   106  -3.907774e-01  -4.068439e-01   1.445224e-01   2.379987e+00   1.614687e-01   3.718782e-01  -2.504426e-02  -5.043942e-02   7.771330e-02   2.249877e-02   9.254756e-02   5.433867e-01   5.313997e-01   6.994197e-01   7.835875e-03   4.879901e-02
   107  -3.580270e-01  -3.740936e-01   1.561479e-01   2.040327e+00   1.592483e-01   3.645159e-01   2.893729e-02   2.784697e-03   7.951106e-02   1.418795e-02   9.136782e-02   5.672252e-01   5.554695e-01   7.155996e-01   6.354390e-03   4.616707e-02
   108  -3.252766e-01  -3.413432e-01   1.686336e-01   1.747142e+00   1.568159e-01   3.565125e-01   8.456687e-02   5.764219e-02   8.119333e-02   8.819568e-03   9.020208e-02   5.906100e-01   5.790750e-01   7.307399e-01   5.149460e-03   4.368620e-02
   109  -2.925263e-01  -3.085928e-01   1.819918e-01   1.493718e+00   1.541936e-01   3.477560e-01   1.416479e-01   1.140445e-01   8.276263e-02   5.430835e-03   8.889037e-02   6.135644e-01   6.022389e-01   7.448636e-01   4.170132e-03   4.135080e-02
   110  -2.597759e-01  -2.758424e-01   1.963137e-01   1.275042e+00   1.513735e-01   3.381522e-01   1.996288e-01   1.716052e-01   8.422234e-02   3.341598e-03   8.715125e-02   6.361122e-01   6.249846e-01   7.580011e-01   3.374717e-03   3.915448e-02
   111  -2.270255e-01  -2.430921e-01   2.116032e-01   1.086327e+00   1.483455e-01   3.275823e-01   2.575941e-01   2.295778e-01   8.557652e-02   2.077590e-03   8.464375e-02   6.582773e-01   6.473362e-01   7.701887e-01   2.729132e-03   3.709022e-02
   112  -1.942751e-01  -2.103417e-01   2.278551e-01   9.234902e-01   1.451219e-01   3.158447e-01   3.144189e-01   2.869353e-01   8.682971e-02   1.319649e-03   8.111969e-02   6.800841e-01   6.693175e-01   7.814674e-01   2.205463e-03   3.515172e-02
   113  -1.615248e-01  -1.775913e-01   2.451699e-01   7.833213e-01   1.417187e-01   3.028662e-01   3.690748e-01   3.426061e-01   8.798682e-02   8.623952e-04   7.660308e-02   7.015566e-01   6.909530e-01   7.918814e-01   1.780986e-03   3.333168e-02
   114  -1.287744e-01  -1.448409e-01   2.635689e-01   6.628714e-01   1.381388e-01   2.886613e-01   4.208852e-01   3.957521e-01   8.905301e-02   5.806919e-04   7.139763e-02   7.227190e-01   7.122667e-01   8.014771e-01   1.437127e-03   3.162342e-02
   115  -9.602402e-02  -1.120906e-01   2.829926e-01   5.594567e-01   1.343950e-01   2.729731e-01   4.695803e-01   4.459148e-01   9.003354e-02   4.018072e-04   6.591474e-02   7.435950e-01   7.332824e-01   8.103019e-01   1.158761e-03   3.002026e-02
   116  -6.327364e-02  -7.934019e-02   3.035240e-01   4.708457e-01   1.304934e-01   2.557139e-01   5.151987e-01   4.929882e-01   9.093373e-02   2.844547e-04   6.050354e-02   7.642079e-01   7.540238e-01   8.184036e-01   9.335748e-04   2.851543e-02
   117  -3.052327e-02  -4.658981e-02   3.251340e-01   3.950748e-01   1.264446e-01   2.370018e-01   5.579481e-01   5.370992e-01   9.175884e-02   2.051479e-04   5.538538e-02   7.845806e-01   7.745137e-01   8.258295e-01   7.515330e-04   2.710274e-02
   118   2.227106e-03  -1.383944e-02   3.477682e-01   3.304021e-01   1.222644e-01   2.165707e-01   5.981054e-01   5.784907e-01   9.251402e-02   1.501761e-04   5.066572e-02   8.047351e-01   7.947748e-01   8.326262e-01   6.044799e-04   2.577603e-02
   119   3.497748e-02   1.891094e-02   3.714543e-01   2.753530e-01   1.179607e-01   1.946826e-01   6.359606e-01   6.174453e-01   9.320429e-02   1.112601e-04   4.637742e-02   8.246930e-01   8.148287e-01   8.388386e-01   4.857842e-04   2.452934e-02
   120   6.772786e-02   5.166131e-02   3.960833e-01   2.286087e-01   1.135516e-01   1.712689e-01   6.717897e-01   6.542445e-01   9.383445e-02   8.322740e-05   4.251366e-02   8.444748e-01   8.346965e-01   8.445100e-01   3.900529e-04   2.335721e-02
   121   1.004782e-01   8.441169e-02   4.216326e-01   1.890418e-01   1.090502e-01   1.468358e-01   7.058366e-01   6.891467e-01   9.440910e-02   6.275884e-05   3.904437e-02   8.641004e-01   8.543984e-01   8.496819e-01   3.129077e-04   2.225435e-02
   122   1.332286e-01   1.171621e-01   4.480121e-01   1.556459e-01   1.044772e-01   1.211160e-01   7.383178e-01   7.223808e-01   9.493262e-02   4.763605e-05   3.593357e-02   8.835887e-01   8.739538e-01   8.543935e-01   2.507944e-04   2.121573e-02
   123   1.659790e-01   1.499124e-01   4.751060e-01   1.275699e-01   9.984761e-02   9.555235e-02   7.694220e-01   7.541483e-01   9.540910e-02   3.635528e-05   3.314400e-02   9.029576e-01   8.933811e-01   8.586819e-01   2.008286e-04   2.023670e-02
   124   1.987294e-01   1.826628e-01   5.028381e-01   1.040454e-01   9.518580e-02   6.957745e-02   7.993123e-01   7.846243e-01   9.584241e-02   2.787318e-05   3.063874e-02   9.222241e-01   9.126976e-01   8.625817e-01   1.606707e-04   1.931296e-02
   125   2.314797e-01   2.154132e-01   5.310256e-01   8.442157e-02   9.051084e-02   4.438903e-02   8.281314e-01   8.139609e-01   9.623618e-02   2.145152e-05   2.838553e-02   9.414042e-01   9.319200e-01   8.661256e-01   1.284259e-04   1.844040e-02
   126   2.642301e-01   2.481636e-01   5.595762e-01   6.812427e-02   8.584448e-02   2.063667e-02   8.560034e-01   8.422909e-01   9.659376e-02   1.656207e-05   2.635431e-02   9.605129e-01   9.510636e-01   8.693438e-01   1.025593e-04   1.761525e-02
   127   2.969805e-01   2.809139e-01   5.882979e-01   5.465322e-02   8.121352e-02  -2.448485e-03   8.830364e-01   8.697302e-01   9.691827e-02   1.282128e-05   2.451910e-02   9.795641e-01   9.701429e-01   8.722644e-01   8.182905e-05   1.683405e-02
   128   3.297309e-01   3.136643e-01   6.170452e-01   4.358125e-02   7.663241e-02  -2.175252e-02   9.093267e-01   8.963805e-01   9.721261e-02   9.947164e-06   2.285712e-02   9.985710e-01   9.891715e-01   8.749135e-01   6.523089e-05   1.609362e-02
   129   3.624812e-01   3.464147e-01   6.456221e-01   3.452805e-02   7.213400e-02  -4.074054e-02   9.349577e-01   9.223313e-01   9.747945e-02   7.731674e-06   2.134783e-02   1.017546e+00   1.008162e+00   8.773151e-01   5.195395e-05   1.539100e-02
   130   3.952316e-01   3.791651e-01   6.736397e-01   2.715851e-02   6.771615e-02  -5.542369e-02   9.600040e-01   9.476614e-01   9.772124e-02   6.018691e-06   1.997395e-02   1.036499e+00   1.027126e+00   8.794912e-01   4.134371e-05   1.472350e-02
   131   4.279820e-01   4.119154e-01   7.011209e-01   2.120239e-02   6.341303e-02  -6.872850e-02   9.845318e-01   9.724410e-01   9.794025e-02   4.690950e-06   1.872005e-02   1.055441e+00   1.046073e+00   8.814623e-01   3.287250e-05   1.408868e-02
   132   4.607324e-01   4.446658e-01   7.278917e-01   1.643099e-02   5.925005e-02  -8.042412e-02   1.008600e+00   9.967324e-01   9.813854e-02   3.659822e-06   1.757249e-02   1.074382e+00   1.065015e+00   8.832469e-01   2.611532e-05   1.348429e-02
   133   4.934827e-01   4.774162e-01   7.537990e-01   1.263699e-02   5.523836e-02  -8.848684e-02   1.032259e+00   1.020591e+00   9.831802e-02   2.857636e-06   1.651969e-02   1.093329e+00   1.083959e+00   8.848622e-01   2.073028e-05   1.290831e-02
   134   5.262331e-01   5.101666e-01   7.783632e-01   9.637240e-03   5.139014e-02  -9.558615e-02   1.055558e+00   1.044065e+00   9.848042e-02   2.232678e-06   1.555134e-02   1.112292e+00   1.102914e+00   8.863237e-01   1.644259e-05   1.235889e-02
   135   5.589835e-01   5.429169e-01   8.017420e-01   7.284583e-03   4.771483e-02  -1.014332e-01   1.078538e+00   1.067200e+00   9.862732e-02   1.745241e-06   1.465837e-02   1.131275e+00   1.121887e+00   8.876458e-01   1.303162e-05   1.183434e-02
   136   5.917339e-01   5.756673e-01   8.238190e-01   5.461558e-03   4.423082e-02  -1.055469e-01   1.101236e+00   1.090035e+00   9.876016e-02   1.364732e-06   1.383287e-02   1.150287e+00   1.140885e+00   8.888415e-01   1.032042e-05   1.133313e-02
   137   6.244842e-01   6.084177e-01   8.441919e-01   4.056419e-03   4.093619e-02  -1.082322e-01   1.123685e+00   1.112606e+00   9.888027e-02   1.067469e-06   1.306798e-02   1.169333e+00   1.159915e+00   8.899225e-01   8.167252e-06   1.085388e-02
   138   6.572346e-01   6.411681e-01   8.631889e-01   2.986091e-03   3.784031e-02  -1.099597e-01   1.145915e+00   1.134943e+00   9.898885e-02   8.351045e-07   1.235762e-02   1.188417e+00   1.178980e+00   8.908996e-01   6.458647e-06   1.039533e-02
   139   6.899850e-01   6.739184e-01   8.803933e-01   2.178433e-03   3.494440e-02  -1.107073e-01   1.167954e+00   1.157075e+00   9.908698e-02   6.533910e-07   1.169643e-02   1.207545e+00   1.198086e+00   8.917828e-01   5.103901e-06   9.956324e-03
   140   7.227354e-01   7.066688e-01   8.961651e-01   1.574691e-03   3.224637e-02  -1.105166e-01   1.189825e+00   1.179027e+00   9.917565e-02   5.112412e-07   1.107971e-02   1.226720e+00   1.217238e+00   8.925808e-01   4.030567e-06   9.535818e-03
   141   7.554857e-01   7.394192e-01   9.101609e-01   1.128205e-03   2.974381e-02  -1.094089e-01   1.211549e+00   1.200823e+00   9.925576e-02   4.000171e-07   1.050332e-02   1.245945e+00   1.236439e+00   8.933019e-01   3.180834e-06   9.132853e-03
   142   7.882361e-01   7.721696e-01   9.227398e-01   8.014855e-04   2.743046e-02  -1.074359e-01   1.233146e+00   1.222482e+00   9.932813e-02   3.129775e-07   9.963627e-03   1.265224e+00   1.255692e+00   8.939532e-01   2.508620e-06   8.746550e-03
   143   8.209865e-01   8.049199e-01   9.338197e-01   5.644485e-04   2.529928e-02  -1.046349e-01   1.254633e+00   1.244022e+00   9.939350e-02   2.448578e-07   9.457413e-03   1.284559e+00   1.274999e+00   8.945415e-01   1.977222e-06   8.376106e-03
   144   8.537369e-01   8.376703e-01   9.435115e-01   3.945677e-04   2.334003e-02  -1.010874e-01   1.276026e+00   1.265461e+00   9.945254e-02   1.915441e-07   8.981825e-03   1.303953e+00   1.294365e+00   8.950729e-01   1.557437e-06   8.020778e-03
   145   8.864872e-01   8.704207e-01   9.519908e-01   2.737612e-04   2.154279e-02  -9.684499e-02   1.297339e+00   1.286813e+00   9.950586e-02   1.498193e-07   8.534335e-03   1.323407e+00   1.313789e+00   8.955527e-01   1.226050e-06   7.679883e-03
   146   9.192376e-01   9.031711e-01   9.592918e-01   1.886704e-04   1.989586e-02  -9.202150e-02   1.318583e+00   1.308091e+00   9.955400e-02   1.171662e-07   8.112694e-03   1.342923e+00   1.333274e+00   8.959860e-01   9.646209e-07   7.352790e-03
   147   9.519880e-01   9.359214e-01   9.655504e-01   1.292876e-04   1.838684e-02  -8.676729e-02   1.339770e+00   1.329306e+00   9.959747e-02   9.161500e-08   7.714904e-03   1.362501e+00   1.352822e+00   8.963772e-01   7.585145e-07   7.038913e-03
   148   9.847384e-01   9.686718e-01   9.709267e-01   8.813846e-05   1.700428e-02  -8.119193e-02   1.360910e+00   1.350469e+00   9.963672e-02   7.162353e-08   7.339177e-03   1.382142e+00   1.372432e+00   8.967304e-01   5.961266e-07   6.737706e-03
   149   1.017489e+00   1.001422e+00   9.755138e-01   5.981028e-05   1.573724e-02  -7.542750e-02   1.382011e+00   1.371589e+00   9.967214e-02   5.598435e-08   6.983920e-03   1.401847e+00   1.392106e+00   8.970493e-01   4.682623e-07   6.448663e-03
   150   1.050239e+00   1.034173e+00   9.793638e-01   4.044165e-05   1.457407e-02  -6.964581e-02   1.403082e+00   1.392674e+00   9.970413e-02   4.375197e-08   6.647698e-03   1.421616e+00   1.411844e+00   8.973371e-01   3.676422e-07   6.171309e-03
   151   1.082989e+00   1.066923e+00   9.826337e-01   2.726527e-05   1.350497e-02  -6.390581e-02   1.424128e+00   1.413732e+00   9.973300e-02   3.418601e-08   6.329229e-03   1.441448e+00   1.431645e+00   8.975970e-01   2.885072e-07   5.905201e-03
   152   1.115740e+00   1.099673e+00   9.854015e-01   1.833587e-05   1.252149e-02  -5.839004e-02   1.445156e+00   1.434769e+00   9.975905e-02   2.670670e-08   6.027355e-03   1.461343e+00   1.451510e+00   8.978315e-01   2.263047e-07   5.649924e-03
   153   1.148490e+00   1.132424e+00   9.877287e-01   1.230884e-05   1.161522e-02  -5.306978e-02   1.466171e+00   1.455791e+00   9.978257e-02   2.086004e-08   5.741030e-03   1.481301e+00   1.471437e+00   8.980432e-01   1.774385e-07   5.405088e-03
   154   1.181241e+00   1.165174e+00   9.896729e-01   8.252025e-06   1.077889e-02  -4.810170e-02   1.487177e+00   1.476801e+00   9.980380e-02   1.629062e-08   5.469309e-03   1.501319e+00   1.491425e+00   8.982342e-01   1.390694e-07   5.170328e-03
   155   1.213991e+00   1.197924e+00   9.913150e-01   5.527371e-06   1.000619e-02  -4.344076e-02   1.508178e+00   1.497805e+00   9.982296e-02   1.272019e-08   5.211336e-03   1.521396e+00   1.511473e+00   8.984066e-01   1.089578e-07   4.945302e-03
   156   1.246741e+00   1.230675e+00   9.926983e-01   3.700216e-06   9.291749e-03  -3.914694e-02   1.529176e+00   1.518804e+00   9.984025e-02   9.930935e-09   4.966335e-03   1.541530e+00   1.531580e+00   8.985622e-01   8.533837e-08   4.729689e-03
   157   1.279492e+00   1.263425e+00   9.938485e-01   2.476546e-06   8.630262e-03  -3.518615e-02   1.550173e+00   1.539801e+00   9.985585e-02   7.752427e-09   4.733600e-03   1.561719e+00   1.551742e+00   8.987027e-01   6.682002e-08   4.523188e-03
   158   1.312242e+00   1.296176e+00   9.948169e-01   1.657542e-06   8.017391e-03  -3.160710e-02   1.571171e+00   1.560799e+00   9.986993e-02   6.051299e-09   4.512493e-03   1.581960e+00   1.571958e+00   8.988294e-01   5.230765e-08   4.325521e-03
   159   1.344992e+00   1.328926e+00   9.956345e-01   1.109673e-06   7.449211e-03  -2.832061e-02   1.592170e+00   1.581797e+00   9.988264e-02   4.723223e-09   4.302434e-03   1.602249e+00   1.592223e+00   8.989438e-01   4.093957e-08   4.136426e-03
   160   1.377743e+00   1.361676e+00   9.963163e-01   7.431830e-07   6.922183e-03  -2.538423e-02   1.613169e+00   1.602796e+00   9.989411e-02   3.686600e-09   4.102896e-03   1.622581e+00   1.612534e+00   8.990470e-01   3.203815e-08   3.955667e-03
   161   1.410493e+00   1.394427e+00   9.968895e-01   4.979947e-07   6.433079e-03  -2.270872e-02   1.634168e+00   1.623795e+00   9.990446e-02   2.877628e-09   3.913407e-03   1.642953e+00   1.632886e+00   8.991401e-01   2.507086e-08   3.783024e-03
   162   1.443244e+00   1.427177e+00   9.973748e-01   3.339221e-07   5.979123e-03  -2.031781e-02   1.655163e+00   1.644792e+00   9.991379e-02   2.246428e-09   3.733537e-03   1.663357e+00   1.653275e+00   8.992241e-01   1.961936e-08   3.618301e-03
   163   1.475994e+00   1.459927e+00   9.977794e-01   2.240735e-07   5.557703e-03  -1.815256e-02   1.676151e+00   1.665783e+00   9.992222e-02   1.754017e-09   3.562905e-03   1.683787e+00   1.673692e+00   8.993000e-01   1.535528e-08   3.461325e-03
   164   1.508744e+00   1.492678e+00   9.981214e-01   1.504769e-07   5.166494e-03  -1.621177e-02   1.697127e+00   1.686765e+00   9.992982e-02   1.369933e-09   3.401174e-03   1.704234e+00   1.694131e+00   8.993684e-01   1.202095e-08   3.311946e-03
   165   1.541495e+00   1.525428e+00   9.984114e-01   1.011469e-07   4.803453e-03  -1.445710e-02   1.718085e+00   1.707732e+00   9.993668e-02   1.070382e-09   3.248047e-03   1.724688e+00   1.714582e+00   8.994301e-01   9.414310e-09   3.170038e-03
   166   1.574245e+00   1.558179e+00   9.986529e-01   6.804982e-08   4.466649e-03  -1.286150e-02   1.739016e+00   1.728676e+00   9.994287e-02   8.367811e-10   3.103269e-03   1.745139e+00   1.735034e+00   8.994858e-01   7.376963e-09   3.035505e-03
   167   1.606995e+00   1.590929e+00   9.988586e-01   4.582589e-08   4.154379e-03  -1.142925e-02   1.759910e+00   1.749589e+00   9.994845e-02   6.546199e-10   2.966629e-03   1.765571e+00   1.755475e+00   8.995361e-01   5.784827e-09   2.908277e-03
   168   1.639746e+00   1.623679e+00   9.990324e-01   3.089379e-08   3.865232e-03  -1.006835e-02   1.780755e+00   1.770458e+00   9.995349e-02   5.125726e-10   2.837953e-03   1.785968e+00   1.775889e+00   8.995814e-01   4.540731e-09   2.788316e-03
   169   1.672496e+00   1.656430e+00   9.991788e-01   2.084876e-08   3.597754e-03  -8.851180e-03   1.801536e+00   1.791270e+00   9.995804e-02   4.018009e-10   2.717113e-03   1.806312e+00   1.796260e+00   8.996223e-01   3.568618e-09   2.675617e-03
   170   1.705247e+00   1.689180e+00   9.993039e-01   1.408686e-08   3.350895e-03  -7.641896e-03   1.822233e+00   1.812008e+00   9.996214e-02   3.154088e-10   2.604022e-03   1.826581e+00   1.816565e+00   8.996593e-01   2.808979e-09   2.570208e-03
   171   1.737997e+00   1.721930e+00   9.994089e-01   9.530323e-09   3.123701e-03  -6.478465e-03   1.842826e+00   1.832651e+00   9.996584e-02   2.480175e-10   2.498633e-03   1.846747e+00   1.836781e+00   8.996926e-01   2.215276e-09   2.472154e-03
   172   1.770747e+00   1.754681e+00   9.994987e-01   6.456415e-09   2.915180e-03  -5.325142e-03   1.863288e+00   1.853177e+00   9.996918e-02   1.954325e-10   2.400947e-03   1.866781e+00   1.856879e+00   8.997226e-01   1.751130e-09   2.381556e-03
   173   1.803498e+00   1.787431e+00   9.995751e-01   4.381619e-09   2.725340e-03  -3.992364e-03   1.883590e+00   1.873557e+00   9.997219e-02   1.543838e-10   2.311001e-03   1.886648e+00   1.876828e+00   8.997498e-01   1.388110e-09   2.298550e-03
   174   1.836248e+00   1.820182e+00   9.996399e-01   2.978923e-09   2.553287e-03  -2.648290e-03   1.903697e+00   1.893760e+00   9.997491e-02   1.223223e-10   2.228876e-03   1.906311e+00   1.896591e+00   8.997742e-01   1.104009e-09   2.223309e-03
   175   1.868998e+00   1.852932e+00   9.996957e-01   2.029872e-09   2.399373e-03  -9.040404e-04   1.923571e+00   1.913748e+00   9.997737e-02   9.726149e-11   2.154694e-03   1.925724e+00   1.916126e+00   8.997963e-01   8.814853e-10   2.156034e-03
   176   1.901749e+00   1.885682e+00   9.997432e-01   1.387008e-09   2.264223e-03   1.011825e-03   1.943168e+00   1.933480e+00   9.997958e-02   7.765247e-11   2.088644e-03   1.944843e+00   1.935389e+00   8.998162e-01   7.070022e-10   2.096958e-03
   177   1.934499e+00   1.918433e+00   9.997840e-01   9.507051e-10   2.147898e-03   3.380796e-03   1.962444e+00   1.952913e+00   9.998158e-02   6.227997e-11   2.031245e-03   1.963614e+00   1.954330e+00   8.998342e-01   5.699739e-10   2.046411e-03
   178   1.967250e+00   1.951183e+00   9.998194e-01   6.542599e-10   2.052934e-03   6.500640e-03   1.981372e+00   1.972011e+00   9.998338e-02   5.015373e-11   1.984963e-03   1.981996e+00   1.972902e+00   8.998504e-01   4.619438e-10   2.005645e-03
   179   2.000000e+00   1.983933e+00   9.998500e-01   4.509577e-10   1.989044e-03   8.244110e-03   2.000000e+00   1.990786e+00   9.998500e-02   4.038545e-11   1.959271e-03   2.000000e+00   1.991091e+00   8.998650e-01   3.752742e-10   1.981944e-03
