     i          log_r       log_rmid          m_tot        rho_tot         v2_tot            eta     lgr[heavy]    lgrm[heavy]       m[heavy]     rho[heavy]      v2[heavy]     lgr[light]    lgrm[light]       m[light]     rho[light]      v2[light]
     0  -4.818118e+00  -5.119148e+00   1.029230e-07   8.585593e+07   4.295237e-01            nan  -4.818118e+00  -5.119148e+00   9.998500e-08   8.539032e+07   4.258351e-01  -3.231842e+00  -3.532872e+00   8.998650e-07   1.339132e+04   7.995637e-01
     1  -4.780027e+00  -4.798655e+00   1.331898e-07   8.488092e+07   4.274542e-01            nan  -4.795600e+00  -4.806713e+00   1.166721e-07   8.468112e+07   4.258211e-01  -3.189072e+00  -3.209930e+00   1.050049e-06   6.502200e+03   7.484600e-01
     2  -4.741937e+00  -4.760565e+00   1.724346e-07   8.472339e+07   4.273009e-01            nan  -4.773089e+00  -4.784199e+00   1.361439e-07   8.460425e+07   4.258196e-01  -3.146831e+00  -3.167438e+00   1.225295e-06   5.728146e+03   7.384690e-01
     3  -4.703847e+00  -4.722475e+00   2.233166e-07   8.454027e+07   4.271613e-01            nan  -4.750582e+00  -4.761690e+00   1.588651e-07   8.451933e+07   4.258179e-01  -3.105036e+00  -3.125431e+00   1.429786e-06   5.053927e+03   7.277558e-01
     4  -4.665757e+00  -4.684385e+00   2.892725e-07   8.432839e+07   4.270340e-01            nan  -4.728075e+00  -4.739182e+00   1.853780e-07   8.442552e+07   4.258160e-01  -3.063633e+00  -3.083841e+00   1.668402e-06   4.466629e+03   7.164525e-01
     5  -4.627667e+00  -4.646295e+00   3.747438e-07   8.408316e+07   4.269175e-01            nan  -4.705566e+00  -4.716675e+00   2.163150e-07   8.432188e+07   4.258139e-01  -3.022588e+00  -3.042626e+00   1.946835e-06   3.954767e+03   7.046881e-01
     6  -4.589577e+00  -4.608205e+00   4.854681e-07   8.379551e+07   4.268109e-01            nan  -4.683054e+00  -4.694164e+00   2.524142e-07   8.420735e+07   4.258116e-01  -2.981880e+00  -3.001757e+00   2.271728e-06   3.508413e+03   6.924498e-01
     7  -4.551487e+00  -4.570115e+00   6.288281e-07   8.345808e+07   4.267128e-01            nan  -4.660535e+00  -4.671648e+00   2.945370e-07   8.408079e+07   4.258090e-01  -2.941491e+00  -2.961216e+00   2.650833e-06   3.118436e+03   6.799953e-01
     8  -4.513397e+00  -4.532025e+00   8.143231e-07   8.306486e+07   4.266223e-01            nan  -4.638007e+00  -4.649125e+00   3.436881e-07   8.394093e+07   4.258062e-01  -2.901416e+00  -2.920992e+00   3.093193e-06   2.777540e+03   6.672459e-01
     9  -4.475307e+00  -4.493935e+00   1.054180e-06   8.260320e+07   4.265383e-01            nan  -4.615468e+00  -4.626591e+00   4.010398e-07   8.378637e+07   4.258031e-01  -2.861643e+00  -2.881074e+00   3.609358e-06   2.478610e+03   6.544603e-01
    10  -4.437217e+00  -4.455845e+00   1.364023e-06   8.205856e+07   4.264597e-01            nan  -4.592916e+00  -4.604046e+00   4.679601e-07   8.361557e+07   4.257996e-01  -2.822167e+00  -2.841457e+00   4.211641e-06   2.216250e+03   6.415868e-01
    11  -4.399127e+00  -4.417755e+00   1.763768e-06   8.142380e+07   4.263858e-01            nan  -4.570347e+00  -4.581485e+00   5.460446e-07   8.342684e+07   4.257957e-01  -2.782978e+00  -2.802130e+00   4.914402e-06   1.985269e+03   6.287746e-01
    12  -4.361037e+00  -4.379665e+00   2.278929e-06   8.068114e+07   4.263154e-01            nan  -4.547761e+00  -4.558907e+00   6.371554e-07   8.321831e+07   4.257914e-01  -2.744066e+00  -2.763086e+00   5.734398e-06   1.781470e+03   6.160753e-01
    13  -4.322947e+00  -4.341575e+00   2.941694e-06   7.980634e+07   4.262475e-01            nan  -4.525152e+00  -4.536309e+00   7.434644e-07   8.298792e+07   4.257867e-01  -2.705425e+00  -2.724316e+00   6.691180e-06   1.601378e+03   6.034659e-01
    14  -4.284857e+00  -4.303484e+00   3.792512e-06   7.879268e+07   4.261812e-01            nan  -4.502520e+00  -4.513689e+00   8.675058e-07   8.273344e+07   4.257814e-01  -2.667037e+00  -2.685807e+00   7.807552e-06   1.441523e+03   5.911383e-01
    15  -4.246767e+00  -4.265394e+00   4.882790e-06   7.761346e+07   4.261154e-01            nan  -4.479859e+00  -4.491042e+00   1.012236e-06   8.245238e+07   4.257756e-01  -2.628899e+00  -2.647550e+00   9.110122e-06   1.299803e+03   5.788854e-01
    16  -4.208677e+00  -4.227304e+00   6.275694e-06   7.623862e+07   4.260487e-01            nan  -4.457168e+00  -4.468366e+00   1.181103e-06   8.214204e+07   4.257691e-01  -2.590987e+00  -2.609530e+00   1.062993e-05   1.173243e+03   5.670371e-01
    17  -4.170587e+00  -4.189214e+00   8.049576e-06   7.466542e+07   4.259803e-01            nan  -4.434442e+00  -4.445656e+00   1.378130e-06   8.179946e+07   4.257618e-01  -2.553295e+00  -2.571733e+00   1.240317e-05   1.060479e+03   5.553487e-01
    18  -4.132497e+00  -4.151124e+00   1.030234e-05   7.284770e+07   4.259083e-01            nan  -4.411676e+00  -4.422910e+00   1.608010e-06   8.142139e+07   4.257538e-01  -2.515802e+00  -2.534145e+00   1.447209e-05   9.594262e+02   5.440298e-01
    19  -4.094407e+00  -4.113034e+00   1.314666e-05   7.077642e+07   4.258316e-01            nan  -4.388867e+00  -4.400122e+00   1.876216e-06   8.100430e+07   4.257449e-01  -2.478496e+00  -2.496749e+00   1.688595e-05   8.688688e+02   5.329844e-01
    20  -4.056317e+00  -4.074944e+00   1.672648e-05   6.844338e+07   4.257486e-01            nan  -4.366009e+00  -4.377288e+00   2.189133e-06   8.054435e+07   4.257350e-01  -2.441362e+00  -2.459532e+00   1.970220e-05   7.875615e+02   5.222150e-01
    21  -4.018227e+00  -4.036854e+00   2.120212e-05   6.579693e+07   4.256565e-01            nan  -4.343096e+00  -4.354401e+00   2.554206e-06   8.003735e+07   4.257240e-01  -2.404384e+00  -2.422479e+00   2.298786e-05   7.143302e+02   5.117910e-01
    22  -3.980137e+00  -3.998764e+00   2.676595e-05   6.288974e+07   4.255547e-01            nan  -4.320123e+00  -4.331458e+00   2.980121e-06   7.947876e+07   4.257118e-01  -2.367555e+00  -2.385579e+00   2.682109e-05   6.484774e+02   5.015588e-01
    23  -3.942047e+00  -3.960674e+00   3.363145e-05   5.964001e+07   4.254381e-01            nan  -4.297081e+00  -4.308449e+00   3.477003e-06   7.886369e+07   4.256981e-01  -2.330854e+00  -2.348817e+00   3.129303e-05   5.889205e+02   4.917047e-01
    24  -3.903957e+00  -3.922584e+00   4.204017e-05   5.615641e+07   4.253071e-01            nan  -4.273964e+00  -4.285369e+00   4.056664e-06   7.818684e+07   4.256830e-01  -2.294278e+00  -2.312181e+00   3.650997e-05   5.352413e+02   4.820119e-01
    25  -3.865866e+00  -3.884494e+00   5.223564e-05   5.236747e+07   4.251542e-01            nan  -4.250763e+00  -4.262209e+00   4.732872e-06   7.744255e+07   4.256661e-01  -2.257808e+00  -2.275660e+00   4.259585e-05   4.865714e+02   4.726750e-01
    26  -3.827776e+00  -3.846404e+00   6.452350e-05   4.839875e+07   4.249791e-01            nan  -4.227468e+00  -4.238959e+00   5.521683e-06   7.662475e+07   4.256473e-01  -2.221436e+00  -2.239241e+00   4.969515e-05   4.425423e+02   4.635453e-01
    27  -3.789686e+00  -3.808314e+00   7.908835e-05   4.426499e+07   4.247749e-01            nan  -4.204068e+00  -4.215610e+00   6.441814e-06   7.572698e+07   4.256263e-01  -2.185149e+00  -2.202914e+00   5.797633e-05   4.026027e+02   4.546851e-01
    28  -3.751596e+00  -3.770224e+00   9.624719e-05   4.001981e+07   4.245345e-01            nan  -4.180551e+00  -4.192150e+00   7.515084e-06   7.474240e+07   4.256029e-01  -2.148940e+00  -2.166667e+00   6.763576e-05   3.663630e+02   4.460606e-01
    29  -3.713506e+00  -3.732134e+00   1.162425e-04   3.578544e+07   4.242543e-01            nan  -4.156904e+00  -4.168567e+00   8.766923e-06   7.366383e+07   4.255767e-01  -2.112799e+00  -2.130493e+00   7.890231e-05   3.334717e+02   4.376421e-01
    30  -3.675416e+00  -3.694044e+00   1.392562e-04   3.163236e+07   4.239260e-01            nan  -4.133111e+00  -4.144845e+00   1.022697e-05   7.248377e+07   4.255475e-01  -2.076716e+00  -2.094383e+00   9.204273e-05   3.035574e+02   4.294734e-01
    31  -3.637326e+00  -3.655954e+00   1.652771e-04   2.761060e+07   4.235354e-01            nan  -4.109156e+00  -4.120968e+00   1.192976e-05   7.119449e+07   4.255147e-01  -2.040688e+00  -2.058328e+00   1.073678e-04   2.763938e+02   4.214615e-01
    32  -3.599236e+00  -3.617864e+00   1.944926e-04   2.380332e+07   4.230699e-01            nan  -4.085018e+00  -4.096919e+00   1.391553e-05   6.978807e+07   4.254781e-01  -2.004702e+00  -2.022322e+00   1.252398e-04   2.516453e+02   4.137026e-01
    33  -3.561146e+00  -3.579774e+00   2.269135e-04   2.028615e+07   4.225188e-01            nan  -4.060677e+00  -4.072677e+00   1.623115e-05   6.825658e+07   4.254369e-01  -1.968758e+00  -1.986358e+00   1.460803e-04   2.291621e+02   4.060632e-01
    34  -3.523056e+00  -3.541684e+00   2.625037e-04   1.709927e+07   4.218659e-01            nan  -4.036108e+00  -4.048219e+00   1.893121e-05   6.659217e+07   4.253907e-01  -1.932844e+00  -1.950430e+00   1.703808e-04   2.086519e+02   3.986715e-01
    35  -3.484966e+00  -3.503594e+00   3.012078e-04   1.426629e+07   4.210942e-01            nan  -4.011283e+00  -4.023518e+00   2.207926e-05   6.478728e+07   4.253386e-01  -1.896960e+00  -1.914532e+00   1.987134e-04   1.900095e+02   3.913742e-01
    36  -3.446876e+00  -3.465504e+00   3.427898e-04   1.179360e+07   4.201885e-01            nan  -3.986170e+00  -3.998545e+00   2.574932e-05   6.283491e+07   4.252799e-01  -1.861097e+00  -1.878659e+00   2.317439e-04   1.729904e+02   3.843094e-01
    37  -3.408786e+00  -3.427414e+00   3.867354e-04   9.654437e+06   4.190886e-01            nan  -3.960734e+00  -3.973266e+00   3.002750e-05   6.072886e+07   4.252135e-01  -1.825254e+00  -1.842806e+00   2.702475e-04   1.575082e+02   3.773341e-01
    38  -3.370696e+00  -3.389323e+00   4.333303e-04   7.846624e+06   4.177856e-01            nan  -3.934935e+00  -3.947643e+00   3.501400e-05   5.846413e+07   4.251382e-01  -1.789423e+00  -1.806969e+00   3.151260e-04   1.433716e+02   3.705644e-01
    39  -3.332606e+00  -3.351233e+00   4.827084e-04   6.342414e+06   4.162735e-01            nan  -3.908724e+00  -3.921631e+00   4.082538e-05   5.603731e+07   4.250526e-01  -1.753603e+00  -1.771144e+00   3.674284e-04   1.305018e+02   3.638832e-01
    40  -3.294516e+00  -3.313143e+00   5.344765e-04   5.104848e+06   4.145700e-01            nan  -3.882049e+00  -3.895181e+00   4.759714e-05   5.344710e+07   4.249548e-01  -1.717787e+00  -1.735326e+00   4.283742e-04   1.187488e+02   3.573861e-01
    41  -3.256426e+00  -3.275053e+00   5.875207e-04   4.087123e+06   4.124821e-01            nan  -3.854848e+00  -3.868235e+00   5.548679e-05   5.069486e+07   4.248428e-01  -1.681976e+00  -1.699512e+00   4.993811e-04   1.080438e+02   3.509724e-01
    42  -3.218336e+00  -3.236963e+00   6.437594e-04   3.266119e+06   4.101198e-01            nan  -3.827050e+00  -3.840726e+00   6.467734e-05   4.778522e+07   4.247138e-01  -1.646161e+00  -1.663699e+00   5.820960e-04   9.826578e+01   3.447289e-01
    43  -3.180246e+00  -3.198873e+00   7.013019e-04   2.605770e+06   4.075224e-01   4.374513e-01  -3.798573e+00  -3.812578e+00   7.538125e-05   4.472682e+07   4.245645e-01  -1.610344e+00  -1.627883e+00   6.784313e-04   8.935762e+01   3.385598e-01
    44  -3.142156e+00  -3.160783e+00   7.613100e-04   2.076805e+06   4.043473e-01   4.344108e-01  -3.769321e+00  -3.783701e+00   8.784517e-05   4.153295e+07   4.243907e-01  -1.574517e+00  -1.592061e+00   7.906065e-04   8.121894e+01   3.325523e-01
    45  -3.104066e+00  -3.122693e+00   8.237163e-04   1.655100e+06   4.010766e-01   4.308281e-01  -3.739184e+00  -3.753991e+00   1.023551e-04   3.822229e+07   4.241870e-01  -1.538682e+00  -1.556230e+00   9.211963e-04   7.380396e+01   3.266084e-01
    46  -3.065976e+00  -3.084603e+00   8.880506e-04   1.320651e+06   3.970819e-01   4.279014e-01  -3.708030e+00  -3.723328e+00   1.192428e-04   3.481955e+07   4.239462e-01  -1.502832e+00  -1.520387e+00   1.073185e-03   6.702870e+01   3.208182e-01
    47  -3.027886e+00  -3.046513e+00   9.554008e-04   1.054131e+06   3.930619e-01   4.244301e-01  -3.675707e+00  -3.691568e+00   1.388921e-04   3.135596e+07   4.236592e-01  -1.466967e+00  -1.484529e+00   1.250029e-03   6.085488e+01   3.150881e-01
    48  -2.989795e+00  -3.008423e+00   1.025108e-03   8.440337e+05   3.882917e-01   4.217706e-01  -3.642034e+00  -3.658544e+00   1.617478e-04   2.786948e+07   4.233136e-01  -1.431081e+00  -1.448654e+00   1.455730e-03   5.521549e+01   3.094946e-01
    49  -2.951705e+00  -2.970333e+00   1.097999e-03   6.758484e+05   3.835916e-01   4.186045e-01  -3.606798e+00  -3.624059e+00   1.883238e-04   2.440466e+07   4.228929e-01  -1.395175e+00  -1.412757e+00   1.694914e-03   5.007501e+01   3.039674e-01
    50  -2.913615e+00  -2.932243e+00   1.174379e-03   5.438204e+05   3.780765e-01   4.165572e-01  -3.569749e+00  -3.587879e+00   2.192140e-04   2.101196e+07   4.223743e-01  -1.359244e+00  -1.376838e+00   1.972926e-03   4.538248e+01   2.985529e-01
    51  -2.875525e+00  -2.894153e+00   1.253969e-03   4.376239e+05   3.726511e-01   4.140939e-01  -3.530590e+00  -3.549729e+00   2.551039e-04   1.774627e+07   4.217263e-01  -1.323286e+00  -1.340893e+00   2.295935e-03   4.110357e+01   2.932154e-01
    52  -2.837435e+00  -2.856063e+00   1.338385e-03   3.537327e+05   3.666645e-01   4.124999e-01  -3.488972e+00  -3.509283e+00   2.967831e-04   1.466463e+07   4.209050e-01  -1.287298e+00  -1.304919e+00   2.671048e-03   3.720069e+01   2.879651e-01
    53  -2.799345e+00  -2.817973e+00   1.426343e-03   2.862572e+05   3.606309e-01   4.108744e-01  -3.444489e+00  -3.466161e+00   3.451610e-04   1.182291e+07   4.198480e-01  -1.251277e+00  -1.268914e+00   3.106449e-03   3.364067e+01   2.828055e-01
    54  -2.761255e+00  -2.779883e+00   1.520124e-03   2.323213e+05   3.543569e-01   4.097012e-01  -3.396677e+00  -3.419926e+00   4.012824e-04   9.271582e+06   4.184667e-01  -1.215223e+00  -1.232876e+00   3.611542e-03   3.039692e+01   2.777047e-01
    55  -2.723165e+00  -2.741793e+00   1.618631e-03   1.890274e+05   3.479038e-01   4.088899e-01  -3.345020e+00  -3.370081e+00   4.663463e-04   7.050785e+06   4.166349e-01  -1.179130e+00  -1.196802e+00   4.197117e-03   2.743760e+01   2.727083e-01
    56  -2.685075e+00  -2.703703e+00   1.723468e-03   1.539728e+05   3.414792e-01   4.081435e-01  -3.288974e+00  -3.316093e+00   5.417261e-04   5.185276e+06   4.141757e-01  -1.142997e+00  -1.160688e+00   4.875535e-03   2.474269e+01   2.677637e-01
    57  -2.646985e+00  -2.665613e+00   1.834880e-03   1.258630e+05   3.348271e-01   4.079889e-01  -3.228017e+00  -3.257426e+00   6.289911e-04   3.680297e+06   4.108467e-01  -1.106822e+00  -1.124533e+00   5.660920e-03   2.228692e+01   2.629038e-01
    58  -2.608895e+00  -2.627523e+00   1.953391e-03   1.028967e+05   3.283307e-01   4.077371e-01  -3.161738e+00  -3.193614e+00   7.299314e-04   2.519560e+06   4.063335e-01  -1.070601e+00  -1.088334e+00   6.569382e-03   2.005123e+01   2.581069e-01
    59  -2.570805e+00  -2.589433e+00   2.079806e-03   8.439243e+04   3.217146e-01   4.080346e-01  -3.089966e+00  -3.124371e+00   8.465830e-04   1.666604e+06   4.002677e-01  -1.034336e+00  -1.052090e+00   7.619247e-03   1.801755e+01   2.533582e-01
    60  -2.532715e+00  -2.551343e+00   2.214877e-03   6.924423e+04   3.152378e-01   4.083415e-01  -3.012903e+00  -3.049727e+00   9.812558e-04   1.070053e+06   3.922854e-01  -9.980212e-01  -1.015799e+00   8.831303e-03   1.616669e+01   2.486895e-01
    61  -2.494625e+00  -2.513253e+00   2.358894e-03   5.690546e+04   3.088326e-01   4.088872e-01  -2.931225e+00  -2.970146e+00   1.136562e-03   6.719123e+05   3.821438e-01  -9.616569e-01  -9.794585e-01   1.022906e-02   1.448489e+01   2.440656e-01
    62  -2.456535e+00  -2.475162e+00   2.513678e-03   4.681333e+04   3.025379e-01   4.095500e-01  -2.846041e+00  -2.886548e+00   1.315444e-03   4.165320e+05   3.698588e-01  -9.252418e-01  -9.430678e-01   1.183900e-02   1.295740e+01   2.394948e-01
    63  -2.418445e+00  -2.437072e+00   2.678811e-03   3.853731e+04   2.963961e-01   4.103104e-01  -2.758705e+00  -2.800182e+00   1.521208e-03   2.573449e+05   3.557795e-01  -8.887743e-01  -9.066254e-01   1.369088e-02   1.157087e+01   2.349813e-01
    64  -2.380355e+00  -2.398982e+00   2.856417e-03   3.175892e+04   2.903959e-01   4.111147e-01  -2.670544e+00  -2.712391e+00   1.757548e-03   1.596705e+05   3.405273e-01  -8.522551e-01  -8.701309e-01   1.581793e-02   1.031419e+01   2.305004e-01
    65  -2.342265e+00  -2.360892e+00   3.046473e-03   2.618061e+04   2.845650e-01   4.120059e-01  -2.582637e+00  -2.624370e+00   2.028572e-03   9.997461e+04   3.248218e-01  -8.156842e-01  -8.335848e-01   1.825715e-02   9.176027e+00   2.260640e-01
    66  -2.304175e+00  -2.322802e+00   3.250689e-03   2.160043e+04   2.789256e-01   4.128124e-01  -2.495729e+00  -2.537013e+00   2.338830e-03   6.331312e+04   3.093002e-01  -7.790619e-01  -7.969872e-01   2.104947e-02   8.146402e+00   2.216690e-01
    67  -2.266085e+00  -2.284712e+00   3.469873e-03   1.782558e+04   2.734465e-01   4.137420e-01  -2.410251e+00  -2.450890e+00   2.693323e-03   4.057101e+04   2.944169e-01  -7.423910e-01  -7.603395e-01   2.423991e-02   7.216581e+00   2.172957e-01
    68  -2.227995e+00  -2.246622e+00   3.705176e-03   1.471771e+04   2.681969e-01   4.145291e-01  -2.326400e+00  -2.366305e+00   3.097518e-03   2.628982e+04   2.804313e-01  -7.056744e-01  -7.236448e-01   2.787766e-02   6.378081e+00   2.129463e-01
    69  -2.189905e+00  -2.208532e+00   3.958248e-03   1.215510e+04   2.631049e-01   4.154040e-01  -2.244225e+00  -2.283371e+00   3.557342e-03   1.720907e+04   2.674471e-01  -6.689152e-01  -6.869060e-01   3.201608e-02   5.623040e+00   2.086241e-01
    70  -2.151815e+00  -2.170442e+00   4.229834e-03   1.004102e+04   2.582422e-01   4.161491e-01  -2.163695e+00  -2.202096e+00   4.079169e-03   1.136704e+04   2.554657e-01  -6.321190e-01  -6.501275e-01   3.671252e-02   4.944611e+00   2.043126e-01
    71  -2.113725e+00  -2.132352e+00   4.522254e-03   8.297229e+03   2.535448e-01   4.169011e-01  -2.084745e+00  -2.122428e+00   4.669785e-03   7.568843e+03   2.444308e-01  -5.952933e-01  -6.133159e-01   4.202806e-02   4.336402e+00   1.999980e-01
    72  -2.075634e+00  -2.094262e+00   4.836133e-03   6.857180e+03   2.490666e-01   4.175780e-01  -2.007303e+00  -2.044300e+00   5.336336e-03   5.076335e+03   2.342604e-01  -5.584459e-01  -5.764789e-01   4.802703e-02   3.792199e+00   1.956915e-01
    73  -2.037544e+00  -2.056172e+00   5.174237e-03   5.668843e+03   2.447579e-01   4.181831e-01  -1.931305e+00  -1.967644e+00   6.086254e-03   3.427137e+03   2.248655e-01  -5.215870e-01  -5.396256e-01   5.477629e-02   3.306550e+00   1.913796e-01
    74  -1.999454e+00  -2.018082e+00   5.537387e-03   4.686956e+03   2.406571e-01   4.187539e-01  -1.856698e+00  -1.892402e+00   6.927149e-03   2.327864e+03   2.161616e-01  -4.847294e-01  -5.027673e-01   6.234434e-02   2.874371e+00   1.870493e-01
    75  -1.961364e+00  -1.979992e+00   5.928587e-03   3.876413e+03   2.367252e-01   4.192169e-01  -1.783445e+00  -1.818529e+00   7.866679e-03   1.590237e+03   2.080723e-01  -4.478882e-01  -4.659182e-01   7.080011e-02   2.490914e+00   1.826920e-01
    76  -1.923274e+00  -1.941902e+00   6.349148e-03   3.206431e+03   2.329912e-01   4.196457e-01  -1.711521e+00  -1.745996e+00   8.912390e-03   1.092222e+03   2.005315e-01  -4.110797e-01  -4.290941e-01   8.021151e-02   2.151660e+00   1.783124e-01
    77  -1.885184e+00  -1.903812e+00   6.802184e-03   2.653238e+03   2.294219e-01   4.199743e-01  -1.640910e+00  -1.674782e+00   1.007152e-02   7.540380e+02   1.934821e-01  -3.743235e-01  -3.923129e-01   9.064369e-02   1.852536e+00   1.738986e-01
    78  -1.847094e+00  -1.865722e+00   7.289717e-03   2.195791e+03   2.260433e-01   4.202479e-01  -1.571604e+00  -1.604876e+00   1.135078e-02   5.231279e+02   1.868760e-01  -3.376418e-01  -3.555955e-01   1.021570e-01   1.589733e+00   1.694399e-01
    79  -1.809004e+00  -1.827632e+00   7.814959e-03   1.818047e+03   2.228228e-01   4.204591e-01  -1.503601e+00  -1.536273e+00   1.275612e-02   3.646336e+02   1.806719e-01  -3.010601e-01  -3.189659e-01   1.148050e-01   1.359689e+00   1.649298e-01
    80  -1.770914e+00  -1.789542e+00   8.380760e-03   1.505506e+03   2.197877e-01   4.205770e-01  -1.436899e+00  -1.468971e+00   1.429243e-02   2.552921e+02   1.748342e-01  -2.646050e-01  -2.824501e-01   1.286319e-01   1.159042e+00   1.603735e-01
    81  -1.732824e+00  -1.751452e+00   8.990591e-03   1.247428e+03   2.169026e-01   4.206755e-01  -1.371495e+00  -1.402967e+00   1.596333e-02   1.794899e+02   1.693325e-01  -2.283063e-01  -2.460765e-01   1.436700e-01   9.847285e-01   1.557637e-01
    82  -1.694734e+00  -1.713362e+00   9.648082e-03   1.033721e+03   2.141998e-01   4.206456e-01  -1.307388e+00  -1.338260e+00   1.777087e-02   1.266899e+02   1.641397e-01  -1.921964e-01  -2.098761e-01   1.599378e-01   8.339036e-01   1.510953e-01
    83  -1.656644e+00  -1.675272e+00   1.035738e-02   8.572863e+02   2.116373e-01   4.206372e-01  -1.244568e+00  -1.274843e+00   1.971527e-02   8.974432e+01   1.592321e-01  -1.563095e-01  -1.738824e-01   1.774374e-01   7.039227e-01   1.463709e-01
    84  -1.618554e+00  -1.637182e+00   1.112261e-02   7.110124e+02   2.092550e-01   4.204656e-01  -1.183025e+00  -1.212707e+00   2.179475e-02   6.377963e+01   1.545884e-01  -1.206809e-01  -1.381299e-01   1.961527e-01   5.923421e-01   1.415986e-01
    85  -1.580464e+00  -1.599092e+00   1.194938e-02   5.902026e+02   2.070095e-01   4.203381e-01  -1.122740e+00  -1.151837e+00   2.400535e-02   4.545657e+01   1.501897e-01  -8.534715e-02  -1.026548e-01   2.160481e-01   4.969486e-01   1.367794e-01
    86  -1.542374e+00  -1.561001e+00   1.284161e-02   4.900478e+02   2.049273e-01   4.200486e-01  -1.063689e+00  -1.092211e+00   2.634082e-02   3.247634e+01   1.460188e-01  -5.034595e-02  -6.749403e-02   2.370673e-01   4.157194e-01   1.319182e-01
    87  -1.504284e+00  -1.522911e+00   1.380774e-02   4.072041e+02   2.029853e-01   4.198045e-01  -1.005841e+00  -1.033802e+00   2.879262e-02   2.324830e+01   1.420591e-01  -1.571345e-02  -3.268457e-02   2.591336e-01   3.468025e-01   1.270343e-01
    88  -1.466194e+00  -1.484821e+00   1.485027e-02   3.385542e+02   2.011863e-01   4.194099e-01  -9.491576e-01  -9.765751e-01   3.134998e-02   1.666668e+01   1.382968e-01   1.851413e-02   1.737449e-03   2.821498e-01   2.885566e-01   1.221348e-01
    89  -1.428104e+00  -1.446731e+00   1.598073e-02   2.816455e+02   1.995298e-01   4.190386e-01  -8.935930e-01  -9.204873e-01   3.400006e-02   1.195935e+01   1.347180e-01   5.230206e-02   3.573660e-02   3.060005e-01   2.395048e-01   1.172343e-01
    90  -1.390014e+00  -1.408641e+00   1.720364e-02   2.345226e+02   1.979929e-01   4.185605e-01  -8.390927e-01  -8.654885e-01   3.672816e-02   8.584470e+00   1.313102e-01   8.561853e-02   6.927970e-02   3.305535e-01   1.983308e-01   1.123535e-01
    91  -1.351924e+00  -1.370551e+00   1.852952e-02   1.953492e+02   1.965990e-01   4.180433e-01  -7.855949e-01  -8.115206e-01   3.951809e-02   6.160329e+00   1.280623e-01   1.184334e-01   1.023358e-01   3.556628e-01   1.638856e-01   1.075044e-01
    92  -1.313834e+00  -1.332461e+00   1.996926e-02   1.629119e+02   1.953053e-01   4.174657e-01  -7.330287e-01  -7.585170e-01   4.235249e-02   4.416626e+00   1.249630e-01   1.507213e-01   1.348774e-01   3.811724e-01   1.351501e-01   1.027114e-01
    93  -1.275744e+00  -1.294371e+00   2.152870e-02   1.359169e+02   1.941371e-01   4.168181e-01  -6.813150e-01  -7.064026e-01   4.521329e-02   3.161367e+00   1.220028e-01   1.824594e-01   1.668802e-01   4.069196e-01   1.112483e-01   9.798884e-02
    94  -1.237654e+00  -1.256281e+00   2.322706e-02   1.135056e+02   1.930625e-01   4.161149e-01  -6.303654e-01  -6.550934e-01   4.808216e-02   2.257542e+00   1.191724e-01   2.136296e-01   1.983241e-01   4.327394e-01   9.141685e-02   9.335671e-02
    95  -1.199564e+00  -1.218191e+00   2.507012e-02   9.488691e+01   1.920696e-01   4.153444e-01  -5.800804e-01  -6.044955e-01   5.094094e-02   1.606997e+00   1.164634e-01   2.442177e-01   2.291929e-01   4.584685e-01   7.500271e-02   8.883070e-02
    96  -1.161473e+00  -1.180101e+00   2.707655e-02   7.935443e+01   1.911753e-01   4.145137e-01  -5.303525e-01  -5.545051e-01   5.377208e-02   1.139363e+00   1.138694e-01   2.742138e-01   2.594747e-01   4.839488e-01   6.144673e-02   8.442635e-02
    97  -1.123383e+00  -1.142011e+00   2.926737e-02   6.644833e+01   1.903285e-01   4.136097e-01  -4.810606e-01  -5.050076e-01   5.655903e-02   8.038224e-01   1.113836e-01   3.036125e-01   2.891619e-01   5.090312e-01   5.027375e-02   8.015725e-02
    98  -1.085293e+00  -1.103921e+00   3.164561e-02   5.567828e+01   1.895435e-01   4.126372e-01  -4.320698e-01  -4.558748e-01   5.928652e-02   5.637147e-01   1.090024e-01   3.324120e-01   3.182510e-01   5.335787e-01   4.108215e-02   7.603411e-02
    99  -1.047203e+00  -1.065831e+00   3.424624e-02   4.668842e+01   1.887978e-01   4.115474e-01  -3.832340e-01  -4.069658e-01   6.194091e-02   3.925623e-01   1.067223e-01   3.606148e-01   3.467423e-01   5.574682e-01   3.353304e-02   7.206672e-02
   100  -1.009113e+00  -1.027741e+00   3.708995e-02   3.919675e+01   1.880574e-01   4.103927e-01  -3.343880e-01  -3.581246e-01   6.451030e-02   2.711196e-01   1.045424e-01   3.882265e-01   3.746401e-01   5.805927e-01   2.734281e-02   6.826096e-02
   101  -9.710233e-01  -9.896508e-01   4.018678e-02   3.292163e+01   1.873383e-01   4.091240e-01  -2.853473e-01  -3.091758e-01   6.698469e-02   1.854481e-01   1.024662e-01   4.152566e-01   4.019518e-01   6.028622e-01   2.227368e-02   6.462240e-02
   102  -9.329332e-01  -9.515608e-01   4.358076e-02   2.767237e+01   1.866045e-01   4.077308e-01  -2.359131e-01  -2.599272e-01   6.935597e-02   1.254655e-01   1.004962e-01   4.417167e-01   4.286881e-01   6.242038e-01   1.812823e-02   6.115247e-02
   103  -8.948432e-01  -9.134708e-01   4.730176e-02   2.328353e+01   1.858256e-01   4.062373e-01  -1.858631e-01  -2.101675e-01   7.161799e-02   8.382608e-02   9.864087e-02   4.676217e-01   4.548623e-01   6.445619e-01   1.474181e-02   5.785300e-02
   104  -8.567531e-01  -8.753807e-01   5.136003e-02   1.959817e+01   1.850069e-01   4.045685e-01  -1.349585e-01  -1.596654e-01   7.376638e-02   5.522524e-02   9.691168e-02   4.929883e-01   4.804902e-01   6.638974e-01   1.197866e-02   5.472160e-02
   105  -8.186631e-01  -8.372907e-01   5.581465e-02   1.650348e+01   1.841264e-01   4.027372e-01  -8.295868e-02  -1.081808e-01   7.579851e-02   3.583248e-02   9.531373e-02   5.178353e-01   5.055895e-01   6.821866e-01   9.726009e-03   5.175721e-02
   106  -7.805731e-01  -7.992006e-01   6.070669e-02   1.390708e+01   1.831480e-01   4.007450e-01  -2.962757e-02  -5.547501e-02   7.771330e-02   2.287448e-02   9.385348e-02   5.421829e-01   5.301797e-01   6.994197e-01   7.891387e-03   4.895475e-02
   107  -7.424830e-01  -7.611106e-01   6.605944e-02   1.172414e+01   1.820554e-01   3.985172e-01   2.519744e-02  -1.350505e-03   7.951106e-02   1.437447e-02   9.249758e-02   5.660528e-01   5.542818e-01   7.155996e-01   6.398281e-03   4.631074e-02
   108  -7.043930e-01  -7.230205e-01   7.192598e-02   9.881507e+00   1.808628e-01   3.960223e-01   8.155831e-02   5.429152e-02   8.119333e-02   8.908971e-03   9.117610e-02   5.894676e-01   5.779180e-01   7.307399e-01   5.184145e-03   4.381886e-02
   109  -6.663029e-01  -6.849305e-01   7.836904e-02   8.330186e+00   1.795216e-01   3.932727e-01   1.392572e-01   1.113653e-01   8.276263e-02   5.473037e-03   8.972211e-02   6.124506e-01   6.011111e-01   7.448636e-01   4.197521e-03   4.147348e-02
   110  -6.282129e-01  -6.468405e-01   8.544405e-02   7.022783e+00   1.780132e-01   3.901944e-01   1.977395e-01   1.694820e-01   8.422234e-02   3.361894e-03   8.784850e-02   6.350258e-01   6.238848e-01   7.580011e-01   3.396330e-03   3.926804e-02
   111  -5.901229e-01  -6.087504e-01   9.317909e-02   5.918520e+00   1.763337e-01   3.867131e-01   2.560884e-01   2.278932e-01   8.557652e-02   2.088092e-03   8.521133e-02   6.572172e-01   6.462632e-01   7.701887e-01   2.746170e-03   3.719548e-02
   112  -5.520328e-01  -5.706604e-01   1.016574e-01   4.984323e+00   1.744901e-01   3.828120e-01   3.131871e-01   2.855755e-01   8.682971e-02   1.325713e-03   8.156656e-02   6.790494e-01   6.682705e-01   7.814674e-01   2.218884e-03   3.524939e-02
   113  -5.139428e-01  -5.325703e-01   1.109507e-01   4.195241e+00   1.724444e-01   3.784241e-01   3.680268e-01   3.414720e-01   8.798682e-02   8.662653e-04   7.694640e-02   7.005466e-01   6.899310e-01   7.918814e-01   1.791547e-03   3.342240e-02
   114  -4.758527e-01  -4.944803e-01   1.211274e-01   3.528264e+00   1.701841e-01   3.734570e-01   4.199556e-01   3.947669e-01   8.905301e-02   5.833233e-04   7.165987e-02   7.217329e-01   7.112689e-01   8.014771e-01   1.445429e-03   3.170778e-02
   115  -4.377627e-01  -4.563903e-01   1.322360e-01   2.964134e+00   1.677051e-01   3.678340e-01   4.687262e-01   4.450252e-01   9.003354e-02   4.036582e-04   6.611757e-02   7.426323e-01   7.323083e-01   8.103019e-01   1.165280e-03   3.009878e-02
   116  -3.996726e-01  -4.183002e-01   1.443481e-01   2.486092e+00   1.650269e-01   3.614326e-01   5.143933e-01   4.921597e-01   9.093373e-02   2.857828e-04   6.066390e-02   7.632681e-01   7.530728e-01   8.184036e-01   9.386872e-04   2.858857e-02
   117  -3.615826e-01  -3.802102e-01   1.575546e-01   2.081949e+00   1.621179e-01   3.541717e-01   5.571756e-01   5.363111e-01   9.175884e-02   2.061090e-04   5.551579e-02   7.836632e-01   7.735853e-01   8.258295e-01   7.555377e-04   2.717094e-02
   118  -3.234926e-01  -3.421201e-01   1.719269e-01   1.740356e+00   1.589734e-01   3.459150e-01   5.973566e-01   5.777307e-01   9.251402e-02   1.508775e-04   5.077453e-02   8.038397e-01   7.938686e-01   8.326262e-01   6.076131e-04   2.583966e-02
   119  -2.854025e-01  -3.040301e-01   1.875335e-01   1.451760e+00   1.555958e-01   3.365496e-01   6.352300e-01   6.167060e-01   9.320429e-02   1.117761e-04   4.647017e-02   8.238191e-01   8.139443e-01   8.388386e-01   4.882324e-04   2.458875e-02
   120  -2.473125e-01  -2.659400e-01   2.043906e-01   1.207989e+00   1.519972e-01   3.258880e-01   6.710740e-01   6.535217e-01   9.383445e-02   8.360950e-05   4.259392e-02   8.436222e-01   8.338336e-01   8.445100e-01   3.919633e-04   2.341271e-02
   121  -2.092224e-01  -2.278500e-01   2.226031e-01   1.002401e+00   1.481743e-01   3.137224e-01   7.051339e-01   6.884378e-01   9.440910e-02   6.304275e-05   3.911502e-02   8.632688e-01   8.535566e-01   8.496819e-01   3.143965e-04   2.230622e-02
   122  -1.711324e-01  -1.897600e-01   2.422216e-01   8.293731e-01   1.441246e-01   2.999492e-01   7.376271e-01   7.216843e-01   9.493262e-02   4.784816e-05   3.599634e-02   8.827778e-01   8.731328e-01   8.543935e-01   2.519533e-04   2.126423e-02
   123  -1.330424e-01  -1.516699e-01   2.632860e-01   6.839882e-01   1.398599e-01   2.844503e-01   7.687428e-01   7.534635e-01   9.540910e-02   3.651413e-05   3.320034e-02   9.021671e-01   8.925806e-01   8.586819e-01   2.017293e-04   2.028205e-02
   124  -9.495231e-02  -1.135799e-01   2.857730e-01   5.620578e-01   1.353928e-01   2.669820e-01   7.986444e-01   7.839509e-01   9.584241e-02   2.799256e-05   3.068962e-02   9.214538e-01   9.119175e-01   8.625817e-01   1.613699e-04   1.935538e-02
   125  -5.686227e-02  -7.548983e-02   3.097343e-01   4.600644e-01   1.307323e-01   2.472878e-01   8.274748e-01   8.132988e-01   9.623618e-02   2.154138e-05   2.843180e-02   9.406538e-01   9.311599e-01   8.661256e-01   1.289680e-04   1.848008e-02
   126  -1.877222e-02  -3.739979e-02   3.351706e-01   3.750100e-01   1.258943e-01   2.255596e-01   8.553582e-01   8.416402e-01   9.659376e-02   1.662987e-05   2.639655e-02   9.597822e-01   9.503233e-01   8.693438e-01   1.029791e-04   1.765237e-02
   127   1.931782e-02   6.902516e-04   3.620113e-01   3.042996e-01   1.208963e-01   2.017374e-01   8.824029e-01   8.690910e-01   9.691827e-02   1.287249e-05   2.455785e-02   9.788528e-01   9.694222e-01   8.722644e-01   8.215371e-05   1.686876e-02
   128   5.740786e-02   3.878029e-02   3.901096e-01   2.456201e-01   1.157367e-01   1.756565e-01   9.087050e-01   8.957530e-01   9.721261e-02   9.985875e-06   2.289275e-02   9.978789e-01   9.884701e-01   8.749135e-01   6.548167e-05   1.612608e-02
   129   9.549790e-02   7.687034e-02   4.194902e-01   1.971774e-01   1.104526e-01   1.479384e-01   9.343481e-01   9.217158e-01   9.747945e-02   7.760964e-06   2.138068e-02   1.016872e+00   1.007479e+00   8.773151e-01   5.214743e-05   1.542135e-02
   130   1.335879e-01   1.149604e-01   4.500231e-01   1.573862e-01   1.050786e-01   1.186084e-01   9.594066e-01   9.470581e-01   9.772124e-02   6.040859e-06   2.000432e-02   1.035844e+00   1.026462e+00   8.794912e-01   4.149281e-05   1.475187e-02
   131   1.716780e-01   1.530504e-01   4.815526e-01   1.248680e-01   9.964310e-02   8.916868e-02   9.839470e-01   9.718501e-01   9.794025e-02   4.707736e-06   1.874816e-02   1.054805e+00   1.045428e+00   8.814623e-01   3.298727e-05   1.411518e-02
   132   2.097680e-01   1.911405e-01   5.139536e-01   9.842832e-02   9.417960e-02   6.000084e-02   1.008027e+00   9.961540e-01   9.813854e-02   3.672535e-06   1.759854e-02   1.073764e+00   1.064388e+00   8.832469e-01   2.620357e-05   1.350905e-02
   133   2.478581e-01   2.292305e-01   5.468720e-01   7.705035e-02   8.872587e-02   3.069213e-02   1.031700e+00   1.020025e+00   9.831802e-02   2.867264e-06   1.654386e-02   1.092729e+00   1.083350e+00   8.848622e-01   2.079806e-05   1.293143e-02
   134   2.859481e-01   2.673205e-01   5.800381e-01   5.980330e-02   8.326179e-02   4.985992e-03   1.055012e+00   1.043513e+00   9.848042e-02   2.239968e-06   1.557378e-02   1.111709e+00   1.102323e+00   8.863237e-01   1.649459e-05   1.238046e-02
   135   3.240382e-01   3.054106e-01   6.133790e-01   4.605167e-02   7.787852e-02  -1.892471e-02   1.078005e+00   1.066661e+00   9.862732e-02   1.750762e-06   1.467921e-02   1.130710e+00   1.121314e+00   8.876458e-01   1.307147e-05   1.185446e-02
   136   3.621282e-01   3.435006e-01   6.465731e-01   3.517005e-02   7.261012e-02  -4.090764e-02   1.100716e+00   1.089509e+00   9.876016e-02   1.368912e-06   1.385224e-02   1.149739e+00   1.140329e+00   8.888415e-01   1.035093e-05   1.135188e-02
   137   4.002182e-01   3.815907e-01   6.790153e-01   2.659581e-02   6.745182e-02  -5.780205e-02   1.123178e+00   1.112092e+00   9.888027e-02   1.070632e-06   1.308598e-02   1.168801e+00   1.159375e+00   8.899225e-01   8.190587e-06   1.087136e-02
   138   4.383083e-01   4.196807e-01   7.108336e-01   1.991662e-02   6.246015e-02  -7.218073e-02   1.145422e+00   1.134442e+00   9.898885e-02   8.374984e-07   1.237434e-02   1.187902e+00   1.178457e+00   8.908996e-01   6.476477e-06   1.041160e-02
   139   4.763983e-01   4.577708e-01   7.413714e-01   1.476628e-02   5.766577e-02  -8.408471e-02   1.167473e+00   1.156588e+00   9.908698e-02   6.552018e-07   1.171197e-02   1.207046e+00   1.197579e+00   8.917828e-01   5.117511e-06   9.971469e-03
   140   5.144884e-01   4.958608e-01   7.706295e-01   1.082200e-02   5.307496e-02  -9.360458e-02   1.189357e+00   1.178553e+00   9.917565e-02   5.126106e-07   1.109415e-02   1.226236e+00   1.216747e+00   8.925808e-01   4.040945e-06   9.549906e-03
   141   5.525784e-01   5.339508e-01   7.980905e-01   7.846357e-03   4.872506e-02  -1.004108e-01   1.211094e+00   1.200362e+00   9.925576e-02   4.010523e-07   1.051673e-02   1.245477e+00   1.235963e+00   8.933019e-01   3.188740e-06   9.145950e-03
   142   5.906684e-01   5.720409e-01   8.238591e-01   5.620094e-03   4.462111e-02  -1.052022e-01   1.232704e+00   1.222034e+00   9.932813e-02   3.137597e-07   9.976072e-03   1.264771e+00   1.255231e+00   8.939532e-01   2.514637e-06   8.758719e-03
   143   6.287585e-01   6.101309e-01   8.474168e-01   3.977352e-03   4.078019e-02  -1.084493e-01   1.254204e+00   1.243587e+00   9.939350e-02   2.454486e-07   9.468962e-03   1.284121e+00   1.274554e+00   8.945415e-01   1.981797e-06   8.387405e-03
   144   6.668485e-01   6.482210e-01   8.689041e-01   2.781755e-03   3.720968e-02  -1.102546e-01   1.275610e+00   1.265039e+00   9.945254e-02   1.919902e-07   8.992539e-03   1.303530e+00   1.293934e+00   8.950729e-01   1.560913e-06   8.031263e-03
   145   7.049386e-01   6.863110e-01   8.882669e-01   1.920893e-03   3.390790e-02  -1.107812e-01   1.296935e+00   1.286403e+00   9.950586e-02   1.501559e-07   8.544268e-03   1.322998e+00   1.313373e+00   8.955527e-01   1.228688e-06   7.689607e-03
   146   7.430286e-01   7.244010e-01   9.054719e-01   1.310314e-03   3.087405e-02  -1.099679e-01   1.318192e+00   1.307693e+00   9.955400e-02   1.174201e-07   8.121900e-03   1.342527e+00   1.332872e+00   8.959860e-01   9.666213e-07   7.361802e-03
   147   7.811187e-01   7.624911e-01   9.204876e-01   8.833996e-04   2.810092e-02  -1.079283e-01   1.339391e+00   1.328921e+00   9.959747e-02   9.180639e-08   7.723430e-03   1.362118e+00   1.352433e+00   8.963772e-01   7.600300e-07   7.047260e-03
   148   8.192087e-01   8.005811e-01   9.335240e-01   5.888892e-04   2.557734e-02  -1.048144e-01   1.360543e+00   1.350096e+00   9.963672e-02   7.176774e-08   7.347070e-03   1.381773e+00   1.372057e+00   8.967304e-01   5.972736e-07   6.745431e-03
   149   8.572987e-01   8.386712e-01   9.447240e-01   3.884132e-04   2.328882e-02  -1.007076e-01   1.381656e+00   1.371228e+00   9.967214e-02   5.609295e-08   6.991221e-03   1.401491e+00   1.391744e+00   8.970493e-01   4.691296e-07   6.455808e-03
   150   8.953888e-01   8.767612e-01   9.542438e-01   2.536823e-04   2.121844e-02  -9.567199e-02   1.402738e+00   1.392325e+00   9.970413e-02   4.383370e-08   6.654449e-03   1.421272e+00   1.411494e+00   8.973371e-01   3.682974e-07   6.177912e-03
   151   9.334788e-01   9.148513e-01   9.622700e-01   1.642445e-04   1.934815e-02  -8.990878e-02   1.423796e+00   1.413394e+00   9.973300e-02   3.424748e-08   6.335466e-03   1.441117e+00   1.431308e+00   8.975970e-01   2.890017e-07   5.911299e-03
   152   9.715689e-01   9.529413e-01   9.689775e-01   1.055325e-04   1.765916e-02  -8.361341e-02   1.444835e+00   1.434443e+00   9.975905e-02   2.675289e-08   6.033112e-03   1.461024e+00   1.451184e+00   8.978315e-01   2.266776e-07   5.655550e-03
   153   1.009659e+00   9.910313e-01   9.745531e-01   6.737313e-05   1.613299e-02  -7.699432e-02   1.465861e+00   1.455475e+00   9.978257e-02   2.089473e-08   5.746341e-03   1.480993e+00   1.471123e+00   8.980432e-01   1.777193e-07   5.410275e-03
   154   1.047749e+00   1.029121e+00   9.791580e-01   4.278518e-05   1.475227e-02  -7.028030e-02   1.486878e+00   1.476496e+00   9.980380e-02   1.631665e-08   5.474203e-03   1.501022e+00   1.491123e+00   8.982342e-01   1.392806e-07   5.175105e-03
   155   1.085839e+00   1.067211e+00   9.829481e-01   2.705785e-05   1.350101e-02  -6.361000e-02   1.507889e+00   1.497510e+00   9.982296e-02   1.273969e-08   5.215841e-03   1.521111e+00   1.511183e+00   8.984066e-01   1.091165e-07   4.949696e-03
   156   1.123929e+00   1.105301e+00   9.860577e-01   1.705641e-05   1.236506e-02  -5.723397e-02   1.528897e+00   1.518520e+00   9.984025e-02   9.945542e-09   4.970476e-03   1.541256e+00   1.531300e+00   8.985622e-01   8.545745e-08   4.733726e-03
   157   1.162019e+00   1.143392e+00   9.886004e-01   1.072694e-05   1.133182e-02  -5.119015e-02   1.549904e+00   1.539528e+00   9.985585e-02   7.763350e-09   4.737402e-03   1.561456e+00   1.551473e+00   8.987027e-01   6.690922e-08   4.526891e-03
   158   1.200109e+00   1.181482e+00   9.906780e-01   6.735634e-06   1.039035e-02  -4.555452e-02   1.570912e+00   1.560535e+00   9.986993e-02   6.059454e-09   4.515978e-03   1.581707e+00   1.571699e+00   8.988294e-01   5.237436e-08   4.328911e-03
   159   1.238199e+00   1.219572e+00   9.923739e-01   4.225306e-06   9.531166e-03  -4.040082e-02   1.591921e+00   1.581544e+00   9.988264e-02   4.729300e-09   4.305621e-03   1.602005e+00   1.591975e+00   8.989438e-01   4.098935e-08   4.139524e-03
   160   1.276289e+00   1.257662e+00   9.937576e-01   2.649353e-06   8.746019e-03  -3.574151e-02   1.612930e+00   1.602552e+00   9.989411e-02   3.691119e-09   4.105804e-03   1.622348e+00   1.612296e+00   8.990470e-01   3.207522e-08   3.958490e-03
   161   1.314379e+00   1.295752e+00   9.948856e-01   1.661155e-06   8.027687e-03  -3.153984e-02   1.633938e+00   1.623561e+00   9.990446e-02   2.880980e-09   3.916051e-03   1.642729e+00   1.632658e+00   8.991401e-01   2.509836e-08   3.785589e-03
   162   1.352469e+00   1.333842e+00   9.958063e-01   1.041868e-06   7.369883e-03  -2.777775e-02   1.654942e+00   1.644567e+00   9.991379e-02   2.248905e-09   3.735933e-03   1.663143e+00   1.653056e+00   8.992241e-01   1.963970e-08   3.620623e-03
   163   1.390559e+00   1.371932e+00   9.965582e-01   6.538253e-07   6.767089e-03  -2.442679e-02   1.675940e+00   1.665568e+00   9.992222e-02   1.755840e-09   3.565066e-03   1.683582e+00   1.673483e+00   8.993000e-01   1.537025e-08   3.463416e-03
   164   1.428649e+00   1.410022e+00   9.971727e-01   4.106293e-07   6.214458e-03  -2.147135e-02   1.696925e+00   1.686559e+00   9.992982e-02   1.371267e-09   3.403110e-03   1.704039e+00   1.693931e+00   8.993684e-01   1.203191e-08   3.313817e-03
   165   1.466739e+00   1.448112e+00   9.976755e-01   2.581341e-07   5.707660e-03  -1.885461e-02   1.717893e+00   1.707536e+00   9.993668e-02   1.071352e-09   3.249767e-03   1.724503e+00   1.714392e+00   8.994301e-01   9.422263e-09   3.171699e-03
   166   1.504829e+00   1.486202e+00   9.980871e-01   1.624430e-07   5.242875e-03  -1.653500e-02   1.738834e+00   1.728489e+00   9.994287e-02   8.374788e-10   3.104782e-03   1.744963e+00   1.734854e+00   8.994858e-01   7.382679e-09   3.036962e-03
   167   1.542919e+00   1.524292e+00   9.984245e-01   1.023431e-07   4.816718e-03  -1.447432e-02   1.759738e+00   1.749411e+00   9.994845e-02   6.551155e-10   2.967938e-03   1.765405e+00   1.755304e+00   8.995361e-01   5.788878e-09   2.909536e-03
   168   1.581010e+00   1.562382e+00   9.987011e-01   6.455847e-08   4.426181e-03  -1.263292e-02   1.780593e+00   1.770290e+00   9.995349e-02   5.129185e-10   2.839064e-03   1.785813e+00   1.775729e+00   8.995814e-01   4.543547e-09   2.789382e-03
   169   1.619100e+00   1.600472e+00   9.989276e-01   4.077731e-08   4.068620e-03  -1.098290e-02   1.801384e+00   1.791113e+00   9.995804e-02   4.020360e-10   2.718027e-03   1.806167e+00   1.796109e+00   8.996223e-01   3.570520e-09   2.676490e-03
   170   1.657190e+00   1.638562e+00   9.991143e-01   2.579244e-08   3.741714e-03  -9.487512e-03   1.822092e+00   1.811861e+00   9.996214e-02   3.155623e-10   2.604737e-03   1.826446e+00   1.816425e+00   8.996593e-01   2.810208e-09   2.570890e-03
   171   1.695280e+00   1.676652e+00   9.992683e-01   1.633883e-08   3.443456e-03  -8.094030e-03   1.842696e+00   1.832516e+00   9.996584e-02   2.481112e-10   2.499149e-03   1.846623e+00   1.836652e+00   8.996926e-01   2.216013e-09   2.472642e-03
   172   1.733370e+00   1.714742e+00   9.993955e-01   1.036733e-08   3.172172e-03  -6.753762e-03   1.863170e+00   1.853054e+00   9.996918e-02   1.954827e-10   2.401257e-03   1.866669e+00   1.856762e+00   8.997226e-01   1.751508e-09   2.381845e-03
   173   1.771460e+00   1.752832e+00   9.995008e-01   6.590962e-09   2.926731e-03  -5.351616e-03   1.883485e+00   1.873447e+00   9.997219e-02   1.544026e-10   2.311099e-03   1.886549e+00   1.876723e+00   8.997498e-01   1.388230e-09   2.298636e-03
   174   1.809550e+00   1.790922e+00   9.995882e-01   4.199302e-09   2.706155e-03  -3.811334e-03   1.903607e+00   1.893662e+00   9.997491e-02   1.223187e-10   2.228754e-03   1.906225e+00   1.896499e+00   8.997742e-01   1.103945e-09   2.223182e-03
   175   1.847640e+00   1.829012e+00   9.996608e-01   2.682463e-09   2.510017e-03  -2.139849e-03   1.923496e+00   1.913665e+00   9.997737e-02   9.724222e-11   2.154340e-03   1.925654e+00   1.916048e+00   8.997963e-01   8.812936e-10   2.155684e-03
   176   1.885730e+00   1.867102e+00   9.997211e-01   1.718962e-09   2.338410e-03  -1.259523e-04   1.943109e+00   1.933413e+00   9.997958e-02   7.762251e-11   2.088044e-03   1.944788e+00   1.935326e+00   8.998162e-01   7.067236e-10   2.096374e-03
   177   1.923820e+00   1.905192e+00   9.997716e-01   1.105887e-09   2.192196e-03   2.423972e-03   1.962404e+00   1.952864e+00   9.998158e-02   6.224310e-11   2.030381e-03   1.963577e+00   1.954284e+00   8.998342e-01   5.696393e-10   2.045579e-03
   178   1.961910e+00   1.943282e+00   9.998141e-01   7.149701e-10   2.073320e-03   5.696359e-03   1.981351e+00   1.971981e+00   9.998338e-02   5.011296e-11   1.983803e-03   1.981976e+00   1.972874e+00   8.998504e-01   4.615769e-10   2.004543e-03
   179   2.000000e+00   1.981372e+00   9.998500e-01   4.638356e-10   1.991124e-03   8.204318e-03   2.000000e+00   1.990775e+00   9.998500e-02   4.034263e-11   1.957800e-03   2.000000e+00   1.991082e+00   8.998650e-01   3.748920e-10   1.980552e-03
