     i          log_r       log_rmid          m_tot        rho_tot         v2_tot            eta     lgr[heavy]    lgrm[heavy]       m[heavy]     rho[heavy]      v2[heavy]     lgr[light]    lgrm[light]       m[light]     rho[light]      v2[light]
     0  -4.501925e+00  -4.802955e+00   1.029451e-07   9.688279e+06   3.064478e-01            nan  -4.501925e+00  -4.802955e+00   9.998500e-08   9.612364e+06   3.036351e-01  -3.156279e+00  -3.457309e+00   8.998650e-07   7.945788e+03   5.944895e-01
     1  -4.465601e+00  -4.483383e+00   1.317887e-07   9.600714e+06   3.052126e-01            nan  -4.479463e+00  -4.490549e+00   1.166721e-07   9.558171e+06   3.036300e-01  -3.119950e+00  -3.137735e+00   1.050049e-06   4.648925e+03   5.793717e-01
     2  -4.429277e+00  -4.447060e+00   1.687606e-07   9.588011e+06   3.051119e-01            nan  -4.457006e+00  -4.468090e+00   1.361439e-07   9.552299e+06   3.036295e-01  -3.083971e+00  -3.101588e+00   1.225295e-06   4.267208e+03   5.766711e-01
     3  -4.392954e+00  -4.410736e+00   2.161505e-07   9.573553e+06   3.050175e-01            nan  -4.434552e+00  -4.445634e+00   1.588651e-07   9.545807e+06   3.036288e-01  -3.048151e+00  -3.065691e+00   1.429786e-06   3.903098e+03   5.736031e-01
     4  -4.356630e+00  -4.374412e+00   2.768873e-07   9.557250e+06   3.049290e-01            nan  -4.412098e+00  -4.423180e+00   1.853780e-07   9.538630e+06   3.036282e-01  -3.012349e+00  -3.029881e+00   1.668402e-06   3.558123e+03   5.701561e-01
     5  -4.320307e+00  -4.338089e+00   3.547216e-07   9.538562e+06   3.048460e-01            nan  -4.389643e+00  -4.400725e+00   2.163150e-07   9.530694e+06   3.036274e-01  -2.976459e+00  -2.994034e+00   1.946835e-06   3.233244e+03   5.663014e-01
     6  -4.283983e+00  -4.301765e+00   4.544407e-07   9.517055e+06   3.047681e-01            nan  -4.367185e+00  -4.378269e+00   2.524142e-07   9.521919e+06   3.036266e-01  -2.940405e+00  -2.958058e+00   2.271728e-06   2.929110e+03   5.620042e-01
     7  -4.247659e+00  -4.265442e+00   5.821690e-07   9.492476e+06   3.046951e-01            nan  -4.344723e+00  -4.355809e+00   2.945370e-07   9.512216e+06   3.036257e-01  -2.904130e+00  -2.921888e+00   2.650833e-06   2.646072e+03   5.572176e-01
     8  -4.211336e+00  -4.229118e+00   7.457235e-07   9.463683e+06   3.046264e-01            nan  -4.322255e+00  -4.333344e+00   3.436881e-07   9.501486e+06   3.036247e-01  -2.867607e+00  -2.885484e+00   3.093193e-06   2.384796e+03   5.519923e-01
     9  -4.175012e+00  -4.192794e+00   9.550380e-07   9.430524e+06   3.045617e-01            nan  -4.299780e+00  -4.310873e+00   4.010398e-07   9.489620e+06   3.036235e-01  -2.830824e+00  -2.848826e+00   3.609358e-06   2.144880e+03   5.462852e-01
    10  -4.138689e+00  -4.156471e+00   1.222820e-06   9.392050e+06   3.045008e-01            nan  -4.277297e+00  -4.288393e+00   4.679601e-07   9.476498e+06   3.036223e-01  -2.793782e+00  -2.811908e+00   4.211641e-06   1.925804e+03   5.400802e-01
    11  -4.102365e+00  -4.120147e+00   1.565138e-06   9.347029e+06   3.044432e-01            nan  -4.254802e+00  -4.265904e+00   5.460446e-07   9.461989e+06   3.036209e-01  -2.756497e+00  -2.774739e+00   4.914402e-06   1.726962e+03   5.334569e-01
    12  -4.066041e+00  -4.083824e+00   2.002424e-06   9.295154e+06   3.043887e-01            nan  -4.232295e+00  -4.243403e+00   6.371554e-07   9.445945e+06   3.036193e-01  -2.718994e+00  -2.737341e+00   5.734398e-06   1.547213e+03   5.263349e-01
    13  -4.029718e+00  -4.047500e+00   2.560604e-06   9.234175e+06   3.043369e-01            nan  -4.209774e+00  -4.220888e+00   7.434644e-07   9.428207e+06   3.036176e-01  -2.681304e+00  -2.699740e+00   6.691180e-06   1.385477e+03   5.188862e-01
    14  -3.993394e+00  -4.011176e+00   3.272058e-06   9.163613e+06   3.042875e-01            nan  -4.187236e+00  -4.198359e+00   8.675058e-07   9.408596e+06   3.036157e-01  -2.643465e+00  -2.661973e+00   7.807552e-06   1.240429e+03   5.110249e-01
    15  -3.957071e+00  -3.974853e+00   4.178123e-06   9.081824e+06   3.042400e-01            nan  -4.164681e+00  -4.175812e+00   1.012236e-06   9.386919e+06   3.036136e-01  -2.605514e+00  -2.624075e+00   9.110122e-06   1.110673e+03   5.029254e-01
    16  -3.920747e+00  -3.938529e+00   5.329888e-06   8.986307e+06   3.041942e-01            nan  -4.142104e+00  -4.153246e+00   1.181103e-06   9.362960e+06   3.036112e-01  -2.567491e+00  -2.586087e+00   1.062993e-05   9.949064e+02   4.945127e-01
    17  -3.884423e+00  -3.902206e+00   6.791631e-06   8.876993e+06   3.041496e-01            nan  -4.119505e+00  -4.130658e+00   1.378130e-06   9.336484e+06   3.036086e-01  -2.529430e+00  -2.548044e+00   1.240317e-05   8.916702e+02   4.859874e-01
    18  -3.848100e+00  -3.865882e+00   8.643220e-06   8.749050e+06   3.041058e-01            nan  -4.096879e+00  -4.108045e+00   1.608010e-06   9.307232e+06   3.036057e-01  -2.491369e+00  -2.509983e+00   1.447209e-05   7.998293e+02   4.772396e-01
    19  -3.811776e+00  -3.829558e+00   1.098176e-05   8.603234e+06   3.040623e-01            nan  -4.074225e+00  -4.085404e+00   1.876216e-06   9.274921e+06   3.036025e-01  -2.453333e+00  -2.471935e+00   1.688595e-05   7.179776e+02   4.685201e-01
    20  -3.775453e+00  -3.793235e+00   1.392992e-05   8.435229e+06   3.040185e-01            nan  -4.051538e+00  -4.062733e+00   2.189133e-06   9.239240e+06   3.035989e-01  -2.415355e+00  -2.433929e+00   1.970220e-05   6.452211e+02   4.596739e-01
    21  -3.739129e+00  -3.756911e+00   1.762906e-05   8.243959e+06   3.039739e-01            nan  -4.028815e+00  -4.040028e+00   2.554206e-06   9.199848e+06   3.035950e-01  -2.377449e+00  -2.395989e+00   2.298786e-05   5.803129e+02   4.509613e-01
    22  -3.702805e+00  -3.720588e+00   2.226195e-05   8.027015e+06   3.039278e-01            nan  -4.006051e+00  -4.017284e+00   2.980121e-06   9.156374e+06   3.035905e-01  -2.339636e+00  -2.358131e+00   2.682109e-05   5.225211e+02   4.422612e-01
    23  -3.666482e+00  -3.684264e+00   2.802677e-05   7.781867e+06   3.038794e-01            nan  -3.983243e+00  -3.994498e+00   3.477003e-06   9.108414e+06   3.035856e-01  -2.301926e+00  -2.320372e+00   3.129303e-05   4.709167e+02   4.337108e-01
    24  -3.630158e+00  -3.647940e+00   3.518439e-05   7.508101e+06   3.038279e-01            nan  -3.960385e+00  -3.971664e+00   4.056664e-06   9.055528e+06   3.035801e-01  -2.264330e+00  -2.282721e+00   3.650997e-05   4.248307e+02   4.252928e-01
    25  -3.593835e+00  -3.611617e+00   4.399344e-05   7.203554e+06   3.037720e-01            nan  -3.937472e+00  -3.948778e+00   4.732872e-06   8.997236e+06   3.035740e-01  -2.226853e+00  -2.245188e+00   4.259585e-05   3.836310e+02   4.170173e-01
    26  -3.557511e+00  -3.575293e+00   5.480594e-05   6.868542e+06   3.037107e-01            nan  -3.914497e+00  -3.925833e+00   5.521683e-06   8.933021e+06   3.035672e-01  -2.189497e+00  -2.207774e+00   4.969515e-05   3.467005e+02   4.089656e-01
    27  -3.521187e+00  -3.538970e+00   6.794415e-05   6.505513e+06   3.036428e-01            nan  -3.891453e+00  -3.902822e+00   6.441814e-06   8.862323e+06   3.035597e-01  -2.152267e+00  -2.170483e+00   5.797633e-05   3.136417e+02   4.010371e-01
    28  -3.484864e+00  -3.502646e+00   8.381967e-05   6.111637e+06   3.035656e-01            nan  -3.868333e+00  -3.879739e+00   7.515084e-06   8.784540e+06   3.035512e-01  -2.115155e+00  -2.133315e+00   6.763576e-05   2.838971e+02   3.933911e-01
    29  -3.448540e+00  -3.466322e+00   1.028677e-04   5.697270e+06   3.034786e-01            nan  -3.845128e+00  -3.856575e+00   8.766923e-06   8.699026e+06   3.035418e-01  -2.078165e+00  -2.096266e+00   7.890231e-05   2.572150e+02   3.858683e-01
    30  -3.412217e+00  -3.429999e+00   1.253956e-04   5.261270e+06   3.033780e-01            nan  -3.821827e+00  -3.833321e+00   1.022697e-05   8.605093e+06   3.035312e-01  -2.041286e+00  -2.059334e+00   9.204273e-05   2.331369e+02   3.786412e-01
    31  -3.375893e+00  -3.393675e+00   1.519089e-04   4.810571e+06   3.032609e-01            nan  -3.798422e+00  -3.809967e+00   1.192976e-05   8.502006e+06   3.035194e-01  -2.004515e+00  -2.022511e+00   1.073678e-04   2.114574e+02   3.715890e-01
    32  -3.339569e+00  -3.357352e+00   1.828012e-04   4.355638e+06   3.031250e-01            nan  -3.774898e+00  -3.786501e+00   1.391553e-05   8.388993e+06   3.035062e-01  -1.967845e+00  -1.985793e+00   1.252398e-04   1.918738e+02   3.647811e-01
    33  -3.303246e+00  -3.321028e+00   2.184130e-04   3.903304e+06   3.029665e-01            nan  -3.751243e+00  -3.762909e+00   1.623115e-05   8.265244e+06   3.034914e-01  -1.931268e+00  -1.949171e+00   1.460803e-04   1.741838e+02   3.581791e-01
    34  -3.266922e+00  -3.284704e+00   2.588661e-04   3.459873e+06   3.027795e-01            nan  -3.727441e+00  -3.739179e+00   1.893121e-05   8.129913e+06   3.034747e-01  -1.894780e+00  -1.912641e+00   1.703808e-04   1.581865e+02   3.517816e-01
    35  -3.230599e+00  -3.248381e+00   3.044027e-04   3.031258e+06   3.025558e-01            nan  -3.703476e+00  -3.715293e+00   2.207926e-05   7.982135e+06   3.034560e-01  -1.858371e+00  -1.876194e+00   1.987134e-04   1.436971e+02   3.456047e-01
    36  -3.194275e+00  -3.212057e+00   3.551718e-04   2.627560e+06   3.022911e-01            nan  -3.679327e+00  -3.691233e+00   2.574932e-05   7.821026e+06   3.034350e-01  -1.822038e+00  -1.839825e+00   2.317439e-04   1.305799e+02   3.396011e-01
    37  -3.157951e+00  -3.175734e+00   4.111965e-04   2.254077e+06   3.019777e-01            nan  -3.654973e+00  -3.666979e+00   3.002750e-05   7.645705e+06   3.034112e-01  -1.785772e+00  -1.803527e+00   2.702475e-04   1.186740e+02   3.338204e-01
    38  -3.121628e+00  -3.139410e+00   4.724510e-04   1.914684e+06   3.016074e-01   4.726297e-01  -3.630390e+00  -3.642508e+00   3.501400e-05   7.455308e+06   3.033844e-01  -1.749569e+00  -1.767293e+00   3.151260e-04   1.078841e+02   3.281893e-01
    39  -3.085304e+00  -3.103086e+00   5.386224e-04   1.611526e+06   3.011522e-01   4.705289e-01  -3.605550e+00  -3.617792e+00   4.082538e-05   7.249009e+06   3.033539e-01  -1.713419e+00  -1.731118e+00   3.674284e-04   9.807510e+01   3.227748e-01
    40  -3.048981e+00  -3.066763e+00   6.090901e-04   1.343065e+06   3.005941e-01   4.681507e-01  -3.580420e+00  -3.592803e+00   4.759714e-05   7.026053e+06   3.033194e-01  -1.677323e+00  -1.694996e+00   4.283742e-04   8.917648e+01   3.174923e-01
    41  -3.012657e+00  -3.030439e+00   6.841168e-04   1.110819e+06   2.999273e-01   4.655348e-01  -3.554966e+00  -3.567506e+00   5.548679e-05   6.785788e+06   3.032800e-01  -1.641269e+00  -1.658922e+00   4.993811e-04   8.107749e+01   3.124146e-01
    42  -2.976333e+00  -2.994116e+00   7.638064e-04   9.130287e+05   2.991431e-01   4.626719e-01  -3.529146e+00  -3.541864e+00   6.467734e-05   6.527704e+06   3.032351e-01  -1.605258e+00  -1.622890e+00   5.820960e-04   7.372327e+01   3.074563e-01
    43  -2.940010e+00  -2.957792e+00   8.484347e-04   7.467205e+05   2.982432e-01   4.595148e-01  -3.502913e+00  -3.515831e+00   7.538125e-05   6.251485e+06   3.031835e-01  -1.569281e+00  -1.586897e+00   6.784313e-04   6.702486e+01   3.026868e-01
    44  -2.903686e+00  -2.921468e+00   9.346282e-04   6.073024e+05   2.971670e-01   4.561687e-01  -3.476215e+00  -3.489359e+00   8.784517e-05   5.957064e+06   3.031241e-01  -1.533338e+00  -1.550938e+00   7.906065e-04   6.093726e+01   2.980273e-01
    45  -2.867363e+00  -2.885145e+00   1.025756e-03   4.920828e+05   2.958916e-01   4.527635e-01  -3.448989e+00  -3.462389e+00   1.023551e-04   5.644685e+06   3.030553e-01  -1.497422e+00  -1.515009e+00   9.211963e-04   5.539022e+01   2.935371e-01
    46  -2.831039e+00  -2.848821e+00   1.121039e-03   3.979987e+05   2.945028e-01   4.490347e-01  -3.421166e+00  -3.434855e+00   1.192428e-04   5.314978e+06   3.029754e-01  -1.461533e+00  -1.479107e+00   1.073185e-03   5.034531e+01   2.891497e-01
    47  -2.794715e+00  -2.812498e+00   1.218046e-03   3.210091e+05   2.928055e-01   4.454411e-01  -3.392662e+00  -3.406680e+00   1.388921e-04   4.969027e+06   3.028819e-01  -1.425667e+00  -1.443230e+00   1.250029e-03   4.574784e+01   2.849086e-01
    48  -2.758392e+00  -2.776174e+00   1.321530e-03   2.588280e+05   2.909537e-01   4.417058e-01  -3.363383e+00  -3.377776e+00   1.617478e-04   4.608454e+06   3.027719e-01  -1.389822e+00  -1.407374e+00   1.455730e-03   4.156401e+01   2.807635e-01
    49  -2.722068e+00  -2.739850e+00   1.424866e-03   2.085776e+05   2.888505e-01   4.379677e-01  -3.333219e+00  -3.348039e+00   1.883238e-04   4.235489e+06   3.026414e-01  -1.353996e+00  -1.371539e+00   1.694914e-03   3.775182e+01   2.767382e-01
    50  -2.685745e+00  -2.703527e+00   1.535704e-03   1.681985e+05   2.865051e-01   4.344110e-01  -3.302041e+00  -3.317350e+00   2.192140e-04   3.853036e+06   3.024854e-01  -1.318189e+00  -1.335723e+00   1.972926e-03   3.428094e+01   2.728012e-01
    51  -2.649421e+00  -2.667203e+00   1.647107e-03   1.357263e+05   2.839401e-01   4.308787e-01  -3.269697e+00  -3.285568e+00   2.551039e-04   3.464716e+06   3.022972e-01  -1.282400e+00  -1.299926e+00   2.295935e-03   3.111956e+01   2.689533e-01
    52  -2.613097e+00  -2.630880e+00   1.766621e-03   1.097031e+05   2.811243e-01   4.276396e-01  -3.236010e+00  -3.252527e+00   2.967831e-04   3.074885e+06   3.020680e-01  -1.246630e+00  -1.264147e+00   2.671048e-03   2.824020e+01   2.651841e-01
    53  -2.576774e+00  -2.594556e+00   1.887044e-03   8.881390e+04   2.780716e-01   4.245957e-01  -3.200773e+00  -3.218034e+00   3.451610e-04   2.688597e+06   3.017858e-01  -1.210881e+00  -1.228388e+00   3.106449e-03   2.561912e+01   2.614680e-01
    54  -2.540450e+00  -2.558232e+00   2.015746e-03   7.202673e+04   2.748581e-01   4.217440e-01  -3.163739e+00  -3.181861e+00   4.012824e-04   2.311509e+06   3.014341e-01  -1.175151e+00  -1.192648e+00   3.611542e-03   2.323116e+01   2.578188e-01
    55  -2.504127e+00  -2.521909e+00   2.148093e-03   5.858110e+04   2.713397e-01   4.194036e-01  -3.124621e+00  -3.143739e+00   4.663463e-04   1.949705e+06   3.009902e-01  -1.139446e+00  -1.156931e+00   4.197117e-03   2.105856e+01   2.541866e-01
    56  -2.467803e+00  -2.485585e+00   2.287958e-03   4.768355e+04   2.678213e-01   4.169738e-01  -3.083084e+00  -3.103356e+00   5.417261e-04   1.609421e+06   3.004225e-01  -1.103765e+00  -1.121239e+00   4.875535e-03   1.907973e+01   2.505934e-01
    57  -2.431479e+00  -2.449262e+00   2.434546e-03   3.898440e+04   2.639159e-01   4.154561e-01  -3.038740e+00  -3.060346e+00   6.289911e-04   1.296670e+06   2.996863e-01  -1.068115e+00  -1.085575e+00   5.660920e-03   1.727937e+01   2.469958e-01
    58  -2.395156e+00  -2.412938e+00   2.588374e-03   3.187820e+04   2.600972e-01   4.137294e-01  -2.991151e+00  -3.014294e+00   7.299314e-04   1.016773e+06   2.987186e-01  -1.032499e+00  -1.049942e+00   6.569382e-03   1.564104e+01   2.433866e-01
    59  -2.358832e+00  -2.376614e+00   2.751512e-03   2.617363e+04   2.560072e-01   4.128308e-01  -2.939836e+00  -2.964736e+00   8.465830e-04   7.738327e+05   2.974305e-01  -9.969191e-01  -1.014345e+00   7.619247e-03   1.414986e+01   2.397575e-01
    60  -2.322509e+00  -2.340291e+00   2.922750e-03   2.151201e+04   2.519414e-01   4.119876e-01  -2.884301e+00  -2.911182e+00   9.812558e-04   5.702163e+05   2.956988e-01  -9.613820e-01  -9.787872e-01   8.831303e-03   1.279343e+01   2.360736e-01
    61  -2.286185e+00  -2.303967e+00   3.104898e-03   1.771905e+04   2.478250e-01   4.115071e-01  -2.824082e+00  -2.853149e+00   1.136562e-03   4.061540e+05   2.933572e-01  -9.258893e-01  -9.432732e-01   1.022906e-02   1.155834e+01   2.323507e-01
    62  -2.249861e+00  -2.267644e+00   3.297661e-03   1.462841e+04   2.436563e-01   4.114069e-01  -2.758837e+00  -2.790236e+00   1.315444e-03   2.795843e+05   2.901948e-01  -8.904439e-01  -9.078051e-01   1.183900e-02   1.043401e+01   2.285630e-01
    63  -2.213538e+00  -2.231320e+00   3.502560e-03   1.208528e+04   2.395734e-01   4.113657e-01  -2.688453e+00  -2.722221e+00   1.521208e-03   1.863582e+05   2.859697e-01  -8.550481e-01  -8.723855e-01   1.369088e-02   9.410250e+00   2.246988e-01
    64  -2.177214e+00  -2.194996e+00   3.720766e-03   1.001335e+04   2.354410e-01   4.118116e-01  -2.613173e+00  -2.649184e+00   1.757548e-03   1.208357e+05   2.804514e-01  -8.196995e-01  -8.370143e-01   1.581793e-02   8.476838e+00   2.207798e-01
    65  -2.140891e+00  -2.158673e+00   3.953207e-03   8.299111e+03   2.314284e-01   4.122519e-01  -2.533661e+00  -2.571600e+00   2.028572e-03   7.676609e+04   2.734965e-01  -7.843952e-01  -8.016887e-01   1.825715e-02   7.625591e+00   2.167963e-01
    66  -2.104567e+00  -2.122349e+00   4.201038e-03   6.892536e+03   2.274643e-01   4.130013e-01  -2.450967e+00  -2.490349e+00   2.338830e-03   4.820413e+04   2.651324e-01  -7.491296e-01  -7.664045e-01   2.104947e-02   6.848756e+00   2.127550e-01
    67  -2.068243e+00  -2.086026e+00   4.466291e-03   5.728524e+03   2.236066e-01   4.138054e-01  -2.366349e+00  -2.406600e+00   2.693323e-03   3.018114e+04   2.555986e-01  -7.138920e-01  -7.311535e-01   2.423991e-02   6.138881e+00   2.086894e-01
    68  -2.031920e+00  -2.049702e+00   4.749056e-03   4.766145e+03   2.198685e-01   4.147957e-01  -2.281042e+00  -2.321604e+00   3.097518e-03   1.897647e+04   2.453053e-01  -6.786700e-01  -6.959240e-01   2.787766e-02   5.490050e+00   2.046071e-01
    69  -1.995596e+00  -2.013378e+00   5.052839e-03   3.969448e+03   2.162493e-01   4.158610e-01  -2.196072e+00  -2.236482e+00   3.557342e-03   1.203824e+04   2.347245e-01  -6.434495e-01  -6.607028e-01   3.201608e-02   4.897021e+00   2.005190e-01
    70  -1.959273e+00  -1.977055e+00   5.377236e-03   3.307952e+03   2.127686e-01   4.170425e-01  -2.112165e+00  -2.152095e+00   4.079169e-03   7.723387e+03   2.242780e-01  -6.082134e-01  -6.254742e-01   3.671252e-02   4.355004e+00   1.964575e-01
    71  -1.922949e+00  -1.940731e+00   5.725676e-03   2.759260e+03   2.094423e-01   4.182267e-01  -2.029769e+00  -2.069016e+00   4.669785e-03   5.014606e+03   2.142738e-01  -5.729451e-01  -5.902214e-01   4.202806e-02   3.860214e+00   1.924304e-01
    72  -1.886625e+00  -1.904408e+00   6.098922e-03   2.302742e+03   2.062488e-01   4.195333e-01  -1.949113e+00  -1.987571e+00   5.336336e-03   3.293807e+03   2.048961e-01  -5.376302e-01  -5.549288e-01   4.802703e-02   3.409483e+00   1.884368e-01
    73  -1.850302e+00  -1.868084e+00   6.499707e-03   1.923096e+03   2.032477e-01   4.207394e-01  -1.870281e+00  -1.907911e+00   6.086254e-03   2.186943e+03   1.962271e-01  -5.022581e-01  -5.195841e-01   5.477629e-02   3.000081e+00   1.844691e-01
    74  -1.813978e+00  -1.831760e+00   6.930091e-03   1.606951e+03   2.003704e-01   4.220827e-01  -1.793277e+00  -1.830075e+00   6.927149e-03   1.466369e+03   1.882802e-01  -4.668228e-01  -4.841791e-01   6.234434e-02   2.629475e+00   1.805278e-01
    75  -1.777655e+00  -1.795437e+00   7.392306e-03   1.343395e+03   1.977064e-01   4.232640e-01  -1.718062e+00  -1.754043e+00   7.866679e-03   9.920243e+02   1.810280e-01  -4.313248e-01  -4.487112e-01   7.080011e-02   2.295449e+00   1.765913e-01
    76  -1.741331e+00  -1.759113e+00   7.889503e-03   1.123798e+03   1.951685e-01   4.245550e-01  -1.644581e+00  -1.679769e+00   8.912390e-03   6.765995e+02   1.744228e-01  -3.957722e-01  -4.131848e-01   8.021151e-02   1.995823e+00   1.726361e-01
    77  -1.705007e+00  -1.722790e+00   8.423860e-03   9.404311e+02   1.928420e-01   4.256954e-01  -1.572780e+00  -1.607198e+00   1.007152e-02   4.649268e+02   1.684100e-01  -3.601801e-01  -3.776116e-01   9.064369e-02   1.728385e+00   1.686396e-01
    78  -1.668684e+00  -1.686466e+00   8.999306e-03   7.875429e+02   1.906494e-01   4.268989e-01  -1.502611e+00  -1.536280e+00   1.135078e-02   3.216960e+02   1.629345e-01  -3.245696e-01  -3.420099e-01   1.021570e-01   1.490865e+00   1.645884e-01
    79  -1.632360e+00  -1.650142e+00   9.618482e-03   6.597302e+02   1.886646e-01   4.279555e-01  -1.434037e+00  -1.466972e+00   1.275612e-02   2.240384e+02   1.579445e-01  -2.889668e-01  -3.064035e-01   1.148050e-01   1.280953e+00   1.604735e-01
    80  -1.596037e+00  -1.613819e+00   1.028584e-02   5.530909e+02   1.868165e-01   4.290508e-01  -1.367028e+00  -1.399241e+00   1.429243e-02   1.569839e+02   1.533920e-01  -2.534025e-01  -2.708207e-01   1.286319e-01   1.096365e+00   1.562841e-01
    81  -1.559713e+00  -1.577495e+00   1.100494e-02   4.638477e+02   1.851738e-01   4.299842e-01  -1.301562e+00  -1.333062e+00   1.596333e-02   1.106392e+02   1.492327e-01  -2.179112e-01  -2.352944e-01   1.436700e-01   9.348458e-01   1.520134e-01
    82  -1.523389e+00  -1.541172e+00   1.178071e-02   3.893489e+02   1.836645e-01   4.309550e-01  -1.237624e+00  -1.268417e+00   1.777087e-02   7.840893e+01   1.454248e-01  -1.825306e-01  -1.998607e-01   1.599378e-01   7.942009e-01   1.476579e-01
    83  -1.487066e+00  -1.504848e+00   1.261784e-02   3.269292e+02   1.823601e-01   4.317265e-01  -1.175202e+00  -1.205292e+00   1.971527e-02   5.586210e+01   1.419277e-01  -1.473000e-01  -1.645582e-01   1.774374e-01   6.723061e-01   1.432268e-01
    84  -1.450742e+00  -1.468524e+00   1.352209e-02   2.748041e+02   1.811788e-01   4.325531e-01  -1.114289e+00  -1.143678e+00   2.179475e-02   4.000011e+01   1.387009e-01  -1.122606e-01  -1.294270e-01   1.961527e-01   5.671621e-01   1.387217e-01
    85  -1.414419e+00  -1.432201e+00   1.449920e-02   2.310656e+02   1.802032e-01   4.331198e-01  -1.054873e+00  -1.083566e+00   2.400535e-02   2.878025e+01   1.357031e-01  -7.745510e-02  -9.450929e-02   2.160481e-01   4.768877e-01   1.341465e-01
    86  -1.378095e+00  -1.395877e+00   1.555655e-02   1.945174e+02   1.793425e-01   4.337321e-01  -9.969457e-01  -1.024944e+00   2.634082e-02   2.080214e+01   1.328911e-01  -4.292618e-02  -5.984758e-02   2.370673e-01   3.997246e-01   1.295114e-01
    87  -1.341771e+00  -1.359554e+00   1.670038e-02   1.638248e+02   1.786694e-01   4.340824e-01  -9.404908e-01  -9.678016e-01   2.879262e-02   1.509991e+01   1.302208e-01  -8.715728e-03  -2.548419e-02   2.591336e-01   3.340459e-01   1.248327e-01
    88  -1.305448e+00  -1.323230e+00   1.794126e-02   1.381365e+02   1.781114e-01   4.344028e-01  -8.854870e-01  -9.121187e-01   3.134998e-02   1.100376e+01   1.276494e-01   2.513492e-02   8.539321e-03   2.821498e-01   2.783777e-01   1.201204e-01
    89  -1.269124e+00  -1.286906e+00   1.928469e-02   1.165633e+02   1.777050e-01   4.345037e-01  -8.319029e-01  -8.578690e-01   3.400006e-02   8.046653e+00   1.251347e-01   5.858640e-02   4.218266e-02   3.060005e-01   2.313781e-01   1.153913e-01
    90  -1.232801e+00  -1.250583e+00   2.074575e-02   9.846237e+01   1.774147e-01   4.344596e-01  -7.796945e-01  -8.050146e-01   3.672816e-02   5.901334e+00   1.226421e-01   9.160234e-02   7.540804e-02   3.305535e-01   1.918405e-01   1.106664e-01
    91  -1.196477e+00  -1.214259e+00   2.233073e-02   8.326541e+01   1.772296e-01   4.342368e-01  -7.288017e-01  -7.535030e-01   3.951809e-02   4.337412e+00   1.201439e-01   1.241486e-01   1.081803e-01   3.556628e-01   1.587001e-01   1.059596e-01
    92  -1.160153e+00  -1.177935e+00   2.405662e-02   7.047308e+01   1.771553e-01   4.337504e-01  -6.791453e-01  -7.032642e-01   4.235249e-02   3.192002e+00   1.176268e-01   1.561959e-01   1.404678e-01   3.811724e-01   1.310064e-01   1.012959e-01
    93  -1.123830e+00  -1.141612e+00   2.593667e-02   5.973525e+01   1.771327e-01   4.330896e-01  -6.306234e-01  -6.542071e-01   4.521329e-02   2.349400e+00   1.150898e-01   1.877182e-01   1.722430e-01   4.069196e-01   1.079364e-01   9.669133e-02
    94  -1.087506e+00  -1.105288e+00   2.798404e-02   5.066830e+01   1.771967e-01   4.320866e-01  -5.831120e-01  -6.062183e-01   4.808216e-02   1.727240e+00   1.125496e-01   2.186942e-01   2.034823e-01   4.327394e-01   8.876990e-02   9.216616e-02
    95  -1.051183e+00  -1.068965e+00   3.022375e-02   4.304010e+01   1.772739e-01   4.308288e-01  -5.364615e-01  -5.591606e-01   5.094094e-02   1.266460e+00   1.100338e-01   2.491071e-01   2.341668e-01   4.584685e-01   7.288707e-02   8.773786e-02
    96  -1.014859e+00  -1.032641e+00   3.266576e-02   3.660560e+01   1.773566e-01   4.292524e-01  -4.904973e-01  -5.128716e-01   5.377208e-02   9.245758e-01   1.075800e-01   2.789444e-01   2.642819e-01   4.839488e-01   5.975625e-02   8.342195e-02
    97  -9.785353e-01  -9.963175e-01   3.534043e-02   3.116275e+01   1.774251e-01   4.273381e-01  -4.450260e-01  -4.671668e-01   5.655903e-02   6.709267e-01   1.052303e-01   3.081985e-01   2.938177e-01   5.090312e-01   4.892309e-02   7.923376e-02
    98  -9.422117e-01  -9.599939e-01   3.827532e-02   2.656879e+01   1.774250e-01   4.250879e-01  -3.998342e-01  -4.218425e-01   5.928652e-02   4.830775e-01   1.030221e-01   3.368658e-01   3.227687e-01   5.335787e-01   4.000351e-02   7.518385e-02
    99  -9.058881e-01  -9.236703e-01   4.148448e-02   2.267312e+01   1.773511e-01   4.225213e-01  -3.546934e-01  -3.766775e-01   6.194091e-02   3.445192e-01   1.009829e-01   3.649472e-01   3.511334e-01   5.574682e-01   3.267183e-02   7.128353e-02
   100  -8.695645e-01  -8.873467e-01   4.501383e-02   1.936817e+01   1.771601e-01   4.196518e-01  -3.093692e-01  -3.314403e-01   6.451030e-02   2.429996e-01   9.912547e-02   3.924467e-01   3.789146e-01   5.805927e-01   2.665563e-02   6.753853e-02
   101  -8.332409e-01  -8.510231e-01   4.889784e-02   1.656478e+01   1.768189e-01   4.164696e-01  -2.636275e-01  -2.858964e-01   6.698469e-02   1.692890e-01   9.744231e-02   4.193725e-01   4.061182e-01   6.028622e-01   2.172554e-02   6.395569e-02
   102  -7.969173e-01  -8.146995e-01   5.315651e-02   1.417503e+01   1.763220e-01   4.131210e-01  -2.172348e-01  -2.398119e-01   6.935597e-02   1.163471e-01   9.591245e-02   4.457351e-01   4.327538e-01   6.242038e-01   1.769133e-02   6.053628e-02
   103  -7.605937e-01  -7.783759e-01   5.784919e-02   1.213569e+01   1.756443e-01   4.096522e-01  -1.699567e-01  -1.929527e-01   7.161799e-02   7.879128e-02   9.451217e-02   4.715487e-01   4.588337e-01   6.445619e-01   1.439374e-02   5.728317e-02
   104  -7.242701e-01  -7.420523e-01   6.302174e-02   1.039475e+01   1.747738e-01   4.060814e-01  -1.215686e-01  -1.450891e-01   7.376638e-02   5.253237e-02   9.322016e-02   4.968287e-01   4.843726e-01   6.638974e-01   1.170159e-02   5.419393e-02
   105  -6.879465e-01  -7.057287e-01   6.870540e-02   8.903788e+00   1.737142e-01   4.025365e-01  -7.184255e-02  -9.599426e-02   7.579851e-02   3.444573e-02   9.202838e-02   5.215935e-01   5.093876e-01   6.821866e-01   9.505604e-03   5.126818e-02
   106  -6.516229e-01  -6.694051e-01   7.495624e-02   7.620711e+00   1.724856e-01   3.992137e-01  -2.056299e-02  -4.544635e-02   7.771330e-02   2.219736e-02   9.093381e-02   5.458626e-01   5.338976e-01   6.994197e-01   7.716184e-03   4.850115e-02
   107  -6.152993e-01  -6.330815e-01   8.183514e-02   6.518557e+00   1.710875e-01   3.960033e-01   3.242891e-02   6.740710e-03   7.951106e-02   1.406330e-02   8.991183e-02   5.696571e-01   5.579228e-01   7.155996e-01   6.259146e-03   4.588946e-02
   108  -5.789757e-01  -5.967579e-01   8.939648e-02   5.570291e+00   1.695349e-01   3.929365e-01   8.717905e-02   6.066618e-02   8.119333e-02   8.775983e-03   8.889931e-02   5.929991e-01   5.814849e-01   7.307399e-01   5.073739e-03   4.342732e-02
   109  -5.426521e-01  -5.604343e-01   9.767637e-02   4.753305e+00   1.678408e-01   3.899856e-01   1.435105e-01   1.162575e-01   8.276263e-02   5.419620e-03   8.774548e-02   6.159115e-01   6.046064e-01   7.448636e-01   4.110006e-03   4.110912e-02
   110  -5.063285e-01  -5.241107e-01   1.067333e-01   4.047614e+00   1.660363e-01   3.870006e-01   2.008986e-01   1.731517e-01   8.422234e-02   3.340238e-03   8.617837e-02   6.384180e-01   6.273105e-01   7.580011e-01   3.327026e-03   3.892872e-02
   111  -4.700049e-01  -4.877871e-01   1.166346e-01   3.440411e+00   1.641035e-01   3.837357e-01   2.584485e-01   2.306261e-01   8.557652e-02   2.077486e-03   8.385901e-02   6.605423e-01   6.496210e-01   7.701887e-01   2.691352e-03   3.687912e-02
   112  -4.336813e-01  -4.514635e-01   1.274365e-01   2.918531e+00   1.620334e-01   3.799661e-01   3.150321e-01   2.876612e-01   8.682971e-02   1.318646e-03   8.052515e-02   6.823086e-01   6.715618e-01   7.814674e-01   2.175572e-03   3.495419e-02
   113  -3.973577e-01  -4.151399e-01   1.391954e-01   2.470687e+00   1.598094e-01   3.754294e-01   3.695885e-01   3.431664e-01   8.798682e-02   8.606308e-04   7.617605e-02   7.037409e-01   6.931570e-01   7.918814e-01   1.757364e-03   3.314674e-02
   114  -3.610341e-01  -3.788163e-01   1.519391e-01   2.086904e+00   1.574176e-01   3.698054e-01   4.213943e-01   3.962634e-01   8.905301e-02   5.786946e-04   7.109809e-02   7.248633e-01   7.144305e-01   8.014771e-01   1.418488e-03   3.145010e-02
   115  -3.247105e-01  -3.424927e-01   1.657376e-01   1.758491e+00   1.548508e-01   3.627332e-01   4.701380e-01   4.464497e-01   9.003354e-02   3.999265e-04   6.570188e-02   7.456994e-01   7.354063e-01   8.103019e-01   1.144073e-03   2.985774e-02
   116  -2.883869e-01  -3.061691e-01   1.806519e-01   1.478480e+00   1.520725e-01   3.542326e-01   5.158279e-01   4.935835e-01   9.093373e-02   2.828443e-04   6.034672e-02   7.662725e-01   7.561078e-01   8.184036e-01   9.220157e-04   2.836296e-02
   117  -2.520633e-01  -2.698455e-01   1.967377e-01   1.240138e+00   1.490665e-01   3.442027e-01   5.586533e-01   5.377683e-01   9.175884e-02   2.038396e-04   5.526215e-02   7.866052e-01   7.765578e-01   8.258295e-01   7.424503e-04   2.695959e-02
   118  -2.157397e-01  -2.335219e-01   2.140454e-01   1.037668e+00   1.458263e-01   3.325795e-01   5.988829e-01   5.792337e-01   9.251402e-02   1.491388e-04   5.056292e-02   8.067198e-01   7.967789e-01   8.326262e-01   5.973533e-04   2.564159e-02
   119  -1.794161e-01  -1.971983e-01   2.325722e-01   8.659065e-01   1.423531e-01   3.192246e-01   6.368034e-01   6.182569e-01   9.320429e-02   1.104476e-04   4.628761e-02   8.266376e-01   8.167929e-01   8.388386e-01   4.802004e-04   2.440305e-02
   120  -1.430925e-01  -1.608747e-01   2.523897e-01   7.204707e-01   1.386552e-01   3.041020e-01   6.726891e-01   6.551168e-01   9.383445e-02   8.259706e-05   4.243288e-02   8.463793e-01   8.366206e-01   8.445100e-01   3.856847e-04   2.323850e-02
   121  -1.067689e-01  -1.245511e-01   2.735311e-01   5.976267e-01   1.347321e-01   2.872444e-01   7.067835e-01   6.900708e-01   9.440910e-02   6.227252e-05   3.896948e-02   8.659648e-01   8.562824e-01   8.496819e-01   3.094953e-04   2.214277e-02
   122  -7.044529e-02  -8.822745e-02   2.960089e-01   4.940710e-01   1.305941e-01   2.685584e-01   7.393043e-01   7.233483e-01   9.493262e-02   4.726117e-05   3.586340e-02   8.854128e-01   8.757976e-01   8.543935e-01   2.481326e-04   2.111086e-02
   123  -3.412169e-02  -5.190385e-02   3.197624e-01   4.069568e-01   1.262601e-01   2.478570e-01   7.704403e-01   7.551513e-01   9.540910e-02   3.606741e-05   3.307747e-02   9.047414e-01   8.951846e-01   8.586819e-01   1.987553e-04   2.013811e-02
   124   2.201911e-03  -1.558025e-02   3.448246e-01   3.338765e-01   1.217477e-01   2.251395e-01   8.003558e-01   7.856556e-01   9.584241e-02   2.765206e-05   3.057551e-02   9.239676e-01   9.144609e-01   8.625817e-01   1.590581e-04   1.922028e-02
   125   3.852551e-02   2.074336e-02   3.711622e-01   2.727589e-01   1.170721e-01   2.005606e-01   8.291938e-01   8.150141e-01   9.623618e-02   2.128206e-05   2.832516e-02   9.431075e-01   9.336430e-01   8.661256e-01   1.271733e-04   1.835331e-02
   126   7.484911e-02   5.706696e-02   3.986693e-01   2.218043e-01   1.122587e-01   1.740898e-01   8.570793e-01   8.433603e-01   9.659376e-02   1.643216e-05   2.629670e-02   9.621760e-01   9.527464e-01   8.693438e-01   1.015878e-04   1.753343e-02
   127   1.111727e-01   9.339056e-02   4.272891e-01   1.794889e-01   1.073280e-01   1.463312e-01   8.841211e-01   8.708106e-01   9.691827e-02   1.272185e-05   2.446405e-02   9.811871e-01   9.717856e-01   8.722644e-01   8.107644e-05   1.675719e-02
   128   1.474963e-01   1.297142e-01   4.569351e-01   1.444803e-01   1.023090e-01   1.174786e-01   9.104158e-01   8.974674e-01   9.721261e-02   9.871098e-06   2.280460e-02   1.000154e+00   9.907741e-01   8.749135e-01   6.464866e-05   1.602146e-02
   129   1.838199e-01   1.660378e-01   4.874288e-01   1.156462e-01   9.723009e-02   8.795857e-02   9.360475e-01   9.234207e-01   9.747945e-02   7.673513e-06   2.129773e-02   1.019089e+00   1.009725e+00   8.773151e-01   5.150408e-05   1.532328e-02
   130   2.201435e-01   2.023614e-01   5.186049e-01   9.201880e-02   9.211571e-02   5.969814e-02   9.610910e-01   9.487497e-01   9.772124e-02   5.974266e-06   1.992619e-02   1.038003e+00   1.028649e+00   8.794912e-01   4.099654e-05   1.465999e-02
   131   2.564671e-01   2.386850e-01   5.501559e-01   7.269523e-02   8.697731e-02   3.129264e-02   9.856131e-01   9.735251e-01   9.794025e-02   4.657039e-06   1.867462e-02   1.056906e+00   1.047557e+00   8.814623e-01   3.260491e-05   1.402913e-02
   132   2.927907e-01   2.750086e-01   5.819976e-01   5.702780e-02   8.185997e-02   5.507972e-03   1.009673e+00   9.978094e-01   9.813854e-02   3.633949e-06   1.752931e-02   1.075807e+00   1.066459e+00   8.832469e-01   2.590932e-05   1.342850e-02
   133   3.291143e-01   3.113322e-01   6.139536e-01   4.441343e-02   7.680494e-02  -1.747761e-02   1.033322e+00   1.021658e+00   9.831802e-02   2.837914e-06   1.647870e-02   1.094716e+00   1.085365e+00   8.848622e-01   2.057187e-05   1.285607e-02
   134   3.654379e-01   3.476558e-01   6.457709e-01   3.432519e-02   7.184719e-02  -3.896544e-02   1.056608e+00   1.045121e+00   9.848042e-02   2.217655e-06   1.551248e-02   1.113640e+00   1.104281e+00   8.863237e-01   1.632091e-05   1.231000e-02
   135   4.017615e-01   3.839794e-01   6.768495e-01   2.629411e-02   6.698651e-02  -5.588327e-02   1.079574e+00   1.068243e+00   9.862732e-02   1.733804e-06   1.462160e-02   1.132586e+00   1.123217e+00   8.876458e-01   1.293825e-05   1.178861e-02
   136   4.380851e-01   4.203030e-01   7.073217e-01   1.995912e-02   6.226553e-02  -7.020363e-02   1.102256e+00   1.091063e+00   9.876016e-02   1.356030e-06   1.379812e-02   1.151561e+00   1.142177e+00   8.888415e-01   1.024887e-05   1.129039e-02
   137   4.744087e-01   4.566266e-01   7.368382e-01   1.501833e-02   5.772343e-02  -8.229770e-02   1.124687e+00   1.113616e+00   9.888027e-02   1.060853e-06   1.303518e-02   1.170570e+00   1.161169e+00   8.899225e-01   8.112465e-06   1.081396e-02
   138   5.107323e-01   4.929502e-01   7.649371e-01   1.118082e-02   5.335645e-02  -9.212367e-02   1.146900e+00   1.135936e+00   9.898885e-02   8.300778e-07   1.232670e-02   1.189618e+00   1.180198e+00   8.908996e-01   6.416744e-06   1.035807e-02
   139   5.470559e-01   5.292738e-01   7.917570e-01   8.242917e-03   4.920093e-02  -9.879247e-02   1.168919e+00   1.158049e+00   9.908698e-02   6.495741e-07   1.166733e-02   1.208709e+00   1.199268e+00   8.917828e-01   5.071886e-06   9.921567e-03
   140   5.833795e-01   5.655974e-01   8.166842e-01   6.010673e-03   4.526474e-02  -1.039975e-01   1.190770e+00   1.179982e+00   9.917565e-02   5.083447e-07   1.105236e-02   1.227849e+00   1.218385e+00   8.925808e-01   4.006130e-06   9.503420e-03
   141   6.197031e-01   6.019210e-01   8.399532e-01   4.337046e-03   4.156419e-02  -1.076652e-01   1.212473e+00   1.201757e+00   9.925576e-02   3.978202e-07   1.047765e-02   1.247040e+00   1.237550e+00   8.933019e-01   3.162200e-06   9.102673e-03
   142   6.560267e-01   6.382446e-01   8.612267e-01   3.093001e-03   3.810089e-02  -1.100048e-01   1.234049e+00   1.223395e+00   9.932813e-02   3.113123e-07   9.939553e-03   1.266285e+00   1.256769e+00   8.939532e-01   2.494425e-06   8.718456e-03
   143   6.923503e-01   6.745682e-01   8.804949e-01   2.182449e-03   3.488346e-02  -1.110118e-01   1.255515e+00   1.244915e+00   9.939350e-02   2.435964e-07   9.434866e-03   1.285587e+00   1.276043e+00   8.945415e-01   1.966419e-06   8.349972e-03
   144   7.286739e-01   7.108918e-01   8.978450e-01   1.522349e-03   3.190757e-02  -1.108471e-01   1.276886e+00   1.266332e+00   9.945254e-02   1.905892e-07   8.960733e-03   1.304948e+00   1.295375e+00   8.950729e-01   1.549224e-06   7.996484e-03
   145   7.649975e-01   7.472154e-01   9.132248e-01   1.050150e-03   2.917040e-02  -1.095618e-01   1.298177e+00   1.287662e+00   9.950586e-02   1.490968e-07   8.514625e-03   1.324369e+00   1.314767e+00   8.955527e-01   1.219812e-06   7.657316e-03
   146   8.013211e-01   7.835390e-01   9.266521e-01   7.169205e-04   2.666388e-02  -1.072085e-01   1.319399e+00   1.308918e+00   9.955400e-02   1.166199e-07   8.094297e-03   1.343853e+00   1.334221e+00   8.959860e-01   9.598865e-07   7.331842e-03
   147   8.376447e-01   8.198626e-01   9.383404e-01   4.845399e-04   2.437652e-02  -1.038040e-01   1.340564e+00   1.330110e+00   9.959747e-02   9.120222e-08   7.697749e-03   1.363401e+00   1.353737e+00   8.963772e-01   7.549251e-07   7.019482e-03
   148   8.739683e-01   8.561862e-01   9.484141e-01   3.244091e-04   2.229524e-02  -9.950482e-02   1.361682e+00   1.351251e+00   9.963672e-02   7.131183e-08   7.323199e-03   1.383012e+00   1.373317e+00   8.967304e-01   5.934078e-07   6.719696e-03
   149   9.102920e-01   8.925098e-01   9.570172e-01   2.152822e-04   2.040587e-02  -9.442682e-02   1.382761e+00   1.372349e+00   9.967214e-02   5.574914e-08   6.969052e-03   1.402687e+00   1.392961e+00   8.970493e-01   4.662050e-07   6.431982e-03
   150   9.466156e-01   9.288334e-01   9.642982e-01   1.417847e-04   1.869160e-02  -8.872074e-02   1.403810e+00   1.393413e+00   9.970413e-02   4.357460e-08   6.633879e-03   1.422427e+00   1.412669e+00   8.973371e-01   3.660869e-07   6.155872e-03
   151   9.829392e-01   9.651570e-01   9.704251e-01   9.276491e-05   1.713622e-02  -8.258206e-02   1.424834e+00   1.414449e+00   9.973300e-02   3.405236e-08   6.316397e-03   1.442231e+00   1.432442e+00   8.975970e-01   2.873327e-07   5.890928e-03
   152   1.019263e+00   1.001481e+00   9.755463e-01   6.035561e-05   1.572405e-02  -7.617712e-02   1.445841e+00   1.435465e+00   9.975905e-02   2.660607e-08   6.015453e-03   1.462099e+00   1.452279e+00   8.978315e-01   2.254187e-07   5.636738e-03
   153   1.055586e+00   1.037804e+00   9.797978e-01   3.908816e-05   1.444030e-02  -6.972853e-02   1.466834e+00   1.456465e+00   9.978257e-02   2.078435e-08   5.730004e-03   1.482029e+00   1.472178e+00   8.980432e-01   1.767707e-07   5.392919e-03
   154   1.091910e+00   1.074128e+00   9.833218e-01   2.522231e-05   1.327145e-02  -6.336447e-02   1.487819e+00   1.477454e+00   9.980380e-02   1.623374e-08   5.459107e-03   1.502021e+00   1.492140e+00   8.982342e-01   1.385667e-07   5.159110e-03
   155   1.128234e+00   1.110451e+00   9.862395e-01   1.622933e-05   1.220541e-02  -5.722041e-02   1.508799e+00   1.498436e+00   9.982296e-02   1.267748e-08   5.201908e-03   1.522072e+00   1.512162e+00   8.984066e-01   1.085800e-07   4.934972e-03
   156   1.164557e+00   1.146775e+00   9.886479e-01   1.042104e-05   1.123149e-02  -5.143593e-02   1.529776e+00   1.519414e+00   9.984025e-02   9.898909e-09   4.957636e-03   1.542181e+00   1.532243e+00   8.985622e-01   8.505469e-08   4.720190e-03
   157   1.200881e+00   1.183099e+00   9.906335e-01   6.682067e-06   1.034024e-02  -4.600984e-02   1.550753e+00   1.540391e+00   9.985585e-02   7.728446e-09   4.725587e-03   1.562346e+00   1.552381e+00   8.987027e-01   6.660739e-08   4.514466e-03
   158   1.237204e+00   1.219422e+00   9.922700e-01   4.280797e-06   9.523495e-03  -4.103260e-02   1.571731e+00   1.561369e+00   9.986993e-02   6.033370e-09   4.505127e-03   1.582562e+00   1.572572e+00   8.988294e-01   5.214856e-08   4.317527e-03
   159   1.273528e+00   1.255746e+00   9.936172e-01   2.741289e-06   8.774093e-03  -3.649994e-02   1.592709e+00   1.582347e+00   9.988264e-02   4.709843e-09   4.295677e-03   1.602827e+00   1.592813e+00   8.989438e-01   4.082078e-08   4.129116e-03
   160   1.309852e+00   1.292069e+00   9.947264e-01   1.755391e-06   8.085704e-03  -3.238089e-02   1.613689e+00   1.603326e+00   9.989411e-02   3.676639e-09   4.096716e-03   1.623137e+00   1.613101e+00   8.990470e-01   3.194969e-08   3.948999e-03
   161   1.346175e+00   1.328393e+00   9.956404e-01   1.124365e-06   7.452795e-03  -2.868096e-02   1.634667e+00   1.624305e+00   9.990446e-02   2.870232e-09   3.907771e-03   1.643485e+00   1.633430e+00   8.991401e-01   2.500517e-08   3.776961e-03
   162   1.382499e+00   1.364717e+00   9.963929e-01   7.205349e-07   6.870518e-03  -2.538975e-02   1.655642e+00   1.645281e+00   9.991379e-02   2.240956e-09   3.728420e-03   1.663866e+00   1.653795e+00   8.992241e-01   1.957077e-08   3.612811e-03
   163   1.418822e+00   1.401040e+00   9.970093e-01   4.620650e-07   6.334542e-03  -2.244312e-02   1.676611e+00   1.666253e+00   9.992222e-02   1.749985e-09   3.558283e-03   1.684274e+00   1.674190e+00   8.993000e-01   1.531950e-08   3.456378e-03
   164   1.455146e+00   1.437364e+00   9.975189e-01   2.965604e-07   5.841044e-03  -1.981216e-02   1.697567e+00   1.687215e+00   9.992982e-02   1.366980e-09   3.397026e-03   1.704698e+00   1.694606e+00   8.993684e-01   1.199477e-08   3.307517e-03
   165   1.491470e+00   1.473687e+00   9.979405e-01   1.905160e-07   5.386625e-03  -1.748516e-02   1.718505e+00   1.708162e+00   9.993668e-02   1.068234e-09   3.244356e-03   1.725130e+00   1.715034e+00   8.994301e-01   9.395288e-09   3.166107e-03
   166   1.527793e+00   1.510011e+00   9.982895e-01   1.225223e-07   4.968247e-03  -1.541402e-02   1.739415e+00   1.729086e+00   9.994287e-02   8.352336e-10   3.100022e-03   1.745558e+00   1.735464e+00   8.994858e-01   7.363289e-09   3.032054e-03
   167   1.564117e+00   1.546335e+00   9.985786e-01   7.888526e-08   4.583198e-03  -1.355405e-02   1.760289e+00   1.749978e+00   9.994845e-02   6.535193e-10   2.963815e-03   1.765967e+00   1.755882e+00   8.995361e-01   5.775133e-09   2.905294e-03
   168   1.600440e+00   1.582658e+00   9.988172e-01   5.084991e-08   4.229054e-03  -1.187111e-02   1.781112e+00   1.770825e+00   9.995349e-02   5.118040e-10   2.835568e-03   1.786340e+00   1.776273e+00   8.995814e-01   4.533992e-09   2.785793e-03
   169   1.636764e+00   1.618982e+00   9.990147e-01   3.281920e-08   3.903694e-03  -1.036689e-02   1.801870e+00   1.791615e+00   9.995804e-02   4.012779e-10   2.715155e-03   1.806660e+00   1.796619e+00   8.996223e-01   3.564064e-09   2.673550e-03
   170   1.673088e+00   1.655305e+00   9.991792e-01   2.121015e-08   3.605223e-03  -8.982170e-03   1.822544e+00   1.812330e+00   9.996214e-02   3.150669e-10   2.602493e-03   1.826902e+00   1.816899e+00   8.996593e-01   2.806036e-09   2.568598e-03
   171   1.709411e+00   1.691629e+00   9.993163e-01   1.372815e-08   3.332168e-03  -7.642015e-03   1.843111e+00   1.832949e+00   9.996584e-02   2.478084e-10   2.497541e-03   1.847042e+00   1.837089e+00   8.996926e-01   2.213513e-09   2.471007e-03
   172   1.745735e+00   1.727953e+00   9.994308e-01   8.899952e-09   3.083237e-03  -6.295442e-03   1.863547e+00   1.853449e+00   9.996918e-02   1.953203e-10   2.400303e-03   1.867047e+00   1.857160e+00   8.997226e-01   1.750225e-09   2.380882e-03
   173   1.782058e+00   1.764276e+00   9.995256e-01   5.780269e-09   2.857380e-03  -4.973278e-03   1.883820e+00   1.873802e+00   9.997219e-02   1.543414e-10   2.310822e-03   1.886884e+00   1.877079e+00   8.997498e-01   1.387824e-09   2.298364e-03
   174   1.818382e+00   1.800600e+00   9.996050e-01   3.761952e-09   2.653873e-03  -3.550151e-03   1.903896e+00   1.893974e+00   9.997491e-02   1.223298e-10   2.229183e-03   1.906514e+00   1.896810e+00   8.997742e-01   1.104162e-09   2.223630e-03
   175   1.854706e+00   1.836923e+00   9.996718e-01   2.454451e-09   2.472427e-03  -1.922821e-03   1.923737e+00   1.913930e+00   9.997737e-02   9.730398e-11   2.155512e-03   1.925893e+00   1.916312e+00   8.997963e-01   8.819459e-10   2.156886e-03
   176   1.891029e+00   1.873247e+00   9.997281e-01   1.606504e-09   2.313936e-03   2.483788e-04   1.943297e+00   1.933627e+00   9.997958e-02   7.771881e-11   2.090005e-03   1.944974e+00   1.935538e+00   8.998162e-01   7.076708e-10   2.098370e-03
   177   1.927353e+00   1.909571e+00   9.997756e-01   1.055476e-09   2.178920e-03   2.763038e-03   1.962534e+00   1.953022e+00   9.998158e-02   6.236170e-11   2.033194e-03   1.963705e+00   1.954440e+00   8.998342e-01   5.707771e-10   2.048418e-03
   178   1.963676e+00   1.945894e+00   9.998158e-01   6.966565e-10   2.069207e-03   5.933050e-03   1.981418e+00   1.972079e+00   9.998338e-02   5.024399e-11   1.987573e-03   1.982043e+00   1.972970e+00   8.998504e-01   4.628236e-10   2.008301e-03
   179   2.000000e+00   1.982218e+00   9.998500e-01   4.611266e-10   1.994356e-03   8.190341e-03   2.000000e+00   1.990809e+00   9.998500e-02   4.048037e-11   1.962572e-03   2.000000e+00   1.991114e+00   8.998650e-01   3.761908e-10   1.985293e-03
