     i          log_r       log_rmid          m_tot        rho_tot         v2_tot            eta     lgr[heavy]    lgrm[heavy]       m[heavy]     rho[heavy]      v2[heavy]     lgr[light]    lgrm[light]       m[light]     rho[light]      v2[light]
     0  -4.986288e+00  -5.287318e+00   1.004456e-07   2.730296e+08   3.473328e-01            nan  -4.986288e+00  -5.287318e+00   9.998500e-08   2.728478e+08   3.468560e-01  -3.094886e+00  -3.395916e+00   8.998650e-07   5.199431e+03   6.146668e-01
     1  -4.947259e+00  -4.966335e+00   1.309962e-07   2.688216e+08   3.470330e-01            nan  -4.963639e+00  -4.974816e+00   1.166721e-07   2.688838e+08   3.468051e-01  -3.056359e+00  -3.075195e+00   1.050049e-06   2.846006e+03   5.601210e-01
     2  -4.908229e+00  -4.927306e+00   1.708689e-07   2.680165e+08   3.470034e-01            nan  -4.941001e+00  -4.952173e+00   1.361439e-07   2.684526e+08   3.467995e-01  -3.018331e+00  -3.036929e+00   1.225295e-06   2.582933e+03   5.511438e-01
     3  -4.869200e+00  -4.888276e+00   2.228821e-07   2.670562e+08   3.469734e-01            nan  -4.918369e+00  -4.929537e+00   1.588651e-07   2.679761e+08   3.467934e-01  -2.980751e+00  -2.999135e+00   1.429786e-06   2.349132e+03   5.423040e-01
     4  -4.830170e+00  -4.849246e+00   2.906883e-07   2.659151e+08   3.469427e-01            nan  -4.895737e+00  -4.906905e+00   1.853780e-07   2.674495e+08   3.467866e-01  -2.943580e+00  -2.961768e+00   1.668402e-06   2.140809e+03   5.335480e-01
     5  -4.791140e+00  -4.810217e+00   3.790062e-07   2.645684e+08   3.469108e-01            nan  -4.873102e+00  -4.884272e+00   2.163150e-07   2.668675e+08   3.467791e-01  -2.906774e+00  -2.924787e+00   1.946835e-06   1.954102e+03   5.249710e-01
     6  -4.752111e+00  -4.771187e+00   4.939406e-07   2.629813e+08   3.468770e-01            nan  -4.850459e+00  -4.861633e+00   2.524142e-07   2.662243e+08   3.467708e-01  -2.870291e+00  -2.888149e+00   2.271728e-06   1.786018e+03   5.166250e-01
     7  -4.713081e+00  -4.732158e+00   6.433538e-07   2.610828e+08   3.468403e-01            nan  -4.827804e+00  -4.838984e+00   2.945370e-07   2.655135e+08   3.467616e-01  -2.834096e+00  -2.851817e+00   2.650833e-06   1.634369e+03   5.084714e-01
     8  -4.674052e+00  -4.693128e+00   8.372765e-07   2.588503e+08   3.468003e-01            nan  -4.805132e+00  -4.816320e+00   3.436881e-07   2.647280e+08   3.467515e-01  -2.798147e+00  -2.815750e+00   3.093193e-06   1.496665e+03   5.006453e-01
     9  -4.635022e+00  -4.654099e+00   1.088600e-06   2.562345e+08   3.467561e-01            nan  -4.782440e+00  -4.793638e+00   4.010398e-07   2.638602e+08   3.467402e-01  -2.762417e+00  -2.779915e+00   3.609358e-06   1.371757e+03   4.930128e-01
    10  -4.595993e+00  -4.615069e+00   1.413747e-06   2.531461e+08   3.467063e-01            nan  -4.759724e+00  -4.770933e+00   4.679601e-07   2.629017e+08   3.467278e-01  -2.726865e+00  -2.744277e+00   4.211641e-06   1.257646e+03   4.857420e-01
    11  -4.556963e+00  -4.576040e+00   1.833356e-06   2.495197e+08   3.466500e-01            nan  -4.736977e+00  -4.748201e+00   5.460446e-07   2.618431e+08   3.467140e-01  -2.691467e+00  -2.708806e+00   4.914402e-06   1.153543e+03   4.787130e-01
    12  -4.517934e+00  -4.537010e+00   2.373370e-06   2.453131e+08   3.465861e-01            nan  -4.714196e+00  -4.725437e+00   6.371554e-07   2.606743e+08   3.466988e-01  -2.656196e+00  -2.673474e+00   5.734398e-06   1.058258e+03   4.719748e-01
    13  -4.478904e+00  -4.497981e+00   3.066513e-06   2.404210e+08   3.465128e-01            nan  -4.691376e+00  -4.702636e+00   7.434644e-07   2.593842e+08   3.466820e-01  -2.621028e+00  -2.638256e+00   6.691180e-06   9.710019e+02   4.654910e-01
    14  -4.439875e+00  -4.458951e+00   3.952610e-06   2.347379e+08   3.464284e-01            nan  -4.668511e+00  -4.679793e+00   8.675058e-07   2.579609e+08   3.466633e-01  -2.585946e+00  -2.603133e+00   7.807552e-06   8.910657e+02   4.592296e-01
    15  -4.400845e+00  -4.419921e+00   5.080344e-06   2.282615e+08   3.463319e-01            nan  -4.645595e+00  -4.656902e+00   1.012236e-06   2.563912e+08   3.466427e-01  -2.550932e+00  -2.568086e+00   9.110122e-06   8.177033e+02   4.532140e-01
    16  -4.361815e+00  -4.380892e+00   6.510152e-06   2.208450e+08   3.462204e-01            nan  -4.622621e+00  -4.633956e+00   1.181103e-06   2.546608e+08   3.466198e-01  -2.515974e+00  -2.533101e+00   1.062993e-05   7.504750e+02   4.473621e-01
    17  -4.322786e+00  -4.341862e+00   8.309412e-06   2.124550e+08   3.460923e-01            nan  -4.599582e+00  -4.610949e+00   1.378130e-06   2.527543e+08   3.465945e-01  -2.481059e+00  -2.498166e+00   1.240317e-05   6.887052e+02   4.417395e-01
    18  -4.283756e+00  -4.302833e+00   1.056292e-05   2.031351e+08   3.459465e-01            nan  -4.576471e+00  -4.587873e+00   1.608010e-06   2.506551e+08   3.465665e-01  -2.446181e+00  -2.463270e+00   1.447209e-05   6.320999e+02   4.362356e-01
    19  -4.244727e+00  -4.263803e+00   1.336190e-05   1.926962e+08   3.457782e-01            nan  -4.553278e+00  -4.564719e+00   1.876216e-06   2.483452e+08   3.465355e-01  -2.411328e+00  -2.428405e+00   1.688595e-05   5.800685e+02   4.309423e-01
    20  -4.205697e+00  -4.224774e+00   1.681169e-05   1.814387e+08   3.455890e-01            nan  -4.529994e+00  -4.541480e+00   2.189133e-06   2.458055e+08   3.465012e-01  -2.376500e+00  -2.393565e+00   1.970220e-05   5.323675e+02   4.257564e-01
    21  -4.166668e+00  -4.185744e+00   2.102262e-05   1.691155e+08   3.453718e-01            nan  -4.506607e+00  -4.518143e+00   2.554206e-06   2.430155e+08   3.464633e-01  -2.341687e+00  -2.358745e+00   2.298786e-05   4.885433e+02   4.207467e-01
    22  -4.127638e+00  -4.146715e+00   2.612063e-05   1.561982e+08   3.451296e-01            nan  -4.483107e+00  -4.494698e+00   2.980121e-06   2.399533e+08   3.464213e-01  -2.306889e+00  -2.323940e+00   2.682109e-05   4.483513e+02   4.158457e-01
    23  -4.088609e+00  -4.107685e+00   3.220023e-05   1.426006e+08   3.448559e-01            nan  -4.459479e+00  -4.471132e+00   3.477003e-06   2.365962e+08   3.463748e-01  -2.272103e+00  -2.289148e+00   3.129303e-05   4.114533e+02   4.110867e-01
    24  -4.049579e+00  -4.068656e+00   3.940301e-05   1.287072e+08   3.445511e-01            nan  -4.435708e+00  -4.447431e+00   4.056664e-06   2.329199e+08   3.463234e-01  -2.237329e+00  -2.254368e+00   3.650997e-05   3.776126e+02   4.064327e-01
    25  -4.010550e+00  -4.029626e+00   4.782741e-05   1.148335e+08   3.442144e-01            nan  -4.411778e+00  -4.423578e+00   4.732872e-06   2.288996e+08   3.462664e-01  -2.202566e+00  -2.219600e+00   4.259585e-05   3.465696e+02   4.018891e-01
    26  -3.971520e+00  -3.990596e+00   5.749595e-05   1.010961e+08   3.438397e-01            nan  -4.387668e+00  -4.399555e+00   5.521683e-06   2.245097e+08   3.462035e-01  -2.167816e+00  -2.184843e+00   4.969515e-05   3.181051e+02   3.974389e-01
    27  -3.932490e+00  -3.951567e+00   6.851148e-05   8.783853e+07   3.434251e-01            nan  -4.363358e+00  -4.375343e+00   6.441814e-06   2.197243e+08   3.461338e-01  -2.133080e+00  -2.150101e+00   5.797633e-05   2.920150e+02   3.930657e-01
    28  -3.893461e+00  -3.912537e+00   8.089854e-05   7.537111e+07   3.429696e-01            nan  -4.338823e+00  -4.350917e+00   7.515084e-06   2.145174e+08   3.460567e-01  -2.098362e+00  -2.115374e+00   6.763576e-05   2.681011e+02   3.887654e-01
    29  -3.854431e+00  -3.873508e+00   9.465037e-05   6.388111e+07   3.424688e-01            nan  -4.314036e+00  -4.326253e+00   8.766923e-06   2.088639e+08   3.459714e-01  -2.063665e+00  -2.080667e+00   7.890231e-05   2.461995e+02   3.845040e-01
    30  -3.815402e+00  -3.834478e+00   1.097350e-04   5.350643e+07   3.419180e-01            nan  -4.288965e+00  -4.301320e+00   1.022697e-05   2.027400e+08   3.458769e-01  -2.028993e+00  -2.045983e+00   9.204273e-05   2.261328e+02   3.802862e-01
    31  -3.776372e+00  -3.795449e+00   1.261084e-04   4.432736e+07   3.413116e-01            nan  -4.263575e+00  -4.276084e+00   1.192976e-05   1.961243e+08   3.457724e-01  -1.994352e+00  -2.011327e+00   1.073678e-04   2.077672e+02   3.760652e-01
    32  -3.737343e+00  -3.756419e+00   1.437337e-04   3.636422e+07   3.406439e-01            nan  -4.237825e+00  -4.250509e+00   1.391553e-05   1.889985e+08   3.456567e-01  -1.959745e+00  -1.976704e+00   1.252398e-04   1.909452e+02   3.718513e-01
    33  -3.698313e+00  -3.717390e+00   1.626032e-04   2.958098e+07   3.399106e-01            nan  -4.211668e+00  -4.224549e+00   1.623115e-05   1.813492e+08   3.455286e-01  -1.925180e+00  -1.942119e+00   1.460803e-04   1.755550e+02   3.675907e-01
    34  -3.659284e+00  -3.678360e+00   1.822509e-04   2.386860e+07   3.390949e-01            nan  -4.185051e+00  -4.198156e+00   1.893121e-05   1.731693e+08   3.453865e-01  -1.890660e+00  -1.907577e+00   1.703808e-04   1.614579e+02   3.632990e-01
    35  -3.620254e+00  -3.639331e+00   2.029116e-04   1.912527e+07   3.381706e-01            nan  -4.157913e+00  -4.171270e+00   2.207926e-05   1.644594e+08   3.452290e-01  -1.856191e+00  -1.873084e+00   1.987134e-04   1.485588e+02   3.589221e-01
    36  -3.581225e+00  -3.600301e+00   2.247768e-04   1.526459e+07   3.371538e-01            nan  -4.130182e+00  -4.143826e+00   2.574932e-05   1.552305e+08   3.450541e-01  -1.821776e+00  -1.838643e+00   2.317439e-04   1.367356e+02   3.544825e-01
    37  -3.542195e+00  -3.561272e+00   2.473454e-04   1.214422e+07   3.360528e-01            nan  -4.101777e+00  -4.115747e+00   3.002750e-05   1.455058e+08   3.448595e-01  -1.787420e+00  -1.804258e+00   2.702475e-04   1.259060e+02   3.499338e-01
    38  -3.503166e+00  -3.522242e+00   2.706909e-04   9.629193e+06   3.347445e-01            nan  -4.072600e+00  -4.086943e+00   3.501400e-05   1.353230e+08   3.446429e-01  -1.753120e+00  -1.769931e+00   3.151260e-04   1.159642e+02   3.453081e-01
    39  -3.464136e+00  -3.483212e+00   2.954435e-04   7.632202e+06   3.333477e-01            nan  -4.042539e+00  -4.057310e+00   4.082538e-05   1.247373e+08   3.444009e-01  -1.718877e+00  -1.735661e+00   3.674284e-04   1.068376e+02   3.405749e-01
    40  -3.425106e+00  -3.444183e+00   3.203103e-04   6.046505e+06   3.317454e-01            nan  -4.011463e+00  -4.026723e+00   4.759714e-05   1.138231e+08   3.441300e-01  -1.684686e+00  -1.701445e+00   4.283742e-04   9.843657e+01   3.357762e-01
    41  -3.386077e+00  -3.405153e+00   3.470027e-04   4.795721e+06   3.299678e-01            nan  -3.979216e+00  -3.995040e+00   5.548679e-05   1.026763e+08   3.438253e-01  -1.650542e+00  -1.667279e+00   4.993811e-04   9.069749e+01   3.309033e-01
    42  -3.347047e+00  -3.366124e+00   3.738879e-04   3.808529e+06   3.279965e-01            nan  -3.945613e+00  -3.962090e+00   6.467734e-05   9.141551e+07   3.434811e-01  -1.616431e+00  -1.633152e+00   5.820960e-04   8.354785e+01   3.260024e-01
    43  -3.308018e+00  -3.327094e+00   4.027905e-04   3.032739e+06   3.257802e-01            nan  -3.910436e+00  -3.927669e+00   7.538125e-05   8.018208e+07   3.430898e-01  -1.582342e+00  -1.599052e+00   6.784313e-04   7.693301e+01   3.210877e-01
    44  -3.268988e+00  -3.288065e+00   4.321709e-04   2.421133e+06   3.233409e-01            nan  -3.873426e+00  -3.891537e+00   8.784517e-05   6.913858e+07   3.426415e-01  -1.548258e+00  -1.564966e+00   7.906065e-04   7.079926e+01   3.161954e-01
    45  -3.229959e+00  -3.249035e+00   4.636979e-04   1.939012e+06   3.206608e-01            nan  -3.834271e+00  -3.853407e+00   1.023551e-04   5.846482e+07   3.421230e-01  -1.514160e+00  -1.530875e+00   9.211963e-04   6.510118e+01   3.113579e-01
    46  -3.190929e+00  -3.210006e+00   4.963528e-04   1.559390e+06   3.176627e-01            nan  -3.792607e+00  -3.812940e+00   1.192428e-04   4.835099e+07   3.415164e-01  -1.480030e+00  -1.496760e+00   1.073185e-03   5.980424e+01   3.065817e-01
    47  -3.151900e+00  -3.170976e+00   5.311773e-04   1.256742e+06   3.145284e-01            nan  -3.748000e+00  -3.769731e+00   1.388921e-04   3.898731e+07   3.407968e-01  -1.445845e+00  -1.462601e+00   1.250029e-03   5.487128e+01   3.019123e-01
    48  -3.112870e+00  -3.131947e+00   5.680125e-04   1.019088e+06   3.109216e-01            nan  -3.699949e+00  -3.723310e+00   1.617478e-04   3.055006e+07   3.399289e-01  -1.411590e+00  -1.428380e+00   1.455730e-03   5.028446e+01   2.973098e-01
    49  -3.073841e+00  -3.092917e+00   6.071982e-04   8.265681e+05   3.073553e-01   4.387661e-01  -3.647890e+00  -3.673140e+00   1.883238e-04   2.318464e+07   3.388626e-01  -1.377245e+00  -1.394078e+00   1.694914e-03   4.601435e+01   2.928210e-01
    50  -3.034811e+00  -3.053887e+00   6.491292e-04   6.755294e+05   3.031464e-01   4.387788e-01  -3.591218e+00  -3.618630e+00   2.192140e-04   1.698738e+07   3.375253e-01  -1.342800e+00  -1.359681e+00   1.972926e-03   4.204950e+01   2.883899e-01
    51  -2.995781e+00  -3.014858e+00   6.940110e-04   5.520918e+05   2.989898e-01   4.370090e-01  -3.529344e+00  -3.559180e+00   2.551039e-04   1.198925e+07   3.358122e-01  -1.308243e+00  -1.325178e+00   2.295935e-03   3.837098e+01   2.840205e-01
    52  -2.956752e+00  -2.975828e+00   7.421646e-04   4.534732e+05   2.944216e-01   4.362093e-01  -3.461807e+00  -3.494264e+00   2.967831e-04   8.146274e+06   3.335745e-01  -1.273569e+00  -1.290560e+00   2.671048e-03   3.496430e+01   2.796902e-01
    53  -2.917722e+00  -2.936799e+00   7.942782e-04   3.729942e+05   2.898058e-01   4.355934e-01  -3.388440e+00  -3.423576e+00   3.451610e-04   5.341471e+06   3.306088e-01  -1.238776e+00  -1.255824e+00   3.106449e-03   3.181608e+01   2.753659e-01
    54  -2.878693e+00  -2.897769e+00   8.501001e-04   3.075726e+05   2.850167e-01   4.356187e-01  -3.309572e+00  -3.347218e+00   4.012824e-04   3.401496e+06   3.266593e-01  -1.203859e+00  -1.220967e+00   3.611542e-03   2.890823e+01   2.710744e-01
    55  -2.839663e+00  -2.858740e+00   9.111299e-04   2.541017e+05   2.801332e-01   4.361219e-01  -3.226170e+00  -3.265872e+00   4.663463e-04   2.126060e+06   3.214492e-01  -1.168820e+00  -1.185986e+00   4.197117e-03   2.622848e+01   2.667791e-01
    56  -2.800634e+00  -2.819710e+00   9.765710e-04   2.101297e+05   2.752476e-01   4.370661e-01  -3.139784e+00  -3.180833e+00   5.417261e-04   1.321603e+06   3.147597e-01  -1.133659e+00  -1.150884e+00   4.875535e-03   2.376154e+01   2.624919e-01
    57  -2.761604e+00  -2.780681e+00   1.048153e-03   1.740014e+05   2.703230e-01   4.384571e-01  -3.052222e+00  -3.093800e+00   6.289911e-04   8.274020e+05   3.065401e-01  -1.098378e+00  -1.115660e+00   5.660920e-03   2.149317e+01   2.582167e-01
    58  -2.722575e+00  -2.741651e+00   1.125218e-03   1.441122e+05   2.654929e-01   4.402209e-01  -2.965112e+00  -3.006486e+00   7.299314e-04   5.263169e+05   2.969891e-01  -1.062978e+00  -1.080317e+00   6.569382e-03   1.941108e+01   2.539318e-01
    59  -2.683545e+00  -2.702622e+00   1.209315e-03   1.193990e+05   2.607423e-01   4.422637e-01  -2.879576e+00  -2.920242e+00   8.465830e-04   3.413993e+05   2.865372e-01  -1.027462e+00  -1.044857e+00   7.619247e-03   1.750114e+01   2.496707e-01
    60  -2.644516e+00  -2.663592e+00   1.300100e-03   9.891022e+04   2.561304e-01   4.445056e-01  -2.796156e+00  -2.835866e+00   9.812558e-04   2.256300e+05   2.757309e-01  -9.918323e-01  -1.009282e+00   8.831303e-03   1.575201e+01   2.454187e-01
    61  -2.605486e+00  -2.624563e+00   1.398898e-03   8.189175e+04   2.517168e-01   4.467262e-01  -2.714916e+00  -2.753639e+00   1.136562e-03   1.514001e+05   2.650981e-01  -9.560921e-01  -9.735946e-01   1.022906e-02   1.415280e+01   2.411626e-01
    62  -2.566456e+00  -2.585533e+00   1.505641e-03   6.778307e+04   2.474609e-01   4.490317e-01  -2.635627e+00  -2.673464e+00   1.315444e-03   1.026920e+05   2.550501e-01  -9.202432e-01  -9.377979e-01   1.183900e-02   1.269151e+01   2.369349e-01
    63  -2.527427e+00  -2.546503e+00   1.621500e-03   5.604681e+04   2.434763e-01   4.510420e-01  -2.557927e+00  -2.595042e+00   1.521208e-03   7.012432e+04   2.458373e-01  -8.842893e-01  -9.018943e-01   1.369088e-02   1.135881e+01   2.327164e-01
    64  -2.488397e+00  -2.507474e+00   1.746648e-03   4.632786e+04   2.396584e-01   4.530651e-01  -2.481450e+00  -2.518007e+00   1.757548e-03   4.806323e+04   2.375525e-01  -8.482351e-01  -8.658882e-01   1.581793e-02   1.014548e+01   2.284958e-01
    65  -2.449368e+00  -2.468444e+00   1.882165e-03   3.825390e+04   2.361263e-01   4.546388e-01  -2.405891e+00  -2.442030e+00   2.028572e-03   3.300687e+04   2.301644e-01  -8.120836e-01  -8.297833e-01   1.825715e-02   9.041879e+00   2.242991e-01
    66  -2.410338e+00  -2.429415e+00   2.028483e-03   3.157788e+04   2.327648e-01   4.561900e-01  -2.331053e+00  -2.366862e+00   2.338830e-03   2.269706e+04   2.235683e-01  -7.758394e-01  -7.935835e-01   2.104947e-02   8.040098e+00   2.201105e-01
    67  -2.371309e+00  -2.390385e+00   2.186626e-03   2.604731e+04   2.296613e-01   4.573128e-01  -2.256838e+00  -2.292362e+00   2.693323e-03   1.563133e+04   2.176370e-01  -7.395087e-01  -7.572943e-01   2.423991e-02   7.132544e+00   2.159167e-01
    68  -2.332279e+00  -2.351356e+00   2.357347e-03   2.148153e+04   2.267284e-01   4.583609e-01  -2.183243e+00  -2.218484e+00   3.097518e-03   1.078906e+04   2.122552e-01  -7.030972e-01  -7.209215e-01   2.787766e-02   6.311667e+00   2.117337e-01
    69  -2.293250e+00  -2.312326e+00   2.541641e-03   1.770999e+04   2.240090e-01   4.590933e-01  -2.110329e+00  -2.145258e+00   3.557342e-03   7.470323e+03   2.073306e-01  -6.666117e-01  -6.844714e-01   3.201608e-02   5.570726e+00   2.075543e-01
    70  -2.254220e+00  -2.273297e+00   2.740629e-03   1.460076e+04   2.214579e-01   4.596775e-01  -2.038199e+00  -2.072768e+00   4.079169e-03   5.194067e+03   2.027865e-01  -6.300605e-01  -6.479516e-01   3.671252e-02   4.903507e+00   2.033664e-01
    71  -2.215191e+00  -2.234267e+00   2.955375e-03   1.203771e+04   2.190776e-01   4.600610e-01  -1.966986e+00  -2.001135e+00   4.669785e-03   3.630238e+03   1.985488e-01  -5.934537e-01  -6.113715e-01   4.202806e-02   4.304133e+00   1.991646e-01
    72  -2.176161e+00  -2.195238e+00   3.187333e-03   9.927069e+03   2.168628e-01   4.602443e-01  -1.896831e+00  -1.930493e+00   5.336336e-03   2.552958e+03   1.945337e-01  -5.568017e-01  -5.747412e-01   4.802703e-02   3.766918e+00   1.949565e-01
    73  -2.137132e+00  -2.156208e+00   3.437819e-03   8.188905e+03   2.147847e-01   4.602894e-01  -1.827877e+00  -1.860987e+00   6.086254e-03   1.808002e+03   1.906435e-01  -5.201168e-01  -5.380720e-01   5.477629e-02   3.286777e+00   1.907304e-01
    74  -2.098102e+00  -2.117178e+00   3.708562e-03   6.758655e+03   2.128671e-01   4.600878e-01  -1.760252e+00  -1.792749e+00   6.927149e-03   1.290236e+03   1.867699e-01  -4.834141e-01  -5.013779e-01   6.234434e-02   2.858932e+00   1.864747e-01
    75  -2.059072e+00  -2.078149e+00   4.001278e-03   5.580766e+03   2.110595e-01   4.597543e-01  -1.694058e+00  -1.725895e+00   7.866679e-03   9.280494e+02   1.828089e-01  -4.467105e-01  -4.646747e-01   7.080011e-02   2.478867e+00   1.821850e-01
    76  -2.020043e+00  -2.039119e+00   4.318032e-03   4.612015e+03   2.093990e-01   4.591234e-01  -1.629359e+00  -1.660505e+00   8.912390e-03   6.726838e+02   1.786833e-01  -4.100242e-01  -4.279801e-01   8.021151e-02   2.142276e+00   1.778642e-01
    77  -1.981013e+00  -2.000090e+00   4.660979e-03   3.813535e+03   2.078291e-01   4.583246e-01  -1.566159e+00  -1.596610e+00   1.007152e-02   4.909446e+02   1.743675e-01  -3.733763e-01  -3.913138e-01   9.064369e-02   1.845235e+00   1.735018e-01
    78  -1.941984e+00  -1.961060e+00   5.032750e-03   3.156862e+03   2.063730e-01   4.572161e-01  -1.504401e+00  -1.534183e+00   1.135078e-02   3.602478e+02   1.699026e-01  -3.367906e-01  -3.546983e-01   1.021570e-01   1.584056e+00   1.690880e-01
    79  -1.902954e+00  -1.922031e+00   5.435846e-03   2.615147e+03   2.049918e-01   4.558875e-01  -1.443962e+00  -1.473131e+00   1.275612e-02   2.652450e+02   1.653942e-01  -3.002938e-01  -3.181589e-01   1.148050e-01   1.355277e+00   1.646183e-01
    80  -1.863925e+00  -1.883001e+00   5.873899e-03   2.168938e+03   2.036745e-01   4.542954e-01  -1.384669e+00  -1.413305e+00   1.429243e-02   1.955134e+02   1.609865e-01  -2.639138e-01  -2.817230e-01   1.286319e-01   1.155616e+00   1.600971e-01
    81  -1.824895e+00  -1.843972e+00   6.349615e-03   1.800619e+03   2.023999e-01   4.524999e-01  -1.326320e+00  -1.354515e+00   1.596333e-02   1.439611e+02   1.568208e-01  -2.276815e-01  -2.454199e-01   1.436700e-01   9.820688e-01   1.555182e-01
    82  -1.785866e+00  -1.804942e+00   6.867915e-03   1.496526e+03   2.011558e-01   4.504495e-01  -1.268721e+00  -1.296566e+00   1.777087e-02   1.057194e+02   1.529875e-01  -1.916303e-01  -2.092819e-01   1.599378e-01   8.318389e-01   1.508770e-01
    83  -1.746836e+00  -1.765913e+00   7.432165e-03   1.245241e+03   1.998885e-01   4.483509e-01  -1.211725e+00  -1.239288e+00   1.971527e-02   7.737388e+01   1.494943e-01  -1.557952e-01  -1.733432e-01   1.774374e-01   7.023197e-01   1.461769e-01
    84  -1.707807e+00  -1.726883e+00   8.047738e-03   1.037195e+03   1.986491e-01   4.459635e-01  -1.155257e+00  -1.182574e+00   2.179475e-02   5.644927e+01   1.462697e-01  -1.202123e-01  -1.376395e-01   1.961527e-01   5.910975e-01   1.414259e-01
    85  -1.668777e+00  -1.687853e+00   8.719939e-03   8.648795e+02   1.973006e-01   4.439660e-01  -1.099312e+00  -1.126384e+00   2.400535e-02   4.108576e+01   1.432042e-01  -8.491900e-02  -1.022072e-01   2.160481e-01   4.959818e-01   1.366254e-01
    86  -1.629747e+00  -1.648824e+00   9.453999e-03   7.218052e+02   1.959589e-01   4.419061e-01  -1.043934e+00  -1.070741e+00   2.634082e-02   2.985699e+01   1.402081e-01  -4.995349e-02  -6.708445e-02   2.370673e-01   4.149681e-01   1.317810e-01
    87  -1.590718e+00  -1.609794e+00   1.025756e-02   6.028672e+02   1.945518e-01   4.402308e-01  -9.891798e-01  -1.015695e+00   2.879262e-02   2.167384e+01   1.372423e-01  -1.535254e-02  -3.230852e-02   2.591336e-01   3.462183e-01   1.269117e-01
    88  -1.551688e+00  -1.570765e+00   1.113621e-02   5.037011e+02   1.931072e-01   4.389736e-01  -9.350972e-01  -9.612972e-01   3.134998e-02   1.571852e+01   1.343027e-01   1.884712e-02   2.083846e-03   2.821498e-01   2.881019e-01   1.220253e-01
    89  -1.512659e+00  -1.531735e+00   1.209814e-02   4.210927e+02   1.916821e-01   4.379914e-01  -8.817176e-01  -9.075878e-01   3.400006e-02   1.138759e+01   1.314023e-01   5.261034e-02   3.605675e-02   3.060005e-01   2.391507e-01   1.171364e-01
    90  -1.473629e+00  -1.492706e+00   1.315007e-02   3.517971e+02   1.902490e-01   4.376475e-01  -8.290527e-01  -8.545873e-01   3.672816e-02   8.239257e+00   1.285527e-01   8.590489e-02   6.957659e-02   3.305535e-01   1.980547e-01   1.122659e-01
    91  -1.434600e+00  -1.453676e+00   1.430138e-02   2.938340e+02   1.889113e-01   4.375567e-01  -7.770973e-01  -8.022985e-01   3.951809e-02   5.951724e+00   1.257648e-01   1.187003e-01   1.026121e-01   3.556628e-01   1.636702e-01   1.074258e-01
    92  -1.395570e+00  -1.414647e+00   1.555950e-02   2.453848e+02   1.876681e-01   4.376832e-01  -7.258276e-01  -7.507063e-01   4.235249e-02   4.290466e+00   1.230442e-01   1.509709e-01   1.351353e-01   3.811724e-01   1.349819e-01   1.026410e-01
    93  -1.356541e+00  -1.375617e+00   1.693182e-02   2.045211e+02   1.866276e-01   4.377599e-01  -6.752053e-01  -6.997793e-01   4.521329e-02   3.085100e+00   1.203970e-01   1.826935e-01   1.671218e-01   4.069196e-01   1.111168e-01   9.792554e-02
    94  -1.317511e+00  -1.336588e+00   1.843180e-02   1.703967e+02   1.857600e-01   4.376036e-01  -6.251754e-01  -6.494704e-01   4.808216e-02   2.211452e+00   1.178252e-01   2.138500e-01   1.985511e-01   4.327394e-01   9.131398e-02   9.329980e-02
    95  -1.278482e+00  -1.297558e+00   2.006515e-02   1.419073e+02   1.850648e-01   4.371427e-01  -5.756673e-01  -5.997163e-01   5.094094e-02   1.579205e+00   1.153308e-01   2.444257e-01   2.294069e-01   4.584685e-01   7.492217e-02   8.877947e-02
    96  -1.239452e+00  -1.258529e+00   2.184148e-02   1.179778e+02   1.846283e-01   4.359080e-01  -5.265966e-01  -5.504392e-01   5.377208e-02   1.122645e+00   1.129147e-01   2.744108e-01   2.596770e-01   4.839488e-01   6.138362e-02   8.438017e-02
    97  -1.200422e+00  -1.219499e+00   2.378012e-02   9.810327e+01   1.843207e-01   4.343043e-01  -4.778616e-01  -5.015459e-01   5.655903e-02   7.937974e-01   1.105771e-01   3.037995e-01   2.893537e-01   5.090312e-01   5.022427e-02   8.011557e-02
    98  -1.161393e+00  -1.180469e+00   2.589062e-02   8.160613e+01   1.841112e-01   4.322429e-01  -4.293446e-01  -4.529259e-01   5.928652e-02   5.577413e-01   1.083198e-01   3.325899e-01   3.184332e-01   5.335787e-01   4.104332e-02   7.599645e-02
    99  -1.122363e+00  -1.141440e+00   2.818290e-02   6.786702e+01   1.840048e-01   4.298300e-01  -3.809125e-01  -4.044538e-01   6.194091e-02   3.890259e-01   1.061434e-01   3.607845e-01   3.469160e-01   5.574682e-01   3.350257e-02   7.203264e-02
   100  -1.083334e+00  -1.102410e+00   3.068764e-02   5.649363e+01   1.839067e-01   4.273004e-01  -3.324115e-01  -3.559853e-01   6.451030e-02   2.690422e-01   1.040506e-01   3.883888e-01   3.748059e-01   5.805927e-01   2.731888e-02   6.823008e-02
   101  -1.044304e+00  -1.063381e+00   3.342645e-02   4.707937e+01   1.837885e-01   4.246672e-01  -2.836668e-01  -3.073556e-01   6.698469e-02   1.842431e-01   1.020479e-01   4.154120e-01   4.021106e-01   6.028622e-01   2.225488e-02   6.459439e-02
   102  -1.005275e+00  -1.024351e+00   3.640202e-02   3.926406e+01   1.836403e-01   4.220834e-01  -2.344873e-01  -2.583813e-01   6.935597e-02   1.247755e-01   1.001402e-01   4.418659e-01   4.288403e-01   6.242038e-01   1.811345e-02   6.112701e-02
   103  -9.662452e-01  -9.853217e-01   3.966147e-02   3.277429e+01   1.834350e-01   4.195081e-01  -1.846567e-01  -2.088577e-01   7.161799e-02   8.343684e-02   9.833756e-02   4.677652e-01   4.550086e-01   6.445619e-01   1.473019e-02   5.782984e-02
   104  -9.272157e-01  -9.462922e-01   4.323503e-02   2.738898e+01   1.831518e-01   4.169283e-01  -1.339421e-01  -1.585596e-01   7.376638e-02   5.501032e-02   9.665320e-02   4.931264e-01   4.806309e-01   6.638974e-01   1.196953e-02   5.470049e-02
   105  -8.881862e-01  -9.072626e-01   4.714426e-02   2.291380e+01   1.827724e-01   4.143258e-01  -8.210685e-02  -1.072516e-01   7.579851e-02   3.571625e-02   9.509349e-02   5.179685e-01   5.057251e-01   6.821866e-01   9.718832e-03   5.173795e-02
   106  -8.491566e-01  -8.682331e-01   5.142149e-02   1.917555e+01   1.823066e-01   4.116918e-01  -2.891863e-02  -5.469900e-02   7.771330e-02   2.281332e-02   9.366594e-02   5.423115e-01   5.303105e-01   6.994197e-01   7.885745e-03   4.893715e-02
   107  -8.101271e-01  -8.292035e-01   5.611883e-02   1.606080e+01   1.817203e-01   4.089920e-01   2.578291e-02  -7.071898e-04   7.951106e-02   1.434303e-02   9.233808e-02   5.661772e-01   5.544082e-01   7.155996e-01   6.393847e-03   4.629463e-02
   108  -7.710975e-01  -7.901740e-01   6.128051e-02   1.346124e+01   1.809861e-01   4.061537e-01   8.203779e-02   5.482056e-02   8.119333e-02   8.893195e-03   9.104088e-02   5.895879e-01   5.780402e-01   7.307399e-01   5.180661e-03   4.380410e-02
   109  -7.320680e-01  -7.511445e-01   6.693943e-02   1.128902e+01   1.800891e-01   4.031291e-01   1.396474e-01   1.117972e-01   8.276263e-02   5.465191e-03   8.960809e-02   6.125671e-01   6.012294e-01   7.448636e-01   4.194784e-03   4.145992e-02
   110  -6.930384e-01  -7.121149e-01   7.314610e-02   9.465757e+00   1.790556e-01   3.999510e-01   1.980566e-01   1.698332e-01   8.422234e-02   3.357951e-03   8.775351e-02   6.351387e-01   6.239995e-01   7.580011e-01   3.394181e-03   3.925559e-02
   111  -6.540089e-01  -6.730854e-01   7.997057e-02   7.939025e+00   1.778362e-01   3.965249e-01   2.563477e-01   2.281794e-01   8.557652e-02   2.086030e-03   8.513366e-02   6.573267e-01   6.463744e-01   7.701887e-01   2.744484e-03   3.718402e-02
   112  -6.149794e-01  -6.340558e-01   8.747321e-02   6.658945e+00   1.764135e-01   3.927777e-01   3.134028e-01   2.858115e-01   8.682971e-02   1.324566e-03   8.150436e-02   6.791556e-01   6.683783e-01   7.814674e-01   2.217562e-03   3.523883e-02
   113  -5.759498e-01  -5.950263e-01   9.571743e-02   5.584291e+00   1.747792e-01   3.886714e-01   3.682104e-01   3.416706e-01   8.798682e-02   8.655830e-04   7.689730e-02   7.006497e-01   6.900356e-01   7.918814e-01   1.790510e-03   3.341266e-02
   114  -5.369203e-01  -5.559967e-01   1.047382e-01   4.680001e+00   1.729409e-01   3.841559e-01   4.201160e-01   3.949382e-01   8.905301e-02   5.828942e-04   7.162121e-02   7.218331e-01   7.113706e-01   8.014771e-01   1.444617e-03   3.169878e-02
   115  -4.978907e-01  -5.169672e-01   1.146384e-01   3.918939e+00   1.708811e-01   3.791196e-01   4.688696e-01   4.451766e-01   9.003354e-02   4.033770e-04   6.608687e-02   7.427297e-01   7.324071e-01   8.103019e-01   1.164645e-03   3.009046e-02
   116  -4.588612e-01  -4.779377e-01   1.254928e-01   3.278775e+00   1.685790e-01   3.734668e-01   5.145239e-01   4.922964e-01   9.093373e-02   2.855927e-04   6.063917e-02   7.633627e-01   7.531687e-01   8.184036e-01   9.381908e-04   2.858087e-02
   117  -4.198316e-01  -4.389081e-01   1.373782e-01   2.739992e+00   1.660342e-01   3.671302e-01   5.572965e-01   5.364366e-01   9.175884e-02   2.059777e-04   5.549550e-02   7.837551e-01   7.736786e-01   8.258295e-01   7.551500e-04   2.716379e-02
   118  -3.808021e-01  -3.998786e-01   1.503722e-01   2.286421e+00   1.632438e-01   3.600082e-01   5.974696e-01   5.778474e-01   9.251402e-02   1.507853e-04   5.075761e-02   8.039290e-01   7.939592e-01   8.326262e-01   6.073106e-04   2.583304e-02
   119  -3.417726e-01  -3.608490e-01   1.645133e-01   1.904376e+00   1.602099e-01   3.519258e-01   6.353366e-01   6.168157e-01   9.320429e-02   1.117104e-04   4.645585e-02   8.239060e-01   8.140323e-01   8.388386e-01   4.879966e-04   2.458260e-02
   120  -3.027430e-01  -3.218195e-01   1.799145e-01   1.582826e+00   1.569287e-01   3.427050e-01   6.711752e-01   6.536254e-01   9.383445e-02   8.356214e-05   4.258167e-02   8.437066e-01   8.339191e-01   8.445100e-01   3.917798e-04   2.340699e-02
   121  -2.637135e-01  -2.827899e-01   1.966474e-01   1.312548e+00   1.534002e-01   3.322665e-01   7.052305e-01   6.885365e-01   9.440910e-02   6.300835e-05   3.910441e-02   8.633508e-01   8.536398e-01   8.496819e-01   3.142539e-04   2.230091e-02
   122  -2.246839e-01  -2.437604e-01   2.147524e-01   1.085408e+00   1.496164e-01   3.203960e-01   7.377196e-01   7.217788e-01   9.493262e-02   4.782296e-05   3.598708e-02   8.828575e-01   8.732137e-01   8.543935e-01   2.518425e-04   2.125929e-02
   123  -1.856544e-01  -2.047309e-01   2.343033e-01   8.948333e-01   1.455811e-01   3.069109e-01   7.688316e-01   7.535541e-01   9.540910e-02   3.649557e-05   3.319219e-02   9.022445e-01   8.926592e-01   8.586819e-01   2.016434e-04   2.027745e-02
   124  -1.466248e-01  -1.657013e-01   2.553058e-01   7.352375e-01   1.413162e-01   2.915419e-01   7.987299e-01   7.840380e-01   9.584241e-02   2.797883e-05   3.068239e-02   9.215290e-01   9.119938e-01   8.625817e-01   1.613033e-04   1.935110e-02
   125  -1.075953e-01  -1.266718e-01   2.778378e-01   6.019128e-01   1.368308e-01   2.741612e-01   8.275573e-01   8.133827e-01   9.623618e-02   2.153117e-05   2.842536e-02   9.407269e-01   9.312340e-01   8.661256e-01   1.289165e-04   1.847609e-02
   126  -6.856576e-02  -8.764224e-02   3.019176e-01   4.908403e-01   1.321306e-01   2.546756e-01   8.554378e-01   8.417212e-01   9.659376e-02   1.662226e-05   2.639078e-02   9.598531e-01   9.503953e-01   8.693438e-01   1.029393e-04   1.764865e-02
   127  -2.953622e-02  -4.861269e-02   3.275408e-01   3.985545e-01   1.272348e-01   2.330083e-01   8.824798e-01   8.691693e-01   9.691827e-02   1.286680e-05   2.455265e-02   9.789218e-01   9.694921e-01   8.722644e-01   8.212294e-05   1.686530e-02
   128   9.493326e-03  -9.583150e-03   3.546303e-01   3.221126e-01   1.221666e-01   2.090062e-01   9.087795e-01   8.958287e-01   9.721261e-02   9.981612e-06   2.288805e-02   9.979458e-01   9.885379e-01   8.749135e-01   6.545794e-05   1.612286e-02
   129   4.852287e-02   2.944639e-02   3.831959e-01   2.590391e-01   1.169427e-01   1.828770e-01   9.344201e-01   9.217890e-01   9.747945e-02   7.757765e-06   2.137642e-02   1.016937e+00   1.007545e+00   8.773151e-01   5.212914e-05   1.541835e-02
   130   8.755241e-02   6.847594e-02   4.131138e-01   2.071984e-01   1.115927e-01   1.549147e-01   9.594764e-01   9.471289e-01   9.772124e-02   6.038455e-06   2.000045e-02   1.035907e+00   1.026526e+00   8.794912e-01   4.147874e-05   1.474908e-02
   131   1.265820e-01   1.075055e-01   4.441351e-01   1.646620e-01   1.061074e-01   1.250129e-01   9.840145e-01   9.719187e-01   9.794025e-02   4.705927e-06   1.874463e-02   1.054866e+00   1.045490e+00   8.814623e-01   3.297645e-05   1.411258e-02
   132   1.656115e-01   1.465350e-01   4.762546e-01   1.300226e-01   1.005442e-01   9.489216e-02   1.008093e+00   9.962205e-01   9.813854e-02   3.671173e-06   1.759532e-02   1.073823e+00   1.064448e+00   8.832469e-01   2.619526e-05   1.350662e-02
   133   2.046410e-01   1.855646e-01   5.093160e-01   1.019818e-01   9.494817e-02   6.452635e-02   1.031764e+00   1.020089e+00   9.831802e-02   2.866238e-06   1.654091e-02   1.092787e+00   1.083408e+00   8.848622e-01   2.079168e-05   1.292917e-02
   134   2.436706e-01   2.245941e-01   5.430952e-01   7.941830e-02   8.935686e-02   3.449239e-02   1.055074e+00   1.043575e+00   9.848042e-02   2.239195e-06   1.557108e-02   1.111765e+00   1.102379e+00   8.863237e-01   1.648970e-05   1.237836e-02
   135   2.827001e-01   2.636236e-01   5.770487e-01   6.134501e-02   8.377661e-02   7.939351e-03   1.078064e+00   1.066721e+00   9.862732e-02   1.750179e-06   1.467673e-02   1.130764e+00   1.121368e+00   8.876458e-01   1.306773e-05   1.185250e-02
   136   3.217297e-01   3.026532e-01   6.111874e-01   4.696003e-02   7.825140e-02  -1.715627e-02   1.100773e+00   1.089567e+00   9.876016e-02   1.368472e-06   1.384996e-02   1.149791e+00   1.140382e+00   8.888415e-01   1.034807e-05   1.135007e-02
   137   3.607592e-01   3.416827e-01   6.452749e-01   3.564129e-02   7.284590e-02  -4.002978e-02   1.123234e+00   1.112149e+00   9.888027e-02   1.070301e-06   1.308388e-02   1.168852e+00   1.159426e+00   8.899225e-01   8.188402e-06   1.086967e-02
   138   3.997888e-01   3.807123e-01   6.785191e-01   2.678163e-02   6.756134e-02  -5.722696e-02   1.145476e+00   1.134497e+00   9.898885e-02   8.372487e-07   1.237241e-02   1.187951e+00   1.178506e+00   8.908996e-01   6.474809e-06   1.041003e-02
   139   4.388183e-01   4.197418e-01   7.111350e-01   1.991456e-02   6.244564e-02  -7.209977e-02   1.167526e+00   1.156641e+00   9.908698e-02   6.550135e-07   1.171019e-02   1.207093e+00   1.197627e+00   8.917828e-01   5.116239e-06   9.970013e-03
   140   4.778478e-01   4.587714e-01   7.423905e-01   1.465315e-02   5.753640e-02  -8.426382e-02   1.189408e+00   1.178604e+00   9.917565e-02   5.124686e-07   1.109251e-02   1.226282e+00   1.216793e+00   8.925808e-01   4.039975e-06   9.548554e-03
   141   5.168774e-01   4.978009e-01   7.723517e-01   1.065378e-02   5.284400e-02  -9.385667e-02   1.211143e+00   1.200411e+00   9.925576e-02   4.009452e-07   1.051522e-02   1.245521e+00   1.236008e+00   8.933019e-01   3.188003e-06   9.144696e-03
   142   5.559069e-01   5.368304e-01   8.003233e-01   7.656115e-03   4.840188e-02  -1.009420e-01   1.232752e+00   1.222082e+00   9.932813e-02   3.136790e-07   9.974682e-03   1.264814e+00   1.255275e+00   8.939532e-01   2.514076e-06   8.757556e-03
   143   5.949365e-01   5.758600e-01   8.264695e-01   5.435267e-03   4.422379e-02  -1.056885e-01   1.254250e+00   1.243634e+00   9.939350e-02   2.453879e-07   9.467681e-03   1.284163e+00   1.274596e+00   8.945415e-01   1.981371e-06   8.386327e-03
   144   6.339660e-01   6.148895e-01   8.504921e-01   3.807683e-03   4.031772e-02  -1.088715e-01   1.275654e+00   1.265084e+00   9.945254e-02   1.919444e-07   8.991358e-03   1.303569e+00   1.293974e+00   8.950729e-01   1.560590e-06   8.030264e-03
   145   6.729956e-01   6.539191e-01   8.721330e-01   2.634391e-03   3.669657e-02  -1.105475e-01   1.296978e+00   1.286447e+00   9.950586e-02   1.501214e-07   8.543180e-03   1.323036e+00   1.313412e+00   8.955527e-01   1.228443e-06   7.688683e-03
   146   7.120251e-01   6.929486e-01   8.915382e-01   1.799539e-03   3.335903e-02  -1.107006e-01   1.318233e+00   1.307735e+00   9.955400e-02   1.173941e-07   8.120897e-03   1.342564e+00   1.332910e+00   8.959860e-01   9.664354e-07   7.360947e-03
   147   7.510546e-01   7.319782e-01   9.086976e-01   1.213620e-03   3.030100e-02  -1.096016e-01   1.339431e+00   1.328961e+00   9.959747e-02   9.178688e-08   7.722506e-03   1.362154e+00   1.352470e+00   8.963772e-01   7.598893e-07   7.046469e-03
   148   7.900842e-01   7.710077e-01   9.236727e-01   8.081419e-04   2.751442e-02  -1.073294e-01   1.360581e+00   1.350135e+00   9.963672e-02   7.175307e-08   7.346219e-03   1.381808e+00   1.372092e+00   8.967304e-01   5.971671e-07   6.744700e-03
   149   8.291137e-01   8.100372e-01   9.365826e-01   5.318939e-04   2.498702e-02  -1.039309e-01   1.381693e+00   1.371265e+00   9.967214e-02   5.608192e-08   6.990438e-03   1.401524e+00   1.391778e+00   8.970493e-01   4.690492e-07   6.455132e-03
   150   8.681433e-01   8.490668e-01   9.475832e-01   3.462612e-04   2.270206e-02  -9.943171e-02   1.402774e+00   1.392361e+00   9.970413e-02   4.382541e-08   6.653728e-03   1.421304e+00   1.411527e+00   8.973371e-01   3.682366e-07   6.177289e-03
   151   9.071728e-01   8.880963e-01   9.568714e-01   2.231853e-04   2.064114e-02  -9.404393e-02   1.423830e+00   1.413429e+00   9.973300e-02   3.424126e-08   6.334803e-03   1.441148e+00   1.431339e+00   8.975970e-01   2.889559e-07   5.910724e-03
   152   9.462023e-01   9.271259e-01   9.646388e-01   1.425947e-04   1.878440e-02  -8.794553e-02   1.444868e+00   1.434476e+00   9.975905e-02   2.674822e-08   6.032503e-03   1.461054e+00   1.451215e+00   8.978315e-01   2.266431e-07   5.655021e-03
   153   9.852319e-01   9.661554e-01   9.710925e-01   9.041627e-05   1.711157e-02  -8.136243e-02   1.465893e+00   1.455508e+00   9.978257e-02   2.089123e-08   5.745780e-03   1.481022e+00   1.471152e+00   8.980432e-01   1.776933e-07   5.409787e-03
   154   1.024261e+00   1.005185e+00   9.764157e-01   5.696938e-05   1.560323e-02  -7.452766e-02   1.486908e+00   1.476528e+00   9.980380e-02   1.631403e-08   5.473688e-03   1.501050e+00   1.491151e+00   8.982342e-01   1.392611e-07   5.174656e-03
   155   1.063291e+00   1.044215e+00   9.807878e-01   3.571322e-05   1.424115e-02  -6.762386e-02   1.507918e+00   1.497540e+00   9.982296e-02   1.273773e-08   5.215369e-03   1.521137e+00   1.511210e+00   8.984066e-01   1.091019e-07   4.949284e-03
   156   1.102321e+00   1.083244e+00   9.843646e-01   2.229825e-05   1.300896e-02  -6.092894e-02   1.528926e+00   1.518549e+00   9.984025e-02   9.944075e-09   4.970043e-03   1.541281e+00   1.531326e+00   8.985622e-01   8.544645e-08   4.733347e-03
   157   1.141350e+00   1.122274e+00   9.872795e-01   1.388095e-05   1.189214e-02  -5.451516e-02   1.549932e+00   1.539556e+00   9.985585e-02   7.762254e-09   4.737006e-03   1.561480e+00   1.551498e+00   8.987027e-01   6.690099e-08   4.526544e-03
   158   1.180380e+00   1.161303e+00   9.896512e-01   8.623188e-06   1.087784e-02  -4.849635e-02   1.570939e+00   1.560562e+00   9.986993e-02   6.058637e-09   4.515616e-03   1.581730e+00   1.571723e+00   8.988294e-01   5.236820e-08   4.328594e-03
   159   1.219409e+00   1.200333e+00   9.915784e-01   5.349786e-06   9.955008e-03  -4.294272e-02   1.591946e+00   1.581569e+00   9.988264e-02   4.728692e-09   4.305291e-03   1.602028e+00   1.591998e+00   8.989438e-01   4.098476e-08   4.139235e-03
   160   1.258439e+00   1.239362e+00   9.931430e-01   3.316507e-06   9.114150e-03  -3.792859e-02   1.612954e+00   1.602577e+00   9.989411e-02   3.690668e-09   4.105504e-03   1.622370e+00   1.612318e+00   8.990470e-01   3.207180e-08   3.958227e-03
   161   1.297468e+00   1.278392e+00   9.944128e-01   2.055552e-06   8.346940e-03  -3.340413e-02   1.633961e+00   1.623585e+00   9.990446e-02   2.880645e-09   3.915778e-03   1.642750e+00   1.632679e+00   8.991401e-01   2.509583e-08   3.785350e-03
   162   1.336498e+00   1.317421e+00   9.954429e-01   1.274241e-06   7.646179e-03  -2.935475e-02   1.654965e+00   1.644590e+00   9.991379e-02   2.248658e-09   3.735686e-03   1.663163e+00   1.653076e+00   8.992241e-01   1.963783e-08   3.620407e-03
   163   1.375527e+00   1.356451e+00   9.962794e-01   7.902884e-07   7.005581e-03  -2.575270e-02   1.675961e+00   1.665590e+00   9.992222e-02   1.755658e-09   3.564844e-03   1.683601e+00   1.673502e+00   8.993000e-01   1.536888e-08   3.463221e-03
   164   1.414557e+00   1.395480e+00   9.969592e-01   4.904982e-07   6.419629e-03  -2.256227e-02   1.696946e+00   1.686580e+00   9.992982e-02   1.371134e-09   3.402911e-03   1.704057e+00   1.693950e+00   8.993684e-01   1.203090e-08   3.313642e-03
   165   1.453586e+00   1.434510e+00   9.975123e-01   3.047115e-07   5.883463e-03  -1.974382e-02   1.717912e+00   1.707555e+00   9.993668e-02   1.071255e-09   3.249591e-03   1.724520e+00   1.714409e+00   8.994301e-01   9.421532e-09   3.171544e-03
   166   1.492616e+00   1.473539e+00   9.979628e-01   1.894967e-07   5.392798e-03  -1.727147e-02   1.738852e+00   1.728508e+00   9.994287e-02   8.374095e-10   3.104627e-03   1.744979e+00   1.734870e+00   8.994858e-01   7.382153e-09   3.036826e-03
   167   1.531645e+00   1.512569e+00   9.983301e-01   1.179852e-07   4.943819e-03  -1.508657e-02   1.759755e+00   1.749429e+00   9.994845e-02   6.550663e-10   2.967804e-03   1.765420e+00   1.755320e+00   8.995361e-01   5.788506e-09   2.909419e-03
   168   1.570675e+00   1.551599e+00   9.986300e-01   7.355402e-08   4.533162e-03  -1.314925e-02   1.780609e+00   1.770307e+00   9.995349e-02   5.128842e-10   2.838950e-03   1.785827e+00   1.775744e+00   8.995814e-01   4.543288e-09   2.789282e-03
   169   1.609705e+00   1.590628e+00   9.988750e-01   4.591837e-08   4.157889e-03  -1.141379e-02   1.801399e+00   1.791128e+00   9.995804e-02   4.020127e-10   2.717933e-03   1.806180e+00   1.796123e+00   8.996223e-01   3.570345e-09   2.676409e-03
   170   1.648734e+00   1.629658e+00   9.990758e-01   2.870770e-08   3.815407e-03  -9.836302e-03   1.822106e+00   1.811876e+00   9.996214e-02   3.155471e-10   2.604664e-03   1.826458e+00   1.816438e+00   8.996593e-01   2.810095e-09   2.570826e-03
   171   1.687764e+00   1.668687e+00   9.992404e-01   1.797584e-08   3.503493e-03  -8.365762e-03   1.842709e+00   1.832530e+00   9.996584e-02   2.481020e-10   2.499095e-03   1.846634e+00   1.836664e+00   8.996926e-01   2.215945e-09   2.472596e-03
   172   1.726793e+00   1.707717e+00   9.993756e-01   1.127517e-08   3.220292e-03  -6.940882e-03   1.863182e+00   1.853066e+00   9.996918e-02   1.954778e-10   2.401224e-03   1.866679e+00   1.856773e+00   8.997226e-01   1.751473e-09   2.381818e-03
   173   1.765823e+00   1.746746e+00   9.994869e-01   7.085872e-09   2.964351e-03  -5.539555e-03   1.883496e+00   1.873458e+00   9.997219e-02   1.544008e-10   2.311088e-03   1.886558e+00   1.876733e+00   8.997498e-01   1.388219e-09   2.298627e-03
   174   1.804852e+00   1.785776e+00   9.995784e-01   4.463038e-09   2.734612e-03  -4.054769e-03   1.903616e+00   1.893672e+00   9.997491e-02   1.223191e-10   2.228765e-03   1.906233e+00   1.896507e+00   8.997742e-01   1.103951e-09   2.223193e-03
   175   1.843882e+00   1.824805e+00   9.996541e-01   2.818522e-09   2.530526e-03  -2.375292e-03   1.923503e+00   1.913673e+00   9.997737e-02   9.724416e-11   2.154374e-03   1.925660e+00   1.916055e+00   8.997963e-01   8.813113e-10   2.155716e-03
   176   1.882911e+00   1.863835e+00   9.997169e-01   1.785774e-09   2.352155e-03  -3.523991e-04   1.943115e+00   1.933420e+00   9.997958e-02   7.762550e-11   2.088102e-03   1.944793e+00   1.935332e+00   8.998162e-01   7.067493e-10   2.096427e-03
   177   1.921941e+00   1.902864e+00   9.997692e-01   1.136056e-09   2.200365e-03   2.218294e-03   1.962408e+00   1.952869e+00   9.998158e-02   6.224677e-11   2.030465e-03   1.963580e+00   1.954288e+00   8.998342e-01   5.696701e-10   2.045655e-03
   178   1.960970e+00   1.941894e+00   9.998131e-01   7.264238e-10   2.077165e-03   5.545698e-03   1.981353e+00   1.971984e+00   9.998338e-02   5.011703e-11   1.983917e-03   1.981978e+00   1.972877e+00   8.998504e-01   4.616107e-10   2.004644e-03
   179   2.000000e+00   1.980924e+00   9.998500e-01   4.662716e-10   1.991835e-03   8.184647e-03   2.000000e+00   1.990777e+00   9.998500e-02   4.034690e-11   1.957945e-03   2.000000e+00   1.991083e+00   8.998650e-01   3.749272e-10   1.980679e-03
