     i          log_r       log_rmid          m_tot        rho_tot         v2_tot            eta     lgr[heavy]    lgrm[heavy]       m[heavy]     rho[heavy]      v2[heavy]     lgr[light]    lgrm[light]       m[light]     rho[light]      v2[light]
     0  -4.786809e+00  -5.087839e+00   1.018380e-07   6.899571e+07   2.647062e-01            nan  -4.786809e+00  -5.087839e+00   9.998500e-08   6.878333e+07   2.633747e-01  -3.094733e+00  -3.395763e+00   8.998650e-07   5.193950e+03   4.787379e-01
     1  -4.748894e+00  -4.767438e+00   1.316680e-07   6.801051e+07   2.639444e-01            nan  -4.764207e+00  -4.775361e+00   1.166721e-07   6.793754e+07   2.633499e-01  -3.052510e+00  -3.073109e+00   1.050049e-06   2.559670e+03   4.457759e-01
     2  -4.710979e+00  -4.729523e+00   1.702925e-07   6.783780e+07   2.638858e-01            nan  -4.741615e+00  -4.752764e+00   1.361439e-07   6.784570e+07   2.633472e-01  -3.010867e+00  -3.031190e+00   1.225295e-06   2.267067e+03   4.396624e-01
     3  -4.673064e+00  -4.691608e+00   2.202910e-07   6.763363e+07   2.638312e-01            nan  -4.719028e+00  -4.730175e+00   1.588651e-07   6.774425e+07   2.633442e-01  -2.969762e+00  -2.989829e+00   1.429786e-06   2.013955e+03   4.335519e-01
     4  -4.635148e+00  -4.653692e+00   2.849816e-07   6.739523e+07   2.637802e-01            nan  -4.696441e+00  -4.707588e+00   1.853780e-07   6.763218e+07   2.633409e-01  -2.929166e+00  -2.948990e+00   1.668402e-06   1.794600e+03   4.273414e-01
     5  -4.597233e+00  -4.615777e+00   3.686390e-07   6.711737e+07   2.637321e-01            nan  -4.673852e+00  -4.685000e+00   2.163150e-07   6.750837e+07   2.633373e-01  -2.889046e+00  -2.908643e+00   1.946835e-06   1.603505e+03   4.212383e-01
     6  -4.559318e+00  -4.577862e+00   4.767595e-07   6.678816e+07   2.636864e-01            nan  -4.651256e+00  -4.662407e+00   2.524142e-07   6.737158e+07   2.633333e-01  -2.849382e+00  -2.868761e+00   2.271728e-06   1.436867e+03   4.151133e-01
     7  -4.521403e+00  -4.539947e+00   6.163585e-07   6.640229e+07   2.636423e-01            nan  -4.628650e+00  -4.639806e+00   2.945370e-07   6.722046e+07   2.633288e-01  -2.810144e+00  -2.829320e+00   2.650833e-06   1.290600e+03   4.091790e-01
     8  -4.483488e+00  -4.502032e+00   7.964414e-07   6.595253e+07   2.635994e-01            nan  -4.606031e+00  -4.617193e+00   3.436881e-07   6.705350e+07   2.633238e-01  -2.771311e+00  -2.790293e+00   3.093193e-06   1.162094e+03   4.033360e-01
     9  -4.445573e+00  -4.464117e+00   1.028505e-06   6.542070e+07   2.635569e-01            nan  -4.583395e+00  -4.594566e+00   4.010398e-07   6.686907e+07   2.633184e-01  -2.732857e+00  -2.751658e+00   3.609358e-06   1.048601e+03   3.976871e-01
    10  -4.407658e+00  -4.426202e+00   1.327027e-06   6.479881e+07   2.635142e-01            nan  -4.560738e+00  -4.571919e+00   4.679601e-07   6.666535e+07   2.633123e-01  -2.694760e+00  -2.713391e+00   4.211641e-06   9.481145e+02   3.922222e-01
    11  -4.369743e+00  -4.388286e+00   1.710484e-06   6.407765e+07   2.634706e-01            nan  -4.538057e+00  -4.549250e+00   5.460446e-07   6.644036e+07   2.633056e-01  -2.656997e+00  -2.675468e+00   4.914402e-06   8.588951e+02   3.869374e-01
    12  -4.331827e+00  -4.350371e+00   2.202191e-06   6.322835e+07   2.634252e-01            nan  -4.515347e+00  -4.526554e+00   6.371554e-07   6.619193e+07   2.632982e-01  -2.619545e+00  -2.637867e+00   5.734398e-06   7.793149e+02   3.819015e-01
    13  -4.293912e+00  -4.312456e+00   2.830721e-06   6.224513e+07   2.633772e-01            nan  -4.492605e+00  -4.503827e+00   7.434644e-07   6.591768e+07   2.632900e-01  -2.582386e+00  -2.600568e+00   6.691180e-06   7.083317e+02   3.770260e-01
    14  -4.255997e+00  -4.274541e+00   3.632557e-06   6.111490e+07   2.633260e-01            nan  -4.469825e+00  -4.481066e+00   8.675058e-07   6.561501e+07   2.632808e-01  -2.545493e+00  -2.563547e+00   7.807552e-06   6.446019e+02   3.724351e-01
    15  -4.218082e+00  -4.236626e+00   4.652074e-06   5.979642e+07   2.632700e-01            nan  -4.447004e+00  -4.458265e+00   1.012236e-06   6.528107e+07   2.632708e-01  -2.508850e+00  -2.526785e+00   9.110122e-06   5.874280e+02   3.680340e-01
    16  -4.180167e+00  -4.198711e+00   5.942744e-06   5.829925e+07   2.632088e-01            nan  -4.424134e+00  -4.435418e+00   1.181103e-06   6.491278e+07   2.632596e-01  -2.472436e+00  -2.490261e+00   1.062993e-05   5.358991e+02   3.638862e-01
    17  -4.142252e+00  -4.160796e+00   7.571856e-06   5.658777e+07   2.631408e-01            nan  -4.401211e+00  -4.412522e+00   1.378130e-06   6.450677e+07   2.632472e-01  -2.436232e+00  -2.453957e+00   1.240317e-05   4.894149e+02   3.599585e-01
    18  -4.104337e+00  -4.122881e+00   9.613700e-06   5.465246e+07   2.630648e-01            nan  -4.378228e+00  -4.389568e+00   1.608010e-06   6.405938e+07   2.632335e-01  -2.400225e+00  -2.417856e+00   1.447209e-05   4.474088e+02   3.562402e-01
    19  -4.066421e+00  -4.084965e+00   1.216422e-05   5.249327e+07   2.629799e-01            nan  -4.355178e+00  -4.366550e+00   1.876216e-06   6.356668e+07   2.632183e-01  -2.364397e+00  -2.381942e+00   1.688595e-05   4.093513e+02   3.527476e-01
    20  -4.028506e+00  -4.047050e+00   1.532276e-05   5.007954e+07   2.628837e-01            nan  -4.332053e+00  -4.343462e+00   2.189133e-06   6.302441e+07   2.632015e-01  -2.328738e+00  -2.346202e+00   1.970220e-05   3.748847e+02   3.494233e-01
    21  -3.990591e+00  -4.009135e+00   1.921573e-05   4.744961e+07   2.627760e-01            nan  -4.308843e+00  -4.320293e+00   2.554206e-06   6.242799e+07   2.631829e-01  -2.293234e+00  -2.310624e+00   2.298786e-05   3.435589e+02   3.463086e-01
    22  -3.952676e+00  -3.971220e+00   2.395973e-05   4.457740e+07   2.626535e-01            nan  -4.285540e+00  -4.297035e+00   2.980121e-06   6.177252e+07   2.631622e-01  -2.257879e+00  -2.275197e+00   2.682109e-05   3.151311e+02   3.433263e-01
    23  -3.914761e+00  -3.933305e+00   2.971416e-05   4.151753e+07   2.625156e-01            nan  -4.262132e+00  -4.273678e+00   3.477003e-06   6.105278e+07   2.631394e-01  -2.222662e+00  -2.239914e+00   3.129303e-05   2.892416e+02   3.405180e-01
    24  -3.876846e+00  -3.895390e+00   3.659310e-05   3.830137e+07   2.623603e-01            nan  -4.238607e+00  -4.250210e+00   4.056664e-06   6.026324e+07   2.631140e-01  -2.187577e+00  -2.204765e+00   3.650997e-05   2.656914e+02   3.378197e-01
    25  -3.838931e+00  -3.857475e+00   4.475540e-05   3.494180e+07   2.621834e-01            nan  -4.214950e+00  -4.226617e+00   4.732872e-06   5.939810e+07   2.630859e-01  -2.152619e+00  -2.169746e+00   4.259585e-05   2.442274e+02   3.352367e-01
    26  -3.801016e+00  -3.819559e+00   5.434816e-05   3.154406e+07   2.619851e-01            nan  -4.191148e+00  -4.202886e+00   5.521683e-06   5.845125e+07   2.630548e-01  -2.117784e+00  -2.134852e+00   4.969515e-05   2.246669e+02   3.327310e-01
    27  -3.763100e+00  -3.781644e+00   6.546497e-05   2.816196e+07   2.617621e-01            nan  -4.167182e+00  -4.179000e+00   6.441814e-06   5.741642e+07   2.630203e-01  -2.083069e+00  -2.100079e+00   5.797633e-05   2.068251e+02   3.302852e-01
    28  -3.725185e+00  -3.743729e+00   7.816364e-05   2.481698e+07   2.615070e-01            nan  -4.143033e+00  -4.154939e+00   7.515084e-06   5.628716e+07   2.629821e-01  -2.048473e+00  -2.065427e+00   6.763576e-05   1.905413e+02   3.278760e-01
    29  -3.687270e+00  -3.705814e+00   9.254604e-05   2.160898e+07   2.612180e-01            nan  -4.118678e+00  -4.130685e+00   8.766923e-06   5.505699e+07   2.629397e-01  -2.013995e+00  -2.030892e+00   7.890231e-05   1.756739e+02   3.254751e-01
    30  -3.649355e+00  -3.667899e+00   1.086385e-04   1.859570e+07   2.608903e-01            nan  -4.094094e+00  -4.106212e+00   1.022697e-05   5.371947e+07   2.628926e-01  -1.979633e+00  -1.996474e+00   9.204273e-05   1.620836e+02   3.230703e-01
    31  -3.611440e+00  -3.629984e+00   1.264343e-04   1.581953e+07   2.605177e-01            nan  -4.069252e+00  -4.081495e+00   1.192976e-05   5.226840e+07   2.628404e-01  -1.945387e+00  -1.962173e+00   1.073678e-04   1.496579e+02   3.206315e-01
    32  -3.573525e+00  -3.592069e+00   1.459037e-04   1.331114e+07   2.600927e-01            nan  -4.044119e+00  -4.056504e+00   1.391553e-05   5.069796e+07   2.627823e-01  -1.911255e+00  -1.927986e+00   1.252398e-04   1.382768e+02   3.181575e-01
    33  -3.535610e+00  -3.554154e+00   1.670107e-04   1.108782e+07   2.596079e-01            nan  -4.018661e+00  -4.031203e+00   1.623115e-05   4.900299e+07   2.627178e-01  -1.877235e+00  -1.893912e+00   1.460803e-04   1.278483e+02   3.156239e-01
    34  -3.497694e+00  -3.516238e+00   1.897361e-04   9.153029e+06   2.590565e-01            nan  -3.992834e+00  -4.005555e+00   1.893121e-05   4.717925e+07   2.626459e-01  -1.843322e+00  -1.859947e+00   1.703808e-04   1.182698e+02   3.130420e-01
    35  -3.459779e+00  -3.478323e+00   2.136519e-04   7.491110e+06   2.584236e-01            nan  -3.966591e+00  -3.979514e+00   2.207926e-05   4.522378e+07   2.625658e-01  -1.809511e+00  -1.826087e+00   1.987134e-04   1.094650e+02   3.103981e-01
    36  -3.421864e+00  -3.440408e+00   2.388564e-04   6.081164e+06   2.576799e-01            nan  -3.939879e+00  -3.953030e+00   2.574932e-05   4.313526e+07   2.624763e-01  -1.775793e+00  -1.792325e+00   2.317439e-04   1.013481e+02   3.077160e-01
    37  -3.383949e+00  -3.402493e+00   2.655420e-04   4.911402e+06   2.568359e-01            nan  -3.912633e+00  -3.926042e+00   3.002750e-05   4.091453e+07   2.623761e-01  -1.742159e+00  -1.758651e+00   2.702475e-04   9.385594e+01   3.049948e-01
    38  -3.346034e+00  -3.364578e+00   2.935816e-04   3.951302e+06   2.559030e-01            nan  -3.884782e+00  -3.898485e+00   3.501400e-05   3.856508e+07   2.622637e-01  -1.708596e+00  -1.725053e+00   3.151260e-04   8.691949e+01   3.022661e-01
    39  -3.308119e+00  -3.326663e+00   3.221552e-04   3.163359e+06   2.547925e-01            nan  -3.856242e+00  -3.870278e+00   4.082538e-05   3.609360e+07   2.621371e-01  -1.675089e+00  -1.691519e+00   3.674284e-04   8.048782e+01   2.995388e-01
    40  -3.270204e+00  -3.288748e+00   3.525046e-04   2.528183e+06   2.535469e-01            nan  -3.826913e+00  -3.841330e+00   4.759714e-05   3.351060e+07   2.619939e-01  -1.641622e+00  -1.658033e+00   4.283742e-04   7.450932e+01   2.968412e-01
    41  -3.232289e+00  -3.250832e+00   3.834257e-04   2.017584e+06   2.521900e-01            nan  -3.796682e+00  -3.811534e+00   5.548679e-05   3.083100e+07   2.618312e-01  -1.608178e+00  -1.624578e+00   4.993811e-04   6.894455e+01   2.941853e-01
    42  -3.194373e+00  -3.212917e+00   4.158192e-04   1.609349e+06   2.505753e-01            nan  -3.765413e+00  -3.780766e+00   6.467734e-05   2.807469e+07   2.616451e-01  -1.574740e+00  -1.591137e+00   5.820960e-04   6.375878e+01   2.915810e-01
    43  -3.156458e+00  -3.175002e+00   4.492521e-04   1.283624e+06   2.489177e-01            nan  -3.732949e+00  -3.748878e+00   7.538125e-05   2.526695e+07   2.614308e-01  -1.541292e+00  -1.557694e+00   6.784313e-04   5.892265e+01   2.890345e-01
    44  -3.118543e+00  -3.137087e+00   4.840508e-04   1.025835e+06   2.469072e-01            nan  -3.699101e+00  -3.715695e+00   8.784517e-05   2.243869e+07   2.611819e-01  -1.507821e+00  -1.524234e+00   7.906065e-04   5.441546e+01   2.865244e-01
    45  -3.080628e+00  -3.099172e+00   5.201006e-04   8.199687e+05   2.449002e-01            nan  -3.663648e+00  -3.681013e+00   1.023551e-04   1.962638e+07   2.608897e-01  -1.474317e+00  -1.490746e+00   9.211963e-04   5.021479e+01   2.840486e-01
    46  -3.042713e+00  -3.061257e+00   5.579041e-04   6.580657e+05   2.425084e-01   4.385907e-01  -3.626327e+00  -3.644587e+00   1.192428e-04   1.687154e+07   2.605426e-01  -1.440774e+00  -1.457222e+00   1.073185e-03   4.630800e+01   2.815568e-01
    47  -3.004798e+00  -3.023342e+00   5.970000e-04   5.283206e+05   2.400944e-01   4.369975e-01  -3.586824e+00  -3.606126e+00   1.388921e-04   1.421952e+07   2.601247e-01  -1.407189e+00  -1.423657e+00   1.250029e-03   4.267740e+01   2.790343e-01
    48  -2.966883e+00  -2.985427e+00   6.385050e-04   4.261116e+05   2.373726e-01   4.361956e-01  -3.544771e+00  -3.565289e+00   1.617478e-04   1.171770e+07   2.596136e-01  -1.373564e+00  -1.390051e+00   1.455730e-03   3.931075e+01   2.764299e-01
    49  -2.928967e+00  -2.947511e+00   6.814207e-04   3.441921e+05   2.345845e-01   4.353571e-01  -3.499734e+00  -3.521669e+00   1.883238e-04   9.412659e+06   2.589778e-01  -1.339903e+00  -1.356407e+00   1.694914e-03   3.619254e+01   2.737170e-01
    50  -2.891052e+00  -2.909596e+00   7.272353e-04   2.789648e+05   2.316384e-01   4.350595e-01  -3.451215e+00  -3.474797e+00   2.192140e-04   7.346639e+06   2.581726e-01  -1.306213e+00  -1.322732e+00   1.972926e-03   3.330727e+01   2.708727e-01
    51  -2.853137e+00  -2.871681e+00   7.751556e-04   2.268585e+05   2.285438e-01   4.350939e-01  -3.398658e+00  -3.424142e+00   2.551039e-04   5.553270e+06   2.571339e-01  -1.272500e+00  -1.289029e+00   2.295935e-03   3.063966e+01   2.678707e-01
    52  -2.815222e+00  -2.833766e+00   8.261394e-04   1.847125e+05   2.254479e-01   4.353542e-01  -3.341473e+00  -3.369125e+00   2.967831e-04   4.053219e+06   2.557711e-01  -1.238767e+00  -1.255306e+00   2.671048e-03   2.817205e+01   2.647256e-01
    53  -2.777307e+00  -2.795851e+00   8.803238e-04   1.511788e+05   2.221637e-01   4.363190e-01  -3.279098e+00  -3.309167e+00   3.451610e-04   2.850534e+06   2.539588e-01  -1.205019e+00  -1.221566e+00   3.106449e-03   2.588928e+01   2.614269e-01
    54  -2.739392e+00  -2.757936e+00   9.379460e-04   1.237434e+05   2.189435e-01   4.373537e-01  -3.211103e+00  -3.243771e+00   4.012824e-04   1.930857e+06   2.515323e-01  -1.171255e+00  -1.187809e+00   3.611542e-03   2.377543e+01   2.579922e-01
    55  -2.701477e+00  -2.720021e+00   9.994683e-04   1.017489e+05   2.156416e-01   4.389544e-01  -3.137341e+00  -3.172658e+00   4.663463e-04   1.262619e+06   2.482941e-01  -1.137471e+00  -1.154035e+00   4.197117e-03   2.181544e+01   2.544447e-01
    56  -2.663562e+00  -2.682105e+00   1.065410e-03   8.373964e+04   2.123823e-01   4.407438e-01  -3.058126e+00  -3.095930e+00   5.417261e-04   8.017245e+05   2.440475e-01  -1.103662e+00  -1.120238e+00   4.875535e-03   1.999651e+01   2.507929e-01
    57  -2.625646e+00  -2.644190e+00   1.135752e-03   6.906942e+04   2.091729e-01   4.428198e-01  -2.974333e+00  -3.014212e+00   6.289911e-04   4.989535e+05   2.386628e-01  -1.069815e+00  -1.086409e+00   5.660920e-03   1.830520e+01   2.470834e-01
    58  -2.587731e+00  -2.606275e+00   1.211793e-03   5.708541e+04   2.060154e-01   4.450834e-01  -2.887334e+00  -2.928659e+00   7.299314e-04   3.078377e+05   2.321626e-01  -1.035917e+00  -1.052535e+00   6.569382e-03   1.673122e+01   2.433322e-01
    59  -2.549816e+00  -2.568360e+00   1.293099e-03   4.721723e+04   2.029486e-01   4.476082e-01  -2.798730e+00  -2.840777e+00   8.465830e-04   1.903535e+05   2.247694e-01  -1.001954e+00  -1.018603e+00   7.619247e-03   1.526563e+01   2.395532e-01
    60  -2.511901e+00  -2.530445e+00   1.380970e-03   3.914511e+04   2.000125e-01   4.501325e-01  -2.710004e+00  -2.752105e+00   9.812558e-04   1.189418e+05   2.168713e-01  -9.679050e-01  -9.845957e-01   8.831303e-03   1.389938e+01   2.357915e-01
    61  -2.473986e+00  -2.492530e+00   1.475522e-03   3.245745e+04   1.971476e-01   4.530054e-01  -2.622274e+00  -2.663927e+00   1.136562e-03   7.544215e+04   2.089160e-01  -9.337534e-01  -9.504936e-01   1.022906e-02   1.262656e+01   2.320481e-01
    62  -2.436071e+00  -2.454615e+00   1.577502e-03   2.696709e+04   1.945174e-01   4.555622e-01  -2.536230e+00  -2.577124e+00   1.315444e-03   4.864214e+04   2.012987e-01  -8.994821e-01  -9.162798e-01   1.183900e-02   1.144204e+01   2.283220e-01
    63  -2.398156e+00  -2.416700e+00   1.687879e-03   2.240949e+04   1.919569e-01   4.584468e-01  -2.452202e+00  -2.492187e+00   1.521208e-03   3.186401e+04   1.943000e-01  -8.650739e-01  -8.819373e-01   1.369088e-02   1.034062e+01   2.246380e-01
    64  -2.360240e+00  -2.378784e+00   1.806733e-03   1.864457e+04   1.896429e-01   4.609974e-01  -2.370284e+00  -2.409314e+00   1.757548e-03   2.117818e+04   1.880757e-01  -8.305156e-01  -8.474511e-01   1.581793e-02   9.318881e+00   2.209822e-01
    65  -2.322325e+00  -2.340869e+00   1.935918e-03   1.551902e+04   1.874368e-01   4.636624e-01  -2.290441e+00  -2.328530e+00   2.028572e-03   1.426109e+04   1.826773e-01  -7.957977e-01  -8.128098e-01   1.825715e-02   8.373586e+00   2.173381e-01
    66  -2.284410e+00  -2.302954e+00   2.074951e-03   1.292827e+04   1.854615e-01   4.660012e-01  -2.212594e+00  -2.249775e+00   2.338830e-03   9.718436e+03   1.780797e-01  -7.609139e-01  -7.780056e-01   2.104947e-02   7.501413e+00   2.137038e-01
    67  -2.246495e+00  -2.265039e+00   2.226467e-03   1.077577e+04   1.836281e-01   4.682592e-01  -2.136665e+00  -2.172972e+00   2.693323e-03   6.697362e+03   1.742042e-01  -7.258619e-01  -7.430344e-01   2.423991e-02   6.699229e+00   2.100695e-01
    68  -2.208580e+00  -2.227124e+00   2.389635e-03   8.988243e+03   1.820013e-01   4.701966e-01  -2.062599e+00  -2.098055e+00   3.097518e-03   4.665799e+03   1.709344e-01  -6.906436e-01  -7.078958e-01   2.787766e-02   5.963989e+00   2.064165e-01
    69  -2.170665e+00  -2.189209e+00   2.567724e-03   7.501740e+03   1.805315e-01   4.719218e-01  -1.990371e+00  -2.024985e+00   3.557342e-03   3.285708e+03   1.681278e-01  -6.552649e-01  -6.725941e-01   3.201608e-02   5.292493e+00   2.027274e-01
    70  -2.132750e+00  -2.151294e+00   2.759813e-03   6.265942e+03   1.792432e-01   4.732934e-01  -1.919976e+00  -1.953749e+00   4.079169e-03   2.338955e+03   1.656270e-01  -6.197351e-01  -6.371368e-01   3.671252e-02   4.681339e+00   1.990014e-01
    71  -2.094834e+00  -2.113378e+00   2.969661e-03   5.237303e+03   1.781044e-01   4.743743e-01  -1.851419e+00  -1.884346e+00   4.669785e-03   1.682969e+03   1.632747e-01  -5.840656e-01  -6.015343e-01   4.202806e-02   4.127041e+00   1.952328e-01
    72  -2.056919e+00  -2.075463e+00   3.196553e-03   4.381510e+03   1.771206e-01   4.750755e-01  -1.784692e+00  -1.816775e+00   5.336336e-03   1.223609e+03   1.609333e-01  -5.482711e-01  -5.657997e-01   4.802703e-02   3.626123e+00   1.914127e-01
    73  -2.019004e+00  -2.037548e+00   3.444561e-03   3.668356e+03   1.762603e-01   4.754630e-01  -1.719759e+00  -1.751013e+00   6.086254e-03   8.982131e+02   1.585081e-01  -5.123682e-01  -5.299487e-01   5.477629e-02   3.175106e+00   1.875331e-01
    74  -1.981089e+00  -1.999633e+00   3.713571e-03   3.074658e+03   1.755212e-01   4.754830e-01  -1.656544e+00  -1.687002e+00   6.927149e-03   6.648310e+02   1.559659e-01  -4.763764e-01  -4.939996e-01   6.234434e-02   2.770533e+00   1.835920e-01
    75  -1.943174e+00  -1.961718e+00   4.007702e-03   2.579099e+03   1.748719e-01   4.752054e-01  -1.594917e+00  -1.624638e+00   7.866679e-03   4.952659e+02   1.533426e-01  -4.403164e-01  -4.579723e-01   7.080011e-02   2.408960e+00   1.795936e-01
    76  -1.905259e+00  -1.923803e+00   4.327998e-03   2.166239e+03   1.742958e-01   4.746457e-01  -1.534703e+00  -1.563767e+00   8.912390e-03   3.705150e+02   1.507317e-01  -4.042117e-01  -4.218890e-01   8.021151e-02   2.087093e+00   1.755313e-01
    77  -1.867344e+00  -1.885888e+00   4.678174e-03   1.820836e+03   1.737829e-01   4.738235e-01  -1.475699e+00  -1.504200e+00   1.007152e-02   2.777358e+02   1.482564e-01  -3.680881e-01  -3.857744e-01   9.064369e-02   1.801737e+00   1.713990e-01
    78  -1.829429e+00  -1.847972e+00   5.061200e-03   1.532690e+03   1.732796e-01   4.729721e-01  -1.417695e+00  -1.445729e+00   1.135078e-02   2.081991e+02   1.460290e-01  -3.319740e-01  -3.496558e-01   1.021570e-01   1.549803e+00   1.671907e-01
    79  -1.791513e+00  -1.810057e+00   5.479749e-03   1.291105e+03   1.728170e-01   4.719749e-01  -1.360517e+00  -1.388166e+00   1.275612e-02   1.558945e+02   1.441066e-01  -2.958998e-01  -3.135624e-01   1.148050e-01   1.328303e+00   1.629117e-01
    80  -1.753598e+00  -1.772142e+00   5.939634e-03   1.088803e+03   1.723329e-01   4.711620e-01  -1.304055e+00  -1.331369e+00   1.429243e-02   1.165783e+02   1.424570e-01  -2.598982e-01  -2.775260e-01   1.286319e-01   1.134392e+00   1.585597e-01
    81  -1.715683e+00  -1.734227e+00   6.442322e-03   9.188285e+02   1.718613e-01   4.704598e-01  -1.248290e+00  -1.275278e+00   1.596333e-02   8.713819e+01   1.409550e-01  -2.240041e-01  -2.415804e-01   1.436700e-01   9.653761e-01   1.541317e-01
    82  -1.677768e+00  -1.696312e+00   6.995551e-03   7.759461e+02   1.713925e-01   4.699941e-01  -1.193284e+00  -1.219917e+00   1.777087e-02   6.519482e+01   1.394253e-01  -1.882547e-01  -2.057616e-01   1.599378e-01   8.187091e-01   1.496255e-01
    83  -1.639853e+00  -1.658397e+00   7.601789e-03   6.554140e+02   1.709265e-01   4.699137e-01  -1.139145e+00  -1.165371e+00   1.971527e-02   4.888487e+01   1.377127e-01  -1.526884e-01  -1.701075e-01   1.774374e-01   6.919849e-01   1.450491e-01
    84  -1.601938e+00  -1.620482e+00   8.267379e-03   5.538362e+02   1.705113e-01   4.700436e-01  -1.085976e+00  -1.111747e+00   2.179475e-02   3.675558e+01   1.357373e-01  -1.173446e-01  -1.346570e-01   1.961527e-01   5.829629e-01   1.404081e-01
    85  -1.564023e+00  -1.582567e+00   8.998271e-03   4.677393e+02   1.701540e-01   4.705096e-01  -1.033839e+00  -1.059126e+00   2.400535e-02   2.770308e+01   1.335003e-01  -8.226405e-02  -9.945023e-02   2.160481e-01   4.895766e-01   1.357057e-01
    86  -1.526107e+00  -1.544651e+00   9.799758e-03   3.949050e+02   1.699120e-01   4.710100e-01  -9.827419e-01  -1.007539e+00   2.634082e-02   2.091130e+01   1.310545e-01  -4.748752e-02  -6.452778e-02   2.370673e-01   4.099191e-01   1.309509e-01
    87  -1.488192e+00  -1.506736e+00   1.067880e-02   3.333443e+02   1.697848e-01   4.715023e-01  -9.326389e-01  -9.569683e-01   2.879262e-02   1.578741e+01   1.284808e-01  -1.305450e-02  -2.992984e-02   2.591336e-01   3.422369e-01   1.261614e-01
    88  -1.450277e+00  -1.468821e+00   1.164115e-02   2.809195e+02   1.698779e-01   4.714722e-01  -8.834417e-01  -9.073440e-01   3.134998e-02   1.190335e+01   1.258640e-01   2.099591e-02   4.304332e-03   2.821498e-01   2.849601e-01   1.213464e-01
    89  -1.412362e+00  -1.430906e+00   1.269603e-02   2.366883e+02   1.701314e-01   4.709574e-01  -8.350337e-01  -8.585636e-01   3.400006e-02   8.949899e+00   1.232842e-01   5.462647e-02   3.813664e-02   3.060005e-01   2.366691e-01   1.165221e-01
    90  -1.374447e+00  -1.392991e+00   1.384839e-02   1.993158e+02   1.705663e-01   4.696789e-01  -7.872831e-01  -8.105025e-01   3.672816e-02   6.701530e+00   1.208016e-01   8.780298e-02   7.153145e-02   3.305535e-01   1.960935e-01   1.117094e-01
    91  -1.336532e+00  -1.355076e+00   1.510834e-02   1.676869e+02   1.712088e-01   4.673145e-01  -7.400563e-01  -7.630281e-01   3.951809e-02   4.991993e+00   1.184541e-01   1.204933e-01   1.044556e-01   3.556628e-01   1.621190e-01   1.069214e-01
    92  -1.298617e+00  -1.317161e+00   1.648886e-02   1.411430e+02   1.719365e-01   4.641521e-01  -6.932288e-01  -7.160117e-01   4.235249e-02   3.696409e+00   1.162537e-01   1.526700e-01   1.368796e-01   3.811724e-01   1.337542e-01   1.021833e-01
    93  -1.260702e+00  -1.279245e+00   1.799603e-02   1.188531e+02   1.727344e-01   4.601385e-01  -6.466895e-01  -6.693361e-01   4.521329e-02   2.719327e+00   1.141905e-01   1.843087e-01   1.687774e-01   4.069196e-01   1.101446e-01   9.750991e-02
    94  -1.222786e+00  -1.241330e+00   1.964637e-02   1.001401e+02   1.735201e-01   4.557117e-01  -6.003453e-01  -6.228995e-01   4.808216e-02   1.987005e+00   1.122424e-01   2.153899e-01   2.001273e-01   4.327394e-01   9.054373e-02   9.292196e-02
    95  -1.184871e+00  -1.203415e+00   2.145857e-02   8.448689e+01   1.742264e-01   4.510253e-01  -5.541173e-01  -5.766165e-01   5.094094e-02   1.441819e+00   1.103783e-01   2.458981e-01   2.309118e-01   4.584685e-01   7.431166e-02   8.843568e-02
    96  -1.146956e+00  -1.165500e+00   2.344585e-02   7.138007e+01   1.748260e-01   4.462146e-01  -5.079344e-01  -5.304123e-01   5.377208e-02   1.038729e+00   1.085675e-01   2.758221e-01   2.611178e-01   4.839488e-01   6.089962e-02   8.406695e-02
    97  -1.109041e+00  -1.127585e+00   2.562768e-02   6.036406e+01   1.752304e-01   4.420285e-01  -4.617266e-01  -4.842163e-01   5.655903e-02   7.427553e-01   1.067876e-01   3.051556e-01   2.907365e-01   5.090312e-01   4.984043e-02   7.982996e-02
    98  -1.071126e+00  -1.089670e+00   2.803106e-02   5.110590e+01   1.754866e-01   4.381560e-01  -4.154176e-01  -4.379551e-01   5.928652e-02   5.269250e-01   1.050268e-01   3.338959e-01   3.197634e-01   5.335787e-01   4.073893e-02   7.573564e-02
    99  -1.033211e+00  -1.051755e+00   3.068022e-02   4.330781e+01   1.755923e-01   4.346882e-01  -3.689135e-01  -3.915434e-01   6.194091e-02   3.705858e-01   1.032842e-01   3.620447e-01   3.481983e-01   5.574682e-01   3.326113e-02   7.179426e-02
   100  -9.952956e-01  -1.013840e+00   3.358918e-02   3.670850e+01   1.755431e-01   4.318611e-01  -3.220963e-01  -3.448743e-01   6.451030e-02   2.581271e-01   1.015679e-01   3.896070e-01   3.760445e-01   5.805927e-01   2.712741e-02   6.801188e-02
   101  -9.573805e-01  -9.759244e-01   3.679498e-02   3.110559e+01   1.753983e-01   4.296810e-01  -2.748287e-01  -2.978198e-01   6.698469e-02   1.778882e-01   9.989056e-02   4.165916e-01   4.033088e-01   6.028622e-01   2.210303e-02   6.439447e-02
   102  -9.194653e-01  -9.380093e-01   4.032800e-02   2.635356e+01   1.751774e-01   4.278455e-01  -2.269464e-01  -2.502280e-01   6.935597e-02   1.211376e-01   9.826514e-02   4.430096e-01   4.300014e-01   6.242038e-01   1.799308e-02   6.094357e-02
   103  -8.815502e-01  -9.000941e-01   4.422005e-02   2.231842e+01   1.748945e-01   4.262921e-01  -1.782561e-01  -2.019192e-01   7.161799e-02   8.139452e-02   9.670810e-02   4.688757e-01   4.561352e-01   6.445619e-01   1.463477e-02   5.766135e-02
   104  -8.436351e-01  -8.621790e-01   4.848740e-02   1.888334e+01   1.745818e-01   4.249187e-01  -1.285486e-01  -1.526915e-01   7.376638e-02   5.389534e-02   9.523585e-02   4.942059e-01   4.817254e-01   6.638974e-01   1.189394e-02   5.454550e-02
   105  -8.057199e-01  -8.242639e-01   5.317377e-02   1.595534e+01   1.742627e-01   4.234150e-01  -7.760204e-02  -1.023287e-01   7.579851e-02   3.512431e-02   9.386184e-02   5.190189e-01   5.067896e-01   6.821866e-01   9.658959e-03   5.159522e-02
   106  -7.678048e-01  -7.863487e-01   5.832009e-02   1.347085e+01   1.738985e-01   4.216043e-01  -2.519976e-02  -5.061102e-02   7.771330e-02   2.251073e-02   9.259498e-02   5.433344e-01   5.313468e-01   6.994197e-01   7.838348e-03   4.880557e-02
   107  -7.298897e-01  -7.484336e-01   6.396688e-02   1.136467e+01   1.734698e-01   4.193783e-01   2.881206e-02   2.645270e-03   7.951106e-02   1.419366e-02   9.140932e-02   5.671740e-01   5.554177e-01   7.155996e-01   6.356351e-03   4.617315e-02
   108  -6.919745e-01  -7.105185e-01   7.015790e-02   9.581210e+00   1.729449e-01   4.166058e-01   8.446804e-02   5.753100e-02   8.119333e-02   8.822157e-03   9.023828e-02   5.905599e-01   5.790244e-01   7.307399e-01   5.151014e-03   4.369184e-02
   109  -6.540594e-01  -6.726033e-01   7.691283e-02   8.071050e+00   1.722993e-01   4.131483e-01   1.415714e-01   1.139576e-01   8.276263e-02   5.431972e-03   8.892153e-02   6.135154e-01   6.021893e-01   7.448636e-01   4.171362e-03   4.135603e-02
   110  -6.161443e-01  -6.346882e-01   8.429994e-02   6.792687e+00   1.714954e-01   4.089809e-01   1.995702e-01   1.715383e-01   8.422234e-02   3.342109e-03   8.717748e-02   6.360643e-01   6.249362e-01   7.580011e-01   3.375690e-03   3.915935e-02
   111  -5.782291e-01  -5.967731e-01   9.238170e-02   5.714450e+00   1.704837e-01   4.042094e-01   2.575489e-01   2.295264e-01   8.557652e-02   2.077850e-03   8.466501e-02   6.582304e-01   6.472887e-01   7.701887e-01   2.729901e-03   3.709475e-02
   112  -5.403140e-01  -5.588579e-01   1.012184e-01   4.805144e+00   1.692348e-01   3.988413e-01   3.143828e-01   2.868949e-01   8.682971e-02   1.319808e-03   8.113620e-02   6.800381e-01   6.692711e-01   7.814674e-01   2.206070e-03   3.515594e-02
   113  -5.023989e-01  -5.209428e-01   1.108740e-01   4.038235e+00   1.677264e-01   3.928824e-01   3.690441e-01   3.425729e-01   8.798682e-02   8.625070e-04   7.661548e-02   7.015116e-01   6.909076e-01   7.918814e-01   1.781464e-03   3.333562e-02
   114  -4.644837e-01  -4.830277e-01   1.214039e-01   3.391249e+00   1.659474e-01   3.863502e-01   4.208574e-01   3.957230e-01   8.905301e-02   5.807753e-04   7.140685e-02   7.226750e-01   7.122222e-01   8.014771e-01   1.437504e-03   3.162709e-02
   115  -4.265686e-01  -4.451125e-01   1.328640e-01   2.844591e+00   1.639068e-01   3.792517e-01   4.695540e-01   4.458879e-01   9.003354e-02   4.018703e-04   6.592170e-02   7.435519e-01   7.332389e-01   8.103019e-01   1.159058e-03   3.002369e-02
   116  -3.886535e-01  -4.071974e-01   1.453487e-01   2.383224e+00   1.615868e-01   3.714926e-01   5.151730e-01   4.929622e-01   9.093373e-02   2.845024e-04   6.050895e-02   7.641658e-01   7.539812e-01   8.184036e-01   9.338076e-04   2.851863e-02
   117  -3.507383e-01  -3.692823e-01   1.589292e-01   1.993855e+00   1.589842e-01   3.629472e-01   5.579225e-01   5.370735e-01   9.175884e-02   2.051838e-04   5.538974e-02   7.845394e-01   7.744720e-01   8.258295e-01   7.517157e-04   2.710573e-02
   118  -3.128232e-01  -3.313671e-01   1.736759e-01   1.665266e+00   1.561042e-01   3.534966e-01   5.980797e-01   5.784650e-01   9.251402e-02   1.502030e-04   5.066935e-02   8.046948e-01   7.947340e-01   8.326262e-01   6.046230e-04   2.577883e-02
   119  -2.749081e-01  -2.934520e-01   1.896559e-01   1.388054e+00   1.529555e-01   3.430211e-01   6.359347e-01   6.174195e-01   9.320429e-02   1.112804e-04   4.638054e-02   8.246536e-01   8.147888e-01   8.388386e-01   4.858962e-04   2.453197e-02
   120  -2.369929e-01  -2.555369e-01   2.068869e-01   1.154225e+00   1.495491e-01   3.313188e-01   6.717637e-01   6.542186e-01   9.383445e-02   8.324268e-05   4.251639e-02   8.444363e-01   8.346575e-01   8.445100e-01   3.901404e-04   2.335966e-02
   121  -1.990778e-01  -2.176217e-01   2.254691e-01   9.572466e-01   1.458882e-01   3.181658e-01   7.058105e-01   6.891207e-01   9.440910e-02   6.277036e-05   3.904680e-02   8.640627e-01   8.543604e-01   8.496819e-01   3.129759e-04   2.225665e-02
   122  -1.611626e-01  -1.797066e-01   2.454511e-01   7.916124e-01   1.419796e-01   3.034423e-01   7.382916e-01   7.223546e-01   9.493262e-02   4.764476e-05   3.593577e-02   8.835519e-01   8.739166e-01   8.543935e-01   2.508476e-04   2.121789e-02
   123  -1.232475e-01  -1.417914e-01   2.668703e-01   6.525531e-01   1.378374e-01   2.870143e-01   7.693958e-01   7.541221e-01   9.540910e-02   3.636188e-05   3.314601e-02   9.029217e-01   8.933448e-01   8.586819e-01   2.008700e-04   2.023872e-02
   124  -8.533238e-02  -1.038763e-01   2.897169e-01   5.360301e-01   1.334740e-01   2.687026e-01   7.992862e-01   7.845981e-01   9.584241e-02   2.787818e-05   3.064058e-02   9.221890e-01   9.126622e-01   8.625817e-01   1.607028e-04   1.931485e-02
   125  -4.741725e-02  -6.596118e-02   3.140060e-01   4.386063e-01   1.289070e-01   2.481565e-01   8.281054e-01   8.139348e-01   9.623618e-02   2.145531e-05   2.838723e-02   9.413700e-01   9.318854e-01   8.661256e-01   1.284508e-04   1.844218e-02
   126  -9.502111e-03  -2.804605e-02   3.396759e-01   3.573200e-01   1.241401e-01   2.255265e-01   8.559774e-01   8.422650e-01   9.659376e-02   1.656495e-05   2.635589e-02   9.604795e-01   9.510299e-01   8.693438e-01   1.025787e-04   1.761692e-02
   127   2.841302e-02   9.869087e-03   3.667426e-01   2.897211e-01   1.191917e-01   2.007699e-01   8.830107e-01   8.697044e-01   9.691827e-02   1.282347e-05   2.452057e-02   9.795316e-01   9.701100e-01   8.722644e-01   8.184401e-05   1.683561e-02
   128   6.632816e-02   4.778422e-02   3.950863e-01   2.337528e-01   1.140979e-01   1.739544e-01   9.093013e-01   8.963549e-01   9.721261e-02   9.948826e-06   2.285849e-02   9.985393e-01   9.891395e-01   8.749135e-01   6.524246e-05   1.609508e-02
   129   1.042433e-01   8.569936e-02   4.246848e-01   1.876036e-01   1.088833e-01   1.456647e-01   9.349326e-01   9.223060e-01   9.747945e-02   7.732937e-06   2.134910e-02   1.017515e+00   1.008131e+00   8.773151e-01   5.196287e-05   1.539237e-02
   130   1.421584e-01   1.236145e-01   4.554210e-01   1.497106e-01   1.035784e-01   1.160498e-01   9.599791e-01   9.476364e-01   9.772124e-02   6.019651e-06   1.997515e-02   1.036469e+00   1.027095e+00   8.794912e-01   4.135059e-05   1.472479e-02
   131   1.800736e-01   1.615296e-01   4.871035e-01   1.187504e-01   9.821353e-02   8.598607e-02   9.845073e-01   9.724164e-01   9.794025e-02   4.691679e-06   1.872116e-02   1.055412e+00   1.046044e+00   8.814623e-01   3.287780e-05   1.408988e-02
   132   2.179887e-01   1.994448e-01   5.195239e-01   9.358968e-02   9.281894e-02   5.694075e-02   1.008575e+00   9.967081e-01   9.813854e-02   3.660376e-06   1.757354e-02   1.074353e+00   1.064986e+00   8.832469e-01   2.611940e-05   1.348542e-02
   133   2.559038e-01   2.373599e-01   5.523733e-01   7.317334e-02   8.739607e-02   2.782349e-02   1.032236e+00   1.020567e+00   9.831802e-02   2.858057e-06   1.652066e-02   1.093302e+00   1.083931e+00   8.848622e-01   2.073342e-05   1.290937e-02
   134   2.938190e-01   2.752750e-01   5.855611e-01   5.678373e-02   8.200992e-02   1.545476e-03   1.055535e+00   1.044042e+00   9.848042e-02   2.232997e-06   1.555225e-02   1.112265e+00   1.102887e+00   8.863237e-01   1.644499e-05   1.235987e-02
   135   3.317341e-01   3.131902e-01   6.188872e-01   4.372190e-02   7.670143e-02  -2.155530e-02   1.078516e+00   1.067177e+00   9.862732e-02   1.745483e-06   1.465922e-02   1.131249e+00   1.121861e+00   8.876458e-01   1.303346e-05   1.183526e-02
   136   3.696492e-01   3.511053e-01   6.517540e-01   3.337025e-02   7.149564e-02  -4.280629e-02   1.101214e+00   1.090013e+00   9.876016e-02   1.364916e-06   1.383367e-02   1.150262e+00   1.140860e+00   8.888415e-01   1.032184e-05   1.133399e-02
   137   4.075644e-01   3.890204e-01   6.840971e-01   2.521818e-02   6.640545e-02  -6.030601e-02   1.123663e+00   1.112584e+00   9.888027e-02   1.067608e-06   1.306873e-02   1.169308e+00   1.159890e+00   8.899225e-01   8.168333e-06   1.085468e-02
   138   4.454795e-01   4.269356e-01   7.156670e-01   1.888516e-02   6.149205e-02  -7.385816e-02   1.145894e+00   1.134921e+00   9.898885e-02   8.352103e-07   1.235832e-02   1.188393e+00   1.178956e+00   8.908996e-01   6.459474e-06   1.039607e-02
   139   4.833946e-01   4.648507e-01   7.458805e-01   1.398650e-02   5.675829e-02  -8.532635e-02   1.167933e+00   1.157053e+00   9.908698e-02   6.534711e-07   1.169708e-02   1.207522e+00   1.198063e+00   8.917828e-01   5.104532e-06   9.957018e-03
   140   5.213098e-01   5.027658e-01   7.748436e-01   1.025173e-02   5.224559e-02  -9.434447e-02   1.189804e+00   1.179006e+00   9.917565e-02   5.113019e-07   1.108032e-02   1.226697e+00   1.217215e+00   8.925808e-01   4.031048e-06   9.536464e-03
   141   5.592249e-01   5.406810e-01   8.019466e-01   7.426219e-03   4.796085e-02  -1.011960e-01   1.211529e+00   1.200802e+00   9.925576e-02   4.000630e-07   1.050389e-02   1.245923e+00   1.236417e+00   8.933019e-01   3.181201e-06   9.133454e-03
   142   5.971400e-01   5.785961e-01   8.272571e-01   5.320751e-03   4.393075e-02  -1.059373e-01   1.233127e+00   1.222462e+00   9.932813e-02   3.130122e-07   9.964158e-03   1.265203e+00   1.255670e+00   8.939532e-01   2.508899e-06   8.747109e-03
   143   6.350552e-01   6.165112e-01   8.505964e-01   3.763013e-03   4.015309e-02  -1.089869e-01   1.254615e+00   1.244003e+00   9.939350e-02   2.448841e-07   9.457907e-03   1.284539e+00   1.274979e+00   8.945415e-01   1.977434e-06   8.376625e-03
   144   6.729703e-01   6.544264e-01   8.716488e-01   2.630540e-03   3.664462e-02  -1.106099e-01   1.276008e+00   1.265443e+00   9.945254e-02   1.915640e-07   8.982285e-03   1.303934e+00   1.294345e+00   8.950729e-01   1.557599e-06   8.021260e-03
   145   7.108854e-01   6.923415e-01   8.906080e-01   1.817054e-03   3.340336e-02  -1.108188e-01   1.297321e+00   1.286795e+00   9.950586e-02   1.498343e-07   8.534763e-03   1.323388e+00   1.313770e+00   8.955527e-01   1.226173e-06   7.680331e-03
   146   7.488006e-01   7.302566e-01   9.074504e-01   1.239562e-03   3.042493e-02  -1.098342e-01   1.318566e+00   1.308073e+00   9.955400e-02   1.171775e-07   8.113092e-03   1.342904e+00   1.333256e+00   8.959860e-01   9.647140e-07   7.353206e-03
   147   7.867157e-01   7.681718e-01   9.222207e-01   8.357300e-04   2.770321e-02  -1.077117e-01   1.339753e+00   1.329289e+00   9.959747e-02   9.162355e-08   7.715273e-03   1.362483e+00   1.352804e+00   8.963772e-01   7.585851e-07   7.039298e-03
   148   8.246308e-01   8.060869e-01   9.350201e-01   5.572555e-04   2.522679e-02  -1.045123e-01   1.360894e+00   1.350452e+00   9.963672e-02   7.162999e-08   7.339520e-03   1.382125e+00   1.372415e+00   8.967304e-01   5.961800e-07   6.738063e-03
   149   8.625460e-01   8.440020e-01   9.459536e-01   3.677201e-04   2.298084e-02  -1.003048e-01   1.381996e+00   1.371573e+00   9.967214e-02   5.598922e-08   6.984238e-03   1.401830e+00   1.392089e+00   8.970493e-01   4.683027e-07   6.448993e-03
   150   9.004611e-01   8.819172e-01   9.552495e-01   2.403298e-04   2.094849e-02  -9.518827e-02   1.403067e+00   1.392659e+00   9.970413e-02   4.375563e-08   6.647993e-03   1.421600e+00   1.411828e+00   8.973371e-01   3.676727e-07   6.171614e-03
   151   9.383762e-01   9.198323e-01   9.630842e-01   1.557419e-04   1.911197e-02  -8.936912e-02   1.424113e+00   1.413717e+00   9.973300e-02   3.418877e-08   6.329502e-03   1.441433e+00   1.431629e+00   8.975970e-01   2.885302e-07   5.905483e-03
   152   9.762914e-01   9.577474e-01   9.696339e-01   1.001767e-04   1.745264e-02  -8.306009e-02   1.445142e+00   1.434755e+00   9.975905e-02   2.670877e-08   6.027608e-03   1.461329e+00   1.451495e+00   8.978315e-01   2.263221e-07   5.650184e-03
   153   1.014207e+00   9.956626e-01   9.750771e-01   6.403641e-05   1.595250e-02  -7.641725e-02   1.466157e+00   1.455777e+00   9.978257e-02   2.086160e-08   5.741264e-03   1.481286e+00   1.471422e+00   8.980432e-01   1.774516e-07   5.405328e-03
   154   1.052122e+00   1.033578e+00   9.795762e-01   4.072357e-05   1.459454e-02  -6.973861e-02   1.487164e+00   1.476788e+00   9.980380e-02   1.629179e-08   5.469525e-03   1.501305e+00   1.491411e+00   8.982342e-01   1.390792e-07   5.170550e-03
   155   1.090037e+00   1.071493e+00   9.832784e-01   2.579396e-05   1.336320e-02  -6.311860e-02   1.508165e+00   1.497791e+00   9.982296e-02   1.272106e-08   5.211535e-03   1.521383e+00   1.511460e+00   8.984066e-01   1.089652e-07   4.945506e-03
   156   1.127952e+00   1.109408e+00   9.863173e-01   1.628719e-05   1.224463e-02  -5.675341e-02   1.529163e+00   1.518791e+00   9.984025e-02   9.931593e-09   4.966517e-03   1.541518e+00   1.531567e+00   8.985622e-01   8.534393e-08   4.729876e-03
   157   1.165867e+00   1.147323e+00   9.888048e-01   1.026117e-05   1.122664e-02  -5.077193e-02   1.550161e+00   1.539789e+00   9.985585e-02   7.752919e-09   4.733768e-03   1.561707e+00   1.551730e+00   8.987027e-01   6.682418e-08   4.523360e-03
   158   1.203782e+00   1.185238e+00   9.908373e-01   6.454996e-06   1.029855e-02  -4.519636e-02   1.571160e+00   1.560787e+00   9.986993e-02   6.051667e-09   4.512647e-03   1.581948e+00   1.571946e+00   8.988294e-01   5.231076e-08   4.325678e-03
   159   1.241697e+00   1.223153e+00   9.924975e-01   4.056994e-06   9.451116e-03  -4.007193e-02   1.592159e+00   1.581786e+00   9.988264e-02   4.723497e-09   4.302575e-03   1.602237e+00   1.592211e+00   8.989438e-01   4.094189e-08   4.136570e-03
   160   1.279612e+00   1.261069e+00   9.938532e-01   2.548768e-06   8.676319e-03  -3.546026e-02   1.613158e+00   1.602786e+00   9.989411e-02   3.686804e-09   4.103026e-03   1.622570e+00   1.612523e+00   8.990470e-01   3.203989e-08   3.955798e-03
   161   1.317528e+00   1.298984e+00   9.949598e-01   1.601252e-06   7.967112e-03  -3.130678e-02   1.634157e+00   1.623785e+00   9.990446e-02   2.877780e-09   3.913524e-03   1.642942e+00   1.632876e+00   8.991401e-01   2.507214e-08   3.783143e-03
   162   1.355443e+00   1.336899e+00   9.958631e-01   1.006313e-06   7.317358e-03  -2.758609e-02   1.655153e+00   1.644782e+00   9.991379e-02   2.246540e-09   3.733643e-03   1.663347e+00   1.653264e+00   8.992241e-01   1.962031e-08   3.618409e-03
   163   1.393358e+00   1.374814e+00   9.966016e-01   6.327923e-07   6.721670e-03  -2.427037e-02   1.676141e+00   1.665774e+00   9.992222e-02   1.754099e-09   3.563002e-03   1.683777e+00   1.673682e+00   8.993000e-01   1.535598e-08   3.461422e-03
   164   1.431273e+00   1.412729e+00   9.972057e-01   3.982250e-07   6.175298e-03  -2.133166e-02   1.697118e+00   1.686756e+00   9.992982e-02   1.369994e-09   3.401260e-03   1.704225e+00   1.694121e+00   8.993684e-01   1.202147e-08   3.312033e-03
   165   1.469188e+00   1.450644e+00   9.977005e-01   2.508459e-07   5.674046e-03  -1.874260e-02   1.718076e+00   1.707723e+00   9.993668e-02   1.070426e-09   3.248124e-03   1.724680e+00   1.714573e+00   8.994301e-01   9.414682e-09   3.170115e-03
   166   1.507103e+00   1.488559e+00   9.981060e-01   1.581810e-07   5.214168e-03  -1.644529e-02   1.739008e+00   1.728668e+00   9.994287e-02   8.368127e-10   3.103337e-03   1.745131e+00   1.735026e+00   8.994858e-01   7.377230e-09   3.035572e-03
   167   1.545018e+00   1.526474e+00   9.984386e-01   9.986320e-08   4.792345e-03  -1.440307e-02   1.759903e+00   1.749581e+00   9.994845e-02   6.546423e-10   2.966687e-03   1.765563e+00   1.755467e+00   8.995361e-01   5.785017e-09   2.908335e-03
   168   1.582934e+00   1.564390e+00   9.987120e-01   6.312401e-08   4.405640e-03  -1.257691e-02   1.780748e+00   1.770450e+00   9.995349e-02   5.125883e-10   2.838003e-03   1.785961e+00   1.775882e+00   8.995814e-01   4.540863e-09   2.788365e-03
   169   1.620849e+00   1.602305e+00   9.989361e-01   3.995349e-08   4.051461e-03  -1.092842e-02   1.801529e+00   1.791263e+00   9.995804e-02   4.018115e-10   2.717154e-03   1.806306e+00   1.796253e+00   8.996223e-01   3.568707e-09   2.675657e-03
   170   1.658764e+00   1.640220e+00   9.991205e-01   2.532349e-08   3.727550e-03  -9.441777e-03   1.822227e+00   1.812001e+00   9.996214e-02   3.154157e-10   2.604053e-03   1.826574e+00   1.816558e+00   8.996593e-01   2.809036e-09   2.570240e-03
   171   1.696679e+00   1.678135e+00   9.992728e-01   1.607487e-08   3.431944e-03  -8.054452e-03   1.842820e+00   1.832645e+00   9.996584e-02   2.480217e-10   2.498656e-03   1.846741e+00   1.836775e+00   8.996926e-01   2.215311e-09   2.472177e-03
   172   1.734594e+00   1.716050e+00   9.993987e-01   1.022090e-08   3.163008e-03  -6.718172e-03   1.863282e+00   1.853172e+00   9.996918e-02   1.954348e-10   2.400960e-03   1.866775e+00   1.856874e+00   8.997226e-01   1.751147e-09   2.381569e-03
   173   1.772509e+00   1.753965e+00   9.995030e-01   6.511120e-09   2.919569e-03  -5.339916e-03   1.883585e+00   1.873552e+00   9.997219e-02   1.543847e-10   2.311005e-03   1.886644e+00   1.876823e+00   8.997498e-01   1.388115e-09   2.298554e-03
   174   1.810424e+00   1.791880e+00   9.995897e-01   4.157014e-09   2.700826e-03  -3.799877e-03   1.903693e+00   1.893755e+00   9.997491e-02   1.223221e-10   2.228870e-03   1.906307e+00   1.896586e+00   8.997742e-01   1.104006e-09   2.223303e-03
   175   1.848339e+00   1.829796e+00   9.996617e-01   2.660943e-09   2.506307e-03  -2.112418e-03   1.923567e+00   1.913744e+00   9.997737e-02   9.726062e-11   2.154678e-03   1.925721e+00   1.916122e+00   8.997963e-01   8.814763e-10   2.156017e-03
   176   1.886255e+00   1.867711e+00   9.997218e-01   1.708700e-09   2.336140e-03  -1.020066e-04   1.943165e+00   1.933477e+00   9.997958e-02   7.765111e-11   2.088616e-03   1.944840e+00   1.935386e+00   8.998162e-01   7.069891e-10   2.096930e-03
   177   1.924170e+00   1.905626e+00   9.997720e-01   1.101554e-09   2.191195e-03   2.440961e-03   1.962442e+00   1.952911e+00   9.998158e-02   6.227830e-11   2.031206e-03   1.963613e+00   1.954328e+00   8.998342e-01   5.699583e-10   2.046372e-03
   178   1.962085e+00   1.943541e+00   9.998143e-01   7.136270e-10   2.073427e-03   5.697983e-03   1.981371e+00   1.972010e+00   9.998338e-02   5.015189e-11   1.984910e-03   1.981995e+00   1.972901e+00   8.998504e-01   4.619266e-10   2.005593e-03
   179   2.000000e+00   1.981456e+00   9.998500e-01   4.638911e-10   1.992226e-03   8.173018e-03   2.000000e+00   1.990785e+00   9.998500e-02   4.038351e-11   1.959204e-03   2.000000e+00   1.991091e+00   8.998650e-01   3.752563e-10   1.981878e-03
