     i          log_r       log_rmid          m_tot        rho_tot         v2_tot            eta     lgr[heavy]    lgrm[heavy]       m[heavy]     rho[heavy]      v2[heavy]     lgr[light]    lgrm[light]       m[light]     rho[light]      v2[light]
     0  -4.417417e+00  -4.718447e+00   1.020574e-07   5.399753e+06   3.258895e-01            nan  -4.417417e+00  -4.718447e+00   9.998500e-08   5.361759e+06   3.234036e-01  -3.153537e+00  -3.454567e+00   8.998650e-07   7.796700e+03   6.361027e-01
     1  -4.381566e+00  -4.399121e+00   1.304190e-07   5.363268e+06   3.250273e-01            nan  -4.394983e+00  -4.406055e+00   1.166721e-07   5.338580e+06   3.233998e-01  -3.121418e+00  -3.137181e+00   1.050049e-06   5.238287e+03   6.262959e-01
     2  -4.345714e+00  -4.363270e+00   1.666851e-07   5.357890e+06   3.249514e-01            nan  -4.372553e+00  -4.383623e+00   1.361439e-07   5.336067e+06   3.233994e-01  -3.089565e+00  -3.105200e+00   1.225295e-06   4.941650e+03   6.247444e-01
     3  -4.309863e+00  -4.327418e+00   2.130565e-07   5.351764e+06   3.248790e-01            nan  -4.350124e+00  -4.361194e+00   1.588651e-07   5.333287e+06   3.233989e-01  -3.057815e+00  -3.073400e+00   1.429786e-06   4.644309e+03   6.229829e-01
     4  -4.274011e+00  -4.291567e+00   2.723421e-07   5.344857e+06   3.248099e-01            nan  -4.327696e+00  -4.338765e+00   1.853780e-07   5.330210e+06   3.233984e-01  -3.026038e+00  -3.041636e+00   1.668402e-06   4.347873e+03   6.209864e-01
     5  -4.238160e+00  -4.255716e+00   3.481307e-07   5.336905e+06   3.247441e-01            nan  -4.305267e+00  -4.316337e+00   2.163150e-07   5.326806e+06   3.233978e-01  -2.994125e+00  -3.009788e+00   1.946835e-06   4.054102e+03   6.187270e-01
     6  -4.202308e+00  -4.219864e+00   4.449931e-07   5.327796e+06   3.246812e-01            nan  -4.282836e+00  -4.293907e+00   2.524142e-07   5.323039e+06   3.233972e-01  -2.961984e+00  -2.977757e+00   2.271728e-06   3.764823e+03   6.161729e-01
     7  -4.166457e+00  -4.184013e+00   5.687707e-07   5.317342e+06   3.246213e-01            nan  -4.260402e+00  -4.271475e+00   2.945370e-07   5.318869e+06   3.233965e-01  -2.929542e+00  -2.945460e+00   2.650833e-06   3.481864e+03   6.132867e-01
     8  -4.130605e+00  -4.148161e+00   7.268932e-07   5.305154e+06   3.245641e-01            nan  -4.237964e+00  -4.249038e+00   3.436881e-07   5.314256e+06   3.233957e-01  -2.896738e+00  -2.912830e+00   3.093193e-06   3.207207e+03   6.100378e-01
     9  -4.094754e+00  -4.112310e+00   9.288227e-07   5.291171e+06   3.245094e-01            nan  -4.215520e+00  -4.226597e+00   4.010398e-07   5.309150e+06   3.233949e-01  -2.863529e+00  -2.879816e+00   3.609358e-06   2.942814e+03   6.064075e-01
    10  -4.058902e+00  -4.076458e+00   1.186614e-06   5.274794e+06   3.244571e-01            nan  -4.193070e+00  -4.204150e+00   4.679601e-07   5.303500e+06   3.233939e-01  -2.829881e+00  -2.846379e+00   4.211641e-06   2.690124e+03   6.023543e-01
    11  -4.023051e+00  -4.040607e+00   1.515505e-06   5.255840e+06   3.244071e-01            nan  -4.170611e+00  -4.181695e+00   5.460446e-07   5.297249e+06   3.233929e-01  -2.795774e+00  -2.812493e+00   4.914402e-06   2.450308e+03   5.978238e-01
    12  -3.987199e+00  -4.004755e+00   1.934949e-06   5.233849e+06   3.243591e-01            nan  -4.148143e+00  -4.159232e+00   6.371554e-07   5.290332e+06   3.233917e-01  -2.761201e+00  -2.778144e+00   5.734398e-06   2.224801e+03   5.928408e-01
    13  -3.951348e+00  -3.968904e+00   2.469429e-06   5.208088e+06   3.243130e-01            nan  -4.125664e+00  -4.136758e+00   7.434644e-07   5.282679e+06   3.233904e-01  -2.726167e+00  -2.743331e+00   6.691180e-06   2.014195e+03   5.873660e-01
    14  -3.915496e+00  -3.933052e+00   3.149992e-06   5.178453e+06   3.242687e-01            nan  -4.103173e+00  -4.114273e+00   8.675058e-07   5.274213e+06   3.233890e-01  -2.690686e+00  -2.708064e+00   7.807552e-06   1.818795e+03   5.813526e-01
    15  -3.879645e+00  -3.897201e+00   4.015813e-06   5.143535e+06   3.242259e-01            nan  -4.080668e+00  -4.091775e+00   1.012236e-06   5.264847e+06   3.233874e-01  -2.654784e+00  -2.672364e+00   9.110122e-06   1.638928e+03   5.748805e-01
    16  -3.843793e+00  -3.861349e+00   5.115787e-06   5.103324e+06   3.241845e-01            nan  -4.058147e+00  -4.069261e+00   1.181103e-06   5.254489e+06   3.233856e-01  -2.618494e+00  -2.636260e+00   1.062993e-05   1.474235e+03   5.678752e-01
    17  -3.807942e+00  -3.825498e+00   6.512049e-06   5.056527e+06   3.241442e-01            nan  -4.035609e+00  -4.046732e+00   1.378130e-06   5.243034e+06   3.233836e-01  -2.581857e+00  -2.599789e+00   1.240317e-05   1.324355e+03   5.604378e-01
    18  -3.772090e+00  -3.789646e+00   8.280511e-06   5.002301e+06   3.241047e-01            nan  -4.013051e+00  -4.024183e+00   1.608010e-06   5.230369e+06   3.233814e-01  -2.544918e+00  -2.562995e+00   1.447209e-05   1.188590e+03   5.525417e-01
    19  -3.736239e+00  -3.753795e+00   1.051785e-05   4.939986e+06   3.240659e-01            nan  -3.990470e+00  -4.001614e+00   1.876216e-06   5.216367e+06   3.233790e-01  -2.507726e+00  -2.525924e+00   1.688595e-05   1.066129e+03   5.442673e-01
    20  -3.700387e+00  -3.717943e+00   1.334097e-05   4.867577e+06   3.240274e-01            nan  -3.967866e+00  -3.979021e+00   2.189133e-06   5.200891e+06   3.233763e-01  -2.470328e+00  -2.488624e+00   1.970220e-05   9.560530e+02   5.356394e-01
    21  -3.664536e+00  -3.682092e+00   1.689583e-05   4.785429e+06   3.239888e-01            nan  -3.945234e+00  -3.956402e+00   2.554206e-06   5.183791e+06   3.233732e-01  -2.432773e+00  -2.451144e+00   2.298786e-05   8.573733e+02   5.267345e-01
    22  -3.628684e+00  -3.646240e+00   2.135875e-05   4.690115e+06   3.239498e-01            nan  -3.922571e+00  -3.933755e+00   2.980121e-06   5.164900e+06   3.233699e-01  -2.395106e+00  -2.413531e+00   2.682109e-05   7.691043e+02   5.175878e-01
    23  -3.592833e+00  -3.610389e+00   2.694341e-05   4.583204e+06   3.239100e-01            nan  -3.899875e+00  -3.911075e+00   3.477003e-06   5.144037e+06   3.233662e-01  -2.357369e+00  -2.375828e+00   3.129303e-05   6.902372e+02   5.082969e-01
    24  -3.556981e+00  -3.574537e+00   3.390684e-05   4.460374e+06   3.238686e-01            nan  -3.877141e+00  -3.888359e+00   4.056664e-06   5.121005e+06   3.233620e-01  -2.319601e+00  -2.338075e+00   3.650997e-05   6.198733e+02   4.988611e-01
    25  -3.521130e+00  -3.538686e+00   4.255081e-05   4.324258e+06   3.238253e-01            nan  -3.854364e+00  -3.865603e+00   4.732872e-06   5.095588e+06   3.233574e-01  -2.281833e+00  -2.300307e+00   4.259585e-05   5.570536e+02   4.894237e-01
    26  -3.485278e+00  -3.502834e+00   5.322984e-05   4.169892e+06   3.237790e-01            nan  -3.831542e+00  -3.842803e+00   5.521683e-06   5.067549e+06   3.233523e-01  -2.244095e+00  -2.262554e+00   4.969515e-05   5.010612e+02   4.799118e-01
    27  -3.449427e+00  -3.466983e+00   6.635713e-05   4.001283e+06   3.237294e-01            nan  -3.808667e+00  -3.819954e+00   6.441814e-06   5.036633e+06   3.233466e-01  -2.206406e+00  -2.224842e+00   5.797633e-05   4.510129e+02   4.705294e-01
    28  -3.413575e+00  -3.431131e+00   8.237387e-05   3.813979e+06   3.236747e-01            nan  -3.785735e+00  -3.797049e+00   7.515084e-06   5.002564e+06   3.233402e-01  -2.168791e+00  -2.187192e+00   6.763576e-05   4.063983e+02   4.611161e-01
    29  -3.377724e+00  -3.395280e+00   1.018372e-04   3.612083e+06   3.236143e-01            nan  -3.762738e+00  -3.774084e+00   8.766923e-06   4.965041e+06   3.233331e-01  -2.131255e+00  -2.149618e+00   7.890231e-05   3.664224e+02   4.519363e-01
    30  -3.341872e+00  -3.359428e+00   1.252163e-04   3.395416e+06   3.235467e-01            nan  -3.739670e+00  -3.751051e+00   1.022697e-05   4.923741e+06   3.233252e-01  -2.093815e+00  -2.112132e+00   9.204273e-05   3.307064e+02   4.428170e-01
    31  -3.306021e+00  -3.323577e+00   1.531544e-04   3.164266e+06   3.234694e-01            nan  -3.716523e+00  -3.727942e+00   1.192976e-05   4.878317e+06   3.233163e-01  -2.056469e+00  -2.074740e+00   1.073678e-04   2.986530e+02   4.339368e-01
    32  -3.270169e+00  -3.287725e+00   1.862816e-04   2.924361e+06   3.233815e-01            nan  -3.693287e+00  -3.704749e+00   1.391553e-05   4.828398e+06   3.233064e-01  -2.019225e+00  -2.037448e+00   1.252398e-04   2.699233e+02   4.252011e-01
    33  -3.234318e+00  -3.251874e+00   2.250468e-04   2.677828e+06   3.232805e-01            nan  -3.669953e+00  -3.681463e+00   1.623115e-05   4.773589e+06   3.232953e-01  -1.982081e+00  -2.000256e+00   1.460803e-04   2.441040e+02   4.166808e-01
    34  -3.198466e+00  -3.216022e+00   2.700052e-04   2.425508e+06   3.231610e-01            nan  -3.646508e+00  -3.658072e+00   1.893121e-05   4.713471e+06   3.232829e-01  -1.945036e+00  -1.963164e+00   1.703808e-04   2.208854e+02   4.083608e-01
    35  -3.162615e+00  -3.180171e+00   3.216983e-04   2.175012e+06   3.230217e-01            nan  -3.622942e+00  -3.634565e+00   2.207926e-05   4.647605e+06   3.232690e-01  -1.908089e+00  -1.926170e+00   1.987134e-04   1.999877e+02   4.002298e-01
    36  -3.126763e+00  -3.144319e+00   3.804975e-04   1.930237e+06   3.228584e-01   4.800886e-01  -3.599239e+00  -3.610929e+00   2.574932e-05   4.575530e+06   3.232534e-01  -1.871234e+00  -1.889271e+00   2.317439e-04   1.811373e+02   3.923301e-01
    37  -3.090912e+00  -3.108468e+00   4.466477e-04   1.694903e+06   3.226501e-01   4.788212e-01  -3.575384e+00  -3.587148e+00   3.002750e-05   4.496774e+06   3.232358e-01  -1.834468e+00  -1.852462e+00   2.702475e-04   1.641443e+02   3.845950e-01
    38  -3.055060e+00  -3.072616e+00   5.202527e-04   1.472544e+06   3.223949e-01   4.772518e-01  -3.551358e+00  -3.563205e+00   3.501400e-05   4.410850e+06   3.232160e-01  -1.797781e+00  -1.815737e+00   3.151260e-04   1.487751e+02   3.771031e-01
    39  -3.019209e+00  -3.036765e+00   6.012850e-04   1.266126e+06   3.220860e-01   4.754387e-01  -3.527142e+00  -3.539082e+00   4.082538e-05   4.317270e+06   3.231936e-01  -1.761173e+00  -1.779092e+00   3.674284e-04   1.348982e+02   3.697551e-01
    40  -2.983357e+00  -3.000913e+00   6.896225e-04   1.077885e+06   3.217128e-01   4.733993e-01  -3.502714e+00  -3.514756e+00   4.759714e-05   4.215550e+06   3.231683e-01  -1.724632e+00  -1.742519e+00   4.283742e-04   1.223200e+02   3.626480e-01
    41  -2.947506e+00  -2.965062e+00   7.851105e-04   9.092113e+05   3.212634e-01   4.711223e-01  -3.478046e+00  -3.490205e+00   5.548679e-05   4.105223e+06   3.231397e-01  -1.688156e+00  -1.706011e+00   4.993811e-04   1.109454e+02   3.556685e-01
    42  -2.911654e+00  -2.929210e+00   8.876469e-04   7.606124e+05   3.207260e-01   4.685960e-01  -3.453112e+00  -3.465400e+00   6.467734e-05   3.985853e+06   3.231071e-01  -1.651732e+00  -1.669562e+00   5.820960e-04   1.006180e+02   3.489173e-01
    43  -2.875803e+00  -2.893359e+00   9.972726e-04   6.317461e+05   3.200918e-01   4.658188e-01  -3.427877e+00  -3.440311e+00   7.538125e-05   3.857050e+06   3.230700e-01  -1.615361e+00  -1.633166e+00   6.784313e-04   9.126492e+01   3.422818e-01
    44  -2.839951e+00  -2.857507e+00   1.112071e-03   5.212689e+05   3.193469e-01   4.627957e-01  -3.402304e+00  -3.414902e+00   8.784517e-05   3.718497e+06   3.230276e-01  -1.579029e+00  -1.596815e+00   7.906065e-04   8.276278e+01   3.358556e-01
    45  -2.804100e+00  -2.821656e+00   1.232194e-03   4.270820e+05   3.184232e-01   4.596327e-01  -3.376351e+00  -3.389134e+00   1.023551e-04   3.569965e+06   3.229790e-01  -1.542734e+00  -1.560502e+00   9.211963e-04   7.505234e+01   3.295374e-01
    46  -2.768248e+00  -2.785804e+00   1.359264e-03   3.486179e+05   3.173602e-01   4.562464e-01  -3.349969e+00  -3.362960e+00   1.192428e-04   3.411353e+06   3.229230e-01  -1.506467e+00  -1.524222e+00   1.073185e-03   6.803790e+01   3.234049e-01
    47  -2.732397e+00  -2.749953e+00   1.491204e-03   2.837461e+05   3.161858e-01   4.525563e-01  -3.323103e+00  -3.336328e+00   1.388921e-04   3.242711e+06   3.228582e-01  -1.470225e+00  -1.487968e+00   1.250029e-03   6.166888e+01   3.173768e-01
    48  -2.696545e+00  -2.714101e+00   1.626990e-03   2.299559e+05   3.147006e-01   4.489832e-01  -3.295688e+00  -3.309179e+00   1.617478e-04   3.064284e+06   3.227829e-01  -1.433999e+00  -1.451734e+00   1.455730e-03   5.587246e+01   3.115081e-01
    49  -2.660694e+00  -2.678250e+00   1.771262e-03   1.862152e+05   3.130849e-01   4.451780e-01  -3.267651e+00  -3.281443e+00   1.883238e-04   2.876547e+06   3.226949e-01  -1.397785e+00  -1.415514e+00   1.694914e-03   5.060370e+01   3.057440e-01
    50  -2.624842e+00  -2.642398e+00   1.915863e-03   1.505812e+05   3.112334e-01   4.413339e-01  -3.238906e+00  -3.253041e+00   2.192140e-04   2.680250e+06   3.225915e-01  -1.361576e+00  -1.379303e+00   1.972926e-03   4.580835e+01   3.001110e-01
    51  -2.588991e+00  -2.606547e+00   2.069915e-03   1.217596e+05   3.091172e-01   4.376086e-01  -3.209356e+00  -3.223880e+00   2.551039e-04   2.476456e+06   3.224690e-01  -1.325368e+00  -1.343095e+00   2.295935e-03   4.144542e+01   2.945870e-01
    52  -2.553139e+00  -2.570695e+00   2.225990e-03   9.845588e+04   3.068350e-01   4.337597e-01  -3.178885e+00  -3.193853e+00   2.967831e-04   2.266579e+06   3.223230e-01  -1.289156e+00  -1.306884e+00   2.671048e-03   3.747549e+01   2.891646e-01
    53  -2.517288e+00  -2.534844e+00   2.391295e-03   7.971666e+04   3.042044e-01   4.302896e-01  -3.147358e+00  -3.162835e+00   3.451610e-04   2.052416e+06   3.221474e-01  -1.252933e+00  -1.270667e+00   3.106449e-03   3.386059e+01   2.838597e-01
    54  -2.481436e+00  -2.498992e+00   2.559498e-03   6.458926e+04   3.014438e-01   4.267157e-01  -3.114621e+00  -3.130681e+00   4.012824e-04   1.836158e+06   3.219343e-01  -1.216698e+00  -1.234438e+00   3.611542e-03   3.057325e+01   2.786247e-01
    55  -2.445585e+00  -2.463141e+00   2.738293e-03   5.245358e+04   2.983435e-01   4.236117e-01  -3.080489e+00  -3.097219e+00   4.663463e-04   1.620387e+06   3.216732e-01  -1.180443e+00  -1.198192e+00   4.197117e-03   2.757844e+01   2.735139e-01
    56  -2.409734e+00  -2.427289e+00   2.920405e-03   4.265602e+04   2.950930e-01   4.205716e-01  -3.044747e+00  -3.062250e+00   5.417261e-04   1.408039e+06   3.213497e-01  -1.144165e+00  -1.161925e+00   4.875535e-03   2.485504e+01   2.684696e-01
    57  -2.373882e+00  -2.391438e+00   3.114805e-03   3.476981e+04   2.916131e-01   4.178760e-01  -3.007144e+00  -3.025539e+00   6.289911e-04   1.202333e+06   3.209443e-01  -1.107859e+00  -1.125633e+00   5.660920e-03   2.237655e+01   2.635191e-01
    58  -2.338031e+00  -2.355586e+00   3.314237e-03   2.840899e+04   2.879127e-01   4.155478e-01  -2.967388e+00  -2.986811e+00   7.299314e-04   1.006647e+06   3.204297e-01  -1.071523e+00  -1.089311e+00   6.569382e-03   2.012251e+01   2.586451e-01
    59  -2.302179e+00  -2.319735e+00   3.526136e-03   2.324540e+04   2.841565e-01   4.132752e-01  -2.925139e+00  -2.945750e+00   8.465830e-04   8.243451e+05   3.197680e-01  -1.035154e+00  -1.052958e+00   7.619247e-03   1.807427e+01   2.538264e-01
    60  -2.266328e+00  -2.283883e+00   3.747724e-03   1.908914e+04   2.801000e-01   4.117195e-01  -2.880011e+00  -2.901989e+00   9.812558e-04   6.585514e+05   3.189060e-01  -9.987468e-01  -1.016569e+00   8.831303e-03   1.621168e+01   2.490979e-01
    61  -2.230476e+00  -2.248032e+00   3.981451e-03   1.568046e+04   2.761461e-01   4.099267e-01  -2.831576e+00  -2.855119e+00   1.136562e-03   5.118831e+05   3.177690e-01  -9.623002e-01  -9.801413e-01   1.022906e-02   1.452051e+01   2.444223e-01
    62  -2.194625e+00  -2.212180e+00   4.228815e-03   1.293720e+04   2.718768e-01   4.090590e-01  -2.779378e+00  -2.804693e+00   1.315444e-03   3.861685e+05   3.162531e-01  -9.258120e-01  -9.436730e-01   1.183900e-02   1.298560e+01   2.398049e-01
    63  -2.158773e+00  -2.176329e+00   4.489561e-03   1.067838e+04   2.677137e-01   4.080099e-01  -2.722966e+00  -2.750257e+00   1.521208e-03   2.821976e+05   3.142164e-01  -8.892794e-01  -9.071617e-01   1.369088e-02   1.159313e+01   2.352515e-01
    64  -2.122922e+00  -2.140477e+00   4.766900e-03   8.837268e+03   2.634627e-01   4.074902e-01  -2.661955e+00  -2.691390e+00   1.757548e-03   1.995632e+05   3.114732e-01  -8.527024e-01  -8.706059e-01   1.581793e-02   1.033174e+01   2.307361e-01
    65  -2.087070e+00  -2.104626e+00   5.060563e-03   7.324633e+03   2.592344e-01   4.070932e-01  -2.596111e+00  -2.627786e+00   2.028572e-03   1.366602e+05   3.077968e-01  -8.160803e-01  -8.340054e-01   1.825715e-02   9.189846e+00   2.262689e-01
    66  -2.051219e+00  -2.068774e+00   5.373141e-03   6.078906e+03   2.550650e-01   4.069184e-01  -2.525465e+00  -2.559353e+00   2.338830e-03   9.088300e+04   3.029432e-01  -7.794126e-01  -7.973595e-01   2.104947e-02   8.157259e+00   2.218476e-01
    67  -2.015367e+00  -2.032923e+00   5.706205e-03   5.055255e+03   2.509042e-01   4.070106e-01  -2.450404e+00  -2.486315e+00   2.693323e-03   5.901049e+04   2.967048e-01  -7.427013e-01  -7.606692e-01   2.423991e-02   7.225097e+00   2.174515e-01
    68  -1.979516e+00  -1.997072e+00   6.061107e-03   4.206470e+03   2.468713e-01   4.071533e-01  -2.371704e+00  -2.409274e+00   3.097518e-03   3.768986e+04   2.889892e-01  -7.059491e-01  -7.239366e-01   2.787766e-02   6.384753e+00   2.130819e-01
    69  -1.943664e+00  -1.961220e+00   6.440206e-03   3.507115e+03   2.428846e-01   4.075558e-01  -2.290443e+00  -2.329175e+00   3.557342e-03   2.387959e+04   2.798908e-01  -6.691584e-01  -6.871643e-01   3.201608e-02   5.628256e+00   2.087423e-01
    70  -1.907813e+00  -1.925369e+00   6.845384e-03   2.925500e+03   2.390374e-01   4.079627e-01  -2.207822e+00  -2.247171e+00   4.079169e-03   1.512659e+04   2.697056e-01  -6.323343e-01  -6.503562e-01   3.671252e-02   4.948683e+00   2.044157e-01
    71  -1.871961e+00  -1.889517e+00   7.278515e-03   2.443526e+03   2.353053e-01   4.085145e-01  -2.124958e+00  -2.164417e+00   4.669785e-03   9.637892e+03   2.588658e-01  -5.954841e-01  -6.135185e-01   4.202806e-02   4.339574e+00   2.000879e-01
    72  -1.836110e+00  -1.853666e+00   7.742890e-03   2.042396e+03   2.317077e-01   4.090575e-01  -2.042740e+00  -2.081907e+00   5.336336e-03   6.199808e+03   2.478300e-01  -5.586150e-01  -5.766584e-01   4.802703e-02   3.794668e+00   1.957700e-01
    73  -1.800258e+00  -1.817814e+00   8.239599e-03   1.708483e+03   2.282635e-01   4.096818e-01  -1.961783e+00  -2.000378e+00   6.086254e-03   4.033524e+03   2.369868e-01  -5.217369e-01  -5.397846e-01   5.477629e-02   3.308468e+00   1.914482e-01
    74  -1.764407e+00  -1.781963e+00   8.773334e-03   1.430248e+03   2.249612e-01   4.102541e-01  -1.882456e+00  -1.920311e+00   6.927149e-03   2.654870e+03   2.266078e-01  -4.848624e-01  -5.029084e-01   6.234434e-02   2.875859e+00   1.871093e-01
    75  -1.728555e+00  -1.746111e+00   9.344852e-03   1.198036e+03   2.218240e-01   4.108843e-01  -1.804943e+00  -1.841972e+00   7.866679e-03   1.767020e+03   2.168480e-01  -4.480064e-01  -4.660435e-01   7.080011e-02   2.492067e+00   1.827445e-01
    76  -1.692704e+00  -1.710260e+00   9.959711e-03   1.004210e+03   2.188408e-01   4.114125e-01  -1.729305e+00  -1.765480e+00   8.912390e-03   1.188235e+03   2.077707e-01  -4.111849e-01  -4.292055e-01   8.021151e-02   2.152552e+00   1.783584e-01
    77  -1.656852e+00  -1.674408e+00   1.061923e-02   8.422002e+02   2.160226e-01   4.119866e-01  -1.655534e+00  -1.690855e+00   1.007152e-02   8.064933e+02   1.993774e-01  -3.744171e-01  -3.924120e-01   9.064369e-02   1.853226e+00   1.739389e-01
    78  -1.621001e+00  -1.638557e+00   1.132895e-02   7.067407e+02   2.133657e-01   4.124248e-01  -1.583583e+00  -1.618070e+00   1.135078e-02   5.519777e+02   1.916339e-01  -3.377253e-01  -3.556838e-01   1.021570e-01   1.590266e+00   1.694754e-01
    79  -1.585149e+00  -1.602705e+00   1.209177e-02   5.933975e+02   2.108695e-01   4.128915e-01  -1.513390e+00  -1.547070e+00   1.275612e-02   3.806130e+02   1.844887e-01  -3.011347e-01  -3.190448e-01   1.148050e-01   1.360100e+00   1.649609e-01
    80  -1.549298e+00  -1.566854e+00   1.291281e-02   4.984971e+02   2.085345e-01   4.132134e-01  -1.444889e+00  -1.477791e+00   1.429243e-02   2.642071e+02   1.778847e-01  -2.646718e-01  -2.825207e-01   1.286319e-01   1.159358e+00   1.604008e-01
    81  -1.513446e+00  -1.531002e+00   1.379703e-02   4.190115e+02   2.063547e-01   4.135353e-01  -1.378017e+00  -1.410167e+00   1.596333e-02   1.844997e+02   1.717654e-01  -2.283662e-01  -2.461397e-01   1.436700e-01   9.849723e-01   1.557878e-01
    82  -1.477595e+00  -1.495151e+00   1.474897e-02   3.523965e+02   2.043281e-01   4.137271e-01  -1.312714e+00  -1.344139e+00   1.777087e-02   1.295254e+02   1.660787e-01  -1.922503e-01  -2.099329e-01   1.599378e-01   8.340914e-01   1.511166e-01
    83  -1.441743e+00  -1.459299e+00   1.577605e-02   2.965330e+02   2.024513e-01   4.138796e-01  -1.248923e+00  -1.279648e+00   1.971527e-02   9.136035e+01   1.607780e-01  -1.563581e-01  -1.739335e-01   1.774374e-01   7.040673e-01   1.463896e-01
    84  -1.405892e+00  -1.423448e+00   1.688249e-02   2.496936e+02   2.007125e-01   4.139344e-01  -1.186591e+00  -1.216640e+00   2.179475e-02   6.470686e+01   1.558222e-01  -1.207248e-01  -1.381761e-01   1.961527e-01   5.924533e-01   1.416152e-01
    85  -1.370040e+00  -1.387596e+00   1.807798e-02   2.103485e+02   1.991180e-01   4.139027e-01  -1.125666e+00  -1.155061e+00   2.400535e-02   4.599203e+01   1.511765e-01  -8.538696e-02  -1.026966e-01   2.160481e-01   4.970342e-01   1.367940e-01
    86  -1.334189e+00  -1.351745e+00   1.936761e-02   1.773607e+02   1.976395e-01   4.138174e-01  -1.066095e+00  -1.094860e+00   2.634082e-02   3.278746e+01   1.468098e-01  -5.038214e-02  -6.753197e-02   2.370673e-01   4.157853e-01   1.319312e-01
    87  -1.298337e+00  -1.315893e+00   2.076212e-02   1.495885e+02   1.963000e-01   4.135943e-01  -1.007825e+00  -1.035983e+00   2.879262e-02   2.343008e+01   1.426950e-01  -1.574645e-02  -3.271910e-02   2.591336e-01   3.468533e-01   1.270457e-01
    88  -1.262486e+00  -1.280042e+00   2.226996e-02   1.263166e+02   1.950475e-01   4.133685e-01  -9.507975e-01  -9.783758e-01   3.134998e-02   1.677346e+01   1.388095e-01   1.848395e-02   1.705913e-03   2.821498e-01   2.885957e-01   1.221450e-01
    89  -1.226634e+00  -1.244190e+00   2.390040e-02   1.066663e+02   1.939290e-01   4.129504e-01  -8.949520e-01  -9.219777e-01   3.400006e-02   1.202237e+01   1.351329e-01   5.227437e-02   3.570771e-02   3.060005e-01   2.395350e-01   1.172433e-01
    90  -1.190783e+00  -1.208339e+00   2.566932e-02   9.018239e+01   1.928796e-01   4.125382e-01  -8.402221e-01  -8.667255e-01   3.672816e-02   8.621817e+00   1.316472e-01   8.559304e-02   6.925315e-02   3.305535e-01   1.983540e-01   1.123615e-01
    91  -1.154931e+00  -1.172487e+00   2.758030e-02   7.627638e+01   1.919259e-01   4.119942e-01  -7.865361e-01  -8.125501e-01   3.951809e-02   6.182537e+00   1.283369e-01   1.184099e-01   1.023114e-01   3.556628e-01   1.639036e-01   1.075115e-01
    92  -1.119080e+00  -1.136636e+00   2.965857e-02   6.456734e+01   1.910365e-01   4.113781e-01  -7.338151e-01  -7.593761e-01   4.235249e-02   4.429872e+00   1.251877e-01   1.506995e-01   1.348547e-01   3.811724e-01   1.351640e-01   1.027178e-01
    93  -1.083228e+00  -1.100784e+00   3.190860e-02   5.470660e+01   1.901934e-01   4.106859e-01  -6.819737e-01  -7.071213e-01   4.521329e-02   3.169280e+00   1.221874e-01   1.824391e-01   1.668592e-01   4.069196e-01   1.112591e-01   9.799450e-02
    94  -1.047377e+00  -1.064933e+00   3.435366e-02   4.636425e+01   1.894113e-01   4.098393e-01  -6.309186e-01  -6.556963e-01   4.808216e-02   2.262276e+00   1.193246e-01   2.136107e-01   1.983045e-01   4.327394e-01   9.142516e-02   9.336177e-02
    95  -1.011525e+00  -1.029081e+00   3.701570e-02   3.933979e+01   1.886354e-01   4.089395e-01  -5.805460e-01  -6.050023e-01   5.094094e-02   1.609827e+00   1.165894e-01   2.442000e-01   2.291746e-01   4.584685e-01   7.500915e-02   8.883522e-02
    96  -9.756738e-01  -9.932297e-01   3.989978e-02   3.338990e+01   1.878911e-01   4.079111e-01  -5.307451e-01  -5.549321e-01   5.377208e-02   1.141054e+00   1.139739e-01   2.741973e-01   2.594576e-01   4.839488e-01   6.145172e-02   8.443039e-02
    97  -9.398223e-01  -9.573782e-01   4.304681e-02   2.835991e+01   1.871393e-01   4.067567e-01  -4.813922e-01  -5.053680e-01   5.655903e-02   8.048305e-01   1.114707e-01   3.035970e-01   2.891459e-01   5.090312e-01   5.027762e-02   8.016086e-02
    98  -9.039708e-01  -9.215268e-01   4.647105e-02   2.411201e+01   1.863483e-01   4.055070e-01  -4.323503e-01  -4.561794e-01   5.928652e-02   5.643129e-01   1.090752e-01   3.323974e-01   3.182359e-01   5.335787e-01   4.108515e-02   7.603736e-02
    99  -8.681194e-01  -8.856753e-01   5.019509e-02   2.049737e+01   1.855591e-01   4.040811e-01  -3.834714e-01  -4.072235e-01   6.194091e-02   3.929154e-01   1.067832e-01   3.606009e-01   3.467281e-01   5.574682e-01   3.353538e-02   7.206963e-02
   100  -8.322679e-01  -8.498238e-01   5.426448e-02   1.743910e+01   1.846987e-01   4.025070e-01  -3.345891e-01  -3.583428e-01   6.451030e-02   2.713267e-01   1.045935e-01   3.882134e-01   3.746266e-01   5.805927e-01   2.734463e-02   6.826358e-02
   101  -7.964164e-01  -8.139723e-01   5.869430e-02   1.484690e+01   1.837586e-01   4.007870e-01  -2.855175e-01  -3.093606e-01   6.698469e-02   1.855682e-01   1.025092e-01   4.152441e-01   4.019390e-01   6.028622e-01   2.227510e-02   6.462476e-02
   102  -7.605649e-01  -7.781208e-01   6.352103e-02   1.263665e+01   1.827687e-01   3.988497e-01  -2.360571e-01  -2.600836e-01   6.935597e-02   1.255345e-01   1.005324e-01   4.417048e-01   4.286760e-01   6.242038e-01   1.812933e-02   6.115460e-02
   103  -7.247134e-01  -7.422693e-01   6.879819e-02   1.076109e+01   1.816605e-01   3.966941e-01  -1.859848e-01  -2.102997e-01   7.161799e-02   8.386514e-02   9.867136e-02   4.676104e-01   4.548508e-01   6.445619e-01   1.474267e-02   5.785492e-02
   104  -6.888619e-01  -7.064178e-01   7.455095e-02   9.167138e+00   1.804254e-01   3.943192e-01  -1.350610e-01  -1.597769e-01   7.376638e-02   5.524696e-02   9.693738e-02   4.929775e-01   4.804791e-01   6.638974e-01   1.197933e-02   5.472333e-02
   105  -6.530104e-01  -6.705663e-01   8.081576e-02   7.804891e+00   1.790975e-01   3.916576e-01  -8.304466e-02  -1.082745e-01   7.579851e-02   3.584434e-02   9.533539e-02   5.178250e-01   5.055789e-01   6.821866e-01   9.726533e-03   5.175878e-02
   106  -6.171589e-01  -6.347148e-01   8.766159e-02   6.645364e+00   1.776141e-01   3.886764e-01  -2.969941e-02  -5.555349e-02   7.771330e-02   2.288081e-02   9.387171e-02   5.421730e-01   5.301696e-01   6.994197e-01   7.891795e-03   4.895618e-02
   107  -5.813074e-01  -5.988633e-01   9.513703e-02   5.657441e+00   1.759651e-01   3.853486e-01   2.513773e-02  -1.415897e-03   7.951106e-02   1.437778e-02   9.251292e-02   5.660434e-01   5.542722e-01   7.155996e-01   6.398600e-03   4.631204e-02
   108  -5.454559e-01  -5.630118e-01   1.032540e-01   4.813136e+00   1.741688e-01   3.816275e-01   8.150894e-02   5.423731e-02   8.119333e-02   8.910672e-03   9.118896e-02   5.894585e-01   5.779087e-01   7.307399e-01   5.184394e-03   4.382004e-02
   109  -5.096044e-01  -5.271603e-01   1.121077e-01   4.091836e+00   1.722052e-01   3.774403e-01   1.392166e-01   1.113206e-01   8.276263e-02   5.473903e-03   8.973286e-02   6.124419e-01   6.011022e-01   7.448636e-01   4.197715e-03   4.147455e-02
   110  -4.737529e-01  -4.913088e-01   1.217564e-01   3.476289e+00   1.700480e-01   3.727300e-01   1.977060e-01   1.694452e-01   8.422234e-02   3.362338e-03   8.785742e-02   6.350173e-01   6.238763e-01   7.580011e-01   3.396481e-03   3.926902e-02
   111  -4.379015e-01  -4.554574e-01   1.322384e-01   2.950665e+00   1.676943e-01   3.674424e-01   2.560607e-01   2.278627e-01   8.557652e-02   2.088325e-03   8.521864e-02   6.572091e-01   6.462549e-01   7.701887e-01   2.746289e-03   3.719638e-02
   112  -4.020500e-01  -4.196059e-01   1.436038e-01   2.500676e+00   1.651695e-01   3.614501e-01   3.131639e-01   2.855501e-01   8.682971e-02   1.325841e-03   8.157248e-02   6.790416e-01   6.682625e-01   7.814674e-01   2.218976e-03   3.525021e-02
   113  -3.661985e-01  -3.837544e-01   1.559412e-01   2.116488e+00   1.624406e-01   3.547035e-01   3.680070e-01   3.414506e-01   8.798682e-02   8.663390e-04   7.695115e-02   7.005390e-01   6.899233e-01   7.918814e-01   1.791619e-03   3.342315e-02
   114  -3.303470e-01  -3.479029e-01   1.693106e-01   1.788555e+00   1.595022e-01   3.471000e-01   4.199385e-01   3.947485e-01   8.905301e-02   5.833679e-04   7.166369e-02   7.217257e-01   7.112615e-01   8.014771e-01   1.445485e-03   3.170847e-02
   115  -2.944955e-01  -3.120514e-01   1.837320e-01   1.508624e+00   1.563592e-01   3.385162e-01   4.687111e-01   4.450091e-01   9.003354e-02   4.036864e-04   6.612065e-02   7.426253e-01   7.323012e-01   8.103019e-01   1.165324e-03   3.009941e-02
   116  -2.586440e-01  -2.761999e-01   1.992778e-01   1.269637e+00   1.530264e-01   3.287594e-01   5.143797e-01   4.921454e-01   9.093373e-02   2.858012e-04   6.066640e-02   7.632613e-01   7.530659e-01   8.184036e-01   9.387213e-04   2.858915e-02
   117  -2.227925e-01  -2.403484e-01   2.160163e-01   1.066106e+00   1.494876e-01   3.177913e-01   5.571633e-01   5.362981e-01   9.175884e-02   2.061213e-04   5.551785e-02   7.836566e-01   7.735787e-01   8.258295e-01   7.555641e-04   2.717147e-02
   118  -1.869410e-01  -2.044969e-01   2.339874e-01   8.929571e-01   1.457449e-01   3.054865e-01   5.973453e-01   5.777189e-01   9.251402e-02   1.508860e-04   5.077625e-02   8.038333e-01   7.938621e-01   8.326262e-01   6.076336e-04   2.584015e-02
   119  -1.510895e-01  -1.686454e-01   2.531711e-01   7.457696e-01   1.418128e-01   2.915620e-01   6.352195e-01   6.166952e-01   9.320429e-02   1.117820e-04   4.647162e-02   8.238130e-01   8.139381e-01   8.388386e-01   4.882484e-04   2.458921e-02
   120  -1.152380e-01  -1.327939e-01   2.736515e-01   6.209210e-01   1.376969e-01   2.759330e-01   6.710642e-01   6.535116e-01   9.383445e-02   8.361364e-05   4.259515e-02   8.436163e-01   8.338275e-01   8.445100e-01   3.919757e-04   2.341313e-02
   121  -7.938653e-02  -9.694244e-02   2.954423e-01   5.152748e-01   1.333985e-01   2.585871e-01   7.051248e-01   6.884284e-01   9.440910e-02   6.304571e-05   3.911607e-02   8.632631e-01   8.535508e-01   8.496819e-01   3.144062e-04   2.230661e-02
   122  -4.353504e-02  -6.109094e-02   3.184873e-01   4.260575e-01   1.289310e-01   2.393033e-01   7.376185e-01   7.216755e-01   9.493262e-02   4.785029e-05   3.599725e-02   8.827722e-01   8.731272e-01   8.543935e-01   2.519607e-04   2.126459e-02
   123  -7.683549e-03  -2.523945e-02   3.428101e-01   3.509087e-01   1.243129e-01   2.180166e-01   7.687347e-01   7.534552e-01   9.540910e-02   3.651567e-05   3.320114e-02   9.021617e-01   8.925752e-01   8.586819e-01   2.017351e-04   2.028238e-02
   124   2.816794e-02   1.061204e-02   3.683891e-01   2.878144e-01   1.195525e-01   1.949426e-01   7.986367e-01   7.839430e-01   9.584241e-02   2.799369e-05   3.069032e-02   9.214486e-01   9.119122e-01   8.625817e-01   1.613744e-04   1.935569e-02
   125   6.401943e-02   4.646353e-02   3.951078e-01   2.350024e-01   1.146710e-01   1.699983e-01   8.274675e-01   8.132913e-01   9.623618e-02   2.154221e-05   2.843242e-02   9.406488e-01   9.311548e-01   8.661256e-01   1.289715e-04   1.848036e-02
   126   9.987093e-02   8.231502e-02   4.229419e-01   1.909637e-01   1.096871e-01   1.437439e-01   8.553512e-01   8.416331e-01   9.659376e-02   1.663048e-05   2.639710e-02   9.597773e-01   9.503183e-01   8.693438e-01   1.029818e-04   1.765263e-02
   127   1.357224e-01   1.181665e-01   4.517870e-01   1.543780e-01   1.046251e-01   1.161559e-01   8.823962e-01   8.690842e-01   9.691827e-02   1.287294e-05   2.455833e-02   9.788481e-01   9.694174e-01   8.722644e-01   8.215575e-05   1.686901e-02
   128   1.715739e-01   1.540180e-01   4.814827e-01   1.241222e-01   9.950807e-02   8.834892e-02   9.086987e-01   8.957465e-01   9.721261e-02   9.986211e-06   2.289318e-02   9.978743e-01   9.884654e-01   8.749135e-01   6.548325e-05   1.612631e-02
   129   2.074254e-01   1.898695e-01   5.119354e-01   9.921590e-02   9.436285e-02   6.089576e-02   9.343420e-01   9.217096e-01   9.747945e-02   7.761215e-06   2.138107e-02   1.016868e+00   1.007475e+00   8.773151e-01   5.214864e-05   1.542156e-02
   130   2.432769e-01   2.257210e-01   5.429481e-01   7.881360e-02   8.922223e-02   3.318566e-02   9.594008e-01   9.470521e-01   9.772124e-02   6.041046e-06   2.000467e-02   1.035840e+00   1.026458e+00   8.794912e-01   4.149374e-05   1.475207e-02
   131   2.791284e-01   2.615725e-01   5.741484e-01   6.218083e-02   8.409181e-02   9.062512e-03   9.839414e-01   9.718444e-01   9.794025e-02   4.707876e-06   1.874847e-02   1.054801e+00   1.045424e+00   8.814623e-01   3.298798e-05   1.411537e-02
   132   3.149799e-01   2.974240e-01   6.054631e-01   4.868144e-02   7.900508e-02  -1.449678e-02   1.008022e+00   9.961486e-01   9.813854e-02   3.672639e-06   1.759882e-02   1.073760e+00   1.064384e+00   8.832469e-01   2.620412e-05   1.350922e-02
   133   3.508314e-01   3.332755e-01   6.366971e-01   3.783147e-02   7.400653e-02  -3.517559e-02   1.031695e+00   1.020020e+00   9.831802e-02   2.867342e-06   1.654411e-02   1.092725e+00   1.083346e+00   8.848622e-01   2.079848e-05   1.293158e-02
   134   3.866829e-01   3.691270e-01   6.676550e-01   2.917266e-02   6.912243e-02  -5.203315e-02   1.055007e+00   1.043508e+00   9.848042e-02   2.240027e-06   1.557401e-02   1.111705e+00   1.102319e+00   8.863237e-01   1.649491e-05   1.238060e-02
   135   4.225344e-01   4.049785e-01   6.977731e-01   2.230093e-02   6.437294e-02  -6.728389e-02   1.078000e+00   1.066656e+00   9.862732e-02   1.750806e-06   1.467942e-02   1.130707e+00   1.121310e+00   8.876458e-01   1.307171e-05   1.185459e-02
   136   4.583858e-01   4.408299e-01   7.270627e-01   1.688578e-02   5.977134e-02  -7.972703e-02   1.100711e+00   1.089504e+00   9.876016e-02   1.368945e-06   1.385243e-02   1.149736e+00   1.140325e+00   8.888415e-01   1.035112e-05   1.135201e-02
   137   4.942373e-01   4.766814e-01   7.553484e-01   1.267360e-02   5.535900e-02  -8.879609e-02   1.123174e+00   1.112088e+00   9.888027e-02   1.070657e-06   1.308615e-02   1.168798e+00   1.159371e+00   8.899225e-01   8.190730e-06   1.087147e-02
   138   5.300888e-01   5.125329e-01   7.820488e-01   9.414001e-03   5.114046e-02  -9.636330e-02   1.145418e+00   1.134438e+00   9.898885e-02   8.375171e-07   1.237450e-02   1.187899e+00   1.178453e+00   8.908996e-01   6.476585e-06   1.041171e-02
   139   5.659403e-01   5.483844e-01   8.074522e-01   6.923172e-03   4.713870e-02  -1.022073e-01   1.167469e+00   1.156583e+00   9.908698e-02   6.552158e-07   1.171211e-02   1.207042e+00   1.197576e+00   8.917828e-01   5.117593e-06   9.971568e-03
   140   6.017918e-01   5.842359e-01   8.308802e-01   5.037756e-03   4.336282e-02  -1.064222e-01   1.189353e+00   1.178549e+00   9.917565e-02   5.126211e-07   1.109428e-02   1.226233e+00   1.216744e+00   8.925808e-01   4.041008e-06   9.549998e-03
   141   6.376433e-01   6.200874e-01   8.526799e-01   3.627127e-03   3.982185e-02  -1.091322e-01   1.211091e+00   1.200358e+00   9.925576e-02   4.010601e-07   1.051685e-02   1.245474e+00   1.235960e+00   8.933019e-01   3.188788e-06   9.146034e-03
   142   6.734948e-01   6.559389e-01   8.724617e-01   2.582348e-03   3.651813e-02  -1.105485e-01   1.232701e+00   1.222030e+00   9.932813e-02   3.137656e-07   9.976183e-03   1.264768e+00   1.255228e+00   8.939532e-01   2.514673e-06   8.758797e-03
   143   7.093463e-01   6.917904e-01   8.903332e-01   1.819591e-03   3.345546e-02  -1.107199e-01   1.254201e+00   1.243584e+00   9.939350e-02   2.454531e-07   9.469064e-03   1.284119e+00   1.274551e+00   8.945415e-01   1.981825e-06   8.387477e-03
   144   7.451978e-01   7.276419e-01   9.063559e-01   1.267753e-03   3.062817e-02  -1.098060e-01   1.275607e+00   1.265036e+00   9.945254e-02   1.919935e-07   8.992632e-03   1.303527e+00   1.293931e+00   8.950729e-01   1.560934e-06   8.031330e-03
   145   7.810493e-01   7.634934e-01   9.204638e-01   8.741112e-04   2.803145e-02  -1.078555e-01   1.296932e+00   1.286400e+00   9.950586e-02   1.501584e-07   8.544354e-03   1.322995e+00   1.313370e+00   8.955527e-01   1.228704e-06   7.689669e-03
   146   8.169008e-01   7.993449e-01   9.327758e-01   5.967946e-04   2.565552e-02  -1.049315e-01   1.318188e+00   1.307690e+00   9.955400e-02   1.174220e-07   8.121978e-03   1.342524e+00   1.332870e+00   8.959860e-01   9.666334e-07   7.361859e-03
   147   8.527523e-01   8.351964e-01   9.434715e-01   4.036597e-04   2.348802e-02  -1.011229e-01   1.339388e+00   1.328918e+00   9.959747e-02   9.180781e-08   7.723501e-03   1.362116e+00   1.352431e+00   8.963772e-01   7.600391e-07   7.047312e-03
   148   8.886037e-01   8.710478e-01   9.526687e-01   2.705909e-04   2.151574e-02  -9.648431e-02   1.360540e+00   1.350093e+00   9.963672e-02   7.176881e-08   7.347136e-03   1.381771e+00   1.372055e+00   8.967304e-01   5.972804e-07   6.745480e-03
   149   9.244552e-01   9.068993e-01   9.605122e-01   1.799498e-04   1.972320e-02  -9.116078e-02   1.381653e+00   1.371225e+00   9.967214e-02   5.609375e-08   6.991281e-03   1.401489e+00   1.391742e+00   8.970493e-01   4.691348e-07   6.455852e-03
   150   9.603067e-01   9.427508e-01   9.671541e-01   1.188558e-04   1.809467e-02  -8.532029e-02   1.402735e+00   1.392322e+00   9.970413e-02   4.383429e-08   6.654504e-03   1.421270e+00   1.411492e+00   8.973371e-01   3.683013e-07   6.177953e-03
   151   9.961582e-01   9.786023e-01   9.727150e-01   7.803781e-05   1.661451e-02  -7.916804e-02   1.423793e+00   1.413392e+00   9.973300e-02   3.424793e-08   6.335516e-03   1.441115e+00   1.431306e+00   8.975970e-01   2.890046e-07   5.911337e-03
   152   1.032010e+00   1.014454e+00   9.773716e-01   5.098349e-05   1.526803e-02  -7.284969e-02   1.444832e+00   1.434440e+00   9.975905e-02   2.675322e-08   6.033159e-03   1.461022e+00   1.451182e+00   8.978315e-01   2.266798e-07   5.655585e-03
   153   1.067861e+00   1.050305e+00   9.812538e-01   3.317315e-05   1.404149e-02  -6.655723e-02   1.465858e+00   1.455473e+00   9.978257e-02   2.089498e-08   5.746383e-03   1.480991e+00   1.471121e+00   8.980432e-01   1.777209e-07   5.410307e-03
   154   1.103713e+00   1.086157e+00   9.844842e-01   2.151551e-05   1.292246e-02  -6.040121e-02   1.486875e+00   1.476494e+00   9.980380e-02   1.631684e-08   5.474242e-03   1.501021e+00   1.491121e+00   8.982342e-01   1.392818e-07   5.175134e-03
   155   1.139564e+00   1.122008e+00   9.871624e-01   1.392024e-05   1.189986e-02  -5.454202e-02   1.507887e+00   1.497508e+00   9.982296e-02   1.273983e-08   5.215876e-03   1.521109e+00   1.511181e+00   8.984066e-01   1.091175e-07   4.949723e-03
   156   1.175416e+00   1.157860e+00   9.893801e-01   8.990259e-06   1.096392e-02  -4.897931e-02   1.528895e+00   1.518518e+00   9.984025e-02   9.945647e-09   4.970508e-03   1.541254e+00   1.531298e+00   8.985622e-01   8.545815e-08   4.733750e-03
   157   1.211267e+00   1.193711e+00   9.912148e-01   5.799277e-06   1.010599e-02  -4.385885e-02   1.549902e+00   1.539526e+00   9.985585e-02   7.763428e-09   4.737432e-03   1.561454e+00   1.551472e+00   8.987027e-01   6.690975e-08   4.526914e-03
   158   1.247119e+00   1.229563e+00   9.927293e-01   3.738371e-06   9.318436e-03  -3.913950e-02   1.570910e+00   1.560533e+00   9.986993e-02   6.059512e-09   4.516005e-03   1.581705e+00   1.571698e+00   8.988294e-01   5.237475e-08   4.328932e-03
   159   1.282970e+00   1.265414e+00   9.939776e-01   2.409186e-06   8.594653e-03  -3.482381e-02   1.591919e+00   1.581542e+00   9.988264e-02   4.729343e-09   4.305645e-03   1.602004e+00   1.591973e+00   8.989438e-01   4.098965e-08   4.139543e-03
   160   1.318822e+00   1.301266e+00   9.950051e-01   1.552626e-06   7.928894e-03  -3.096338e-02   1.612928e+00   1.602551e+00   9.989411e-02   3.691152e-09   4.105827e-03   1.622347e+00   1.612294e+00   8.990470e-01   3.207543e-08   3.958508e-03
   161   1.354673e+00   1.337117e+00   9.958544e-01   1.000915e-06   7.315993e-03  -2.747770e-02   1.633936e+00   1.623559e+00   9.990446e-02   2.881004e-09   3.916071e-03   1.642728e+00   1.632657e+00   8.991401e-01   2.509852e-08   3.785605e-03
   162   1.390525e+00   1.372969e+00   9.965576e-01   6.455821e-07   6.751420e-03  -2.434391e-02   1.654941e+00   1.644565e+00   9.991379e-02   2.248923e-09   3.735951e-03   1.663142e+00   1.653055e+00   8.992241e-01   1.963982e-08   3.620637e-03
   163   1.426376e+00   1.408820e+00   9.971402e-01   4.166894e-07   6.231187e-03  -2.156118e-02   1.675938e+00   1.665566e+00   9.992222e-02   1.755852e-09   3.565082e-03   1.683581e+00   1.673482e+00   8.993000e-01   1.537034e-08   3.463429e-03
   164   1.462228e+00   1.444672e+00   9.976228e-01   2.691751e-07   5.751670e-03  -1.907878e-02   1.696924e+00   1.686558e+00   9.992982e-02   1.371277e-09   3.403125e-03   1.704038e+00   1.693930e+00   8.993684e-01   1.203197e-08   3.313828e-03
   165   1.498079e+00   1.480523e+00   9.980202e-01   1.740434e-07   5.309652e-03  -1.685727e-02   1.717891e+00   1.707534e+00   9.993668e-02   1.071359e-09   3.249780e-03   1.724502e+00   1.714391e+00   8.994301e-01   9.422310e-09   3.171709e-03
   166   1.533931e+00   1.516375e+00   9.983497e-01   1.126453e-07   4.902272e-03  -1.487673e-02   1.738832e+00   1.728488e+00   9.994287e-02   8.374837e-10   3.104793e-03   1.744962e+00   1.734853e+00   8.994858e-01   7.382712e-09   3.036971e-03
   167   1.569782e+00   1.552226e+00   9.986240e-01   7.298441e-08   4.526961e-03  -1.311732e-02   1.759736e+00   1.749410e+00   9.994845e-02   6.551190e-10   2.967948e-03   1.765404e+00   1.755303e+00   8.995361e-01   5.788902e-09   2.909544e-03
   168   1.605634e+00   1.588078e+00   9.988523e-01   4.734442e-08   4.181488e-03  -1.151506e-02   1.780592e+00   1.770289e+00   9.995349e-02   5.129209e-10   2.839072e-03   1.785812e+00   1.775728e+00   8.995814e-01   4.543564e-09   2.789388e-03
   169   1.641485e+00   1.623929e+00   9.990422e-01   3.074931e-08   3.863811e-03  -1.003490e-02   1.801382e+00   1.791111e+00   9.995804e-02   4.020376e-10   2.718033e-03   1.806166e+00   1.796108e+00   8.996223e-01   3.570531e-09   2.676496e-03
   170   1.677337e+00   1.659781e+00   9.991995e-01   1.999672e-08   3.572167e-03  -8.693073e-03   1.822091e+00   1.811860e+00   9.996214e-02   3.155633e-10   2.604743e-03   1.826445e+00   1.816424e+00   8.996593e-01   2.810215e-09   2.570894e-03
   171   1.713188e+00   1.695632e+00   9.993311e-01   1.302213e-08   3.304998e-03  -7.423312e-03   1.842695e+00   1.832515e+00   9.996584e-02   2.481119e-10   2.499153e-03   1.846622e+00   1.836651e+00   8.996926e-01   2.216017e-09   2.472645e-03
   172   1.749040e+00   1.731484e+00   9.994414e-01   8.493807e-09   3.061235e-03  -6.120762e-03   1.863169e+00   1.853053e+00   9.996918e-02   1.954831e-10   2.401259e-03   1.866668e+00   1.856761e+00   8.997226e-01   1.751510e-09   2.381847e-03
   173   1.784891e+00   1.767335e+00   9.995338e-01   5.550071e-09   2.839949e-03  -4.765436e-03   1.883485e+00   1.873446e+00   9.997219e-02   1.544027e-10   2.311100e-03   1.886549e+00   1.876722e+00   8.997498e-01   1.388230e-09   2.298636e-03
   174   1.820743e+00   1.803187e+00   9.996108e-01   3.633911e-09   2.640400e-03  -3.353151e-03   1.903606e+00   1.893662e+00   9.997491e-02   1.223187e-10   2.228753e-03   1.906225e+00   1.896498e+00   8.997742e-01   1.103944e-09   2.223181e-03
   175   1.856594e+00   1.839038e+00   9.996756e-01   2.385010e-09   2.462261e-03  -1.740910e-03   1.923495e+00   1.913664e+00   9.997737e-02   9.724208e-11   2.154338e-03   1.925654e+00   1.916048e+00   8.997963e-01   8.812925e-10   2.155682e-03
   176   1.892446e+00   1.874890e+00   9.997305e-01   1.570030e-09   2.306053e-03   3.233953e-04   1.943109e+00   1.933413e+00   9.997958e-02   7.762229e-11   2.088040e-03   1.944787e+00   1.935326e+00   8.998162e-01   7.067220e-10   2.096371e-03
   177   1.928297e+00   1.910741e+00   9.997770e-01   1.037418e-09   2.172952e-03   2.907085e-03   1.962403e+00   1.952863e+00   9.998158e-02   6.224283e-11   2.030375e-03   1.963576e+00   1.954284e+00   8.998342e-01   5.696373e-10   2.045574e-03
   178   1.964149e+00   1.946593e+00   9.998164e-01   6.885505e-10   2.064358e-03   6.045333e-03   1.981351e+00   1.971980e+00   9.998338e-02   5.011267e-11   1.983795e-03   1.981976e+00   1.972874e+00   8.998504e-01   4.615747e-10   2.004537e-03
   179   2.000000e+00   1.982444e+00   9.998500e-01   4.581829e-10   1.989698e-03   8.236528e-03   2.000000e+00   1.990775e+00   9.998500e-02   4.034233e-11   1.957790e-03   2.000000e+00   1.991082e+00   8.998650e-01   3.748898e-10   1.980544e-03
