     i          log_r       log_rmid          m_tot        rho_tot         v2_tot            eta     lgr[heavy]    lgrm[heavy]       m[heavy]     rho[heavy]      v2[heavy]     lgr[light]    lgrm[light]       m[light]     rho[light]      v2[light]
     0  -4.764592e+00  -5.065622e+00   1.030041e-07   5.933088e+07   3.662504e-01            nan  -4.764592e+00  -5.065622e+00   9.998500e-08   5.899728e+07   3.630253e-01  -3.186745e+00  -3.487775e+00   8.998650e-07   9.806951e+03   6.817716e-01
     1  -4.726801e+00  -4.745286e+00   1.330039e-07   5.863259e+07   3.644442e-01            nan  -4.742068e+00  -4.753184e+00   1.166721e-07   5.848890e+07   3.630124e-01  -3.143999e+00  -3.164846e+00   1.050049e-06   4.764864e+03   6.388689e-01
     2  -4.689010e+00  -4.707494e+00   1.718191e-07   5.852079e+07   3.643112e-01            nan  -4.719551e+00  -4.730663e+00   1.361439e-07   5.843379e+07   3.630110e-01  -3.101780e+00  -3.122377e+00   1.225295e-06   4.198151e+03   6.303914e-01
     3  -4.651219e+00  -4.669703e+00   2.220362e-07   5.839081e+07   3.641898e-01            nan  -4.697037e+00  -4.708148e+00   1.588651e-07   5.837292e+07   3.630095e-01  -3.060006e+00  -3.080391e+00   1.429786e-06   3.704419e+03   6.213342e-01
     4  -4.613428e+00  -4.631912e+00   2.869896e-07   5.824087e+07   3.640789e-01            nan  -4.674524e+00  -4.685635e+00   1.853780e-07   5.830569e+07   3.630077e-01  -3.018622e+00  -3.038821e+00   1.668402e-06   3.274254e+03   6.118359e-01
     5  -4.575637e+00  -4.594121e+00   3.709814e-07   5.806772e+07   3.639775e-01            nan  -4.652009e+00  -4.663121e+00   2.163150e-07   5.823141e+07   3.630058e-01  -2.977594e+00  -2.997624e+00   1.946835e-06   2.899383e+03   6.018091e-01
     6  -4.537846e+00  -4.556330e+00   4.795554e-07   5.786411e+07   3.638844e-01            nan  -4.629490e+00  -4.640604e+00   2.524142e-07   5.814935e+07   3.630037e-01  -2.936900e+00  -2.956771e+00   2.271728e-06   2.572217e+03   5.915744e-01
     7  -4.500055e+00  -4.518539e+00   6.198203e-07   5.762659e+07   3.637987e-01            nan  -4.606964e+00  -4.618081e+00   2.945370e-07   5.805867e+07   3.630014e-01  -2.896530e+00  -2.916246e+00   2.650833e-06   2.286740e+03   5.809369e-01
     8  -4.462264e+00  -4.480748e+00   8.009250e-07   5.735050e+07   3.637195e-01            nan  -4.584430e+00  -4.595551e+00   3.436881e-07   5.795847e+07   3.629988e-01  -2.856467e+00  -2.876037e+00   3.093193e-06   2.036737e+03   5.702822e-01
     9  -4.424473e+00  -4.442957e+00   1.034602e-06   5.702471e+07   3.636458e-01            nan  -4.561883e+00  -4.573010e+00   4.010398e-07   5.784775e+07   3.629959e-01  -2.816712e+00  -2.836135e+00   3.609358e-06   1.817961e+03   5.593869e-01
    10  -4.386682e+00  -4.405166e+00   1.335764e-06   5.664345e+07   3.635770e-01            nan  -4.539323e+00  -4.550457e+00   4.679601e-07   5.772541e+07   3.629927e-01  -2.777250e+00  -2.796533e+00   4.211641e-06   1.625553e+03   5.486021e-01
    11  -4.348891e+00  -4.367375e+00   1.723507e-06   5.620038e+07   3.635120e-01            nan  -4.516746e+00  -4.527888e+00   5.460446e-07   5.759023e+07   3.629891e-01  -2.738078e+00  -2.757223e+00   4.914402e-06   1.456422e+03   5.377576e-01
    12  -4.311100e+00  -4.329584e+00   2.222137e-06   5.567798e+07   3.634500e-01            nan  -4.494150e+00  -4.505301e+00   6.371554e-07   5.744090e+07   3.629852e-01  -2.699184e+00  -2.718196e+00   5.734398e-06   1.307057e+03   5.270727e-01
    13  -4.273309e+00  -4.291793e+00   2.862035e-06   5.506916e+07   3.633902e-01            nan  -4.471531e+00  -4.482693e+00   7.434644e-07   5.727593e+07   3.629809e-01  -2.660558e+00  -2.679441e+00   6.691180e-06   1.175021e+03   5.164972e-01
    14  -4.235518e+00  -4.254002e+00   3.681936e-06   5.436599e+07   3.633318e-01            nan  -4.448888e+00  -4.460062e+00   8.675058e-07   5.709372e+07   3.629760e-01  -2.622190e+00  -2.640951e+00   7.807552e-06   1.057991e+03   5.060781e-01
    15  -4.197727e+00  -4.216211e+00   4.730326e-06   5.353934e+07   3.632736e-01            nan  -4.426215e+00  -4.437404e+00   1.012236e-06   5.689252e+07   3.629706e-01  -2.584065e+00  -2.602710e+00   9.110122e-06   9.539042e+02   4.959061e-01
    16  -4.159936e+00  -4.178420e+00   6.066195e-06   5.258854e+07   3.632148e-01            nan  -4.403511e+00  -4.414715e+00   1.181103e-06   5.667038e+07   3.629647e-01  -2.546177e+00  -2.564708e+00   1.062993e-05   8.613626e+02   4.858584e-01
    17  -4.122145e+00  -4.140629e+00   7.764739e-06   5.149696e+07   3.631544e-01            nan  -4.380769e+00  -4.391991e+00   1.378130e-06   5.642519e+07   3.629581e-01  -2.508502e+00  -2.526931e+00   1.240317e-05   7.785640e+02   4.761539e-01
    18  -4.084354e+00  -4.102838e+00   9.915397e-06   5.023509e+07   3.630908e-01            nan  -4.357988e+00  -4.369229e+00   1.608010e-06   5.615465e+07   3.629507e-01  -2.471035e+00  -2.489365e+00   1.447209e-05   7.046630e+02   4.665879e-01
    19  -4.046563e+00  -4.065047e+00   1.262717e-05   4.881281e+07   3.630235e-01            nan  -4.335160e+00  -4.346424e+00   1.876216e-06   5.585624e+07   3.629425e-01  -2.433755e+00  -2.451995e+00   1.688595e-05   6.382588e+02   4.573756e-01
    20  -4.008772e+00  -4.027256e+00   1.603270e-05   4.718712e+07   3.629499e-01            nan  -4.312282e+00  -4.323571e+00   2.189133e-06   5.552722e+07   3.629334e-01  -2.396648e+00  -2.414805e+00   1.970220e-05   5.786587e+02   4.483920e-01
    21  -3.970981e+00  -3.989465e+00   2.027912e-05   4.537667e+07   3.628695e-01            nan  -4.289348e+00  -4.300664e+00   2.554206e-06   5.516461e+07   3.629234e-01  -2.359701e+00  -2.377782e+00   2.298786e-05   5.250198e+02   4.396760e-01
    22  -3.933190e+00  -3.951674e+00   2.555378e-05   4.335574e+07   3.627796e-01            nan  -4.266350e+00  -4.277696e+00   2.980121e-06   5.476519e+07   3.629121e-01  -2.322898e+00  -2.340910e+00   2.682109e-05   4.766457e+02   4.312460e-01
    23  -3.895399e+00  -3.913883e+00   3.203960e-05   4.114184e+07   3.626786e-01            nan  -4.243281e+00  -4.254662e+00   3.477003e-06   5.432549e+07   3.628996e-01  -2.286231e+00  -2.304178e+00   3.129303e-05   4.330517e+02   4.230121e-01
    24  -3.857608e+00  -3.876092e+00   3.997870e-05   3.872619e+07   3.625633e-01            nan  -4.220134e+00  -4.231553e+00   4.056664e-06   5.384175e+07   3.628857e-01  -2.249682e+00  -2.267572e+00   3.650997e-05   3.935823e+02   4.150938e-01
    25  -3.819817e+00  -3.838301e+00   4.958645e-05   3.615700e+07   3.624324e-01            nan  -4.196899e+00  -4.208361e+00   4.732872e-06   5.330997e+07   3.628703e-01  -2.213247e+00  -2.231083e+00   4.259585e-05   3.579677e+02   4.073158e-01
    26  -3.782026e+00  -3.800510e+00   6.111776e-05   3.341149e+07   3.622794e-01            nan  -4.173566e+00  -4.185076e+00   5.521683e-06   5.272584e+07   3.628530e-01  -2.176908e+00  -2.194698e+00   4.969515e-05   3.256280e+02   3.998579e-01
    27  -3.744235e+00  -3.762719e+00   7.485043e-05   3.058253e+07   3.621038e-01            nan  -4.150125e+00  -4.161688e+00   6.441814e-06   5.208482e+07   3.628338e-01  -2.140660e+00  -2.158406e+00   5.797633e-05   2.963546e+02   3.925673e-01
    28  -3.706443e+00  -3.724928e+00   9.093754e-05   2.769181e+07   3.618994e-01            nan  -4.126562e+00  -4.138184e+00   7.515084e-06   5.138208e+07   3.628124e-01  -2.104490e+00  -2.122199e+00   6.763576e-05   2.697626e+02   3.855292e-01
    29  -3.668652e+00  -3.687137e+00   1.096300e-04   2.477044e+07   3.616576e-01            nan  -4.102863e+00  -4.114551e+00   8.766923e-06   5.061260e+07   3.627884e-01  -2.068391e+00  -2.086065e+00   7.890231e-05   2.456233e+02   3.786859e-01
    30  -3.630861e+00  -3.649346e+00   1.311199e-04   2.190740e+07   3.613752e-01            nan  -4.079013e+00  -4.090774e+00   1.022697e-05   4.977111e+07   3.627616e-01  -2.032354e+00  -2.049998e+00   9.204273e-05   2.236863e+02   3.720443e-01
    31  -3.593070e+00  -3.611555e+00   1.555259e-04   1.915073e+07   3.610438e-01            nan  -4.054993e+00  -4.066837e+00   1.192976e-05   4.885222e+07   3.627317e-01  -1.996370e+00  -2.013989e+00   1.073678e-04   2.037305e+02   3.656104e-01
    32  -3.555279e+00  -3.573764e+00   1.829015e-04   1.654500e+07   3.606531e-01            nan  -4.030783e+00  -4.042719e+00   1.391553e-05   4.785044e+07   3.626981e-01  -1.960437e+00  -1.978032e+00   1.252398e-04   1.855884e+02   3.593397e-01
    33  -3.517488e+00  -3.535973e+00   2.132342e-04   1.412837e+07   3.601908e-01            nan  -4.006362e+00  -4.018401e+00   1.623115e-05   4.676030e+07   3.626605e-01  -1.924543e+00  -1.942119e+00   1.460803e-04   1.690586e+02   3.532813e-01
    34  -3.479697e+00  -3.498182e+00   2.464561e-04   1.193005e+07   3.596422e-01            nan  -3.981702e+00  -3.993857e+00   1.893121e-05   4.557642e+07   3.626182e-01  -1.888689e+00  -1.906246e+00   1.703808e-04   1.540254e+02   3.473581e-01
    35  -3.441906e+00  -3.460391e+00   2.824684e-04   9.968605e+06   3.589905e-01            nan  -3.956775e+00  -3.969060e+00   2.207926e-05   4.429368e+07   3.625706e-01  -1.852863e+00  -1.870407e+00   1.987134e-04   1.403126e+02   3.416458e-01
    36  -3.404115e+00  -3.422600e+00   3.211793e-04   8.251184e+06   3.582180e-01            nan  -3.931548e+00  -3.943979e+00   2.574932e-05   4.290742e+07   3.625169e-01  -1.817067e+00  -1.834596e+00   2.317439e-04   1.278370e+02   3.360484e-01
    37  -3.366324e+00  -3.384809e+00   3.625487e-04   6.773921e+06   3.573084e-01            nan  -3.905984e+00  -3.918578e+00   3.002750e-05   4.141360e+07   3.624561e-01  -1.781292e+00  -1.798811e+00   2.702475e-04   1.164483e+02   3.306561e-01
    38  -3.328533e+00  -3.347018e+00   4.066295e-04   5.523357e+06   3.562527e-01            nan  -3.880039e+00  -3.892818e+00   3.501400e-05   3.980911e+07   3.623873e-01  -1.745538e+00  -1.763047e+00   3.151260e-04   1.060834e+02   3.253647e-01
    39  -3.290742e+00  -3.309227e+00   4.524057e-04   4.475473e+06   3.550259e-01            nan  -3.853665e+00  -3.866652e+00   4.082538e-05   3.809206e+07   3.623090e-01  -1.709798e+00  -1.727301e+00   3.674284e-04   9.661733e+01   3.202687e-01
    40  -3.252951e+00  -3.271436e+00   5.002488e-04   3.604087e+06   3.535307e-01            nan  -3.826804e+00  -3.840027e+00   4.759714e-05   3.626214e+07   3.622196e-01  -1.674074e+00  -1.691569e+00   4.283742e-04   8.799877e+01   3.152666e-01
    41  -3.215160e+00  -3.233645e+00   5.509374e-04   2.894291e+06   3.518490e-01            nan  -3.799393e+00  -3.812882e+00   5.548679e-05   3.432104e+07   3.621171e-01  -1.638359e+00  -1.655850e+00   4.993811e-04   8.012626e+01   3.104462e-01
    42  -3.177369e+00  -3.195854e+00   6.026538e-04   2.317711e+06   3.499559e-01            nan  -3.771356e+00  -3.785148e+00   6.467734e-05   3.227287e+07   3.619991e-01  -1.602654e+00  -1.620140e+00   5.820960e-04   7.295611e+01   3.057148e-01
    43  -3.139578e+00  -3.158063e+00   6.567597e-04   1.851952e+06   3.476698e-01   4.388836e-01  -3.742606e+00  -3.756743e+00   7.538125e-05   3.012467e+07   3.618624e-01  -1.566954e+00  -1.584437e+00   6.784313e-04   6.640643e+01   3.011515e-01
    44  -3.101787e+00  -3.120272e+00   7.131092e-04   1.479011e+06   3.452501e-01   4.354641e-01  -3.713043e+00  -3.727573e+00   8.784517e-05   2.788688e+07   3.617032e-01  -1.531261e+00  -1.548741e+00   7.906065e-04   6.043962e+01   2.966722e-01
    45  -3.063996e+00  -3.082481e+00   7.708594e-04   1.180931e+06   3.422939e-01   4.324540e-01  -3.682547e+00  -3.697527e+00   1.023551e-04   2.557385e+07   3.615163e-01  -1.495570e+00  -1.513049e+00   9.211963e-04   5.498979e+01   2.923460e-01
    46  -3.026205e+00  -3.044690e+00   8.316717e-04   9.433327e+05   3.392390e-01   4.290578e-01  -3.650981e+00  -3.666477e+00   1.192428e-04   2.320423e+07   3.612952e-01  -1.459884e+00  -1.477360e+00   1.073185e-03   5.002374e+01   2.881006e-01
    47  -2.988414e+00  -3.006899e+00   8.938388e-04   7.548506e+05   3.356528e-01   4.261412e-01  -3.618182e+00  -3.634272e+00   1.388921e-04   2.080125e+07   3.610312e-01  -1.424199e+00  -1.441675e+00   1.250029e-03   4.548957e+01   2.839886e-01
    48  -2.950623e+00  -2.969108e+00   9.593640e-04   6.044399e+05   3.319951e-01   4.229687e-01  -3.583958e+00  -3.600733e+00   1.617478e-04   1.839283e+07   3.607127e-01  -1.388517e+00  -1.405991e+00   1.455730e-03   4.135703e+01   2.799546e-01
    49  -2.912832e+00  -2.931317e+00   1.027089e-03   4.856600e+05   3.277577e-01   4.205464e-01  -3.548083e+00  -3.565650e+00   1.883238e-04   1.601132e+07   3.603238e-01  -1.352837e+00  -1.370311e+00   1.694914e-03   3.758586e+01   2.760301e-01
    50  -2.875041e+00  -2.893526e+00   1.098096e-03   3.902554e+05   3.235829e-01   4.176765e-01  -3.510288e+00  -3.528774e+00   2.192140e-04   1.369288e+07   3.598431e-01  -1.317161e+00  -1.334633e+00   1.972926e-03   3.414821e+01   2.721794e-01
    51  -2.837250e+00  -2.855735e+00   1.172645e-03   3.152325e+05   3.187435e-01   4.159835e-01  -3.470257e+00  -3.489812e+00   2.551039e-04   1.147626e+07   3.592403e-01  -1.281489e+00  -1.298959e+00   2.295935e-03   3.101330e+01   2.684098e-01
    52  -2.799459e+00  -2.817944e+00   1.250425e-03   2.546510e+05   3.139907e-01   4.138925e-01  -3.427621e+00  -3.448416e+00   2.967831e-04   9.400976e+06   3.584733e-01  -1.245823e+00  -1.263290e+00   2.671048e-03   2.815538e+01   2.647072e-01
    53  -2.761668e+00  -2.780153e+00   1.333068e-03   2.065808e+05   3.088348e-01   4.126344e-01  -3.381949e+00  -3.404185e+00   3.451610e-04   7.504776e+06   3.574819e-01  -1.210166e+00  -1.227628e+00   3.106449e-03   2.555128e+01   2.610517e-01
    54  -2.723877e+00  -2.742362e+00   1.419360e-03   1.678230e+05   3.036248e-01   4.114248e-01  -3.332754e+00  -3.356655e+00   4.012824e-04   5.820481e+06   3.561807e-01  -1.174518e+00  -1.191976e+00   3.611542e-03   2.317707e+01   2.574540e-01
    55  -2.686086e+00  -2.704571e+00   1.511286e-03   1.366548e+05   2.982945e-01   4.105701e-01  -3.279502e+00  -3.305312e+00   4.663463e-04   4.372488e+06   3.544485e-01  -1.138886e+00  -1.156337e+00   4.197117e-03   2.101542e+01   2.538672e-01
    56  -2.648295e+00  -2.666780e+00   1.608339e-03   1.115942e+05   2.928022e-01   4.101791e-01  -3.221646e+00  -3.249611e+00   5.417261e-04   3.173388e+06   3.521157e-01  -1.103271e+00  -1.120714e+00   4.875535e-03   1.904532e+01   2.503142e-01
    57  -2.610504e+00  -2.628989e+00   1.711502e-03   9.118125e+04   2.873935e-01   4.097556e-01  -3.158687e+00  -3.189026e+00   6.289911e-04   2.221510e+06   3.489542e-01  -1.067679e+00  -1.085110e+00   5.660920e-03   1.725193e+01   2.467512e-01
    58  -2.572713e+00  -2.591198e+00   1.821342e-03   7.477951e+04   2.818074e-01   4.100023e-01  -3.090280e+00  -3.123138e+00   7.299314e-04   1.500270e+06   3.446762e-01  -1.032113e+00  -1.049532e+00   6.569382e-03   1.561914e+01   2.431732e-01
    59  -2.534922e+00  -2.553407e+00   1.938303e-03   6.133583e+04   2.763547e-01   4.101406e-01  -3.016373e+00  -3.051757e+00   8.465830e-04   9.800863e+05   3.389605e-01  -9.965785e-01  -1.013982e+00   7.619247e-03   1.413239e+01   2.395708e-01
    60  -2.497131e+00  -2.515616e+00   2.063018e-03   5.043295e+04   2.708855e-01   4.107055e-01  -2.937339e+00  -2.975061e+00   9.812558e-04   6.229248e+05   3.315208e-01  -9.610812e-01  -9.784673e-01   8.831303e-03   1.277949e+01   2.359104e-01
    61  -2.459340e+00  -2.477825e+00   2.196576e-03   4.150087e+04   2.655126e-01   4.113155e-01  -2.854031e+00  -2.893690e+00   1.136562e-03   3.884757e+05   3.222178e-01  -9.256235e-01  -9.429906e-01   1.022906e-02   1.154720e+01   2.322083e-01
    62  -2.421549e+00  -2.440034e+00   2.338935e-03   3.418806e+04   2.602439e-01   4.121419e-01  -2.767689e+00  -2.808718e+00   1.315444e-03   2.400432e+05   3.111680e-01  -8.902090e-01  -9.075554e-01   1.183900e-02   1.042510e+01   2.284385e-01
    63  -2.383758e+00  -2.402242e+00   2.491979e-03   2.819747e+04   2.550761e-01   4.130991e-01  -2.679698e+00  -2.721469e+00   1.521208e-03   1.482978e+05   2.987698e-01  -8.548403e-01  -8.721647e-01   1.369088e-02   9.403115e+00   2.245904e-01
    64  -2.345967e+00  -2.364451e+00   2.655440e-03   2.326638e+04   2.500496e-01   4.141539e-01  -2.591324e+00  -2.633267e+00   1.757548e-03   9.221607e+04   2.856075e-01  -8.195156e-01  -8.368189e-01   1.581793e-02   8.471124e+00   2.206853e-01
    65  -2.308176e+00  -2.326660e+00   2.831034e-03   1.921889e+04   2.451696e-01   4.152634e-01  -2.503530e+00  -2.545213e+00   2.028572e-03   5.793947e+04   2.722883e-01  -7.842322e-01  -8.015157e-01   1.825715e-02   7.621012e+00   2.167139e-01
    66  -2.270385e+00  -2.288869e+00   3.019267e-03   1.587892e+04   2.404261e-01   4.164716e-01  -2.416937e+00  -2.458079e+00   2.338830e-03   3.683580e+04   2.593075e-01  -7.489851e-01  -7.662512e-01   2.104947e-02   6.845082e+00   2.126834e-01
    67  -2.232594e+00  -2.251078e+00   3.221217e-03   1.312954e+04   2.358795e-01   4.175889e-01  -2.331877e+00  -2.372328e+00   2.693323e-03   2.369486e+04   2.469918e-01  -7.137637e-01  -7.310174e-01   2.423991e-02   6.135937e+00   2.086270e-01
    68  -2.194803e+00  -2.213287e+00   3.438340e-03   1.085907e+04   2.314666e-01   4.188036e-01  -2.248477e+00  -2.288178e+00   3.097518e-03   1.540825e+04   2.355104e-01  -6.785560e-01  -6.958031e-01   2.787766e-02   5.487692e+00   2.045527e-01
    69  -2.157012e+00  -2.175496e+00   3.671101e-03   8.984679e+03   2.272586e-01   4.199371e-01  -2.166748e+00  -2.205693e+00   3.557342e-03   1.011780e+04   2.249162e-01  -6.433481e-01  -6.605953e-01   3.201608e-02   4.895135e+00   2.004714e-01
    70  -2.119221e+00  -2.137705e+00   3.921806e-03   7.436268e+03   2.231976e-01   4.211309e-01  -2.086640e+00  -2.124849e+00   4.079169e-03   6.701719e+03   2.151905e-01  -6.081231e-01  -6.253786e-01   3.671252e-02   4.353500e+00   1.964159e-01
    71  -2.081430e+00  -2.099914e+00   4.190544e-03   6.156176e+03   2.193331e-01   4.222449e-01  -2.008081e+00  -2.045586e+00   4.669785e-03   4.473603e+03   2.062771e-01  -5.728646e-01  -5.901362e-01   4.202806e-02   3.859019e+00   1.923940e-01
    72  -2.043639e+00  -2.062123e+00   4.480252e-03   5.098031e+03   2.156292e-01   4.233697e-01  -1.931001e+00  -1.967833e+00   5.336336e-03   3.007364e+03   1.981053e-01  -5.375584e-01  -5.548528e-01   4.802703e-02   3.408537e+00   1.884048e-01
    73  -2.005848e+00  -2.024332e+00   4.790969e-03   4.222670e+03   2.121102e-01   4.244467e-01  -1.855344e+00  -1.891527e+00   6.086254e-03   2.034863e+03   1.906034e-01  -5.021941e-01  -5.195164e-01   5.477629e-02   2.999335e+00   1.844410e-01
    74  -1.968057e+00  -1.986541e+00   5.126007e-03   3.498635e+03   2.087601e-01   4.254781e-01  -1.781067e+00  -1.816619e+00   6.927149e-03   1.385258e+03   1.837053e-01  -4.667656e-01  -4.841187e-01   6.234434e-02   2.628889e+00   1.805029e-01
    75  -1.930266e+00  -1.948750e+00   5.485703e-03   2.899459e+03   2.055858e-01   4.265039e-01  -1.708141e+00  -1.743075e+00   7.866679e-03   9.485222e+02   1.773528e-01  -4.312738e-01  -4.486573e-01   7.080011e-02   2.294990e+00   1.765694e-01
    76  -1.892475e+00  -1.910959e+00   5.873527e-03   2.403620e+03   2.025830e-01   4.274361e-01  -1.636555e+00  -1.670875e+00   8.912390e-03   6.531218e+02   1.714963e-01  -3.957266e-01  -4.131366e-01   8.021151e-02   1.995464e+00   1.726167e-01
    77  -1.854684e+00  -1.873168e+00   6.290429e-03   1.993168e+03   1.997512e-01   4.284025e-01  -1.566305e+00  -1.600011e+00   1.007152e-02   4.521719e+02   1.660932e-01  -3.601393e-01  -3.775686e-01   9.064369e-02   1.728105e+00   1.686225e-01
    78  -1.816893e+00  -1.835377e+00   6.739889e-03   1.653381e+03   1.970891e-01   4.292392e-01  -1.497395e+00  -1.530485e+00   1.135078e-02   3.147189e+02   1.611070e-01  -3.245331e-01  -3.419714e-01   1.021570e-01   1.490647e+00   1.645733e-01
    79  -1.779102e+00  -1.797586e+00   7.223732e-03   1.371999e+03   1.945979e-01   4.301403e-01  -1.429838e+00  -1.462304e+00   1.275612e-02   2.201949e+02   1.565057e-01  -2.889341e-01  -3.063690e-01   1.148050e-01   1.280783e+00   1.604601e-01
    80  -1.741311e+00  -1.759795e+00   7.745408e-03   1.138999e+03   1.922715e-01   4.309105e-01  -1.363647e+00  -1.395483e+00   1.429243e-02   1.548514e+02   1.522596e-01  -2.533732e-01  -2.707898e-01   1.286319e-01   1.096233e+00   1.562724e-01
    81  -1.703520e+00  -1.722004e+00   8.307798e-03   9.459438e+02   1.901188e-01   4.317161e-01  -1.298838e+00  -1.330034e+00   1.596333e-02   1.094473e+02   1.483408e-01  -2.178849e-01  -2.352666e-01   1.436700e-01   9.347439e-01   1.520030e-01
    82  -1.665729e+00  -1.684213e+00   8.914426e-03   7.860488e+02   1.881241e-01   4.324336e-01  -1.235426e+00  -1.265976e+00   1.777087e-02   7.773774e+01   1.447211e-01  -1.825068e-01  -1.998357e-01   1.599378e-01   7.941221e-01   1.476487e-01
    83  -1.627938e+00  -1.646422e+00   9.569297e-03   6.534622e+02   1.863087e-01   4.331265e-01  -1.173426e+00  -1.203321e+00   1.971527e-02   5.548120e+01   1.413709e-01  -1.472785e-01  -1.645356e-01   1.774374e-01   6.722452e-01   1.432187e-01
    84  -1.590147e+00  -1.608631e+00   1.027632e-02   5.436334e+02   1.846421e-01   4.337906e-01  -1.112850e+00  -1.142083e+00   2.179475e-02   3.978222e+01   1.382588e-01  -1.122412e-01  -1.294066e-01   1.961527e-01   5.671150e-01   1.387145e-01
    85  -1.552356e+00  -1.570840e+00   1.104052e-02   4.524609e+02   1.831627e-01   4.343555e-01  -1.053705e+00  -1.082272e+00   2.400535e-02   2.865455e+01   1.353506e-01  -7.743745e-02  -9.449077e-02   2.160481e-01   4.768513e-01   1.341401e-01
    86  -1.514565e+00  -1.533049e+00   1.186681e-02   3.769340e+02   1.818193e-01   4.349554e-01  -9.959945e-01  -1.023892e+00   2.634082e-02   2.072899e+01   1.326088e-01  -4.291011e-02  -5.983074e-02   2.370673e-01   3.996964e-01   1.295057e-01
    87  -1.476774e+00  -1.495258e+00   1.276085e-02   3.141411e+02   1.806725e-01   4.353679e-01  -9.397133e-01  -9.669428e-01   2.879262e-02   1.505694e+01   1.299935e-01  -8.701057e-03  -2.546884e-02   2.591336e-01   3.340242e-01   1.248277e-01
    88  -1.438982e+00  -1.457467e+00   1.372963e-02   2.620974e+02   1.796549e-01   4.358344e-01  -8.848489e-01  -9.114153e-01   3.134998e-02   1.097826e+01   1.274655e-01   2.514836e-02   8.553350e-03   2.821498e-01   2.783609e-01   1.201160e-01
    89  -1.401191e+00  -1.419676e+00   1.477867e-02   2.187978e+02   1.788214e-01   4.361039e-01  -8.313770e-01  -8.572905e-01   3.400006e-02   8.031374e+00   1.249852e-01   5.859874e-02   4.219552e-02   3.060005e-01   2.313651e-01   1.153874e-01
    90  -1.363400e+00  -1.381885e+00   1.591871e-02   1.828499e+02   1.781233e-01   4.363571e-01  -7.792590e-01  -8.045366e-01   3.672816e-02   5.892080e+00   1.225199e-01   9.161371e-02   7.541987e-02   3.305535e-01   1.918305e-01   1.106629e-01
    91  -1.325609e+00  -1.344094e+00   1.715387e-02   1.529461e+02   1.775776e-01   4.364679e-01  -7.284391e-01  -7.531061e-01   3.951809e-02   4.331747e+00   1.200438e-01   1.241591e-01   1.081912e-01   3.556628e-01   1.586924e-01   1.059565e-01
    92  -1.287818e+00  -1.306303e+00   1.849867e-02   1.280536e+02   1.771757e-01   4.364336e-01  -6.788418e-01  -7.029329e-01   4.235249e-02   3.188500e+00   1.175445e-01   1.562057e-01   1.404779e-01   3.811724e-01   1.310004e-01   1.012931e-01
    93  -1.250027e+00  -1.268512e+00   1.996113e-02   1.073547e+02   1.768851e-01   4.363225e-01  -6.303680e-01  -6.539290e-01   4.521329e-02   2.347215e+00   1.150218e-01   1.877273e-01   1.722524e-01   4.069196e-01   1.079318e-01   9.668883e-02
    94  -1.212236e+00  -1.230721e+00   2.155393e-02   9.006666e+01   1.767397e-01   4.359064e-01  -5.828959e-01  -6.059836e-01   4.808216e-02   1.725869e+00   1.124934e-01   2.187027e-01   2.034911e-01   4.327394e-01   8.876629e-02   9.216393e-02
    95  -1.174445e+00  -1.192930e+00   2.329431e-02   7.567417e+01   1.766771e-01   4.354069e-01  -5.362776e-01  -5.589615e-01   5.094094e-02   1.265596e+00   1.099871e-01   2.491150e-01   2.341750e-01   4.584685e-01   7.288428e-02   8.773586e-02
    96  -1.136654e+00  -1.155139e+00   2.518935e-02   6.365178e+01   1.767038e-01   4.345862e-01  -4.903403e-01  -5.127019e-01   5.377208e-02   9.240319e-01   1.075411e-01   2.789518e-01   2.642896e-01   4.839488e-01   5.975408e-02   8.342016e-02
    97  -1.098863e+00  -1.117348e+00   2.726497e-02   5.360246e+01   1.767988e-01   4.335488e-01  -4.448915e-01  -4.670216e-01   5.655903e-02   6.705857e-01   1.051976e-01   3.082055e-01   2.938249e-01   5.090312e-01   4.892140e-02   7.923216e-02
    98  -1.061072e+00  -1.079557e+00   2.953782e-02   4.521259e+01   1.769120e-01   4.322199e-01  -3.997187e-01  -4.217180e-01   5.928652e-02   4.828655e-01   1.029945e-01   3.368724e-01   3.227754e-01   5.335787e-01   4.000220e-02   7.518242e-02
    99  -1.023281e+00  -1.041766e+00   3.202548e-02   3.817069e+01   1.770559e-01   4.305324e-01  -3.545942e-01  -3.765706e-01   6.194091e-02   3.443888e-01   1.009594e-01   3.649534e-01   3.511398e-01   5.574682e-01   3.267081e-02   7.128224e-02
   100  -9.854903e-01  -1.003975e+00   3.476083e-02   3.227348e+01   1.771673e-01   4.285335e-01  -3.092840e-01  -3.313484e-01   6.451030e-02   2.429207e-01   9.910533e-02   3.924526e-01   3.789206e-01   5.805927e-01   2.665483e-02   6.753737e-02
   101  -9.476993e-01  -9.661839e-01   3.776615e-02   2.733067e+01   1.772096e-01   4.261430e-01  -2.635545e-01  -2.858176e-01   6.698469e-02   1.692420e-01   9.742499e-02   4.193780e-01   4.061239e-01   6.028622e-01   2.172492e-02   6.395464e-02
   102  -9.099083e-01  -9.283928e-01   4.106940e-02   2.316260e+01   1.771842e-01   4.234612e-01  -2.171724e-01  -2.397445e-01   6.935597e-02   1.163195e-01   9.589754e-02   4.457404e-01   4.327592e-01   6.242038e-01   1.769085e-02   6.053533e-02
   103  -8.721173e-01  -8.906018e-01   4.471424e-02   1.965732e+01   1.770235e-01   4.204299e-01  -1.699035e-01  -1.928951e-01   7.161799e-02   7.877537e-02   9.449939e-02   4.715537e-01   4.588388e-01   6.445619e-01   1.439336e-02   5.728232e-02
   104  -8.343262e-01  -8.528108e-01   4.873682e-02   1.670365e+01   1.767017e-01   4.170616e-01  -1.215235e-01  -1.450401e-01   7.376638e-02   5.252336e-02   9.320923e-02   4.968335e-01   4.843775e-01   6.638974e-01   1.170130e-02   5.419316e-02
   105  -7.965352e-01  -8.150198e-01   5.316704e-02   1.420177e+01   1.762119e-01   4.135427e-01  -7.180443e-02  -9.595284e-02   7.579851e-02   3.444072e-02   9.201907e-02   5.215981e-01   5.093923e-01   6.821866e-01   9.505374e-03   5.126748e-02
   106  -7.587442e-01  -7.772288e-01   5.806602e-02   1.208188e+01   1.755222e-01   4.098811e-01  -2.053095e-02  -4.541145e-02   7.771330e-02   2.219464e-02   9.092590e-02   5.458670e-01   5.339021e-01   6.994197e-01   7.716005e-03   4.850052e-02
   107  -7.209532e-01  -7.394378e-01   6.348501e-02   1.028326e+01   1.746240e-01   4.061370e-01   3.245568e-02   6.769954e-03   7.951106e-02   1.406186e-02   8.990512e-02   5.696613e-01   5.579271e-01   7.155996e-01   6.259006e-03   4.588888e-02
   108  -6.831622e-01  -7.016467e-01   6.947003e-02   8.753288e+00   1.735167e-01   4.024046e-01   8.720129e-02   6.069054e-02   8.119333e-02   8.775234e-03   8.889364e-02   5.930032e-01   5.814891e-01   7.307399e-01   5.073629e-03   4.342680e-02
   109  -6.453712e-01  -6.638557e-01   7.607024e-02   7.444686e+00   1.722244e-01   3.989205e-01   1.435289e-01   1.162776e-01   8.276263e-02   5.419235e-03   8.774072e-02   6.159154e-01   6.046104e-01   7.448636e-01   4.109921e-03   4.110864e-02
   110  -6.075801e-01  -6.260647e-01   8.335746e-02   6.326551e+00   1.707557e-01   3.956078e-01   2.009137e-01   1.731684e-01   8.422234e-02   3.340040e-03   8.617439e-02   6.384218e-01   6.273144e-01   7.580011e-01   3.326960e-03   3.892828e-02
   111  -5.697891e-01  -5.882737e-01   9.138869e-02   5.369391e+00   1.691198e-01   3.924357e-01   2.584611e-01   2.306399e-01   8.557652e-02   2.077382e-03   8.385573e-02   6.605459e-01   6.496247e-01   7.701887e-01   2.691300e-03   3.687873e-02
   112  -5.319981e-01  -5.504827e-01   1.002286e-01   4.549743e+00   1.673298e-01   3.893276e-01   3.150427e-01   2.876727e-01   8.682971e-02   1.318589e-03   8.052249e-02   6.823121e-01   6.715653e-01   7.814674e-01   2.175531e-03   3.495382e-02
   113  -4.942071e-01  -5.126917e-01   1.099258e-01   3.848027e+00   1.653941e-01   3.861377e-01   3.695975e-01   3.431761e-01   8.798682e-02   8.605978e-04   7.617391e-02   7.037443e-01   6.931604e-01   7.918814e-01   1.757333e-03   3.314641e-02
   114  -4.564161e-01  -4.749007e-01   1.205390e-01   3.246396e+00   1.633449e-01   3.825873e-01   4.214021e-01   3.962718e-01   8.905301e-02   5.786746e-04   7.109637e-02   7.248666e-01   7.144339e-01   8.014771e-01   1.418463e-03   3.144979e-02
   115  -4.186251e-01  -4.371096e-01   1.321445e-01   2.732847e+00   1.611428e-01   3.783376e-01   4.701449e-01   4.464570e-01   9.003354e-02   3.999139e-04   6.570049e-02   7.457026e-01   7.354095e-01   8.103019e-01   1.144054e-03   2.985746e-02
   116  -3.808340e-01  -3.993186e-01   1.448058e-01   2.295329e+00   1.587661e-01   3.730843e-01   5.158341e-01   4.935900e-01   9.093373e-02   2.828361e-04   6.034560e-02   7.662755e-01   7.561109e-01   8.184036e-01   9.220006e-04   2.836270e-02
   117  -3.430430e-01  -3.615276e-01   1.585862e-01   1.923384e+00   1.561923e-01   3.665576e-01   5.586589e-01   5.377741e-01   9.175884e-02   2.038341e-04   5.526122e-02   7.866082e-01   7.765608e-01   8.258295e-01   7.424386e-04   2.695935e-02
   118  -3.052520e-01  -3.237366e-01   1.735487e-01   1.607863e+00   1.534037e-01   3.585588e-01   5.988880e-01   5.792391e-01   9.251402e-02   1.491350e-04   5.056215e-02   8.067226e-01   7.967818e-01   8.326262e-01   5.973442e-04   2.564137e-02
   119  -2.674610e-01  -2.859456e-01   1.897351e-01   1.340765e+00   1.503839e-01   3.489407e-01   6.368081e-01   6.182618e-01   9.320429e-02   1.104450e-04   4.628696e-02   8.266404e-01   8.167957e-01   8.388386e-01   4.801934e-04   2.440284e-02
   120  -2.296700e-01  -2.481546e-01   2.071995e-01   1.114942e+00   1.471297e-01   3.374357e-01   6.726935e-01   6.551213e-01   9.383445e-02   8.259521e-05   4.243233e-02   8.463820e-01   8.366234e-01   8.445100e-01   3.856792e-04   2.323832e-02
   121  -1.918790e-01  -2.103635e-01   2.260143e-01   9.246360e-01   1.436180e-01   3.241754e-01   7.067877e-01   6.900751e-01   9.440910e-02   6.227120e-05   3.896901e-02   8.659674e-01   8.562851e-01   8.496819e-01   3.094911e-04   2.214260e-02
   122  -1.540879e-01  -1.725725e-01   2.462250e-01   7.645539e-01   1.398553e-01   3.091355e-01   7.393082e-01   7.233523e-01   9.493262e-02   4.726022e-05   3.586298e-02   8.854153e-01   8.758002e-01   8.543935e-01   2.481293e-04   2.111069e-02
   123  -1.162969e-01  -1.347815e-01   2.678665e-01   6.301544e-01   1.358507e-01   2.922511e-01   7.704439e-01   7.551550e-01   9.540910e-02   3.606672e-05   3.307711e-02   9.047438e-01   8.951871e-01   8.586819e-01   1.987527e-04   2.013796e-02
   124  -7.850591e-02  -9.699049e-02   2.909297e-01   5.175557e-01   1.316145e-01   2.734037e-01   8.003592e-01   7.856591e-01   9.584241e-02   2.765156e-05   3.057520e-02   9.239700e-01   9.144633e-01   8.625817e-01   1.590561e-04   1.922014e-02
   125  -4.071489e-02  -5.919947e-02   3.153790e-01   4.234017e-01   1.271611e-01   2.522870e-01   8.291971e-01   8.150175e-01   9.623618e-02   2.128169e-05   2.832489e-02   9.431098e-01   9.336453e-01   8.661256e-01   1.271718e-04   1.835318e-02
   126  -2.923873e-03  -2.140845e-02   3.412306e-01   3.448274e-01   1.224922e-01   2.290210e-01   8.570824e-01   8.433635e-01   9.659376e-02   1.643189e-05   2.629646e-02   9.621782e-01   9.527486e-01   8.693438e-01   1.015866e-04   1.753331e-02
   127   3.486714e-02   1.638256e-02   3.684656e-01   2.795639e-01   1.176447e-01   2.036891e-01   8.841241e-01   8.708137e-01   9.691827e-02   1.272164e-05   2.446383e-02   9.811893e-01   9.717877e-01   8.722644e-01   8.107554e-05   1.675708e-02
   128   7.265816e-02   5.417358e-02   3.969682e-01   2.255411e-01   1.126462e-01   1.763081e-01   9.104187e-01   8.974704e-01   9.721261e-02   9.870947e-06   2.280440e-02   1.000156e+00   9.907762e-01   8.749135e-01   6.464796e-05   1.602135e-02
   129   1.104492e-01   9.196460e-02   4.266982e-01   1.810070e-01   1.075213e-01   1.474807e-01   9.360502e-01   9.234235e-01   9.747945e-02   7.673401e-06   2.129756e-02   1.019091e+00   1.009727e+00   8.773151e-01   5.150354e-05   1.532319e-02
   130   1.482402e-01   1.297556e-01   4.575473e-01   1.444468e-01   1.023017e-01   1.174698e-01   9.610936e-01   9.487524e-01   9.772124e-02   5.974183e-06   1.992604e-02   1.038005e+00   1.028651e+00   8.794912e-01   4.099613e-05   1.465990e-02
   131   1.860312e-01   1.675466e-01   4.893323e-01   1.145765e-01   9.702002e-02   8.673090e-02   9.856156e-01   9.735276e-01   9.794025e-02   4.656976e-06   1.867447e-02   1.056907e+00   1.047559e+00   8.814623e-01   3.260459e-05   1.402905e-02
   132   2.238222e-01   2.053376e-01   5.217261e-01   9.027985e-02   9.169207e-02   5.734690e-02   1.009675e+00   9.978118e-01   9.813854e-02   3.633902e-06   1.752919e-02   1.075809e+00   1.066461e+00   8.832469e-01   2.590908e-05   1.342842e-02
   133   2.616132e-01   2.431287e-01   5.546202e-01   7.058505e-02   8.634156e-02   2.821748e-02   1.033324e+00   1.021661e+00   9.831802e-02   2.837879e-06   1.647858e-02   1.094718e+00   1.085366e+00   8.848622e-01   2.057168e-05   1.285600e-02
   134   2.994043e-01   2.809197e-01   5.878327e-01   5.478095e-02   8.103238e-02   1.117287e-03   1.056610e+00   1.045123e+00   9.848042e-02   2.217629e-06   1.551238e-02   1.113642e+00   1.104283e+00   8.863237e-01   1.632076e-05   1.230993e-02
   135   3.371953e-01   3.187107e-01   6.211452e-01   4.218749e-02   7.579546e-02  -2.178977e-02   1.079576e+00   1.068245e+00   9.862732e-02   1.733784e-06   1.462151e-02   1.132588e+00   1.123218e+00   8.876458e-01   1.293814e-05   1.178855e-02
   136   3.749863e-01   3.565017e-01   6.538935e-01   3.219141e-02   7.064824e-02  -4.290197e-02   1.102258e+00   1.091065e+00   9.876016e-02   1.356015e-06   1.379804e-02   1.151562e+00   1.142179e+00   8.888415e-01   1.024878e-05   1.129034e-02
   137   4.127773e-01   3.942927e-01   6.861997e-01   2.433309e-02   6.562862e-02  -6.111785e-02   1.124689e+00   1.113618e+00   9.888027e-02   1.060842e-06   1.303510e-02   1.170571e+00   1.161171e+00   8.899225e-01   8.112401e-06   1.081391e-02
   138   4.505683e-01   4.320837e-01   7.176003e-01   1.822780e-02   6.078030e-02  -7.436478e-02   1.146901e+00   1.135937e+00   9.898885e-02   8.300695e-07   1.232663e-02   1.189619e+00   1.180200e+00   8.908996e-01   6.416696e-06   1.035802e-02
   139   4.883593e-01   4.698748e-01   7.477434e-01   1.349808e-02   5.610240e-02  -8.571723e-02   1.168921e+00   1.158051e+00   9.908698e-02   6.495678e-07   1.166727e-02   1.208711e+00   1.199270e+00   8.917828e-01   5.071848e-06   9.921523e-03
   140   5.261504e-01   5.076658e-01   7.765182e-01   9.897526e-03   5.164993e-02  -9.461286e-02   1.190771e+00   1.179983e+00   9.917565e-02   5.083400e-07   1.105230e-02   1.227850e+00   1.218386e+00   8.925808e-01   4.006101e-06   9.503379e-03
   141   5.639414e-01   5.454568e-01   8.035338e-01   7.169563e-03   4.741779e-02  -1.014593e-01   1.212475e+00   1.201759e+00   9.925576e-02   3.978167e-07   1.047759e-02   1.247041e+00   1.237552e+00   8.933019e-01   3.162179e-06   9.102635e-03
   142   6.017324e-01   5.832478e-01   8.286546e-01   5.137584e-03   4.343903e-02  -1.061997e-01   1.234051e+00   1.223397e+00   9.932813e-02   3.113096e-07   9.939503e-03   1.266286e+00   1.256770e+00   8.939532e-01   2.494409e-06   8.718421e-03
   143   6.395234e-01   6.210388e-01   8.518552e-01   3.635154e-03   3.971130e-02  -1.093020e-01   1.255517e+00   1.244916e+00   9.939350e-02   2.435944e-07   9.434820e-03   1.285588e+00   1.276044e+00   8.945415e-01   1.966407e-06   8.349939e-03
   144   6.773144e-01   6.588298e-01   8.727753e-01   2.541642e-03   3.624753e-02  -1.108947e-01   1.276888e+00   1.266334e+00   9.945254e-02   1.905877e-07   8.960691e-03   1.304949e+00   1.295376e+00   8.950729e-01   1.549214e-06   7.996454e-03
   145   7.151054e-01   6.966209e-01   8.915710e-01   1.756132e-03   3.304815e-02  -1.111168e-01   1.298178e+00   1.287663e+00   9.950586e-02   1.490957e-07   8.514587e-03   1.324371e+00   1.314768e+00   8.955527e-01   1.219804e-06   7.657289e-03
   146   7.528965e-01   7.344119e-01   9.082660e-01   1.198833e-03   3.010850e-02  -1.101345e-01   1.319400e+00   1.308919e+00   9.955400e-02   1.166191e-07   8.094262e-03   1.343854e+00   1.334222e+00   8.959860e-01   9.598811e-07   7.331817e-03
   147   7.906875e-01   7.722029e-01   9.229055e-01   8.086021e-04   2.742172e-02  -1.080154e-01   1.340565e+00   1.330112e+00   9.959747e-02   9.120158e-08   7.697717e-03   1.363402e+00   1.353738e+00   8.963772e-01   7.549210e-07   7.019458e-03
   148   8.284785e-01   8.099939e-01   9.355914e-01   5.394314e-04   2.497703e-02  -1.048097e-01   1.361683e+00   1.351253e+00   9.963672e-02   7.131135e-08   7.323169e-03   1.383013e+00   1.373318e+00   8.967304e-01   5.934047e-07   6.719674e-03
   149   8.662695e-01   8.477849e-01   9.464588e-01   3.561518e-04   2.275957e-02  -1.005665e-01   1.382762e+00   1.372351e+00   9.967214e-02   5.574878e-08   6.969024e-03   1.402688e+00   1.392962e+00   8.970493e-01   4.662027e-07   6.431962e-03
   150   9.040605e-01   8.855759e-01   9.556713e-01   2.329180e-04   2.075285e-02  -9.543667e-02   1.403811e+00   1.393414e+00   9.970413e-02   4.357433e-08   6.633854e-03   1.422428e+00   1.412670e+00   8.973371e-01   3.660852e-07   6.155854e-03
   151   9.418515e-01   9.233670e-01   9.634276e-01   1.510456e-04   1.893921e-02  -8.959605e-02   1.424835e+00   1.414450e+00   9.973300e-02   3.405216e-08   6.316375e-03   1.442232e+00   1.432443e+00   8.975970e-01   2.873313e-07   5.890911e-03
   152   9.796426e-01   9.611580e-01   9.699133e-01   9.722849e-05   1.730019e-02  -8.327481e-02   1.445842e+00   1.435466e+00   9.975905e-02   2.660592e-08   6.015432e-03   1.462100e+00   1.452279e+00   8.978315e-01   2.254177e-07   5.636722e-03
   153   1.017434e+00   9.989490e-01   9.753020e-01   6.220253e-05   1.581812e-02  -7.661661e-02   1.466836e+00   1.456466e+00   9.978257e-02   2.078423e-08   5.729985e-03   1.482030e+00   1.472179e+00   8.980432e-01   1.767700e-07   5.392905e-03
   154   1.055225e+00   1.036740e+00   9.797573e-01   3.959167e-05   1.447618e-02  -6.992007e-02   1.487820e+00   1.477455e+00   9.980380e-02   1.623365e-08   5.459089e-03   1.502022e+00   1.492141e+00   8.982342e-01   1.385662e-07   5.159097e-03
   155   1.093016e+00   1.074531e+00   9.834226e-01   2.509977e-05   1.325906e-02  -6.329618e-02   1.508800e+00   1.498437e+00   9.982296e-02   1.267741e-08   5.201892e-03   1.522073e+00   1.512163e+00   8.984066e-01   1.085795e-07   4.934960e-03
   156   1.130807e+00   1.112322e+00   9.864316e-01   1.586416e-05   1.215310e-02  -5.690165e-02   1.529777e+00   1.519415e+00   9.984025e-02   9.898862e-09   4.957621e-03   1.542182e+00   1.532244e+00   8.985622e-01   8.505438e-08   4.720179e-03
   157   1.168598e+00   1.150113e+00   9.888957e-01   1.000455e-05   1.114630e-02  -5.091616e-02   1.550754e+00   1.540392e+00   9.985585e-02   7.728410e-09   4.725574e-03   1.562346e+00   1.552381e+00   8.987027e-01   6.660715e-08   4.514456e-03
   158   1.206389e+00   1.187904e+00   9.909086e-01   6.300012e-06   1.022814e-02  -4.533533e-02   1.571732e+00   1.561369e+00   9.986993e-02   6.033344e-09   4.505115e-03   1.582563e+00   1.572572e+00   8.988294e-01   5.214838e-08   4.317518e-03
   159   1.244180e+00   1.225695e+00   9.925533e-01   3.963775e-06   9.389504e-03  -4.020436e-02   1.592710e+00   1.582348e+00   9.988264e-02   4.709824e-09   4.295666e-03   1.602828e+00   1.592814e+00   8.989438e-01   4.082065e-08   4.129107e-03
   160   1.281971e+00   1.263486e+00   9.938965e-01   2.492926e-06   8.622504e-03  -3.557087e-02   1.613690e+00   1.603327e+00   9.989411e-02   3.676624e-09   4.096706e-03   1.623137e+00   1.613101e+00   8.990470e-01   3.194959e-08   3.948991e-03
   161   1.319762e+00   1.301277e+00   9.949936e-01   1.567909e-06   7.920226e-03  -3.141203e-02   1.634668e+00   1.624305e+00   9.990446e-02   2.870222e-09   3.907762e-03   1.643485e+00   1.633430e+00   8.991401e-01   2.500509e-08   3.776954e-03
   162   1.357553e+00   1.339068e+00   9.958892e-01   9.864759e-07   7.276616e-03  -2.768527e-02   1.655643e+00   1.645282e+00   9.991379e-02   2.240948e-09   3.728412e-03   1.663867e+00   1.653796e+00   8.992241e-01   1.957071e-08   3.612804e-03
   163   1.395344e+00   1.376859e+00   9.966215e-01   6.210343e-07   6.686374e-03  -2.436307e-02   1.676611e+00   1.666254e+00   9.992222e-02   1.749980e-09   3.558276e-03   1.684274e+00   1.674190e+00   8.993000e-01   1.531946e-08   3.456372e-03
   164   1.433135e+00   1.414650e+00   9.972209e-01   3.912848e-07   6.144827e-03  -2.141187e-02   1.697568e+00   1.687216e+00   9.992982e-02   1.366976e-09   3.397019e-03   1.704699e+00   1.694606e+00   8.993684e-01   1.199474e-08   3.307512e-03
   165   1.470926e+00   1.452441e+00   9.977119e-01   2.467642e-07   5.647848e-03  -1.881715e-02   1.718505e+00   1.708163e+00   9.993668e-02   1.068231e-09   3.244350e-03   1.725131e+00   1.715035e+00   8.994301e-01   9.395267e-09   3.166102e-03
   166   1.508717e+00   1.490232e+00   9.981147e-01   1.557945e-07   5.191761e-03  -1.651461e-02   1.739416e+00   1.729087e+00   9.994287e-02   8.352314e-10   3.100017e-03   1.745558e+00   1.735464e+00   8.994858e-01   7.363274e-09   3.032050e-03
   167   1.546508e+00   1.528023e+00   9.984451e-01   9.847669e-08   4.773298e-03  -1.446702e-02   1.760289e+00   1.749978e+00   9.994845e-02   6.535178e-10   2.963811e-03   1.765967e+00   1.755882e+00   8.995361e-01   5.775122e-09   2.905291e-03
   168   1.584299e+00   1.565814e+00   9.987168e-01   6.232457e-08   4.389573e-03  -1.263555e-02   1.781113e+00   1.770826e+00   9.995349e-02   5.118029e-10   2.835564e-03   1.786341e+00   1.776273e+00   8.995814e-01   4.533984e-09   2.785790e-03
   169   1.622090e+00   1.603605e+00   9.989399e-01   3.949685e-08   4.038036e-03  -1.097845e-02   1.801871e+00   1.791616e+00   9.995804e-02   4.012772e-10   2.715152e-03   1.806660e+00   1.796619e+00   8.996223e-01   3.564059e-09   2.673548e-03
   170   1.659881e+00   1.641396e+00   9.991232e-01   2.506575e-08   3.716476e-03  -9.484298e-03   1.822544e+00   1.812331e+00   9.996214e-02   3.150664e-10   2.602490e-03   1.826903e+00   1.816900e+00   8.996593e-01   2.806032e-09   2.568596e-03
   171   1.697672e+00   1.679187e+00   9.992747e-01   1.593166e-08   3.422968e-03  -8.091200e-03   1.843112e+00   1.832950e+00   9.996584e-02   2.478081e-10   2.497540e-03   1.847042e+00   1.837089e+00   8.996926e-01   2.213511e-09   2.471006e-03
   172   1.735463e+00   1.716978e+00   9.994000e-01   1.014300e-08   3.155913e-03  -6.748915e-03   1.863547e+00   1.853450e+00   9.996918e-02   1.953201e-10   2.400302e-03   1.867047e+00   1.857160e+00   8.997226e-01   1.750224e-09   2.380881e-03
   173   1.773254e+00   1.754769e+00   9.995039e-01   6.469939e-09   2.914142e-03  -5.372807e-03   1.883820e+00   1.873802e+00   9.997219e-02   1.543414e-10   2.310821e-03   1.886885e+00   1.877079e+00   8.997498e-01   1.387823e-09   2.298364e-03
   174   1.811045e+00   1.792560e+00   9.995902e-01   4.136260e-09   2.696949e-03  -3.826347e-03   1.903897e+00   1.893975e+00   9.997491e-02   1.223298e-10   2.229183e-03   1.906515e+00   1.896810e+00   8.997742e-01   1.104163e-09   2.223630e-03
   175   1.848836e+00   1.830351e+00   9.996621e-01   2.651269e-09   2.503865e-03  -2.122038e-03   1.923737e+00   1.913930e+00   9.997737e-02   9.730405e-11   2.155513e-03   1.925893e+00   1.916312e+00   8.997963e-01   8.819464e-10   2.156887e-03
   176   1.886627e+00   1.868142e+00   9.997220e-01   1.704856e-09   2.335058e-03  -1.048178e-04   1.943297e+00   1.933627e+00   9.997958e-02   7.771891e-11   2.090007e-03   1.944974e+00   1.935538e+00   8.998162e-01   7.076716e-10   2.098371e-03
   177   1.924418e+00   1.905933e+00   9.997721e-01   1.100635e-09   2.191435e-03   2.444452e-03   1.962534e+00   1.953022e+00   9.998158e-02   6.236182e-11   2.033197e-03   1.963705e+00   1.954440e+00   8.998342e-01   5.707780e-10   2.048421e-03
   178   1.962209e+00   1.943724e+00   9.998143e-01   7.140616e-10   2.075003e-03   5.703847e-03   1.981419e+00   1.972079e+00   9.998338e-02   5.024413e-11   1.987577e-03   1.982043e+00   1.972971e+00   8.998504e-01   4.628246e-10   2.008303e-03
   179   2.000000e+00   1.981515e+00   9.998500e-01   4.648464e-10   1.995254e-03   8.169353e-03   2.000000e+00   1.990809e+00   9.998500e-02   4.048051e-11   1.962576e-03   2.000000e+00   1.991114e+00   8.998650e-01   3.761918e-10   1.985296e-03
