     i          log_r       log_rmid          m_tot        rho_tot         v2_tot            eta     lgr[heavy]    lgrm[heavy]       m[heavy]     rho[heavy]      v2[heavy]     lgr[light]    lgrm[light]       m[light]     rho[light]      v2[light]
     0  -2.413066e+00  -2.714096e+00   2.190765e-07   1.139677e+01   1.405092e-01            nan  -2.413066e+00  -2.714096e+00   9.998500e-08   5.203010e+00   9.378060e-02  -2.120136e+00  -2.421166e+00   8.998650e-07   6.190245e+00   1.797574e-01
     1  -2.388412e+00  -2.400564e+00   2.597319e-07   1.139134e+01   1.404997e-01            nan  -2.390716e+00  -2.401747e+00   1.166721e-07   5.201356e+00   9.378057e-02  -2.097780e+00  -2.108814e+00   1.050049e-06   6.186500e+00   1.797513e-01
     2  -2.363758e+00  -2.375910e+00   3.079323e-07   1.139085e+01   1.404993e-01            nan  -2.368365e+00  -2.379397e+00   1.361439e-07   5.201176e+00   9.378057e-02  -2.075424e+00  -2.086458e+00   1.225295e-06   6.186094e+00   1.797506e-01
     3  -2.339104e+00  -2.351256e+00   3.650777e-07   1.139033e+01   1.404989e-01            nan  -2.346016e+00  -2.357047e+00   1.588651e-07   5.200977e+00   9.378057e-02  -2.053069e+00  -2.064103e+00   1.429786e-06   6.185645e+00   1.797499e-01
     4  -2.314450e+00  -2.326602e+00   4.328279e-07   1.138978e+01   1.404987e-01            nan  -2.323666e+00  -2.334697e+00   1.853780e-07   5.200757e+00   9.378057e-02  -2.030714e+00  -2.041747e+00   1.668402e-06   6.185146e+00   1.797490e-01
     5  -2.289796e+00  -2.301948e+00   5.131509e-07   1.138920e+01   1.404985e-01            nan  -2.301317e+00  -2.312348e+00   2.163150e-07   5.200513e+00   9.378056e-02  -2.008359e+00  -2.019392e+00   1.946835e-06   6.184593e+00   1.797481e-01
     6  -2.265142e+00  -2.277294e+00   6.083795e-07   1.138859e+01   1.404985e-01            nan  -2.278968e+00  -2.289999e+00   2.524142e-07   5.200242e+00   9.378056e-02  -1.986004e+00  -1.997038e+00   2.271728e-06   6.183981e+00   1.797471e-01
     7  -2.240488e+00  -2.252640e+00   7.212793e-07   1.138794e+01   1.404987e-01            nan  -2.256620e+00  -2.267650e+00   2.945370e-07   5.199943e+00   9.378056e-02  -1.963649e+00  -1.974683e+00   2.650833e-06   6.183303e+00   1.797460e-01
     8  -2.215834e+00  -2.227986e+00   8.551291e-07   1.138725e+01   1.404990e-01            nan  -2.234271e+00  -2.245302e+00   3.436881e-07   5.199610e+00   9.378055e-02  -1.941294e+00  -1.952328e+00   3.093193e-06   6.182551e+00   1.797448e-01
     9  -2.191180e+00  -2.203332e+00   1.013816e-06   1.138652e+01   1.404996e-01            nan  -2.211922e+00  -2.222953e+00   4.010398e-07   5.199242e+00   9.378055e-02  -1.918939e+00  -1.929973e+00   3.609358e-06   6.181717e+00   1.797434e-01
    10  -2.166526e+00  -2.178678e+00   1.201947e-06   1.138573e+01   1.405003e-01            nan  -2.189574e+00  -2.200604e+00   4.679601e-07   5.198834e+00   9.378054e-02  -1.896583e+00  -1.907617e+00   4.211641e-06   6.180794e+00   1.797419e-01
    11  -2.141872e+00  -2.154024e+00   1.424985e-06   1.138488e+01   1.405013e-01            nan  -2.167225e+00  -2.178256e+00   5.460446e-07   5.198382e+00   9.378054e-02  -1.874226e+00  -1.885261e+00   4.914402e-06   6.179770e+00   1.797402e-01
    12  -2.117218e+00  -2.129370e+00   1.689405e-06   1.138396e+01   1.405026e-01            nan  -2.144877e+00  -2.155907e+00   6.371554e-07   5.197880e+00   9.378053e-02  -1.851869e+00  -1.862904e+00   5.734398e-06   6.178636e+00   1.797383e-01
    13  -2.092564e+00  -2.104716e+00   2.002884e-06   1.138294e+01   1.405040e-01   4.693205e-01  -2.122528e+00  -2.133559e+00   7.434644e-07   5.197325e+00   9.378052e-02  -1.829511e+00  -1.840547e+00   6.691180e-06   6.177380e+00   1.797363e-01
    14  -2.067910e+00  -2.080062e+00   2.374525e-06   1.138170e+01   1.405052e-01   4.693175e-01  -2.100179e+00  -2.111210e+00   8.675058e-07   5.196709e+00   9.378051e-02  -1.807152e+00  -1.818188e+00   7.807552e-06   6.175988e+00   1.797340e-01
    15  -2.043256e+00  -2.055408e+00   2.815112e-06   1.138031e+01   1.405066e-01   4.693142e-01  -2.077831e+00  -2.088861e+00   1.012236e-06   5.196027e+00   9.378050e-02  -1.784792e+00  -1.795829e+00   9.110122e-06   6.174445e+00   1.797314e-01
    16  -2.018602e+00  -2.030754e+00   3.337430e-06   1.137875e+01   1.405081e-01   4.693105e-01  -2.055482e+00  -2.066512e+00   1.181103e-06   5.195271e+00   9.378049e-02  -1.762431e+00  -1.773468e+00   1.062993e-05   6.172736e+00   1.797286e-01
    17  -1.993948e+00  -2.006100e+00   3.956630e-06   1.137701e+01   1.405098e-01   4.693064e-01  -2.033132e+00  -2.044163e+00   1.378130e-06   5.194433e+00   9.378048e-02  -1.740068e+00  -1.751106e+00   1.240317e-05   6.170842e+00   1.797255e-01
    18  -1.969294e+00  -1.981446e+00   4.690668e-06   1.137507e+01   1.405117e-01   4.693017e-01  -2.010783e+00  -2.021814e+00   1.608010e-06   5.193505e+00   9.378047e-02  -1.717704e+00  -1.728742e+00   1.447209e-05   6.168744e+00   1.797220e-01
    19  -1.944640e+00  -1.956792e+00   5.560825e-06   1.137289e+01   1.405138e-01   4.692966e-01  -1.988433e+00  -1.999464e+00   1.876216e-06   5.192476e+00   9.378046e-02  -1.695338e+00  -1.706377e+00   1.688595e-05   6.166420e+00   1.797182e-01
    20  -1.919986e+00  -1.932138e+00   6.592317e-06   1.137045e+01   1.405162e-01   4.692908e-01  -1.966083e+00  -1.977114e+00   2.189133e-06   5.191336e+00   9.378044e-02  -1.672969e+00  -1.684009e+00   1.970220e-05   6.163845e+00   1.797140e-01
    21  -1.895332e+00  -1.907484e+00   7.815024e-06   1.136771e+01   1.405189e-01   4.692843e-01  -1.943733e+00  -1.954764e+00   2.554206e-06   5.190073e+00   9.378042e-02  -1.650599e+00  -1.661640e+00   2.298786e-05   6.160993e+00   1.797092e-01
    22  -1.870678e+00  -1.882830e+00   9.264351e-06   1.136464e+01   1.405219e-01   4.692770e-01  -1.921382e+00  -1.932414e+00   2.980121e-06   5.188674e+00   9.378041e-02  -1.628226e+00  -1.639268e+00   2.682109e-05   6.157834e+00   1.797040e-01
    23  -1.846024e+00  -1.858176e+00   1.098225e-05   1.136120e+01   1.405252e-01   4.692687e-01  -1.899031e+00  -1.910063e+00   3.477003e-06   5.187123e+00   9.378038e-02  -1.605850e+00  -1.616894e+00   3.129303e-05   6.154336e+00   1.796982e-01
    24  -1.821370e+00  -1.833522e+00   1.301841e-05   1.135735e+01   1.405290e-01   4.692596e-01  -1.876679e+00  -1.887711e+00   4.056664e-06   5.185406e+00   9.378036e-02  -1.583471e+00  -1.594516e+00   3.650997e-05   6.150461e+00   1.796918e-01
    25  -1.796716e+00  -1.808868e+00   1.543170e-05   1.135304e+01   1.405331e-01   4.692493e-01  -1.854327e+00  -1.865360e+00   4.732872e-06   5.183502e+00   9.378034e-02  -1.561088e+00  -1.572135e+00   4.259585e-05   6.146171e+00   1.796847e-01
    26  -1.772062e+00  -1.784214e+00   1.829185e-05   1.134822e+01   1.405378e-01   4.692378e-01  -1.831974e+00  -1.843007e+00   5.521683e-06   5.181394e+00   9.378031e-02  -1.538702e+00  -1.549751e+00   4.969515e-05   6.141420e+00   1.796768e-01
    27  -1.747408e+00  -1.759560e+00   2.168142e-05   1.134284e+01   1.405431e-01   4.692249e-01  -1.809621e+00  -1.820654e+00   6.441814e-06   5.179058e+00   9.378028e-02  -1.516311e+00  -1.527362e+00   5.797633e-05   6.136161e+00   1.796681e-01
    28  -1.722754e+00  -1.734906e+00   2.569820e-05   1.133682e+01   1.405489e-01   4.692105e-01  -1.787267e+00  -1.798300e+00   7.515084e-06   5.176471e+00   9.378024e-02  -1.493916e+00  -1.504969e+00   6.763576e-05   6.130338e+00   1.796584e-01
    29  -1.698100e+00  -1.710252e+00   3.045793e-05   1.133009e+01   1.405555e-01   4.691944e-01  -1.764912e+00  -1.775945e+00   8.766923e-06   5.173605e+00   9.378020e-02  -1.471515e+00  -1.482571e+00   7.890231e-05   6.123894e+00   1.796476e-01
    30  -1.673446e+00  -1.685598e+00   3.609756e-05   1.132255e+01   1.405629e-01   4.691763e-01  -1.742556e+00  -1.753590e+00   1.022697e-05   5.170431e+00   9.378016e-02  -1.449109e+00  -1.460167e+00   9.204273e-05   6.116763e+00   1.796357e-01
    31  -1.648792e+00  -1.660944e+00   4.277923e-05   1.131408e+01   1.405712e-01   4.691561e-01  -1.720199e+00  -1.731233e+00   1.192976e-05   5.166916e+00   9.378012e-02  -1.426696e+00  -1.437758e+00   1.073678e-04   6.108872e+00   1.796224e-01
    32  -1.624138e+00  -1.636290e+00   5.069481e-05   1.130459e+01   1.405805e-01   4.691333e-01  -1.697840e+00  -1.708876e+00   1.391553e-05   5.163024e+00   9.378006e-02  -1.404276e+00  -1.415341e+00   1.252398e-04   6.100143e+00   1.796078e-01
    33  -1.599484e+00  -1.611636e+00   6.007125e-05   1.129398e+01   1.405908e-01   4.691078e-01  -1.675481e+00  -1.686517e+00   1.623115e-05   5.158714e+00   9.378001e-02  -1.381847e+00  -1.392917e+00   1.460803e-04   6.090489e+00   1.795915e-01
    34  -1.574830e+00  -1.586982e+00   7.117693e-05   1.128213e+01   1.406024e-01   4.690792e-01  -1.653120e+00  -1.664157e+00   1.893121e-05   5.153943e+00   9.377994e-02  -1.359411e+00  -1.370484e+00   1.703808e-04   6.079813e+00   1.795735e-01
    35  -1.550176e+00  -1.562328e+00   8.432915e-05   1.126889e+01   1.406153e-01   4.690472e-01  -1.630758e+00  -1.641795e+00   2.207926e-05   5.148661e+00   9.377987e-02  -1.336964e+00  -1.348042e+00   1.987134e-04   6.068011e+00   1.795535e-01
    36  -1.525522e+00  -1.537674e+00   9.990288e-05   1.125411e+01   1.406298e-01   4.690114e-01  -1.608394e+00  -1.619432e+00   2.574932e-05   5.142815e+00   9.377979e-02  -1.314507e+00  -1.325590e+00   2.317439e-04   6.054967e+00   1.795313e-01
    37  -1.500868e+00  -1.513020e+00   1.183411e-04   1.123760e+01   1.406459e-01   4.689713e-01  -1.586028e+00  -1.597067e+00   3.002750e-05   5.136345e+00   9.377971e-02  -1.292037e+00  -1.303127e+00   2.702475e-04   6.040556e+00   1.795067e-01
    38  -1.476214e+00  -1.488366e+00   1.401670e-04   1.121918e+01   1.406640e-01   4.689265e-01  -1.563659e+00  -1.574700e+00   3.501400e-05   5.129186e+00   9.377961e-02  -1.269555e+00  -1.280651e+00   3.151260e-04   6.024639e+00   1.794794e-01
    39  -1.451560e+00  -1.463712e+00   1.659979e-04   1.119864e+01   1.406841e-01   4.688763e-01  -1.541289e+00  -1.552330e+00   4.082538e-05   5.121267e+00   9.377951e-02  -1.247058e+00  -1.258161e+00   3.674284e-04   6.007066e+00   1.794492e-01
    40  -1.426906e+00  -1.439058e+00   1.965608e-04   1.117564e+01   1.407069e-01   4.688202e-01  -1.518916e+00  -1.529958e+00   4.759714e-05   5.112507e+00   9.377939e-02  -1.224545e+00  -1.235655e+00   4.283742e-04   5.987674e+00   1.794156e-01
    41  -1.402252e+00  -1.414404e+00   2.327140e-04   1.114990e+01   1.407325e-01   4.687572e-01  -1.496540e+00  -1.507584e+00   5.548679e-05   5.102821e+00   9.377926e-02  -1.202014e+00  -1.213133e+00   4.993811e-04   5.966282e+00   1.793783e-01
    42  -1.377598e+00  -1.389750e+00   2.754692e-04   1.112114e+01   1.407608e-01   4.686862e-01  -1.474161e+00  -1.485206e+00   6.467734e-05   5.092112e+00   9.377912e-02  -1.179463e+00  -1.190592e+00   5.820960e-04   5.942698e+00   1.793370e-01
    43  -1.352944e+00  -1.365096e+00   3.260168e-04   1.108911e+01   1.407925e-01   4.686067e-01  -1.451778e+00  -1.462825e+00   7.538125e-05   5.080277e+00   9.377896e-02  -1.156890e+00  -1.168030e+00   6.784313e-04   5.916711e+00   1.792911e-01
    44  -1.328290e+00  -1.340442e+00   3.857571e-04   1.105344e+01   1.408277e-01   4.685178e-01  -1.429391e+00  -1.440440e+00   8.784517e-05   5.067200e+00   9.377879e-02  -1.134294e+00  -1.145445e+00   7.906065e-04   5.888095e+00   1.792401e-01
    45  -1.303636e+00  -1.315788e+00   4.563354e-04   1.101374e+01   1.408670e-01   4.684182e-01  -1.407000e+00  -1.418051e+00   1.023551e-04   5.052757e+00   9.377860e-02  -1.111671e+00  -1.122835e+00   9.211963e-04   5.856605e+00   1.791836e-01
    46  -1.278982e+00  -1.291134e+00   5.396835e-04   1.096960e+01   1.409108e-01   4.683068e-01  -1.384604e+00  -1.395658e+00   1.192428e-04   5.036811e+00   9.377839e-02  -1.089018e+00  -1.100197e+00   1.073185e-03   5.821979e+00   1.791208e-01
    47  -1.254328e+00  -1.266480e+00   6.380661e-04   1.092057e+01   1.409596e-01   4.681820e-01  -1.362203e+00  -1.373259e+00   1.388921e-04   5.019213e+00   9.377816e-02  -1.066334e+00  -1.077528e+00   1.250029e-03   5.783938e+00   1.790511e-01
    48  -1.229674e+00  -1.241826e+00   7.541356e-04   1.086614e+01   1.410138e-01   4.680424e-01  -1.339795e+00  -1.350854e+00   1.617478e-04   4.999800e+00   9.377790e-02  -1.043613e+00  -1.054825e+00   1.455730e-03   5.742183e+00   1.789737e-01
    49  -1.205020e+00  -1.217172e+00   8.909924e-04   1.080578e+01   1.410742e-01   4.678862e-01  -1.317381e+00  -1.328444e+00   1.883238e-04   4.978396e+00   9.377762e-02  -1.020853e+00  -1.032084e+00   1.694914e-03   5.696399e+00   1.788877e-01
    50  -1.180366e+00  -1.192518e+00   1.052236e-03   1.073870e+01   1.411423e-01   4.677114e-01  -1.294960e+00  -1.306026e+00   2.192140e-04   4.954810e+00   9.377731e-02  -9.980501e-01  -1.009302e+00   1.972926e-03   5.646254e+00   1.787921e-01
    51  -1.155712e+00  -1.167864e+00   1.242085e-03   1.066427e+01   1.412186e-01   4.675156e-01  -1.272531e+00  -1.283601e+00   2.551039e-04   4.928837e+00   9.377697e-02  -9.751994e-01  -9.864745e-01   2.295935e-03   5.591400e+00   1.786860e-01
    52  -1.131058e+00  -1.143210e+00   1.465437e-03   1.058176e+01   1.413023e-01   4.672947e-01  -1.250093e+00  -1.261167e+00   2.967831e-04   4.900254e+00   9.377659e-02  -9.522962e-01  -9.635968e-01   2.671048e-03   5.531479e+00   1.785679e-01
    53  -1.106404e+00  -1.118556e+00   1.727983e-03   1.049067e+01   1.413951e-01   4.670473e-01  -1.227645e+00  -1.238724e+00   3.451610e-04   4.868822e+00   9.377618e-02  -9.293354e-01  -9.406641e-01   3.106449e-03   5.466119e+00   1.784367e-01
    54  -1.081750e+00  -1.093902e+00   2.036303e-03   1.039028e+01   1.414978e-01   4.667703e-01  -1.205186e+00  -1.216270e+00   4.012824e-04   4.834288e+00   9.377573e-02  -9.063114e-01  -9.176708e-01   3.611542e-03   5.394947e+00   1.782907e-01
    55  -1.057096e+00  -1.069248e+00   2.397991e-03   1.027985e+01   1.416115e-01   4.664602e-01  -1.182715e+00  -1.193805e+00   4.663463e-04   4.796381e+00   9.377524e-02  -8.832181e-01  -8.946112e-01   4.197117e-03   5.317585e+00   1.781284e-01
    56  -1.032442e+00  -1.044594e+00   2.821787e-03   1.015860e+01   1.417370e-01   4.661131e-01  -1.160230e+00  -1.171327e+00   5.417261e-04   4.754812e+00   9.377471e-02  -8.600488e-01  -8.714789e-01   4.875535e-03   5.233662e+00   1.779477e-01
    57  -1.007788e+00  -1.019940e+00   3.317714e-03   1.002577e+01   1.418755e-01   4.657244e-01  -1.137730e+00  -1.148835e+00   6.289911e-04   4.709280e+00   9.377413e-02  -8.367964e-01  -8.482670e-01   5.660920e-03   5.142820e+00   1.777466e-01
    58  -9.831341e-01  -9.952862e-01   3.897227e-03   9.880597e+00   1.420278e-01   4.652893e-01  -1.115214e+00  -1.126327e+00   7.299314e-04   4.659469e+00   9.377349e-02  -8.134534e-01  -8.249681e-01   6.569382e-03   5.044725e+00   1.775227e-01
    59  -9.584801e-01  -9.706322e-01   4.573359e-03   9.722335e+00   1.421952e-01   4.648023e-01  -1.092680e+00  -1.103801e+00   8.465830e-04   4.605051e+00   9.377280e-02  -7.900113e-01  -8.015742e-01   7.619247e-03   4.939070e+00   1.772733e-01
    60  -9.338261e-01  -9.459782e-01   5.360816e-03   9.550294e+00   1.423787e-01   4.642571e-01  -1.070126e+00  -1.081256e+00   9.812558e-04   4.545691e+00   9.377206e-02  -7.664616e-01  -7.780768e-01   8.831303e-03   4.825598e+00   1.769954e-01
    61  -9.091721e-01  -9.213242e-01   6.275996e-03   9.363247e+00   1.425824e-01   4.636469e-01  -1.047549e+00  -1.058690e+00   1.136562e-03   4.481045e+00   9.377126e-02  -7.427948e-01  -7.544670e-01   1.022906e-02   4.704106e+00   1.766858e-01
    62  -8.845181e-01  -8.966702e-01   7.337695e-03   9.160977e+00   1.428058e-01   4.629638e-01  -1.024947e+00  -1.036101e+00   1.315444e-03   4.410773e+00   9.377040e-02  -7.190012e-01  -7.307351e-01   1.183900e-02   4.574463e+00   1.763406e-01
    63  -8.598641e-01  -8.720162e-01   8.566618e-03   8.943304e+00   1.430489e-01   4.621992e-01  -1.002318e+00  -1.013485e+00   1.521208e-03   4.334536e+00   9.376949e-02  -6.950705e-01  -7.068710e-01   1.369088e-02   4.436626e+00   1.759557e-01
    64  -8.352101e-01  -8.473622e-01   9.985416e-03   8.709651e+00   1.433104e-01   4.613399e-01  -9.796586e-01  -9.908405e-01   1.757548e-03   4.252009e+00   9.376852e-02  -6.709918e-01  -6.828643e-01   1.581793e-02   4.290655e+00   1.755264e-01
    65  -8.105561e-01  -8.227082e-01   1.161950e-02   8.460086e+00   1.435914e-01   4.603758e-01  -9.569657e-01  -9.681639e-01   2.028572e-03   4.162888e+00   9.376750e-02  -6.467541e-01  -6.587039e-01   1.825715e-02   4.136725e+00   1.750476e-01
    66  -7.859021e-01  -7.980542e-01   1.349635e-02   8.194976e+00   1.438930e-01   4.592965e-01  -9.342357e-01  -9.454520e-01   2.338830e-03   4.066899e+00   9.376644e-02  -6.223461e-01  -6.343787e-01   2.104947e-02   3.975146e+00   1.745134e-01
    67  -7.612481e-01  -7.734002e-01   1.564566e-02   7.914756e+00   1.442152e-01   4.580885e-01  -9.114647e-01  -9.227010e-01   2.693323e-03   3.963809e+00   9.376534e-02  -5.977563e-01  -6.098772e-01   2.423991e-02   3.806370e+00   1.739176e-01
    68  -7.365941e-01  -7.487462e-01   1.809927e-02   7.620136e+00   1.445571e-01   4.567367e-01  -8.886483e-01  -8.999067e-01   3.097518e-03   3.853439e+00   9.376423e-02  -5.729732e-01  -5.851880e-01   2.787766e-02   3.631005e+00   1.732530e-01
    69  -7.119401e-01  -7.240922e-01   2.089096e-02   7.312123e+00   1.449176e-01   4.552243e-01  -8.657818e-01  -8.770646e-01   3.557342e-03   3.735678e+00   9.376313e-02  -5.479858e-01  -5.602998e-01   3.201608e-02   3.449814e+00   1.725118e-01
    70  -6.872861e-01  -6.994382e-01   2.405619e-02   6.992028e+00   1.452946e-01   4.535323e-01  -8.428598e-01  -8.541696e-01   4.079169e-03   3.610498e+00   9.376206e-02  -5.227832e-01  -5.352017e-01   3.671252e-02   3.263723e+00   1.716857e-01
    71  -6.626321e-01  -6.747842e-01   2.763178e-02   6.661467e+00   1.456853e-01   4.516402e-01  -8.198765e-01  -8.312161e-01   4.669785e-03   3.477969e+00   9.376106e-02  -4.973556e-01  -5.098833e-01   4.202806e-02   3.073805e+00   1.707655e-01
    72  -6.379781e-01  -6.501302e-01   3.165549e-02   6.322338e+00   1.460857e-01   4.495248e-01  -7.968254e-01  -8.081980e-01   5.336336e-03   3.338271e+00   9.376020e-02  -4.716941e-01  -4.843353e-01   4.802703e-02   2.881275e+00   1.697412e-01
    73  -6.133241e-01  -6.254762e-01   3.616560e-02   5.976801e+00   1.464909e-01   4.471606e-01  -7.736995e-01  -7.851085e-01   6.086254e-03   3.191713e+00   9.375954e-02  -4.457913e-01  -4.585496e-01   5.477629e-02   2.687464e+00   1.686024e-01
    74  -5.886701e-01  -6.008222e-01   4.120033e-02   5.627226e+00   1.468945e-01   4.445197e-01  -7.504907e-01  -7.619401e-01   6.927149e-03   3.038743e+00   9.375918e-02  -4.196416e-01  -4.325196e-01   6.234434e-02   2.493793e+00   1.673380e-01
    75  -5.640161e-01  -5.761682e-01   4.679740e-02   5.276143e+00   1.472888e-01   4.415711e-01  -7.271904e-01  -7.386843e-01   7.866679e-03   2.879958e+00   9.375923e-02  -3.932415e-01  -4.062410e-01   7.080011e-02   2.301738e+00   1.659365e-01
    76  -5.393621e-01  -5.515142e-01   5.299341e-02   4.926165e+00   1.476646e-01   4.382809e-01  -7.037888e-01  -7.153320e-01   8.912390e-03   2.716111e+00   9.375984e-02  -3.665903e-01  -3.797115e-01   8.021151e-02   2.112791e+00   1.643864e-01
    77  -5.147081e-01  -5.268602e-01   5.982344e-02   4.579923e+00   1.480113e-01   4.346123e-01  -6.802753e-01  -6.918730e-01   1.007152e-02   2.548109e+00   9.376122e-02  -3.396901e-01  -3.529320e-01   9.064369e-02   1.928412e+00   1.626760e-01
    78  -4.900541e-01  -5.022062e-01   6.732053e-02   4.239976e+00   1.483165e-01   4.305249e-01  -6.566379e-01  -6.682958e-01   1.135078e-02   2.377013e+00   9.376360e-02  -3.125465e-01  -3.259063e-01   1.021570e-01   1.749993e+00   1.607942e-01
    79  -4.654001e-01  -4.775522e-01   7.551538e-02   3.908741e+00   1.485666e-01   4.259754e-01  -6.328634e-01  -6.445880e-01   1.275612e-02   2.204022e+00   9.376731e-02  -2.851684e-01  -2.986417e-01   1.148050e-01   1.578807e+00   1.587306e-01
    80  -4.407461e-01  -4.528982e-01   8.443609e-02   3.588420e+00   1.487466e-01   4.209168e-01  -6.089370e-01  -6.207355e-01   1.429243e-02   2.030455e+00   9.377275e-02  -2.575690e-01  -2.711495e-01   1.286319e-01   1.415973e+00   1.564761e-01
    81  -4.160921e-01  -4.282442e-01   9.410794e-02   3.280939e+00   1.488405e-01   4.152990e-01  -5.848423e-01  -5.967226e-01   1.596333e-02   1.857722e+00   9.378042e-02  -2.297651e-01  -2.434446e-01   1.436700e-01   1.262427e+00   1.540232e-01
    82  -3.914381e-01  -4.035902e-01   1.045534e-01   2.987905e+00   1.488316e-01   4.090689e-01  -5.605608e-01  -5.725318e-01   1.777087e-02   1.687295e+00   9.379097e-02  -2.017777e-01  -2.155460e-01   1.599378e-01   1.118893e+00   1.513665e-01
    83  -3.667841e-01  -3.789362e-01   1.157899e-01   2.710580e+00   1.487028e-01   4.021705e-01  -5.360719e-01  -5.481437e-01   1.971527e-02   1.520659e+00   9.380519e-02  -1.736314e-01  -1.874766e-01   1.774374e-01   9.858757e-01   1.485035e-01
    84  -3.421301e-01  -3.542822e-01   1.278101e-01   2.449386e+00   1.484274e-01   3.945070e-01  -5.113523e-01  -5.235362e-01   2.179475e-02   1.359277e+00   9.382409e-02  -1.453546e-01  -1.592629e-01   1.961527e-01   8.636564e-01   1.454343e-01
    85  -3.174761e-01  -3.296282e-01   1.406435e-01   2.205100e+00   1.479903e-01   3.860196e-01  -4.863760e-01  -4.986846e-01   2.400535e-02   1.204533e+00   9.384895e-02  -1.169787e-01  -1.309350e-01   2.160481e-01   7.523002e-01   1.421627e-01
    86  -2.928221e-01  -3.049742e-01   1.542998e-01   1.978261e+00   1.473815e-01   3.766675e-01  -4.611132e-01  -4.735609e-01   2.634082e-02   1.057693e+00   9.388134e-02  -8.853756e-02  -1.025254e-01   2.370673e-01   6.516734e-01   1.386959e-01
    87  -2.681681e-01  -2.803202e-01   1.687858e-01   1.768815e+00   1.465875e-01   3.663912e-01  -4.355303e-01  -4.481334e-01   2.879262e-02   9.198589e-01   9.392324e-02  -6.006720e-02  -7.406912e-02   2.591336e-01   5.614701e-01   1.350484e-01
    88  -2.435141e-01  -2.556662e-01   1.841054e-01   1.576442e+00   1.455968e-01   3.551351e-01  -4.095892e-01  -4.223661e-01   3.134998e-02   7.919301e-01   9.397711e-02  -3.160495e-02  -4.560295e-02   2.821498e-01   4.812370e-01   1.312345e-01
    89  -2.188601e-01  -2.310122e-01   2.002119e-01   1.400460e+00   1.444066e-01   3.428128e-01  -3.832463e-01  -3.962181e-01   3.400006e-02   6.745791e-01   9.404600e-02  -3.188693e-03  -1.716445e-02   3.060005e-01   4.104044e-01   1.272714e-01
    90  -1.942061e-01  -2.063582e-01   2.171428e-01   1.240270e+00   1.430084e-01   3.293709e-01  -3.564517e-01  -3.696424e-01   3.672816e-02   5.682323e-01   9.413367e-02   2.514391e-02   1.120862e-02   3.305535e-01   3.483178e-01   1.231792e-01
    91  -1.695521e-01  -1.817042e-01   2.348926e-01   1.095189e+00   1.413930e-01   3.148060e-01  -3.291486e-01  -3.425856e-01   3.951809e-02   4.730653e-01   9.424469e-02   5.335659e-02   3.947931e-02   3.556628e-01   2.942642e-01   1.189841e-01
    92  -1.448981e-01  -1.570502e-01   2.534515e-01   9.642929e-01   1.395601e-01   2.991033e-01  -3.012717e-01  -3.149865e-01   4.235249e-02   3.890095e-01   9.438459e-02   8.141471e-02   6.761220e-02   3.811724e-01   2.475098e-01   1.147128e-01
    93  -1.202441e-01  -1.323962e-01   2.726784e-01   8.464085e-01   1.374990e-01   2.821843e-01  -2.727466e-01  -2.867750e-01   4.521329e-02   3.157696e-01   9.455995e-02   1.092856e-01   9.557370e-02   4.069196e-01   2.073207e-01   1.103889e-01
    94  -9.559009e-02  -1.077422e-01   2.925929e-01   7.404389e-01   1.352117e-01   2.639555e-01  -2.434886e-01  -2.578713e-01   4.808216e-02   2.528508e-01   9.477829e-02   1.369396e-01   1.233327e-01   4.327394e-01   1.729746e-01   1.060393e-01
    95  -7.093609e-02  -8.308817e-02   3.132321e-01   6.458851e-01   1.327202e-01   2.446907e-01  -2.134018e-01  -2.281847e-01   5.094094e-02   1.995922e-01   9.504788e-02   1.643505e-01   1.508613e-01   4.584685e-01   1.437806e-01   1.016932e-01
    96  -4.628209e-02  -5.843417e-02   3.345627e-01   5.617725e-01   1.300360e-01   2.244365e-01  -1.823790e-01  -1.976135e-01   5.377208e-02   1.552052e-01   9.537698e-02   1.914952e-01   1.781349e-01   4.839488e-01   1.190967e-01   9.737219e-02
    97  -2.162809e-02  -3.378016e-02   3.564495e-01   4.871526e-01   1.271720e-01   2.033227e-01  -1.503029e-01  -1.660449e-01   5.655903e-02   1.188132e-01   9.577228e-02   2.183543e-01   2.051324e-01   5.090312e-01   9.832523e-02   9.310090e-02
    98   3.025916e-03  -9.126164e-03   3.789388e-01   4.211723e-01   1.241385e-01   1.816704e-01  -1.170487e-01  -1.333576e-01   5.928652e-02   8.949001e-02   9.623581e-02   2.449127e-01   2.318365e-01   5.335787e-01   8.092447e-02   8.890180e-02
    99   2.767992e-02   1.552784e-02   4.019586e-01   3.629970e-01   1.209537e-01   1.593827e-01  -8.249123e-02  -9.942631e-02   6.194091e-02   6.629593e-02   9.675932e-02   2.711581e-01   2.582336e-01   5.574682e-01   6.641068e-02   8.479079e-02
   100   5.233392e-02   4.018184e-02   4.253303e-01   3.118639e-01   1.176300e-01   1.371741e-01  -4.652615e-02  -6.413650e-02   6.451030e-02   4.832183e-02   9.731267e-02   2.970826e-01   2.843138e-01   5.805927e-01   5.435068e-02   8.078678e-02
   101   7.698792e-02   6.483584e-02   4.489991e-01   2.669265e-01   1.141636e-01   1.150781e-01  -9.084986e-03  -2.740221e-02   6.698469e-02   3.468237e-02   9.783736e-02   3.226817e-01   3.100707e-01   6.028622e-01   4.436681e-02   7.690249e-02
   102   1.016419e-01   8.948984e-02   4.729376e-01   2.276569e-01   1.105963e-01   9.279448e-02   2.983521e-02   1.081096e-02   6.935597e-02   2.455619e-02   9.822843e-02   3.479534e-01   3.355013e-01   6.242038e-01   3.613036e-02   7.314726e-02
   103   1.262959e-01   1.141438e-01   4.970858e-01   1.935059e-01   1.069374e-01   7.245656e-02   7.012485e-02   5.044708e-02   7.161799e-02   1.720859e-02   9.831030e-02   3.728998e-01   3.606057e-01   6.445619e-01   2.935601e-02   6.953187e-02
   104   1.509499e-01   1.387978e-01   5.213710e-01   1.638752e-01   1.032240e-01   5.220277e-02   1.115288e-01   9.132008e-02   7.376638e-02   1.199210e-02   9.785854e-02   3.975251e-01   3.853870e-01   6.638974e-01   2.380109e-02   6.606084e-02
   105   1.756039e-01   1.634518e-01   5.456505e-01   1.382748e-01   9.946028e-02   3.403027e-02   1.536512e-01   1.331005e-01   7.579851e-02   8.354528e-03   9.663868e-02   4.218359e-01   4.098506e-01   6.821866e-01   1.925868e-02   6.273731e-02
   106   2.002579e-01   1.881058e-01   5.698874e-01   1.162258e-01   9.567031e-02   1.715517e-02   1.959816e-01   1.753319e-01   7.771330e-02   5.851373e-03   9.447961e-02   4.458414e-01   4.340045e-01   6.994197e-01   1.555335e-02   5.956457e-02
   107   2.249119e-01   2.127598e-01   5.939321e-01   9.730574e-02   9.187364e-02   1.429405e-03   2.379938e-01   2.174955e-01   7.951106e-02   4.136716e-03   9.135394e-02   4.695523e-01   4.578586e-01   7.155996e-01   1.253828e-02   5.654155e-02
   108   2.495659e-01   2.374138e-01   6.177179e-01   8.113794e-02   8.807871e-02  -1.157062e-02   2.792300e-01   2.591012e-01   8.119333e-02   2.958672e-03   8.740187e-02   4.929805e-01   4.814243e-01   7.307399e-01   1.009040e-02   5.366641e-02
   109   2.742199e-01   2.620678e-01   6.411377e-01   6.737236e-02   8.431311e-02  -2.419712e-02   3.193549e-01   2.997557e-01   8.276263e-02   2.141955e-03   8.285658e-02   5.161398e-01   5.047145e-01   7.448636e-01   8.107068e-03   5.093731e-02
   110   2.988739e-01   2.867218e-01   6.640818e-01   5.570474e-02   8.058060e-02  -3.392240e-02   3.581768e-01   3.391995e-01   8.422234e-02   1.568115e-03   7.799640e-02   5.390446e-01   5.277432e-01   7.580011e-01   6.503390e-03   4.834989e-02
   111   3.235279e-01   3.113758e-01   6.864832e-01   4.585562e-02   7.690495e-02  -4.280046e-02   3.956104e-01   3.772968e-01   8.557652e-02   1.159600e-03   7.304436e-02   5.617098e-01   5.505250e-01   7.701887e-01   5.209153e-03   4.589928e-02
   112   3.481819e-01   3.360299e-01   7.082314e-01   3.758067e-02   7.329630e-02  -5.057562e-02   4.316602e-01   4.140092e-01   8.682971e-02   8.647101e-04   6.818016e-02   5.841511e-01   5.730754e-01   7.814674e-01   4.166482e-03   4.358053e-02
   113   3.728359e-01   3.606839e-01   7.292590e-01   3.065929e-02   6.976410e-02  -5.629918e-02   4.663737e-01   4.493637e-01   8.798682e-02   6.494875e-04   6.350850e-02   6.063842e-01   5.954099e-01   7.918814e-01   3.327914e-03   4.138808e-02
   114   3.974899e-01   3.853379e-01   7.495108e-01   2.489841e-02   6.632446e-02  -6.152749e-02   4.998328e-01   4.834254e-01   8.905301e-02   4.907125e-04   5.909910e-02   6.284250e-01   6.175444e-01   8.014771e-01   2.654612e-03   3.931567e-02
   115   4.221439e-01   4.099919e-01   7.689021e-01   2.012756e-02   6.298348e-02  -6.567271e-02   5.321270e-01   5.162800e-01   9.003354e-02   3.726336e-04   5.497681e-02   6.502888e-01   6.394945e-01   8.103019e-01   2.114846e-03   3.735717e-02
   116   4.467979e-01   4.346459e-01   7.873976e-01   1.619517e-02   5.974921e-02  -6.857245e-02   5.633523e-01   5.480203e-01   9.093373e-02   2.841514e-04   5.115363e-02   6.719912e-01   6.612756e-01   8.184036e-01   1.682773e-03   3.550660e-02
   117   4.714519e-01   4.592999e-01   8.049633e-01   1.297132e-02   5.663027e-02  -7.097971e-02   5.936025e-01   5.787408e-01   9.175884e-02   2.174423e-04   4.762198e-02   6.935471e-01   6.829029e-01   8.258295e-01   1.337403e-03   3.375790e-02
   118   4.961059e-01   4.839539e-01   8.215639e-01   1.034194e-02   5.363078e-02  -7.280842e-02   6.229651e-01   6.085319e-01   9.251402e-02   1.668965e-04   4.436911e-02   7.149708e-01   7.043910e-01   8.326262e-01   1.061723e-03   3.210501e-02
   119   5.207599e-01   5.086079e-01   8.371823e-01   8.207896e-03   5.075286e-02  -7.358753e-02   6.515237e-01   6.374791e-01   9.320429e-02   1.284183e-04   4.137884e-02   7.362762e-01   7.257541e-01   8.388386e-01   8.419617e-04   3.054216e-02
   120   5.454139e-01   5.332619e-01   8.518219e-01   6.485355e-03   4.800058e-02  -7.392657e-02   6.793548e-01   6.656621e-01   9.383445e-02   9.901909e-05   3.863060e-02   7.574763e-01   7.470056e-01   8.445100e-01   6.669980e-04   2.906385e-02
   121   5.700679e-01   5.579159e-01   8.654865e-01   5.102146e-03   4.537446e-02  -7.381562e-02   7.065279e-01   6.931539e-01   9.440910e-02   7.648765e-05   3.610520e-02   7.785836e-01   7.681582e-01   8.496819e-01   5.278688e-04   2.766490e-02
   122   5.947219e-01   5.825699e-01   8.781891e-01   3.997044e-03   4.287424e-02  -7.324056e-02   7.331072e-01   7.200209e-01   9.493262e-02   5.917034e-05   3.378410e-02   7.996100e-01   7.892241e-01   8.543935e-01   4.173649e-04   2.634033e-02
   123   6.193759e-01   6.072239e-01   8.899449e-01   3.118526e-03   4.049820e-02  -7.218876e-02   7.591515e-01   7.463246e-01   9.540910e-02   4.582952e-05   3.164892e-02   8.205664e-01   8.102146e-01   8.586819e-01   3.296952e-04   2.508544e-02
   124   6.440299e-01   6.318779e-01   9.007884e-01   2.423515e-03   3.824374e-02  -7.070279e-02   7.847135e-01   7.721205e-01   9.584241e-02   3.553311e-05   2.968218e-02   8.414631e-01   8.311404e-01   8.625817e-01   2.602156e-04   2.389585e-02
   125   6.686839e-01   6.565319e-01   9.107561e-01   1.876370e-03   3.610826e-02  -6.890696e-02   8.098412e-01   7.974590e-01   9.623618e-02   2.757351e-05   2.786861e-02   8.623097e-01   8.520115e-01   8.661256e-01   2.052081e-04   2.276749e-02
   126   6.933379e-01   6.811859e-01   9.198869e-01   1.447604e-03   3.408805e-02  -6.682899e-02   8.345782e-01   8.223858e-01   9.659376e-02   2.141164e-05   2.619405e-02   8.831150e-01   8.728369e-01   8.693438e-01   1.617008e-04   2.169657e-02
   127   7.179919e-01   7.058399e-01   9.281388e-01   1.112911e-03   3.217878e-02  -6.451360e-02   8.589642e-01   8.469423e-01   9.691827e-02   1.663601e-05   2.464543e-02   9.038872e-01   8.936253e-01   8.722644e-01   1.273213e-04   2.067958e-02
   128   7.426459e-01   7.304939e-01   9.356455e-01   8.527820e-04   3.037598e-02  -6.200233e-02   8.830353e-01   8.711665e-01   9.721261e-02   1.293127e-05   2.321096e-02   9.246339e-01   9.143844e-01   8.749135e-01   1.001790e-04   1.971324e-02
   129   7.672999e-01   7.551479e-01   9.424602e-01   6.515687e-04   2.867479e-02  -5.933333e-02   9.068239e-01   8.950925e-01   9.747945e-02   1.005509e-05   2.187996e-02   9.453620e-01   9.351216e-01   8.773151e-01   7.876844e-05   1.879454e-02
   130   7.919539e-01   7.798019e-01   9.486307e-01   4.965024e-04   2.707025e-02  -5.654549e-02   9.303594e-01   9.187511e-01   9.772124e-02   7.820837e-06   2.064302e-02   9.660777e-01   9.558433e-01   8.794912e-01   6.189300e-05   1.792066e-02
   131   8.166080e-01   8.044559e-01   9.542041e-01   3.774118e-04   2.555732e-02  -5.368774e-02   9.536682e-01   9.421702e-01   9.794025e-02   6.084316e-06   1.949169e-02   9.867868e-01   9.765556e-01   8.814623e-01   4.860230e-05   1.708902e-02
   132   8.412620e-01   8.291099e-01   9.592267e-01   2.862425e-04   2.413106e-02  -5.080184e-02   9.767745e-01   9.653750e-01   9.813854e-02   4.734090e-06   1.841835e-02   1.007495e+00   9.972641e-01   8.832469e-01   3.814258e-05   1.629722e-02
   133   8.659160e-01   8.537639e-01   9.636858e-01   2.166314e-04   2.278678e-02  -4.791576e-02   9.997001e-01   9.883886e-01   9.831802e-02   3.683890e-06   1.741615e-02   1.028206e+00   1.017973e+00   8.848622e-01   2.991661e-05   1.554303e-02
   134   8.905700e-01   8.784179e-01   9.676879e-01   1.636320e-04   2.151982e-02  -4.505615e-02   1.022465e+00   1.011232e+00   9.848042e-02   2.866848e-06   1.647897e-02   1.048924e+00   1.038688e+00   8.863237e-01   2.345170e-05   1.482441e-02
   135   9.152240e-01   9.030719e-01   9.712767e-01   1.233992e-04   2.032548e-02  -4.225256e-02   1.045086e+00   1.033923e+00   9.862732e-02   2.231084e-06   1.560133e-02   1.069654e+00   1.059413e+00   8.876458e-01   1.837411e-05   1.413945e-02
   136   9.398780e-01   9.277259e-01   9.744897e-01   9.292451e-05   1.919948e-02  -3.952806e-02   1.067580e+00   1.056479e+00   9.876016e-02   1.736313e-06   1.477833e-02   1.090399e+00   1.080151e+00   8.888415e-01   1.438857e-05   1.348635e-02
   137   9.645320e-01   9.523799e-01   9.773621e-01   6.988647e-05   1.813775e-02  -3.690076e-02   1.089962e+00   1.078915e+00   9.888027e-02   1.351233e-06   1.400558e-02   1.111162e+00   1.100904e+00   8.899225e-01   1.126204e-05   1.286348e-02
   138   9.891860e-01   9.770339e-01   9.799045e-01   5.250025e-05   1.713648e-02  -3.438124e-02   1.112245e+00   1.101246e+00   9.898885e-02   1.051512e-06   1.327913e-02   1.131945e+00   1.121678e+00   8.908996e-01   8.810767e-06   1.226930e-02
   139   1.013840e+00   1.001688e+00   9.821603e-01   3.939730e-05   1.619218e-02  -3.197110e-02   1.134439e+00   1.123484e+00   9.908698e-02   8.182247e-07   1.259543e-02   1.152751e+00   1.142472e+00   8.917828e-01   6.889941e-06   1.170236e-02
   140   1.038494e+00   1.026342e+00   9.841721e-01   2.954020e-05   1.530124e-02  -2.968396e-02   1.156558e+00   1.145639e+00   9.917565e-02   6.366483e-07   1.195130e-02   1.173582e+00   1.163291e+00   8.925808e-01   5.385553e-06   1.116133e-02
   141   1.063148e+00   1.050996e+00   9.859646e-01   2.213366e-05   1.446048e-02  -2.752220e-02   1.178609e+00   1.167723e+00   9.925576e-02   4.953246e-07   1.134385e-02   1.194439e+00   1.184136e+00   8.933019e-01   4.207901e-06   1.064495e-02
   142   1.087802e+00   1.075650e+00   9.875604e-01   1.657418e-05   1.366691e-02  -2.548604e-02   1.200602e+00   1.189744e+00   9.932813e-02   3.853357e-07   1.077048e-02   1.215325e+00   1.205007e+00   8.939532e-01   3.286459e-06   1.015203e-02
   143   1.112456e+00   1.100304e+00   9.889731e-01   1.240487e-05   1.291775e-02  -2.357393e-02   1.222544e+00   1.211711e+00   9.939350e-02   2.997397e-07   1.022881e-02   1.236240e+00   1.225908e+00   8.945415e-01   2.565815e-06   9.681479e-03
   144   1.137110e+00   1.124958e+00   9.902165e-01   9.280208e-06   1.221045e-02  -2.178784e-02   1.244443e+00   1.233632e+00   9.945254e-02   2.331322e-07   9.716697e-03   1.257185e+00   1.246839e+00   8.950729e-01   2.002457e-06   9.232241e-03
   145   1.161764e+00   1.149612e+00   9.913226e-01   6.940333e-06   1.154249e-02  -2.012489e-02   1.266305e+00   1.255512e+00   9.950586e-02   1.813054e-07   9.232194e-03   1.278161e+00   1.267800e+00   8.955527e-01   1.562243e-06   8.803335e-03
   146   1.186418e+00   1.174266e+00   9.923060e-01   5.189130e-06   1.091156e-02  -1.857551e-02   1.288136e+00   1.277358e+00   9.955400e-02   1.409836e-07   8.773514e-03   1.299170e+00   1.288793e+00   8.959860e-01   1.218394e-06   8.393834e-03
   147   1.211072e+00   1.198920e+00   9.931799e-01   3.879066e-06   1.031552e-02  -1.713435e-02   1.309941e+00   1.299176e+00   9.959747e-02   1.096161e-07   8.339029e-03   1.320211e+00   1.309818e+00   8.963772e-01   9.499183e-07   8.002859e-03
   148   1.235726e+00   1.223574e+00   9.939561e-01   2.899360e-06   9.752373e-03  -1.579582e-02   1.331725e+00   1.320970e+00   9.963672e-02   8.521733e-08   7.927246e-03   1.341284e+00   1.330875e+00   8.967304e-01   7.403729e-07   7.629580e-03
   149   1.260380e+00   1.248228e+00   9.946374e-01   2.166911e-06   9.220240e-03  -1.455365e-02   1.353491e+00   1.342744e+00   9.967214e-02   6.624128e-08   7.536795e-03   1.362390e+00   1.351965e+00   8.970493e-01   5.768812e-07   7.273211e-03
   150   1.285034e+00   1.272882e+00   9.952416e-01   1.619441e-06   8.717363e-03  -1.340214e-02   1.375243e+00   1.364503e+00   9.970413e-02   5.148459e-08   7.166415e-03   1.383528e+00   1.373088e+00   8.973371e-01   4.493656e-07   6.933005e-03
   151   1.309688e+00   1.297536e+00   9.957785e-01   1.210295e-06   8.242081e-03  -1.233662e-02   1.396985e+00   1.386250e+00   9.973300e-02   4.001054e-08   6.814943e-03   1.404699e+00   1.394243e+00   8.975970e-01   3.499426e-07   6.608254e-03
   152   1.334342e+00   1.322190e+00   9.962550e-01   9.045486e-07   7.792849e-03  -1.135493e-02   1.418719e+00   1.407988e+00   9.975905e-02   3.109005e-08   6.481306e-03   1.425902e+00   1.415430e+00   8.978315e-01   2.724481e-07   6.298284e-03
   153   1.358996e+00   1.346844e+00   9.966783e-01   6.760830e-07   7.368218e-03  -1.045197e-02   1.440448e+00   1.429720e+00   9.978257e-02   2.415573e-08   6.164510e-03   1.447137e+00   1.436649e+00   8.980432e-01   2.120639e-07   6.002456e-03
   154   1.383650e+00   1.371498e+00   9.970539e-01   5.053676e-07   6.966819e-03  -9.617463e-03   1.462174e+00   1.451447e+00   9.980380e-02   1.876606e-08   5.863633e-03   1.468402e+00   1.457900e+00   8.982342e-01   1.650262e-07   5.720162e-03
   155   1.408304e+00   1.396152e+00   9.973834e-01   3.778051e-07   6.587373e-03  -8.846174e-03   1.483898e+00   1.473172e+00   9.982296e-02   1.457751e-08   5.577821e-03   1.489698e+00   1.479181e+00   8.984066e-01   1.283952e-07   5.450824e-03
   156   1.432958e+00   1.420806e+00   9.976763e-01   2.824812e-07   6.228677e-03  -8.133268e-03   1.505622e+00   1.494896e+00   9.984025e-02   1.132282e-08   5.306280e-03   1.511023e+00   1.500491e+00   8.985622e-01   9.987636e-08   5.193891e-03
   157   1.457612e+00   1.445460e+00   9.979366e-01   2.112399e-07   5.889599e-03  -7.474285e-03   1.527347e+00   1.516620e+00   9.985585e-02   8.794100e-09   5.048269e-03   1.532376e+00   1.521830e+00   8.987027e-01   7.767884e-08   4.948843e-03
   158   1.482266e+00   1.470114e+00   9.981680e-01   1.579913e-07   5.569076e-03  -6.864708e-03   1.549073e+00   1.538346e+00   9.986993e-02   6.829674e-09   4.803100e-03   1.553755e+00   1.543197e+00   8.988294e-01   6.040575e-08   4.715182e-03
   159   1.506920e+00   1.494768e+00   9.983735e-01   1.181861e-07   5.266111e-03  -6.300182e-03   1.570801e+00   1.560073e+00   9.988264e-02   5.303798e-09   4.570131e-03   1.575159e+00   1.564589e+00   8.989438e-01   4.696776e-08   4.492438e-03
   160   1.531574e+00   1.519422e+00   9.985560e-01   8.842615e-08   4.979768e-03  -5.782473e-03   1.592531e+00   1.581802e+00   9.989411e-02   4.118707e-09   4.348765e-03   1.596587e+00   1.586005e+00   8.990470e-01   3.651569e-08   4.280166e-03
   161   1.556228e+00   1.544076e+00   9.987167e-01   6.617345e-08   4.709167e-03  -5.301446e-03   1.614261e+00   1.603532e+00   9.990446e-02   3.198393e-09   4.138445e-03   1.618035e+00   1.607443e+00   8.991401e-01   2.838774e-08   4.077943e-03
   162   1.580882e+00   1.568730e+00   9.988593e-01   4.953196e-08   4.453496e-03  -4.850301e-03   1.635993e+00   1.625263e+00   9.991379e-02   2.483775e-09   3.938652e-03   1.639501e+00   1.628900e+00   8.992241e-01   2.206835e-08   3.885372e-03
   163   1.605536e+00   1.593384e+00   9.989861e-01   3.708370e-08   4.211969e-03  -4.426923e-03   1.657723e+00   1.646994e+00   9.992222e-02   1.928931e-09   3.748904e-03   1.660982e+00   1.650374e+00   8.993000e-01   1.715597e-08   3.702078e-03
   164   1.630190e+00   1.618038e+00   9.990990e-01   2.777035e-08   3.983862e-03  -4.027064e-03   1.679449e+00   1.668722e+00   9.992982e-02   1.498178e-09   3.568755e-03   1.682475e+00   1.671861e+00   8.993684e-01   1.333794e-08   3.527713e-03
   165   1.654844e+00   1.642692e+00   9.991994e-01   2.080109e-08   3.768498e-03  -3.646274e-03   1.701170e+00   1.690445e+00   9.993668e-02   1.163788e-09   3.397790e-03   1.703975e+00   1.693358e+00   8.994301e-01   1.037091e-08   3.361948e-03
   166   1.679498e+00   1.667346e+00   9.992887e-01   1.558490e-08   3.565248e-03  -3.279796e-03   1.722881e+00   1.712161e+00   9.994287e-02   9.042200e-10   3.235629e-03   1.725476e+00   1.714859e+00   8.994858e-01   8.065483e-09   3.204483e-03
   167   1.704152e+00   1.692000e+00   9.993681e-01   1.168001e-08   3.373529e-03  -2.931306e-03   1.744578e+00   1.733865e+00   9.994845e-02   7.027420e-10   3.081922e-03   1.746974e+00   1.736358e+00   8.995361e-01   6.274312e-09   3.055039e-03
   168   1.728806e+00   1.716654e+00   9.994380e-01   8.756346e-09   3.192852e-03  -2.586469e-03   1.766255e+00   1.755551e+00   9.995349e-02   5.463580e-10   2.936352e-03   1.768460e+00   1.757850e+00   8.995814e-01   4.882791e-09   2.913365e-03
   169   1.753460e+00   1.741308e+00   9.995003e-01   6.566809e-09   3.022729e-03  -2.229403e-03   1.787905e+00   1.777215e+00   9.995804e-02   4.249759e-10   2.798630e-03   1.789926e+00   1.779325e+00   8.996223e-01   3.801799e-09   2.779233e-03
   170   1.778114e+00   1.765962e+00   9.995558e-01   4.926602e-09   2.862680e-03  -1.859920e-03   1.809520e+00   1.798847e+00   9.996214e-02   3.307592e-10   2.668502e-03   1.811361e+00   1.800776e+00   8.996593e-01   2.962049e-09   2.652445e-03
   171   1.802768e+00   1.790616e+00   9.996053e-01   3.697616e-09   2.712304e-03  -1.468765e-03   1.831090e+00   1.820439e+00   9.996584e-02   2.576243e-10   2.545741e-03   1.832754e+00   1.822190e+00   8.996926e-01   2.309683e-09   2.532827e-03
   172   1.827422e+00   1.815270e+00   9.996495e-01   2.776526e-09   2.571246e-03  -1.044989e-03   1.852602e+00   1.841979e+00   9.996918e-02   2.008482e-10   2.430155e-03   1.854090e+00   1.843553e+00   8.997226e-01   1.802847e-09   2.420238e-03
   173   1.852076e+00   1.839924e+00   9.996889e-01   2.086016e-09   2.439197e-03  -5.755673e-04   1.874040e+00   1.863453e+00   9.997219e-02   1.567654e-10   2.321580e-03   1.875351e+00   1.864850e+00   8.997498e-01   1.409021e-09   2.314563e-03
   174   1.876730e+00   1.864578e+00   9.997239e-01   1.568220e-09   2.315909e-03  -7.303114e-05   1.895388e+00   1.884846e+00   9.997491e-02   1.225310e-10   2.219887e-03   1.896517e+00   1.886063e+00   8.997742e-01   1.102943e-09   2.215717e-03
   175   1.901384e+00   1.889232e+00   9.997549e-01   1.179928e-09   2.201478e-03   5.406132e-04   1.916624e+00   1.906136e+00   9.997737e-02   9.593714e-11   2.124973e-03   1.917564e+00   1.907168e+00   8.997963e-01   8.649914e-10   2.123645e-03
   176   1.926038e+00   1.913886e+00   9.997827e-01   8.885775e-10   2.095567e-03   1.270208e-03   1.937723e+00   1.927302e+00   9.997958e-02   7.527097e-11   2.036773e-03   1.938464e+00   1.928140e+00   8.998162e-01   6.799284e-10   2.038322e-03
   177   1.950692e+00   1.938540e+00   9.998076e-01   6.698723e-10   1.998086e-03   2.128348e-03   1.958656e+00   1.948315e+00   9.998158e-02   5.920219e-11   1.955286e-03   1.959185e+00   1.948948e+00   8.998342e-01   5.359210e-10   1.959756e-03
   178   1.975346e+00   1.963194e+00   9.998300e-01   5.055738e-10   1.909248e-03   3.004262e-03   1.979397e+00   1.969150e+00   9.998338e-02   4.668266e-11   1.881208e-03   1.979692e+00   1.969560e+00   8.998504e-01   4.237284e-10   1.888223e-03
   179   2.000000e+00   1.987848e+00   9.998500e-01   3.811508e-10   1.834269e-03   2.685818e-03   2.000000e+00   1.989820e+00   9.998500e-02   3.675789e-11   1.822610e-03   2.000000e+00   1.989965e+00   8.998650e-01   3.353035e-10   1.828872e-03
