     i          log_r       log_rmid          m_tot        rho_tot         v2_tot            eta     lgr[heavy]    lgrm[heavy]       m[heavy]     rho[heavy]      v2[heavy]     lgr[light]    lgrm[light]       m[light]     rho[light]      v2[light]
     0  -4.517982e+00  -4.819012e+00   1.041750e-07   1.083858e+07   1.971171e-01            nan  -4.517982e+00  -4.819012e+00   9.998500e-08   1.073992e+07   1.954016e-01  -3.077783e+00  -3.378813e+00   8.998650e-07   4.620051e+03   3.942344e-01
     1  -4.481568e+00  -4.499394e+00   1.331078e-07   1.068771e+07   1.962920e-01            nan  -4.495446e+00  -4.506567e+00   1.166721e-07   1.064111e+07   1.953995e-01  -3.036384e+00  -3.056590e+00   1.050049e-06   2.329142e+03   3.965915e-01
     2  -4.445155e+00  -4.462980e+00   1.701653e-07   1.066565e+07   1.962280e-01            nan  -4.472916e+00  -4.484035e+00   1.361439e-07   1.063040e+07   1.953993e-01  -2.995567e+00  -3.015496e+00   1.225295e-06   2.075295e+03   3.969921e-01
     3  -4.408742e+00  -4.426567e+00   2.176281e-07   1.064045e+07   1.961687e-01            nan  -4.450391e+00  -4.461508e+00   1.588651e-07   1.061859e+07   1.953990e-01  -2.955191e+00  -2.974910e+00   1.429786e-06   1.849520e+03   3.973433e-01
     4  -4.372328e+00  -4.390154e+00   2.784076e-07   1.061195e+07   1.961137e-01            nan  -4.427866e+00  -4.438983e+00   1.853780e-07   1.060555e+07   1.953988e-01  -2.915163e+00  -2.934716e+00   1.668402e-06   1.649181e+03   3.976166e-01
     5  -4.335915e+00  -4.353740e+00   3.562270e-07   1.057920e+07   1.960627e-01            nan  -4.405340e+00  -4.416457e+00   2.163150e-07   1.059115e+07   1.953985e-01  -2.875444e+00  -2.894849e+00   1.946835e-06   1.472501e+03   3.977619e-01
     6  -4.299502e+00  -4.317327e+00   4.558223e-07   1.054144e+07   1.960155e-01            nan  -4.382809e+00  -4.393929e+00   2.524142e-07   1.057525e+07   1.953981e-01  -2.836012e+00  -2.855281e+00   2.271728e-06   1.316805e+03   3.977471e-01
     7  -4.263089e+00  -4.280914e+00   5.832408e-07   1.049826e+07   1.959717e-01            nan  -4.360271e+00  -4.371394e+00   2.945370e-07   1.055769e+07   1.953977e-01  -2.796869e+00  -2.816000e+00   2.650833e-06   1.180030e+03   3.975271e-01
     8  -4.226675e+00  -4.244500e+00   7.461725e-07   1.044760e+07   1.959311e-01            nan  -4.337724e+00  -4.348851e+00   3.436881e-07   1.053830e+07   1.953973e-01  -2.758029e+00  -2.777015e+00   3.093193e-06   1.060039e+03   3.970639e-01
     9  -4.190262e+00  -4.208087e+00   9.543341e-07   1.038935e+07   1.958934e-01            nan  -4.315164e+00  -4.326297e+00   4.010398e-07   1.051689e+07   1.953969e-01  -2.719510e+00  -2.738343e+00   3.609358e-06   9.548387e+02   3.963233e-01
    10  -4.153849e+00  -4.171674e+00   1.220128e-06   1.032175e+07   1.958585e-01            nan  -4.292589e+00  -4.303730e+00   4.679601e-07   1.049324e+07   1.953964e-01  -2.681336e+00  -2.700004e+00   4.211641e-06   8.626297e+02   3.952788e-01
    11  -4.117435e+00  -4.135260e+00   1.559078e-06   1.024293e+07   1.958261e-01            nan  -4.269997e+00  -4.281146e+00   5.460446e-07   1.046712e+07   1.953958e-01  -2.643527e+00  -2.662020e+00   4.914402e-06   7.817243e+02   3.939128e-01
    12  -4.081022e+00  -4.098847e+00   1.990851e-06   1.015246e+07   1.957960e-01            nan  -4.247384e+00  -4.258543e+00   6.371554e-07   1.043829e+07   1.953952e-01  -2.606099e+00  -2.624410e+00   5.734398e-06   7.106145e+02   3.922221e-01
    13  -4.044609e+00  -4.062434e+00   2.540139e-06   1.004625e+07   1.957680e-01            nan  -4.224748e+00  -4.235918e+00   7.434644e-07   1.040645e+07   1.953946e-01  -2.569065e+00  -2.587187e+00   6.691180e-06   6.479673e+02   3.902122e-01
    14  -4.008195e+00  -4.026021e+00   3.237421e-06   9.924406e+06   1.957420e-01            nan  -4.202084e+00  -4.213268e+00   8.675058e-07   1.037130e+07   1.953938e-01  -2.532427e+00  -2.550360e+00   7.807552e-06   5.925865e+02   3.879010e-01
    15  -3.971782e+00  -3.989607e+00   4.121414e-06   9.783493e+06   1.957178e-01            nan  -4.179391e+00  -4.190589e+00   1.012236e-06   1.033250e+07   1.953930e-01  -2.496185e+00  -2.513928e+00   9.110122e-06   5.434424e+02   3.853210e-01
    16  -3.935369e+00  -3.953194e+00   5.238425e-06   9.621077e+06   1.956953e-01            nan  -4.156663e+00  -4.167878e+00   1.181103e-06   1.028969e+07   1.953921e-01  -2.460329e+00  -2.477887e+00   1.062993e-05   4.996558e+02   3.824967e-01
    17  -3.898956e+00  -3.916781e+00   6.647284e-06   9.436095e+06   1.956743e-01            nan  -4.133896e+00  -4.145130e+00   1.378130e-06   1.024246e+07   1.953911e-01  -2.424842e+00  -2.442223e+00   1.240317e-05   4.604263e+02   3.794874e-01
    18  -3.862542e+00  -3.880367e+00   8.417327e-06   9.222960e+06   1.956548e-01            nan  -4.111086e+00  -4.122342e+00   1.608010e-06   1.019037e+07   1.953901e-01  -2.389708e+00  -2.406920e+00   1.447209e-05   4.251597e+02   3.763056e-01
    19  -3.826129e+00  -3.843954e+00   1.063407e-05   8.983955e+06   1.956366e-01            nan  -4.088228e+00  -4.099507e+00   1.876216e-06   1.013294e+07   1.953889e-01  -2.354897e+00  -2.371954e+00   1.688595e-05   3.932274e+02   3.730309e-01
    20  -3.789716e+00  -3.807541e+00   1.339759e-05   8.710417e+06   1.956199e-01            nan  -4.065316e+00  -4.076621e+00   2.189133e-06   1.006965e+07   1.953876e-01  -2.320386e+00  -2.337299e+00   1.970220e-05   3.642394e+02   3.696622e-01
    21  -3.753302e+00  -3.771127e+00   1.682720e-05   8.408416e+06   1.956045e-01            nan  -4.042344e+00  -4.053678e+00   2.554206e-06   9.999943e+06   1.953862e-01  -2.286141e+00  -2.302926e+00   2.298786e-05   3.377501e+02   3.662619e-01
    22  -3.716889e+00  -3.734714e+00   2.105812e-05   8.067854e+06   1.955907e-01            nan  -4.019305e+00  -4.030672e+00   2.980121e-06   9.923197e+06   1.953846e-01  -2.252136e+00  -2.268806e+00   2.682109e-05   3.134873e+02   3.628248e-01
    23  -3.680476e+00  -3.698301e+00   2.625175e-05   7.697554e+06   1.955785e-01            nan  -3.996191e+00  -4.007594e+00   3.477003e-06   9.838758e+06   1.953829e-01  -2.218338e+00  -2.234908e+00   3.129303e-05   2.911536e+02   3.593844e-01
    24  -3.644062e+00  -3.661887e+00   3.256845e-05   7.290371e+06   1.955683e-01            nan  -3.972993e+00  -3.984437e+00   4.056664e-06   9.745918e+06   1.953811e-01  -2.184721e+00  -2.201205e+00   3.650997e-05   2.705522e+02   3.559318e-01
    25  -3.607649e+00  -3.625474e+00   4.021869e-05   6.853894e+06   1.955604e-01            nan  -3.949702e+00  -3.961191e+00   4.732872e-06   9.643919e+06   1.953791e-01  -2.151256e+00  -2.167666e+00   4.259585e-05   2.514855e+02   3.524766e-01
    26  -3.571236e+00  -3.589061e+00   4.937608e-05   6.392150e+06   1.955552e-01            nan  -3.926307e+00  -3.937847e+00   5.521683e-06   9.531955e+06   1.953769e-01  -2.117918e+00  -2.134267e+00   4.969515e-05   2.338091e+02   3.490059e-01
    27  -3.534822e+00  -3.552648e+00   6.025196e-05   5.902878e+06   1.955540e-01            nan  -3.902797e+00  -3.914393e+00   6.441814e-06   9.409172e+06   1.953745e-01  -2.084683e+00  -2.100983e+00   5.797633e-05   2.173850e+02   3.455185e-01
    28  -3.498409e+00  -3.516234e+00   7.306900e-05   5.401187e+06   1.955571e-01            nan  -3.879157e+00  -3.890816e+00   7.515084e-06   9.274672e+06   1.953720e-01  -2.051529e+00  -2.067790e+00   6.763576e-05   2.021042e+02   3.420022e-01
    29  -3.461996e+00  -3.479821e+00   8.802239e-05   4.893937e+06   1.955656e-01            nan  -3.855373e+00  -3.867102e+00   8.766923e-06   9.127518e+06   1.953692e-01  -2.018436e+00  -2.034668e+00   7.890231e-05   1.878608e+02   3.384599e-01
    30  -3.425583e+00  -3.443408e+00   1.051813e-04   4.385678e+06   1.955814e-01            nan  -3.831428e+00  -3.843235e+00   1.022697e-05   8.966738e+06   1.953663e-01  -1.985383e+00  -2.001595e+00   9.204273e-05   1.745707e+02   3.348846e-01
    31  -3.389169e+00  -3.406994e+00   1.247489e-04   3.885666e+06   1.956063e-01            nan  -3.807302e+00  -3.819197e+00   1.192976e-05   8.791341e+06   1.953632e-01  -1.952351e+00  -1.968553e+00   1.073678e-04   1.621460e+02   3.312941e-01
    32  -3.352756e+00  -3.370581e+00   1.468177e-04   3.405618e+06   1.956421e-01            nan  -3.782974e+00  -3.794968e+00   1.391553e-05   8.600329e+06   1.953599e-01  -1.919320e+00  -1.935521e+00   1.252398e-04   1.505228e+02   3.276853e-01
    33  -3.316343e+00  -3.334168e+00   1.714343e-04   2.952824e+06   1.956910e-01            nan  -3.758420e+00  -3.770524e+00   1.623115e-05   8.392712e+06   1.953564e-01  -1.886270e+00  -1.902481e+00   1.460803e-04   1.396272e+02   3.240929e-01
    34  -3.279929e+00  -3.297754e+00   1.986051e-04   2.533400e+06   1.957559e-01            nan  -3.733613e+00  -3.745839e+00   1.893121e-05   8.167536e+06   1.953528e-01  -1.853184e+00  -1.869412e+00   1.703808e-04   1.294144e+02   3.205086e-01
    35  -3.243516e+00  -3.261341e+00   2.283106e-04   2.151900e+06   1.958398e-01            nan  -3.708520e+00  -3.720885e+00   2.207926e-05   7.923910e+06   1.953491e-01  -1.820039e+00  -1.836295e+00   1.987134e-04   1.198241e+02   3.169795e-01
    36  -3.207103e+00  -3.224928e+00   2.605288e-04   1.811057e+06   1.959458e-01            nan  -3.683107e+00  -3.695628e+00   2.574932e-05   7.661042e+06   1.953454e-01  -1.786820e+00  -1.803112e+00   2.317439e-04   1.108285e+02   3.134837e-01
    37  -3.170689e+00  -3.188515e+00   2.951020e-04   1.511693e+06   1.960764e-01            nan  -3.657334e+00  -3.670029e+00   3.002750e-05   7.378285e+06   1.953417e-01  -1.753509e+00  -1.769845e+00   2.702475e-04   1.023829e+02   3.100633e-01
    38  -3.134276e+00  -3.152101e+00   3.315171e-04   1.250471e+06   1.962418e-01            nan  -3.631153e+00  -3.644046e+00   3.501400e-05   7.075186e+06   1.953382e-01  -1.720091e+00  -1.736479e+00   3.151260e-04   9.446875e+01   3.066897e-01
    39  -3.097863e+00  -3.115688e+00   3.701701e-04   1.027683e+06   1.964428e-01            nan  -3.604512e+00  -3.617628e+00   4.082538e-05   6.751550e+06   1.953350e-01  -1.686556e+00  -1.703000e+00   3.674284e-04   8.705753e+01   3.033772e-01
    40  -3.061449e+00  -3.079275e+00   4.112245e-04   8.405928e+05   1.966789e-01            nan  -3.577351e+00  -3.590719e+00   4.759714e-05   6.407508e+06   1.953323e-01  -1.652896e+00  -1.669400e+00   4.283742e-04   8.013214e+01   3.001029e-01
    41  -3.025036e+00  -3.042861e+00   4.538473e-04   6.847974e+05   1.969447e-01   5.075815e-01  -3.549598e+00  -3.563253e+00   5.548679e-05   6.043597e+06   1.953305e-01  -1.619105e+00  -1.635672e+00   4.993811e-04   7.367228e+01   2.968561e-01
    42  -2.988623e+00  -3.006448e+00   4.981084e-04   5.552065e+05   1.972571e-01   5.073354e-01  -3.521173e+00  -3.535153e+00   6.467734e-05   5.660845e+06   1.953298e-01  -1.585183e+00  -1.601813e+00   5.820960e-04   6.765886e+01   2.936281e-01
    43  -2.952210e+00  -2.970035e+00   5.452083e-04   4.496099e+05   1.975984e-01   5.069442e-01  -3.491981e+00  -3.506332e+00   7.538125e-05   5.260863e+06   1.953307e-01  -1.551132e+00  -1.567824e+00   6.784313e-04   6.207343e+01   2.903925e-01
    44  -2.915796e+00  -2.933621e+00   5.926738e-04   3.634803e+05   1.979823e-01   5.063229e-01  -3.461912e+00  -3.476686e+00   8.784517e-05   4.845928e+06   1.953341e-01  -1.516954e+00  -1.533707e+00   7.906065e-04   5.689328e+01   2.871645e-01
    45  -2.879383e+00  -2.897208e+00   6.432744e-04   2.938701e+05   1.984022e-01   5.054070e-01  -3.430837e+00  -3.446096e+00   1.023551e-04   4.419073e+06   1.953406e-01  -1.482656e+00  -1.499467e+00   9.211963e-04   5.209899e+01   2.839155e-01
    46  -2.842970e+00  -2.860795e+00   6.949852e-04   2.376079e+05   1.988493e-01   5.041877e-01  -3.398605e+00  -3.414422e+00   1.192428e-04   3.984148e+06   1.953517e-01  -1.448245e+00  -1.465110e+00   1.073185e-03   4.766680e+01   2.806700e-01
    47  -2.806556e+00  -2.824381e+00   7.496780e-04   1.925544e+05   1.993140e-01   5.026343e-01  -3.365039e+00  -3.381498e+00   1.388921e-04   3.545854e+06   1.953688e-01  -1.413726e+00  -1.430642e+00   1.250029e-03   4.357590e+01   2.774133e-01
    48  -2.770143e+00  -2.787968e+00   8.060072e-04   1.561656e+05   1.997947e-01   5.007011e-01  -3.329928e+00  -3.347129e+00   1.617478e-04   3.109732e+06   1.953943e-01  -1.379107e+00  -1.396072e+00   1.455730e-03   3.980386e+01   2.741579e-01
    49  -2.733730e+00  -2.751555e+00   8.657874e-04   1.272069e+05   2.002413e-01   4.984958e-01  -3.293025e+00  -3.311085e+00   1.883238e-04   2.682080e+06   1.954313e-01  -1.344396e+00  -1.361405e+00   1.694914e-03   3.632952e+01   2.709083e-01
    50  -2.697316e+00  -2.715142e+00   9.276899e-04   1.037670e+05   2.006887e-01   4.958515e-01  -3.254039e+00  -3.273095e+00   2.192140e-04   2.269787e+06   1.954842e-01  -1.309600e+00  -1.326649e+00   1.972926e-03   3.313351e+01   2.676549e-01
    51  -2.660903e+00  -2.678728e+00   9.938206e-04   8.508451e+04   2.010367e-01   4.930638e-01  -3.212629e+00  -3.232841e+00   2.551039e-04   1.880046e+06   1.955589e-01  -1.274726e+00  -1.291813e+00   2.295935e-03   3.019483e+01   2.644209e-01
    52  -2.624490e+00  -2.642315e+00   1.062927e-03   6.995800e+04   2.013410e-01   4.899083e-01  -3.168398e+00  -3.189951e+00   2.967831e-04   1.519955e+06   1.956640e-01  -1.239782e+00  -1.256902e+00   2.671048e-03   2.749703e+01   2.611790e-01
    53  -2.588077e+00  -2.605902e+00   1.136886e-03   5.777133e+04   2.015119e-01   4.866793e-01  -3.120897e+00  -3.143998e+00   3.451610e-04   1.195981e+06   1.958111e-01  -1.204776e+00  -1.221926e+00   3.106449e-03   2.502131e+01   2.579487e-01
    54  -2.551663e+00  -2.569488e+00   1.215556e-03   4.793076e+04   2.015373e-01   4.834089e-01  -3.069634e+00  -3.094509e+00   4.012824e-04   9.133422e+05   1.960160e-01  -1.169716e+00  -1.186892e+00   3.611542e-03   2.275226e+01   2.547092e-01
    55  -2.515250e+00  -2.533075e+00   1.299697e-03   3.986865e+04   2.014591e-01   4.799787e-01  -3.014102e+00  -3.040981e+00   4.663463e-04   6.753571e+05   1.962987e-01  -1.134612e+00  -1.151809e+00   4.197117e-03   2.067433e+01   2.514535e-01
    56  -2.478837e+00  -2.496662e+00   1.390539e-03   3.337295e+04   2.010878e-01   4.770758e-01  -2.953849e+00  -2.982932e+00   5.417261e-04   4.828951e+05   1.966818e-01  -1.099470e+00  -1.116685e+00   4.875535e-03   1.877225e+01   2.481842e-01
    57  -2.442423e+00  -2.460248e+00   1.488159e-03   2.796075e+04   2.006874e-01   4.738375e-01  -2.888576e+00  -2.919987e+00   6.289911e-04   3.340841e+05   1.971842e-01  -1.064301e+00  -1.081530e+00   5.660920e-03   1.703340e+01   2.448698e-01
    58  -2.406010e+00  -2.423835e+00   1.594241e-03   2.358515e+04   1.998695e-01   4.716968e-01  -2.818300e+00  -2.852018e+00   7.299314e-04   2.244411e+05   1.978034e-01  -1.029114e+00  -1.046351e+00   6.569382e-03   1.544389e+01   2.415210e-01
    59  -2.369597e+00  -2.387422e+00   1.709290e-03   1.989764e+04   1.990761e-01   4.691734e-01  -2.743522e+00  -2.779304e+00   8.465830e-04   1.475080e+05   1.984855e-01  -9.939165e-01  -1.011159e+00   7.619247e-03   1.399215e+01   2.381142e-01
    60  -2.333183e+00  -2.351008e+00   1.834636e-03   1.687738e+04   1.978657e-01   4.679364e-01  -2.665320e+00  -2.702663e+00   9.812558e-04   9.590531e+04   1.990841e-01  -9.587186e-01  -9.759611e-01   8.831303e-03   1.266699e+01   2.346323e-01
    61  -2.296770e+00  -2.314595e+00   1.971664e-03   1.432009e+04   1.966744e-01   4.664951e-01  -2.585261e+00  -2.623449e+00   1.136562e-03   6.250490e+04   1.993434e-01  -9.235266e-01  -9.407662e-01   1.022906e-02   1.145696e+01   2.310859e-01
    62  -2.260357e+00  -2.278182e+00   2.121291e-03   1.218750e+04   1.951914e-01   4.660563e-01  -2.505088e+00  -2.543327e+00   1.315444e-03   4.133405e+04   1.989471e-01  -8.883474e-01  -9.055809e-01   1.183900e-02   1.035267e+01   2.274521e-01
    63  -2.223943e+00  -2.241769e+00   2.285438e-03   1.037704e+04   1.937181e-01   4.655681e-01  -2.426317e+00  -2.463919e+00   1.521208e-03   2.796086e+04   1.976466e-01  -8.531863e-01  -8.704111e-01   1.369088e-02   9.344749e+00   2.237295e-01
    64  -2.187530e+00  -2.205355e+00   2.465192e-03   8.846133e+03   1.920731e-01   4.657502e-01  -2.349959e+00  -2.386462e+00   1.757548e-03   1.940254e+04   1.953851e-01  -8.180449e-01  -8.352603e-01   1.581793e-02   8.424112e+00   2.199324e-01
    65  -2.151117e+00  -2.168942e+00   2.662221e-03   7.542895e+03   1.904546e-01   4.658706e-01  -2.276459e+00  -2.311656e+00   2.028572e-03   1.378724e+04   1.923209e-01  -7.829232e-01  -8.001291e-01   1.825715e-02   7.583114e+00   2.160551e-01
    66  -2.114704e+00  -2.132529e+00   2.878555e-03   6.429558e+03   1.887745e-01   4.662782e-01  -2.205810e+00  -2.239699e+00   2.338830e-03   9.988482e+03   1.887391e-01  -7.478183e-01  -7.650162e-01   2.104947e-02   6.814447e+00   2.121103e-01
    67  -2.078290e+00  -2.096115e+00   3.114924e-03   5.479963e+03   1.871330e-01   4.665653e-01  -2.137727e+00  -2.170435e+00   2.693323e-03   7.339493e+03   1.849318e-01  -7.127225e-01  -7.299160e-01   2.423991e-02   6.111209e+00   2.081272e-01
    68  -2.041877e+00  -2.059702e+00   3.374760e-03   4.665595e+03   1.855073e-01   4.668402e-01  -2.071805e+00  -2.103516e+00   3.097518e-03   5.443700e+03   1.811124e-01  -6.776257e-01  -6.948196e-01   2.787766e-02   5.467756e+00   2.041160e-01
    69  -2.005464e+00  -2.023289e+00   3.657904e-03   3.969522e+03   1.839234e-01   4.669946e-01  -2.007619e+00  -2.038527e+00   3.557342e-03   4.059955e+03   1.773847e-01  -6.425159e-01  -6.597161e-01   3.201608e-02   4.879098e+00   2.000895e-01
    70  -1.969050e+00  -1.986875e+00   3.968477e-03   3.373812e+03   1.823804e-01   4.670571e-01  -1.944787e+00  -1.975067e+00   4.079169e-03   3.036220e+03   1.737576e-01  -6.073780e-01  -6.245917e-01   3.671252e-02   4.340632e+00   1.960815e-01
    71  -1.932637e+00  -1.950462e+00   4.306761e-03   2.863376e+03   1.808732e-01   4.671043e-01  -1.882985e+00  -1.912787e+00   4.669785e-03   2.272233e+03   1.701895e-01  -5.721971e-01  -5.894314e-01   4.202806e-02   3.848740e+00   1.920997e-01
    72  -1.896224e+00  -1.914049e+00   4.675924e-03   2.428961e+03   1.794136e-01   4.671138e-01  -1.821942e+00  -1.851392e+00   5.336336e-03   1.698887e+03   1.666455e-01  -5.369600e-01  -5.542213e-01   4.802703e-02   3.400363e+00   1.881445e-01
    73  -1.859810e+00  -1.877636e+00   5.077635e-03   2.055623e+03   1.779830e-01   4.672967e-01  -1.761420e+00  -1.790628e+00   6.086254e-03   1.266965e+03   1.631406e-01  -5.016576e-01  -5.189502e-01   5.477629e-02   2.992865e+00   1.842106e-01
    74  -1.823397e+00  -1.841222e+00   5.515037e-03   1.738696e+03   1.766112e-01   4.675579e-01  -1.701193e+00  -1.730263e+00   6.927149e-03   9.408577e+02   1.597473e-01  -4.662845e-01  -4.836111e-01   6.234434e-02   2.623788e+00   1.802984e-01
    75  -1.786984e+00  -1.804809e+00   5.989001e-03   1.468013e+03   1.752996e-01   4.679676e-01  -1.641052e+00  -1.670082e+00   7.866679e-03   6.946720e+02   1.565659e-01  -4.308422e-01  -4.482019e-01   7.080011e-02   2.290982e+00   1.763875e-01
    76  -1.750570e+00  -1.768396e+00   6.503731e-03   1.237470e+03   1.740875e-01   4.684645e-01  -1.580827e+00  -1.609897e+00   8.912390e-03   5.094618e+02   1.536760e-01  -3.953394e-01  -4.127281e-01   8.021151e-02   1.992323e+00   1.724550e-01
    77  -1.714157e+00  -1.731982e+00   7.060640e-03   1.042304e+03   1.729670e-01   4.690100e-01  -1.520416e+00  -1.549572e+00   1.007152e-02   3.711221e+02   1.510914e-01  -3.597915e-01  -3.772019e-01   9.064369e-02   1.725646e+00   1.684786e-01
    78  -1.677744e+00  -1.695569e+00   7.661822e-03   8.753792e+02   1.720389e-01   4.692948e-01  -1.459819e+00  -1.489062e+00   1.135078e-02   2.688325e+02   1.487428e-01  -3.242204e-01  -3.416419e-01   1.021570e-01   1.488726e+00   1.644456e-01
    79  -1.641331e+00  -1.659156e+00   8.313515e-03   7.347578e+02   1.712477e-01   4.694001e-01  -1.399148e+00  -1.428425e+00   1.275612e-02   1.940264e+02   1.465056e-01  -2.886527e-01  -3.060725e-01   1.148050e-01   1.279285e+00   1.603468e-01
    80  -1.604917e+00  -1.622742e+00   9.010828e-03   6.156353e+02   1.706601e-01   4.690559e-01  -1.338596e+00  -1.367818e+00   1.429243e-02   1.398249e+02   1.442645e-01  -2.531194e-01  -2.705227e-01   1.286319e-01   1.095066e+00   1.561718e-01
    81  -1.568504e+00  -1.586329e+00   9.764920e-03   5.152032e+02   1.702742e-01   4.681880e-01  -1.278382e+00  -1.307446e+00   1.596333e-02   1.007812e+02   1.419693e-01  -2.176556e-01  -2.350256e-01   1.436700e-01   9.338344e-01   1.519137e-01
    82  -1.532091e+00  -1.549916e+00   1.057514e-02   4.310906e+02   1.700317e-01   4.669893e-01  -1.218713e+00  -1.247523e+00   1.777087e-02   7.272678e+01   1.396328e-01  -1.822993e-01  -1.996178e-01   1.599378e-01   7.934145e-01   1.475694e-01
    83  -1.495677e+00  -1.513502e+00   1.144463e-02   3.602402e+02   1.700119e-01   4.651210e-01  -1.159761e+00  -1.188238e+00   1.971527e-02   5.257625e+01   1.372918e-01  -1.470902e-01  -1.643381e-01   1.774374e-01   6.716950e-01   1.431482e-01
    84  -1.459264e+00  -1.477089e+00   1.238488e-02   3.012364e+02   1.700880e-01   4.630776e-01  -1.101667e+00  -1.129743e+00   2.179475e-02   3.809231e+01   1.349754e-01  -1.120699e-01  -1.292272e-01   1.961527e-01   5.666873e-01   1.386518e-01
    85  -1.422851e+00  -1.440676e+00   1.338812e-02   2.519689e+02   1.702812e-01   4.607829e-01  -1.044541e+00  -1.072165e+00   2.400535e-02   2.766690e+01   1.326965e-01  -7.728117e-02  -9.432728e-02   2.160481e-01   4.765189e-01   1.340843e-01
    86  -1.386437e+00  -1.404263e+00   1.447381e-02   2.109373e+02   1.705394e-01   4.584763e-01  -9.884718e-01  -1.015602e+00   2.634082e-02   2.014840e+01   1.304549e-01  -4.276713e-02  -5.968138e-02   2.370673e-01   3.994381e-01   1.294561e-01
    87  -1.350024e+00  -1.367849e+00   1.564256e-02   1.768005e+02   1.708599e-01   4.561371e-01  -9.335240e-01  -9.601295e-01   2.879262e-02   1.471326e+01   1.282383e-01  -8.569849e-03  -2.533198e-02   2.591336e-01   3.338234e-01   1.247834e-01
    88  -1.313611e+00  -1.331436e+00   1.690208e-02   1.483421e+02   1.712038e-01   4.540007e-01  -8.797418e-01  -9.058009e-01   3.134998e-02   1.077315e+01   1.260293e-01   2.526915e-02   8.679145e-03   2.821498e-01   2.782048e-01   1.200764e-01
    89  -1.277198e+00  -1.295023e+00   1.826875e-02   1.246444e+02   1.715918e-01   4.519184e-01  -8.271478e-01  -8.526492e-01   3.400006e-02   7.907797e+00   1.238060e-01   5.871030e-02   4.231152e-02   3.060005e-01   2.312437e-01   1.153521e-01
    90  -1.240784e+00  -1.258609e+00   1.973905e-02   1.048746e+02   1.720049e-01   4.499208e-01  -7.757419e-01  -8.006847e-01   3.672816e-02   5.816843e+00   1.215487e-01   9.171707e-02   7.552718e-02   3.305535e-01   1.917359e-01   1.106314e-01
    91  -1.204371e+00  -1.222196e+00   2.133735e-02   8.835337e+01   1.724507e-01   4.480024e-01  -7.254999e-01  -7.498947e-01   3.951809e-02   4.285436e+00   1.192423e-01   1.242552e-01   1.082908e-01   3.556628e-01   1.586187e-01   1.059283e-01
    92  -1.167958e+00  -1.185783e+00   2.307153e-02   7.455343e+01   1.729172e-01   4.460242e-01  -6.763720e-01  -7.002416e-01   4.235249e-02   3.159675e+00   1.168821e-01   1.562953e-01   1.405707e-01   3.811724e-01   1.309430e-01   1.012679e-01
    93  -1.131544e+00  -1.149369e+00   2.495164e-02   6.297802e+01   1.734034e-01   4.440235e-01  -6.282805e-01  -6.516609e-01   4.521329e-02   2.329098e+00   1.144740e-01   1.878111e-01   1.723390e-01   4.069196e-01   1.078869e-01   9.666618e-02
    94  -1.095131e+00  -1.112956e+00   2.700320e-02   5.328104e+01   1.738938e-01   4.419100e-01  -5.811212e-01  -6.040610e-01   4.808216e-02   1.714396e+00   1.120396e-01   2.187813e-01   2.035722e-01   4.327394e-01   8.873132e-02   9.214360e-02
    95  -1.058718e+00  -1.076543e+00   2.923289e-02   4.514623e+01   1.743654e-01   4.396002e-01  -5.347605e-01  -5.573225e-01   5.094094e-02   1.258299e+00   1.096102e-01   2.491890e-01   2.342513e-01   4.584685e-01   7.285695e-02   8.771760e-02
    96  -1.022304e+00  -1.040129e+00   3.166626e-02   3.829518e+01   1.748152e-01   4.371581e-01  -4.890373e-01  -5.112975e-01   5.377208e-02   9.193972e-01   1.072268e-01   2.790217e-01   2.643615e-01   4.839488e-01   5.973271e-02   8.340373e-02
    97  -9.858911e-01  -1.003716e+00   3.433123e-02   3.253674e+01   1.752003e-01   4.344533e-01  -4.437686e-01  -4.658134e-01   5.655903e-02   6.676588e-01   1.049336e-01   3.082717e-01   2.938929e-01   5.090312e-01   4.890468e-02   7.921736e-02
    98  -9.494778e-01  -9.673029e-01   3.723682e-02   2.768168e+01   1.755016e-01   4.314860e-01  -3.987493e-01  -4.206759e-01   5.928652e-02   4.810363e-01   1.027705e-01   3.369352e-01   3.228399e-01   5.335787e-01   3.998911e-02   7.516907e-02
    99  -9.130644e-01  -9.308896e-01   4.042343e-02   2.357657e+01   1.757005e-01   4.283375e-01  -3.537571e-01  -3.756708e-01   6.194091e-02   3.432618e-01   1.007672e-01   3.650131e-01   3.512010e-01   5.574682e-01   3.266056e-02   7.127019e-02
   100  -8.766511e-01  -8.944763e-01   4.392524e-02   2.010949e+01   1.757532e-01   4.248787e-01  -3.085625e-01  -3.305722e-01   6.451030e-02   2.422396e-01   9.893903e-02   3.925095e-01   3.789789e-01   5.805927e-01   2.664680e-02   6.752647e-02
   101  -8.402378e-01  -8.580630e-01   4.775938e-02   1.717122e+01   1.756427e-01   4.211917e-01  -2.629345e-01  -2.851496e-01   6.698469e-02   1.688376e-01   9.728030e-02   4.194325e-01   4.061796e-01   6.028622e-01   2.171862e-02   6.394478e-02
   102  -8.038245e-01  -8.216497e-01   5.197537e-02   1.467183e+01   1.753560e-01   4.174367e-01  -2.166417e-01  -2.391716e-01   6.935597e-02   1.160835e-01   9.577161e-02   4.457925e-01   4.328125e-01   6.242038e-01   1.768591e-02   6.052639e-02
   103  -7.674112e-01  -7.852364e-01   5.661891e-02   1.254766e+01   1.748621e-01   4.134977e-01  -1.694514e-01  -1.924059e-01   7.161799e-02   7.864020e-02   9.439038e-02   4.716037e-01   4.588898e-01   6.445619e-01   1.438948e-02   5.727420e-02
   104  -7.309979e-01  -7.488231e-01   6.172518e-02   1.073783e+01   1.741549e-01   4.094618e-01  -1.211401e-01  -1.446243e-01   7.376638e-02   5.244732e-02   9.311535e-02   4.968815e-01   4.844265e-01   6.638974e-01   1.169825e-02   5.418578e-02
   105  -6.945846e-01  -7.124097e-01   6.733510e-02   9.185991e+00   1.732556e-01   4.056695e-01  -7.148123e-02  -9.560130e-02   7.579851e-02   3.439878e-02   9.193855e-02   5.216443e-01   5.094394e-01   6.821866e-01   9.502986e-03   5.126076e-02
   106  -6.581713e-01  -6.759964e-01   7.351310e-02   7.857336e+00   1.721523e-01   4.019559e-01  -2.026026e-02  -4.511605e-02   7.771330e-02   2.217211e-02   9.085711e-02   5.459115e-01   5.339474e-01   6.994197e-01   7.714130e-03   4.849439e-02
   107  -6.217580e-01  -6.395831e-01   8.031217e-02   6.717649e+00   1.708591e-01   3.983811e-01   3.268076e-02   7.016448e-03   7.951106e-02   1.405003e-02   8.984647e-02   5.697042e-01   5.579708e-01   7.155996e-01   6.257534e-03   4.588328e-02
   108  -5.853447e-01  -6.031698e-01   8.777498e-02   5.738246e+00   1.693941e-01   3.950077e-01   8.738698e-02   6.089469e-02   8.119333e-02   8.769175e-03   8.884386e-02   5.930446e-01   5.815312e-01   7.307399e-01   5.072475e-03   4.342167e-02
   109  -5.489314e-01  -5.667565e-01   9.594809e-02   4.893024e+00   1.677963e-01   3.918806e-01   1.436811e-01   1.164455e-01   8.276263e-02   5.416166e-03   8.769865e-02   6.159555e-01   6.046511e-01   7.448636e-01   4.109015e-03   4.110394e-02
   110  -5.125181e-01  -5.303432e-01   1.049037e-01   4.165731e+00   1.660548e-01   3.887065e-01   2.010384e-01   1.733060e-01   8.422234e-02   3.338478e-03   8.613924e-02   6.384605e-01   6.273537e-01   7.580011e-01   3.326249e-03   3.892398e-02
   111  -4.761048e-01  -4.939299e-01   1.146981e-01   3.540251e+00   1.641746e-01   3.853365e-01   2.585636e-01   2.307527e-01   8.557652e-02   2.076562e-03   8.382684e-02   6.605834e-01   6.496628e-01   7.701887e-01   2.690743e-03   3.687477e-02
   112  -4.396915e-01  -4.575166e-01   1.253879e-01   3.002816e+00   1.621522e-01   3.815589e-01   3.151281e-01   2.877661e-01   8.682971e-02   1.318136e-03   8.049918e-02   6.823484e-01   6.716022e-01   7.814674e-01   2.175095e-03   3.495019e-02
   113  -4.032782e-01  -4.211033e-01   1.370102e-01   2.541652e+00   1.599750e-01   3.770945e-01   3.696701e-01   3.432548e-01   8.798682e-02   8.603318e-04   7.615535e-02   7.037795e-01   6.931961e-01   7.918814e-01   1.756991e-03   3.314306e-02
   114  -3.668649e-01  -3.846900e-01   1.496206e-01   2.145992e+00   1.576466e-01   3.714707e-01   4.214653e-01   3.963394e-01   8.905301e-02   5.785100e-04   7.108165e-02   7.249007e-01   7.144685e-01   8.014771e-01   1.418196e-03   3.144670e-02
   115  -3.304516e-01  -3.482767e-01   1.632923e-01   1.808080e+00   1.551226e-01   3.645755e-01   4.702010e-01   4.465164e-01   9.003354e-02   3.998076e-04   6.568875e-02   7.457357e-01   7.354431e-01   8.103019e-01   1.143844e-03   2.985461e-02
   116  -2.940383e-01  -3.118634e-01   1.780817e-01   1.520028e+00   1.523879e-01   3.562796e-01   5.158848e-01   4.936433e-01   9.093373e-02   2.827652e-04   6.033610e-02   7.663076e-01   7.561434e-01   8.184036e-01   9.218372e-04   2.836006e-02
   117  -2.576249e-01  -2.754501e-01   1.940429e-01   1.274930e+00   1.494284e-01   3.464734e-01   5.587054e-01   5.378227e-01   9.175884e-02   2.037857e-04   5.525343e-02   7.866393e-01   7.765924e-01   8.258295e-01   7.423111e-04   2.695691e-02
   118  -2.212116e-01  -2.390368e-01   2.112042e-01   1.066746e+00   1.462343e-01   3.350745e-01   5.989312e-01   5.792839e-01   9.251402e-02   1.491014e-04   5.055565e-02   8.067529e-01   7.968125e-01   8.326262e-01   5.972447e-04   2.563911e-02
   119  -1.847983e-01  -2.026235e-01   2.296042e-01   8.900900e-01   1.428115e-01   3.218282e-01   6.368485e-01   6.183035e-01   9.320429e-02   1.104212e-04   4.628148e-02   8.266697e-01   8.168255e-01   8.388386e-01   4.801159e-04   2.440075e-02
   120  -1.483850e-01  -1.662102e-01   2.493082e-01   7.406367e-01   1.391541e-01   3.069417e-01   6.727316e-01   6.551605e-01   9.383445e-02   8.257820e-05   4.242765e-02   8.464105e-01   8.366523e-01   8.445100e-01   3.856189e-04   2.323638e-02
   121  -1.119717e-01  -1.297969e-01   2.703436e-01   6.144182e-01   1.352699e-01   2.903364e-01   7.068237e-01   6.901121e-01   9.440910e-02   6.225891e-05   3.896497e-02   8.659950e-01   8.563131e-01   8.496819e-01   3.094442e-04   2.214080e-02
   122  -7.555842e-02  -9.338355e-02   2.926812e-01   5.079755e-01   1.311619e-01   2.718840e-01   7.393426e-01   7.233874e-01   9.493262e-02   4.725127e-05   3.585948e-02   8.854422e-01   8.758274e-01   8.543935e-01   2.480929e-04   2.110902e-02
   123  -3.914511e-02  -5.697025e-02   3.163144e-01   4.184012e-01   1.268502e-01   2.512984e-01   7.704767e-01   7.551886e-01   9.540910e-02   3.606016e-05   3.307404e-02   9.047699e-01   8.952136e-01   8.586819e-01   1.987245e-04   2.013640e-02
   124  -2.731808e-03  -2.055694e-02   3.412699e-01   3.432741e-01   1.223542e-01   2.287843e-01   8.003906e-01   7.856912e-01   9.584241e-02   2.764672e-05   3.057249e-02   9.239953e-01   9.144890e-01   8.625817e-01   1.590342e-04   1.921870e-02
   125   3.368150e-02   1.585637e-02   3.675102e-01   2.804463e-01   1.176903e-01   2.043589e-01   8.292272e-01   8.150482e-01   9.623618e-02   2.127811e-05   2.832248e-02   9.431343e-01   9.336702e-01   8.661256e-01   1.271549e-04   1.835183e-02
   126   7.009480e-02   5.226967e-02   3.949137e-01   2.280695e-01   1.128831e-01   1.780177e-01   8.571114e-01   8.433930e-01   9.659376e-02   1.642923e-05   2.629431e-02   9.622020e-01   9.527728e-01   8.693438e-01   1.015735e-04   1.753206e-02
   127   1.065081e-01   8.868298e-02   4.234629e-01   1.845704e-01   1.079549e-01   1.503071e-01   8.841520e-01   8.708421e-01   9.691827e-02   1.271966e-05   2.446191e-02   9.812124e-01   9.718112e-01   8.722644e-01   8.106543e-05   1.675592e-02
   128   1.429214e-01   1.250963e-01   4.530504e-01   1.485812e-01   1.029334e-01   1.213026e-01   9.104455e-01   8.974977e-01   9.721261e-02   9.869465e-06   2.280267e-02   1.000179e+00   9.907990e-01   8.749135e-01   6.464016e-05   1.602027e-02
   129   1.793347e-01   1.615096e-01   4.834954e-01   1.189413e-01   9.784622e-02   9.192101e-02   9.360761e-01   9.234499e-01   9.747945e-02   7.672291e-06   2.129599e-02   1.019113e+00   1.009749e+00   8.773151e-01   5.149753e-05   1.532218e-02
   130   2.157480e-01   1.979229e-01   5.147064e-01   9.464849e-02   9.272104e-02   6.326988e-02   9.611186e-01   9.487778e-01   9.772124e-02   5.973350e-06   1.992462e-02   1.038026e+00   1.028672e+00   8.794912e-01   4.099151e-05   1.465896e-02
   131   2.521613e-01   2.343362e-01   5.463705e-01   7.483422e-02   8.759478e-02   3.446094e-02   9.856397e-01   9.735522e-01   9.794025e-02   4.656351e-06   1.867319e-02   1.056928e+00   1.047580e+00   8.814623e-01   3.260104e-05   1.402818e-02
   132   2.885746e-01   2.707495e-01   5.782408e-01   5.871317e-02   8.245405e-02   8.812478e-03   1.009698e+00   9.978355e-01   9.813854e-02   3.633432e-06   1.752802e-02   1.075829e+00   1.066481e+00   8.832469e-01   2.590635e-05   1.342761e-02
   133   3.249879e-01   3.071628e-01   6.102441e-01   4.572991e-02   7.737534e-02  -1.493738e-02   1.033347e+00   1.021683e+00   9.831802e-02   2.837525e-06   1.647751e-02   1.094737e+00   1.085386e+00   8.848622e-01   2.056959e-05   1.285524e-02
   134   3.614012e-01   3.435761e-01   6.421466e-01   3.534567e-02   7.239098e-02  -3.719297e-02   1.056632e+00   1.045145e+00   9.848042e-02   2.217363e-06   1.551140e-02   1.113661e+00   1.104302e+00   8.863237e-01   1.631916e-05   1.230923e-02
   135   3.978146e-01   3.799894e-01   6.734793e-01   2.709885e-02   6.751575e-02  -5.379060e-02   1.079597e+00   1.068266e+00   9.862732e-02   1.733583e-06   1.462062e-02   1.132606e+00   1.123237e+00   8.876458e-01   1.293692e-05   1.178790e-02
   136   4.342279e-01   4.164027e-01   7.040581e-01   2.057105e-02   6.276232e-02  -6.878029e-02   1.102278e+00   1.091085e+00   9.876016e-02   1.355864e-06   1.379722e-02   1.151580e+00   1.142197e+00   8.888415e-01   1.024784e-05   1.128973e-02
   137   4.706412e-01   4.528160e-01   7.338331e-01   1.547940e-02   5.818663e-02  -8.140551e-02   1.124709e+00   1.113638e+00   9.888027e-02   1.060728e-06   1.303436e-02   1.170588e+00   1.161188e+00   8.899225e-01   8.111683e-06   1.081335e-02
   138   5.070545e-01   4.892293e-01   7.621098e-01   1.153269e-02   5.379399e-02  -9.098263e-02   1.146920e+00   1.135957e+00   9.898885e-02   8.299838e-07   1.232594e-02   1.189635e+00   1.180216e+00   8.908996e-01   6.416148e-06   1.035750e-02
   139   5.434678e-01   5.256426e-01   7.891291e-01   8.502053e-03   4.960343e-02  -9.806335e-02   1.168939e+00   1.158069e+00   9.908698e-02   6.495033e-07   1.166663e-02   1.208727e+00   1.199286e+00   8.917828e-01   5.071430e-06   9.921037e-03
   140   5.798811e-01   5.620560e-01   8.143177e-01   6.203597e-03   4.563852e-02  -1.034820e-01   1.190789e+00   1.180001e+00   9.917565e-02   5.082914e-07   1.105172e-02   1.227865e+00   1.218401e+00   8.925808e-01   4.005783e-06   9.502928e-03
   141   6.162944e-01   5.984693e-01   8.378893e-01   4.475720e-03   4.190370e-02  -1.073881e-01   1.212492e+00   1.201776e+00   9.925576e-02   3.977800e-07   1.047706e-02   1.247056e+00   1.237567e+00   8.933019e-01   3.161936e-06   9.102217e-03
   142   6.527077e-01   6.348826e-01   8.593099e-01   3.193448e-03   3.841073e-02  -1.098433e-01   1.234067e+00   1.223414e+00   9.932813e-02   3.112820e-07   9.939013e-03   1.266300e+00   1.256785e+00   8.939532e-01   2.494224e-06   8.718034e-03
   143   6.891210e-01   6.712959e-01   8.788538e-01   2.254049e-03   3.516338e-02  -1.109609e-01   1.255533e+00   1.244933e+00   9.939350e-02   2.435737e-07   9.434370e-03   1.285602e+00   1.276058e+00   8.945415e-01   1.966266e-06   8.349580e-03
   144   7.255343e-01   7.077092e-01   8.964540e-01   1.571899e-03   3.215802e-02  -1.109089e-01   1.276903e+00   1.266349e+00   9.945254e-02   1.905721e-07   8.960277e-03   1.304962e+00   1.295390e+00   8.950729e-01   1.549108e-06   7.996122e-03
   145   7.619476e-01   7.441225e-01   9.119581e-01   1.084516e-03   2.939392e-02  -1.097026e-01   1.298193e+00   1.287679e+00   9.950586e-02   1.490839e-07   8.514206e-03   1.324383e+00   1.314781e+00   8.955527e-01   1.219724e-06   7.656981e-03
   146   7.983609e-01   7.805358e-01   9.255966e-01   7.404073e-04   2.686213e-02  -1.074289e-01   1.319415e+00   1.308933e+00   9.955400e-02   1.166102e-07   8.093911e-03   1.343867e+00   1.334234e+00   8.959860e-01   9.598199e-07   7.331532e-03
   147   8.347742e-01   8.169491e-01   9.374695e-01   5.003725e-04   2.455164e-02  -1.041364e-01   1.340579e+00   1.330126e+00   9.959747e-02   9.119492e-08   7.697394e-03   1.363414e+00   1.353750e+00   8.963772e-01   7.548747e-07   7.019195e-03
   148   8.711875e-01   8.533624e-01   9.477000e-01   3.348065e-04   2.244995e-02  -9.986804e-02   1.361696e+00   1.351266e+00   9.963672e-02   7.130635e-08   7.322872e-03   1.383024e+00   1.373330e+00   8.967304e-01   5.933697e-07   6.719431e-03
   149   9.076008e-01   8.897757e-01   9.564357e-01   2.221081e-04   2.054171e-02  -9.483179e-02   1.382775e+00   1.372364e+00   9.967214e-02   5.574502e-08   6.968751e-03   1.402699e+00   1.392973e+00   8.970493e-01   4.661762e-07   6.431738e-03
   150   9.440141e-01   9.261890e-01   9.638299e-01   1.462155e-04   1.881072e-02  -8.915096e-02   1.403823e+00   1.393427e+00   9.970413e-02   4.357151e-08   6.633603e-03   1.422439e+00   1.412681e+00   8.973371e-01   3.660652e-07   6.155647e-03
   151   9.804274e-01   9.626023e-01   9.700373e-01   9.560723e-05   1.724055e-02  -8.303144e-02   1.424847e+00   1.414463e+00   9.973300e-02   3.405004e-08   6.316144e-03   1.442242e+00   1.432453e+00   8.975970e-01   2.873163e-07   5.890720e-03
   152   1.016841e+00   9.990156e-01   9.752193e-01   6.216247e-05   1.581542e-02  -7.661135e-02   1.445853e+00   1.435477e+00   9.975905e-02   2.660433e-08   6.015221e-03   1.462110e+00   1.452290e+00   8.978315e-01   2.254063e-07   5.636547e-03
   153   1.053254e+00   1.035429e+00   9.795357e-01   4.022601e-05   1.452034e-02  -7.016155e-02   1.466847e+00   1.456477e+00   9.978257e-02   2.078304e-08   5.729790e-03   1.482039e+00   1.472189e+00   8.980432e-01   1.767614e-07   5.392743e-03
   154   1.089667e+00   1.071842e+00   9.831151e-01   2.593402e-05   1.334159e-02  -6.375912e-02   1.487831e+00   1.477466e+00   9.980380e-02   1.623276e-08   5.458911e-03   1.502031e+00   1.492150e+00   8.982342e-01   1.385597e-07   5.158948e-03
   155   1.126081e+00   1.108256e+00   9.860772e-01   1.667137e-05   1.226691e-02  -5.760010e-02   1.508810e+00   1.498447e+00   9.982296e-02   1.267675e-08   5.201729e-03   1.522082e+00   1.512172e+00   8.984066e-01   1.085747e-07   4.934823e-03
   156   1.162494e+00   1.144669e+00   9.885202e-01   1.069424e-05   1.128540e-02  -5.176841e-02   1.529787e+00   1.519425e+00   9.984025e-02   9.898363e-09   4.957471e-03   1.542191e+00   1.532253e+00   8.985622e-01   8.505076e-08   4.720053e-03
   157   1.198907e+00   1.181082e+00   9.905341e-01   6.850121e-06   1.038749e-02  -4.629659e-02   1.550764e+00   1.540402e+00   9.985585e-02   7.728038e-09   4.725437e-03   1.562355e+00   1.552390e+00   8.987027e-01   6.660444e-08   4.514341e-03
   158   1.235321e+00   1.217495e+00   9.921928e-01   4.383691e-06   9.564942e-03  -4.129487e-02   1.571741e+00   1.561379e+00   9.986993e-02   6.033066e-09   4.504990e-03   1.582571e+00   1.572580e+00   8.988294e-01   5.214636e-08   4.317412e-03
   159   1.271734e+00   1.253909e+00   9.935571e-01   2.804118e-06   8.810387e-03  -3.671899e-02   1.592719e+00   1.582356e+00   9.988264e-02   4.709617e-09   4.295552e-03   1.602835e+00   1.592821e+00   8.989438e-01   4.081914e-08   4.129011e-03
   160   1.308147e+00   1.290322e+00   9.946800e-01   1.793632e-06   8.117414e-03  -3.256464e-02   1.613698e+00   1.603335e+00   9.989411e-02   3.676471e-09   4.096602e-03   1.623144e+00   1.613109e+00   8.990470e-01   3.194846e-08   3.948904e-03
   161   1.344560e+00   1.326735e+00   9.956048e-01   1.147562e-06   7.480461e-03  -2.884698e-02   1.634676e+00   1.624314e+00   9.990446e-02   2.870108e-09   3.907668e-03   1.643492e+00   1.633438e+00   8.991401e-01   2.500426e-08   3.776875e-03
   162   1.380974e+00   1.363149e+00   9.963626e-01   7.345683e-07   6.894592e-03  -2.552701e-02   1.655651e+00   1.645290e+00   9.991379e-02   2.240864e-09   3.728327e-03   1.663873e+00   1.653802e+00   8.992241e-01   1.957010e-08   3.612733e-03
   163   1.417387e+00   1.399562e+00   9.969862e-01   4.705287e-07   6.355431e-03  -2.255596e-02   1.676619e+00   1.666261e+00   9.992222e-02   1.749918e-09   3.558199e-03   1.684280e+00   1.674197e+00   8.993000e-01   1.531901e-08   3.456308e-03
   164   1.453800e+00   1.435975e+00   9.975014e-01   3.016485e-07   5.859107e-03  -1.990441e-02   1.697575e+00   1.687223e+00   9.992982e-02   1.366930e-09   3.396951e-03   1.704705e+00   1.694613e+00   8.993684e-01   1.199440e-08   3.307454e-03
   165   1.490214e+00   1.472389e+00   9.979273e-01   1.935638e-07   5.402182e-03  -1.756721e-02   1.718512e+00   1.708169e+00   9.993668e-02   1.068198e-09   3.244289e-03   1.725136e+00   1.715041e+00   8.994301e-01   9.395027e-09   3.166051e-03
   166   1.526627e+00   1.508802e+00   9.982795e-01   1.243437e-07   4.981586e-03  -1.547911e-02   1.739422e+00   1.729093e+00   9.994287e-02   8.352079e-10   3.099963e-03   1.745563e+00   1.735470e+00   8.994858e-01   7.363101e-09   3.032005e-03
   167   1.563040e+00   1.545215e+00   9.985711e-01   7.996723e-08   4.594558e-03  -1.360639e-02   1.760295e+00   1.749984e+00   9.994845e-02   6.535011e-10   2.963765e-03   1.765972e+00   1.755888e+00   8.995361e-01   5.775000e-09   2.905252e-03
   168   1.599454e+00   1.581629e+00   9.988110e-01   5.148916e-08   4.238657e-03  -1.191752e-02   1.781118e+00   1.770832e+00   9.995349e-02   5.117913e-10   2.835525e-03   1.786346e+00   1.776278e+00   8.995814e-01   4.533899e-09   2.785757e-03
   169   1.635867e+00   1.618042e+00   9.990102e-01   3.319441e-08   3.911736e-03  -1.040745e-02   1.801876e+00   1.791621e+00   9.995804e-02   4.012693e-10   2.715120e-03   1.806665e+00   1.796624e+00   8.996223e-01   3.564002e-09   2.673521e-03
   170   1.672280e+00   1.654455e+00   9.991758e-01   2.142862e-08   3.611878e-03  -9.017005e-03   1.822549e+00   1.812336e+00   9.996214e-02   3.150612e-10   2.602465e-03   1.826907e+00   1.816904e+00   8.996593e-01   2.805995e-09   2.568575e-03
   171   1.708694e+00   1.690868e+00   9.993139e-01   1.385434e-08   3.337631e-03  -7.663371e-03   1.843116e+00   1.832955e+00   9.996584e-02   2.478050e-10   2.497521e-03   1.847046e+00   1.837093e+00   8.996926e-01   2.213489e-09   2.470990e-03
   172   1.745107e+00   1.727282e+00   9.994290e-01   8.971791e-09   3.087620e-03  -6.323294e-03   1.863551e+00   1.853454e+00   9.996918e-02   1.953185e-10   2.400291e-03   1.867051e+00   1.857163e+00   8.997226e-01   1.750213e-09   2.380872e-03
   173   1.781520e+00   1.763695e+00   9.995243e-01   5.820482e-09   2.860806e-03  -4.999498e-03   1.883824e+00   1.873806e+00   9.997219e-02   1.543408e-10   2.310817e-03   1.886888e+00   1.877083e+00   8.997498e-01   1.387820e-09   2.298361e-03
   174   1.817933e+00   1.800108e+00   9.996041e-01   3.783955e-09   2.656457e-03  -3.575783e-03   1.903900e+00   1.893978e+00   9.997491e-02   1.223300e-10   2.229187e-03   1.906517e+00   1.896813e+00   8.997742e-01   1.104165e-09   2.223634e-03
   175   1.854347e+00   1.836522e+00   9.996712e-01   2.466150e-09   2.474339e-03  -1.928652e-03   1.923739e+00   1.913933e+00   9.997737e-02   9.730472e-11   2.155525e-03   1.925896e+00   1.916314e+00   8.997963e-01   8.819523e-10   2.156897e-03
   176   1.890760e+00   1.872935e+00   9.997277e-01   1.612413e-09   2.315232e-03   2.258381e-04   1.943299e+00   1.933629e+00   9.997958e-02   7.771994e-11   2.090027e-03   1.944975e+00   1.935540e+00   8.998162e-01   7.076801e-10   2.098389e-03
   177   1.927173e+00   1.909348e+00   9.997754e-01   1.058223e-09   2.179702e-03   2.742143e-03   1.962535e+00   1.953024e+00   9.998158e-02   6.236308e-11   2.033226e-03   1.963706e+00   1.954442e+00   8.998342e-01   5.707882e-10   2.048446e-03
   178   1.963587e+00   1.945762e+00   9.998157e-01   6.977345e-10   2.069590e-03   5.916963e-03   1.981419e+00   1.972080e+00   9.998338e-02   5.024552e-11   1.987616e-03   1.982043e+00   1.972971e+00   8.998504e-01   4.628358e-10   2.008337e-03
   179   2.000000e+00   1.982175e+00   9.998500e-01   4.613707e-10   1.994453e-03   8.186103e-03   2.000000e+00   1.990809e+00   9.998500e-02   4.048198e-11   1.962626e-03   2.000000e+00   1.991114e+00   8.998650e-01   3.762035e-10   1.985338e-03
