     i          log_r       log_rmid          m_tot        rho_tot         v2_tot            eta     lgr[heavy]    lgrm[heavy]       m[heavy]     rho[heavy]      v2[heavy]     lgr[light]    lgrm[light]       m[light]     rho[light]      v2[light]
     0  -4.979061e+00  -5.280091e+00   1.004034e-07   2.597195e+08   3.533148e-01            nan  -4.979061e+00  -5.280091e+00   9.998500e-08   2.595607e+08   3.528459e-01  -3.085737e+00  -3.386767e+00   8.998650e-07   4.881016e+03   6.399346e-01
     1  -4.940072e+00  -4.959129e+00   1.309270e-07   2.558518e+08   3.530276e-01            nan  -4.956422e+00  -4.967594e+00   1.166721e-07   2.559122e+08   3.528006e-01  -3.047654e+00  -3.066279e+00   1.050049e-06   2.707164e+03   5.821193e-01
     2  -4.901083e+00  -4.920140e+00   1.707582e-07   2.551117e+08   3.529995e-01            nan  -4.933794e+00  -4.944960e+00   1.361439e-07   2.555154e+08   3.527956e-01  -3.010058e+00  -3.028449e+00   1.225295e-06   2.463940e+03   5.726764e-01
     3  -4.862093e+00  -4.881151e+00   2.227105e-07   2.542287e+08   3.529713e-01            nan  -4.911171e+00  -4.922335e+00   1.588651e-07   2.550769e+08   3.527901e-01  -2.972906e+00  -2.991085e+00   1.429786e-06   2.247702e+03   5.631684e-01
     4  -4.823104e+00  -4.842161e+00   2.904291e-07   2.531794e+08   3.529424e-01            nan  -4.888549e+00  -4.899712e+00   1.853780e-07   2.545921e+08   3.527841e-01  -2.936162e+00  -2.954146e+00   1.668402e-06   2.054635e+03   5.536121e-01
     5  -4.784115e+00  -4.803172e+00   3.786253e-07   2.519408e+08   3.529127e-01            nan  -4.865923e+00  -4.877088e+00   2.163150e-07   2.540564e+08   3.527774e-01  -2.899779e+00  -2.917590e+00   1.946835e-06   1.880953e+03   5.441820e-01
     6  -4.745126e+00  -4.764183e+00   4.933945e-07   2.504804e+08   3.528813e-01            nan  -4.843290e+00  -4.854459e+00   2.524142e-07   2.534642e+08   3.527700e-01  -2.863723e+00  -2.881377e+00   2.271728e-06   1.724564e+03   5.347773e-01
     7  -4.706137e+00  -4.725194e+00   6.425895e-07   2.487335e+08   3.528476e-01            nan  -4.820645e+00  -4.831820e+00   2.945370e-07   2.528096e+08   3.527619e-01  -2.827944e+00  -2.845465e+00   2.650833e-06   1.582365e+03   5.256510e-01
     8  -4.667148e+00  -4.686205e+00   8.362327e-07   2.466788e+08   3.528109e-01            nan  -4.797985e+00  -4.809167e+00   3.436881e-07   2.520863e+08   3.527528e-01  -2.792405e+00  -2.809811e+00   3.093193e-06   1.453077e+03   5.166932e-01
     9  -4.628158e+00  -4.647216e+00   1.087215e-06   2.442704e+08   3.527706e-01            nan  -4.775304e+00  -4.786496e+00   4.010398e-07   2.512871e+08   3.527428e-01  -2.757065e+00  -2.774376e+00   3.609358e-06   1.334851e+03   5.080136e-01
    10  -4.589169e+00  -4.608226e+00   1.411965e-06   2.414244e+08   3.527256e-01            nan  -4.752600e+00  -4.763804e+00   4.679601e-07   2.504042e+08   3.527318e-01  -2.721888e+00  -2.739120e+00   4.211641e-06   1.226550e+03   4.995930e-01
    11  -4.550180e+00  -4.569237e+00   1.831147e-06   2.380822e+08   3.526747e-01            nan  -4.729867e+00  -4.741085e+00   5.460446e-07   2.494289e+08   3.527195e-01  -2.686842e+00  -2.704011e+00   4.914402e-06   1.127171e+03   4.914175e-01
    12  -4.511191e+00  -4.530248e+00   2.370783e-06   2.342028e+08   3.526173e-01            nan  -4.707101e+00  -4.718335e+00   6.371554e-07   2.483521e+08   3.527060e-01  -2.651895e+00  -2.669017e+00   5.734398e-06   1.035700e+03   4.835317e-01
    13  -4.472202e+00  -4.491259e+00   3.063714e-06   2.296857e+08   3.525517e-01            nan  -4.684296e+00  -4.695549e+00   7.434644e-07   2.471633e+08   3.526910e-01  -2.617024e+00  -2.634110e+00   6.691180e-06   9.516352e+02   4.758301e-01
    14  -4.433213e+00  -4.452270e+00   3.949985e-06   2.244350e+08   3.524763e-01            nan  -4.661449e+00  -4.672722e+00   8.675058e-07   2.458516e+08   3.526744e-01  -2.582204e+00  -2.599265e+00   7.807552e-06   8.740851e+02   4.684020e-01
    15  -4.394223e+00  -4.413281e+00   5.078700e-06   2.184441e+08   3.523904e-01            nan  -4.638551e+00  -4.649849e+00   1.012236e-06   2.444046e+08   3.526560e-01  -2.547421e+00  -2.564464e+00   9.110122e-06   8.028030e+02   4.610845e-01
    16  -4.355234e+00  -4.374291e+00   6.510841e-06   2.115730e+08   3.522915e-01            nan  -4.615599e+00  -4.626923e+00   1.181103e-06   2.428093e+08   3.526357e-01  -2.512654e+00  -2.529689e+00   1.062993e-05   7.370138e+02   4.539999e-01
    17  -4.316245e+00  -4.335302e+00   8.314856e-06   2.037875e+08   3.521780e-01            nan  -4.592583e+00  -4.603939e+00   1.378130e-06   2.410513e+08   3.526133e-01  -2.477895e+00  -2.494927e+00   1.240317e-05   6.765114e+02   4.469997e-01
    18  -4.277256e+00  -4.296313e+00   1.057676e-05   1.951244e+08   3.520493e-01            nan  -4.569498e+00  -4.580887e+00   1.608010e-06   2.391152e+08   3.525884e-01  -2.443133e+00  -2.460166e+00   1.447209e-05   6.207423e+02   4.401609e-01
    19  -4.238267e+00  -4.257324e+00   1.339019e-05   1.853960e+08   3.519011e-01            nan  -4.546334e+00  -4.557761e+00   1.876216e-06   2.369842e+08   3.525609e-01  -2.408360e+00  -2.425398e+00   1.688595e-05   5.694435e+02   4.333998e-01
    20  -4.199278e+00  -4.218335e+00   1.686257e-05   1.748796e+08   3.517349e-01            nan  -4.523081e+00  -4.534552e+00   2.189133e-06   2.346406e+08   3.525305e-01  -2.373570e+00  -2.390616e+00   1.970220e-05   5.222128e+02   4.267537e-01
    21  -4.160288e+00  -4.179346e+00   2.110954e-05   1.633347e+08   3.515449e-01            nan  -4.499731e+00  -4.511249e+00   2.554206e-06   2.320653e+08   3.524969e-01  -2.338758e+00  -2.355815e+00   2.298786e-05   4.787699e+02   4.201891e-01
    22  -4.121299e+00  -4.140356e+00   2.625855e-05   1.512046e+08   3.513338e-01            nan  -4.476270e+00  -4.487842e+00   2.980121e-06   2.292379e+08   3.524597e-01  -2.303921e+00  -2.320990e+00   2.682109e-05   4.388125e+02   4.137133e-01
    23  -4.082310e+00  -4.101367e+00   3.241605e-05   1.383630e+08   3.510958e-01            nan  -4.452686e+00  -4.464318e+00   3.477003e-06   2.261369e+08   3.524185e-01  -2.269055e+00  -2.286138e+00   3.129303e-05   4.020658e+02   4.073309e-01
    24  -4.043321e+00  -4.062378e+00   3.972913e-05   1.252208e+08   3.508324e-01            nan  -4.428964e+00  -4.440663e+00   4.056664e-06   2.227399e+08   3.523730e-01  -2.234160e+00  -2.251257e+00   3.650997e-05   3.682997e+02   4.010222e-01
    25  -4.004332e+00  -4.023389e+00   4.828870e-05   1.120457e+08   3.505430e-01            nan  -4.405088e+00  -4.416862e+00   4.732872e-06   2.190234e+08   3.523228e-01  -2.199231e+00  -2.216344e+00   4.259585e-05   3.372551e+02   3.948222e-01
    26  -3.965343e+00  -3.984400e+00   5.815332e-05   9.888580e+07   3.502214e-01            nan  -4.381040e+00  -4.392897e+00   5.521683e-06   2.149632e+08   3.522672e-01  -2.164270e+00  -2.181399e+00   4.969515e-05   3.087561e+02   3.886861e-01
    27  -3.926353e+00  -3.945411e+00   6.942313e-05   8.617811e+07   3.498693e-01            nan  -4.356798e+00  -4.368750e+00   6.441814e-06   2.105347e+08   3.522058e-01  -2.129274e+00  -2.146420e+00   5.797633e-05   2.825630e+02   3.826738e-01
    28  -3.887364e+00  -3.906421e+00   8.213039e-05   7.417065e+07   3.494850e-01            nan  -4.332340e+00  -4.344397e+00   7.515084e-06   2.057133e+08   3.521379e-01  -2.094245e+00  -2.111406e+00   6.763576e-05   2.585409e+02   3.767186e-01
    29  -3.848375e+00  -3.867432e+00   9.627324e-05   6.304992e+07   3.490658e-01            nan  -4.307639e+00  -4.319814e+00   8.766923e-06   2.004748e+08   3.520630e-01  -2.059180e+00  -2.076359e+00   7.890231e-05   2.364709e+02   3.709005e-01
    30  -3.809386e+00  -3.828443e+00   1.118203e-04   5.295856e+07   3.486083e-01            nan  -4.282665e+00  -4.294972e+00   1.022697e-05   1.947961e+08   3.519802e-01  -2.024083e+00  -2.041277e+00   9.204273e-05   2.162490e+02   3.651344e-01
    31  -3.770397e+00  -3.789454e+00   1.287229e-04   4.398635e+07   3.481086e-01            nan  -4.257384e+00  -4.269840e+00   1.192976e-05   1.886559e+08   3.518887e-01  -1.988950e+00  -2.006161e+00   1.073678e-04   1.976783e+02   3.595157e-01
    32  -3.731408e+00  -3.750465e+00   1.469336e-04   3.616651e+07   3.475620e-01            nan  -4.231757e+00  -4.244381e+00   1.391553e-05   1.820359e+08   3.517876e-01  -1.953787e+00  -1.971013e+00   1.252398e-04   1.806766e+02   3.539477e-01
    33  -3.692418e+00  -3.711476e+00   1.664301e-04   2.947780e+07   3.469644e-01            nan  -4.205739e+00  -4.218553e+00   1.623115e-05   1.749219e+08   3.516759e-01  -1.918589e+00  -1.935831e+00   1.460803e-04   1.650714e+02   3.485311e-01
    34  -3.653429e+00  -3.672486e+00   1.871315e-04   2.385179e+07   3.463138e-01            nan  -4.179280e+00  -4.192308e+00   1.893121e-05   1.673048e+08   3.515524e-01  -1.883362e+00  -1.900618e+00   1.703808e-04   1.507924e+02   3.431714e-01
    35  -3.614440e+00  -3.633497e+00   2.085337e-04   1.914910e+07   3.455813e-01            nan  -4.152321e+00  -4.165591e+00   2.207926e-05   1.591830e+08   3.514159e-01  -1.848103e+00  -1.865374e+00   1.987134e-04   1.376953e+02   3.379594e-01
    36  -3.575451e+00  -3.594508e+00   2.311354e-04   1.529924e+07   3.447635e-01            nan  -4.124794e+00  -4.138340e+00   2.574932e-05   1.505634e+08   3.512648e-01  -1.812816e+00  -1.830101e+00   2.317439e-04   1.257165e+02   3.328115e-01
    37  -3.536462e+00  -3.555519e+00   2.550984e-04   1.218797e+07   3.438755e-01            nan  -4.096621e+00  -4.110479e+00   3.002750e-05   1.414643e+08   3.510974e-01  -1.777499e+00  -1.794799e+00   2.702475e-04   1.147362e+02   3.278072e-01
    38  -3.497473e+00  -3.516530e+00   2.792028e-04   9.677854e+06   3.428677e-01            nan  -4.067711e+00  -4.081925e+00   3.501400e-05   1.319169e+08   3.509117e-01  -1.742157e+00  -1.759469e+00   3.151260e-04   1.046976e+02   3.228719e-01
    39  -3.458483e+00  -3.477541e+00   3.048531e-04   7.677286e+06   3.417200e-01            nan  -4.037956e+00  -4.052579e+00   4.082538e-05   1.219682e+08   3.507054e-01  -1.706787e+00  -1.724112e+00   3.674284e-04   9.550104e+01   3.180767e-01
    40  -3.419494e+00  -3.438551e+00   3.311743e-04   6.086947e+06   3.404969e-01            nan  -4.007233e+00  -4.022323e+00   4.759714e-05   1.116828e+08   3.504756e-01  -1.671394e+00  -1.688730e+00   4.283742e-04   8.709661e+01   3.133526e-01
    41  -3.380505e+00  -3.399562e+00   3.586811e-04   4.832585e+06   3.390013e-01            nan  -3.975394e+00  -3.991021e+00   5.548679e-05   1.011452e+08   3.502188e-01  -1.635975e+00  -1.653324e+00   4.993811e-04   7.940092e+01   3.087660e-01
    42  -3.341516e+00  -3.360573e+00   3.872597e-04   3.837526e+06   3.374797e-01            nan  -3.942265e+00  -3.958513e+00   6.467734e-05   9.046119e+07   3.499308e-01  -1.600536e+00  -1.617894e+00   5.820960e-04   7.237115e+01   3.042494e-01
    43  -3.302527e+00  -3.321584e+00   4.170965e-04   3.060881e+06   3.355405e-01            nan  -3.907641e+00  -3.924608e+00   7.538125e-05   7.975815e+07   3.496059e-01  -1.565073e+00  -1.582443e+00   6.784313e-04   6.593679e+01   2.998679e-01
    44  -3.263538e+00  -3.282595e+00   4.482418e-04   2.441760e+06   3.336103e-01            nan  -3.871277e+00  -3.889079e+00   8.784517e-05   6.918428e+07   3.492372e-01  -1.529593e+00  -1.546971e+00   7.906065e-04   6.006187e+01   2.955527e-01
    45  -3.224548e+00  -3.243606e+00   4.810796e-04   1.960722e+06   3.311484e-01            nan  -3.832883e+00  -3.851656e+00   1.023551e-04   5.890555e+07   3.488151e-01  -1.494091e+00  -1.511479e+00   9.211963e-04   5.468675e+01   2.913683e-01
    46  -3.185559e+00  -3.204616e+00   5.154448e-04   1.575142e+06   3.286818e-01            nan  -3.792114e+00  -3.812021e+00   1.192428e-04   4.910015e+07   3.483272e-01  -1.458573e+00  -1.475969e+00   1.073185e-03   4.978074e+01   2.872466e-01
    47  -3.146570e+00  -3.165627e+00   5.520602e-04   1.273958e+06   3.256596e-01            nan  -3.748563e+00  -3.769793e+00   1.388921e-04   3.994973e+07   3.477560e-01  -1.423039e+00  -1.440443e+00   1.250029e-03   4.529481e+01   2.832445e-01
    48  -3.107581e+00  -3.126638e+00   5.906483e-04   1.032069e+06   3.225392e-01            nan  -3.701757e+00  -3.724530e+00   1.617478e-04   3.162729e+07   3.470768e-01  -1.387491e+00  -1.404901e+00   1.455730e-03   4.120114e+01   2.793051e-01
    49  -3.068592e+00  -3.087649e+00   6.319381e-04   8.404217e+05   3.189641e-01            nan  -3.651156e+00  -3.675720e+00   1.883238e-04   2.428189e+07   3.462548e-01  -1.351930e+00  -1.369346e+00   1.694914e-03   3.746110e+01   2.754647e-01
    50  -3.029603e+00  -3.048660e+00   6.760617e-04   6.866003e+05   3.151129e-01   4.395091e-01  -3.596176e+00  -3.622797e+00   2.192140e-04   1.802159e+07   3.452385e-01  -1.316359e+00  -1.333780e+00   1.972926e-03   3.404852e+01   2.716862e-01
    51  -2.990613e+00  -3.009671e+00   7.232790e-04   5.625245e+05   3.109751e-01   4.368983e-01  -3.536229e+00  -3.565169e+00   2.551039e-04   1.289711e+07   3.439523e-01  -1.280781e+00  -1.298206e+00   2.295935e-03   3.093362e+01   2.679807e-01
    52  -2.951624e+00  -2.970681e+00   7.743908e-04   4.628721e+05   3.064181e-01   4.349666e-01  -3.470815e+00  -3.502291e+00   2.967831e-04   8.890202e+06   3.422843e-01  -1.245198e+00  -1.262625e+00   2.671048e-03   2.809182e+01   2.643329e-01
    53  -2.912635e+00  -2.931692e+00   8.292543e-04   3.812961e+05   3.017917e-01   4.330718e-01  -3.399676e+00  -3.433791e+00   3.451610e-04   5.911529e+06   3.400705e-01  -1.209614e+00  -1.227042e+00   3.106449e-03   2.550052e+01   2.607264e-01
    54  -2.873646e+00  -2.892703e+00   8.888920e-04   3.153752e+05   2.967016e-01   4.322142e-01  -3.322991e+00  -3.359643e+00   4.012824e-04   3.811834e+06   3.370813e-01  -1.174032e+00  -1.191459e+00   3.611542e-03   2.313662e+01   2.571703e-01
    55  -2.834657e+00  -2.853714e+00   9.533133e-04   2.609119e+05   2.916761e-01   4.313639e-01  -3.241547e+00  -3.280362e+00   4.663463e-04   2.406358e+06   3.330223e-01  -1.138458e+00  -1.155881e+00   4.197117e-03   2.098318e+01   2.536201e-01
    56  -2.795668e+00  -2.814725e+00   1.023344e-03   2.164093e+05   2.862951e-01   4.316143e-01  -3.156757e+00  -3.197086e+00   5.417261e-04   1.506481e+06   3.275760e-01  -1.102893e+00  -1.120312e+00   4.875535e-03   1.901963e+01   2.500990e-01
    57  -2.756678e+00  -2.775736e+00   1.099365e-03   1.795080e+05   2.810273e-01   4.319465e-01  -3.070414e+00  -3.111443e+00   6.289911e-04   9.478308e+05   3.205014e-01  -1.067346e+00  -1.084756e+00   5.660920e-03   1.723146e+01   2.465636e-01
    58  -2.717689e+00  -2.736746e+00   1.181917e-03   1.489754e+05   2.756324e-01   4.330410e-01  -2.984249e+00  -3.025198e+00   7.299314e-04   6.055090e+05   3.117656e-01  -1.031819e+00  -1.049219e+00   6.569382e-03   1.560281e+01   2.430100e-01
    59  -2.678700e+00  -2.697757e+00   1.271668e-03   1.236457e+05   2.703532e-01   4.342959e-01  -2.899548e+00  -2.939837e+00   8.465830e-04   3.947362e+05   3.016252e-01  -9.963198e-01  -1.013707e+00   7.619247e-03   1.411937e+01   2.394286e-01
    60  -2.639711e+00  -2.658768e+00   1.369001e-03   1.025047e+05   2.651751e-01   4.358069e-01  -2.816987e+00  -2.856309e+00   9.812558e-04   2.625559e+05   2.905763e-01  -9.608532e-01  -9.782246e-01   8.831303e-03   1.276911e+01   2.357865e-01
    61  -2.600722e+00  -2.619779e+00   1.474678e-03   8.497985e+04   2.601151e-01   4.374559e-01  -2.736695e+00  -2.774988e+00   1.136562e-03   1.775290e+05   2.792163e-01  -9.254225e-01  -9.427766e-01   1.022906e-02   1.153891e+01   2.321004e-01
    62  -2.561733e+00  -2.580790e+00   1.589087e-03   7.029770e+04   2.553104e-01   4.388621e-01  -2.658428e+00  -2.695801e+00   1.315444e-03   1.213900e+05   2.680937e-01  -8.900317e-01  -9.073667e-01   1.183900e-02   1.041849e+01   2.283445e-01
    63  -2.522743e+00  -2.541801e+00   1.712971e-03   5.815118e+04   2.506256e-01   4.403496e-01  -2.581752e+00  -2.618400e+00   1.521208e-03   8.350251e+04   2.576073e-01  -8.546838e-01  -8.719982e-01   1.369088e-02   9.397829e+00   2.245086e-01
    64  -2.483754e+00  -2.502811e+00   1.846792e-03   4.798096e+04   2.462648e-01   4.412698e-01  -2.506187e+00  -2.542328e+00   1.757548e-03   5.754238e+04   2.479652e-01  -8.193773e-01  -8.366718e-01   1.581793e-02   8.466899e+00   2.206141e-01
    65  -2.444765e+00  -2.463822e+00   1.991328e-03   3.958627e+04   2.420248e-01   4.422001e-01  -2.431309e+00  -2.467136e+00   2.028572e-03   3.961465e+04   2.391898e-01  -7.841099e-01  -8.013857e-01   1.825715e-02   7.617633e+00   2.166519e-01
    66  -2.405776e+00  -2.424833e+00   2.147058e-03   3.259176e+04   2.380756e-01   4.425386e-01  -2.356813e+00  -2.392466e+00   2.338830e-03   2.721272e+04   2.311636e-01  -7.488768e-01  -7.661362e-01   2.104947e-02   6.842380e+00   2.126295e-01
    67  -2.366787e+00  -2.385844e+00   2.314990e-03   2.682887e+04   2.342472e-01   4.428173e-01  -2.282524e+00  -2.318082e+00   2.693323e-03   1.865180e+04   2.237051e-01  -7.136678e-01  -7.309156e-01   2.423991e-02   6.133778e+00   2.085801e-01
    68  -2.327798e+00  -2.346855e+00   2.495496e-03   2.205446e+04   2.306358e-01   4.426864e-01  -2.208388e+00  -2.243876e+00   3.097518e-03   1.276376e+04   2.166457e-01  -6.784710e-01  -6.957130e-01   2.787766e-02   5.485969e+00   2.045118e-01
    69  -2.288808e+00  -2.307866e+00   2.690036e-03   1.812730e+04   2.271367e-01   4.424778e-01  -2.134432e+00  -2.169838e+00   3.557342e-03   8.728155e+03   2.098727e-01  -6.432727e-01  -6.605154e-01   3.201608e-02   4.893761e+00   2.004357e-01
    70  -2.249819e+00  -2.268876e+00   2.898757e-03   1.488876e+04   2.237875e-01   4.420671e-01  -2.060734e+00  -2.096022e+00   4.079169e-03   5.969326e+03   2.033307e-01  -6.080562e-01  -6.253076e-01   3.671252e-02   4.352408e+00   1.963848e-01
    71  -2.210830e+00  -2.229887e+00   3.123755e-03   1.222833e+04   2.205396e-01   4.416216e-01  -1.987397e+00  -2.022519e+00   4.669785e-03   4.086254e+03   1.970036e-01  -5.728051e-01  -5.900731e-01   4.202806e-02   3.858153e+00   1.923668e-01
    72  -2.171841e+00  -2.190898e+00   3.364867e-03   1.004088e+04   2.174017e-01   4.410998e-01  -1.914532e+00  -1.949438e+00   5.336336e-03   2.801696e+03   1.908960e-01  -5.375055e-01  -5.547967e-01   4.802703e-02   3.407853e+00   1.883809e-01
    73  -2.132852e+00  -2.151909e+00   3.624871e-03   8.245304e+03   2.143578e-01   4.406135e-01  -1.842255e+00  -1.876892e+00   6.086254e-03   1.925187e+03   1.850209e-01  -5.021470e-01  -5.194665e-01   5.477629e-02   2.998796e+00   1.844200e-01
    74  -2.093863e+00  -2.112920e+00   3.903497e-03   6.771261e+03   2.114089e-01   4.400895e-01  -1.770674e+00  -1.804991e+00   6.927149e-03   1.326496e+03   1.793933e-01  -4.667237e-01  -4.840743e-01   6.234434e-02   2.628466e+00   1.804845e-01
    75  -2.054873e+00  -2.073931e+00   4.203897e-03   5.561665e+03   2.085530e-01   4.396733e-01  -1.699893e+00  -1.733843e+00   7.866679e-03   9.168785e+02   1.740268e-01  -4.312364e-01  -4.486177e-01   7.080011e-02   2.294660e+00   1.765532e-01
    76  -2.015884e+00  -2.034941e+00   4.526245e-03   4.569327e+03   2.057914e-01   4.392308e-01  -1.630007e+00  -1.663546e+00   8.912390e-03   6.359889e+02   1.689317e-01  -3.956934e-01  -4.131014e-01   8.021151e-02   1.995206e+00   1.726025e-01
    77  -1.976895e+00  -1.995952e+00   4.873643e-03   3.754971e+03   2.031274e-01   4.389045e-01  -1.561104e+00  -1.594190e+00   1.007152e-02   4.428419e+02   1.641149e-01  -3.601096e-01  -3.775372e-01   9.064369e-02   1.727904e+00   1.686100e-01
    78  -1.937906e+00  -1.956963e+00   5.247003e-03   3.086988e+03   2.005634e-01   4.385932e-01  -1.493260e+00  -1.525858e+00   1.135078e-02   3.096070e+02   1.595793e-01  -3.245066e-01  -3.419434e-01   1.021570e-01   1.490491e+00   1.645622e-01
    79  -1.898917e+00  -1.917974e+00   5.649300e-03   2.538609e+03   1.981060e-01   4.383611e-01  -1.426545e+00  -1.458622e+00   1.275612e-02   2.173760e+02   1.553237e-01  -2.889104e-01  -3.063439e-01   1.148050e-01   1.280662e+00   1.604504e-01
    80  -1.859928e+00  -1.878985e+00   6.082403e-03   2.088754e+03   1.957553e-01   4.381936e-01  -1.361020e+00  -1.392548e+00   1.429243e-02   1.532864e+02   1.513429e-01  -2.533519e-01  -2.707673e-01   1.286319e-01   1.096140e+00   1.562638e-01
    81  -1.820938e+00  -1.839996e+00   6.549075e-03   1.719203e+03   1.935240e-01   4.380481e-01  -1.296738e+00  -1.327691e+00   1.596333e-02   1.085723e+02   1.476277e-01  -2.178658e-01  -2.352465e-01   1.436700e-01   9.346714e-01   1.519955e-01
    82  -1.781949e+00  -1.801006e+00   7.052428e-03   1.415936e+03   1.914067e-01   4.380095e-01  -1.233743e+00  -1.264099e+00   1.777087e-02   7.724485e+01   1.441644e-01  -1.824897e-01  -1.998176e-01   1.599378e-01   7.940661e-01   1.476421e-01
    83  -1.742960e+00  -1.762017e+00   7.594878e-03   1.166664e+03   1.894201e-01   4.379401e-01  -1.172074e+00  -1.201815e+00   1.971527e-02   5.520140e+01   1.409345e-01  -1.472631e-01  -1.645193e-01   1.774374e-01   6.722020e-01   1.432128e-01
    84  -1.703971e+00  -1.723028e+00   8.181186e-03   9.619375e+02   1.875581e-01   4.379997e-01  -1.111760e+00  -1.140871e+00   2.179475e-02   3.962209e+01   1.379151e-01  -1.122272e-01  -1.293919e-01   1.961527e-01   5.670817e-01   1.387093e-01
    85  -1.664982e+00  -1.684039e+00   8.813188e-03   7.935921e+02   1.858329e-01   4.380155e-01  -1.052824e+00  -1.081293e+00   2.400535e-02   2.856212e+01   1.350785e-01  -7.742480e-02  -9.447750e-02   2.160481e-01   4.768256e-01   1.341355e-01
    86  -1.625993e+00  -1.645050e+00   9.497523e-03   6.551663e+02   1.842455e-01   4.381192e-01  -9.952788e-01  -1.023099e+00   2.634082e-02   2.067516e+01   1.323923e-01  -4.289863e-02  -5.981871e-02   2.370673e-01   3.996767e-01   1.295017e-01
    87  -1.587003e+00  -1.606061e+00   1.023625e-02   5.413004e+02   1.827959e-01   4.382097e-01  -9.391299e-01  -9.662976e-01   2.879262e-02   1.502529e+01   1.298202e-01  -8.690611e-03  -2.545790e-02   2.591336e-01   3.340090e-01   1.248241e-01
    88  -1.548014e+00  -1.567071e+00   1.103680e-02   4.475259e+02   1.814994e-01   4.383026e-01  -8.843713e-01  -9.108881e-01   3.134998e-02   1.095947e+01   1.273260e-01   2.515789e-02   8.563323e-03   2.821498e-01   2.783493e-01   1.201128e-01
    89  -1.509025e+00  -1.528082e+00   1.190355e-02   3.703733e+02   1.803348e-01   4.384388e-01  -8.309840e-01  -8.568578e-01   3.400006e-02   8.020108e+00   1.248723e-01   5.860747e-02   4.220464e-02   3.060005e-01   2.313561e-01   1.153846e-01
    90  -1.470036e+00  -1.489093e+00   1.284306e-02   3.067056e+02   1.793402e-01   4.384680e-01  -7.789341e-01  -8.041797e-01   3.672816e-02   5.885256e+00   1.224281e-01   9.162172e-02   7.542823e-02   3.305535e-01   1.918236e-01   1.106604e-01
    91  -1.431047e+00  -1.450104e+00   1.386383e-02   2.542766e+02   1.784770e-01   4.385519e-01  -7.281691e-01  -7.528102e-01   3.951809e-02   4.327573e+00   1.199687e-01   1.241665e-01   1.081989e-01   3.556628e-01   1.586870e-01   1.059542e-01
    92  -1.392058e+00  -1.411115e+00   1.497044e-02   2.109853e+02   1.777727e-01   4.385139e-01  -6.786162e-01  -7.026863e-01   4.235249e-02   3.185924e+00   1.174828e-01   1.562125e-01   1.404850e-01   3.811724e-01   1.309963e-01   1.012912e-01
    93  -1.353068e+00  -1.372126e+00   1.617592e-02   1.752525e+02   1.772112e-01   4.384492e-01  -6.301784e-01  -6.537224e-01   4.521329e-02   2.345612e+00   1.149710e-01   1.877336e-01   1.722590e-01   4.069196e-01   1.079286e-01   9.668707e-02
    94  -1.314079e+00  -1.333136e+00   1.748641e-02   1.457519e+02   1.767790e-01   4.383039e-01  -5.827357e-01  -6.058096e-01   4.808216e-02   1.724866e+00   1.124513e-01   2.187085e-01   2.034972e-01   4.327394e-01   8.876384e-02   9.216236e-02
    95  -1.275090e+00  -1.294147e+00   1.891492e-02   1.213213e+02   1.764997e-01   4.379879e-01  -5.361418e-01  -5.588142e-01   5.094094e-02   1.264967e+00   1.099521e-01   2.491204e-01   2.341806e-01   4.584685e-01   7.288238e-02   8.773446e-02
    96  -1.236101e+00  -1.255158e+00   2.047585e-02   1.011346e+02   1.763243e-01   4.375875e-01  -4.902246e-01  -5.125766e-01   5.377208e-02   9.236370e-01   1.075119e-01   2.789569e-01   2.642948e-01   4.839488e-01   5.975261e-02   8.341891e-02
    97  -1.197112e+00  -1.216169e+00   2.217675e-02   8.439923e+01   1.762698e-01   4.369619e-01  -4.447925e-01  -4.669147e-01   5.655903e-02   6.703390e-01   1.051732e-01   3.082103e-01   2.938299e-01   5.090312e-01   4.892027e-02   7.923104e-02
    98  -1.158123e+00  -1.177180e+00   2.404050e-02   7.052352e+01   1.763094e-01   4.361401e-01  -3.996339e-01  -4.216265e-01   5.928652e-02   4.827123e-01   1.029739e-01   3.368769e-01   3.227801e-01   5.335787e-01   4.000132e-02   7.518141e-02
    99  -1.119133e+00  -1.138191e+00   2.608233e-02   5.902539e+01   1.764058e-01   4.351034e-01  -3.545215e-01  -3.764922e-01   6.194091e-02   3.442947e-01   1.009419e-01   3.649576e-01   3.511442e-01   5.574682e-01   3.267013e-02   7.128135e-02
   100  -1.080144e+00  -1.099201e+00   2.831858e-02   4.945177e+01   1.765737e-01   4.337471e-01  -3.092217e-01  -3.312812e-01   6.451030e-02   2.428637e-01   9.909043e-02   3.924566e-01   3.789247e-01   5.805927e-01   2.665431e-02   6.753656e-02
   101  -1.041155e+00  -1.060212e+00   3.077897e-02   4.149635e+01   1.767515e-01   4.320969e-01  -2.635012e-01  -2.857601e-01   6.698469e-02   1.692079e-01   9.741225e-02   4.193818e-01   4.061278e-01   6.028622e-01   2.172451e-02   6.395392e-02
   102  -1.002166e+00  -1.021223e+00   3.348522e-02   3.487945e+01   1.769083e-01   4.301223e-01  -2.171268e-01  -2.396953e-01   6.935597e-02   1.162995e-01   9.588664e-02   4.457440e-01   4.327629e-01   6.242038e-01   1.769053e-02   6.053468e-02
   103  -9.631767e-01  -9.822339e-01   3.646212e-02   2.934795e+01   1.770332e-01   4.277619e-01  -1.698647e-01  -1.928532e-01   7.161799e-02   7.876377e-02   9.449009e-02   4.715571e-01   4.588423e-01   6.445619e-01   1.439312e-02   5.728173e-02
   104  -9.241875e-01  -9.432447e-01   3.975038e-02   2.473119e+01   1.770719e-01   4.250891e-01  -1.214905e-01  -1.450044e-01   7.376638e-02   5.251677e-02   9.320131e-02   4.968368e-01   4.843809e-01   6.638974e-01   1.170111e-02   5.419263e-02
   105  -8.851984e-01  -9.042556e-01   4.338633e-02   2.087176e+01   1.769741e-01   4.219904e-01  -7.177658e-02  -9.592259e-02   7.579851e-02   3.443704e-02   9.201233e-02   5.216012e-01   5.093955e-01   6.821866e-01   9.505225e-03   5.126701e-02
   106  -8.462092e-01  -8.652664e-01   4.739603e-02   1.763233e+01   1.767225e-01   4.185686e-01  -2.050750e-02  -4.538593e-02   7.771330e-02   2.219264e-02   9.092019e-02   5.458700e-01   5.339051e-01   6.994197e-01   7.715888e-03   4.850009e-02
   107  -8.072200e-01  -8.262772e-01   5.183909e-02   1.490849e+01   1.762924e-01   4.149624e-01   3.247532e-02   6.791381e-03   7.951106e-02   1.406079e-02   8.990030e-02   5.696642e-01   5.579300e-01   7.155996e-01   6.258915e-03   4.588849e-02
   108  -7.682309e-01  -7.872881e-01   5.676607e-02   1.261693e+01   1.756476e-01   4.111289e-01   8.721765e-02   6.070844e-02   8.119333e-02   8.774674e-03   8.888958e-02   5.930059e-01   5.814918e-01   7.307399e-01   5.073559e-03   4.342644e-02
   109  -7.292417e-01  -7.482989e-01   6.223004e-02   1.068375e+01   1.747790e-01   4.071768e-01   1.435424e-01   1.162925e-01   8.276263e-02   5.418945e-03   8.773731e-02   6.159180e-01   6.046130e-01   7.448636e-01   4.109866e-03   4.110831e-02
   110  -6.902525e-01  -7.093097e-01   6.827208e-02   9.045153e+00   1.737004e-01   4.033592e-01   2.009250e-01   1.731808e-01   8.422234e-02   3.339890e-03   8.617155e-02   6.384243e-01   6.273169e-01   7.580011e-01   3.326917e-03   3.892799e-02
   111  -6.512634e-01  -6.703206e-01   7.497067e-02   7.654161e+00   1.724120e-01   3.996955e-01   2.584705e-01   2.306502e-01   8.557652e-02   2.077303e-03   8.385339e-02   6.605483e-01   6.496271e-01   7.701887e-01   2.691267e-03   3.687846e-02
   112  -6.122742e-01  -6.313314e-01   8.239082e-02   6.472326e+00   1.709278e-01   3.961966e-01   3.150505e-01   2.876813e-01   8.682971e-02   1.318546e-03   8.052058e-02   6.823144e-01   6.715677e-01   7.814674e-01   2.175505e-03   3.495358e-02
   113  -5.732850e-01  -5.923422e-01   9.059950e-02   5.466419e+00   1.692684e-01   3.928859e-01   3.696042e-01   3.431834e-01   8.798682e-02   8.605731e-04   7.617236e-02   7.037465e-01   6.931626e-01   7.918814e-01   1.757312e-03   3.314619e-02
   114  -5.342959e-01  -5.533531e-01   9.965554e-02   4.608936e+00   1.674430e-01   3.896744e-01   4.214079e-01   3.962780e-01   8.905301e-02   5.786598e-04   7.109512e-02   7.248687e-01   7.144360e-01   8.014771e-01   1.418448e-03   3.144959e-02
   115  -4.953067e-01  -5.143639e-01   1.096136e-01   3.877280e+00   1.654630e-01   3.863802e-01   4.701500e-01   4.464624e-01   9.003354e-02   3.999047e-04   6.569948e-02   7.457046e-01   7.354116e-01   8.103019e-01   1.144041e-03   2.985727e-02
   116  -4.563175e-01  -4.753747e-01   1.205521e-01   3.253674e+00   1.633530e-01   3.827168e-01   5.158386e-01   4.935948e-01   9.093373e-02   2.828301e-04   6.034477e-02   7.662775e-01   7.561129e-01   8.184036e-01   9.219911e-04   2.836253e-02
   117  -4.173284e-01  -4.363856e-01   1.325461e-01   2.723998e+00   1.610816e-01   3.783217e-01   5.586630e-01   5.377784e-01   9.175884e-02   2.038302e-04   5.526054e-02   7.866101e-01   7.765627e-01   8.258295e-01   7.424312e-04   2.695919e-02
   118  -3.783392e-01  -3.973964e-01   1.456651e-01   2.275041e+00   1.586255e-01   3.728505e-01   5.988917e-01   5.792430e-01   9.251402e-02   1.491323e-04   5.056158e-02   8.067245e-01   7.967837e-01   8.326262e-01   5.973385e-04   2.564122e-02
   119  -3.393500e-01  -3.584072e-01   1.599789e-01   1.895388e+00   1.559600e-01   3.660033e-01   6.368115e-01   6.182653e-01   9.320429e-02   1.104432e-04   4.628648e-02   8.266421e-01   8.167975e-01   8.388386e-01   4.801889e-04   2.440271e-02
   120  -3.003609e-01  -3.194181e-01   1.755569e-01   1.575086e+00   1.530656e-01   3.575693e-01   6.726967e-01   6.551246e-01   9.383445e-02   8.259392e-05   4.243192e-02   8.463837e-01   8.366251e-01   8.445100e-01   3.856758e-04   2.323819e-02
   121  -2.613717e-01  -2.804289e-01   1.924664e-01   1.305468e+00   1.499239e-01   3.474013e-01   7.067906e-01   6.900781e-01   9.440910e-02   6.227028e-05   3.896866e-02   8.659690e-01   8.562868e-01   8.496819e-01   3.094884e-04   2.214249e-02
   122  -2.223825e-01  -2.414397e-01   2.107454e-01   1.078967e+00   1.465227e-01   3.353652e-01   7.393110e-01   7.233551e-01   9.493262e-02   4.725956e-05   3.586268e-02   8.854169e-01   8.758018e-01   8.543935e-01   2.481273e-04   2.111059e-02
   123  -1.833934e-01  -2.024506e-01   2.304632e-01   8.890560e-01   1.428576e-01   3.213239e-01   7.704465e-01   7.551577e-01   9.540910e-02   3.606624e-05   3.307685e-02   9.047454e-01   8.951887e-01   8.586819e-01   1.987512e-04   2.013786e-02
   124  -1.444042e-01  -1.634614e-01   2.516360e-01   7.301724e-01   1.389225e-01   3.053537e-01   8.003617e-01   7.856616e-01   9.584241e-02   2.765121e-05   3.057497e-02   9.239715e-01   9.144648e-01   8.625817e-01   1.590549e-04   1.922005e-02
   125  -1.054150e-01  -1.244722e-01   2.743147e-01   5.974156e-01   1.347138e-01   2.872875e-01   8.291994e-01   8.150198e-01   9.623618e-02   2.128144e-05   2.832469e-02   9.431112e-01   9.336468e-01   8.661256e-01   1.271708e-04   1.835310e-02
   126  -6.642586e-02  -8.548306e-02   2.985297e-01   4.869274e-01   1.302607e-01   2.670939e-01   8.570846e-01   8.433658e-01   9.659376e-02   1.643170e-05   2.629628e-02   9.621796e-01   9.527500e-01   8.693438e-01   1.015858e-04   1.753323e-02
   127  -2.743670e-02  -4.649389e-02   3.242501e-01   3.952112e-01   1.255852e-01   2.446693e-01   8.841262e-01   8.708158e-01   9.691827e-02   1.272151e-05   2.446367e-02   9.811906e-01   9.717891e-01   8.722644e-01   8.107497e-05   1.675701e-02
   128   1.155247e-02  -7.504724e-03   3.514586e-01   3.193093e-01   1.207117e-01   2.198740e-01   9.104207e-01   8.974724e-01   9.721261e-02   9.870846e-06   2.280427e-02   1.000157e+00   9.907775e-01   8.749135e-01   6.464752e-05   1.602129e-02
   129   5.054164e-02   3.148444e-02   3.801334e-01   2.567287e-01   1.156599e-01   1.929929e-01   9.360521e-01   9.234254e-01   9.747945e-02   7.673326e-06   2.129743e-02   1.019092e+00   1.009728e+00   8.773151e-01   5.150321e-05   1.532313e-02
   130   8.953081e-02   7.047361e-02   4.101988e-01   2.053218e-01   1.104624e-01   1.641770e-01   9.610954e-01   9.487542e-01   9.772124e-02   5.974127e-06   1.992593e-02   1.038006e+00   1.028652e+00   8.794912e-01   4.099587e-05   1.465984e-02
   131   1.285200e-01   1.094628e-01   4.413666e-01   1.632498e-01   1.051377e-01   1.336621e-01   9.856173e-01   9.735294e-01   9.794025e-02   4.656935e-06   1.867438e-02   1.056909e+00   1.047560e+00   8.814623e-01   3.260440e-05   1.402900e-02
   132   1.675091e-01   1.484519e-01   4.735761e-01   1.289080e-01   9.969230e-02   1.025520e-01   1.009677e+00   9.978135e-01   9.813854e-02   3.633871e-06   1.752910e-02   1.075810e+00   1.066462e+00   8.832469e-01   2.590893e-05   1.342837e-02
   133   2.064983e-01   1.874411e-01   5.067238e-01   1.011149e-01   9.420048e-02   7.113410e-02   1.033326e+00   1.021662e+00   9.831802e-02   2.837856e-06   1.647850e-02   1.094719e+00   1.085368e+00   8.848622e-01   2.057157e-05   1.285595e-02
   134   2.454875e-01   2.264303e-01   5.405853e-01   7.875436e-02   8.870101e-02   4.016410e-02   1.056612e+00   1.045125e+00   9.848042e-02   2.217611e-06   1.551230e-02   1.113643e+00   1.104284e+00   8.863237e-01   1.632068e-05   1.230989e-02
   135   2.844766e-01   2.654194e-01   5.747353e-01   6.087378e-02   8.321796e-02   1.267390e-02   1.079577e+00   1.068246e+00   9.862732e-02   1.733771e-06   1.462144e-02   1.132589e+00   1.123219e+00   8.876458e-01   1.293808e-05   1.178851e-02
   136   3.234658e-01   3.044086e-01   6.089579e-01   4.661076e-02   7.776283e-02  -1.340604e-02   1.102259e+00   1.091066e+00   9.876016e-02   1.356006e-06   1.379798e-02   1.151563e+00   1.142180e+00   8.888415e-01   1.024873e-05   1.129030e-02
   137   3.624550e-01   3.433978e-01   6.431307e-01   3.538655e-02   7.241882e-02  -3.717626e-02   1.124691e+00   1.113620e+00   9.888027e-02   1.060834e-06   1.303505e-02   1.170572e+00   1.161172e+00   8.899225e-01   8.112362e-06   1.081388e-02
   138   4.014441e-01   3.823869e-01   6.765738e-01   2.661146e-02   6.719801e-02  -5.506324e-02   1.146903e+00   1.135939e+00   9.898885e-02   8.300640e-07   1.232658e-02   1.189620e+00   1.180200e+00   8.908996e-01   6.416666e-06   1.035799e-02
   139   4.404333e-01   4.213761e-01   7.092790e-01   1.979532e-02   6.212828e-02  -7.057583e-02   1.168922e+00   1.158052e+00   9.908698e-02   6.495637e-07   1.166722e-02   1.208712e+00   1.199271e+00   8.917828e-01   5.071826e-06   9.921495e-03
   140   4.794225e-01   4.603653e-01   7.407322e-01   1.457754e-02   5.726556e-02  -8.319826e-02   1.190772e+00   1.179985e+00   9.917565e-02   5.083369e-07   1.105226e-02   1.227851e+00   1.218387e+00   8.925808e-01   4.006084e-06   9.503353e-03
   141   5.184116e-01   4.993545e-01   7.707861e-01   1.060326e-02   5.260681e-02  -9.325323e-02   1.212476e+00   1.201760e+00   9.925576e-02   3.978143e-07   1.047756e-02   1.247042e+00   1.237552e+00   8.933019e-01   3.162166e-06   9.102611e-03
   142   5.574008e-01   5.383436e-01   7.989488e-01   7.626228e-03   4.819793e-02  -1.006339e-01   1.234052e+00   1.223398e+00   9.932813e-02   3.113079e-07   9.939469e-03   1.266287e+00   1.256771e+00   8.939532e-01   2.494399e-06   8.718399e-03
   143   5.963900e-01   5.773328e-01   8.252759e-01   5.416418e-03   4.404445e-02  -1.056653e-01   1.255518e+00   1.244917e+00   9.939350e-02   2.435931e-07   9.434789e-03   1.285589e+00   1.276045e+00   8.945415e-01   1.966399e-06   8.349919e-03
   144   6.353791e-01   6.163220e-01   8.493882e-01   3.797567e-03   4.016156e-02  -1.090276e-01   1.276889e+00   1.266335e+00   9.945254e-02   1.905867e-07   8.960663e-03   1.304950e+00   1.295377e+00   8.950729e-01   1.549209e-06   7.996435e-03
   145   6.743683e-01   6.553111e-01   8.711934e-01   2.629418e-03   3.655938e-02  -1.108758e-01   1.298179e+00   1.287664e+00   9.950586e-02   1.490949e-07   8.514561e-03   1.324371e+00   1.314769e+00   8.955527e-01   1.219800e-06   7.657271e-03
   146   7.133575e-01   6.943003e-01   8.907479e-01   1.797424e-03   3.323740e-02  -1.111605e-01   1.319401e+00   1.308920e+00   9.955400e-02   1.166185e-07   8.094238e-03   1.343855e+00   1.334222e+00   8.959860e-01   9.598778e-07   7.331801e-03
   147   7.523466e-01   7.332895e-01   9.080406e-01   1.212632e-03   3.019205e-02  -1.101877e-01   1.340566e+00   1.330113e+00   9.959747e-02   9.120117e-08   7.697695e-03   1.363402e+00   1.353739e+00   8.963772e-01   7.549185e-07   7.019444e-03
   148   7.913358e-01   7.722786e-01   9.231328e-01   8.079668e-04   2.741656e-02  -1.080101e-01   1.361684e+00   1.351254e+00   9.963672e-02   7.131104e-08   7.323149e-03   1.383013e+00   1.373318e+00   8.967304e-01   5.934028e-07   6.719661e-03
   149   8.303250e-01   8.112678e-01   9.361443e-01   5.320491e-04   2.489861e-02  -1.046901e-01   1.382763e+00   1.372352e+00   9.967214e-02   5.574855e-08   6.969006e-03   1.402689e+00   1.392962e+00   8.970493e-01   4.662013e-07   6.431950e-03
   150   8.693141e-01   8.502570e-01   9.472309e-01   3.465068e-04   2.262192e-02  -1.002544e-01   1.403812e+00   1.393415e+00   9.970413e-02   4.357416e-08   6.633837e-03   1.422429e+00   1.412671e+00   8.973371e-01   3.660841e-07   6.155842e-03
   151   9.083033e-01   8.892461e-01   9.565911e-01   2.234141e-04   2.056843e-02  -9.490259e-02   1.424836e+00   1.414451e+00   9.973300e-02   3.405203e-08   6.316359e-03   1.442233e+00   1.432444e+00   8.975970e-01   2.873305e-07   5.890900e-03
   152   9.472925e-01   9.282353e-01   9.644182e-01   1.427729e-04   1.871850e-02  -8.881710e-02   1.445843e+00   1.435466e+00   9.975905e-02   2.660582e-08   6.015419e-03   1.462100e+00   1.452280e+00   8.978315e-01   2.254170e-07   5.636713e-03
   153   9.862817e-01   9.672245e-01   9.709204e-01   9.054116e-05   1.705200e-02  -8.222481e-02   1.466836e+00   1.456466e+00   9.978257e-02   2.078416e-08   5.729972e-03   1.482030e+00   1.472180e+00   8.980432e-01   1.767695e-07   5.392896e-03
   154   1.025271e+00   1.006214e+00   9.762822e-01   5.705144e-05   1.554959e-02  -7.535683e-02   1.487821e+00   1.477455e+00   9.980380e-02   1.623360e-08   5.459078e-03   1.502022e+00   1.492141e+00   8.982342e-01   1.385658e-07   5.159088e-03
   155   1.064260e+00   1.045203e+00   9.806852e-01   3.576450e-05   1.419307e-02  -6.840113e-02   1.508801e+00   1.498438e+00   9.982296e-02   1.267737e-08   5.201882e-03   1.522074e+00   1.512164e+00   8.984066e-01   1.085793e-07   4.934953e-03
   156   1.103249e+00   1.084192e+00   9.842862e-01   2.232899e-05   1.296604e-02  -6.165207e-02   1.529778e+00   1.519416e+00   9.984025e-02   9.898832e-09   4.957612e-03   1.542183e+00   1.532244e+00   8.985622e-01   8.505418e-08   4.720172e-03
   157   1.142238e+00   1.123181e+00   9.872197e-01   1.389915e-05   1.185393e-02  -5.517481e-02   1.550755e+00   1.540393e+00   9.985585e-02   7.728388e-09   4.725565e-03   1.562347e+00   1.552382e+00   8.987027e-01   6.660701e-08   4.514450e-03
   158   1.181227e+00   1.162170e+00   9.896059e-01   8.633491e-06   1.084405e-02  -4.908442e-02   1.571732e+00   1.561370e+00   9.986993e-02   6.033327e-09   4.505107e-03   1.582563e+00   1.572573e+00   8.988294e-01   5.214827e-08   4.317512e-03
   159   1.220217e+00   1.201159e+00   9.915441e-01   5.355498e-06   9.925264e-03  -4.346725e-02   1.592711e+00   1.582348e+00   9.988264e-02   4.709811e-09   4.295659e-03   1.602828e+00   1.592814e+00   8.989438e-01   4.082057e-08   4.129102e-03
   160   1.259206e+00   1.240149e+00   9.931172e-01   3.319644e-06   9.088060e-03  -3.838728e-02   1.613690e+00   1.603327e+00   9.989411e-02   3.676615e-09   4.096699e-03   1.623138e+00   1.613102e+00   8.990470e-01   3.194953e-08   3.948986e-03
   161   1.298195e+00   1.279138e+00   9.943934e-01   2.057265e-06   8.324140e-03  -3.380251e-02   1.634669e+00   1.624306e+00   9.990446e-02   2.870215e-09   3.907756e-03   1.643486e+00   1.633431e+00   8.991401e-01   2.500505e-08   3.776950e-03
   162   1.337184e+00   1.318127e+00   9.954282e-01   1.275178e-06   7.626330e-03  -2.969902e-02   1.655644e+00   1.645283e+00   9.991379e-02   2.240943e-09   3.728406e-03   1.663867e+00   1.653796e+00   8.992241e-01   1.957068e-08   3.612801e-03
   163   1.376173e+00   1.357116e+00   9.962683e-01   7.908071e-07   6.988367e-03  -2.604909e-02   1.676612e+00   1.666254e+00   9.992222e-02   1.749976e-09   3.558271e-03   1.684274e+00   1.674191e+00   8.993000e-01   1.531944e-08   3.456369e-03
   164   1.415162e+00   1.396105e+00   9.969509e-01   4.907919e-07   6.404762e-03  -2.281675e-02   1.697568e+00   1.687216e+00   9.992982e-02   1.366973e-09   3.397015e-03   1.704699e+00   1.694607e+00   8.993684e-01   1.199472e-08   3.307509e-03
   165   1.454152e+00   1.435094e+00   9.975060e-01   3.048836e-07   5.870682e-03  -1.996395e-02   1.718506e+00   1.708163e+00   9.993668e-02   1.068229e-09   3.244346e-03   1.725131e+00   1.715035e+00   8.994301e-01   9.395254e-09   3.166100e-03
   166   1.493141e+00   1.474084e+00   9.979580e-01   1.896022e-07   5.381866e-03  -1.746022e-02   1.739416e+00   1.729087e+00   9.994287e-02   8.352300e-10   3.100013e-03   1.745558e+00   1.735465e+00   8.994858e-01   7.363265e-09   3.032048e-03
   167   1.532130e+00   1.513073e+00   9.983265e-01   1.180531e-07   4.934527e-03  -1.524826e-02   1.760290e+00   1.749979e+00   9.994845e-02   6.535168e-10   2.963808e-03   1.765967e+00   1.755883e+00   8.995361e-01   5.775116e-09   2.905289e-03
   168   1.571119e+00   1.552062e+00   9.986272e-01   7.360011e-08   4.525330e-03  -1.328702e-02   1.781113e+00   1.770826e+00   9.995349e-02   5.118022e-10   2.835562e-03   1.786341e+00   1.776274e+00   8.995814e-01   4.533980e-09   2.785788e-03
   169   1.610108e+00   1.591051e+00   9.988729e-01   4.595059e-08   4.151357e-03  -1.153108e-02   1.801871e+00   1.791616e+00   9.995804e-02   4.012767e-10   2.715150e-03   1.806661e+00   1.796620e+00   8.996223e-01   3.564056e-09   2.673546e-03
   170   1.649097e+00   1.630040e+00   9.990741e-01   2.873076e-08   3.810040e-03  -9.936067e-03   1.822545e+00   1.812331e+00   9.996214e-02   3.150661e-10   2.602489e-03   1.826903e+00   1.816900e+00   8.996593e-01   2.806030e-09   2.568595e-03
   171   1.688087e+00   1.669029e+00   9.992391e-01   1.799264e-08   3.499182e-03  -8.450098e-03   1.843112e+00   1.832950e+00   9.996584e-02   2.478079e-10   2.497538e-03   1.847042e+00   1.837089e+00   8.996926e-01   2.213510e-09   2.471005e-03
   172   1.727076e+00   1.708019e+00   9.993746e-01   1.128754e-08   3.216951e-03  -7.013381e-03   1.863548e+00   1.853450e+00   9.996918e-02   1.953200e-10   2.400301e-03   1.867048e+00   1.857160e+00   8.997226e-01   1.750224e-09   2.380880e-03
   173   1.766065e+00   1.747008e+00   9.994861e-01   7.095045e-09   2.961923e-03  -5.603985e-03   1.883821e+00   1.873802e+00   9.997219e-02   1.543414e-10   2.310821e-03   1.886885e+00   1.877079e+00   8.997498e-01   1.387823e-09   2.298363e-03
   174   1.805054e+00   1.785997e+00   9.995778e-01   4.469865e-09   2.733069e-03  -4.110320e-03   1.903897e+00   1.893975e+00   9.997491e-02   1.223298e-10   2.229183e-03   1.906515e+00   1.896811e+00   8.997742e-01   1.104163e-09   2.223630e-03
   175   1.844043e+00   1.824986e+00   9.996536e-01   2.823618e-09   2.529873e-03  -2.423091e-03   1.923737e+00   1.913930e+00   9.997737e-02   9.730409e-11   2.155514e-03   1.925894e+00   1.916312e+00   8.997963e-01   8.819467e-10   2.156887e-03
   176   1.883032e+00   1.863975e+00   9.997166e-01   1.789590e-09   2.352444e-03  -3.931213e-04   1.943297e+00   1.933627e+00   9.997958e-02   7.771897e-11   2.090008e-03   1.944974e+00   1.935538e+00   8.998162e-01   7.076720e-10   2.098372e-03
   177   1.922022e+00   1.902964e+00   9.997690e-01   1.138924e-09   2.201704e-03   2.184427e-03   1.962534e+00   1.953022e+00   9.998158e-02   6.236189e-11   2.033198e-03   1.963705e+00   1.954440e+00   8.998342e-01   5.707785e-10   2.048422e-03
   178   1.961011e+00   1.941954e+00   9.998130e-01   7.285869e-10   2.079745e-03   5.516823e-03   1.981419e+00   1.972079e+00   9.998338e-02   5.024421e-11   1.987579e-03   1.982043e+00   1.972971e+00   8.998504e-01   4.628252e-10   2.008305e-03
   179   2.000000e+00   1.980943e+00   9.998500e-01   4.679007e-10   1.995987e-03   8.152269e-03   2.000000e+00   1.990809e+00   9.998500e-02   4.048060e-11   1.962579e-03   2.000000e+00   1.991114e+00   8.998650e-01   3.761924e-10   1.985298e-03
