     i          log_r       log_rmid          m_tot        rho_tot         v2_tot            eta     lgr[heavy]    lgrm[heavy]       m[heavy]     rho[heavy]      v2[heavy]     lgr[light]    lgrm[light]       m[light]     rho[light]      v2[light]
     0  -4.528936e+00  -4.829966e+00   1.031974e-07   1.167901e+07   3.031647e-01            nan  -4.528936e+00  -4.829966e+00   9.998500e-08   1.158411e+07   3.002320e-01  -3.165809e+00  -3.466839e+00   8.998650e-07   8.486426e+03   5.871711e-01
     1  -4.492461e+00  -4.510315e+00   1.321899e-07   1.156508e+07   3.018232e-01            nan  -4.506465e+00  -4.517555e+00   1.166721e-07   1.151367e+07   3.002265e-01  -3.128473e+00  -3.146740e+00   1.050049e-06   4.813967e+03   5.710309e-01
     2  -4.455987e+00  -4.473841e+00   1.693823e-07   1.154856e+07   3.017155e-01            nan  -4.483999e+00  -4.495087e+00   1.361439e-07   1.150604e+07   3.002259e-01  -3.091510e+00  -3.109598e+00   1.225295e-06   4.389963e+03   5.680770e-01
     3  -4.419512e+00  -4.437366e+00   2.170931e-07   1.152975e+07   3.016150e-01            nan  -4.461536e+00  -4.472622e+00   1.588651e-07   1.149760e+07   3.002253e-01  -3.054729e+00  -3.072730e+00   1.429786e-06   3.990483e+03   5.647288e-01
     4  -4.383038e+00  -4.400892e+00   2.782901e-07   1.150853e+07   3.015211e-01            nan  -4.439073e+00  -4.450159e+00   1.853780e-07   1.148828e+07   3.002246e-01  -3.017992e+00  -3.035972e+00   1.668402e-06   3.616564e+03   5.609793e-01
     5  -4.346563e+00  -4.364417e+00   3.567764e-07   1.148422e+07   3.014335e-01            nan  -4.416609e+00  -4.427696e+00   2.163150e-07   1.147797e+07   3.002237e-01  -2.981200e+00  -2.999207e+00   1.946835e-06   3.268685e+03   5.568127e-01
     6  -4.310089e+00  -4.327943e+00   4.574103e-07   1.145619e+07   3.013515e-01            nan  -4.394142e+00  -4.405230e+00   2.524142e-07   1.146658e+07   3.002228e-01  -2.944283e+00  -2.962350e+00   2.271728e-06   2.946790e+03   5.521966e-01
     7  -4.273614e+00  -4.291468e+00   5.864073e-07   1.142413e+07   3.012749e-01            nan  -4.371671e+00  -4.382761e+00   2.945370e-07   1.145398e+07   3.002219e-01  -2.907195e+00  -2.925343e+00   2.650833e-06   2.650590e+03   5.470963e-01
     8  -4.237140e+00  -4.254994e+00   7.517118e-07   1.138665e+07   3.012031e-01            nan  -4.349193e+00  -4.360287e+00   3.436881e-07   1.144005e+07   3.002208e-01  -2.869917e+00  -2.888156e+00   3.093193e-06   2.379985e+03   5.415759e-01
     9  -4.200665e+00  -4.218519e+00   9.634085e-07   1.134336e+07   3.011358e-01            nan  -4.326708e+00  -4.337805e+00   4.010398e-07   1.142466e+07   3.002195e-01  -2.832443e+00  -2.850776e+00   3.609358e-06   2.133865e+03   5.355876e-01
    10  -4.164191e+00  -4.182045e+00   1.234414e-06   1.129327e+07   3.010725e-01            nan  -4.304213e+00  -4.315315e+00   4.679601e-07   1.140763e+07   3.002182e-01  -2.794782e+00  -2.813204e+00   4.211641e-06   1.911186e+03   5.291702e-01
    11  -4.127716e+00  -4.145570e+00   1.581077e-06   1.123446e+07   3.010130e-01            nan  -4.281706e+00  -4.292813e+00   5.460446e-07   1.138882e+07   3.002167e-01  -2.756954e+00  -2.775456e+00   4.914402e-06   1.710615e+03   5.223660e-01
    12  -4.091242e+00  -4.109096e+00   2.024126e-06   1.116664e+07   3.009567e-01            nan  -4.259186e+00  -4.270300e+00   6.371554e-07   1.136801e+07   3.002150e-01  -2.718987e+00  -2.737556e+00   5.734398e-06   1.530600e+03   5.151571e-01
    13  -4.054767e+00  -4.072621e+00   2.589941e-06   1.108726e+07   3.009033e-01            nan  -4.236650e+00  -4.247772e+00   7.434644e-07   1.134501e+07   3.002132e-01  -2.680914e+00  -2.699534e+00   6.691180e-06   1.369551e+03   5.076776e-01
    14  -4.018293e+00  -4.036147e+00   3.311370e-06   1.099503e+07   3.008525e-01            nan  -4.214098e+00  -4.225228e+00   8.675058e-07   1.131959e+07   3.002111e-01  -2.642770e+00  -2.661423e+00   7.807552e-06   1.225851e+03   4.998699e-01
    15  -3.981818e+00  -3.999672e+00   4.230310e-06   1.088866e+07   3.008037e-01            nan  -4.191525e+00  -4.202664e+00   1.012236e-06   1.129150e+07   3.002088e-01  -2.604589e+00  -2.623260e+00   9.110122e-06   1.097788e+03   4.919159e-01
    16  -3.945344e+00  -3.963198e+00   5.398728e-06   1.076393e+07   3.007566e-01            nan  -4.168930e+00  -4.180080e+00   1.181103e-06   1.126046e+07   3.002063e-01  -2.566407e+00  -2.585078e+00   1.062993e-05   9.838895e+02   4.837525e-01
    17  -3.908869e+00  -3.926723e+00   6.881282e-06   1.062119e+07   3.007108e-01            nan  -4.146309e+00  -4.157472e+00   1.378130e-06   1.122616e+07   3.002035e-01  -2.528252e+00  -2.546911e+00   1.240317e-05   8.825469e+02   4.755475e-01
    18  -3.872395e+00  -3.890249e+00   8.759226e-06   1.045524e+07   3.006657e-01            nan  -4.123661e+00  -4.134838e+00   1.608010e-06   1.118828e+07   3.002004e-01  -2.490154e+00  -2.508786e+00   1.447209e-05   7.924720e+02   4.672737e-01
    19  -3.835920e+00  -3.853774e+00   1.112935e-05   1.026533e+07   3.006208e-01            nan  -4.100982e+00  -4.112173e+00   1.876216e-06   1.114644e+07   3.001969e-01  -2.452136e+00  -2.470729e+00   1.688595e-05   7.123359e+02   4.590286e-01
    20  -3.799446e+00  -3.817300e+00   1.411548e-05   1.004814e+07   3.005754e-01            nan  -4.078267e+00  -4.089476e+00   2.189133e-06   1.110026e+07   3.001930e-01  -2.414215e+00  -2.432761e+00   1.970220e-05   6.410044e+02   4.508541e-01
    21  -3.762971e+00  -3.780825e+00   1.785904e-05   9.800044e+06   3.005290e-01            nan  -4.055513e+00  -4.066741e+00   2.554206e-06   1.104929e+07   3.001888e-01  -2.376409e+00  -2.394900e+00   2.298786e-05   5.774981e+02   4.427447e-01
    22  -3.726497e+00  -3.744351e+00   2.254039e-05   9.520917e+06   3.004809e-01            nan  -4.032716e+00  -4.043965e+00   2.980121e-06   1.099305e+07   3.001840e-01  -2.338725e+00  -2.357158e+00   2.682109e-05   5.208029e+02   4.348258e-01
    23  -3.690022e+00  -3.707876e+00   2.835827e-05   9.204843e+06   3.004299e-01            nan  -4.009870e+00  -4.021143e+00   3.477003e-06   1.093104e+07   3.001787e-01  -2.301178e+00  -2.319546e+00   3.129303e-05   4.702675e+02   4.269837e-01
    24  -3.653548e+00  -3.671402e+00   3.556433e-05   8.854961e+06   3.003755e-01            nan  -3.986970e+00  -3.998269e+00   4.056664e-06   1.086267e+07   3.001728e-01  -2.263765e+00  -2.282069e+00   3.650997e-05   4.249859e+02   4.194207e-01
    25  -3.617073e+00  -3.634927e+00   4.441533e-05   8.465613e+06   3.003160e-01            nan  -3.964011e+00  -3.975339e+00   4.732872e-06   1.078735e+07   3.001662e-01  -2.226492e+00  -2.244729e+00   4.259585e-05   3.845079e+02   4.119906e-01
    26  -3.580599e+00  -3.598453e+00   5.525051e-05   8.041338e+06   3.002505e-01            nan  -3.940984e+00  -3.952345e+00   5.521683e-06   1.070442e+07   3.001589e-01  -2.189354e+00  -2.207526e+00   4.969515e-05   3.481496e+02   4.048421e-01
    27  -3.544124e+00  -3.561978e+00   6.836329e-05   7.582558e+06   3.001774e-01            nan  -3.917883e+00  -3.929280e+00   6.441814e-06   1.061316e+07   3.001507e-01  -2.152352e+00  -2.170459e+00   5.797633e-05   3.155170e+02   3.979005e-01
    28  -3.507650e+00  -3.525504e+00   8.415750e-05   7.089701e+06   3.000941e-01            nan  -3.894699e+00  -3.906137e+00   7.515084e-06   1.051281e+07   3.001416e-01  -2.115480e+00  -2.133525e+00   6.763576e-05   2.861653e+02   3.911976e-01
    29  -3.471175e+00  -3.489029e+00   1.030248e-04   6.574692e+06   2.999999e-01            nan  -3.871423e+00  -3.882905e+00   8.766923e-06   1.040255e+07   3.001314e-01  -2.078733e+00  -2.096718e+00   7.890231e-05   2.597226e+02   3.847467e-01
    30  -3.434701e+00  -3.452555e+00   1.252348e-04   6.036777e+06   2.998905e-01            nan  -3.848044e+00  -3.859577e+00   1.022697e-05   1.028151e+07   3.001200e-01  -2.042110e+00  -2.060035e+00   9.204273e-05   2.359052e+02   3.784954e-01
    31  -3.398226e+00  -3.416080e+00   1.512402e-04   5.486014e+06   2.997629e-01            nan  -3.824551e+00  -3.836139e+00   1.192976e-05   1.014878e+07   3.001072e-01  -2.005599e+00  -2.023471e+00   1.073678e-04   2.143791e+02   3.725164e-01
    32  -3.361752e+00  -3.379606e+00   1.813726e-04   4.935081e+06   2.996146e-01            nan  -3.800930e+00  -3.812580e+00   1.391553e-05   1.000339e+07   3.000930e-01  -1.969202e+00  -1.987020e+00   1.252398e-04   1.949633e+02   3.667019e-01
    33  -3.325277e+00  -3.343131e+00   2.159026e-04   4.392589e+06   2.994410e-01            nan  -3.777165e+00  -3.788885e+00   1.623115e-05   9.844323e+06   3.000770e-01  -1.932908e+00  -1.950676e+00   1.460803e-04   1.773702e+02   3.611577e-01
    34  -3.288803e+00  -3.306657e+00   2.550196e-04   3.867204e+06   2.992367e-01            nan  -3.753242e+00  -3.765039e+00   1.893121e-05   9.670551e+06   3.000590e-01  -1.896716e+00  -1.914435e+00   1.703808e-04   1.614733e+02   3.557593e-01
    35  -3.252328e+00  -3.270182e+00   2.987466e-04   3.366844e+06   2.989947e-01            nan  -3.729141e+00  -3.741024e+00   2.207926e-05   9.481009e+06   3.000388e-01  -1.860618e+00  -1.878292e+00   1.987134e-04   1.470461e+02   3.506031e-01
    36  -3.215854e+00  -3.233708e+00   3.472097e-04   2.898781e+06   2.987064e-01            nan  -3.704840e+00  -3.716820e+00   2.574932e-05   9.274628e+06   3.000160e-01  -1.824611e+00  -1.842241e+00   2.317439e-04   1.339806e+02   3.455913e-01
    37  -3.179379e+00  -3.197233e+00   4.003343e-04   2.470526e+06   2.983659e-01            nan  -3.680316e+00  -3.692405e+00   3.002750e-05   9.050357e+06   2.999903e-01  -1.788690e+00  -1.806279e+00   2.702475e-04   1.221148e+02   3.407731e-01
    38  -3.142905e+00  -3.160759e+00   4.578149e-04   2.083839e+06   2.979576e-01   4.716865e-01  -3.655541e+00  -3.667752e+00   3.501400e-05   8.807181e+06   2.999612e-01  -1.752852e+00  -1.770401e+00   3.151260e-04   1.113504e+02   3.360849e-01
    39  -3.106430e+00  -3.124284e+00   5.195804e-04   1.741565e+06   2.974583e-01   4.699084e-01  -3.630487e+00  -3.642833e+00   4.082538e-05   8.544159e+06   2.999282e-01  -1.717095e+00  -1.734606e+00   3.674284e-04   1.015676e+02   3.315461e-01
    40  -3.069956e+00  -3.087810e+00   5.855494e-04   1.443816e+06   2.968552e-01   4.675315e-01  -3.605116e+00  -3.617616e+00   4.759714e-05   8.260460e+06   2.998908e-01  -1.681417e+00  -1.698889e+00   4.283742e-04   9.268176e+01   3.271104e-01
    41  -3.033481e+00  -3.051335e+00   6.557711e-04   1.188902e+06   2.961448e-01   4.648970e-01  -3.579390e+00  -3.592063e+00   5.548679e-05   7.955411e+06   2.998480e-01  -1.645815e+00  -1.663251e+00   4.993811e-04   8.460075e+01   3.227806e-01
    42  -2.997007e+00  -3.014861e+00   7.303586e-04   9.736161e+05   2.953265e-01   4.619958e-01  -3.553264e+00  -3.566131e+00   6.467734e-05   7.628555e+06   2.997991e-01  -1.610292e+00  -1.627690e+00   5.820960e-04   7.725404e+01   3.185169e-01
    43  -2.960532e+00  -2.978386e+00   8.066593e-04   7.924335e+05   2.943431e-01   4.589459e-01  -3.526686e+00  -3.539772e+00   7.538125e-05   7.279713e+06   2.997429e-01  -1.574844e+00  -1.592207e+00   6.784313e-04   7.056792e+01   3.143161e-01
    44  -2.924058e+00  -2.941912e+00   8.873027e-04   6.423248e+05   2.931773e-01   4.557521e-01  -3.499596e+00  -3.512930e+00   8.784517e-05   6.909060e+06   2.996780e-01  -1.539475e+00  -1.556800e+00   7.906065e-04   6.448488e+01   3.101376e-01
    45  -2.887583e+00  -2.905437e+00   9.719589e-04   5.195321e+05   2.918964e-01   4.522761e-01  -3.471926e+00  -3.485540e+00   1.023551e-04   6.517210e+06   2.996028e-01  -1.504184e+00  -1.521471e+00   9.211963e-04   5.894367e+01   3.059814e-01
    46  -2.851109e+00  -2.868963e+00   1.057859e-03   4.189025e+05   2.903468e-01   4.489122e-01  -3.443596e+00  -3.457530e+00   1.192428e-04   6.105303e+06   2.995150e-01  -1.468972e+00  -1.486221e+00   1.073185e-03   5.389816e+01   3.018025e-01
    47  -2.814634e+00  -2.832488e+00   1.149405e-03   3.375417e+05   2.886236e-01   4.454170e-01  -3.414516e+00  -3.428813e+00   1.388921e-04   5.675098e+06   2.994121e-01  -1.433839e+00  -1.451051e+00   1.250029e-03   4.929568e+01   2.976132e-01
    48  -2.778160e+00  -2.796014e+00   1.241477e-03   2.717734e+05   2.866993e-01   4.419107e-01  -3.384578e+00  -3.399289e+00   1.617478e-04   5.229069e+06   2.992905e-01  -1.398786e+00  -1.415959e+00   1.455730e-03   4.509994e+01   2.933620e-01
    49  -2.741685e+00  -2.759539e+00   1.339452e-03   2.189314e+05   2.844944e-01   4.386080e-01  -3.353658e+00  -3.368843e+00   1.883238e-04   4.770484e+06   2.991456e-01  -1.363810e+00  -1.380946e+00   1.694914e-03   4.126435e+01   2.890838e-01
    50  -2.705211e+00  -2.723065e+00   1.438719e-03   1.764256e+05   2.821376e-01   4.352374e-01  -3.321610e+00  -3.337338e+00   2.192140e-04   4.303470e+06   2.989716e-01  -1.328908e+00  -1.346008e+00   1.972926e-03   3.776003e+01   2.847278e-01
    51  -2.668736e+00  -2.686590e+00   1.544297e-03   1.424362e+05   2.794642e-01   4.322894e-01  -3.288263e+00  -3.304616e+00   2.551039e-04   3.833042e+06   2.987605e-01  -1.294074e+00  -1.311142e+00   2.295935e-03   3.454790e+01   2.803399e-01
    52  -2.632262e+00  -2.650116e+00   1.651470e-03   1.151188e+05   2.766424e-01   4.293590e-01  -3.253415e+00  -3.270489e+00   2.967831e-04   3.365084e+06   2.985016e-01  -1.259301e+00  -1.276340e+00   2.671048e-03   3.160253e+01   2.758949e-01
    53  -2.595787e+00  -2.613641e+00   1.766136e-03   9.326286e+04   2.735685e-01   4.268499e-01  -3.216829e+00  -3.234737e+00   3.451610e-04   2.906258e+06   2.981804e-01  -1.224577e+00  -1.241592e+00   3.106449e-03   2.889438e+01   2.714276e-01
    54  -2.559313e+00  -2.577167e+00   1.882741e-03   7.571435e+04   2.702938e-01   4.246215e-01  -3.178228e+00  -3.197100e+00   4.012824e-04   2.463817e+06   2.977768e-01  -1.189886e+00  -1.206885e+00   3.611542e-03   2.639992e+01   2.669532e-01
    55  -2.522838e+00  -2.540692e+00   2.007081e-03   6.157478e+04   2.669163e-01   4.225825e-01  -3.137284e+00  -3.157274e+00   4.663463e-04   2.045309e+06   2.972628e-01  -1.155214e+00  -1.172204e+00   4.197117e-03   2.409885e+01   2.624823e-01
    56  -2.486364e+00  -2.504218e+00   2.136395e-03   5.025362e+04   2.632571e-01   4.212082e-01  -3.093620e+00  -3.114904e+00   5.417261e-04   1.658157e+06   2.965991e-01  -1.120537e+00  -1.137530e+00   4.875535e-03   2.197008e+01   2.580691e-01
    57  -2.449889e+00  -2.467743e+00   2.272865e-03   4.102622e+04   2.596662e-01   4.196812e-01  -3.046804e+00  -3.069582e+00   6.289911e-04   1.309111e+06   2.957300e-01  -1.085836e+00  -1.102840e+00   5.660920e-03   2.000039e+01   2.537047e-01
    58  -2.413415e+00  -2.431269e+00   2.417033e-03   3.366220e+04   2.557421e-01   4.191691e-01  -2.996358e+00  -3.020849e+00   7.299314e-04   1.003626e+06   2.945769e-01  -1.051086e+00  -1.068113e+00   6.569382e-03   1.817534e+01   2.494236e-01
    59  -2.376940e+00  -2.394794e+00   2.568743e-03   2.762543e+04   2.519108e-01   4.185021e-01  -2.941778e+00  -2.968211e+00   8.465830e-04   7.452068e+05   2.930298e-01  -1.016267e+00  -1.033327e+00   7.619247e-03   1.648459e+01   2.452290e-01
    60  -2.340466e+00  -2.358320e+00   2.730106e-03   2.274486e+04   2.479661e-01   4.184595e-01  -2.882577e+00  -2.911170e+00   9.812558e-04   5.348702e+05   2.909389e-01  -9.813593e-01  -9.984623e-01   8.831303e-03   1.492030e+01   2.410997e-01
    61  -2.303991e+00  -2.321845e+00   2.900684e-03   1.875635e+04   2.440290e-01   4.185388e-01  -2.818363e+00  -2.849285e+00   1.136562e-03   3.708508e+05   2.881102e-01  -9.463464e-01  -9.635001e-01   1.022906e-02   1.347370e+01   2.370562e-01
    62  -2.267517e+00  -2.285371e+00   3.082203e-03   1.548967e+04   2.401387e-01   4.189567e-01  -2.748949e+00  -2.782271e+00   1.315444e-03   2.487225e+05   2.843136e-01  -9.112156e-01  -9.284258e-01   1.183900e-02   1.213905e+01   2.330693e-01
    63  -2.231042e+00  -2.248896e+00   3.275633e-03   1.282466e+04   2.362430e-01   4.196664e-01  -2.674478e+00  -2.710119e+00   1.521208e-03   1.620046e+05   2.793177e-01  -8.759597e-01  -8.932300e-01   1.369088e-02   1.091075e+01   2.291088e-01
    64  -2.194568e+00  -2.212422e+00   3.481682e-03   1.062152e+04   2.324598e-01   4.205651e-01  -2.595522e+00  -2.633208e+00   1.757548e-03   1.031733e+05   2.729566e-01  -8.405734e-01  -8.579062e-01   1.581793e-02   9.782443e+00   2.251809e-01
    65  -2.158093e+00  -2.175947e+00   3.701770e-03   8.821685e+03   2.287321e-01   4.217219e-01  -2.513072e+00  -2.552343e+00   2.028572e-03   6.480911e+04   2.652164e-01  -8.050556e-01  -8.224515e-01   1.825715e-02   8.748718e+00   2.212636e-01
    66  -2.121619e+00  -2.139473e+00   3.937274e-03   7.329131e+03   2.251207e-01   4.230403e-01  -2.428387e+00  -2.468668e+00   2.338830e-03   4.052439e+04   2.562921e-01  -7.694085e-01  -7.868664e-01   2.104947e-02   7.804126e+00   2.173366e-01
    67  -2.085144e+00  -2.102998e+00   4.188705e-03   6.098848e+03   2.216483e-01   4.244621e-01  -2.342765e+00  -2.383469e+00   2.693323e-03   2.542256e+04   2.465669e-01  -7.336360e-01  -7.511540e-01   2.423991e-02   6.943000e+00   2.134008e-01
    68  -2.048670e+00  -2.066524e+00   4.459172e-03   5.079362e+03   2.183006e-01   4.259927e-01  -2.257318e+00  -2.297943e+00   3.097518e-03   1.608865e+04   2.365139e-01  -6.977432e-01  -7.153189e-01   2.787766e-02   6.159817e+00   2.094568e-01
    69  -2.012195e+00  -2.030049e+00   4.747950e-03   4.234137e+03   2.151159e-01   4.276134e-01  -2.172869e+00  -2.213044e+00   3.557342e-03   1.030191e+04   2.265785e-01  -6.617378e-01  -6.793675e-01   3.201608e-02   5.449459e+00   2.054929e-01
    70  -1.975721e+00  -1.993575e+00   5.059359e-03   3.533070e+03   2.120946e-01   4.291803e-01  -2.089938e+00  -2.129427e+00   4.079169e-03   6.681665e+03   2.170995e-01  -6.256292e-01  -6.433083e-01   3.671252e-02   4.806938e+00   2.014987e-01
    71  -1.939246e+00  -1.957100e+00   5.392660e-03   2.949915e+03   2.092291e-01   4.308885e-01  -2.008812e+00  -2.047484e+00   4.669785e-03   4.389218e+03   2.082882e-01  -5.894282e-01  -6.071516e-01   4.202806e-02   4.227326e+00   1.974835e-01
    72  -1.902772e+00  -1.920626e+00   5.751926e-03   2.465326e+03   2.065705e-01   4.323670e-01  -1.929616e+00  -1.967411e+00   5.336336e-03   2.918442e+03   2.002447e-01  -5.531469e-01  -5.709088e-01   4.802703e-02   3.705999e+00   1.934415e-01
    73  -1.866297e+00  -1.884151e+00   6.137702e-03   2.061499e+03   2.040509e-01   4.340323e-01  -1.852380e+00  -1.889283e+00   6.086254e-03   1.962603e+03   1.929889e-01  -5.168001e-01  -5.345934e-01   5.477629e-02   3.238576e+00   1.893636e-01
    74  -1.829823e+00  -1.847677e+00   6.553516e-03   1.725252e+03   2.017707e-01   4.353374e-01  -1.777090e+00  -1.813105e+00   6.927149e-03   1.333857e+03   1.864894e-01  -4.804044e-01  -4.982211e-01   6.234434e-02   2.820865e+00   1.852405e-01
    75  -1.793348e+00  -1.811202e+00   7.001154e-03   1.444734e+03   1.996147e-01   4.368300e-01  -1.703715e+00  -1.738855e+00   7.866679e-03   9.156302e+02   1.806836e-01  -4.439785e-01  -4.618097e-01   7.080011e-02   2.448817e+00   1.810763e-01
    76  -1.756874e+00  -1.774728e+00   7.483940e-03   1.210741e+03   1.977112e-01   4.378628e-01  -1.632227e+00  -1.666502e+00   8.912390e-03   6.345569e+02   1.754902e-01  -4.075429e-01  -4.253787e-01   8.021151e-02   2.118601e+00   1.768665e-01
    77  -1.720399e+00  -1.738253e+00   8.004688e-03   1.015368e+03   1.959236e-01   4.390465e-01  -1.562603e+00  -1.596021e+00   1.007152e-02   4.438378e+02   1.708164e-01  -3.711208e-01  -3.889502e-01   9.064369e-02   1.826607e+00   1.726029e-01
    78  -1.683925e+00  -1.701779e+00   8.567013e-03   8.521504e+02   1.943803e-01   4.397224e-01  -1.494831e+00  -1.527396e+00   1.135078e-02   3.132440e+02   1.665614e-01  -3.347381e-01  -3.525486e-01   1.021570e-01   1.569414e+00   1.682774e-01
    79  -1.647450e+00  -1.665304e+00   9.174525e-03   7.157611e+02   1.929498e-01   4.404663e-01  -1.428904e+00  -1.460618e+00   1.275612e-02   2.230280e+02   1.626194e-01  -2.984231e-01  -3.162011e-01   1.148050e-01   1.343765e+00   1.638897e-01
    80  -1.610976e+00  -1.628830e+00   9.831671e-03   6.016723e+02   1.917356e-01   4.407048e-01  -1.364818e+00  -1.395680e+00   1.429243e-02   1.601570e+02   1.588853e-01  -2.622057e-01  -2.799370e-01   1.286319e-01   1.146572e+00   1.594413e-01
    81  -1.574501e+00  -1.592355e+00   1.054270e-02   5.062470e+02   1.906316e-01   4.408969e-01  -1.302561e+00  -1.332575e+00   1.596333e-02   1.159510e+02   1.552622e-01  -2.261187e-01  -2.437875e-01   1.436700e-01   9.749658e-01   1.549273e-01
    82  -1.538027e+00  -1.555881e+00   1.131343e-02   4.263284e+02   1.896997e-01   4.406211e-01  -1.242105e+00  -1.271282e+00   1.777087e-02   8.458180e+01   1.516720e-01  -1.901970e-01  -2.077865e-01   1.599378e-01   8.262599e-01   1.503440e-01
    83  -1.501552e+00  -1.519406e+00   1.214874e-02   3.594041e+02   1.888682e-01   4.401812e-01  -1.183397e+00  -1.211760e+00   1.971527e-02   6.210885e+01   1.480661e-01  -1.544772e-01  -1.719700e-01   1.774374e-01   6.979341e-01   1.456970e-01
    84  -1.465078e+00  -1.482932e+00   1.305624e-02   3.032861e+02   1.881555e-01   4.393363e-01  -1.126353e+00  -1.153939e+00   2.179475e-02   4.585131e+01   1.444337e-01  -1.189969e-01  -1.363748e-01   1.961527e-01   5.876500e-01   1.409931e-01
    85  -1.428603e+00  -1.446457e+00   1.404173e-02   2.562163e+02   1.875195e-01   4.382651e-01  -1.070855e+00  -1.097718e+00   2.400535e-02   3.397610e+01   1.408034e-01  -8.379475e-02  -1.010393e-01   2.160481e-01   4.932707e-01   1.362347e-01
    86  -1.392129e+00  -1.409983e+00   1.511481e-02   2.166956e+02   1.869493e-01   4.368487e-01  -1.016752e+00  -1.042962e+00   2.634082e-02   2.522450e+01   1.372341e-01  -4.891020e-02  -6.600231e-02   2.370673e-01   4.128336e-01   1.314286e-01
    87  -1.355654e+00  -1.373508e+00   1.628310e-02   1.834677e+02   1.864153e-01   4.352657e-01  -9.638689e-01  -9.895061e-01   2.879262e-02   1.872711e+01   1.337977e-01  -1.438118e-02  -3.130262e-02   2.591336e-01   3.445371e-01   1.265935e-01
    88  -1.319180e+00  -1.337034e+00   1.755736e-02   1.555333e+02   1.859061e-01   4.333790e-01  -9.120207e-01  -9.371715e-01   3.134998e-02   1.387901e+01   1.305617e-01   1.975459e-02   3.022003e-03   2.821498e-01   2.867767e-01   1.217376e-01
    89  -1.282705e+00  -1.300559e+00   1.894814e-02   1.319610e+02   1.853810e-01   4.315445e-01  -8.610283e-01  -8.857765e-01   3.400006e-02   1.025341e+01   1.275657e-01   5.346102e-02   3.693472e-02   3.060005e-01   2.381051e-01   1.168763e-01
    90  -1.246231e+00  -1.264085e+00   2.046853e-02   1.121012e+02   1.848496e-01   4.295278e-01  -8.107361e-01  -8.351546e-01   3.672816e-02   7.544132e+00   1.248139e-01   8.670505e-02   7.040105e-02   3.305535e-01   1.972292e-01   1.120304e-01
    91  -1.209756e+00  -1.227610e+00   2.213021e-02   9.529504e+01   1.842783e-01   4.277109e-01  -7.610208e-01  -7.851675e-01   3.951809e-02   5.525740e+00   1.222721e-01   1.194555e-01   1.033889e-01   3.556628e-01   1.630179e-01   1.072126e-01
    92  -1.173282e+00  -1.191136e+00   2.394999e-02   8.106569e+01   1.836770e-01   4.260311e-01  -7.117947e-01  -7.357107e-01   4.235249e-02   4.028858e+00   1.198856e-01   1.516859e-01   1.358697e-01   3.811724e-01   1.344661e-01   1.024476e-01
    93  -1.136807e+00  -1.154661e+00   2.594246e-02   6.902272e+01   1.830484e-01   4.244947e-01  -6.629960e-01  -6.867103e-01   4.521329e-02   2.924122e+00   1.175999e-01   1.833727e-01   1.678182e-01   4.069196e-01   1.107088e-01   9.775009e-02
    94  -1.100333e+00  -1.118187e+00   2.812315e-02   5.874282e+01   1.824022e-01   4.234919e-01  -6.145731e-01  -6.381100e-01   4.808216e-02   2.112400e+00   1.153762e-01   2.144970e-01   1.992136e-01   4.327394e-01   9.099097e-02   9.314041e-02
    95  -1.063858e+00  -1.081712e+00   3.051501e-02   5.001248e+01   1.817586e-01   4.226792e-01  -5.664744e-01  -5.898582e-01   5.094094e-02   1.518474e+00   1.131979e-01   2.450438e-01   2.300389e-01   4.584685e-01   7.466636e-02   8.863455e-02
    96  -1.027384e+00  -1.045238e+00   3.313161e-02   4.258375e+01   1.811208e-01   4.221641e-01  -5.186361e-01  -5.418969e-01   5.377208e-02   1.085579e+00   1.110604e-01   2.750028e-01   2.602816e-01   4.839488e-01   6.118098e-02   8.424823e-02
    97  -9.909090e-01  -1.008763e+00   3.599347e-02   3.621461e+01   1.805489e-01   4.218177e-01  -4.709769e-01  -4.941530e-01   5.655903e-02   7.713026e-01   1.089656e-01   3.043679e-01   2.899335e-01   5.090312e-01   5.006368e-02   7.999534e-02
    98  -9.544345e-01  -9.722890e-01   3.912960e-02   3.079297e+01   1.800144e-01   4.214650e-01  -4.234003e-01  -4.465374e-01   5.928652e-02   5.442124e-01   1.069194e-01   3.331370e-01   3.189906e-01   5.335787e-01   4.091606e-02   7.588674e-02
    99  -9.179600e-01  -9.358145e-01   4.255727e-02   2.617725e+01   1.795066e-01   4.210333e-01  -3.757904e-01  -3.989433e-01   6.194091e-02   3.809624e-01   1.049264e-01   3.613120e-01   3.474529e-01   5.574682e-01   3.340169e-02   7.193243e-02
   100  -8.814855e-01  -8.993400e-01   4.629354e-02   2.222100e+01   1.790897e-01   4.201234e-01  -3.280079e-01  -3.512423e-01   6.451030e-02   2.642859e-01   1.029931e-01   3.888984e-01   3.753242e-01   5.805927e-01   2.723893e-02   6.813841e-02
   101  -8.450110e-01  -8.628655e-01   5.038022e-02   1.885745e+01   1.786818e-01   4.187932e-01  -2.798938e-01  -3.032849e-01   6.698469e-02   1.814821e-01   1.011287e-01   4.159051e-01   4.026116e-01   6.028622e-01   2.219151e-02   6.451045e-02
   102  -8.085365e-01  -8.263910e-01   5.484967e-02   1.600133e+01   1.782446e-01   4.170023e-01  -2.312681e-01  -2.549007e-01   6.935597e-02   1.231986e-01   9.934130e-02   4.423437e-01   4.293256e-01   6.242038e-01   1.806324e-02   6.105004e-02
   103  -7.720620e-01  -7.899165e-01   5.970837e-02   1.357256e+01   1.777656e-01   4.146154e-01  -1.819240e-01  -2.058956e-01   7.161799e-02   8.255295e-02   9.764362e-02   4.682289e-01   4.554791e-01   6.445619e-01   1.469041e-02   5.775918e-02
   104  -7.355875e-01  -7.534420e-01   6.501200e-02   1.150725e+01   1.772184e-01   4.117006e-01  -1.316389e-01  -1.560541e-01   7.376638e-02   5.452824e-02   9.604990e-02   4.935769e-01   4.810878e-01   6.638974e-01   1.193803e-02   5.463553e-02
   105  -6.991130e-01  -7.169675e-01   7.080735e-02   9.757859e+00   1.765341e-01   4.084277e-01  -8.018235e-02  -1.051490e-01   7.579851e-02   3.546032e-02   9.456970e-02   5.184066e-01   5.061692e-01   6.821866e-01   9.693896e-03   5.167816e-02
   106  -6.626385e-01  -6.804930e-01   7.713924e-02   8.275381e+00   1.756852e-01   4.047940e-01  -2.732874e-02  -5.295201e-02   7.771330e-02   2.268236e-02   9.321094e-02   5.427379e-01   5.307427e-01   6.994197e-01   7.866012e-03   4.888207e-02
   107  -6.261640e-01  -6.440185e-01   8.401746e-02   7.016407e+00   1.746621e-01   4.008174e-01   2.707941e-02   7.268068e-04   7.951106e-02   1.427824e-02   9.194392e-02   5.665925e-01   5.548290e-01   7.155996e-01   6.378243e-03   4.624380e-02
   108  -5.896895e-01  -6.075440e-01   9.152757e-02   5.947009e+00   1.734538e-01   3.965605e-01   8.307974e-02   5.598157e-02   8.119333e-02   8.862259e-03   9.070066e-02   5.899928e-01   5.784502e-01   7.307399e-01   5.168328e-03   4.375715e-02
   109  -5.532150e-01  -5.710695e-01   9.972538e-02   5.039571e+00   1.720324e-01   3.919783e-01   1.404742e-01   1.127244e-01   8.276263e-02   5.450652e-03   8.931730e-02   6.129619e-01   6.016292e-01   7.448636e-01   4.185044e-03   4.141650e-02
   110  -5.167405e-01  -5.345950e-01   1.086682e-01   4.268885e+00   1.703874e-01   3.870088e-01   1.987089e-01   1.705669e-01   8.422234e-02   3.350984e-03   8.750964e-02   6.355239e-01   6.243894e-01   7.580011e-01   3.386494e-03   3.921538e-02
   111  -4.802660e-01  -4.981205e-01   1.183792e-01   3.613285e+00   1.685184e-01   3.815765e-01   2.568669e-01   2.287607e-01   8.557652e-02   2.082428e-03   8.493519e-02   6.577027e-01   6.467548e-01   7.701887e-01   2.738423e-03   3.714674e-02
   112  -4.437915e-01  -4.616460e-01   1.289472e-01   3.055115e+00   1.664339e-01   3.756218e-01   3.138272e-01   2.862802e-01   8.682971e-02   1.322481e-03   8.134825e-02   6.795226e-01   6.687497e-01   7.814674e-01   2.212787e-03   3.520423e-02
   113  -4.073170e-01  -4.251715e-01   1.404426e-01   2.580514e+00   1.641157e-01   3.690617e-01   3.685717e-01   3.420615e-01   8.798682e-02   8.642458e-04   7.677753e-02   7.010081e-01   6.903982e-01   7.918814e-01   1.786753e-03   3.338051e-02
   114  -3.708425e-01  -3.886970e-01   1.529288e-01   2.176864e+00   1.615607e-01   3.617940e-01   4.204368e-01   3.952780e-01   8.905301e-02   5.819806e-04   7.152986e-02   7.221830e-01   7.117246e-01   8.014771e-01   1.441664e-03   3.166888e-02
   115  -3.343680e-01  -3.522225e-01   1.664409e-01   1.833509e+00   1.587678e-01   3.537000e-01   4.691650e-01   4.454840e-01   9.003354e-02   4.027318e-04   6.601630e-02   7.430713e-01   7.327527e-01   8.103019e-01   1.162325e-03   3.006262e-02
   116  -2.978935e-01  -3.157480e-01   1.810442e-01   1.541206e+00   1.557545e-01   3.445939e-01   5.148031e-01   4.925833e-01   9.093373e-02   2.851283e-04   6.058343e-02   7.636963e-01   7.535062e-01   8.184036e-01   9.363715e-04   2.855493e-02
   117  -2.614190e-01  -2.792735e-01   1.968182e-01   1.292908e+00   1.525101e-01   3.344198e-01   5.575648e-01   5.367101e-01   9.175884e-02   2.056409e-04   5.545019e-02   7.840808e-01   7.740081e-01   8.258295e-01   7.537249e-04   2.713961e-02
   118  -2.249445e-01  -2.427990e-01   2.138164e-01   1.082146e+00   1.490367e-01   3.230385e-01   5.977303e-01   5.781117e-01   9.251402e-02   1.505391e-04   5.071981e-02   8.042469e-01   7.942809e-01   8.326262e-01   6.061956e-04   2.581046e-02
   119  -1.884700e-01  -2.063245e-01   2.320565e-01   9.034292e-01   1.453379e-01   3.103015e-01   6.355914e-01   6.170733e-01   9.320429e-02   1.115290e-04   4.642362e-02   8.242163e-01   8.143464e-01   8.388386e-01   4.871254e-04   2.456152e-02
   120  -1.519955e-01  -1.698500e-01   2.515753e-01   7.519821e-01   1.414334e-01   2.958619e-01   6.714252e-01   6.538778e-01   9.383445e-02   8.342761e-05   4.255374e-02   8.440094e-01   8.342256e-01   8.445100e-01   3.910999e-04   2.338730e-02
   121  -1.155210e-01  -1.333755e-01   2.724298e-01   6.239975e-01   1.373224e-01   2.797734e-01   7.054764e-01   6.887844e-01   9.440910e-02   6.290829e-05   3.907980e-02   8.636462e-01   8.539388e-01   8.496819e-01   3.137240e-04   2.228250e-02
   122  -7.904651e-02  -9.690096e-02   2.946348e-01   5.160506e-01   1.330133e-01   2.619117e-01   7.379616e-01   7.220226e-01   9.493262e-02   4.774814e-05   3.596519e-02   8.831455e-01   8.735053e-01   8.543935e-01   2.514300e-04   2.124207e-02
   123  -4.257201e-02  -6.042646e-02   3.181282e-01   4.251906e-01   1.285218e-01   2.420145e-01   7.690699e-01   7.537942e-01   9.540910e-02   3.643950e-05   3.317252e-02   9.025254e-01   8.929435e-01   8.586819e-01   2.013228e-04   2.026135e-02
   124  -6.097510e-03  -2.395196e-02   3.429502e-01   3.489246e-01   1.238663e-01   2.201075e-01   7.989645e-01   7.842743e-01   9.584241e-02   2.793666e-05   3.066461e-02   9.218027e-01   9.122710e-01   8.625817e-01   1.610544e-04   1.933603e-02
   125   3.037699e-02   1.252254e-02   3.690676e-01   2.851129e-01   1.190585e-01   1.963356e-01   8.277881e-01   8.136153e-01   9.623618e-02   2.149941e-05   2.840917e-02   9.409935e-01   9.315041e-01   8.661256e-01   1.287235e-04   1.846200e-02
   126   6.685149e-02   4.899704e-02   3.963652e-01   2.318906e-01   1.141216e-01   1.706475e-01   8.556647e-01   8.419500e-01   9.659376e-02   1.659829e-05   2.637599e-02   9.601128e-01   9.506583e-01   8.693438e-01   1.027899e-04   1.763547e-02
   127   1.033260e-01   8.547154e-02   4.248102e-01   1.876735e-01   1.090759e-01   1.436288e-01   8.827029e-01   8.693942e-01   9.691827e-02   1.284869e-05   2.453907e-02   9.791745e-01   9.697482e-01   8.722644e-01   8.200737e-05   1.685297e-02
   128   1.398005e-01   1.219460e-01   4.543031e-01   1.510798e-01   1.039483e-01   1.153465e-01   9.089984e-01   8.960496e-01   9.721261e-02   9.967916e-06   2.287555e-02   9.981918e-01   9.887872e-01   8.749135e-01   6.536867e-05   1.611132e-02
   129   1.762750e-01   1.584205e-01   4.846622e-01   1.209356e-01   9.876463e-02   8.669031e-02   9.346350e-01   9.220059e-01   9.747945e-02   7.747399e-06   2.136489e-02   1.017177e+00   1.007788e+00   8.773151e-01   5.206027e-05   1.540757e-02
   130   2.127495e-01   1.948950e-01   5.157946e-01   9.622598e-02   9.355192e-02   5.878051e-02   9.596870e-01   9.473416e-01   9.772124e-02   6.030608e-06   1.998978e-02   1.036140e+00   1.026762e+00   8.794912e-01   4.142566e-05   1.473900e-02
   131   2.492240e-01   2.313695e-01   5.473389e-01   7.605480e-02   8.833846e-02   3.055422e-02   9.842208e-01   9.721271e-01   9.794025e-02   4.699984e-06   1.873474e-02   1.055092e+00   1.045719e+00   8.814623e-01   3.293559e-05   1.410316e-02
   132   2.856985e-01   2.678440e-01   5.791467e-01   5.966013e-02   8.312560e-02   5.761524e-03   1.008295e+00   9.964246e-01   9.813854e-02   3.666671e-06   1.758615e-02   1.074043e+00   1.064671e+00   8.832469e-01   2.616385e-05   1.349783e-02
   133   3.221730e-01   3.043185e-01   6.110921e-01   4.645698e-02   7.798156e-02  -1.743765e-02   1.031961e+00   1.020289e+00   9.831802e-02   2.862828e-06   1.653240e-02   1.093000e+00   1.083625e+00   8.848622e-01   2.076756e-05   1.292096e-02
   134   3.586475e-01   3.407930e-01   6.429398e-01   3.589851e-02   7.293702e-02  -3.893679e-02   1.055266e+00   1.043770e+00   9.848042e-02   2.236613e-06   1.556317e-02   1.111972e+00   1.102589e+00   8.863237e-01   1.647119e-05   1.237069e-02
   135   3.951220e-01   3.772675e-01   6.741816e-01   2.750957e-02   6.800380e-02  -5.513326e-02   1.078253e+00   1.066912e+00   9.862732e-02   1.748223e-06   1.466938e-02   1.130965e+00   1.121572e+00   8.876458e-01   1.305354e-05   1.184535e-02
   136   4.315965e-01   4.137420e-01   7.047154e-01   2.087598e-02   6.320139e-02  -6.979728e-02   1.100957e+00   1.089753e+00   9.876016e-02   1.366991e-06   1.384313e-02   1.149986e+00   1.140580e+00   8.888415e-01   1.033721e-05   1.134340e-02
   137   4.680710e-01   4.502165e-01   7.344471e-01   1.570325e-02   5.858124e-02  -8.211838e-02   1.123413e+00   1.112330e+00   9.888027e-02   1.069180e-06   1.307753e-02   1.169041e+00   1.159618e+00   8.899225e-01   8.180095e-06   1.086346e-02
   138   5.045455e-01   4.866910e-01   7.626461e-01   1.169311e-02   5.414578e-02  -9.125986e-02   1.145650e+00   1.134674e+00   9.898885e-02   8.364002e-07   1.236651e-02   1.188134e+00   1.178692e+00   8.908996e-01   6.468462e-06   1.040425e-02
   139   5.410200e-01   5.231655e-01   7.896275e-01   8.616818e-03   4.991898e-02  -9.817455e-02   1.167696e+00   1.156813e+00   9.908698e-02   6.543716e-07   1.170470e-02   1.207270e+00   1.197808e+00   8.917828e-01   5.111394e-06   9.964628e-03
   140   5.774945e-01   5.596400e-01   8.147467e-01   6.283775e-03   4.592030e-02  -1.034629e-01   1.189573e+00   1.178772e+00   9.917565e-02   5.119832e-07   1.108741e-02   1.226454e+00   1.216968e+00   8.925808e-01   4.036281e-06   9.543545e-03
   141   6.139690e-01   5.961145e-01   8.382546e-01   4.531587e-03   4.215627e-02  -1.072363e-01   1.211304e+00   1.200574e+00   9.925576e-02   4.005782e-07   1.051048e-02   1.245688e+00   1.236177e+00   8.933019e-01   3.185188e-06   9.140039e-03
   142   6.504435e-01   6.325890e-01   8.596432e-01   3.231460e-03   3.863653e-02  -1.095827e-01   1.232908e+00   1.222240e+00   9.932813e-02   3.134017e-07   9.970284e-03   1.264975e+00   1.255438e+00   8.939532e-01   2.511934e-06   8.753229e-03
   143   6.869180e-01   6.690635e-01   8.791318e-01   2.279723e-03   3.536575e-02  -1.105999e-01   1.254402e+00   1.243788e+00   9.939350e-02   2.451784e-07   9.463599e-03   1.284318e+00   1.274754e+00   8.945415e-01   1.979742e-06   8.382309e-03
   144   7.233925e-01   7.055380e-01   8.966829e-01   1.589010e-03   3.233950e-02  -1.104660e-01   1.275802e+00   1.265233e+00   9.945254e-02   1.917863e-07   8.987570e-03   1.303720e+00   1.294128e+00   8.950729e-01   1.559352e-06   8.026535e-03
   145   7.598670e-01   7.420125e-01   9.121612e-01   1.095738e-03   2.955684e-02  -1.091905e-01   1.297121e+00   1.286592e+00   9.950586e-02   1.500020e-07   8.539667e-03   1.323182e+00   1.313560e+00   8.955527e-01   1.227504e-06   7.685224e-03
   146   7.963415e-01   7.784870e-01   9.257595e-01   7.476932e-04   2.700859e-02  -1.068571e-01   1.318371e+00   1.307876e+00   9.955400e-02   1.173041e-07   8.117641e-03   1.342705e+00   1.333053e+00   8.959860e-01   9.657234e-07   7.357742e-03
   147   8.328160e-01   8.149615e-01   9.375986e-01   5.050636e-04   2.468346e-02  -1.035269e-01   1.339565e+00   1.329097e+00   9.959747e-02   9.171900e-08   7.719490e-03   1.362290e+00   1.352608e+00   8.963772e-01   7.593498e-07   7.043500e-03
   148   8.692905e-01   8.514360e-01   9.478002e-01   3.378207e-04   2.256850e-02  -9.922676e-02   1.360711e+00   1.350267e+00   9.963672e-02   7.170192e-08   7.343427e-03   1.381939e+00   1.372226e+00   8.967304e-01   5.967588e-07   6.741953e-03
   149   9.057650e-01   8.879105e-01   9.565124e-01   2.240194e-04   2.064838e-02  -9.417136e-02   1.381819e+00   1.371393e+00   9.967214e-02   5.604340e-08   6.987854e-03   1.401651e+00   1.391907e+00   8.970493e-01   4.687405e-07   6.452591e-03
   150   9.422395e-01   9.243850e-01   9.638878e-01   1.474224e-04   1.890663e-02  -8.848449e-02   1.402895e+00   1.392485e+00   9.970413e-02   4.379642e-08   6.651339e-03   1.421427e+00   1.411651e+00   8.973371e-01   3.680034e-07   6.174940e-03
   151   9.787140e-01   9.608595e-01   9.700848e-01   9.636625e-05   1.732665e-02  -8.237609e-02   1.423948e+00   1.413549e+00   9.973300e-02   3.421946e-08   6.332595e-03   1.441266e+00   1.431459e+00   8.975970e-01   2.887799e-07   5.908555e-03
   152   1.015188e+00   9.973340e-01   9.752540e-01   6.263867e-05   1.589257e-02  -7.597603e-02   1.444982e+00   1.434592e+00   9.975905e-02   2.673184e-08   6.030464e-03   1.461167e+00   1.451330e+00   8.978315e-01   2.265103e-07   5.653019e-03
   153   1.051663e+00   1.033809e+00   9.795606e-01   4.052397e-05   1.458933e-02  -6.956117e-02   1.466003e+00   1.455620e+00   9.978257e-02   2.087893e-08   5.743900e-03   1.481131e+00   1.471264e+00   8.980432e-01   1.775933e-07   5.407942e-03
   154   1.088137e+00   1.070283e+00   9.831327e-01   2.612010e-05   1.340313e-02  -6.319755e-02   1.487015e+00   1.476636e+00   9.980380e-02   1.630480e-08   5.471955e-03   1.501155e+00   1.491259e+00   8.982342e-01   1.391859e-07   5.172957e-03
   155   1.124612e+00   1.106758e+00   9.860895e-01   1.678728e-05   1.232167e-02  -5.708529e-02   1.508021e+00   1.497645e+00   9.982296e-02   1.273081e-08   5.213773e-03   1.521239e+00   1.511313e+00   8.984066e-01   1.090454e-07   4.947721e-03
   156   1.161086e+00   1.143232e+00   9.885286e-01   1.076629e-05   1.133401e-02  -5.130009e-02   1.529024e+00   1.518650e+00   9.984025e-02   9.938892e-09   4.968576e-03   1.541379e+00   1.531426e+00   8.985622e-01   8.540406e-08   4.731911e-03
   157   1.197561e+00   1.179707e+00   9.905397e-01   6.894779e-06   1.043053e-02  -4.587500e-02   1.550027e+00   1.539653e+00   9.985585e-02   7.758379e-09   4.735659e-03   1.561574e+00   1.551594e+00   8.987027e-01   6.686924e-08   4.525227e-03
   158   1.234035e+00   1.216181e+00   9.921966e-01   4.411286e-06   9.602945e-03  -4.091995e-02   1.571030e+00   1.560656e+00   9.986993e-02   6.055744e-09   4.514381e-03   1.581820e+00   1.571815e+00   8.988294e-01   5.234446e-08   4.327388e-03
   159   1.270510e+00   1.252656e+00   9.935595e-01   2.821109e-06   8.843865e-03  -3.638619e-02   1.592034e+00   1.581659e+00   9.988264e-02   4.726536e-09   4.304161e-03   1.602115e+00   1.592086e+00   8.989438e-01   4.096704e-08   4.138133e-03
   160   1.306984e+00   1.289130e+00   9.946816e-01   1.804054e-06   8.146826e-03  -3.227091e-02   1.613039e+00   1.602664e+00   9.989411e-02   3.689064e-09   4.104473e-03   1.622453e+00   1.612403e+00   8.990470e-01   3.205861e-08   3.957222e-03
   161   1.343459e+00   1.325605e+00   9.956058e-01   1.153927e-06   7.506229e-03  -2.858932e-02   1.634043e+00   1.623668e+00   9.990446e-02   2.879456e-09   3.914841e-03   1.642829e+00   1.632761e+00   8.991401e-01   2.508604e-08   3.784437e-03
   162   1.379933e+00   1.362079e+00   9.963634e-01   7.384353e-07   6.917097e-03  -2.530085e-02   1.655043e+00   1.644670e+00   9.991379e-02   2.247779e-09   3.734837e-03   1.663239e+00   1.653154e+00   8.992241e-01   1.963059e-08   3.619580e-03
   163   1.416408e+00   1.398554e+00   9.969867e-01   4.728646e-07   6.375020e-03  -2.235796e-02   1.676036e+00   1.665666e+00   9.992222e-02   1.755011e-09   3.564078e-03   1.683674e+00   1.673577e+00   8.993000e-01   1.536355e-08   3.462477e-03
   164   1.452882e+00   1.435028e+00   9.975017e-01   3.030498e-07   5.876092e-03  -1.973145e-02   1.697017e+00   1.686653e+00   9.992982e-02   1.370661e-09   3.402225e-03   1.704126e+00   1.694021e+00   8.993684e-01   1.202700e-08   3.312977e-03
   165   1.489357e+00   1.471503e+00   9.979276e-01   1.943975e-07   5.416844e-03  -1.741632e-02   1.717980e+00   1.707625e+00   9.993668e-02   1.070911e-09   3.248981e-03   1.724586e+00   1.714477e+00   8.994301e-01   9.418701e-09   3.170953e-03
   166   1.525831e+00   1.507977e+00   9.982797e-01   1.248346e-07   4.994175e-03  -1.534744e-02   1.738917e+00   1.728574e+00   9.994287e-02   8.371619e-10   3.104091e-03   1.745042e+00   1.734934e+00   8.994858e-01   7.380119e-09   3.036308e-03
   167   1.562306e+00   1.544452e+00   9.985713e-01   8.025262e-08   4.605297e-03  -1.349166e-02   1.759816e+00   1.749492e+00   9.994845e-02   6.548904e-10   2.967340e-03   1.765479e+00   1.755381e+00   8.995361e-01   5.787064e-09   2.908971e-03
   168   1.598780e+00   1.580926e+00   9.988113e-01   5.165237e-08   4.247743e-03  -1.181778e-02   1.780667e+00   1.770367e+00   9.995349e-02   5.127615e-10   2.838556e-03   1.785882e+00   1.775801e+00   8.995814e-01   4.542286e-09   2.788903e-03
   169   1.635255e+00   1.617401e+00   9.990105e-01   3.328571e-08   3.919340e-03  -1.032036e-02   1.801453e+00   1.791184e+00   9.995804e-02   4.019293e-10   2.717609e-03   1.806232e+00   1.796177e+00   8.996223e-01   3.569668e-09   2.676098e-03
   170   1.671729e+00   1.653875e+00   9.991761e-01   2.147813e-08   3.618146e-03  -8.940900e-03   1.822156e+00   1.811928e+00   9.996214e-02   3.154926e-10   2.604410e-03   1.826506e+00   1.816487e+00   8.996593e-01   2.809657e-09   2.570583e-03
   171   1.708204e+00   1.690350e+00   9.993142e-01   1.387989e-08   3.342682e-03  -7.598512e-03   1.842755e+00   1.832578e+00   9.996584e-02   2.480687e-10   2.498913e-03   1.846678e+00   1.836709e+00   8.996926e-01   2.215683e-09   2.472422e-03
   172   1.744678e+00   1.726824e+00   9.994292e-01   8.983963e-09   3.091554e-03  -6.267350e-03   1.863224e+00   1.853110e+00   9.996918e-02   1.954600e-10   2.401114e-03   1.866719e+00   1.856814e+00   8.997226e-01   1.751338e-09   2.381715e-03
   173   1.781153e+00   1.763299e+00   9.995245e-01   5.825386e-09   2.863698e-03  -4.951168e-03   1.883533e+00   1.873497e+00   9.997219e-02   1.543941e-10   2.311053e-03   1.886594e+00   1.876770e+00   8.997498e-01   1.388176e-09   2.298597e-03
   174   1.817627e+00   1.799773e+00   9.996043e-01   3.785088e-09   2.658357e-03  -3.534168e-03   1.903648e+00   1.893707e+00   9.997491e-02   1.223203e-10   2.228808e-03   1.906264e+00   1.896540e+00   8.997742e-01   1.103973e-09   2.223238e-03
   175   1.854102e+00   1.836248e+00   9.996714e-01   2.465456e-09   2.475251e-03  -1.898778e-03   1.923530e+00   1.913703e+00   9.997737e-02   9.725098e-11   2.154500e-03   1.925686e+00   1.916083e+00   8.997963e-01   8.813794e-10   2.155840e-03
   176   1.890576e+00   1.872722e+00   9.997279e-01   1.610964e-09   2.315141e-03   2.509905e-04   1.943136e+00   1.933444e+00   9.997958e-02   7.763612e-11   2.088315e-03   1.944812e+00   1.935354e+00   8.998162e-01   7.068483e-10   2.096635e-03
   177   1.927051e+00   1.909197e+00   9.997755e-01   1.056575e-09   2.178546e-03   2.761623e-03   1.962422e+00   1.952886e+00   9.998158e-02   6.225985e-11   2.030772e-03   1.963594e+00   1.954305e+00   8.998342e-01   5.697891e-10   2.045951e-03
   178   1.963525e+00   1.945671e+00   9.998158e-01   6.961567e-10   2.067243e-03   5.933980e-03   1.981360e+00   1.971994e+00   9.998338e-02   5.013149e-11   1.984329e-03   1.981985e+00   1.972887e+00   8.998504e-01   4.617412e-10   2.005036e-03
   179   2.000000e+00   1.982146e+00   9.998500e-01   4.599858e-10   1.990675e-03   8.208522e-03   2.000000e+00   1.990780e+00   9.998500e-02   4.036208e-11   1.958467e-03   2.000000e+00   1.991086e+00   8.998650e-01   3.750632e-10   1.981175e-03
