     i          log_r       log_rmid          m_tot        rho_tot         v2_tot            eta     lgr[heavy]    lgrm[heavy]       m[heavy]     rho[heavy]      v2[heavy]     lgr[light]    lgrm[light]       m[light]     rho[light]      v2[light]
     0  -4.263105e+00  -4.564135e+00   1.020852e-07   1.861384e+06   2.219437e-01            nan  -4.263105e+00  -4.564135e+00   9.998500e-08   1.846591e+06   2.201023e-01  -3.049083e+00  -3.350113e+00   8.998650e-07   3.789195e+03   4.349627e-01
     1  -4.228115e+00  -4.245258e+00   1.296975e-07   1.848449e+06   2.213716e-01            nan  -4.240668e+00  -4.251742e+00   1.166721e-07   1.838363e+06   2.201001e-01  -3.018163e+00  -3.033348e+00   1.050049e-06   2.655914e+03   4.306687e-01
     2  -4.193126e+00  -4.210268e+00   1.647977e-07   1.846579e+06   2.213209e-01            nan  -4.218235e+00  -4.229307e+00   1.361439e-07   1.837471e+06   2.200999e-01  -2.987484e+00  -3.002553e+00   1.225295e-06   2.524960e+03   4.300147e-01
     3  -4.158137e+00  -4.175279e+00   2.094138e-07   1.844460e+06   2.212722e-01            nan  -4.195804e+00  -4.206875e+00   1.588651e-07   1.836484e+06   2.200996e-01  -2.956900e+00  -2.971923e+00   1.429786e-06   2.391839e+03   4.292729e-01
     4  -4.123147e+00  -4.140290e+00   2.661194e-07   1.842082e+06   2.212256e-01            nan  -4.173373e+00  -4.184444e+00   1.853780e-07   1.835392e+06   2.200993e-01  -2.926288e+00  -2.941324e+00   1.668402e-06   2.257176e+03   4.284313e-01
     5  -4.088158e+00  -4.105300e+00   3.381809e-07   1.839341e+06   2.211808e-01            nan  -4.150942e+00  -4.162013e+00   2.163150e-07   1.834183e+06   2.200990e-01  -2.895546e+00  -2.910645e+00   1.946835e-06   2.121784e+03   4.274796e-01
     6  -4.053168e+00  -4.070311e+00   4.297392e-07   1.836240e+06   2.211379e-01            nan  -4.128508e+00  -4.139580e+00   2.524142e-07   1.832845e+06   2.200987e-01  -2.864585e+00  -2.879790e+00   2.271728e-06   1.986502e+03   4.264040e-01
     7  -4.018179e+00  -4.035321e+00   5.460494e-07   1.832649e+06   2.210968e-01            nan  -4.106071e+00  -4.117145e+00   2.945370e-07   1.831365e+06   2.200983e-01  -2.833333e+00  -2.848678e+00   2.650833e-06   1.852220e+03   4.251898e-01
     8  -3.983190e+00  -4.000332e+00   6.937523e-07   1.828540e+06   2.210573e-01            nan  -4.083630e+00  -4.094706e+00   3.436881e-07   1.829727e+06   2.200979e-01  -2.801725e+00  -2.817241e+00   3.093193e-06   1.719844e+03   4.238197e-01
     9  -3.948200e+00  -3.965343e+00   8.812847e-07   1.823790e+06   2.210195e-01            nan  -4.061183e+00  -4.072261e+00   4.010398e-07   1.827914e+06   2.200974e-01  -2.769709e+00  -2.785422e+00   3.609358e-06   1.590265e+03   4.222732e-01
    10  -3.913211e+00  -3.930353e+00   1.119255e-06   1.818295e+06   2.209833e-01            nan  -4.038729e+00  -4.049811e+00   4.679601e-07   1.825908e+06   2.200968e-01  -2.737243e+00  -2.753173e+00   4.211641e-06   1.464475e+03   4.205364e-01
    11  -3.878221e+00  -3.895364e+00   1.421146e-06   1.811967e+06   2.209485e-01            nan  -4.016266e+00  -4.027352e+00   5.460446e-07   1.823688e+06   2.200962e-01  -2.704300e+00  -2.720459e+00   4.914402e-06   1.343400e+03   4.185987e-01
    12  -3.843232e+00  -3.860374e+00   1.803862e-06   1.804583e+06   2.209151e-01            nan  -3.993794e+00  -4.004885e+00   6.371554e-07   1.821232e+06   2.200956e-01  -2.670860e+00  -2.687258e+00   5.734398e-06   1.227717e+03   4.164369e-01
    13  -3.808243e+00  -3.825385e+00   2.288784e-06   1.796123e+06   2.208830e-01            nan  -3.971311e+00  -3.982407e+00   7.434644e-07   1.818515e+06   2.200949e-01  -2.636912e+00  -2.653554e+00   6.691180e-06   1.118022e+03   4.140283e-01
    14  -3.773253e+00  -3.790396e+00   2.902713e-06   1.786184e+06   2.208523e-01            nan  -3.948815e+00  -3.959917e+00   8.675058e-07   1.815509e+06   2.200940e-01  -2.602463e+00  -2.619346e+00   7.807552e-06   1.014981e+03   4.113871e-01
    15  -3.738264e+00  -3.755406e+00   3.679256e-06   1.774826e+06   2.208227e-01            nan  -3.926305e+00  -3.937414e+00   1.012236e-06   1.812184e+06   2.200932e-01  -2.567526e+00  -2.584644e+00   9.110122e-06   9.188225e+02   4.084848e-01
    16  -3.703274e+00  -3.720417e+00   4.660594e-06   1.761519e+06   2.207943e-01            nan  -3.903778e+00  -3.914895e+00   1.181103e-06   1.808506e+06   2.200922e-01  -2.532126e+00  -2.549465e+00   1.062993e-05   8.297651e+02   4.053244e-01
    17  -3.668285e+00  -3.685427e+00   5.898907e-06   1.746290e+06   2.207669e-01            nan  -3.881233e+00  -3.892359e+00   1.378130e-06   1.804440e+06   2.200910e-01  -2.496296e+00  -2.513841e+00   1.240317e-05   7.478763e+02   4.019226e-01
    18  -3.633295e+00  -3.650438e+00   7.459900e-06   1.728580e+06   2.207404e-01            nan  -3.858668e+00  -3.869804e+00   1.608010e-06   1.799944e+06   2.200898e-01  -2.460075e+00  -2.477808e+00   1.447209e-05   6.729815e+02   3.982484e-01
    19  -3.598306e+00  -3.615448e+00   9.423268e-06   1.708303e+06   2.207148e-01            nan  -3.836080e+00  -3.847227e+00   1.876216e-06   1.794973e+06   2.200885e-01  -2.423515e+00  -2.441411e+00   1.688595e-05   6.049462e+02   3.943800e-01
    20  -3.563317e+00  -3.580459e+00   1.188988e-05   1.684907e+06   2.206899e-01            nan  -3.813467e+00  -3.824626e+00   2.189133e-06   1.789480e+06   2.200869e-01  -2.386665e+00  -2.404699e+00   1.970220e-05   5.433895e+02   3.902676e-01
    21  -3.528327e+00  -3.545470e+00   1.497883e-05   1.658203e+06   2.206656e-01            nan  -3.790825e+00  -3.801998e+00   2.554206e-06   1.783411e+06   2.200853e-01  -2.349579e+00  -2.367726e+00   2.298786e-05   4.879586e+02   3.860160e-01
    22  -3.493338e+00  -3.510480e+00   1.884174e-05   1.627638e+06   2.206419e-01            nan  -3.768152e+00  -3.779341e+00   2.980121e-06   1.776707e+06   2.200834e-01  -2.312313e+00  -2.330547e+00   2.682109e-05   4.382018e+02   3.815759e-01
    23  -3.458348e+00  -3.475491e+00   2.365177e-05   1.593018e+06   2.206185e-01            nan  -3.745444e+00  -3.756649e+00   3.477003e-06   1.769304e+06   2.200813e-01  -2.274919e+00  -2.293213e+00   3.129303e-05   3.936526e+02   3.770628e-01
    24  -3.423359e+00  -3.440501e+00   2.962960e-05   1.553707e+06   2.205952e-01            nan  -3.722696e+00  -3.733921e+00   4.056664e-06   1.761132e+06   2.200790e-01  -2.237447e+00  -2.255779e+00   3.650997e-05   3.538639e+02   3.724200e-01
    25  -3.388370e+00  -3.405512e+00   3.701956e-05   1.509785e+06   2.205719e-01            nan  -3.699906e+00  -3.711152e+00   4.732872e-06   1.752115e+06   2.200764e-01  -2.199943e+00  -2.218290e+00   4.259585e-05   3.183431e+02   3.677805e-01
    26  -3.353380e+00  -3.370523e+00   4.612624e-05   1.460296e+06   2.205484e-01            nan  -3.677067e+00  -3.688336e+00   5.521683e-06   1.742169e+06   2.200735e-01  -2.162450e+00  -2.180792e+00   4.969515e-05   2.866981e+02   3.630689e-01
    27  -3.318391e+00  -3.335533e+00   5.728735e-05   1.406113e+06   2.205244e-01            nan  -3.654174e+00  -3.665470e+00   6.441814e-06   1.731204e+06   2.200703e-01  -2.125001e+00  -2.143322e+00   5.797633e-05   2.584643e+02   3.584254e-01
    28  -3.283401e+00  -3.300544e+00   7.088352e-05   1.345611e+06   2.204994e-01            nan  -3.631222e+00  -3.642546e+00   7.515084e-06   1.719123e+06   2.200668e-01  -2.087629e+00  -2.105913e+00   6.763576e-05   2.333131e+02   3.537808e-01
    29  -3.248412e+00  -3.265554e+00   8.737949e-05   1.280332e+06   2.204734e-01            nan  -3.608203e+00  -3.619560e+00   8.766923e-06   1.705820e+06   2.200628e-01  -2.050359e+00  -2.068595e+00   7.890231e-05   2.108618e+02   3.492244e-01
    30  -3.213422e+00  -3.230565e+00   1.071878e-04   1.210004e+06   2.204458e-01            nan  -3.585111e+00  -3.596504e+00   1.022697e-05   1.691180e+06   2.200583e-01  -2.013213e+00  -2.031389e+00   9.204273e-05   1.908293e+02   3.447215e-01
    31  -3.178433e+00  -3.195576e+00   1.308547e-04   1.134516e+06   2.204159e-01            nan  -3.561936e+00  -3.573369e+00   1.192976e-05   1.675083e+06   2.200534e-01  -1.976206e+00  -1.994316e+00   1.073678e-04   1.729241e+02   3.403052e-01
    32  -3.143444e+00  -3.160586e+00   1.589335e-04   1.055627e+06   2.203836e-01            nan  -3.538670e+00  -3.550147e+00   1.391553e-05   1.657398e+06   2.200478e-01  -1.939352e+00  -1.957389e+00   1.252398e-04   1.569055e+02   3.359736e-01
    33  -3.108454e+00  -3.125597e+00   1.918878e-04   9.741485e+05   2.203481e-01            nan  -3.515301e+00  -3.526828e+00   1.623115e-05   1.637985e+06   2.200417e-01  -1.902662e+00  -1.920620e+00   1.460803e-04   1.425620e+02   3.317105e-01
    34  -3.073465e+00  -3.090607e+00   2.301637e-04   8.898331e+05   2.203080e-01            nan  -3.491819e+00  -3.503402e+00   1.893121e-05   1.616699e+06   2.200347e-01  -1.866141e+00  -1.884018e+00   1.703808e-04   1.296896e+02   3.275390e-01
    35  -3.038475e+00  -3.055618e+00   2.743053e-04   8.051896e+05   2.202629e-01            nan  -3.468211e+00  -3.479855e+00   2.207926e-05   1.593386e+06   2.200269e-01  -1.829796e+00  -1.847588e+00   1.987134e-04   1.181381e+02   3.234069e-01
    36  -3.003486e+00  -3.020628e+00   3.247028e-04   7.215161e+05   2.202065e-01   4.859033e-01  -3.444461e+00  -3.456174e+00   2.574932e-05   1.567886e+06   2.200182e-01  -1.793626e+00  -1.811335e+00   2.317439e-04   1.077366e+02   3.193542e-01
    37  -2.968497e+00  -2.985639e+00   3.816493e-04   6.400631e+05   2.201303e-01   4.849695e-01  -3.420553e+00  -3.432342e+00   3.002750e-05   1.540034e+06   2.200083e-01  -1.757638e+00  -1.775259e+00   2.702475e-04   9.837845e+01   3.153072e-01
    38  -2.933507e+00  -2.950650e+00   4.453239e-04   5.620723e+05   2.200378e-01   4.839004e-01  -3.396469e+00  -3.408344e+00   3.501400e-05   1.509662e+06   2.199973e-01  -1.721825e+00  -1.739362e+00   3.151260e-04   8.992249e+01   3.113175e-01
    39  -2.898518e+00  -2.915660e+00   5.157915e-04   4.886390e+05   2.199256e-01   4.826901e-01  -3.372187e+00  -3.384158e+00   4.082538e-05   1.476602e+06   2.199848e-01  -1.686190e+00  -1.703642e+00   3.674284e-04   8.229103e+01   3.073045e-01
    40  -2.863528e+00  -2.880671e+00   5.930217e-04   4.206690e+05   2.197892e-01   4.813333e-01  -3.347685e+00  -3.359763e+00   4.759714e-05   1.440689e+06   2.199707e-01  -1.650723e+00  -1.668094e+00   4.283742e-04   7.536909e+01   3.033282e-01
    41  -2.828539e+00  -2.845681e+00   6.769306e-04   3.588238e+05   2.196236e-01   4.797997e-01  -3.322935e+00  -3.335134e+00   5.548679e-05   1.401763e+06   2.199546e-01  -1.615423e+00  -1.632715e+00   4.993811e-04   6.909648e+01   2.993188e-01
    42  -2.793550e+00  -2.810692e+00   7.674459e-04   3.034886e+05   2.194239e-01   4.780943e-01  -3.297908e+00  -3.310241e+00   6.467734e-05   1.359678e+06   2.199364e-01  -1.580277e+00  -1.597495e+00   5.820960e-04   6.338310e+01   2.953380e-01
    43  -2.758560e+00  -2.775703e+00   8.645835e-04   2.547619e+05   2.191860e-01   4.762102e-01  -3.272569e+00  -3.285054e+00   7.538125e-05   1.314308e+06   2.199157e-01  -1.545277e+00  -1.562425e+00   6.784313e-04   5.818043e+01   2.913351e-01
    44  -2.723571e+00  -2.740713e+00   9.671534e-04   2.124402e+05   2.189072e-01   4.741460e-01  -3.246879e+00  -3.259534e+00   8.784517e-05   1.265549e+06   2.198920e-01  -1.510405e+00  -1.527491e+00   7.906065e-04   5.341744e+01   2.873792e-01
    45  -2.688581e+00  -2.705724e+00   1.074518e-03   1.757410e+05   2.185552e-01   4.720055e-01  -3.220794e+00  -3.233641e+00   1.023551e-04   1.213335e+06   2.198648e-01  -1.475649e+00  -1.492680e+00   9.211963e-04   4.905666e+01   2.834338e-01
    46  -2.653592e+00  -2.670734e+00   1.188195e-03   1.447500e+05   2.181443e-01   4.696995e-01  -3.194263e+00  -3.207326e+00   1.192428e-04   1.157646e+06   2.198335e-01  -1.440985e+00  -1.457971e+00   1.073185e-03   4.504299e+01   2.795727e-01
    47  -2.618602e+00  -2.635745e+00   1.307695e-03   1.188223e+05   2.176831e-01   4.672032e-01  -3.167228e+00  -3.180535e+00   1.388921e-04   1.098517e+06   2.197973e-01  -1.406394e+00  -1.423345e+00   1.250029e-03   4.134799e+01   2.757709e-01
    48  -2.583613e+00  -2.600756e+00   1.429579e-03   9.708709e+04   2.171138e-01   4.647251e-01  -3.139621e+00  -3.153205e+00   1.617478e-04   1.036053e+06   2.197552e-01  -1.371852e+00  -1.388780e+00   1.455730e-03   3.793284e+01   2.720859e-01
    49  -2.548624e+00  -2.565766e+00   1.558938e-03   7.918330e+04   2.164636e-01   4.621521e-01  -3.111366e+00  -3.125264e+00   1.883238e-04   9.704467e+05   2.197059e-01  -1.337338e+00  -1.354253e+00   1.694914e-03   3.477586e+01   2.685014e-01
    50  -2.513634e+00  -2.530777e+00   1.690764e-03   6.448075e+04   2.157483e-01   4.594616e-01  -3.082373e+00  -3.096628e+00   2.192140e-04   9.019855e+05   2.196479e-01  -1.302829e+00  -1.319741e+00   1.972926e-03   3.185235e+01   2.650406e-01
    51  -2.478645e+00  -2.495787e+00   1.828785e-03   5.245092e+04   2.148748e-01   4.569663e-01  -3.052539e+00  -3.067200e+00   2.551039e-04   8.310714e+05   2.195793e-01  -1.268307e+00  -1.285225e+00   2.295935e-03   2.914561e+01   2.616906e-01
    52  -2.443655e+00  -2.460798e+00   1.971149e-03   4.265935e+04   2.139823e-01   4.542315e-01  -3.021742e+00  -3.036868e+00   2.967831e-04   7.582307e+05   2.194972e-01  -1.233756e+00  -1.250688e+00   2.671048e-03   2.664118e+01   2.584317e-01
    53  -2.408666e+00  -2.425808e+00   2.118957e-03   3.472184e+04   2.128692e-01   4.519818e-01  -2.989842e+00  -3.005499e+00   3.451610e-04   6.841232e+05   2.193984e-01  -1.199164e+00  -1.216116e+00   3.106449e-03   2.432478e+01   2.552595e-01
    54  -2.373677e+00  -2.390819e+00   2.272011e-03   2.826749e+04   2.117722e-01   4.494322e-01  -2.956673e+00  -2.972941e+00   4.012824e-04   6.095459e+05   2.192784e-01  -1.164526e+00  -1.181500e+00   3.611542e-03   2.218696e+01   2.521239e-01
    55  -2.338687e+00  -2.355830e+00   2.431652e-03   2.307360e+04   2.104334e-01   4.475395e-01  -2.922042e+00  -2.939013e+00   4.663463e-04   5.354287e+05   2.191309e-01  -1.129837e+00  -1.146835e+00   4.197117e-03   2.021522e+01   2.490228e-01
    56  -2.303698e+00  -2.320840e+00   2.596605e-03   1.884099e+04   2.091174e-01   4.454011e-01  -2.885723e+00  -2.903503e+00   5.417261e-04   4.628185e+05   2.189478e-01  -1.095098e+00  -1.112120e+00   4.875535e-03   1.840032e+01   2.459153e-01
    57  -2.268708e+00  -2.285851e+00   2.770618e-03   1.544008e+04   2.075978e-01   4.439036e-01  -2.847450e+00  -2.866165e+00   6.289911e-04   3.928491e+05   2.187175e-01  -1.060313e+00  -1.077357e+00   5.660920e-03   1.673204e+01   2.427768e-01
    58  -2.233719e+00  -2.250861e+00   2.949865e-03   1.266568e+04   2.060719e-01   4.423336e-01  -2.806914e+00  -2.826709e+00   7.299314e-04   3.266942e+05   2.184242e-01  -1.025487e+00  -1.042551e+00   6.569382e-03   1.519976e+01   2.396031e-01
    59  -2.198730e+00  -2.215872e+00   3.140947e-03   1.042328e+04   2.044330e-01   4.412354e-01  -2.763761e+00  -2.784802e+00   8.465830e-04   2.655010e+05   2.180458e-01  -9.906260e-01  -1.007707e+00   7.619247e-03   1.379436e+01   2.363629e-01
    60  -2.163740e+00  -2.180883e+00   3.338053e-03   8.597655e+03   2.027372e-01   4.402981e-01  -2.717587e+00  -2.740061e+00   9.812558e-04   2.103073e+05   2.175509e-01  -9.557378e-01  -9.728317e-01   8.831303e-03   1.250616e+01   2.330519e-01
    61  -2.128751e+00  -2.145893e+00   3.547903e-03   7.104979e+03   2.010358e-01   4.395957e-01  -2.667953e+00  -2.692061e+00   1.136562e-03   1.619458e+05   2.168960e-01  -9.208291e-01  -9.379328e-01   1.022906e-02   1.132609e+01   2.296618e-01
    62  -2.093761e+00  -2.110904e+00   3.768662e-03   5.894452e+03   1.992397e-01   4.393044e-01  -2.614397e+00  -2.640350e+00   1.315444e-03   1.209474e+05   2.160202e-01  -8.859073e-01  -9.030173e-01   1.183900e-02   1.024588e+01   2.261733e-01
    63  -2.058772e+00  -2.075914e+00   4.002348e-03   4.892039e+03   1.975136e-01   4.390320e-01  -2.556485e+00  -2.584476e+00   1.521208e-03   8.746187e+04   2.148419e-01  -8.509774e-01  -8.680912e-01   1.369088e-02   9.257052e+00   2.225959e-01
    64  -2.023782e+00  -2.040925e+00   4.250701e-03   4.080227e+03   1.957048e-01   4.392252e-01  -2.493879e+00  -2.524055e+00   1.757548e-03   6.121625e+04   2.132559e-01  -8.160430e-01  -8.331590e-01   1.581793e-02   8.351954e+00   2.189290e-01
    65  -1.988793e+00  -2.005935e+00   4.514308e-03   3.405051e+03   1.939673e-01   4.394443e-01  -2.426436e+00  -2.458850e+00   2.028572e-03   4.153490e+04   2.111392e-01  -7.811064e-01  -7.982235e-01   1.825715e-02   7.523586e+00   2.151689e-01
    66  -1.953804e+00  -1.970946e+00   4.795162e-03   2.850168e+03   1.922486e-01   4.398458e-01  -2.354333e+00  -2.388890e+00   2.338830e-03   2.743002e+04   2.083691e-01  -7.461658e-01  -7.632848e-01   2.104947e-02   6.765087e+00   2.113365e-01
    67  -1.918814e+00  -1.935957e+00   5.095747e-03   2.390228e+03   1.905768e-01   4.403375e-01  -2.278145e+00  -2.314571e+00   2.693323e-03   1.775103e+04   2.048599e-01  -7.112163e-01  -7.283395e-01   2.423991e-02   6.070331e+00   2.074499e-01
    68  -1.883825e+00  -1.900967e+00   5.416361e-03   2.007736e+03   1.889730e-01   4.408662e-01  -2.198847e+00  -2.236689e+00   3.097518e-03   1.135490e+04   2.006089e-01  -6.762504e-01  -6.933816e-01   2.787766e-02   5.433991e+00   2.035204e-01
    69  -1.848835e+00  -1.865978e+00   5.761207e-03   1.690851e+03   1.874232e-01   4.414123e-01  -2.117680e+00  -2.156370e+00   3.557342e-03   7.246259e+03   1.957274e-01  -6.412584e-01  -6.584021e-01   3.201608e-02   4.851271e+00   1.995660e-01
    70  -1.813846e+00  -1.830988e+00   6.130584e-03   1.425143e+03   1.859560e-01   4.419289e-01  -2.035938e+00  -2.074889e+00   4.079169e-03   4.650921e+03   1.904300e-01  -6.062270e-01  -6.233896e-01   3.671252e-02   4.317821e+00   1.956180e-01
    71  -1.778857e+00  -1.795999e+00   6.528409e-03   1.204522e+03   1.845549e-01   4.423581e-01  -1.954760e+00  -1.993455e+00   4.669785e-03   3.020090e+03   1.849772e-01  -5.711433e-01  -5.883310e-01   4.202806e-02   3.830183e+00   1.916846e-01
    72  -1.743867e+00  -1.761010e+00   6.957002e-03   1.018723e+03   1.832367e-01   4.426942e-01  -1.875010e+00  -1.913057e+00   5.336336e-03   1.990970e+03   1.796043e-01  -5.359958e-01  -5.532141e-01   4.802703e-02   3.385391e+00   1.877683e-01
    73  -1.708878e+00  -1.726020e+00   7.418873e-03   8.635347e+02   1.819831e-01   4.429159e-01  -1.797263e+00  -1.834399e+00   6.086254e-03   1.334506e+03   1.744689e-01  -5.007760e-01  -5.180290e-01   5.477629e-02   2.980856e+00   1.838688e-01
    74  -1.673888e+00  -1.691031e+00   7.919036e-03   7.326382e+02   1.808073e-01   4.429750e-01  -1.721851e+00  -1.757922e+00   6.927149e-03   9.096081e+02   1.696358e-01  -4.654793e-01  -4.827692e-01   6.234434e-02   2.614218e+00   1.799860e-01
    75  -1.638899e+00  -1.656041e+00   8.458667e-03   6.226231e+02   1.796814e-01   4.429746e-01  -1.648924e+00  -1.683858e+00   7.866679e-03   6.300652e+02   1.650907e-01  -4.301075e-01  -4.474334e-01   7.080011e-02   2.283391e+00   1.761014e-01
    76  -1.603910e+00  -1.621052e+00   9.045153e-03   5.296847e+02   1.786236e-01   4.427988e-01  -1.578511e+00  -1.612292e+00   8.912390e-03   4.430173e+02   1.607710e-01  -3.946693e-01  -4.120270e-01   8.021151e-02   1.986317e+00   1.721932e-01
    77  -1.568920e+00  -1.586063e+00   9.679266e-03   4.511918e+02   1.775980e-01   4.426643e-01  -1.510554e+00  -1.543205e+00   1.007152e-02   3.157217e+02   1.566032e-01  -3.591805e-01  -3.765625e-01   9.064369e-02   1.720901e+00   1.682397e-01
    78  -1.533931e+00  -1.551073e+00   1.036977e-02   3.847284e+02   1.766305e-01   4.424206e-01  -1.444933e+00  -1.476506e+00   1.135078e-02   2.276260e+02   1.525369e-01  -3.236629e-01  -3.410587e-01   1.021570e-01   1.484976e+00   1.642291e-01
    79  -1.498941e+00  -1.516084e+00   1.111841e-02   3.283430e+02   1.756851e-01   4.423701e-01  -1.381473e+00  -1.412045e+00   1.275612e-02   1.656519e+02   1.485682e-01  -2.881435e-01  -3.055402e-01   1.148050e-01   1.276323e+00   1.601509e-01
    80  -1.463952e+00  -1.481094e+00   1.193407e-02   2.804859e+02   1.747968e-01   4.423188e-01  -1.319953e+00  -1.349625e+00   1.429243e-02   1.213741e+02   1.447448e-01  -2.526536e-01  -2.700361e-01   1.286319e-01   1.092726e+00   1.559948e-01
    81  -1.428962e+00  -1.446105e+00   1.282078e-02   2.396825e+02   1.739407e-01   4.426164e-01  -1.260126e+00  -1.289010e+00   1.596333e-02   8.930360e+01   1.411507e-01  -2.172287e-01  -2.345801e-01   1.436700e-01   9.319872e-01   1.517538e-01
    82  -1.393973e+00  -1.411115e+00   1.378659e-02   2.049923e+02   1.731523e-01   4.430191e-01  -1.201736e+00  -1.229950e+00   1.777087e-02   6.582408e+01   1.378753e-01  -1.819072e-01  -1.992090e-01   1.599378e-01   7.919563e-01   1.474253e-01
    83  -1.358984e+00  -1.376126e+00   1.483827e-02   1.752510e+02   1.724404e-01   4.437847e-01  -1.144550e+00  -1.172203e+00   1.971527e-02   4.851689e+01   1.349756e-01  -1.467291e-01  -1.639621e-01   1.774374e-01   6.705437e-01   1.430182e-01
    84  -1.323994e+00  -1.341137e+00   1.598351e-02   1.499040e+02   1.718215e-01   4.446925e-01  -1.088390e+00  -1.115563e+00   2.179475e-02   3.572718e+01   1.324478e-01  -1.117365e-01  -1.288805e-01   1.961527e-01   5.657784e-01   1.385345e-01
    85  -1.289005e+00  -1.306147e+00   1.723014e-02   1.281541e+02   1.713322e-01   4.457468e-01  -1.033149e+00  -1.059892e+00   2.400535e-02   2.628496e+01   1.302208e-01  -7.697234e-02  -9.400665e-02   2.160481e-01   4.758010e-01   1.339783e-01
    86  -1.254015e+00  -1.271158e+00   1.858778e-02   1.095354e+02   1.709880e-01   4.467505e-01  -9.787948e-01  -1.005122e+00   2.634082e-02   1.933282e+01   1.281847e-01  -4.248017e-02  -5.938392e-02   2.370673e-01   3.988709e-01   1.293603e-01
    87  -1.219026e+00  -1.236168e+00   2.006373e-02   9.361513e+01   1.707791e-01   4.476848e-01  -9.253481e-01  -9.512498e-01   2.879262e-02   1.422653e+01   1.262326e-01  -8.302326e-03  -2.505512e-02   2.591336e-01   3.333751e-01   1.246968e-01
    88  -1.184037e+00  -1.201179e+00   2.166896e-02   7.992052e+01   1.707875e-01   4.480922e-01  -8.728496e-01  -8.983060e-01   3.134998e-02   1.047971e+01   1.242885e-01   2.551939e-02   8.937690e-03   2.821498e-01   2.778503e-01   1.199981e-01
    89  -1.149047e+00  -1.166190e+00   2.341695e-02   6.825956e+01   1.709049e-01   4.482217e-01  -8.213376e-01  -8.463303e-01   3.400006e-02   7.729061e+00   1.223094e-01   5.894517e-02   4.255378e-02   3.060005e-01   2.309631e-01   1.152812e-01
    90  -1.114058e+00  -1.131200e+00   2.531113e-02   5.825330e+01   1.712193e-01   4.475821e-01  -7.708337e-01  -7.953519e-01   3.672816e-02   5.706600e+00   1.202702e-01   9.193827e-02   7.575495e-02   3.305535e-01   1.915139e-01   1.105671e-01
    91  -1.079068e+00  -1.096211e+00   2.737587e-02   4.972894e+01   1.716319e-01   4.463803e-01  -7.213371e-01  -7.453806e-01   3.951809e-02   4.216422e+00   1.181581e-01   1.244642e-01   1.085057e-01   3.556628e-01   1.584428e-01   1.058700e-01
    92  -1.044079e+00  -1.061221e+00   2.961845e-02   4.248174e+01   1.720987e-01   4.446426e-01  -6.728207e-01  -6.964018e-01   4.235249e-02   3.115754e+00   1.159697e-01   1.564934e-01   1.407740e-01   3.811724e-01   1.308036e-01   1.012150e-01
    93  -1.009089e+00  -1.026232e+00   3.205627e-02   3.628745e+01   1.726403e-01   4.422297e-01  -6.252293e-01  -6.483735e-01   4.521329e-02   2.300724e+00   1.137126e-01   1.879995e-01   1.725321e-01   4.069196e-01   1.077764e-01   9.661816e-02
    94  -9.741001e-01  -9.912425e-01   3.471866e-02   3.103447e+01   1.731366e-01   4.394376e-01  -5.784789e-01  -6.012254e-01   4.808216e-02   1.695848e+00   1.114080e-01   2.189610e-01   2.037561e-01   4.327394e-01   8.864363e-02   9.209993e-02
    95  -9.391107e-01  -9.562531e-01   3.761175e-02   2.656856e+01   1.735745e-01   4.362342e-01  -5.324549e-01  -5.548575e-01   5.094094e-02   1.246103e+00   1.090874e-01   2.493609e-01   2.344269e-01   4.584685e-01   7.278737e-02   8.767785e-02
    96  -9.041213e-01  -9.212637e-01   4.077050e-02   2.276187e+01   1.739193e-01   4.327832e-01  -4.870132e-01  -5.091400e-01   5.377208e-02   9.114060e-01   1.067920e-01   2.791865e-01   2.645297e-01   4.839488e-01   5.967749e-02   8.336751e-02
    97  -8.691318e-01  -8.862743e-01   4.422896e-02   1.952588e+01   1.741208e-01   4.290350e-01  -4.419848e-01  -4.639157e-01   5.655903e-02   6.624805e-01   1.045669e-01   3.084301e-01   2.940544e-01   5.090312e-01   4.886085e-02   7.918431e-02
    98  -8.341424e-01  -8.512849e-01   4.799870e-02   1.676663e+01   1.741625e-01   4.250776e-01  -3.971760e-01  -4.190028e-01   5.928652e-02   4.777432e-01   1.024542e-01   3.370878e-01   3.229952e-01   5.335787e-01   3.995432e-02   7.513888e-02
    99  -7.991530e-01  -8.162955e-01   5.212607e-02   1.440533e+01   1.740272e-01   4.210772e-01  -3.523729e-01  -3.741970e-01   6.194091e-02   3.412181e-01   1.004873e-01   3.651604e-01   3.513509e-01   5.574682e-01   3.263294e-02   7.124259e-02
   100  -7.641636e-01  -7.813060e-01   5.665391e-02   1.238749e+01   1.736882e-01   4.169103e-01  -3.073515e-01  -3.292791e-01   6.451030e-02   2.410093e-01   9.868586e-02   3.926519e-01   3.791236e-01   5.805927e-01   2.662488e-02   6.750120e-02
   101  -7.291742e-01  -7.463166e-01   6.160702e-02   1.065872e+01   1.731409e-01   4.126707e-01  -2.618833e-01  -2.840226e-01   6.698469e-02   1.681171e-01   9.704910e-02   4.195704e-01   4.063197e-01   6.028622e-01   2.170123e-02   6.392161e-02
   102  -6.941848e-01  -7.113272e-01   6.702849e-02   9.168491e+00   1.724011e-01   4.086846e-01  -2.157370e-01  -2.381975e-01   6.935597e-02   1.156712e-01   9.556133e-02   4.459263e-01   4.329482e-01   6.242038e-01   1.767210e-02   6.050512e-02
   103  -6.591954e-01  -6.763378e-01   7.297575e-02   7.886823e+00   1.714557e-01   4.047391e-01  -1.686799e-01  -1.915714e-01   7.161799e-02   7.840962e-02   9.420163e-02   4.717336e-01   4.590216e-01   6.445619e-01   1.437854e-02   5.725466e-02
   104  -6.242060e-01  -6.413484e-01   7.949619e-02   6.782172e+00   1.703174e-01   4.009175e-01  -1.204884e-01  -1.439161e-01   7.376638e-02   5.232098e-02   9.294827e-02   4.970078e-01   4.845545e-01   6.638974e-01   1.168957e-02   5.416780e-02
   105  -5.892165e-01  -6.063590e-01   8.660765e-02   5.826758e+00   1.690134e-01   3.973676e-01  -7.093593e-02  -9.500582e-02   7.579851e-02   3.433116e-02   9.179223e-02   5.217672e-01   5.095640e-01   6.821866e-01   9.496107e-03   5.124420e-02
   106  -5.542271e-01  -5.713696e-01   9.438349e-02   4.999126e+00   1.675638e-01   3.940260e-01  -1.980935e-02  -4.462073e-02   7.771330e-02   2.213717e-02   9.072963e-02   5.460312e-01   5.340687e-01   6.994197e-01   7.708681e-03   4.847911e-02
   107  -5.192377e-01  -5.363801e-01   1.028766e-01   4.283543e+00   1.659634e-01   3.906918e-01   3.304865e-02   7.423324e-03   7.951106e-02   1.403260e-02   8.973581e-02   5.698210e-01   5.580890e-01   7.155996e-01   6.253220e-03   4.586917e-02
   108  -4.842483e-01  -5.013907e-01   1.121375e-01   3.664773e+00   1.642207e-01   3.872740e-01   8.768265e-02   6.122420e-02   8.119333e-02   8.760804e-03   8.874822e-02   5.931584e-01   5.816464e-01   7.307399e-01   5.069062e-03   4.340864e-02
   109  -4.492589e-01  -4.664013e-01   1.221879e-01   3.129603e+00   1.623448e-01   3.836037e-01   1.439155e-01   1.167086e-01   8.276263e-02   5.412226e-03   8.761675e-02   6.160666e-01   6.047635e-01   7.448636e-01   4.106317e-03   4.109187e-02
   110  -4.142695e-01  -4.314119e-01   1.330923e-01   2.666731e+00   1.603435e-01   3.793198e-01   2.012228e-01   1.735137e-01   8.422234e-02   3.336595e-03   8.607041e-02   6.385690e-01   6.274635e-01   7.580011e-01   3.324118e-03   3.891279e-02
   111  -3.792801e-01  -3.964225e-01   1.449120e-01   2.268044e+00   1.581783e-01   3.741988e-01   2.587097e-01   2.309168e-01   8.557652e-02   2.075593e-03   8.377070e-02   6.606893e-01   6.497699e-01   7.701887e-01   2.689061e-03   3.686440e-02
   112  -3.442907e-01  -3.614331e-01   1.576979e-01   1.925216e+00   1.558339e-01   3.680437e-01   3.152469e-01   2.878977e-01   8.682971e-02   1.317575e-03   8.045497e-02   6.824518e-01   6.717069e-01   7.814674e-01   2.173769e-03   3.494055e-02
   113  -3.093012e-01  -3.264437e-01   1.714908e-01   1.630911e+00   1.532983e-01   3.606894e-01   3.697707e-01   3.433639e-01   8.798682e-02   8.599706e-04   7.612146e-02   7.038806e-01   6.932984e-01   7.918814e-01   1.755946e-03   3.313410e-02
   114  -2.743118e-01  -2.914543e-01   1.863067e-01   1.378414e+00   1.505734e-01   3.518165e-01   4.215544e-01   3.964339e-01   8.905301e-02   5.782614e-04   7.105588e-02   7.249994e-01   7.145684e-01   8.014771e-01   1.417374e-03   3.143836e-02
   115  -2.393224e-01  -2.564648e-01   2.022306e-01   1.162426e+00   1.476347e-01   3.414468e-01   4.702829e-01   4.466017e-01   9.003354e-02   3.996307e-04   6.566894e-02   7.458321e-01   7.355407e-01   8.103019e-01   1.143199e-03   2.984684e-02
   116  -2.043330e-01  -2.214754e-01   2.193056e-01   9.780470e-01   1.444708e-01   3.295906e-01   5.159622e-01   4.937229e-01   9.093373e-02   2.826375e-04   6.032053e-02   7.664019e-01   7.562388e-01   8.184036e-01   9.213302e-04   2.835282e-02
   117  -1.693436e-01  -1.864860e-01   2.375657e-01   8.208800e-01   1.410846e-01   3.162086e-01   5.587799e-01   5.378986e-01   9.175884e-02   2.036928e-04   5.524081e-02   7.867314e-01   7.766855e-01   8.258295e-01   7.419136e-04   2.695015e-02
   118  -1.343542e-01  -1.514966e-01   2.569843e-01   6.870622e-01   1.374891e-01   3.011482e-01   5.990037e-01   5.793573e-01   9.251402e-02   1.490332e-04   5.054514e-02   8.068428e-01   7.969035e-01   8.326262e-01   5.969335e-04   2.563280e-02
   119  -9.936476e-02  -1.165072e-01   2.776397e-01   5.733739e-01   1.336865e-01   2.843730e-01   6.369195e-01   6.183752e-01   9.320429e-02   1.103708e-04   4.627253e-02   8.267575e-01   8.169143e-01   8.388386e-01   4.798725e-04   2.439485e-02
   120  -6.437535e-02  -8.151778e-02   2.995409e-01   4.770014e-01   1.296836e-01   2.658993e-01   6.728014e-01   6.552309e-01   9.383445e-02   8.254083e-05   4.241990e-02   8.464962e-01   8.367390e-01   8.445100e-01   3.854288e-04   2.323086e-02
   121  -2.938594e-02  -4.652837e-02   3.226411e-01   3.954664e-01   1.254980e-01   2.456386e-01   7.068925e-01   6.901814e-01   9.440910e-02   6.223107e-05   3.895815e-02   8.660786e-01   8.563978e-01   8.496819e-01   3.092960e-04   2.213564e-02
   122   5.603474e-03  -1.153896e-02   3.469327e-01   3.266473e-01   1.211478e-01   2.234232e-01   7.394103e-01   7.234557e-01   9.493262e-02   4.723042e-05   3.585340e-02   8.855238e-01   8.759100e-01   8.543935e-01   2.479775e-04   2.110419e-02
   123   4.059289e-02   2.345045e-02   3.724074e-01   2.687366e-01   1.166453e-01   1.995176e-01   7.705436e-01   7.552559e-01   9.540910e-02   3.604451e-05   3.306857e-02   9.048495e-01   8.952941e-01   8.586819e-01   1.986347e-04   2.013189e-02
   124   7.558230e-02   5.843987e-02   3.989625e-01   2.201420e-01   1.120141e-01   1.738600e-01   8.004565e-01   7.857575e-01   9.584241e-02   2.763494e-05   3.056755e-02   9.240729e-01   9.145675e-01   8.625817e-01   1.589645e-04   1.921447e-02
   125   1.105717e-01   9.342928e-02   4.265413e-01   1.795147e-01   1.072720e-01   1.470395e-01   8.292921e-01   8.151136e-01   9.623618e-02   2.126923e-05   2.831798e-02   9.432099e-01   9.337468e-01   8.661256e-01   1.271007e-04   1.834787e-02
   126   1.455611e-01   1.284187e-01   4.550702e-01   1.456642e-01   1.024455e-01   1.191395e-01   8.571753e-01   8.434574e-01   9.659376e-02   1.642252e-05   2.629019e-02   9.622757e-01   9.528474e-01   8.693438e-01   1.015316e-04   1.752835e-02
   127   1.805505e-01   1.634081e-01   4.843723e-01   1.175785e-01   9.755908e-02   9.073610e-02   8.842148e-01   8.709054e-01   9.691827e-02   1.271458e-05   2.445812e-02   9.812841e-01   9.718839e-01   8.722644e-01   8.103298e-05   1.675245e-02
   128   2.155400e-01   1.983975e-01   5.143654e-01   9.438319e-02   9.263575e-02   6.323892e-02   9.105073e-01   8.975600e-01   9.721261e-02   9.865624e-06   2.279918e-02   1.000248e+00   9.908697e-01   8.749135e-01   6.461508e-05   1.601703e-02
   129   2.505294e-01   2.333869e-01   5.448235e-01   7.531050e-02   8.771075e-02   3.534976e-02   9.361367e-01   9.235110e-01   9.747945e-02   7.669381e-06   2.129277e-02   1.019180e+00   1.009818e+00   8.773151e-01   5.147817e-05   1.531914e-02
   130   2.855188e-01   2.683763e-01   5.754415e-01   5.968224e-02   8.277837e-02   1.083311e-02   9.611781e-01   9.488379e-01   9.772124e-02   5.971146e-06   1.992164e-02   1.038092e+00   1.028739e+00   8.794912e-01   4.097658e-05   1.465612e-02
   131   3.205082e-01   3.033658e-01   6.061770e-01   4.696729e-02   7.789346e-02  -1.251602e-02   9.856980e-01   9.736111e-01   9.794025e-02   4.654680e-06   1.867042e-02   1.056992e+00   1.047645e+00   8.814623e-01   3.258954e-05   1.402552e-02
   132   3.554976e-01   3.383552e-01   6.368093e-01   3.669887e-02   7.308782e-02  -3.378458e-02   1.009755e+00   9.978932e-01   9.813854e-02   3.632166e-06   1.752545e-02   1.075891e+00   1.066545e+00   8.832469e-01   2.589750e-05   1.342513e-02
   133   3.904870e-01   3.733446e-01   6.671493e-01   2.846363e-02   6.838279e-02  -5.053531e-02   1.033403e+00   1.021740e+00   9.831802e-02   2.836565e-06   1.647513e-02   1.094798e+00   1.085447e+00   8.848622e-01   2.056279e-05   1.285293e-02
   134   4.254764e-01   4.083340e-01   6.967118e-01   2.189642e-02   6.380372e-02  -6.583223e-02   1.056687e+00   1.045201e+00   9.848042e-02   2.216635e-06   1.550918e-02   1.113719e+00   1.104362e+00   8.863237e-01   1.631394e-05   1.230707e-02
   135   4.604658e-01   4.433234e-01   7.254280e-01   1.668904e-02   5.935740e-02  -7.864339e-02   1.079650e+00   1.068320e+00   9.862732e-02   1.733032e-06   1.461855e-02   1.132663e+00   1.123295e+00   8.876458e-01   1.293291e-05   1.178588e-02
   136   4.954553e-01   4.783128e-01   7.532216e-01   1.261298e-02   5.508520e-02  -8.787442e-02   1.102330e+00   1.091138e+00   9.876016e-02   1.355447e-06   1.379530e-02   1.151635e+00   1.142253e+00   8.888415e-01   1.024478e-05   1.128785e-02
   137   5.304447e-01   5.133022e-01   7.795122e-01   9.443209e-03   5.099881e-02  -9.560899e-02   1.124760e+00   1.113690e+00   9.888027e-02   1.060412e-06   1.303257e-02   1.170642e+00   1.161243e+00   8.899225e-01   8.109338e-06   1.081159e-02
   138   5.654341e-01   5.482916e-01   8.044714e-01   6.998708e-03   4.710758e-02  -1.017585e-01   1.146970e+00   1.136007e+00   9.898885e-02   8.297442e-07   1.232428e-02   1.189687e+00   1.180269e+00   8.908996e-01   6.414355e-06   1.035586e-02
   139   6.004235e-01   5.832811e-01   8.277296e-01   5.138724e-03   4.343358e-02  -1.061861e-01   1.168987e+00   1.158118e+00   9.908698e-02   6.493219e-07   1.166509e-02   1.208777e+00   1.199337e+00   8.917828e-01   5.070061e-06   9.919514e-03
   140   6.354129e-01   6.182705e-01   8.493214e-01   3.731588e-03   3.997348e-02  -1.092094e-01   1.190836e+00   1.180049e+00   9.917565e-02   5.081542e-07   1.105028e-02   1.227914e+00   1.218451e+00   8.925808e-01   4.004739e-06   9.501510e-03
   141   6.704023e-01   6.532599e-01   8.689945e-01   2.683411e-03   3.674091e-02  -1.107610e-01   1.212538e+00   1.201822e+00   9.925576e-02   3.976763e-07   1.047572e-02   1.247103e+00   1.237615e+00   8.933019e-01   3.161140e-06   9.100898e-03
   142   7.053917e-01   6.882493e-01   8.869479e-01   1.909029e-03   3.373320e-02  -1.112443e-01   1.234112e+00   1.223459e+00   9.932813e-02   3.112036e-07   9.937771e-03   1.266346e+00   1.256831e+00   8.939532e-01   2.493618e-06   8.716808e-03
   143   7.403811e-01   7.232387e-01   9.029309e-01   1.344156e-03   3.094997e-02  -1.106751e-01   1.255576e+00   1.244976e+00   9.939350e-02   2.435144e-07   9.433216e-03   1.285646e+00   1.276103e+00   8.945415e-01   1.965805e-06   8.348442e-03
   144   7.753706e-01   7.582281e-01   9.171503e-01   9.372418e-04   2.838570e-02  -1.090171e-01   1.276945e+00   1.266392e+00   9.945254e-02   1.905273e-07   8.959206e-03   1.305005e+00   1.295433e+00   8.950729e-01   1.548758e-06   7.995065e-03
   145   8.103600e-01   7.932175e-01   9.296975e-01   6.469268e-04   2.603239e-02  -1.064015e-01   1.298234e+00   1.287720e+00   9.950586e-02   1.490501e-07   8.513212e-03   1.324425e+00   1.314823e+00   8.955527e-01   1.219458e-06   7.656000e-03
   146   8.453494e-01   8.282069e-01   9.406214e-01   4.424274e-04   2.388003e-02  -1.029009e-01   1.319454e+00   1.308974e+00   9.955400e-02   1.165847e-07   8.092989e-03   1.343907e+00   1.334275e+00   8.959860e-01   9.596181e-07   7.330623e-03
   147   8.803388e-01   8.631964e-01   9.500063e-01   3.000393e-04   2.191585e-02  -9.859870e-02   1.340617e+00   1.330165e+00   9.959747e-02   9.117568e-08   7.696540e-03   1.363452e+00   1.353790e+00   8.963772e-01   7.547218e-07   7.018353e-03
   148   9.153282e-01   8.981858e-01   9.580683e-01   2.019109e-04   2.012603e-02  -9.360873e-02   1.361734e+00   1.351304e+00   9.963672e-02   7.129184e-08   7.322081e-03   1.383062e+00   1.373368e+00   8.967304e-01   5.932539e-07   6.718651e-03
   149   9.503176e-01   9.331752e-01   9.649403e-01   1.349217e-04   1.849638e-02  -8.806229e-02   1.382811e+00   1.372400e+00   9.967214e-02   5.573409e-08   6.968019e-03   1.402735e+00   1.393010e+00   8.970493e-01   4.660886e-07   6.431016e-03
   150   9.853070e-01   9.681646e-01   9.707625e-01   8.959977e-05   1.701309e-02  -8.209767e-02   1.403858e+00   1.393462e+00   9.970413e-02   4.356328e-08   6.632925e-03   1.422474e+00   1.412717e+00   8.973371e-01   3.659990e-07   6.154980e-03
   151   1.020296e+00   1.003154e+00   9.756618e-01   5.920127e-05   1.566137e-02  -7.592166e-02   1.424881e+00   1.414497e+00   9.973300e-02   3.404385e-08   6.315518e-03   1.442276e+00   1.432488e+00   8.975970e-01   2.872663e-07   5.890104e-03
   152   1.055286e+00   1.038143e+00   9.797548e-01   3.895200e-05   1.442813e-02  -6.970097e-02   1.445886e+00   1.435510e+00   9.975905e-02   2.659967e-08   6.014642e-03   1.462142e+00   1.452323e+00   8.978315e-01   2.253686e-07   5.635978e-03
   153   1.090275e+00   1.073133e+00   9.831651e-01   2.554249e-05   1.330133e-02  -6.356434e-02   1.466878e+00   1.456509e+00   9.978257e-02   2.077955e-08   5.729256e-03   1.482071e+00   1.472221e+00   8.980432e-01   1.767330e-07   5.392218e-03
   154   1.125265e+00   1.108122e+00   9.860120e-01   1.670513e-05   1.227020e-02  -5.764601e-02   1.487861e+00   1.477496e+00   9.980380e-02   1.623013e-08   5.458419e-03   1.502061e+00   1.492181e+00   8.982342e-01   1.385384e-07   5.158465e-03
   155   1.160254e+00   1.143112e+00   9.883795e-01   1.090392e-05   1.132512e-02  -5.203166e-02   1.508840e+00   1.498477e+00   9.982296e-02   1.267478e-08   5.201276e-03   1.522111e+00   1.512202e+00   8.984066e-01   1.085587e-07   4.934379e-03
   156   1.195244e+00   1.178101e+00   9.903485e-01   7.107377e-06   1.045771e-02  -4.674738e-02   1.529815e+00   1.519454e+00   9.984025e-02   9.896889e-09   4.957055e-03   1.542218e+00   1.532281e+00   8.985622e-01   8.503871e-08   4.719645e-03
   157   1.230233e+00   1.213090e+00   9.919830e-01   4.628625e-06   9.660419e-03  -4.189582e-02   1.550791e+00   1.540430e+00   9.985585e-02   7.726935e-09   4.725054e-03   1.562381e+00   1.552417e+00   8.987027e-01   6.659541e-08   4.513967e-03
   158   1.265222e+00   1.248080e+00   9.933353e-01   3.013076e-06   8.926590e-03  -3.742016e-02   1.571767e+00   1.561405e+00   9.986993e-02   6.032242e-09   4.504639e-03   1.582596e+00   1.572607e+00   8.988294e-01   5.213960e-08   4.317069e-03
   159   1.300212e+00   1.283069e+00   9.944516e-01   1.961184e-06   8.250536e-03  -3.337287e-02   1.592744e+00   1.582382e+00   9.988264e-02   4.709003e-09   4.295231e-03   1.602860e+00   1.592846e+00   8.989438e-01   4.081410e-08   4.128698e-03
   160   1.335201e+00   1.318059e+00   9.953787e-01   1.276734e-06   7.627170e-03  -2.971806e-02   1.613722e+00   1.603360e+00   9.989411e-02   3.676014e-09   4.096309e-03   1.623168e+00   1.613133e+00   8.990470e-01   3.194471e-08   3.948618e-03
   161   1.370191e+00   1.353048e+00   9.961495e-01   8.314955e-07   7.051995e-03  -2.641142e-02   1.634699e+00   1.624337e+00   9.990446e-02   2.869769e-09   3.907402e-03   1.643515e+00   1.633461e+00   8.991401e-01   2.500147e-08   3.776615e-03
   162   1.405180e+00   1.388038e+00   9.967909e-01   5.418570e-07   6.521062e-03  -2.346576e-02   1.655673e+00   1.645313e+00   9.991379e-02   2.240614e-09   3.728085e-03   1.663895e+00   1.653825e+00   8.992241e-01   1.956804e-08   3.612498e-03
   163   1.440169e+00   1.423027e+00   9.973213e-01   3.533674e-07   6.030755e-03  -2.082710e-02   1.676640e+00   1.666283e+00   9.992222e-02   1.749734e-09   3.557981e-03   1.684301e+00   1.674218e+00   8.993000e-01   1.531749e-08   3.456096e-03
   164   1.475159e+00   1.458016e+00   9.977607e-01   2.306383e-07   5.577889e-03  -1.845798e-02   1.697595e+00   1.687244e+00   9.992982e-02   1.366796e-09   3.396756e-03   1.704724e+00   1.694633e+00   8.993684e-01   1.199329e-08   3.307265e-03
   165   1.510148e+00   1.493006e+00   9.981278e-01   1.506722e-07   5.159630e-03  -1.635934e-02   1.718531e+00   1.708189e+00   9.993668e-02   1.068100e-09   3.244116e-03   1.725155e+00   1.715060e+00   8.994301e-01   9.394220e-09   3.165883e-03
   166   1.545138e+00   1.527995e+00   9.984342e-01   9.853645e-08   4.773448e-03  -1.447275e-02   1.739441e+00   1.729112e+00   9.994287e-02   8.351373e-10   3.099811e-03   1.745581e+00   1.735488e+00   8.994858e-01   7.362521e-09   3.031858e-03
   167   1.580127e+00   1.562985e+00   9.986889e-01   6.450993e-08   4.417036e-03  -1.276207e-02   1.760313e+00   1.750002e+00   9.994845e-02   6.534510e-10   2.963632e-03   1.765989e+00   1.755905e+00   8.995361e-01   5.774589e-09   2.905124e-03
   168   1.615116e+00   1.597974e+00   9.989008e-01   4.228044e-08   4.088355e-03  -1.123183e-02   1.781135e+00   1.770849e+00   9.995349e-02   5.117563e-10   2.835413e-03   1.786361e+00   1.776295e+00   8.995814e-01   4.533614e-09   2.785650e-03
   169   1.650106e+00   1.632963e+00   9.990786e-01   2.774387e-08   3.785581e-03  -9.835953e-03   1.801891e+00   1.791637e+00   9.995804e-02   4.012455e-10   2.715028e-03   1.806680e+00   1.796639e+00   8.996223e-01   3.563809e-09   2.673432e-03
   170   1.685095e+00   1.667953e+00   9.992279e-01   1.823005e-08   3.507311e-03  -8.484868e-03   1.822564e+00   1.812350e+00   9.996214e-02   3.150457e-10   2.602393e-03   1.826921e+00   1.816918e+00   8.996593e-01   2.805871e-09   2.568507e-03
   171   1.720085e+00   1.702942e+00   9.993519e-01   1.199511e-08   3.252103e-03  -7.221808e-03   1.843129e+00   1.832968e+00   9.996584e-02   2.477955e-10   2.497470e-03   1.847058e+00   1.837106e+00   8.996926e-01   2.213415e-09   2.470941e-03
   172   1.755074e+00   1.737932e+00   9.994562e-01   7.904518e-09   3.018802e-03  -5.993216e-03   1.863563e+00   1.853467e+00   9.996918e-02   1.953134e-10   2.400260e-03   1.867062e+00   1.857175e+00   8.997226e-01   1.750175e-09   2.380843e-03
   173   1.790064e+00   1.772921e+00   9.995443e-01   5.218277e-09   2.806805e-03  -4.640515e-03   1.883835e+00   1.873817e+00   9.997219e-02   1.543389e-10   2.310808e-03   1.886898e+00   1.877093e+00   8.997498e-01   1.387808e-09   2.298353e-03
   174   1.825053e+00   1.807911e+00   9.996184e-01   3.452100e-09   2.615704e-03  -3.177080e-03   1.903909e+00   1.893988e+00   9.997491e-02   1.223304e-10   2.229200e-03   1.906526e+00   1.896823e+00   8.997742e-01   1.104171e-09   2.223647e-03
   175   1.860042e+00   1.842900e+00   9.996807e-01   2.289148e-09   2.445098e-03  -1.562721e-03   1.923747e+00   1.913941e+00   9.997737e-02   9.730670e-11   2.155561e-03   1.925903e+00   1.916322e+00   8.997963e-01   8.819721e-10   2.156933e-03
   176   1.895032e+00   1.877889e+00   9.997336e-01   1.522327e-09   2.295174e-03   3.755511e-04   1.943305e+00   1.933636e+00   9.997958e-02   7.772300e-11   2.090088e-03   1.944981e+00   1.935547e+00   8.998162e-01   7.077087e-10   2.098449e-03
   177   1.930021e+00   1.912879e+00   9.997787e-01   1.016171e-09   2.167681e-03   3.049047e-03   1.962539e+00   1.953029e+00   9.998158e-02   6.236684e-11   2.033314e-03   1.963710e+00   1.954446e+00   8.998342e-01   5.708224e-10   2.048531e-03
   178   1.965011e+00   1.947868e+00   9.998171e-01   6.812963e-10   2.064070e-03   6.136564e-03   1.981421e+00   1.972083e+00   9.998338e-02   5.024967e-11   1.987734e-03   1.982045e+00   1.972974e+00   8.998504e-01   4.628732e-10   2.008449e-03
   179   2.000000e+00   1.982858e+00   9.998500e-01   4.578360e-10   1.993716e-03   8.202733e-03   2.000000e+00   1.990810e+00   9.998500e-02   4.048633e-11   1.962775e-03   2.000000e+00   1.991115e+00   8.998650e-01   3.762425e-10   1.985480e-03
