     i          log_r       log_rmid          m_tot        rho_tot         v2_tot            eta     lgr[heavy]    lgrm[heavy]       m[heavy]     rho[heavy]      v2[heavy]     lgr[light]    lgrm[light]       m[light]     rho[light]      v2[light]
     0  -4.753650e+00  -5.054680e+00   1.031007e-07   5.502394e+07   3.409056e-01            nan  -4.753650e+00  -5.054680e+00   9.998500e-08   5.470225e+07   3.378921e-01  -3.183312e+00  -3.484342e+00   8.998650e-07   9.577135e+03   6.371096e-01
     1  -4.715920e+00  -4.734375e+00   1.330463e-07   5.434648e+07   3.392259e-01            nan  -4.731117e+00  -4.742237e+00   1.166721e-07   5.420809e+07   3.378792e-01  -3.140533e+00  -3.161396e+00   1.050049e-06   4.649068e+03   5.999488e-01
     2  -4.678190e+00  -4.696645e+00   1.717699e-07   5.423817e+07   3.391018e-01            nan  -4.708591e+00  -4.719708e+00   1.361439e-07   5.415453e+07   3.378778e-01  -3.098296e+00  -3.118901e+00   1.225295e-06   4.096768e+03   5.926527e-01
     3  -4.640460e+00  -4.658915e+00   2.218407e-07   5.411224e+07   3.389885e-01            nan  -4.686069e+00  -4.697184e+00   1.588651e-07   5.409537e+07   3.378762e-01  -3.056518e+00  -3.076905e+00   1.429786e-06   3.615977e+03   5.849173e-01
     4  -4.602730e+00  -4.621185e+00   2.865677e-07   5.396709e+07   3.388849e-01            nan  -4.663548e+00  -4.674663e+00   1.853780e-07   5.403003e+07   3.378745e-01  -3.015145e+00  -3.035339e+00   1.668402e-06   3.197273e+03   5.766837e-01
     5  -4.565000e+00  -4.583456e+00   3.702179e-07   5.379958e+07   3.387899e-01            nan  -4.641025e+00  -4.652140e+00   2.163150e-07   5.395786e+07   3.378726e-01  -2.974142e+00  -2.994159e+00   1.946835e-06   2.832486e+03   5.682240e-01
     6  -4.527270e+00  -4.545726e+00   4.782860e-07   5.360249e+07   3.387026e-01            nan  -4.618497e+00  -4.629615e+00   2.524142e-07   5.387813e+07   3.378705e-01  -2.933489e+00  -2.953340e+00   2.271728e-06   2.514531e+03   5.594068e-01
     7  -4.489540e+00  -4.507996e+00   6.178079e-07   5.337294e+07   3.386222e-01            nan  -4.595963e+00  -4.607084e+00   2.945370e-07   5.379004e+07   3.378681e-01  -2.893171e+00  -2.912862e+00   2.650833e-06   2.236795e+03   5.505089e-01
     8  -4.451811e+00  -4.470266e+00   7.978384e-07   5.310635e+07   3.385477e-01            nan  -4.573418e+00  -4.584544e+00   3.436881e-07   5.369271e+07   3.378655e-01  -2.853181e+00  -2.872715e+00   3.093193e-06   1.994138e+03   5.413916e-01
     9  -4.414081e+00  -4.432536e+00   1.029974e-06   5.279144e+07   3.384783e-01            nan  -4.550862e+00  -4.561994e+00   4.010398e-07   5.358518e+07   3.378627e-01  -2.813507e+00  -2.832891e+00   3.609358e-06   1.781317e+03   5.323464e-01
    10  -4.376351e+00  -4.394806e+00   1.328920e-06   5.242378e+07   3.384133e-01            nan  -4.528291e+00  -4.539430e+00   4.679601e-07   5.346639e+07   3.378595e-01  -2.774148e+00  -2.793382e+00   4.211641e-06   1.594746e+03   5.231915e-01
    11  -4.338621e+00  -4.357076e+00   1.713531e-06   5.199701e+07   3.383518e-01            nan  -4.505703e+00  -4.516850e+00   5.460446e-07   5.333514e+07   3.378559e-01  -2.735090e+00  -2.754180e+00   4.914402e-06   1.430274e+03   5.142435e-01
    12  -4.300891e+00  -4.319346e+00   2.207741e-06   5.149301e+07   3.382929e-01            nan  -4.483094e+00  -4.494251e+00   6.371554e-07   5.319017e+07   3.378520e-01  -2.696328e+00  -2.715277e+00   5.734398e-06   1.285350e+03   5.053464e-01
    13  -4.263161e+00  -4.281617e+00   2.841348e-06   5.090764e+07   3.382361e-01            nan  -4.460462e+00  -4.471630e+00   7.434644e-07   5.303004e+07   3.378477e-01  -2.657848e+00  -2.676662e+00   6.691180e-06   1.157050e+03   4.966751e-01
    14  -4.225431e+00  -4.243887e+00   3.652493e-06   5.023159e+07   3.381803e-01            nan  -4.437803e+00  -4.448985e+00   8.675058e-07   5.285320e+07   3.378428e-01  -2.619641e+00  -2.638325e+00   7.807552e-06   1.043330e+03   4.881923e-01
    15  -4.187701e+00  -4.206157e+00   4.688486e-06   4.943727e+07   3.381246e-01            nan  -4.415114e+00  -4.426311e+00   1.012236e-06   5.265796e+07   3.378375e-01  -2.581695e+00  -2.600254e+00   9.110122e-06   9.422851e+02   4.799195e-01
    16  -4.149971e+00  -4.168427e+00   6.007233e-06   4.852686e+07   3.380682e-01            nan  -4.392392e+00  -4.403604e+00   1.181103e-06   5.244244e+07   3.378315e-01  -2.543995e+00  -2.562436e+00   1.062993e-05   8.521820e+02   4.719377e-01
    17  -4.112242e+00  -4.130697e+00   7.682103e-06   4.747911e+07   3.380101e-01            nan  -4.369631e+00  -4.380862e+00   1.378130e-06   5.220461e+07   3.378249e-01  -2.506533e+00  -2.524860e+00   1.240317e-05   7.718673e+02   4.641344e-01
    18  -4.074512e+00  -4.092967e+00   9.799267e-06   4.627478e+07   3.379490e-01            nan  -4.346827e+00  -4.358079e+00   1.608010e-06   5.194224e+07   3.378176e-01  -2.469288e+00  -2.487511e+00   1.447209e-05   6.998479e+02   4.566843e-01
    19  -4.036782e+00  -4.055237e+00   1.246582e-05   4.492054e+07   3.378841e-01            nan  -4.323976e+00  -4.335251e+00   1.876216e-06   5.165289e+07   3.378095e-01  -2.432255e+00  -2.450377e+00   1.688595e-05   6.353852e+02   4.494306e-01
    20  -3.999052e+00  -4.017507e+00   1.580758e-05   4.336880e+07   3.378132e-01            nan  -4.301071e+00  -4.312373e+00   2.189133e-06   5.133394e+07   3.378004e-01  -2.395414e+00  -2.413444e+00   1.970220e-05   5.773705e+02   4.425122e-01
    21  -3.961322e+00  -3.979777e+00   1.996952e-05   4.165415e+07   3.377359e-01            nan  -4.278107e+00  -4.289437e+00   2.554206e-06   5.098253e+07   3.377904e-01  -2.358754e+00  -2.376697e+00   2.298786e-05   5.251815e+02   4.358443e-01
    22  -3.923592e+00  -3.942048e+00   2.512542e-05   3.973319e+07   3.376492e-01            nan  -4.255076e+00  -4.266439e+00   2.980121e-06   5.059555e+07   3.377792e-01  -2.322264e+00  -2.340126e+00   2.682109e-05   4.781304e+02   4.294397e-01
    23  -3.885862e+00  -3.904318e+00   3.145837e-05   3.764969e+07   3.375527e-01            nan  -4.231971e+00  -4.243370e+00   3.477003e-06   5.016968e+07   3.377668e-01  -2.285930e+00  -2.303717e+00   3.129303e-05   4.356293e+02   4.233072e-01
    24  -3.848132e+00  -3.866588e+00   3.918337e-05   3.536670e+07   3.374421e-01            nan  -4.208783e+00  -4.220222e+00   4.056664e-06   4.970132e+07   3.377530e-01  -2.249746e+00  -2.267461e+00   3.650997e-05   3.972545e+02   4.173741e-01
    25  -3.810403e+00  -3.828858e+00   4.852761e-05   3.295641e+07   3.373173e-01            nan  -4.185503e+00  -4.196987e+00   4.732872e-06   4.918663e+07   3.377376e-01  -2.213699e+00  -2.231348e+00   4.259585e-05   3.624787e+02   4.117087e-01
    26  -3.772673e+00  -3.791128e+00   5.969073e-05   3.039193e+07   3.371723e-01            nan  -4.162121e+00  -4.173655e+00   5.521683e-06   4.862152e+07   3.377205e-01  -2.177787e+00  -2.195372e+00   4.969515e-05   3.310388e+02   4.061824e-01
    27  -3.734943e+00  -3.753398e+00   7.294407e-05   2.774717e+07   3.370056e-01            nan  -4.138623e+00  -4.150213e+00   6.441814e-06   4.800166e+07   3.377014e-01  -2.141998e+00  -2.159524e+00   5.797633e-05   3.024804e+02   4.008947e-01
    28  -3.697213e+00  -3.715668e+00   8.849575e-05   2.507172e+07   3.368139e-01            nan  -4.114998e+00  -4.126650e+00   7.515084e-06   4.732247e+07   3.376801e-01  -2.106330e+00  -2.123798e+00   6.763576e-05   2.766035e+02   3.957217e-01
    29  -3.659483e+00  -3.677938e+00   1.064434e-04   2.238046e+07   3.365885e-01            nan  -4.091230e+00  -4.102952e+00   8.766923e-06   4.657919e+07   3.376564e-01  -2.070777e+00  -2.088190e+00   7.890231e-05   2.530814e+02   3.907153e-01
    30  -3.621753e+00  -3.640208e+00   1.270129e-04   1.974008e+07   3.363244e-01            nan  -4.067302e+00  -4.079101e+00   1.022697e-05   4.576689e+07   3.376299e-01  -2.035335e+00  -2.052695e+00   9.204273e-05   2.317228e+02   3.857988e-01
    31  -3.584023e+00  -3.602479e+00   1.503038e-04   1.721017e+07   3.360157e-01            nan  -4.043196e+00  -4.055082e+00   1.192976e-05   4.488049e+07   3.376002e-01  -2.000003e+00  -2.017310e+00   1.073678e-04   2.122969e+02   3.809758e-01
    32  -3.546293e+00  -3.564749e+00   1.763576e-04   1.483078e+07   3.356534e-01            nan  -4.018889e+00  -4.030873e+00   1.391553e-05   4.391491e+07   3.375670e-01  -1.964778e+00  -1.982033e+00   1.252398e-04   1.946284e+02   3.762033e-01
    33  -3.508563e+00  -3.527019e+00   2.051606e-04   1.263524e+07   3.352269e-01            nan  -3.994359e+00  -4.006451e+00   1.623115e-05   4.286509e+07   3.375298e-01  -1.929660e+00  -1.946864e+00   1.460803e-04   1.785465e+02   3.714580e-01
    34  -3.470834e+00  -3.489289e+00   2.366575e-04   1.064798e+07   3.347237e-01            nan  -3.969578e+00  -3.981792e+00   1.893121e-05   4.172613e+07   3.374881e-01  -1.894646e+00  -1.911800e+00   1.703808e-04   1.638964e+02   3.667196e-01
    35  -3.433104e+00  -3.451559e+00   2.707777e-04   8.883190e+06   3.341304e-01            nan  -3.944515e+00  -3.956865e+00   2.207926e-05   4.049344e+07   3.374411e-01  -1.859738e+00  -1.876842e+00   1.987134e-04   1.505462e+02   3.619531e-01
    36  -3.395374e+00  -3.413829e+00   3.074715e-04   7.344438e+06   3.334339e-01            nan  -3.919134e+00  -3.931639e+00   2.574932e-05   3.916292e+07   3.373882e-01  -1.824933e+00  -1.841987e+00   2.317439e-04   1.383618e+02   3.571559e-01
    37  -3.357644e+00  -3.376099e+00   3.467487e-04   6.025325e+06   3.326251e-01            nan  -3.893397e+00  -3.906075e+00   3.002750e-05   3.773118e+07   3.373284e-01  -1.790229e+00  -1.807235e+00   2.702475e-04   1.272375e+02   3.522946e-01
    38  -3.319914e+00  -3.338369e+00   3.875774e-04   4.905087e+06   3.316682e-01            nan  -3.867256e+00  -3.880130e+00   3.501400e-05   3.619580e+07   3.372607e-01  -1.755623e+00  -1.772581e+00   3.151260e-04   1.170588e+02   3.473828e-01
    39  -3.282184e+00  -3.300639e+00   4.306045e-04   3.967147e+06   3.305216e-01            nan  -3.840661e+00  -3.853755e+00   4.082538e-05   3.455564e+07   3.371837e-01  -1.721108e+00  -1.738022e+00   3.674284e-04   1.077381e+02   3.424002e-01
    40  -3.244454e+00  -3.262910e+00   4.761814e-04   3.196476e+06   3.292194e-01            nan  -3.813550e+00  -3.826894e+00   4.759714e-05   3.281119e+07   3.370959e-01  -1.686676e+00  -1.703551e+00   4.283742e-04   9.918024e+01   3.373744e-01
    41  -3.206724e+00  -3.225180e+00   5.230350e-04   2.566747e+06   3.277583e-01            nan  -3.785854e+00  -3.799481e+00   5.548679e-05   3.096496e+07   3.369954e-01  -1.652318e+00  -1.669157e+00   4.993811e-04   9.131145e+01   3.323051e-01
    42  -3.168994e+00  -3.187450e+00   5.717607e-04   2.054023e+06   3.259718e-01            nan  -3.757493e+00  -3.771442e+00   6.467734e-05   2.902195e+07   3.368797e-01  -1.618019e+00  -1.634830e+00   5.820960e-04   8.405618e+01   3.272267e-01
    43  -3.131265e+00  -3.149720e+00   6.231111e-04   1.642524e+06   3.240534e-01   4.435520e-01  -3.728373e+00  -3.742689e+00   7.538125e-05   2.699006e+07   3.367458e-01  -1.583761e+00  -1.600552e+00   6.784313e-04   7.735298e+01   3.221606e-01
    44  -3.093535e+00  -3.111990e+00   6.749849e-04   1.311917e+06   3.217665e-01   4.408839e-01  -3.698385e+00  -3.713120e+00   8.784517e-05   2.488056e+07   3.365898e-01  -1.549528e+00  -1.566308e+00   7.906065e-04   7.114672e+01   3.171326e-01
    45  -3.055805e+00  -3.074260e+00   7.305256e-04   1.048307e+06   3.192768e-01   4.381218e-01  -3.667403e+00  -3.682618e+00   1.023551e-04   2.270853e+07   3.364068e-01  -1.515297e+00  -1.532075e+00   9.211963e-04   6.538737e+01   3.121809e-01
    46  -3.018075e+00  -3.036530e+00   7.861171e-04   8.381945e+05   3.164783e-01   4.354147e-01  -3.635276e+00  -3.651042e+00   1.192428e-04   2.049320e+07   3.361900e-01  -1.481047e+00  -1.497834e+00   1.073185e-03   6.004003e+01   3.073024e-01
    47  -2.980345e+00  -2.998800e+00   8.458774e-04   6.711725e+05   3.134385e-01   4.328734e-01  -3.601828e+00  -3.618230e+00   1.388921e-04   1.825813e+07   3.359310e-01  -1.446755e+00  -1.463563e+00   1.250029e-03   5.506437e+01   3.025473e-01
    48  -2.942615e+00  -2.961070e+00   9.062248e-04   5.384332e+05   3.100884e-01   4.305533e-01  -3.566852e+00  -3.583988e+00   1.617478e-04   1.603118e+07   3.356180e-01  -1.412404e+00  -1.429240e+00   1.455730e-03   5.044226e+01   2.978693e-01
    49  -2.904885e+00  -2.923341e+00   9.707066e-04   4.326908e+05   3.065666e-01   4.283872e-01  -3.530100e+00  -3.548087e+00   1.883238e-04   1.384412e+07   3.352351e-01  -1.377972e+00  -1.394847e+00   1.694914e-03   4.614282e+01   2.933145e-01
    50  -2.867155e+00  -2.885611e+00   1.037080e-03   3.488531e+05   3.026796e-01   4.267538e-01  -3.491284e+00  -3.510259e+00   2.192140e-04   1.173184e+07   3.347605e-01  -1.343449e+00  -1.360368e+00   1.972926e-03   4.215379e+01   2.888256e-01
    51  -2.829425e+00  -2.847881e+00   1.107310e-03   2.814959e+05   2.987773e-01   4.250345e-01  -3.450060e+00  -3.470183e+00   2.551039e-04   9.730946e+06   3.341634e-01  -1.308822e+00  -1.325790e+00   2.295935e-03   3.845551e+01   2.844036e-01
    52  -2.791696e+00  -2.810151e+00   1.181002e-03   2.282796e+05   2.944383e-01   4.242138e-01  -3.406029e+00  -3.427487e+00   2.967831e-04   7.877783e+06   3.334005e-01  -1.274085e+00  -1.291106e+00   2.671048e-03   3.503261e+01   2.800273e-01
    53  -2.753966e+00  -2.772421e+00   1.258496e-03   1.851399e+05   2.901800e-01   4.232052e-01  -3.358731e+00  -3.381736e+00   3.451610e-04   6.205764e+06   3.324102e-01  -1.239235e+00  -1.256310e+00   3.106449e-03   3.187125e+01   2.756610e-01
    54  -2.716236e+00  -2.734691e+00   1.340800e-03   1.508866e+05   2.856075e-01   4.230537e-01  -3.307651e+00  -3.332440e+00   4.012824e-04   4.742254e+06   3.311048e-01  -1.204267e+00  -1.221399e+00   3.611542e-03   2.895266e+01   2.713326e-01
    55  -2.678506e+00  -2.696961e+00   1.427482e-03   1.230857e+05   2.810600e-01   4.229675e-01  -3.252240e+00  -3.279062e+00   4.663463e-04   3.505272e+06   3.293605e-01  -1.169183e+00  -1.186371e+00   4.197117e-03   2.626422e+01   2.670050e-01
    56  -2.640776e+00  -2.659231e+00   1.519826e-03   1.006793e+05   2.764452e-01   4.232905e-01  -3.191962e+00  -3.221056e+00   5.417261e-04   2.500622e+06   3.270067e-01  -1.133981e+00  -1.151226e+00   4.875535e-03   2.379024e+01   2.626887e-01
    57  -2.603046e+00  -2.621501e+00   1.617958e-03   8.255257e+04   2.717875e-01   4.239757e-01  -3.126374e+00  -3.157931e+00   6.289911e-04   1.720265e+06   3.238192e-01  -1.098664e+00  -1.115964e+00   5.660920e-03   2.151617e+01   2.583883e-01
    58  -2.565316e+00  -2.583772e+00   1.722482e-03   6.775069e+04   2.672063e-01   4.248072e-01  -3.055255e+00  -3.089360e+00   7.299314e-04   1.142743e+06   3.195299e-01  -1.063232e+00  -1.080587e+00   6.569382e-03   1.942948e+01   2.540815e-01
    59  -2.527586e+00  -2.546042e+00   1.834259e-03   5.578467e+04   2.626152e-01   4.260226e-01  -2.978753e+00  -3.015322e+00   8.465830e-04   7.361632e+05   3.138652e-01  -1.027687e+00  -1.045096e+00   7.619247e-03   1.751583e+01   2.498009e-01
    60  -2.489856e+00  -2.508312e+00   1.953710e-03   4.593865e+04   2.581346e-01   4.273590e-01  -2.897497e+00  -2.936227e+00   9.812558e-04   4.633341e+05   3.066292e-01  -9.920316e-01  -1.009494e+00   8.831303e-03   1.576371e+01   2.455322e-01
    61  -2.452127e+00  -2.470582e+00   2.081502e-03   3.793361e+04   2.537587e-01   4.288743e-01  -2.812583e+00  -2.852968e+00   1.136562e-03   2.876788e+05   2.978116e-01  -9.562686e-01  -9.737821e-01   1.022906e-02   1.416210e+01   2.412612e-01
    62  -2.414397e+00  -2.432852e+00   2.218931e-03   3.133858e+04   2.494929e-01   4.305609e-01  -2.725404e+00  -2.766810e+00   1.315444e-03   1.779813e+05   2.876596e-01  -9.203995e-01  -9.379638e-01   1.183900e-02   1.269889e+01   2.370206e-01
    63  -2.376667e+00  -2.395122e+00   2.365698e-03   2.592718e+04   2.453991e-01   4.323016e-01  -2.637361e+00  -2.679155e+00   1.521208e-03   1.106458e+05   2.766488e-01  -8.844275e-01  -9.020411e-01   1.369088e-02   1.136464e+01   2.327910e-01
    64  -2.338937e+00  -2.357392e+00   2.524527e-03   2.147086e+04   2.414512e-01   4.341328e-01  -2.549627e+00  -2.591282e+00   1.757548e-03   6.950408e+04   2.653549e-01  -8.483574e-01  -8.660181e-01   1.581793e-02   1.015009e+01   2.285606e-01
    65  -2.301207e+00  -2.319662e+00   2.694279e-03   1.779393e+04   2.376778e-01   4.360051e-01  -2.463029e+00  -2.504173e+00   2.028572e-03   4.423979e+04   2.543061e-01  -8.121917e-01  -8.298982e-01   1.825715e-02   9.045514e+00   2.243554e-01
    66  -2.263477e+00  -2.281933e+00   2.878003e-03   1.476242e+04   2.341096e-01   4.377593e-01  -2.378062e+00  -2.418471e+00   2.338830e-03   2.855468e+04   2.438903e-01  -7.759349e-01  -7.936850e-01   2.104947e-02   8.042958e+00   2.201595e-01
    67  -2.225747e+00  -2.244203e+00   3.075088e-03   1.225302e+04   2.306907e-01   4.396135e-01  -2.294972e+00  -2.334533e+00   2.693323e-03   1.868308e+04   2.343345e-01  -7.395932e-01  -7.573840e-01   2.423991e-02   7.134791e+00   2.159594e-01
    68  -2.188017e+00  -2.206473e+00   3.288192e-03   1.018064e+04   2.275277e-01   4.411085e-01  -2.213847e+00  -2.252518e+00   3.097518e-03   1.238173e+04   2.257290e-01  -7.031719e-01  -7.210008e-01   2.787766e-02   6.313429e+00   2.117707e-01
    69  -2.150288e+00  -2.168743e+00   3.517593e-03   8.461847e+03   2.244860e-01   4.427539e-01  -2.134694e+00  -2.172470e+00   3.557342e-03   8.304645e+03   2.180649e-01  -6.666777e-01  -6.845416e-01   3.201608e-02   5.572104e+00   2.075866e-01
    70  -2.112558e+00  -2.131013e+00   3.765564e-03   7.040165e+03   2.217236e-01   4.438839e-01  -2.057486e+00  -2.094376e+00   4.079169e-03   5.633577e+03   2.112670e-01  -6.301188e-01  -6.480137e-01   3.671252e-02   4.904584e+00   2.033945e-01
    71  -2.074828e+00  -2.093283e+00   4.033193e-03   5.859481e+03   2.190638e-01   4.451398e-01  -1.982195e+00  -2.018211e+00   4.669785e-03   3.863526e+03   2.052164e-01  -5.935054e-01  -6.114264e-01   4.202806e-02   4.304972e+00   1.991891e-01
    72  -2.037098e+00  -2.055553e+00   4.322641e-03   4.881649e+03   2.166720e-01   4.458103e-01  -1.908801e+00  -1.943950e+00   5.336336e-03   2.678021e+03   1.997648e-01  -5.568474e-01  -5.747897e-01   4.802703e-02   3.767571e+00   1.949778e-01
    73  -1.999368e+00  -2.017823e+00   4.635623e-03   4.068711e+03   2.143751e-01   4.465097e-01  -1.837298e+00  -1.871580e+00   6.086254e-03   1.875907e+03   1.947457e-01  -5.201573e-01  -5.381150e-01   5.477629e-02   3.287285e+00   1.907490e-01
    74  -1.961638e+00  -1.980093e+00   4.974579e-03   3.394691e+03   2.123022e-01   4.466470e-01  -1.767680e+00  -1.801096e+00   6.927149e-03   1.327699e+03   1.899873e-01  -4.834500e-01  -5.014159e-01   6.234434e-02   2.859325e+00   1.864910e-01
    75  -1.923908e+00  -1.942364e+00   5.341596e-03   2.833804e+03   2.103218e-01   4.466619e-01  -1.699940e+00  -1.732491e+00   7.866679e-03   9.491159e+02   1.853320e-01  -4.467423e-01  -4.647084e-01   7.080011e-02   2.479172e+00   1.821992e-01
    76  -1.886178e+00  -1.904634e+00   5.739887e-03   2.368177e+03   2.084971e-01   4.462247e-01  -1.634042e+00  -1.665742e+00   8.912390e-03   6.847861e+02   1.806596e-01  -4.100525e-01  -4.280101e-01   8.021151e-02   2.142512e+00   1.778766e-01
    77  -1.848448e+00  -1.866904e+00   6.171597e-03   1.980349e+03   2.067569e-01   4.455453e-01  -1.569916e+00  -1.600796e+00   1.007152e-02   4.980498e+02   1.759124e-01  -3.734014e-01  -3.913404e-01   9.064369e-02   1.845417e+00   1.735126e-01
    78  -1.810719e+00  -1.829174e+00   6.641328e-03   1.657849e+03   2.050980e-01   4.445720e-01  -1.507440e+00  -1.537555e+00   1.135078e-02   3.644996e+02   1.711084e-01  -3.368130e-01  -3.547220e-01   1.021570e-01   1.584197e+00   1.690975e-01
    79  -1.772989e+00  -1.791444e+00   7.150873e-03   1.388952e+03   2.034998e-01   4.433421e-01  -1.446440e+00  -1.475870e+00   1.275612e-02   2.678232e+02   1.663360e-01  -3.003138e-01  -3.181801e-01   1.148050e-01   1.355385e+00   1.646266e-01
    80  -1.735259e+00  -1.753714e+00   7.706938e-03   1.164848e+03   2.019243e-01   4.419817e-01  -1.386702e+00  -1.415545e+00   1.429243e-02   1.970848e+02   1.617262e-01  -2.639317e-01  -2.817418e-01   1.286319e-01   1.155699e+00   1.601044e-01
    81  -1.697529e+00  -1.715984e+00   8.310824e-03   9.776977e+02   2.003668e-01   4.405214e-01  -1.327995e+00  -1.356357e+00   1.596333e-02   1.449161e+02   1.574081e-01  -2.276975e-01  -2.454368e-01   1.436700e-01   9.821329e-01   1.555247e-01
    82  -1.659799e+00  -1.678254e+00   8.971036e-03   8.213263e+02   1.988113e-01   4.390530e-01  -1.270103e+00  -1.298085e+00   1.777087e-02   1.062946e+02   1.534604e-01  -1.916446e-01  -2.092970e-01   1.599378e-01   8.318882e-01   1.508827e-01
    83  -1.622069e+00  -1.640524e+00   9.689841e-03   6.903668e+02   1.972262e-01   4.378096e-01  -1.212866e+00  -1.240542e+00   1.971527e-02   7.771701e+01   1.498795e-01  -1.558082e-01  -1.733569e-01   1.774374e-01   7.023575e-01   1.461819e-01
    84  -1.584339e+00  -1.602795e+00   1.047500e-02   5.807277e+02   1.956678e-01   4.366067e-01  -1.156197e+00  -1.183608e+00   2.179475e-02   5.665278e+01   1.465849e-01  -1.202240e-01  -1.376517e-01   1.961527e-01   5.911266e-01   1.414303e-01
    85  -1.546609e+00  -1.565065e+00   1.133193e-02   4.884436e+02   1.940592e-01   4.359875e-01  -1.100087e+00  -1.127236e+00   2.400535e-02   4.120648e+01   1.434613e-01  -8.492954e-02  -1.022183e-01   2.160481e-01   4.960042e-01   1.366293e-01
    86  -1.508879e+00  -1.527335e+00   1.226748e-02   4.109737e+02   1.925087e-01   4.355438e-01  -1.044573e+00  -1.071444e+00   2.634082e-02   2.992888e+01   1.404168e-01  -4.996306e-02  -6.709449e-02   2.370673e-01   4.149852e-01   1.317844e-01
    87  -1.471150e+00  -1.489605e+00   1.328850e-02   3.456537e+02   1.909952e-01   4.355346e-01  -9.897078e-01  -1.016275e+00   2.879262e-02   2.171680e+01   1.374111e-01  -1.536125e-02  -3.231764e-02   2.591336e-01   3.462315e-01   1.269148e-01
    88  -1.433420e+00  -1.451875e+00   1.440242e-02   2.905106e+02   1.895911e-01   4.357665e-01  -9.355343e-01  -9.617769e-01   3.134998e-02   1.574426e+01   1.344394e-01   1.883918e-02   2.075535e-03   2.821498e-01   2.881120e-01   1.220280e-01
    89  -1.395690e+00  -1.414145e+00   1.561728e-02   2.441649e+02   1.882919e-01   4.361462e-01  -8.820804e-01  -9.079855e-01   3.400006e-02   1.140304e+01   1.315132e-01   5.260306e-02   3.604916e-02   3.060005e-01   2.391585e-01   1.171388e-01
    90  -1.357960e+00  -1.376415e+00   1.693833e-02   2.047968e+02   1.872063e-01   4.364064e-01  -8.293546e-01  -8.549178e-01   3.672816e-02   8.248535e+00   1.286430e-01   8.589821e-02   6.956963e-02   3.305535e-01   1.980607e-01   1.122680e-01
    91  -1.320230e+00  -1.338685e+00   1.837873e-02   1.717105e+02   1.862927e-01   4.364217e-01  -7.773490e-01  -8.025738e-01   3.951809e-02   5.957304e+00   1.258385e-01   1.186942e-01   1.026057e-01   3.556628e-01   1.636748e-01   1.074277e-01
    92  -1.282500e+00  -1.300955e+00   1.994222e-02   1.439022e+02   1.855523e-01   4.361246e-01  -7.260381e-01  -7.509362e-01   4.235249e-02   4.293827e+00   1.231046e-01   1.509652e-01   1.351294e-01   3.811724e-01   1.349854e-01   1.026426e-01
    93  -1.244770e+00  -1.263226e+00   2.163942e-02   1.204036e+02   1.850621e-01   4.350851e-01  -6.753817e-01  -6.999717e-01   4.521329e-02   3.087123e+00   1.204466e-01   1.826883e-01   1.671163e-01   4.069196e-01   1.111196e-01   9.792703e-02
    94  -1.207040e+00  -1.225496e+00   2.348819e-02   1.007687e+02   1.846945e-01   4.337066e-01  -6.253235e-01  -6.496318e-01   4.808216e-02   2.212670e+00   1.178661e-01   2.138451e-01   1.985460e-01   4.327394e-01   9.131610e-02   9.330112e-02
    95  -1.169310e+00  -1.187766e+00   2.548966e-02   8.434240e+01   1.844467e-01   4.318562e-01  -5.757919e-01  -5.998520e-01   5.094094e-02   1.579938e+00   1.153647e-01   2.444211e-01   2.294021e-01   4.584685e-01   7.492380e-02   8.878065e-02
    96  -1.131581e+00  -1.150036e+00   2.766363e-02   7.057850e+01   1.842983e-01   4.296606e-01  -5.267017e-01  -5.505536e-01   5.377208e-02   1.123085e+00   1.129428e-01   2.744065e-01   2.596726e-01   4.839488e-01   6.138489e-02   8.438122e-02
    97  -1.093851e+00  -1.112306e+00   3.003356e-02   5.911742e+01   1.841639e-01   4.273266e-01  -4.779504e-01  -5.016423e-01   5.655903e-02   7.940606e-01   1.106005e-01   3.037955e-01   2.893495e-01   5.090312e-01   5.022524e-02   8.011652e-02
    98  -1.056121e+00  -1.074576e+00   3.260415e-02   4.956232e+01   1.840230e-01   4.248433e-01  -4.294197e-01  -4.530075e-01   5.928652e-02   5.578981e-01   1.083393e-01   3.325862e-01   3.184294e-01   5.335787e-01   4.104408e-02   7.599730e-02
    99  -1.018391e+00  -1.036846e+00   3.540187e-02   4.156900e+01   1.838720e-01   4.224387e-01  -3.809761e-01  -4.045228e-01   6.194091e-02   3.891188e-01   1.061597e-01   3.607810e-01   3.469123e-01   5.574682e-01   3.350315e-02   7.203340e-02
   100  -9.806610e-01  -9.991164e-01   3.845834e-02   3.490597e+01   1.836657e-01   4.199938e-01  -3.324653e-01  -3.560437e-01   6.451030e-02   2.690968e-01   1.040643e-01   3.883855e-01   3.748025e-01   5.805927e-01   2.731933e-02   6.823076e-02
   101  -9.429311e-01  -9.613865e-01   4.178823e-02   2.934501e+01   1.833855e-01   4.175083e-01  -2.837124e-01  -3.074051e-01   6.698469e-02   1.842749e-01   1.020595e-01   4.154088e-01   4.021073e-01   6.028622e-01   2.225523e-02   6.459500e-02
   102  -9.052013e-01  -9.236566e-01   4.541608e-02   2.467638e+01   1.830564e-01   4.151045e-01  -2.345259e-01  -2.584231e-01   6.935597e-02   1.247938e-01   1.001499e-01   4.418629e-01   4.288372e-01   6.242038e-01   1.811373e-02   6.112756e-02
   103  -8.674714e-01  -8.859267e-01   4.938757e-02   2.077120e+01   1.826283e-01   4.126123e-01  -1.846893e-01  -2.088931e-01   7.161799e-02   8.344723e-02   9.834571e-02   4.677623e-01   4.550056e-01   6.445619e-01   1.473041e-02   5.783033e-02
   104  -8.297415e-01  -8.481968e-01   5.373716e-02   1.750018e+01   1.820861e-01   4.100344e-01  -1.339696e-01  -1.585894e-01   7.376638e-02   5.501612e-02   9.666006e-02   4.931237e-01   4.806281e-01   6.638974e-01   1.196970e-02   5.470093e-02
   105  -7.920116e-01  -8.104669e-01   5.847288e-02   1.474987e+01   1.814400e-01   4.074015e-01  -8.212992e-02  -1.072767e-01   7.579851e-02   3.571943e-02   9.509926e-02   5.179659e-01   5.057224e-01   6.821866e-01   9.718961e-03   5.173835e-02
   106  -7.542817e-01  -7.727371e-01   6.366402e-02   1.243605e+01   1.806670e-01   4.046250e-01  -2.893794e-02  -5.472007e-02   7.771330e-02   2.281502e-02   9.367079e-02   5.423090e-01   5.303080e-01   6.994197e-01   7.885845e-03   4.893752e-02
   107  -7.165518e-01  -7.350072e-01   6.935591e-02   1.049089e+01   1.797384e-01   4.016696e-01   2.576683e-02  -7.247765e-04   7.951106e-02   1.434393e-02   9.234215e-02   5.661748e-01   5.544058e-01   7.155996e-01   6.393925e-03   4.629496e-02
   108  -6.788219e-01  -6.972773e-01   7.558789e-02   8.853185e+00   1.786444e-01   3.985243e-01   8.202447e-02   5.480595e-02   8.119333e-02   8.893657e-03   9.104429e-02   5.895856e-01   5.780379e-01   7.307399e-01   5.180722e-03   4.380440e-02
   109  -6.410921e-01  -6.595474e-01   8.239410e-02   7.468916e+00   1.773968e-01   3.951353e-01   1.396364e-01   1.117851e-01   8.276263e-02   5.465428e-03   8.961093e-02   6.125649e-01   6.012272e-01   7.448636e-01   4.194831e-03   4.146020e-02
   110  -6.033622e-01  -6.218175e-01   8.985497e-02   6.300491e+00   1.759606e-01   3.914210e-01   1.980475e-01   1.698232e-01   8.422234e-02   3.358073e-03   8.775587e-02   6.351366e-01   6.239974e-01   7.580011e-01   3.394218e-03   3.925584e-02
   111  -5.656323e-01  -5.840876e-01   9.803003e-02   5.313826e+00   1.743239e-01   3.873602e-01   2.563402e-01   2.281711e-01   8.557652e-02   2.086094e-03   8.513560e-02   6.573247e-01   6.463723e-01   7.701887e-01   2.744513e-03   3.718425e-02
   112  -5.279024e-01  -5.463577e-01   1.069777e-01   4.479774e+00   1.724781e-01   3.828933e-01   3.133965e-01   2.858046e-01   8.682971e-02   1.324601e-03   8.150593e-02   6.791537e-01   6.683763e-01   7.814674e-01   2.217584e-03   3.523904e-02
   113  -4.901725e-01  -5.086279e-01   1.167311e-01   3.773147e+00   1.704283e-01   3.779153e-01   3.682050e-01   3.416648e-01   8.798682e-02   8.656031e-04   7.689857e-02   7.006479e-01   6.900337e-01   7.918814e-01   1.790528e-03   3.341285e-02
   114  -4.524426e-01  -4.708980e-01   1.273920e-01   3.174784e+00   1.681590e-01   3.723308e-01   4.201114e-01   3.949332e-01   8.905301e-02   5.829063e-04   7.162223e-02   7.218313e-01   7.113687e-01   8.014771e-01   1.444631e-03   3.169895e-02
   115  -4.147127e-01  -4.331681e-01   1.390301e-01   2.668339e+00   1.656615e-01   3.660931e-01   4.688655e-01   4.451722e-01   9.003354e-02   4.033846e-04   6.608769e-02   7.427279e-01   7.324053e-01   8.103019e-01   1.164655e-03   3.009061e-02
   116  -3.769828e-01  -3.954382e-01   1.517156e-01   2.239592e+00   1.629317e-01   3.590993e-01   5.145203e-01   4.922925e-01   9.093373e-02   2.855976e-04   6.063984e-02   7.633610e-01   7.531670e-01   8.184036e-01   9.381990e-04   2.858101e-02
   117  -3.392530e-01  -3.577083e-01   1.654902e-01   1.876564e+00   1.599675e-01   3.512129e-01   5.572931e-01   5.364331e-01   9.175884e-02   2.059809e-04   5.549605e-02   7.837535e-01   7.736769e-01   8.258295e-01   7.551563e-04   2.716393e-02
   118  -3.015231e-01  -3.199784e-01   1.804318e-01   1.569055e+00   1.567786e-01   3.422176e-01   5.974666e-01   5.778442e-01   9.251402e-02   1.507875e-04   5.075808e-02   8.039275e-01   7.939576e-01   8.326262e-01   6.073155e-04   2.583316e-02
   119  -2.637932e-01  -2.822485e-01   1.966213e-01   1.309108e+00   1.533574e-01   3.320784e-01   6.353338e-01   6.168128e-01   9.320429e-02   1.117119e-04   4.645624e-02   8.239045e-01   8.140308e-01   8.388386e-01   4.880005e-04   2.458272e-02
   120  -2.260633e-01  -2.445186e-01   2.141052e-01   1.089461e+00   1.496997e-01   3.206173e-01   6.711726e-01   6.536228e-01   9.383445e-02   8.356322e-05   4.258200e-02   8.437052e-01   8.339177e-01   8.445100e-01   3.917828e-04   2.340710e-02
   121  -1.883334e-01  -2.067888e-01   2.329297e-01   9.041250e-01   1.458083e-01   3.076749e-01   7.052280e-01   6.885340e-01   9.440910e-02   6.300911e-05   3.910469e-02   8.633494e-01   8.536384e-01   8.496819e-01   3.142562e-04   2.230100e-02
   122  -1.506035e-01  -1.690589e-01   2.531138e-01   7.479300e-01   1.417034e-01   2.929215e-01   7.377173e-01   7.217764e-01   9.493262e-02   4.782351e-05   3.598732e-02   8.828561e-01   8.732123e-01   8.543935e-01   2.518442e-04   2.125938e-02
   123  -1.128736e-01  -1.313290e-01   2.747258e-01   6.166425e-01   1.373887e-01   2.763429e-01   7.688295e-01   7.535519e-01   9.540910e-02   3.649597e-05   3.319240e-02   9.022432e-01   8.926579e-01   8.586819e-01   2.016448e-04   2.027754e-02
   124  -7.514376e-02  -9.359910e-02   2.977826e-01   5.065514e-01   1.328703e-01   2.578305e-01   7.987279e-01   7.840359e-01   9.584241e-02   2.797911e-05   3.068258e-02   9.215278e-01   9.119925e-01   8.625817e-01   1.613044e-04   1.935117e-02
   125  -3.741387e-02  -5.586921e-02   3.222492e-01   4.144577e-01   1.281640e-01   2.372489e-01   8.275554e-01   8.133808e-01   9.623618e-02   2.153138e-05   2.842552e-02   9.407257e-01   9.312328e-01   8.661256e-01   1.289173e-04   1.847616e-02
   126   3.160158e-04  -1.813933e-02   3.481108e-01   3.376322e-01   1.232926e-01   2.143996e-01   8.554360e-01   8.417194e-01   9.659376e-02   1.662241e-05   2.639092e-02   9.598520e-01   9.503941e-01   8.693438e-01   1.029399e-04   1.764872e-02
   127   3.804590e-02   1.959056e-02   3.753549e-01   2.737803e-01   1.182676e-01   1.896039e-01   8.824781e-01   8.691675e-01   9.691827e-02   1.286691e-05   2.455278e-02   9.789206e-01   9.694909e-01   8.722644e-01   8.212343e-05   1.686536e-02
   128   7.577579e-02   5.732045e-02   4.038921e-01   2.208932e-01   1.131159e-01   1.628533e-01   9.087778e-01   8.958270e-01   9.721261e-02   9.981697e-06   2.288816e-02   9.979447e-01   9.885368e-01   8.749135e-01   6.545831e-05   1.612291e-02
   129   1.135057e-01   9.505033e-02   4.336141e-01   1.772765e-01   1.078584e-01   1.347182e-01   9.344186e-01   9.217874e-01   9.747945e-02   7.757828e-06   2.137652e-02   1.016936e+00   1.007544e+00   8.773151e-01   5.212943e-05   1.541840e-02
   130   1.512356e-01   1.327802e-01   4.644352e-01   1.414600e-01   1.025260e-01   1.057743e-01   9.594749e-01   9.471274e-01   9.772124e-02   6.038502e-06   2.000054e-02   1.035906e+00   1.026525e+00   8.794912e-01   4.147896e-05   1.474912e-02
   131   1.889654e-01   1.705101e-01   4.959882e-01   1.121286e-01   9.712803e-02   7.559396e-02   9.840131e-01   9.719173e-01   9.794025e-02   4.705962e-06   1.874471e-02   1.054865e+00   1.045489e+00   8.814623e-01   3.297662e-05   1.411263e-02
   132   2.266953e-01   2.082400e-01   5.282571e-01   8.826722e-02   9.169442e-02   4.734162e-02   1.008091e+00   9.962191e-01   9.813854e-02   3.671199e-06   1.759539e-02   1.073822e+00   1.064447e+00   8.832469e-01   2.619539e-05   1.350666e-02
   133   2.644252e-01   2.459699e-01   5.610666e-01   6.899375e-02   8.628338e-02   1.988161e-02   1.031762e+00   1.020088e+00   9.831802e-02   2.866258e-06   1.654097e-02   1.092786e+00   1.083407e+00   8.848622e-01   2.079178e-05   1.292921e-02
   134   3.021551e-01   2.836998e-01   5.941790e-01   5.352762e-02   8.092968e-02  -6.428346e-03   1.055072e+00   1.043574e+00   9.848042e-02   2.239210e-06   1.557114e-02   1.111764e+00   1.102378e+00   8.863237e-01   1.648978e-05   1.237839e-02
   135   3.398850e-01   3.214297e-01   6.270500e-01   4.118554e-02   7.564243e-02  -2.777960e-02   1.078063e+00   1.066720e+00   9.862732e-02   1.750190e-06   1.467678e-02   1.130763e+00   1.121367e+00   8.876458e-01   1.306779e-05   1.185253e-02
   136   3.776149e-01   3.591595e-01   6.596373e-01   3.139199e-02   7.045405e-02  -4.748470e-02   1.100772e+00   1.089566e+00   9.876016e-02   1.368481e-06   1.385001e-02   1.149790e+00   1.140381e+00   8.888415e-01   1.034812e-05   1.135010e-02
   137   4.153448e-01   3.968894e-01   6.917629e-01   2.371907e-02   6.542284e-02  -6.468525e-02   1.123233e+00   1.112148e+00   9.888027e-02   1.070307e-06   1.308393e-02   1.168851e+00   1.159425e+00   8.899225e-01   8.188436e-06   1.086970e-02
   138   4.530747e-01   4.346193e-01   7.226514e-01   1.774065e-02   6.055100e-02  -7.730306e-02   1.145475e+00   1.134496e+00   9.898885e-02   8.372533e-07   1.237245e-02   1.187950e+00   1.178505e+00   8.908996e-01   6.474834e-06   1.041006e-02
   139   4.908045e-01   4.723492e-01   7.525705e-01   1.313042e-02   5.587424e-02  -8.764920e-02   1.167525e+00   1.156640e+00   9.908698e-02   6.550170e-07   1.171023e-02   1.207092e+00   1.197627e+00   8.917828e-01   5.116258e-06   9.970036e-03
   140   5.285344e-01   5.100791e-01   7.808187e-01   9.615940e-03   5.142018e-02  -9.586515e-02   1.189407e+00   1.178603e+00   9.917565e-02   5.124712e-07   1.109254e-02   1.226281e+00   1.216793e+00   8.925808e-01   4.039990e-06   9.548576e-03
   141   5.662643e-01   5.478090e-01   8.075838e-01   6.960820e-03   4.719800e-02  -1.021192e-01   1.211142e+00   1.200410e+00   9.925576e-02   4.009472e-07   1.051525e-02   1.245520e+00   1.236007e+00   8.933019e-01   3.188014e-06   9.144716e-03
   142   6.039942e-01   5.855389e-01   8.321969e-01   4.980901e-03   4.322731e-02  -1.065000e-01   1.232751e+00   1.222081e+00   9.932813e-02   3.136805e-07   9.974710e-03   1.264813e+00   1.255274e+00   8.939532e-01   2.514085e-06   8.757575e-03
   143   6.417241e-01   6.232687e-01   8.549156e-01   3.523464e-03   3.951820e-02  -1.092048e-01   1.254249e+00   1.243633e+00   9.939350e-02   2.453890e-07   9.467707e-03   1.284162e+00   1.274595e+00   8.945415e-01   1.981378e-06   8.386344e-03
   144   6.794540e-01   6.609986e-01   8.755858e-01   2.460621e-03   3.606976e-02  -1.105563e-01   1.275653e+00   1.265083e+00   9.945254e-02   1.919452e-07   8.991381e-03   1.303569e+00   1.293974e+00   8.950729e-01   1.560595e-06   8.030280e-03
   145   7.171839e-01   6.987285e-01   8.939634e-01   1.698447e-03   3.288815e-02  -1.105714e-01   1.296977e+00   1.286446e+00   9.950586e-02   1.501220e-07   8.543202e-03   1.323036e+00   1.313411e+00   8.955527e-01   1.228447e-06   7.688697e-03
   146   7.549137e-01   7.364584e-01   9.102726e-01   1.158726e-03   2.996746e-02  -1.093897e-01   1.318232e+00   1.307734e+00   9.955400e-02   1.173946e-07   8.120917e-03   1.342563e+00   1.332909e+00   8.959860e-01   9.664383e-07   7.360961e-03
   147   7.926436e-01   7.741883e-01   9.245719e-01   7.815062e-04   2.729894e-02  -1.070993e-01   1.339430e+00   1.328960e+00   9.959747e-02   9.178723e-08   7.722524e-03   1.362154e+00   1.352469e+00   8.963772e-01   7.598914e-07   7.046481e-03
   148   8.303735e-01   8.119182e-01   9.369595e-01   5.211793e-04   2.487141e-02  -1.037516e-01   1.360580e+00   1.350134e+00   9.963672e-02   7.175333e-08   7.346236e-03   1.381807e+00   1.372092e+00   8.967304e-01   5.971687e-07   6.744712e-03
   149   8.681034e-01   8.496481e-01   9.475734e-01   3.440316e-04   2.266974e-02  -9.935791e-02   1.381692e+00   1.371265e+00   9.967214e-02   5.608212e-08   6.990453e-03   1.401524e+00   1.391777e+00   8.970493e-01   4.690504e-07   6.455143e-03
   150   9.058333e-01   8.873779e-01   9.565862e-01   2.250091e-04   2.067723e-02  -9.414829e-02   1.402773e+00   1.392360e+00   9.970413e-02   4.382556e-08   6.653742e-03   1.421304e+00   1.411526e+00   8.973371e-01   3.682376e-07   6.177299e-03
   151   9.435632e-01   9.251078e-01   9.641699e-01   1.459585e-04   1.887586e-02  -8.826662e-02   1.423829e+00   1.413429e+00   9.973300e-02   3.424137e-08   6.334815e-03   1.441147e+00   1.431339e+00   8.975970e-01   2.889566e-07   5.910733e-03
   152   9.812931e-01   9.628377e-01   9.705103e-01   9.400447e-05   1.724729e-02  -8.193297e-02   1.444867e+00   1.434476e+00   9.975905e-02   2.674830e-08   6.032514e-03   1.461053e+00   1.451214e+00   8.978315e-01   2.266436e-07   5.655029e-03
   153   1.019023e+00   1.000568e+00   9.757756e-01   6.018248e-05   1.577393e-02  -7.532133e-02   1.465892e+00   1.455507e+00   9.978257e-02   2.089130e-08   5.745791e-03   1.481021e+00   1.471152e+00   8.980432e-01   1.776937e-07   5.409795e-03
   154   1.056753e+00   1.038297e+00   9.801310e-01   3.834058e-05   1.443918e-02  -6.866816e-02   1.486908e+00   1.476527e+00   9.980380e-02   1.631408e-08   5.473698e-03   1.501050e+00   1.491151e+00   8.982342e-01   1.392613e-07   5.174663e-03
   155   1.094483e+00   1.076027e+00   9.837161e-01   2.433136e-05   1.322797e-02  -6.214370e-02   1.507918e+00   1.497540e+00   9.982296e-02   1.273777e-08   5.215377e-03   1.521137e+00   1.511209e+00   8.984066e-01   1.091021e-07   4.949291e-03
   156   1.132213e+00   1.113757e+00   9.866610e-01   1.539601e-05   1.212685e-02  -5.584562e-02   1.528925e+00   1.518548e+00   9.984025e-02   9.944100e-09   4.970051e-03   1.541281e+00   1.531326e+00   8.985622e-01   8.544662e-08   4.733353e-03
   157   1.169942e+00   1.151487e+00   9.890751e-01   9.721181e-06   1.112404e-02  -4.995832e-02   1.549931e+00   1.539555e+00   9.985585e-02   7.762273e-09   4.737013e-03   1.561480e+00   1.551498e+00   8.987027e-01   6.690111e-08   4.526550e-03
   158   1.207672e+00   1.189217e+00   9.910499e-01   6.129355e-06   1.020919e-02  -4.449384e-02   1.570938e+00   1.560562e+00   9.986993e-02   6.058651e-09   4.515622e-03   1.581730e+00   1.571723e+00   8.988294e-01   5.236830e-08   4.328599e-03
   159   1.245402e+00   1.226947e+00   9.926640e-01   3.861458e-06   9.373319e-03  -3.947273e-02   1.591946e+00   1.581569e+00   9.988264e-02   4.728703e-09   4.305297e-03   1.602028e+00   1.591997e+00   8.989438e-01   4.098483e-08   4.139239e-03
   160   1.283132e+00   1.264677e+00   9.939815e-01   2.431839e-06   8.608629e-03  -3.491645e-02   1.612954e+00   1.602577e+00   9.989411e-02   3.690676e-09   4.105509e-03   1.622369e+00   1.612318e+00   8.990470e-01   3.207185e-08   3.958231e-03
   161   1.320862e+00   1.302407e+00   9.950585e-01   1.531537e-06   7.908330e-03  -3.085109e-02   1.633961e+00   1.623584e+00   9.990446e-02   2.880651e-09   3.915783e-03   1.642750e+00   1.632679e+00   8.991401e-01   2.509587e-08   3.785354e-03
   162   1.358592e+00   1.340137e+00   9.959391e-01   9.648804e-07   7.266414e-03  -2.720674e-02   1.654964e+00   1.644589e+00   9.991379e-02   2.248663e-09   3.735691e-03   1.663162e+00   1.653076e+00   8.992241e-01   1.963786e-08   3.620410e-03
   163   1.396322e+00   1.377866e+00   9.966595e-01   6.082444e-07   6.677636e-03  -2.395633e-02   1.675961e+00   1.665589e+00   9.992222e-02   1.755661e-09   3.564848e-03   1.683601e+00   1.673502e+00   8.993000e-01   1.536890e-08   3.463224e-03
   164   1.434052e+00   1.415596e+00   9.972497e-01   3.837280e-07   6.137358e-03  -2.106715e-02   1.696945e+00   1.686580e+00   9.992982e-02   1.371137e-09   3.402915e-03   1.704057e+00   1.693949e+00   8.993684e-01   1.203092e-08   3.313645e-03
   165   1.471782e+00   1.453326e+00   9.977337e-01   2.423104e-07   5.641479e-03  -1.851544e-02   1.717912e+00   1.707555e+00   9.993668e-02   1.071257e-09   3.249594e-03   1.724520e+00   1.714409e+00   8.994301e-01   9.421543e-09   3.171546e-03
   166   1.509511e+00   1.491056e+00   9.981311e-01   1.531706e-07   5.186344e-03  -1.626172e-02   1.738852e+00   1.728508e+00   9.994287e-02   8.374106e-10   3.104629e-03   1.744979e+00   1.734870e+00   8.994858e-01   7.382161e-09   3.036828e-03
   167   1.547241e+00   1.528786e+00   9.984575e-01   9.693743e-08   4.768724e-03  -1.425399e-02   1.759755e+00   1.749429e+00   9.994845e-02   6.550672e-10   2.967807e-03   1.765420e+00   1.755320e+00   8.995361e-01   5.788511e-09   2.909421e-03
   168   1.584971e+00   1.566516e+00   9.987261e-01   6.142419e-08   4.385730e-03  -1.245652e-02   1.780609e+00   1.770307e+00   9.995349e-02   5.128848e-10   2.838952e-03   1.785827e+00   1.775743e+00   8.995814e-01   4.543292e-09   2.789284e-03
   169   1.622701e+00   1.604246e+00   9.989474e-01   3.897190e-08   4.034823e-03  -1.082852e-02   1.801399e+00   1.791128e+00   9.995804e-02   4.020131e-10   2.717935e-03   1.806180e+00   1.796123e+00   8.996223e-01   3.570348e-09   2.676410e-03
   170   1.660431e+00   1.641976e+00   9.991289e-01   2.476081e-08   3.713793e-03  -9.347468e-03   1.822106e+00   1.811876e+00   9.996214e-02   3.155474e-10   2.604665e-03   1.826458e+00   1.816437e+00   8.996593e-01   2.810097e-09   2.570827e-03
   171   1.698161e+00   1.679706e+00   9.992789e-01   1.575527e-08   3.420727e-03  -7.972540e-03   1.842709e+00   1.832529e+00   9.996584e-02   2.481021e-10   2.499096e-03   1.846634e+00   1.836663e+00   8.996926e-01   2.215946e-09   2.472597e-03
   172   1.735891e+00   1.717435e+00   9.994031e-01   1.004147e-08   3.154019e-03  -6.644498e-03   1.863182e+00   1.853066e+00   9.996918e-02   1.954779e-10   2.401225e-03   1.866679e+00   1.856772e+00   8.997226e-01   1.751474e-09   2.381818e-03
   173   1.773621e+00   1.755165e+00   9.995061e-01   6.411634e-09   2.912414e-03  -5.301315e-03   1.883496e+00   1.873457e+00   9.997219e-02   1.544008e-10   2.311088e-03   1.886558e+00   1.876732e+00   8.997498e-01   1.388219e-09   2.298627e-03
   174   1.811351e+00   1.792895e+00   9.995918e-01   4.103052e-09   2.695332e-03  -3.771200e-03   1.903616e+00   1.893672e+00   9.997491e-02   1.223191e-10   2.228765e-03   1.906233e+00   1.896507e+00   8.997742e-01   1.103951e-09   2.223193e-03
   175   1.849080e+00   1.830625e+00   9.996631e-01   2.632460e-09   2.502209e-03  -2.051736e-03   1.923503e+00   1.913673e+00   9.997737e-02   9.724413e-11   2.154373e-03   1.925660e+00   1.916055e+00   8.997963e-01   8.813110e-10   2.155715e-03
   176   1.886810e+00   1.868355e+00   9.997227e-01   1.694262e-09   2.333197e-03  -4.217894e-05   1.943115e+00   1.933420e+00   9.997958e-02   7.762545e-11   2.088101e-03   1.944793e+00   1.935332e+00   8.998162e-01   7.067489e-10   2.096426e-03
   177   1.924540e+00   1.906085e+00   9.997725e-01   1.094690e-09   2.189138e-03   2.498502e-03   1.962408e+00   1.952869e+00   9.998158e-02   6.224671e-11   2.030464e-03   1.963580e+00   1.954288e+00   8.998342e-01   5.696696e-10   2.045654e-03
   178   1.962270e+00   1.943815e+00   9.998145e-01   7.107267e-10   2.071955e-03   5.747952e-03   1.981353e+00   1.971984e+00   9.998338e-02   5.011696e-11   1.983915e-03   1.981978e+00   1.972877e+00   8.998504e-01   4.616101e-10   2.004642e-03
   179   2.000000e+00   1.981545e+00   9.998500e-01   4.629708e-10   1.991012e-03   8.203048e-03   2.000000e+00   1.990776e+00   9.998500e-02   4.034682e-11   1.957943e-03   2.000000e+00   1.991083e+00   8.998650e-01   3.749267e-10   1.980678e-03
