     i          log_r       log_rmid          m_tot        rho_tot         v2_tot            eta     lgr[heavy]    lgrm[heavy]       m[heavy]     rho[heavy]      v2[heavy]     lgr[light]    lgrm[light]       m[light]     rho[light]      v2[light]
     0  -4.549957e+00  -4.850987e+00   1.037889e-07   1.349882e+07   1.739094e-01            nan  -4.549957e+00  -4.850987e+00   9.998500e-08   1.339452e+07   1.725499e-01  -3.052601e+00  -3.353631e+00   8.998650e-07   3.882399e+03   3.469055e-01
     1  -4.513365e+00  -4.531276e+00   1.327557e-07   1.329180e+07   1.732253e-01            nan  -4.527380e+00  -4.538522e+00   1.166721e-07   1.324534e+07   1.725431e-01  -3.010320e+00  -3.030946e+00   1.050049e-06   1.910335e+03   3.465615e-01
     2  -4.476773e+00  -4.494684e+00   1.698955e-07   1.326001e+07   1.731727e-01            nan  -4.504811e+00  -4.515949e+00   1.361439e-07   1.322917e+07   1.725423e-01  -2.968689e+00  -2.989006e+00   1.225295e-06   1.694480e+03   3.464219e-01
     3  -4.440181e+00  -4.458092e+00   2.175099e-07   1.322334e+07   1.731239e-01            nan  -4.482247e+00  -4.493383e+00   1.588651e-07   1.321132e+07   1.725415e-01  -2.927612e+00  -2.947665e+00   1.429786e-06   1.506073e+03   3.461836e-01
     4  -4.403589e+00  -4.421500e+00   2.785365e-07   1.318154e+07   1.730786e-01            nan  -4.459684e+00  -4.470819e+00   1.853780e-07   1.319162e+07   1.725406e-01  -2.887038e+00  -2.906851e+00   1.668402e-06   1.342111e+03   3.458183e-01
     5  -4.366997e+00  -4.384908e+00   3.567326e-07   1.313324e+07   1.730365e-01            nan  -4.437119e+00  -4.448255e+00   2.163150e-07   1.316988e+07   1.725396e-01  -2.846933e+00  -2.866523e+00   1.946835e-06   1.199175e+03   3.453079e-01
     6  -4.330405e+00  -4.348316e+00   4.568744e-07   1.307720e+07   1.729972e-01            nan  -4.414548e+00  -4.425686e+00   2.524142e-07   1.314588e+07   1.725385e-01  -2.807289e+00  -2.826659e+00   2.271728e-06   1.074790e+03   3.446314e-01
     7  -4.293813e+00  -4.311724e+00   5.850542e-07   1.301284e+07   1.729606e-01            nan  -4.391968e+00  -4.403111e+00   2.945370e-07   1.311938e+07   1.725372e-01  -2.768098e+00  -2.787252e+00   2.650833e-06   9.662993e+02   3.437766e-01
     8  -4.257222e+00  -4.275132e+00   7.490204e-07   1.293726e+07   1.729262e-01            nan  -4.369376e+00  -4.380525e+00   3.436881e-07   1.309012e+07   1.725359e-01  -2.729362e+00  -2.748298e+00   3.093193e-06   8.716397e+02   3.427375e-01
     9  -4.220630e+00  -4.238540e+00   9.585209e-07   1.284998e+07   1.728938e-01            nan  -4.346769e+00  -4.357926e+00   4.010398e-07   1.305782e+07   1.725344e-01  -2.691079e+00  -2.709799e+00   3.609358e-06   7.887947e+02   3.415123e-01
    10  -4.184038e+00  -4.201948e+00   1.226006e-06   1.274883e+07   1.728632e-01            nan  -4.324144e+00  -4.335310e+00   4.679601e-07   1.302215e+07   1.725327e-01  -2.653248e+00  -2.671752e+00   4.211641e-06   7.161367e+02   3.401150e-01
    11  -4.147446e+00  -4.165356e+00   1.567008e-06   1.263056e+07   1.728341e-01            nan  -4.301498e+00  -4.312673e+00   5.460446e-07   1.298278e+07   1.725309e-01  -2.615864e+00  -2.634154e+00   4.914402e-06   6.521762e+02   3.385531e-01
    12  -4.110854e+00  -4.128764e+00   2.001090e-06   1.249484e+07   1.728062e-01            nan  -4.278826e+00  -4.290014e+00   6.371554e-07   1.293932e+07   1.725289e-01  -2.578915e+00  -2.596997e+00   5.734398e-06   5.956471e+02   3.368639e-01
    13  -4.074262e+00  -4.092173e+00   2.552835e-06   1.233613e+07   1.727792e-01            nan  -4.256125e+00  -4.267327e+00   7.434644e-07   1.289136e+07   1.725266e-01  -2.542388e+00  -2.560268e+00   6.691180e-06   5.454933e+02   3.350622e-01
    14  -4.037670e+00  -4.055581e+00   3.252161e-06   1.215399e+07   1.727528e-01            nan  -4.233392e+00  -4.244610e+00   8.675058e-07   1.283843e+07   1.725242e-01  -2.506263e+00  -2.523950e+00   7.807552e-06   5.007557e+02   3.331952e-01
    15  -4.001078e+00  -4.018989e+00   4.137187e-06   1.194444e+07   1.727269e-01            nan  -4.210621e+00  -4.221857e+00   1.012236e-06   1.278005e+07   1.725215e-01  -2.470515e+00  -2.488021e+00   9.110122e-06   4.606874e+02   3.312872e-01
    16  -3.964486e+00  -3.982397e+00   5.252857e-06   1.170334e+07   1.727012e-01            nan  -4.187808e+00  -4.199064e+00   1.181103e-06   1.271566e+07   1.725184e-01  -2.435120e+00  -2.452457e+00   1.062993e-05   4.246118e+02   3.293776e-01
    17  -3.927894e+00  -3.945805e+00   6.655894e-06   1.143051e+07   1.726753e-01            nan  -4.164947e+00  -4.176227e+00   1.378130e-06   1.264467e+07   1.725151e-01  -2.400047e+00  -2.417229e+00   1.240317e-05   3.919837e+02   3.274985e-01
    18  -3.891302e+00  -3.909213e+00   8.412254e-06   1.111763e+07   1.726491e-01            nan  -4.142034e+00  -4.153339e+00   1.608010e-06   1.256644e+07   1.725114e-01  -2.365267e+00  -2.382309e+00   1.447209e-05   3.623556e+02   3.256709e-01
    19  -3.854710e+00  -3.872621e+00   1.060246e-05   1.076940e+07   1.726224e-01            nan  -4.119061e+00  -4.130395e+00   1.876216e-06   1.248026e+07   1.725074e-01  -2.330751e+00  -2.347666e+00   1.688595e-05   3.353225e+02   3.239271e-01
    20  -3.818118e+00  -3.836029e+00   1.331844e-05   1.037436e+07   1.725948e-01            nan  -4.096022e+00  -4.107388e+00   2.189133e-06   1.238538e+07   1.725029e-01  -2.296469e+00  -2.313271e+00   1.970220e-05   3.106022e+02   3.222656e-01
    21  -3.781526e+00  -3.799437e+00   1.666998e-05   9.941811e+06   1.725664e-01            nan  -4.072908e+00  -4.084311e+00   2.554206e-06   1.228099e+07   1.724980e-01  -2.262392e+00  -2.279096e+00   2.298786e-05   2.878944e+02   3.207100e-01
    22  -3.744934e+00  -3.762845e+00   2.077335e-05   9.461028e+06   1.725369e-01            nan  -4.049712e+00  -4.061155e+00   2.980121e-06   1.216620e+07   1.724926e-01  -2.228496e+00  -2.245113e+00   2.682109e-05   2.670240e+02   3.192377e-01
    23  -3.708342e+00  -3.726253e+00   2.577622e-05   8.942790e+06   1.725064e-01            nan  -4.026423e+00  -4.037912e+00   3.477003e-06   1.204007e+07   1.724866e-01  -2.194758e+00  -2.211299e+00   3.129303e-05   2.477708e+02   3.178583e-01
    24  -3.671751e+00  -3.689661e+00   3.179811e-05   8.385330e+06   1.724749e-01            nan  -4.003032e+00  -4.014570e+00   4.056664e-06   1.190160e+07   1.724800e-01  -2.161157e+00  -2.177633e+00   3.650997e-05   2.300159e+02   3.165368e-01
    25  -3.635159e+00  -3.653069e+00   3.901530e-05   7.792664e+06   1.724427e-01            nan  -3.979525e+00  -3.991119e+00   4.732872e-06   1.174972e+07   1.724728e-01  -2.127678e+00  -2.144095e+00   4.259585e-05   2.136053e+02   3.152648e-01
    26  -3.598567e+00  -3.616477e+00   4.759035e-05   7.178631e+06   1.724099e-01            nan  -3.955889e+00  -3.967546e+00   5.521683e-06   1.158333e+07   1.724648e-01  -2.094306e+00  -2.110672e+00   4.969515e-05   1.984450e+02   3.140055e-01
    27  -3.561975e+00  -3.579885e+00   5.761863e-05   6.545847e+06   1.723771e-01            nan  -3.932110e+00  -3.943837e+00   6.441814e-06   1.140124e+07   1.724561e-01  -2.061031e+00  -2.077350e+00   5.797633e-05   1.844194e+02   3.127424e-01
    28  -3.525383e+00  -3.543293e+00   6.927478e-05   5.903285e+06   1.723448e-01            nan  -3.908171e+00  -3.919976e+00   7.515084e-06   1.120224e+07   1.724465e-01  -2.027844e+00  -2.044121e+00   6.763576e-05   1.714483e+02   3.114436e-01
    29  -3.488791e+00  -3.506702e+00   8.268043e-05   5.267808e+06   1.723138e-01            nan  -3.884052e+00  -3.895944e+00   8.766923e-06   1.098510e+07   1.724360e-01  -1.994738e+00  -2.010976e+00   7.890231e-05   1.594371e+02   3.100957e-01
    30  -3.452199e+00  -3.470110e+00   9.792364e-05   4.649678e+06   1.722849e-01            nan  -3.859732e+00  -3.871721e+00   1.022697e-05   1.074856e+07   1.724245e-01  -1.961706e+00  -1.977908e+00   9.204273e-05   1.483146e+02   3.086765e-01
    31  -3.415607e+00  -3.433518e+00   1.150561e-04   4.058783e+06   1.722593e-01            nan  -3.835186e+00  -3.847286e+00   1.192976e-05   1.049138e+07   1.724119e-01  -1.928742e+00  -1.944911e+00   1.073678e-04   1.379990e+02   3.071835e-01
    32  -3.379015e+00  -3.396926e+00   1.340914e-04   3.504019e+06   1.722381e-01            nan  -3.810388e+00  -3.822610e+00   1.391553e-05   1.021234e+07   1.723982e-01  -1.895839e+00  -1.911979e+00   1.252398e-04   1.284281e+02   3.056049e-01
    33  -3.342423e+00  -3.360334e+00   1.550095e-04   2.992709e+06   1.722229e-01            nan  -3.785306e+00  -3.797666e+00   1.623115e-05   9.910325e+06   1.723833e-01  -1.862989e+00  -1.879104e+00   1.460803e-04   1.195304e+02   3.039511e-01
    34  -3.305831e+00  -3.323742e+00   1.777693e-04   2.530135e+06   1.722153e-01            nan  -3.759905e+00  -3.772420e+00   1.893121e-05   9.584312e+06   1.723670e-01  -1.830186e+00  -1.846278e+00   1.703808e-04   1.112526e+02   3.022190e-01
    35  -3.269239e+00  -3.287150e+00   2.023301e-04   2.119257e+06   1.722170e-01            nan  -3.734144e+00  -3.746833e+00   2.207926e-05   9.233462e+06   1.723493e-01  -1.797417e+00  -1.813493e+00   1.987134e-04   1.035360e+02   3.004262e-01
    36  -3.232647e+00  -3.250558e+00   2.286775e-04   1.760635e+06   1.722295e-01            nan  -3.707977e+00  -3.720863e+00   2.574932e-05   8.857172e+06   1.723301e-01  -1.764674e+00  -1.780737e+00   2.317439e-04   9.633624e+01   2.985754e-01
    37  -3.196055e+00  -3.213966e+00   2.568498e-04   1.452588e+06   1.722541e-01            nan  -3.681351e+00  -3.694460e+00   3.002750e-05   8.455149e+06   1.723094e-01  -1.731944e+00  -1.748001e+00   2.702475e-04   8.960740e+01   2.966836e-01
    38  -3.159463e+00  -3.177374e+00   2.860581e-04   1.190092e+06   1.722938e-01            nan  -3.654206e+00  -3.667566e+00   3.501400e-05   8.027502e+06   1.722870e-01  -1.699216e+00  -1.715272e+00   3.151260e-04   8.331385e+01   2.947551e-01
    39  -3.122871e+00  -3.140782e+00   3.168412e-04   9.692445e+05   1.723515e-01            nan  -3.626470e+00  -3.640116e+00   4.082538e-05   7.574839e+06   1.722630e-01  -1.666478e+00  -1.682538e+00   3.674284e-04   7.742207e+01   2.927980e-01
    40  -3.086279e+00  -3.104190e+00   3.495239e-04   7.869374e+05   1.724244e-01            nan  -3.598063e+00  -3.612034e+00   4.759714e-05   7.098371e+06   1.722373e-01  -1.633718e+00  -1.649789e+00   4.283742e-04   7.190361e+01   2.908164e-01
    41  -3.049688e+00  -3.067598e+00   3.828074e-04   6.367899e+05   1.725156e-01            nan  -3.568889e+00  -3.583231e+00   5.548679e-05   6.600033e+06   1.722098e-01  -1.600926e+00  -1.617012e+00   4.993811e-04   6.673482e+01   2.888050e-01
    42  -3.013096e+00  -3.031006e+00   4.178540e-04   5.141532e+05   1.726262e-01   5.054462e-01  -3.538839e+00  -3.553604e+00   6.467734e-05   6.082590e+06   1.721807e-01  -1.568091e+00  -1.584198e+00   5.820960e-04   6.189205e+01   2.867707e-01
    43  -2.976504e+00  -2.994414e+00   4.542805e-04   4.148295e+05   1.727334e-01   5.050574e-01  -3.507782e+00  -3.523033e+00   7.538125e-05   5.549750e+06   1.721499e-01  -1.535207e+00  -1.551338e+00   6.784313e-04   5.735790e+01   2.846975e-01
    44  -2.939912e+00  -2.957822e+00   4.918315e-04   3.346327e+05   1.728508e-01   5.045027e-01  -3.475567e+00  -3.491376e+00   8.784517e-05   5.006249e+06   1.721178e-01  -1.502265e+00  -1.518424e+00   7.906065e-04   5.311297e+01   2.825913e-01
    45  -2.903320e+00  -2.921231e+00   5.313221e-04   2.700657e+05   1.729746e-01   5.037578e-01  -3.442015e+00  -3.458467e+00   1.023551e-04   4.457902e+06   1.720845e-01  -1.469259e+00  -1.485449e+00   9.211963e-04   4.914244e+01   2.804365e-01
    46  -2.866728e+00  -2.884639e+00   5.719171e-04   2.184614e+05   1.730901e-01   5.028442e-01  -3.406913e+00  -3.424110e+00   1.192428e-04   3.911593e+06   1.720505e-01  -1.436187e+00  -1.452409e+00   1.073185e-03   4.543118e+01   2.782260e-01
    47  -2.830136e+00  -2.848047e+00   6.147153e-04   1.768614e+05   1.732085e-01   5.016866e-01  -3.370012e+00  -3.388071e+00   1.388921e-04   3.375190e+06   1.720166e-01  -1.403045e+00  -1.419300e+00   1.250029e-03   4.196558e+01   2.759502e-01
    48  -2.793544e+00  -2.811455e+00   6.592101e-04   1.438596e+05   1.732823e-01   5.004338e-01  -3.331014e+00  -3.350075e+00   1.617478e-04   2.857339e+06   1.719837e-01  -1.369833e+00  -1.386121e+00   1.455730e-03   3.873375e+01   2.735827e-01
    49  -2.756952e+00  -2.774863e+00   7.060034e-04   1.170310e+05   1.733695e-01   4.988388e-01  -3.289571e+00  -3.309798e+00   1.883238e-04   2.367125e+06   1.719535e-01  -1.336552e+00  -1.352874e+00   1.694914e-03   3.572325e+01   2.711183e-01
    50  -2.720360e+00  -2.738271e+00   7.554230e-04   9.592506e+04   1.733402e-01   4.973883e-01  -3.245277e+00  -3.266860e+00   2.192140e-04   1.913566e+06   1.719282e-01  -1.303208e+00  -1.319560e+00   1.972926e-03   3.292324e+01   2.685254e-01
    51  -2.683768e+00  -2.701679e+00   8.074081e-04   7.863427e+04   1.733267e-01   4.955584e-01  -3.197668e+00  -3.220820e+00   2.551039e-04   1.504953e+06   1.719109e-01  -1.269804e+00  -1.286185e+00   2.295935e-03   3.032189e+01   2.657868e-01
    52  -2.647176e+00  -2.665087e+00   8.628896e-04   6.490515e+04   1.731663e-01   4.940016e-01  -3.146227e+00  -3.171186e+00   2.967831e-04   1.148053e+06   1.719060e-01  -1.236346e+00  -1.252753e+00   2.671048e-03   2.790686e+01   2.628947e-01
    53  -2.610584e+00  -2.628495e+00   9.217748e-04   5.367489e+04   1.729803e-01   4.922481e-01  -3.090420e+00  -3.117428e+00   3.451610e-04   8.472773e+05   1.719185e-01  -1.202840e+00  -1.219270e+00   3.106449e-03   2.566595e+01   2.598342e-01
    54  -2.573992e+00  -2.591903e+00   9.847280e-04   4.459817e+04   1.726693e-01   4.907565e-01  -3.029748e+00  -3.059025e+00   4.012824e-04   6.039484e+05   1.719527e-01  -1.169288e+00  -1.185740e+00   3.611542e-03   2.358587e+01   2.566232e-01
    55  -2.537400e+00  -2.555311e+00   1.052669e-03   3.720332e+04   1.722584e-01   4.894572e-01  -2.963859e+00  -2.995555e+00   4.663463e-04   4.158904e+05   1.720087e-01  -1.135689e+00  -1.152164e+00   4.197117e-03   2.165415e+01   2.532705e-01
    56  -2.500808e+00  -2.518719e+00   1.125393e-03   3.110945e+04   1.717838e-01   4.883013e-01  -2.892707e+00  -2.926828e+00   5.417261e-04   2.775508e+05   1.720726e-01  -1.102042e+00  -1.118540e+00   4.875535e-03   1.985896e+01   2.497889e-01
    57  -2.464217e+00  -2.482127e+00   1.204590e-03   2.614771e+04   1.711440e-01   4.877606e-01  -2.816735e+00  -2.853062e+00   6.289911e-04   1.807852e+05   1.721007e-01  -1.068339e+00  -1.084864e+00   5.660920e-03   1.818812e+01   2.462238e-01
    58  -2.427625e+00  -2.445535e+00   1.289963e-03   2.199578e+04   1.705020e-01   4.872749e-01  -2.736985e+00  -2.775032e+00   7.299314e-04   1.162033e+05   1.720003e-01  -1.034570e+00  -1.051126e+00   6.569382e-03   1.663201e+01   2.425904e-01
    59  -2.391033e+00  -2.408943e+00   1.383160e-03   1.859398e+04   1.696925e-01   4.875997e-01  -2.655024e+00  -2.694074e+00   8.465830e-04   7.469540e+04   1.716254e-01  -1.000721e+00  -1.017316e+00   7.619247e-03   1.518181e+01   2.389124e-01
    60  -2.354441e+00  -2.372351e+00   1.484486e-03   1.572138e+04   1.689125e-01   4.880109e-01  -2.572636e+00  -2.611879e+00   9.812558e-04   4.862315e+04   1.708108e-01  -9.667770e-01  -9.834175e-01   8.831303e-03   1.382920e+01   2.352299e-01
    61  -2.317849e+00  -2.335759e+00   1.595173e-03   1.333954e+04   1.680424e-01   4.890648e-01  -2.491409e+00  -2.530126e+00   1.136562e-03   3.233380e+04   1.694500e-01  -9.327216e-01  -9.494156e-01   1.022906e-02   1.256828e+01   2.315495e-01
    62  -2.281257e+00  -2.299168e+00   1.716191e-03   1.132060e+04   1.672073e-01   4.902967e-01  -2.412435e+00  -2.450129e+00   1.315444e-03   2.204251e+04   1.675656e-01  -8.985391e-01  -9.152942e-01   1.183900e-02   1.139392e+01   2.278779e-01
    63  -2.244665e+00  -2.262576e+00   1.848549e-03   9.623390e+03   1.664033e-01   4.917283e-01  -2.336236e+00  -2.372666e+00   1.521208e-03   1.538901e+04   1.653192e-01  -8.642134e-01  -8.810372e-01   1.369088e-02   1.030122e+01   2.242388e-01
    64  -2.208073e+00  -2.225984e+00   1.993481e-03   8.182673e+03   1.656376e-01   4.933497e-01  -2.262874e+00  -2.298008e+00   1.757548e-03   1.096166e+04   1.629526e-01  -8.297319e-01  -8.466305e-01   1.581793e-02   9.286839e+00   2.206211e-01
    65  -2.171481e+00  -2.189392e+00   2.152295e-03   6.960224e+03   1.650065e-01   4.946875e-01  -2.192123e+00  -2.226059e+00   2.028572e-03   7.929410e+03   1.607052e-01  -7.950853e-01  -8.120632e-01   1.825715e-02   8.347670e+00   2.170106e-01
    66  -2.134889e+00  -2.152800e+00   2.325961e-03   5.921391e+03   1.644312e-01   4.960658e-01  -2.123632e+00  -2.156529e+00   2.338830e-03   5.800477e+03   1.587488e-01  -7.602676e-01  -7.773276e-01   2.104947e-02   7.480524e+00   2.134085e-01
    67  -2.098297e+00  -2.116208e+00   2.516628e-03   5.035955e+03   1.640329e-01   4.968547e-01  -2.057043e+00  -2.089062e+00   2.693323e-03   4.277366e+03   1.571534e-01  -7.252765e-01  -7.424197e-01   2.423991e-02   6.682468e+00   2.098032e-01
    68  -2.061705e+00  -2.079616e+00   2.724635e-03   4.283116e+03   1.637145e-01   4.974400e-01  -1.992056e+00  -2.023335e+00   3.097518e-03   3.173667e+03   1.558826e-01  -6.901142e-01  -7.073396e-01   2.787766e-02   5.950582e+00   2.061767e-01
    69  -2.025113e+00  -2.043024e+00   2.953358e-03   3.641507e+03   1.635488e-01   4.973974e-01  -1.928463e+00  -1.959097e+00   3.557342e-03   2.367345e+03   1.548174e-01  -6.547868e-01  -6.720914e-01   3.201608e-02   5.281789e+00   2.025119e-01
    70  -1.988521e+00  -2.006432e+00   3.202665e-03   3.095950e+03   1.634692e-01   4.969736e-01  -1.866135e+00  -1.896182e+00   4.079169e-03   1.774906e+03   1.538039e-01  -6.193035e-01  -6.366828e-01   3.671252e-02   4.672804e+00   1.988093e-01
    71  -1.951929e+00  -1.969840e+00   3.476559e-03   2.632010e+03   1.634835e-01   4.960819e-01  -1.804994e+00  -1.834489e+00   4.669785e-03   1.337284e+03   1.527085e-01  -5.836762e-01  -6.011246e-01   4.202806e-02   4.120254e+00   1.950616e-01
    72  -1.915337e+00  -1.933248e+00   3.775697e-03   2.237676e+03   1.635520e-01   4.948969e-01  -1.744975e+00  -1.773949e+00   5.336336e-03   1.012003e+03   1.514559e-01  -5.479198e-01  -5.654301e-01   4.802703e-02   3.620737e+00   1.912601e-01
    73  -1.878746e+00  -1.896656e+00   4.103437e-03   1.902963e+03   1.636683e-01   4.934275e-01  -1.686004e+00  -1.714490e+00   6.086254e-03   7.684755e+02   1.500396e-01  -5.120514e-01  -5.296154e-01   5.477629e-02   3.170840e+00   1.873968e-01
    74  -1.842154e+00  -1.860064e+00   4.462438e-03   1.618468e+03   1.637727e-01   4.920009e-01  -1.627981e+00  -1.656025e+00   6.927149e-03   5.847906e+02   1.485062e-01  -4.760904e-01  -4.936988e-01   6.234434e-02   2.767160e+00   1.834709e-01
    75  -1.805562e+00  -1.823472e+00   4.855183e-03   1.376976e+03   1.638919e-01   4.905028e-01  -1.570788e+00  -1.598444e+00   7.866679e-03   4.453282e+02   1.469276e-01  -4.400582e-01  -4.577008e-01   7.080011e-02   2.406299e+00   1.794857e-01
    76  -1.768970e+00  -1.786880e+00   5.286263e-03   1.171728e+03   1.639896e-01   4.891659e-01  -1.514300e+00  -1.541626e+00   8.912390e-03   3.389415e+02   1.453716e-01  -4.039784e-01  -4.216438e-01   8.021151e-02   2.084998e+00   1.754350e-01
    77  -1.732378e+00  -1.750288e+00   5.758058e-03   9.970658e+02   1.640716e-01   4.880312e-01  -1.458409e+00  -1.485456e+00   1.007152e-02   2.576002e+02   1.438810e-01  -3.678771e-01  -3.855527e-01   9.064369e-02   1.800089e+00   1.713130e-01
    78  -1.695786e+00  -1.713697e+00   6.275183e-03   8.486531e+02   1.641684e-01   4.869562e-01  -1.403034e+00  -1.429840e+00   1.135078e-02   1.954096e+02   1.424669e-01  -3.317828e-01  -3.494551e-01   1.021570e-01   1.548508e+00   1.671138e-01
    79  -1.659194e+00  -1.677105e+00   6.841487e-03   7.217951e+02   1.642524e-01   4.862067e-01  -1.348128e+00  -1.374714e+00   1.275612e-02   1.479394e+02   1.411183e-01  -2.957263e-01  -3.133805e-01   1.148050e-01   1.327287e+00   1.628430e-01
    80  -1.622602e+00  -1.640513e+00   7.461747e-03   6.138091e+02   1.643852e-01   4.854523e-01  -1.293678e+00  -1.320050e+00   1.429243e-02   1.117952e+02   1.398167e-01  -2.597405e-01  -2.773608e-01   1.286319e-01   1.133595e+00   1.584983e-01
    81  -1.586010e+00  -1.603921e+00   8.140225e-03   5.217784e+02   1.645663e-01   4.847273e-01  -1.239704e+00  -1.265853e+00   1.596333e-02   8.435490e+01   1.385345e-01  -2.238605e-01  -2.414300e-01   1.436700e-01   9.647514e-01   1.540767e-01
    82  -1.549418e+00  -1.567329e+00   8.881998e-03   4.430128e+02   1.648337e-01   4.839147e-01  -1.186255e+00  -1.212158e+00   1.777087e-02   6.359280e+01   1.372186e-01  -1.881235e-01  -2.056245e-01   1.599378e-01   8.182195e-01   1.495762e-01
    83  -1.512826e+00  -1.530737e+00   9.693935e-03   3.760439e+02   1.651846e-01   4.829308e-01  -1.133414e+00  -1.159031e+00   1.971527e-02   4.793908e+01   1.357832e-01  -1.525683e-01  -1.699821e-01   1.774374e-01   6.916012e-01   1.450049e-01
    84  -1.476234e+00  -1.494145e+00   1.057826e-02   3.189300e+02   1.656404e-01   4.817052e-01  -1.081280e+00  -1.106565e+00   2.179475e-02   3.616735e+01   1.341351e-01  -1.172344e-01  -1.345421e-01   1.961527e-01   5.826621e-01   1.403684e-01
    85  -1.439642e+00  -1.457553e+00   1.154425e-02   2.702445e+02   1.662120e-01   4.801538e-01  -1.029945e+00  -1.054855e+00   2.400535e-02   2.731804e+01   1.322228e-01  -8.216252e-02  -9.934451e-02   2.160481e-01   4.893408e-01   1.356701e-01
    86  -1.403050e+00  -1.420961e+00   1.260038e-02   2.289773e+02   1.668715e-01   4.782929e-01  -9.794643e-01  -1.003972e+00   2.634082e-02   2.065120e+01   1.300578e-01  -4.739370e-02  -6.443026e-02   2.370673e-01   4.097340e-01   1.309189e-01
    87  -1.366458e+00  -1.384369e+00   1.374694e-02   1.938982e+02   1.676298e-01   4.759903e-01  -9.298387e-01  -9.539431e-01   2.879262e-02   1.560969e+01   1.277056e-01  -1.296753e-02  -2.983959e-02   2.591336e-01   3.420916e-01   1.261326e-01
    88  -1.329866e+00  -1.347777e+00   1.499934e-02   1.641444e+02   1.684692e-01   4.732420e-01  -8.810207e-01  -9.047441e-01   3.134998e-02   1.178228e+01   1.252544e-01   2.107680e-02   4.388142e-03   2.821498e-01   2.848460e-01   1.213205e-01
    89  -1.293274e+00  -1.311185e+00   1.636817e-02   1.390122e+02   1.693548e-01   4.699924e-01  -8.329237e-01  -8.563067e-01   3.400006e-02   8.868425e+00   1.227933e-01   5.470197e-02   3.821474e-02   3.060005e-01   2.365794e-01   1.164988e-01
    90  -1.256683e+00  -1.274593e+00   1.785399e-02   1.177362e+02   1.702801e-01   4.662040e-01  -7.854370e-01  -8.085316e-01   3.672816e-02   6.647661e+00   1.203936e-01   8.787369e-02   7.160446e-02   3.305535e-01   1.960229e-01   1.116884e-01
    91  -1.220091e+00  -1.238001e+00   1.947830e-02   9.975225e+01   1.712016e-01   4.619695e-01  -7.384410e-01  -7.613036e-01   3.951809e-02   4.957095e+00   1.181041e-01   1.205597e-01   1.045241e-01   3.556628e-01   1.620634e-01   1.069024e-01
    92  -1.183499e+00  -1.201409e+00   2.125568e-02   8.459530e+01   1.720775e-01   4.573144e-01  -6.918187e-01  -7.145045e-01   4.235249e-02   3.674225e+00   1.159462e-01   1.527326e-01   1.369440e-01   3.811724e-01   1.337104e-01   1.021661e-01
    93  -1.146907e+00  -1.164817e+00   2.319116e-02   7.180019e+01   1.728748e-01   4.524362e-01  -6.454631e-01  -6.680227e-01   4.521329e-02   2.705443e+00   1.139170e-01   1.843680e-01   1.688383e-01   4.069196e-01   1.101101e-01   9.749441e-02
    94  -1.110315e+00  -1.128225e+00   2.531015e-02   6.098941e+01   1.735289e-01   4.477508e-01  -5.992830e-01  -6.217595e-01   4.808216e-02   1.978426e+00   1.119987e-01   2.154462e-01   2.001850e-01   4.327394e-01   9.051650e-02   9.290792e-02
    95  -1.073723e+00  -1.091634e+00   2.763439e-02   5.186473e+01   1.740408e-01   4.432172e-01  -5.532005e-01  -5.756308e-01   5.094094e-02   1.436558e+00   1.101624e-01   2.459516e-01   2.309666e-01   4.584685e-01   7.429017e-02   8.842296e-02
    96  -1.037131e+00  -1.055042e+00   3.017856e-02   4.415132e+01   1.743963e-01   4.389829e-01  -5.071454e-01  -5.295627e-01   5.377208e-02   1.035515e+00   1.083780e-01   2.758732e-01   2.611700e-01   4.839488e-01   6.088265e-02   8.405541e-02
    97  -1.000539e+00  -1.018450e+00   3.296466e-02   3.759069e+01   1.745697e-01   4.356456e-01  -4.610488e-01  -4.834857e-01   5.655903e-02   7.408003e-01   1.066231e-01   3.052044e-01   2.907864e-01   5.090312e-01   4.982702e-02   7.981948e-02
    98  -9.639470e-01  -9.818577e-01   3.602394e-02   3.201673e+01   1.746179e-01   4.327570e-01  -4.148360e-01  -4.373280e-01   5.928652e-02   5.257404e-01   1.048850e-01   3.339427e-01   3.198112e-01   5.335787e-01   4.072833e-02   7.572610e-02
    99  -9.273551e-01  -9.452658e-01   3.938404e-02   2.727339e+01   1.745499e-01   4.303129e-01  -3.684151e-01  -3.910056e-01   6.194091e-02   3.698729e-01   1.031625e-01   3.620897e-01   3.482442e-01   5.574682e-01   3.325275e-02   7.178558e-02
   100  -8.907632e-01  -9.086739e-01   4.305734e-02   2.322409e+01   1.743909e-01   4.283392e-01  -3.216697e-01  -3.444138e-01   6.451030e-02   2.577022e-01   1.014634e-01   3.896503e-01   3.760886e-01   5.805927e-01   2.712079e-02   6.800396e-02
   101  -8.541712e-01  -8.720819e-01   4.708177e-02   1.975515e+01   1.741946e-01   4.266864e-01  -2.744643e-01  -2.974259e-01   6.698469e-02   1.776389e-01   9.980078e-02   4.166333e-01   4.033513e-01   6.028622e-01   2.209780e-02   6.438725e-02
   102  -8.175793e-01  -8.354900e-01   5.149265e-02   1.679490e+01   1.739458e-01   4.250368e-01  -2.266362e-01  -2.498922e-01   6.935597e-02   1.209937e-01   9.818792e-02   4.430500e-01   4.300425e-01   6.242038e-01   1.798894e-02   6.093696e-02
   103  -7.809874e-01  -7.988980e-01   5.632379e-02   1.426920e+01   1.736377e-01   4.232523e-01  -1.779930e-01  -2.016339e-01   7.161799e-02   8.131303e-02   9.664162e-02   4.689148e-01   4.561749e-01   6.445619e-01   1.463150e-02   5.765531e-02
   104  -7.443954e-01  -7.623061e-01   6.159422e-02   1.211411e+01   1.732690e-01   4.211964e-01  -1.283268e-01  -1.524503e-01   7.376638e-02   5.385035e-02   9.517857e-02   4.942437e-01   4.817639e-01   6.638974e-01   1.189135e-02   5.453995e-02
   105  -7.078035e-01  -7.257142e-01   6.734255e-02   1.027081e+01   1.728595e-01   4.186150e-01  -7.741645e-02  -1.021261e-01   7.579851e-02   3.510010e-02   9.381249e-02   5.190556e-01   5.068268e-01   6.821866e-01   9.656917e-03   5.159013e-02
   106  -6.712115e-01  -6.891222e-01   7.362186e-02   8.703679e+00   1.723288e-01   4.154814e-01  -2.504590e-02  -5.044225e-02   7.771330e-02   2.249812e-02   9.255245e-02   5.433700e-01   5.313829e-01   6.994197e-01   7.836734e-03   4.880089e-02
   107  -6.346196e-01  -6.525303e-01   8.047742e-02   7.372415e+00   1.716466e-01   4.117608e-01   2.893824e-02   2.784431e-03   7.951106e-02   1.418729e-02   9.137273e-02   5.672086e-01   5.554529e-01   7.155996e-01   6.355077e-03   4.616885e-02
   108  -5.980277e-01  -6.159384e-01   8.795792e-02   6.242144e+00   1.707862e-01   4.074480e-01   8.457029e-02   5.764445e-02   8.119333e-02   8.819038e-03   9.020691e-02   5.905936e-01   5.790585e-01   7.307399e-01   5.150009e-03   4.368787e-02
   109  -5.614357e-01  -5.793464e-01   9.608272e-02   5.281919e+00   1.697305e-01   4.025268e-01   1.416534e-01   1.140491e-01   8.276263e-02   5.430464e-03   8.889485e-02   6.135482e-01   6.022226e-01   7.448636e-01   4.170569e-03   4.135237e-02
   110  -5.248438e-01  -5.427545e-01   1.049327e-01   4.466278e+00   1.684547e-01   3.970393e-01   1.996358e-01   1.716115e-01   8.422234e-02   3.341368e-03   8.715515e-02   6.360962e-01   6.249685e-01   7.580011e-01   3.375066e-03   3.915597e-02
   111  -4.882518e-01  -5.061625e-01   1.145720e-01   3.774610e+00   1.669251e-01   3.910201e-01   2.576017e-01   2.295851e-01   8.557652e-02   2.077464e-03   8.464680e-02   6.582615e-01   6.473202e-01   7.701887e-01   2.729409e-03   3.709162e-02
   112  -4.516599e-01  -4.695706e-01   1.250621e-01   3.187803e+00   1.651371e-01   3.844722e-01   3.144262e-01   2.869427e-01   8.682971e-02   1.319588e-03   8.112177e-02   6.800684e-01   6.693018e-01   7.814674e-01   2.205683e-03   3.515304e-02
   113  -4.150680e-01  -4.329787e-01   1.364653e-01   2.689751e+00   1.630868e-01   3.773622e-01   3.690811e-01   3.426129e-01   8.798682e-02   8.623711e-04   7.660428e-02   7.015412e-01   6.909375e-01   7.918814e-01   1.781160e-03   3.333293e-02
   114  -3.784760e-01  -3.963867e-01   1.488033e-01   2.266557e+00   1.607803e-01   3.696191e-01   4.208900e-01   3.957577e-01   8.905301e-02   5.806857e-04   7.139821e-02   7.227038e-01   7.122513e-01   8.014771e-01   1.437265e-03   3.162460e-02
   115  -3.418841e-01  -3.597948e-01   1.621814e-01   1.907095e+00   1.582143e-01   3.611088e-01   4.695836e-01   4.459189e-01   9.003354e-02   4.018089e-04   6.591495e-02   7.435800e-01   7.332673e-01   8.103019e-01   1.158870e-03   3.002137e-02
   116  -3.052921e-01  -3.232028e-01   1.766626e-01   1.602044e+00   1.553888e-01   3.517259e-01   5.152005e-01   4.929907e-01   9.093373e-02   2.844592e-04   6.050357e-02   7.641932e-01   7.540089e-01   8.184036e-01   9.336607e-04   2.851648e-02
   117  -2.687002e-01  -2.866109e-01   1.923070e-01   1.343236e+00   1.523112e-01   3.413559e-01   5.579485e-01   5.371002e-01   9.175884e-02   2.051531e-04   5.538535e-02   7.845660e-01   7.744990e-01   8.258295e-01   7.516006e-04   2.710373e-02
   118  -2.321083e-01  -2.500190e-01   2.091450e-01   1.123789e+00   1.489866e-01   3.298631e-01   5.981045e-01   5.784905e-01   9.251402e-02   1.501809e-04   5.066570e-02   8.047208e-01   7.947603e-01   8.326262e-01   6.045331e-04   2.577696e-02
   119  -1.955163e-01  -2.134270e-01   2.272226e-01   9.377330e-01   1.454306e-01   3.169436e-01   6.359587e-01   6.174439e-01   9.320429e-02   1.112643e-04   4.637744e-02   8.246789e-01   8.148145e-01   8.388386e-01   4.858259e-04   2.453023e-02
   120  -1.589244e-01  -1.768351e-01   2.466095e-01   7.803794e-01   1.416429e-01   3.025457e-01   6.717870e-01   6.542422e-01   9.383445e-02   8.323086e-05   4.251371e-02   8.444610e-01   8.346826e-01   8.445100e-01   3.900856e-04   2.335804e-02
   121  -1.223325e-01  -1.402431e-01   2.673380e-01   6.474911e-01   1.376363e-01   2.865554e-01   7.058331e-01   6.891435e-01   9.440910e-02   6.276164e-05   3.904446e-02   8.640868e-01   8.543848e-01   8.496819e-01   3.129333e-04   2.225514e-02
   122  -8.574051e-02  -1.036512e-01   2.893917e-01   5.354626e-01   1.334219e-01   2.688143e-01   7.383136e-01   7.223769e-01   9.493262e-02   4.763828e-05   3.593370e-02   8.835754e-01   8.739404e-01   8.543935e-01   2.508144e-04   2.121648e-02
   123  -4.914857e-02  -6.705927e-02   3.127851e-01   4.412055e-01   1.290166e-01   2.489651e-01   7.694172e-01   7.541438e-01   9.540910e-02   3.635705e-05   3.314417e-02   9.029445e-01   8.933679e-01   8.586819e-01   2.008442e-04   2.023740e-02
   124  -1.255664e-02  -3.046733e-02   3.375254e-01   3.621370e-01   1.244355e-01   2.272593e-01   7.993071e-01   7.846193e-01   9.584241e-02   2.787457e-05   3.063893e-02   9.222113e-01   9.126847e-01   8.625817e-01   1.606828e-04   1.931362e-02
   125   2.403530e-02   6.124606e-03   3.635176e-01   2.959266e-01   1.196818e-01   2.035560e-01   8.281258e-01   8.139555e-01   9.623618e-02   2.145260e-05   2.838574e-02   9.413916e-01   9.319073e-01   8.661256e-01   1.284353e-04   1.844102e-02
   126   6.062724e-02   4.271655e-02   3.907134e-01   2.406935e-01   1.147826e-01   1.778808e-01   8.559974e-01   8.422852e-01   9.659376e-02   1.656291e-05   2.635454e-02   9.605006e-01   9.510512e-01   8.693438e-01   1.025667e-04   1.761584e-02
   127   9.721918e-02   7.930848e-02   4.190845e-01   1.948075e-01   1.097660e-01   1.507505e-01   8.830303e-01   8.697242e-01   9.691827e-02   1.282194e-05   2.451934e-02   9.795521e-01   9.701308e-01   8.722644e-01   8.183473e-05   1.683460e-02
   128   1.338111e-01   1.159004e-01   4.485014e-01   1.568340e-01   1.046576e-01   1.220491e-01   9.093204e-01   8.963742e-01   9.721261e-02   9.947670e-06   2.285736e-02   9.985593e-01   9.891597e-01   8.749135e-01   6.523529e-05   1.609414e-02
   129   1.704031e-01   1.524924e-01   4.788294e-01   1.255590e-01   9.948199e-02   9.343496e-02   9.349512e-01   9.223248e-01   9.747945e-02   7.732065e-06   2.134807e-02   1.017534e+00   1.008150e+00   8.773151e-01   5.195734e-05   1.539149e-02
   130   2.069950e-01   1.890843e-01   5.099533e-01   9.991602e-02   9.427173e-02   6.476583e-02   9.599973e-01   9.476548e-01   9.772124e-02   6.018992e-06   1.997419e-02   1.036488e+00   1.027114e+00   8.794912e-01   4.134633e-05   1.472397e-02
   131   2.435869e-01   2.256762e-01   5.416677e-01   7.900098e-02   8.905957e-02   3.619651e-02   9.845251e-01   9.724344e-01   9.794025e-02   4.691181e-06   1.872029e-02   1.055430e+00   1.046062e+00   8.814623e-01   3.287452e-05   1.408912e-02
   132   2.801789e-01   2.622682e-01   5.736241e-01   6.203602e-02   8.386144e-02   1.104321e-02   1.008593e+00   9.967256e-01   9.813854e-02   3.659999e-06   1.757273e-02   1.074371e+00   1.065004e+00   8.832469e-01   2.611688e-05   1.348470e-02
   133   3.167708e-01   2.988601e-01   6.056512e-01   4.831400e-02   7.869587e-02  -1.338947e-02   1.032253e+00   1.020584e+00   9.831802e-02   2.857772e-06   1.651992e-02   1.093319e+00   1.083948e+00   8.848622e-01   2.073148e-05   1.290870e-02
   134   3.533628e-01   3.354521e-01   6.376016e-01   3.734013e-02   7.362117e-02  -3.483889e-02   1.055552e+00   1.044058e+00   9.848042e-02   2.232782e-06   1.555156e-02   1.112282e+00   1.102904e+00   8.863237e-01   1.644351e-05   1.235925e-02
   135   3.899547e-01   3.720440e-01   6.692541e-01   2.862856e-02   6.866491e-02  -5.211743e-02   1.078532e+00   1.067194e+00   9.862732e-02   1.745320e-06   1.465859e-02   1.131266e+00   1.121877e+00   8.876458e-01   1.303232e-05   1.183468e-02
   136   4.265466e-01   4.086359e-01   6.999504e-01   2.174413e-02   6.384103e-02  -6.762372e-02   1.101229e+00   1.090029e+00   9.876016e-02   1.364793e-06   1.383308e-02   1.150278e+00   1.140876e+00   8.888415e-01   1.032097e-05   1.133345e-02
   137   4.631386e-01   4.452279e-01   7.298618e-01   1.635793e-02   5.918025e-02  -8.064237e-02   1.123678e+00   1.112599e+00   9.888027e-02   1.067515e-06   1.306818e-02   1.169324e+00   1.159905e+00   8.899225e-01   8.167667e-06   1.085418e-02
   138   4.997305e-01   4.818198e-01   7.585265e-01   1.219459e-02   5.471581e-02  -8.960733e-02   1.145909e+00   1.134936e+00   9.898885e-02   8.351398e-07   1.235781e-02   1.188408e+00   1.178971e+00   8.908996e-01   6.458965e-06   1.039561e-02
   139   5.363224e-01   5.184117e-01   7.857208e-01   8.986407e-03   5.044485e-02  -9.713305e-02   1.167947e+00   1.157068e+00   9.908698e-02   6.534179e-07   1.169661e-02   1.207536e+00   1.198077e+00   8.917828e-01   5.104144e-06   9.956583e-03
   140   5.729144e-01   5.550037e-01   8.113041e-01   6.559239e-03   4.641001e-02  -1.027556e-01   1.189818e+00   1.179020e+00   9.917565e-02   5.112617e-07   1.107989e-02   1.226711e+00   1.217229e+00   8.925808e-01   4.030752e-06   9.536060e-03
   141   6.095063e-01   5.915956e-01   8.350784e-01   4.730118e-03   4.260230e-02  -1.068760e-01   1.211543e+00   1.200816e+00   9.925576e-02   4.000327e-07   1.050349e-02   1.245937e+00   1.236430e+00   8.933019e-01   3.180976e-06   9.133078e-03
   142   6.460983e-01   6.281876e-01   8.568589e-01   3.375644e-03   3.904441e-02  -1.094024e-01   1.233140e+00   1.222475e+00   9.932813e-02   3.129893e-07   9.963784e-03   1.265216e+00   1.255683e+00   8.939532e-01   2.508728e-06   8.746760e-03
   143   6.826902e-01   6.647795e-01   8.767496e-01   2.380941e-03   3.573254e-02  -1.106338e-01   1.254627e+00   1.244016e+00   9.939350e-02   2.448668e-07   9.457561e-03   1.284552e+00   1.274992e+00   8.945415e-01   1.977304e-06   8.376301e-03
   144   7.192821e-01   7.013714e-01   8.945433e-01   1.660302e-03   3.266931e-02  -1.106271e-01   1.276020e+00   1.265455e+00   9.945254e-02   1.915510e-07   8.981965e-03   1.303946e+00   1.294357e+00   8.950729e-01   1.557500e-06   8.020959e-03
   145   7.558741e-01   7.379634e-01   9.103255e-01   1.145261e-03   2.985100e-02  -1.094722e-01   1.297333e+00   1.286807e+00   9.950586e-02   1.498244e-07   8.534466e-03   1.323400e+00   1.313782e+00   8.955527e-01   1.226098e-06   7.680052e-03
   146   7.924660e-01   7.745553e-01   9.242300e-01   7.815768e-04   2.726911e-02  -1.072602e-01   1.318577e+00   1.308085e+00   9.955400e-02   1.171701e-07   8.112818e-03   1.342916e+00   1.333267e+00   8.959860e-01   9.646570e-07   7.352947e-03
   147   8.290580e-01   8.111473e-01   9.363389e-01   5.276378e-04   2.491373e-02  -1.040379e-01   1.339765e+00   1.329300e+00   9.959747e-02   9.161796e-08   7.715019e-03   1.362494e+00   1.352815e+00   8.963772e-01   7.585419e-07   7.039059e-03
   148   8.656499e-01   8.477392e-01   9.467684e-01   3.528221e-04   2.277101e-02  -9.983887e-02   1.360905e+00   1.350463e+00   9.963672e-02   7.162577e-08   7.339286e-03   1.382135e+00   1.372426e+00   8.967304e-01   5.961473e-07   6.737841e-03
   149   9.022418e-01   8.843311e-01   9.556592e-01   2.338686e-04   2.082575e-02  -9.484447e-02   1.382006e+00   1.371583e+00   9.967214e-02   5.598605e-08   6.984021e-03   1.401841e+00   1.392100e+00   8.970493e-01   4.682780e-07   6.448788e-03
   150   9.388338e-01   9.209231e-01   9.631691e-01   1.538120e-04   1.906170e-02  -8.919821e-02   1.403077e+00   1.392669e+00   9.970413e-02   4.375325e-08   6.647793e-03   1.421610e+00   1.411838e+00   8.973371e-01   3.676540e-07   6.171425e-03
   151   9.754257e-01   9.575150e-01   9.694900e-01   1.004636e-04   1.746212e-02  -8.310797e-02   1.424123e+00   1.413727e+00   9.973300e-02   3.418698e-08   6.329318e-03   1.441442e+00   1.431639e+00   8.975970e-01   2.885161e-07   5.905308e-03
   152   1.012018e+00   9.941070e-01   9.747807e-01   6.523939e-05   1.601091e-02  -7.670946e-02   1.445151e+00   1.434765e+00   9.975905e-02   2.670742e-08   6.027437e-03   1.461338e+00   1.451504e+00   8.978315e-01   2.263115e-07   5.650023e-03
   153   1.048610e+00   1.030699e+00   9.791840e-01   4.216068e-05   1.469275e-02  -7.025905e-02   1.466167e+00   1.455786e+00   9.978257e-02   2.086059e-08   5.741107e-03   1.481295e+00   1.471431e+00   8.980432e-01   1.774436e-07   5.405180e-03
   154   1.085202e+00   1.067291e+00   9.828361e-01   2.714239e-05   1.349355e-02  -6.383442e-02   1.487173e+00   1.476797e+00   9.980380e-02   1.629104e-08   5.469380e-03   1.501313e+00   1.491420e+00   8.982342e-01   1.390732e-07   5.170413e-03
   155   1.121793e+00   1.103883e+00   9.858561e-01   1.742118e-05   1.240080e-02  -5.769355e-02   1.508174e+00   1.497800e+00   9.982296e-02   1.272049e-08   5.211402e-03   1.521391e+00   1.511468e+00   8.984066e-01   1.089607e-07   4.945380e-03
   156   1.158385e+00   1.140475e+00   9.883459e-01   1.115731e-05   1.140330e-02  -5.183215e-02   1.529172e+00   1.518799e+00   9.984025e-02   9.931167e-09   4.966395e-03   1.541525e+00   1.531575e+00   8.985622e-01   8.534054e-08   4.729761e-03
   157   1.194977e+00   1.177067e+00   9.903975e-01   7.134709e-06   1.049127e-02  -4.635248e-02   1.550169e+00   1.539797e+00   9.985585e-02   7.752601e-09   4.733656e-03   1.561715e+00   1.551737e+00   8.987027e-01   6.682164e-08   4.523254e-03
   158   1.231569e+00   1.213659e+00   9.920859e-01   4.558015e-06   9.656115e-03  -4.133601e-02   1.571167e+00   1.560795e+00   9.986993e-02   6.051430e-09   4.512545e-03   1.581955e+00   1.571953e+00   8.988294e-01   5.230887e-08   4.325581e-03
   159   1.268161e+00   1.250251e+00   9.934736e-01   2.910546e-06   8.890327e-03  -3.673976e-02   1.592166e+00   1.581793e+00   9.988264e-02   4.723320e-09   4.302481e-03   1.602244e+00   1.592218e+00   8.989438e-01   4.094048e-08   4.136482e-03
   160   1.304753e+00   1.286842e+00   9.946155e-01   1.858387e-06   8.187380e-03  -3.256897e-02   1.613165e+00   1.602793e+00   9.989411e-02   3.686673e-09   4.102940e-03   1.622577e+00   1.612530e+00   8.990470e-01   3.203883e-08   3.955717e-03
   161   1.341345e+00   1.323434e+00   9.955516e-01   1.186823e-06   7.541582e-03  -2.885715e-02   1.634164e+00   1.623792e+00   9.990446e-02   2.877682e-09   3.913446e-03   1.642949e+00   1.632882e+00   8.991401e-01   2.507136e-08   3.783070e-03
   162   1.377937e+00   1.360026e+00   9.963202e-01   7.582996e-07   6.947836e-03  -2.552360e-02   1.655159e+00   1.644788e+00   9.991379e-02   2.246468e-09   3.733573e-03   1.663353e+00   1.653271e+00   8.992241e-01   1.961973e-08   3.618343e-03
   163   1.414529e+00   1.396618e+00   9.969539e-01   4.848239e-07   6.401674e-03  -2.254229e-02   1.676147e+00   1.665780e+00   9.992222e-02   1.754046e-09   3.562938e-03   1.683783e+00   1.673688e+00   8.993000e-01   1.535556e-08   3.461363e-03
   164   1.451121e+00   1.433210e+00   9.974768e-01   3.102269e-07   5.899130e-03  -1.989203e-02   1.697124e+00   1.686762e+00   9.992982e-02   1.369955e-09   3.401204e-03   1.704230e+00   1.694127e+00   8.993684e-01   1.202116e-08   3.311979e-03
   165   1.487713e+00   1.469802e+00   9.979087e-01   1.986958e-07   5.436681e-03  -1.754874e-02   1.718082e+00   1.707729e+00   9.993668e-02   1.070398e-09   3.248073e-03   1.724685e+00   1.714578e+00   8.994301e-01   9.414456e-09   3.170068e-03
   166   1.524305e+00   1.506394e+00   9.982654e-01   1.273968e-07   5.011163e-03  -1.545534e-02   1.739013e+00   1.728673e+00   9.994287e-02   8.367924e-10   3.103292e-03   1.745136e+00   1.735031e+00   8.994858e-01   7.377068e-09   3.035531e-03
   167   1.560897e+00   1.542986e+00   9.985600e-01   8.177311e-08   4.619756e-03  -1.357933e-02   1.759908e+00   1.749586e+00   9.994845e-02   6.546279e-10   2.966649e-03   1.765568e+00   1.755472e+00   8.995361e-01   5.784901e-09   2.908299e-03
   168   1.597489e+00   1.579578e+00   9.988025e-01   5.255003e-08   4.259964e-03  -1.189791e-02   1.780753e+00   1.770455e+00   9.995349e-02   5.125783e-10   2.837970e-03   1.785966e+00   1.775886e+00   8.995814e-01   4.540783e-09   2.788335e-03
   169   1.634081e+00   1.616170e+00   9.990040e-01   3.381243e-08   3.929570e-03  -1.038785e-02   1.801533e+00   1.791267e+00   9.995804e-02   4.018047e-10   2.717127e-03   1.806310e+00   1.796257e+00   8.996223e-01   3.568652e-09   2.675632e-03
   170   1.670673e+00   1.652762e+00   9.991713e-01   2.178511e-08   3.626632e-03  -8.994888e-03   1.822231e+00   1.812005e+00   9.996214e-02   3.154113e-10   2.604032e-03   1.826578e+00   1.816562e+00   8.996593e-01   2.809001e-09   2.570220e-03
   171   1.707264e+00   1.689354e+00   9.993107e-01   1.405726e-08   3.349645e-03  -7.636400e-03   1.842824e+00   1.832649e+00   9.996584e-02   2.480190e-10   2.498641e-03   1.846744e+00   1.836778e+00   8.996926e-01   2.215290e-09   2.472163e-03
   172   1.743856e+00   1.725946e+00   9.994265e-01   9.085147e-09   3.097159e-03  -6.313461e-03   1.863286e+00   1.853175e+00   9.996918e-02   1.954334e-10   2.400951e-03   1.866779e+00   1.856877e+00   8.997226e-01   1.751137e-09   2.381561e-03
   173   1.780448e+00   1.762538e+00   9.995226e-01   5.882239e-09   2.868109e-03  -4.994400e-03   1.883588e+00   1.873556e+00   9.997219e-02   1.543841e-10   2.311002e-03   1.886646e+00   1.876826e+00   8.997498e-01   1.388112e-09   2.298552e-03
   174   1.817040e+00   1.799130e+00   9.996030e-01   3.816395e-09   2.661730e-03  -3.576281e-03   1.903696e+00   1.893758e+00   9.997491e-02   1.223222e-10   2.228874e-03   1.906309e+00   1.896589e+00   8.997742e-01   1.104007e-09   2.223306e-03
   175   1.853632e+00   1.835722e+00   9.996705e-01   2.482285e-09   2.477828e-03  -1.912251e-03   1.923570e+00   1.913746e+00   9.997737e-02   9.726118e-11   2.154688e-03   1.925723e+00   1.916125e+00   8.997963e-01   8.814818e-10   2.156027e-03
   176   1.890224e+00   1.872313e+00   9.997273e-01   1.619629e-09   2.317006e-03   2.134715e-04   1.943167e+00   1.933479e+00   9.997958e-02   7.765199e-11   2.088634e-03   1.944842e+00   1.935388e+00   8.998162e-01   7.069971e-10   2.096947e-03
   177   1.926816e+00   1.908905e+00   9.997752e-01   1.060755e-09   2.179852e-03   2.725563e-03   1.962444e+00   1.952912e+00   9.998158e-02   6.227938e-11   2.031231e-03   1.963614e+00   1.954329e+00   8.998342e-01   5.699678e-10   2.046396e-03
   178   1.963408e+00   1.945497e+00   9.998157e-01   6.979471e-10   2.068175e-03   5.902731e-03   1.981372e+00   1.972011e+00   9.998338e-02   5.015308e-11   1.984944e-03   1.981996e+00   1.972902e+00   8.998504e-01   4.619371e-10   2.005625e-03
   179   2.000000e+00   1.982089e+00   9.998500e-01   4.605590e-10   1.991433e-03   8.190164e-03   2.000000e+00   1.990786e+00   9.998500e-02   4.038476e-11   1.959247e-03   2.000000e+00   1.991091e+00   8.998650e-01   3.752672e-10   1.981918e-03
