     i          log_r       log_rmid          m_tot        rho_tot         v2_tot            eta     lgr[heavy]    lgrm[heavy]       m[heavy]     rho[heavy]      v2[heavy]     lgr[light]    lgrm[light]       m[light]     rho[light]      v2[light]
     0  -3.912383e+00  -4.213413e+00   1.016527e-07   1.656370e+05   1.657096e-01            nan  -3.912383e+00  -4.213413e+00   9.998500e-08   1.637588e+05   1.638548e-01  -2.886183e+00  -3.187213e+00   8.998650e-07   1.229835e+03   3.292114e-01
     1  -3.879353e+00  -3.895554e+00   1.275821e-07   1.649570e+05   1.654948e-01            nan  -3.889983e+00  -3.901039e+00   1.166721e-07   1.633213e+05   1.638557e-01  -2.861005e+00  -2.873411e+00   1.050049e-06   1.080480e+03   3.297572e-01
     2  -3.846323e+00  -3.862524e+00   1.601302e-07   1.648611e+05   1.654743e-01            nan  -3.867586e+00  -3.878640e+00   1.361439e-07   1.632739e+05   1.638558e-01  -2.835919e+00  -2.848281e+00   1.225295e-06   1.063788e+03   3.298240e-01
     3  -3.813293e+00  -3.829494e+00   2.009844e-07   1.647536e+05   1.654541e-01            nan  -3.845190e+00  -3.856244e+00   1.588651e-07   1.632213e+05   1.638560e-01  -2.810877e+00  -2.823217e+00   1.429786e-06   1.045764e+03   3.298983e-01
     4  -3.780263e+00  -3.796464e+00   2.522606e-07   1.646323e+05   1.654344e-01            nan  -3.822795e+00  -3.833848e+00   1.853780e-07   1.631632e+05   1.638561e-01  -2.785832e+00  -2.798174e+00   1.668402e-06   1.026339e+03   3.299811e-01
     5  -3.747232e+00  -3.763434e+00   3.166108e-07   1.644956e+05   1.654152e-01            nan  -3.800399e+00  -3.811452e+00   2.163150e-07   1.630987e+05   1.638562e-01  -2.760744e+00  -2.773107e+00   1.946835e-06   1.005450e+03   3.300735e-01
     6  -3.714202e+00  -3.730404e+00   3.973617e-07   1.643396e+05   1.653963e-01            nan  -3.778002e+00  -3.789056e+00   2.524142e-07   1.630274e+05   1.638564e-01  -2.735574e+00  -2.747977e+00   2.271728e-06   9.830412e+02   3.301765e-01
     7  -3.681172e+00  -3.697373e+00   4.986778e-07   1.641634e+05   1.653780e-01            nan  -3.755603e+00  -3.766658e+00   2.945370e-07   1.629483e+05   1.638565e-01  -2.710285e+00  -2.722746e+00   2.650833e-06   9.590705e+02   3.302916e-01
     8  -3.648142e+00  -3.664343e+00   6.257815e-07   1.639604e+05   1.653602e-01            nan  -3.733201e+00  -3.744258e+00   3.436881e-07   1.628608e+05   1.638567e-01  -2.684842e+00  -2.697377e+00   3.093193e-06   9.335089e+02   3.304202e-01
     9  -3.615112e+00  -3.631313e+00   7.852049e-07   1.637310e+05   1.653429e-01            nan  -3.710797e+00  -3.721855e+00   4.010398e-07   1.627638e+05   1.638570e-01  -2.659209e+00  -2.671837e+00   3.609358e-06   9.063452e+02   3.305640e-01
    10  -3.582082e+00  -3.598283e+00   9.851290e-07   1.634645e+05   1.653263e-01            nan  -3.688388e+00  -3.699448e+00   4.679601e-07   1.626565e+05   1.638572e-01  -2.633354e+00  -2.646089e+00   4.211641e-06   8.775893e+02   3.307249e-01
    11  -3.549052e+00  -3.565253e+00   1.235783e-06   1.631630e+05   1.653102e-01            nan  -3.665975e+00  -3.677037e+00   5.460446e-07   1.625376e+05   1.638575e-01  -2.607240e+00  -2.620100e+00   4.914402e-06   8.472748e+02   3.309049e-01
    12  -3.516022e+00  -3.532223e+00   1.549947e-06   1.628113e+05   1.652949e-01            nan  -3.643556e+00  -3.654621e+00   6.371554e-07   1.624059e+05   1.638577e-01  -2.580834e+00  -2.593836e+00   5.734398e-06   8.154624e+02   3.311062e-01
    13  -3.482992e+00  -3.499193e+00   1.943604e-06   1.624122e+05   1.652803e-01            nan  -3.621131e+00  -3.632199e+00   7.434644e-07   1.622602e+05   1.638581e-01  -2.554101e+00  -2.567262e+00   6.691180e-06   7.822423e+02   3.313314e-01
    14  -3.449962e+00  -3.466163e+00   2.436644e-06   1.619474e+05   1.652665e-01            nan  -3.598698e+00  -3.609770e+00   8.675058e-07   1.620988e+05   1.638584e-01  -2.527007e+00  -2.540343e+00   7.807552e-06   7.477356e+02   3.315832e-01
    15  -3.416932e+00  -3.433133e+00   3.053967e-06   1.614175e+05   1.652537e-01            nan  -3.576257e+00  -3.587333e+00   1.012236e-06   1.619201e+05   1.638588e-01  -2.499517e+00  -2.513045e+00   9.110122e-06   7.120950e+02   3.318643e-01
    16  -3.383902e+00  -3.400103e+00   3.826363e-06   1.608027e+05   1.652420e-01            nan  -3.553807e+00  -3.564887e+00   1.181103e-06   1.617223e+05   1.638593e-01  -2.471596e+00  -2.485332e+00   1.062993e-05   6.755106e+02   3.321778e-01
    17  -3.350872e+00  -3.367073e+00   4.792487e-06   1.600985e+05   1.652313e-01            nan  -3.531346e+00  -3.542431e+00   1.378130e-06   1.615034e+05   1.638597e-01  -2.443211e+00  -2.457171e+00   1.240317e-05   6.382375e+02   3.325252e-01
    18  -3.317842e+00  -3.334043e+00   5.999630e-06   1.592858e+05   1.652220e-01            nan  -3.508874e+00  -3.519965e+00   1.608010e-06   1.612611e+05   1.638603e-01  -2.414331e+00  -2.428531e+00   1.447209e-05   6.005274e+02   3.329088e-01
    19  -3.284811e+00  -3.301013e+00   7.507396e-06   1.583512e+05   1.652141e-01            nan  -3.486388e+00  -3.497486e+00   1.876216e-06   1.609930e+05   1.638609e-01  -2.384928e+00  -2.399381e+00   1.688595e-05   5.626520e+02   3.333304e-01
    20  -3.251781e+00  -3.267983e+00   9.388088e-06   1.572804e+05   1.652079e-01            nan  -3.463888e+00  -3.474993e+00   2.189133e-06   1.606964e+05   1.638615e-01  -2.354974e+00  -2.369693e+00   1.970220e-05   5.248955e+02   3.337911e-01
    21  -3.218751e+00  -3.234952e+00   1.173241e-05   1.560440e+05   1.652036e-01            nan  -3.441372e+00  -3.452484e+00   2.554206e-06   1.603682e+05   1.638623e-01  -2.324446e+00  -2.339441e+00   2.298786e-05   4.875650e+02   3.342902e-01
    22  -3.185721e+00  -3.201922e+00   1.465017e-05   1.546409e+05   1.652013e-01            nan  -3.418837e+00  -3.429958e+00   2.980121e-06   1.600052e+05   1.638631e-01  -2.293330e+00  -2.308609e+00   2.682109e-05   4.510210e+02   3.348208e-01
    23  -3.152691e+00  -3.168892e+00   1.827714e-05   1.530145e+05   1.652017e-01            nan  -3.396283e+00  -3.407414e+00   3.477003e-06   1.596038e+05   1.638640e-01  -2.261618e+00  -2.277185e+00   3.129303e-05   4.155403e+02   3.353768e-01
    24  -3.119661e+00  -3.135862e+00   2.277874e-05   1.511825e+05   1.652046e-01            nan  -3.373706e+00  -3.384848e+00   4.056664e-06   1.591600e+05   1.638650e-01  -2.229308e+00  -2.245162e+00   3.650997e-05   3.813709e+02   3.359492e-01
    25  -3.086631e+00  -3.102832e+00   2.835325e-05   1.490702e+05   1.652111e-01            nan  -3.351104e+00  -3.362258e+00   4.732872e-06   1.586695e+05   1.638662e-01  -2.196410e+00  -2.212547e+00   4.259585e-05   3.488002e+02   3.365174e-01
    26  -3.053601e+00  -3.069802e+00   3.524779e-05   1.466916e+05   1.652210e-01            nan  -3.328474e+00  -3.339642e+00   5.521683e-06   1.581274e+05   1.638674e-01  -2.162945e+00  -2.179355e+00   4.969515e-05   3.180425e+02   3.370557e-01
    27  -3.020571e+00  -3.036772e+00   4.374207e-05   1.439959e+05   1.652353e-01            nan  -3.305814e+00  -3.316996e+00   6.441814e-06   1.575286e+05   1.638688e-01  -2.128944e+00  -2.145612e+00   5.797633e-05   2.892165e+02   3.375364e-01
    28  -2.987541e+00  -3.003742e+00   5.419293e-05   1.409492e+05   1.652546e-01            nan  -3.283120e+00  -3.294319e+00   7.515084e-06   1.568674e+05   1.638703e-01  -2.094452e+00  -2.111356e+00   6.763576e-05   2.624740e+02   3.379131e-01
    29  -2.954511e+00  -2.970712e+00   6.700234e-05   1.375708e+05   1.652793e-01            nan  -3.260388e+00  -3.271605e+00   8.766923e-06   1.561374e+05   1.638721e-01  -2.059525e+00  -2.076638e+00   7.890231e-05   2.378618e+02   3.381369e-01
    30  -2.921481e+00  -2.937682e+00   8.264195e-05   1.337421e+05   1.653115e-01            nan  -3.237613e+00  -3.248851e+00   1.022697e-05   1.553319e+05   1.638740e-01  -2.024224e+00  -2.041516e+00   9.204273e-05   2.153561e+02   3.381556e-01
    31  -2.888451e+00  -2.904652e+00   1.016866e-04   1.295348e+05   1.653511e-01            nan  -3.214792e+00  -3.226053e+00   1.192976e-05   1.544435e+05   1.638761e-01  -1.988627e+00  -2.006061e+00   1.073678e-04   1.949649e+02   3.378992e-01
    32  -2.855421e+00  -2.871622e+00   1.247308e-04   1.249166e+05   1.653992e-01   5.040110e-01  -3.191919e+00  -3.203205e+00   1.391553e-05   1.534643e+05   1.638785e-01  -1.952809e+00  -1.970349e+00   1.252398e-04   1.765651e+02   3.373126e-01
    33  -2.822390e+00  -2.838592e+00   1.525033e-04   1.198087e+05   1.654488e-01   5.041256e-01  -3.168989e+00  -3.180303e+00   1.623115e-05   1.523854e+05   1.638812e-01  -1.916854e+00  -1.934460e+00   1.460803e-04   1.600687e+02   3.363356e-01
    34  -2.789360e+00  -2.805562e+00   1.858263e-04   1.143124e+05   1.655062e-01   5.042551e-01  -3.145994e+00  -3.157339e+00   1.893121e-05   1.511975e+05   1.638841e-01  -1.880838e+00  -1.898472e+00   1.703808e-04   1.453180e+02   3.349262e-01
    35  -2.756330e+00  -2.772531e+00   2.255036e-04   1.084462e+05   1.655726e-01   5.044017e-01  -3.122928e+00  -3.134308e+00   2.207926e-05   1.498906e+05   1.638875e-01  -1.844834e+00  -1.862463e+00   1.987134e-04   1.321650e+02   3.330579e-01
    36  -2.723300e+00  -2.739501e+00   2.724090e-04   1.021223e+05   1.656511e-01   5.045697e-01  -3.099782e+00  -3.111201e+00   2.574932e-05   1.484539e+05   1.638912e-01  -1.808907e+00  -1.826499e+00   2.317439e-04   1.204412e+02   3.307287e-01
    37  -2.690270e+00  -2.706471e+00   3.275683e-04   9.550720e+04   1.657422e-01   5.047573e-01  -3.076548e+00  -3.088010e+00   3.002750e-05   1.468758e+05   1.638953e-01  -1.773108e+00  -1.790639e+00   2.702475e-04   1.099846e+02   3.279596e-01
    38  -2.657240e+00  -2.673441e+00   3.919493e-04   8.866294e+04   1.658480e-01   5.049655e-01  -3.053216e+00  -3.064725e+00   3.501400e-05   1.451441e+05   1.639000e-01  -1.737475e+00  -1.754926e+00   3.151260e-04   1.006347e+02   3.248002e-01
    39  -2.624210e+00  -2.640411e+00   4.664900e-04   8.166276e+04   1.659698e-01   5.052031e-01  -3.029774e+00  -3.041337e+00   4.082538e-05   1.432460e+05   1.639052e-01  -1.702032e+00  -1.719392e+00   3.674284e-04   9.224590e+01   3.213133e-01
    40  -2.591180e+00  -2.607381e+00   5.518951e-04   7.459039e+04   1.661113e-01   5.054655e-01  -3.006210e+00  -3.017832e+00   4.759714e-05   1.411680e+05   1.639110e-01  -1.666787e+00  -1.684052e+00   4.283742e-04   8.468257e+01   3.175847e-01
    41  -2.558150e+00  -2.574351e+00   6.488925e-04   6.748949e+04   1.662784e-01   5.057450e-01  -2.982510e+00  -2.994199e+00   5.548679e-05   1.388961e+05   1.639176e-01  -1.631739e+00  -1.648910e+00   4.993811e-04   7.783083e+01   3.136913e-01
    42  -2.525120e+00  -2.541321e+00   7.582405e-04   6.052932e+04   1.664722e-01   5.060439e-01  -2.958658e+00  -2.970421e+00   6.467734e-05   1.364159e+05   1.639250e-01  -1.596874e+00  -1.613957e+00   5.820960e-04   7.158791e+01   3.097234e-01
    43  -2.492090e+00  -2.508291e+00   8.804168e-04   5.380628e+04   1.666958e-01   5.063695e-01  -2.934637e+00  -2.946482e+00   7.538125e-05   1.337129e+05   1.639334e-01  -1.562170e+00  -1.579175e+00   6.784313e-04   6.587571e+01   3.057361e-01
    44  -2.459060e+00  -2.475261e+00   1.015752e-03   4.741015e+04   1.669542e-01   5.067086e-01  -2.910426e+00  -2.922363e+00   8.784517e-05   1.307726e+05   1.639428e-01  -1.527602e+00  -1.544543e+00   7.906065e-04   6.062301e+01   3.017971e-01
    45  -2.426030e+00  -2.442231e+00   1.164451e-03   4.141791e+04   1.672524e-01   5.070491e-01  -2.886003e+00  -2.898043e+00   1.023551e-04   1.275807e+05   1.639535e-01  -1.493145e+00  -1.510032e+00   9.211963e-04   5.578329e+01   2.979123e-01
    46  -2.393000e+00  -2.409201e+00   1.326355e-03   3.588944e+04   1.675951e-01   5.073812e-01  -2.861343e+00  -2.873498e+00   1.192428e-04   1.241239e+05   1.639656e-01  -1.458769e+00  -1.475617e+00   1.073185e-03   5.130875e+01   2.941186e-01
    47  -2.359969e+00  -2.376171e+00   1.500064e-03   3.082983e+04   1.679940e-01   5.076751e-01  -2.836418e+00  -2.848702e+00   1.388921e-04   1.203898e+05   1.639794e-01  -1.424454e+00  -1.441273e+00   1.250029e-03   4.717515e+01   2.903664e-01
    48  -2.326939e+00  -2.343141e+00   1.686266e-03   2.628507e+04   1.684532e-01   5.079138e-01  -2.811194e+00  -2.823623e+00   1.617478e-04   1.163678e+05   1.639952e-01  -1.390178e+00  -1.406978e+00   1.455730e-03   4.334765e+01   2.866761e-01
    49  -2.293909e+00  -2.310110e+00   1.885067e-03   2.226928e+04   1.689757e-01   5.080721e-01  -2.785635e+00  -2.798226e+00   1.883238e-04   1.120499e+05   1.640132e-01  -1.355928e+00  -1.372715e+00   1.694914e-03   3.981044e+01   2.829795e-01
    50  -2.260879e+00  -2.277080e+00   2.096894e-03   1.876692e+04   1.695640e-01   5.081281e-01  -2.759699e+00  -2.772473e+00   2.192140e-04   1.074311e+05   1.640340e-01  -1.321690e+00  -1.338472e+00   1.972926e-03   3.653966e+01   2.792673e-01
    51  -2.227849e+00  -2.244050e+00   2.318375e-03   1.574133e+04   1.702218e-01   5.080534e-01  -2.733339e+00  -2.746319e+00   2.551039e-04   1.025106e+05   1.640578e-01  -1.287458e+00  -1.304237e+00   2.295935e-03   3.351795e+01   2.755016e-01
    52  -2.194819e+00  -2.211020e+00   2.549423e-03   1.312759e+04   1.709825e-01   5.077053e-01  -2.706501e+00  -2.719713e+00   2.967831e-04   9.729263e+04   1.640855e-01  -1.253225e+00  -1.270005e+00   2.671048e-03   3.072668e+01   2.716619e-01
    53  -2.161789e+00  -2.177990e+00   2.794316e-03   1.092250e+04   1.718163e-01   5.071317e-01  -2.679121e+00  -2.692595e+00   3.451610e-04   9.178778e+04   1.641177e-01  -1.218984e+00  -1.235767e+00   3.106449e-03   2.814623e+01   2.677586e-01
    54  -2.128759e+00  -2.144960e+00   3.046566e-03   9.067249e+03   1.727292e-01   5.062783e-01  -2.651128e+00  -2.664899e+00   4.012824e-04   8.601391e+04   1.641553e-01  -1.184727e+00  -1.201518e+00   3.611542e-03   2.576077e+01   2.637764e-01
    55  -2.095729e+00  -2.111930e+00   3.309689e-03   7.509606e+03   1.737472e-01   5.049768e-01  -2.622441e+00  -2.636548e+00   4.663463e-04   7.999746e+04   1.641995e-01  -1.150443e+00  -1.167247e+00   4.197117e-03   2.355193e+01   2.597525e-01
    56  -2.062699e+00  -2.078900e+00   3.586293e-03   6.218407e+03   1.748277e-01   5.032999e-01  -2.592963e+00  -2.607452e+00   5.417261e-04   7.377449e+04   1.642518e-01  -1.116122e+00  -1.132944e+00   4.875535e-03   2.150534e+01   2.556980e-01
    57  -2.029669e+00  -2.045870e+00   3.868707e-03   5.147313e+03   1.759933e-01   5.010921e-01  -2.562586e+00  -2.577509e+00   6.289911e-04   6.739165e+04   1.643141e-01  -1.081749e+00  -1.098595e+00   5.660920e-03   1.960792e+01   2.516258e-01
    58  -1.996639e+00  -2.012840e+00   4.169696e-03   4.264544e+03   1.772064e-01   4.983947e-01  -2.531182e+00  -2.546600e+00   7.299314e-04   6.090673e+04   1.643888e-01  -1.047306e+00  -1.064186e+00   6.569382e-03   1.784643e+01   2.475833e-01
    59  -1.963609e+00  -1.979810e+00   4.475027e-03   3.537716e+03   1.784632e-01   4.951331e-01  -2.498604e+00  -2.514588e+00   8.465830e-04   5.438881e+04   1.644792e-01  -1.012777e+00  -1.029698e+00   7.619247e-03   1.621189e+01   2.435697e-01
    60  -1.930579e+00  -1.946780e+00   4.802343e-03   2.940744e+03   1.797222e-01   4.913769e-01  -2.464680e+00  -2.481311e+00   9.812558e-04   4.791764e+04   1.645893e-01  -9.781462e-01  -9.951166e-01   8.831303e-03   1.469576e+01   2.395962e-01
    61  -1.897548e+00  -1.913750e+00   5.136715e-03   2.450549e+03   1.809672e-01   4.870994e-01  -2.429214e+00  -2.446585e+00   1.136562e-03   4.158215e+04   1.647247e-01  -9.433968e-01  -9.604241e-01   1.022906e-02   1.329044e+01   2.356805e-01
    62  -1.864518e+00  -1.880720e+00   5.494994e-03   2.047839e+03   1.821494e-01   4.824322e-01  -2.391976e+00  -2.410196e+00   1.315444e-03   3.547772e+04   1.648927e-01  -9.085169e-01  -9.256068e-01   1.183900e-02   1.199058e+01   2.318035e-01
    63  -1.831488e+00  -1.847689e+00   5.866600e-03   1.717479e+03   1.832238e-01   4.774847e-01  -2.352706e+00  -2.371897e+00   1.521208e-03   2.970216e+04   1.651029e-01  -8.734977e-01  -8.906544e-01   1.369088e-02   1.079081e+01   2.279527e-01
    64  -1.798458e+00  -1.814659e+00   6.263728e-03   1.444533e+03   1.841915e-01   4.722586e-01  -2.311111e+00  -2.331411e+00   1.757548e-03   2.435034e+04   1.653680e-01  -8.383331e-01  -8.555596e-01   1.581793e-02   9.685820e+00   2.241307e-01
    65  -1.765428e+00  -1.781629e+00   6.682535e-03   1.220706e+03   1.849121e-01   4.672869e-01  -2.266865e+00  -2.288425e+00   2.028572e-03   1.950756e+04   1.657045e-01  -8.030215e-01  -8.203185e-01   1.825715e-02   8.671090e+00   2.203129e-01
    66  -1.732398e+00  -1.748599e+00   7.129864e-03   1.033890e+03   1.855352e-01   4.620691e-01  -2.219629e+00  -2.242605e+00   2.338830e-03   1.524204e+04   1.661328e-01  -7.675649e-01  -7.849314e-01   2.104947e-02   7.741874e+00   2.164792e-01
    67  -1.699368e+00  -1.715569e+00   7.607858e-03   8.803871e+02   1.857630e-01   4.578546e-01  -2.169063e+00  -2.193611e+00   2.693323e-03   1.159769e+04   1.666767e-01  -7.319669e-01  -7.494013e-01   2.423991e-02   6.893085e+00   2.126358e-01
    68  -1.666338e+00  -1.682539e+00   8.120024e-03   7.508144e+02   1.859442e-01   4.534012e-01  -2.114880e+00  -2.141127e+00   3.097518e-03   8.588064e+03   1.673592e-01  -6.962338e-01  -7.137330e-01   2.787766e-02   6.119929e+00   2.087737e-01
    69  -1.633308e+00  -1.649509e+00   8.671896e-03   6.435367e+02   1.856585e-01   4.505698e-01  -2.056907e+00  -2.084927e+00   3.557342e-03   6.193395e+03   1.681928e-01  -6.603740e-01  -6.779339e-01   3.201608e-02   5.417673e+00   2.048825e-01
    70  -1.600278e+00  -1.616479e+00   9.266294e-03   5.521638e+02   1.853770e-01   4.476021e-01  -1.995179e+00  -2.024947e+00   4.079169e-03   4.361866e+03   1.691583e-01  -6.243979e-01  -6.420135e-01   3.671252e-02   4.781667e+00   2.009539e-01
    71  -1.567248e+00  -1.583449e+00   9.909769e-03   4.754446e+02   1.847031e-01   4.463903e-01  -1.930043e+00  -1.961391e+00   4.669785e-03   3.016108e+03   1.701701e-01  -5.883167e-01  -6.059827e-01   4.202806e-02   4.207265e+00   1.969989e-01
    72  -1.534218e+00  -1.550419e+00   1.060580e-02   4.097260e+02   1.840633e-01   4.452350e-01  -1.862225e+00  -1.894811e+00   5.336336e-03   2.063986e+03   1.710358e-01  -5.521439e-01  -5.698538e-01   4.802703e-02   3.690119e+00   1.930095e-01
    73  -1.501188e+00  -1.517389e+00   1.136118e-02   3.536334e+02   1.832241e-01   4.453275e-01  -1.792798e+00  -1.826125e+00   6.086254e-03   1.411394e+03   1.714417e-01  -5.158950e-01  -5.336414e-01   5.477629e-02   3.226034e+00   1.889778e-01
    74  -1.468158e+00  -1.484359e+00   1.217985e-02   3.054083e+02   1.824413e-01   4.455442e-01  -1.723022e+00  -1.756510e+00   6.927149e-03   9.735531e+02   1.710152e-01  -4.795874e-01  -4.973619e-01   6.234434e-02   2.810977e+00   1.848955e-01
    75  -1.435127e+00  -1.451329e+00   1.306894e-02   2.637335e+02   1.816654e-01   4.461818e-01  -1.654082e+00  -1.687186e+00   7.866679e-03   6.820010e+02   1.694817e-01  -4.432406e-01  -4.610339e-01   7.080011e-02   2.441029e+00   1.807689e-01
    76  -1.402097e+00  -1.418298e+00   1.403285e-02   2.277941e+02   1.809799e-01   4.467623e-01  -1.586839e+00  -1.619161e+00   8.912390e-03   4.864459e+02   1.668260e-01  -4.068759e-01  -4.246778e-01   8.021151e-02   2.112480e+00   1.765920e-01
    77  -1.369067e+00  -1.385268e+00   1.507840e-02   1.966011e+02   1.804227e-01   4.470893e-01  -1.521725e+00  -1.553063e+00   1.007152e-02   3.527222e+02   1.633232e-01  -3.705173e-01  -3.883163e-01   9.064369e-02   1.821803e+00   1.723574e-01
    78  -1.336037e+00  -1.352238e+00   1.621218e-02   1.696310e+02   1.799922e-01   4.469954e-01  -1.458788e+00  -1.489117e+00   1.135078e-02   2.589337e+02   1.594113e-01  -3.341914e-01  -3.519747e-01   1.021570e-01   1.565647e+00   1.680575e-01
    79  -1.303007e+00  -1.319208e+00   1.743899e-02   1.462951e+02   1.796929e-01   4.463576e-01  -1.397827e+00  -1.427238e+00   1.275612e-02   1.915266e+02   1.555119e-01  -2.979269e-01  -3.156808e-01   1.148050e-01   1.340811e+00   1.636933e-01
    80  -1.269977e+00  -1.286178e+00   1.876885e-02   1.260864e+02   1.795266e-01   4.450625e-01  -1.338540e+00  -1.367173e+00   1.429243e-02   1.421768e+02   1.519065e-01  -2.617546e-01  -2.794643e-01   1.286319e-01   1.144258e+00   1.592655e-01
    81  -1.236947e+00  -1.253148e+00   2.020811e-02   1.087130e+02   1.794186e-01   4.432916e-01  -1.280639e+00  -1.308626e+00   1.596333e-02   1.056642e+02   1.486928e-01  -2.257077e-01  -2.433573e-01   1.436700e-01   9.731543e-01   1.547697e-01
    82  -1.203917e+00  -1.220118e+00   2.176556e-02   9.365766e+01   1.793978e-01   4.410318e-01  -1.223914e+00  -1.251351e+00   1.777087e-02   7.855089e+01   1.458072e-01  -1.898217e-01  -2.073941e-01   1.599378e-01   8.248415e-01   1.502027e-01
    83  -1.170887e+00  -1.187088e+00   2.345603e-02   8.075132e+01   1.793673e-01   4.385267e-01  -1.168253e+00  -1.195192e+00   1.971527e-02   5.842467e+01   1.430942e-01  -1.541335e-01  -1.716111e-01   1.774374e-01   6.968229e-01   1.455704e-01
    84  -1.137857e+00  -1.154058e+00   2.528058e-02   6.962314e+01   1.793297e-01   4.359783e-01  -1.113617e+00  -1.140076e+00   2.179475e-02   4.350036e+01   1.403941e-01  -1.186812e-01  -1.360457e-01   1.961527e-01   5.867796e-01   1.408795e-01
    85  -1.104827e+00  -1.121028e+00   2.726347e-02   6.005242e+01   1.792468e-01   4.335457e-01  -1.059997e+00  -1.085980e+00   2.400535e-02   3.242678e+01   1.376120e-01  -8.350399e-02  -1.007365e-01   2.160481e-01   4.925886e-01   1.361325e-01
    86  -1.071797e+00  -1.087998e+00   2.941005e-02   5.183172e+01   1.791158e-01   4.312002e-01  -1.007369e+00  -1.032886e+00   2.634082e-02   2.418798e+01   1.347401e-01  -4.864150e-02  -6.572302e-02   2.370673e-01   4.122985e-01   1.313369e-01
    87  -1.038767e+00  -1.054968e+00   3.173618e-02   4.471812e+01   1.789384e-01   4.293889e-01  -9.556764e-01  -9.807538e-01   2.879262e-02   1.803465e+01   1.318316e-01  -1.413204e-02  -3.104409e-02   2.591336e-01   3.441173e-01   1.265109e-01
    88  -1.005737e+00  -1.021938e+00   3.426632e-02   3.860038e+01   1.787200e-01   4.277210e-01  -9.048299e-01  -9.295094e-01   3.134998e-02   1.342286e+01   1.289654e-01   1.998638e-02   3.262130e-03   2.821498e-01   2.864470e-01   1.216633e-01
    89  -9.727065e-01  -9.889076e-01   3.699743e-02   3.331576e+01   1.784694e-01   4.263650e-01  -8.547161e-01  -8.790505e-01   3.400006e-02   9.959514e+00   1.262126e-01   5.367741e-02   3.715851e-02   3.060005e-01   2.378459e-01   1.168093e-01
    90  -9.396764e-01  -9.558775e-01   3.996379e-02   2.873884e+01   1.782225e-01   4.252030e-01  -8.052169e-01  -8.292617e-01   3.672816e-02   7.359253e+00   1.236192e-01   8.690776e-02   7.061034e-02   3.305535e-01   1.970254e-01   1.119700e-01
    91  -9.066463e-01  -9.228474e-01   4.318609e-02   2.479545e+01   1.779458e-01   4.240601e-01  -7.562236e-01  -7.800297e-01   3.951809e-02   5.411649e+00   1.211938e-01   1.196461e-01   1.035853e-01   3.556628e-01   1.628574e-01   1.071581e-01
    92  -8.736162e-01  -8.898173e-01   4.665940e-02   2.137739e+01   1.776794e-01   4.228274e-01  -7.076488e-01  -7.312574e-01   4.235249e-02   3.959201e+00   1.189142e-01   1.518656e-01   1.360546e-01   3.811724e-01   1.343397e-01   1.023984e-01
    93  -8.405862e-01  -8.567873e-01   5.042971e-02   1.842171e+01   1.774104e-01   4.213659e-01  -6.594273e-01  -6.828691e-01   4.521329e-02   2.881637e+00   1.167387e-01   1.835427e-01   1.679929e-01   4.069196e-01   1.106091e-01   9.770556e-02
    94  -8.075561e-01  -8.237572e-01   5.451844e-02   1.587585e+01   1.770864e-01   4.196330e-01  -6.115073e-01  -6.348067e-01   4.808216e-02   2.086409e+00   1.146267e-01   2.146583e-01   1.993791e-01   4.327394e-01   9.091235e-02   9.310010e-02
    95  -7.745260e-01  -7.907271e-01   5.892135e-02   1.367240e+01   1.767401e-01   4.174244e-01  -5.638424e-01  -5.870212e-01   5.094094e-02   1.502557e+00   1.125534e-01   2.451973e-01   2.301962e-01   4.584685e-01   7.460430e-02   8.859802e-02
    96  -7.414960e-01  -7.576971e-01   6.369810e-02   1.177265e+01   1.763244e-01   4.148233e-01  -5.163767e-01  -5.394614e-01   5.377208e-02   1.075848e+00   1.105088e-01   2.751493e-01   2.604315e-01   4.839488e-01   6.113197e-02   8.421508e-02
    97  -7.084659e-01  -7.246670e-01   6.887791e-02   1.013879e+01   1.757942e-01   4.118767e-01  -4.690372e-01  -4.920623e-01   5.655903e-02   7.653792e-01   1.084938e-01   3.045081e-01   2.900767e-01   5.090312e-01   5.002496e-02   7.996523e-02
    98  -6.754358e-01  -6.916369e-01   7.445062e-02   8.728799e+00   1.751592e-01   4.085382e-01  -4.217361e-01  -4.447430e-01   5.928652e-02   5.406387e-01   1.065151e-01   3.332714e-01   3.191278e-01   5.335787e-01   4.088546e-02   7.585934e-02
    99  -6.424057e-01  -6.586068e-01   8.049358e-02   7.513807e+00   1.743826e-01   4.048906e-01  -3.743639e-01  -3.974044e-01   6.194091e-02   3.788254e-01   1.045795e-01   3.614412e-01   3.475846e-01   5.574682e-01   3.337750e-02   7.190748e-02
   100  -6.093757e-01  -6.255768e-01   8.704516e-02   6.468723e+00   1.734338e-01   4.009630e-01  -3.267868e-01  -3.499242e-01   6.451030e-02   2.630209e-01   1.026951e-01   3.890228e-01   3.754509e-01   5.805927e-01   2.721981e-02   6.811565e-02
   101  -5.763456e-01  -5.925467e-01   9.410045e-02   5.567669e+00   1.723198e-01   3.967781e-01  -2.788510e-01  -3.021579e-01   6.698469e-02   1.807448e-01   1.008722e-01   4.160251e-01   4.027338e-01   6.028622e-01   2.217639e-02   6.448968e-02
   102  -5.433155e-01  -5.595166e-01   1.017365e-01   4.789815e+00   1.710378e-01   3.923319e-01  -2.303805e-01  -2.539399e-01   6.935597e-02   1.227754e-01   9.912049e-02   4.424597e-01   4.294435e-01   6.242038e-01   1.805129e-02   6.103104e-02
   103  -5.102855e-01  -5.264866e-01   1.100054e-01   4.119697e+00   1.695585e-01   3.875546e-01  -1.811717e-01  -2.050795e-01   7.161799e-02   8.231441e-02   9.745342e-02   4.683411e-01   4.555932e-01   6.445619e-01   1.468097e-02   5.774179e-02
   104  -4.772554e-01  -4.934565e-01   1.189202e-01   3.541739e+00   1.678812e-01   3.824081e-01  -1.310050e-01  -1.553644e-01   7.376638e-02   5.439715e-02   9.588591e-02   4.936856e-01   4.811982e-01   6.638974e-01   1.193057e-02   5.461958e-02
   105  -4.442253e-01  -4.604264e-01   1.285303e-01   3.041799e+00   1.660332e-01   3.768617e-01  -7.965206e-02  -1.045699e-01   7.579851e-02   3.539004e-02   9.442840e-02   5.185121e-01   5.062763e-01   6.821866e-01   9.687997e-03   5.166352e-02
   106  -4.111952e-01  -4.273963e-01   1.388983e-01   2.610013e+00   1.639731e-01   3.707893e-01  -2.688940e-02  -5.246995e-02   7.771330e-02   2.264592e-02   9.308913e-02   5.428404e-01   5.308466e-01   6.994197e-01   7.861353e-03   4.886861e-02
   107  -3.781652e-01  -3.943663e-01   1.500658e-01   2.237317e+00   1.617080e-01   3.641541e-01   2.743947e-02   1.124031e-03   7.951106e-02   1.425989e-02   9.183914e-02   5.666921e-01   5.549300e-01   7.155996e-01   6.374564e-03   4.623141e-02
   108  -3.451351e-01  -3.613362e-01   1.620495e-01   1.915094e+00   1.592581e-01   3.568359e-01   8.337127e-02   5.630516e-02   8.119333e-02   8.853306e-03   9.061080e-02   5.900896e-01   5.785484e-01   7.307399e-01   5.165425e-03   4.374573e-02
   109  -3.121050e-01  -3.283061e-01   1.749420e-01   1.637052e+00   1.566120e-01   3.487634e-01   1.407079e-01   1.129851e-01   8.276263e-02   5.446335e-03   8.924088e-02   6.130562e-01   6.017247e-01   7.448636e-01   4.182755e-03   4.140596e-02
   110  -2.790750e-01  -2.952761e-01   1.887878e-01   1.397293e+00   1.537703e-01   3.398921e-01   1.988954e-01   1.707755e-01   8.422234e-02   3.348869e-03   8.744571e-02   6.356157e-01   6.244824e-01   7.580011e-01   3.384690e-03   3.920565e-02
   111  -2.460449e-01  -2.622460e-01   2.035624e-01   1.190438e+00   1.507463e-01   3.300626e-01   2.570170e-01   2.289278e-01   8.557652e-02   2.081329e-03   8.488307e-02   6.577921e-01   6.468454e-01   7.701887e-01   2.737003e-03   3.713774e-02
   112  -2.130148e-01  -2.292159e-01   2.193715e-01   1.012182e+00   1.475394e-01   3.191292e-01   3.139508e-01   2.864162e-01   8.682971e-02   1.321855e-03   8.130698e-02   6.796098e-01   6.688379e-01   7.814674e-01   2.211670e-03   3.519589e-02
   113  -1.799847e-01  -1.961858e-01   2.362495e-01   8.588319e-01   1.441468e-01   3.070774e-01   3.686768e-01   3.421752e-01   8.798682e-02   8.638574e-04   7.674553e-02   7.010930e-01   6.904842e-01   7.918814e-01   1.785874e-03   3.337278e-02
   114  -1.469547e-01  -1.631558e-01   2.541536e-01   7.269680e-01   1.405837e-01   2.937126e-01   4.205295e-01   3.953766e-01   8.905301e-02   5.817242e-04   7.150517e-02   7.222658e-01   7.118084e-01   8.014771e-01   1.440973e-03   3.166171e-02
   115  -1.139246e-01  -1.301257e-01   2.731681e-01   6.137505e-01   1.368571e-01   2.788800e-01   4.692493e-01   4.455722e-01   9.003354e-02   4.025559e-04   6.599703e-02   7.431521e-01   7.328345e-01   8.103019e-01   1.161784e-03   3.005595e-02
   116  -8.089452e-02  -9.709563e-02   2.933034e-01   5.167530e-01   1.329670e-01   2.626477e-01   5.148816e-01   4.926645e-01   9.093373e-02   2.850046e-04   6.056810e-02   7.637750e-01   7.535860e-01   8.184036e-01   9.359472e-04   2.854873e-02
   117  -4.786445e-02  -6.406555e-02   3.144893e-01   4.337635e-01   1.289273e-01   2.447097e-01   5.576391e-01   5.367863e-01   9.175884e-02   2.055527e-04   5.543769e-02   7.841575e-01   7.740859e-01   8.258295e-01   7.533927e-04   2.713383e-02
   118  -1.483438e-02  -3.103548e-02   3.367733e-01   3.629228e-01   1.247505e-01   2.251819e-01   5.978014e-01   5.781843e-01   9.251402e-02   1.504755e-04   5.070937e-02   8.043218e-01   7.943567e-01   8.326262e-01   6.059359e-04   2.580509e-02
   119   1.819569e-02   1.994590e-03   3.600948e-01   3.025480e-01   1.204347e-01   2.040510e-01   6.356599e-01   6.171431e-01   9.320429e-02   1.114827e-04   4.641475e-02   8.242893e-01   8.144203e-01   8.388386e-01   4.869226e-04   2.455651e-02
   120   5.122576e-02   3.502466e-02   3.844211e-01   2.512862e-01   1.160071e-01   1.813033e-01   6.714917e-01   6.539453e-01   9.383445e-02   8.339362e-05   4.254610e-02   8.440805e-01   8.342976e-01   8.445100e-01   3.909418e-04   2.338262e-02
   121   8.425583e-02   6.805473e-02   4.097410e-01   2.078851e-01   1.114851e-01   1.572887e-01   7.055410e-01   6.888500e-01   9.440910e-02   6.288320e-05   3.907311e-02   8.637155e-01   8.540090e-01   8.496819e-01   3.136008e-04   2.227813e-02
   122   1.172859e-01   1.010848e-01   4.359085e-01   1.712578e-01   1.068821e-01   1.320774e-01   7.380246e-01   7.220864e-01   9.493262e-02   4.772951e-05   3.595928e-02   8.832131e-01   8.735737e-01   8.543935e-01   2.513342e-04   2.123800e-02
   123   1.503160e-01   1.341149e-01   4.629065e-01   1.404526e-01   1.022191e-01   1.065255e-01   7.691313e-01   7.538564e-01   9.540910e-02   3.642562e-05   3.316725e-02   9.025912e-01   8.930102e-01   8.586819e-01   2.012483e-04   2.025754e-02
   124   1.833461e-01   1.671449e-01   4.905843e-01   1.146341e-01   9.751800e-02   8.000415e-02   7.990245e-01   7.843351e-01   9.584241e-02   2.792627e-05   3.065988e-02   9.218668e-01   9.123359e-01   8.625817e-01   1.609967e-04   1.933248e-02
   125   2.163761e-01   2.001750e-01   5.187750e-01   9.308245e-02   9.278749e-02   5.512113e-02   8.278468e-01   8.136747e-01   9.623618e-02   2.149162e-05   2.840490e-02   9.410559e-01   9.315673e-01   8.661256e-01   1.286787e-04   1.845868e-02
   126   2.494062e-01   2.332051e-01   5.473643e-01   7.515240e-02   8.805703e-02   2.956680e-02   8.557221e-01   8.420080e-01   9.659376e-02   1.659243e-05   2.637211e-02   9.601735e-01   9.507199e-01   8.693438e-01   1.027552e-04   1.763237e-02
   127   2.824363e-01   2.662352e-01   5.761903e-01   6.032898e-02   8.334457e-02   7.137535e-03   8.827589e-01   8.694509e-01   9.691827e-02   1.284427e-05   2.453554e-02   9.792336e-01   9.698081e-01   8.722644e-01   8.198058e-05   1.685007e-02
   128   3.154663e-01   2.992652e-01   6.051088e-01   4.813100e-02   7.868268e-02  -1.443203e-02   9.090532e-01   8.961050e-01   9.721261e-02   9.964588e-06   2.287232e-02   9.982492e-01   9.888454e-01   8.749135e-01   6.534798e-05   1.610861e-02
   129   3.484964e-01   3.322953e-01   6.339187e-01   3.815321e-02   7.409063e-02  -3.361507e-02   9.346885e-01   9.220600e-01   9.747945e-02   7.744886e-06   2.136192e-02   1.017232e+00   1.007844e+00   8.773151e-01   5.204431e-05   1.540503e-02
   130   3.815265e-01   3.653254e-01   6.624643e-01   3.004080e-02   6.958960e-02  -4.964896e-02   9.597393e-01   9.473945e-01   9.772124e-02   6.028710e-06   1.998705e-02   1.036194e+00   1.026817e+00   8.794912e-01   4.141337e-05   1.473663e-02
   131   4.145566e-01   3.983555e-01   6.905589e-01   2.348694e-02   6.520629e-02  -6.472583e-02   9.842718e-01   9.721787e-01   9.794025e-02   4.698550e-06   1.873223e-02   1.055145e+00   1.045773e+00   8.814623e-01   3.292613e-05   1.410095e-02
   132   4.475866e-01   4.313855e-01   7.177811e-01   1.822306e-02   6.094539e-02  -7.573941e-02   1.008344e+00   9.964749e-01   9.813854e-02   3.665586e-06   1.758383e-02   1.074094e+00   1.064723e+00   8.832469e-01   2.615658e-05   1.349577e-02
   133   4.806167e-01   4.644156e-01   7.441126e-01   1.401883e-02   5.682448e-02  -8.543188e-02   1.032010e+00   1.020338e+00   9.831802e-02   2.862008e-06   1.653025e-02   1.093050e+00   1.083675e+00   8.848622e-01   2.076198e-05   1.291903e-02
   134   5.136468e-01   4.974457e-01   7.694723e-01   1.070008e-02   5.287350e-02  -9.365460e-02   1.055314e+00   1.043818e+00   9.848042e-02   2.235992e-06   1.556119e-02   1.112020e+00   1.102638e+00   8.863237e-01   1.646691e-05   1.236890e-02
   135   5.466768e-01   5.304757e-01   7.935438e-01   8.101571e-03   4.910198e-02  -9.950557e-02   1.078299e+00   1.066958e+00   9.862732e-02   1.747754e-06   1.466755e-02   1.131012e+00   1.121620e+00   8.876458e-01   1.305026e-05   1.184368e-02
   136   5.797069e-01   5.635058e-01   8.161552e-01   6.073936e-03   4.550733e-02  -1.039661e-01   1.101002e+00   1.089799e+00   9.876016e-02   1.366636e-06   1.384143e-02   1.150031e+00   1.140626e+00   8.888415e-01   1.033470e-05   1.134185e-02
   137   6.127370e-01   5.965359e-01   8.374512e-01   4.515755e-03   4.211312e-02  -1.072601e-01   1.123457e+00   1.112375e+00   9.888027e-02   1.068912e-06   1.307596e-02   1.169085e+00   1.159663e+00   8.899225e-01   8.178175e-06   1.086201e-02
   138   6.457671e-01   6.295660e-01   8.569375e-01   3.326228e-03   3.891850e-02  -1.094550e-01   1.145693e+00   1.134717e+00   9.898885e-02   8.361974e-07   1.236505e-02   1.188177e+00   1.178736e+00   8.908996e-01   6.466995e-06   1.040290e-02
   139   6.787971e-01   6.625960e-01   8.750018e-01   2.427333e-03   3.592615e-02  -1.105912e-01   1.167737e+00   1.156855e+00   9.908698e-02   6.542183e-07   1.170335e-02   1.207312e+00   1.197849e+00   8.917828e-01   5.110275e-06   9.963373e-03
   140   7.118272e-01   6.956261e-01   8.912420e-01   1.755263e-03   3.313701e-02  -1.106933e-01   1.189613e+00   1.178813e+00   9.917565e-02   5.118674e-07   1.108616e-02   1.226494e+00   1.217008e+00   8.925808e-01   4.035428e-06   9.542379e-03
   141   7.448573e-01   7.286562e-01   9.060058e-01   1.257719e-03   3.054768e-02  -1.098394e-01   1.211343e+00   1.200614e+00   9.925576e-02   4.004908e-07   1.050932e-02   1.245726e+00   1.236216e+00   8.933019e-01   3.184538e-06   9.138955e-03
   142   7.778873e-01   7.616862e-01   9.190738e-01   8.930704e-04   2.815335e-02  -1.080879e-01   1.232946e+00   1.222278e+00   9.932813e-02   3.133356e-07   9.969210e-03   1.265012e+00   1.255476e+00   8.939532e-01   2.511439e-06   8.752222e-03
   143   8.109174e-01   7.947163e-01   9.306778e-01   6.290203e-04   2.594646e-02  -1.054914e-01   1.254438e+00   1.243825e+00   9.939350e-02   2.451285e-07   9.462603e-03   1.284355e+00   1.274791e+00   8.945415e-01   1.979366e-06   8.381374e-03
   144   8.439475e-01   8.277464e-01   9.409143e-01   4.391786e-04   2.391868e-02  -1.021038e-01   1.275837e+00   1.265269e+00   9.945254e-02   1.917486e-07   8.986649e-03   1.303755e+00   1.294163e+00   8.950729e-01   1.559067e-06   8.025669e-03
   145   8.769776e-01   8.607765e-01   9.497327e-01   3.044144e-04   2.205861e-02  -9.801137e-02   1.297155e+00   1.286627e+00   9.950586e-02   1.499737e-07   8.538814e-03   1.323215e+00   1.313594e+00   8.955527e-01   1.227287e-06   7.684421e-03
   146   9.100076e-01   8.938065e-01   9.574028e-01   2.095914e-04   2.035427e-02  -9.332758e-02   1.318405e+00   1.307910e+00   9.955400e-02   1.172827e-07   8.116852e-03   1.342737e+00   1.333086e+00   8.959860e-01   9.655590e-07   7.356998e-03
   147   9.430377e-01   9.268366e-01   9.640186e-01   1.433578e-04   1.879489e-02  -8.811643e-02   1.339597e+00   1.329130e+00   9.959747e-02   9.170288e-08   7.718760e-03   1.362322e+00   1.352640e+00   8.963772e-01   7.592253e-07   7.042811e-03
   148   9.760678e-01   9.598667e-01   9.696456e-01   9.753241e-05   1.736715e-02  -8.256956e-02   1.360742e+00   1.350298e+00   9.963672e-02   7.168979e-08   7.342752e-03   1.381969e+00   1.372257e+00   8.967304e-01   5.966646e-07   6.741315e-03
   149   1.009098e+00   9.928967e-01   9.744294e-01   6.605386e-05   1.605911e-02  -7.679927e-02   1.381849e+00   1.371424e+00   9.967214e-02   5.603427e-08   6.987230e-03   1.401680e+00   1.391936e+00   8.970493e-01   4.686692e-07   6.452002e-03
   150   1.042128e+00   1.025927e+00   9.784964e-01   4.455832e-05   1.485981e-02  -7.097765e-02   1.402924e+00   1.392515e+00   9.970413e-02   4.378955e-08   6.650763e-03   1.421455e+00   1.411680e+00   8.973371e-01   3.679496e-07   6.174395e-03
   151   1.075158e+00   1.058957e+00   9.819447e-01   2.995721e-05   1.375928e-02  -6.518428e-02   1.423976e+00   1.413578e+00   9.973300e-02   3.421429e-08   6.332064e-03   1.441293e+00   1.431487e+00   8.975970e-01   2.887393e-07   5.908052e-03
   152   1.108188e+00   1.091987e+00   9.848269e-01   2.009088e-05   1.274738e-02  -5.952866e-02   1.445009e+00   1.434620e+00   9.975905e-02   2.672795e-08   6.029974e-03   1.461194e+00   1.451357e+00   8.978315e-01   2.264797e-07   5.652555e-03
   153   1.141218e+00   1.125017e+00   9.872542e-01   1.344747e-05   1.181577e-02  -5.416462e-02   1.466029e+00   1.455646e+00   9.978257e-02   2.087601e-08   5.743448e-03   1.481156e+00   1.471290e+00   8.980432e-01   1.775703e-07   5.407515e-03
   154   1.174248e+00   1.158047e+00   9.893000e-01   8.987779e-06   1.095702e-02  -4.904693e-02   1.487040e+00   1.476661e+00   9.980380e-02   1.630261e-08   5.471539e-03   1.501180e+00   1.491283e+00   8.982342e-01   1.391685e-07   5.172564e-03
   155   1.207278e+00   1.191077e+00   9.910220e-01   6.000760e-06   1.016456e-02  -4.430949e-02   1.508045e+00   1.497670e+00   9.982296e-02   1.272917e-08   5.213391e-03   1.521262e+00   1.511337e+00   8.984066e-01   1.090324e-07   4.947359e-03
   156   1.240308e+00   1.224107e+00   9.924492e-01   4.004146e-06   9.432169e-03  -3.988795e-02   1.529048e+00   1.518674e+00   9.984025e-02   9.937667e-09   4.968225e-03   1.541402e+00   1.531449e+00   8.985622e-01   8.539429e-08   4.731579e-03
   157   1.273338e+00   1.257137e+00   9.936521e-01   2.671009e-06   8.754725e-03  -3.586982e-02   1.550050e+00   1.539676e+00   9.985585e-02   7.757463e-09   4.735337e-03   1.561596e+00   1.551616e+00   8.987027e-01   6.686192e-08   4.524922e-03
   158   1.306368e+00   1.290167e+00   9.946641e-01   1.781708e-06   8.127624e-03  -3.217274e-02   1.571052e+00   1.560678e+00   9.986993e-02   6.055060e-09   4.514086e-03   1.581841e+00   1.571836e+00   8.988294e-01   5.233899e-08   4.327109e-03
   159   1.339399e+00   1.323197e+00   9.955090e-01   1.188731e-06   7.546671e-03  -2.883274e-02   1.592055e+00   1.581681e+00   9.988264e-02   4.726026e-09   4.303892e-03   1.602135e+00   1.592106e+00   8.989438e-01   4.096296e-08   4.137878e-03
   160   1.372429e+00   1.356228e+00   9.962152e-01   7.933960e-07   7.008141e-03  -2.580896e-02   1.613059e+00   1.602684e+00   9.989411e-02   3.688686e-09   4.104227e-03   1.622472e+00   1.612422e+00   8.990470e-01   3.205557e-08   3.956990e-03
   161   1.405459e+00   1.389258e+00   9.968119e-01   5.298183e-07   6.508758e-03  -2.307694e-02   1.634062e+00   1.623687e+00   9.990446e-02   2.879175e-09   3.914618e-03   1.642848e+00   1.632779e+00   8.991401e-01   2.508378e-08   3.784226e-03
   162   1.438489e+00   1.422288e+00   9.973112e-01   3.540402e-07   6.045559e-03  -2.062754e-02   1.655061e+00   1.644688e+00   9.991379e-02   2.247572e-09   3.734635e-03   1.663256e+00   1.653172e+00   8.992241e-01   1.962892e-08   3.619389e-03
   163   1.471519e+00   1.455318e+00   9.977291e-01   2.367487e-07   5.615817e-03  -1.840763e-02   1.676054e+00   1.665684e+00   9.992222e-02   1.754859e-09   3.563896e-03   1.683691e+00   1.673594e+00   8.993000e-01   1.536232e-08   3.462305e-03
   164   1.504549e+00   1.488348e+00   9.980829e-01   1.584443e-07   5.217169e-03  -1.643564e-02   1.697034e+00   1.686670e+00   9.992982e-02   1.370549e-09   3.402062e-03   1.704142e+00   1.694037e+00   8.993684e-01   1.202610e-08   3.312823e-03
   165   1.537579e+00   1.521378e+00   9.983793e-01   1.061354e-07   4.847421e-03  -1.463697e-02   1.717996e+00   1.707642e+00   9.993668e-02   1.070830e-09   3.248836e-03   1.724601e+00   1.714492e+00   8.994301e-01   9.418049e-09   3.170817e-03
   166   1.570609e+00   1.554408e+00   9.986287e-01   7.115875e-08   4.504588e-03  -1.302741e-02   1.738932e+00   1.728590e+00   9.994287e-02   8.371035e-10   3.103963e-03   1.745056e+00   1.734949e+00   8.994858e-01   7.379650e-09   3.036188e-03
   167   1.603639e+00   1.587438e+00   9.988404e-01   4.775713e-08   4.186953e-03  -1.155407e-02   1.759831e+00   1.749507e+00   9.994845e-02   6.548489e-10   2.967229e-03   1.765493e+00   1.755395e+00   8.995361e-01   5.786732e-09   2.908867e-03
   168   1.636669e+00   1.620468e+00   9.990175e-01   3.208483e-08   3.892940e-03  -1.019148e-02   1.780680e+00   1.770381e+00   9.995349e-02   5.127325e-10   2.838463e-03   1.785895e+00   1.775814e+00   8.995814e-01   4.542055e-09   2.788816e-03
   169   1.669699e+00   1.653498e+00   9.991677e-01   2.157813e-08   3.621068e-03  -8.957737e-03   1.801466e+00   1.791197e+00   9.995804e-02   4.019096e-10   2.717532e-03   1.806244e+00   1.796189e+00   8.996223e-01   3.569512e-09   2.676026e-03
   170   1.702729e+00   1.686528e+00   9.992953e-01   1.453056e-08   3.370380e-03  -7.708074e-03   1.822168e+00   1.811940e+00   9.996214e-02   3.154798e-10   2.604349e-03   1.826517e+00   1.816499e+00   8.996593e-01   2.809557e-09   2.570527e-03
   171   1.735759e+00   1.719558e+00   9.994024e-01   9.796907e-09   3.139657e-03  -6.565813e-03   1.842766e+00   1.832589e+00   9.996584e-02   2.480608e-10   2.498869e-03   1.846689e+00   1.836720e+00   8.996926e-01   2.215623e-09   2.472382e-03
   172   1.768789e+00   1.752588e+00   9.994940e-01   6.614753e-09   2.928108e-03  -5.363422e-03   1.863234e+00   1.853120e+00   9.996918e-02   1.954558e-10   2.401088e-03   1.866728e+00   1.856824e+00   8.997226e-01   1.751308e-09   2.381691e-03
   173   1.801820e+00   1.785618e+00   9.995716e-01   4.473817e-09   2.735443e-03  -4.069481e-03   1.883541e+00   1.873506e+00   9.997219e-02   1.543925e-10   2.311045e-03   1.886602e+00   1.876779e+00   8.997498e-01   1.388166e-09   2.298590e-03
   174   1.834850e+00   1.818649e+00   9.996374e-01   3.031289e-09   2.560844e-03  -2.725228e-03   1.903655e+00   1.893715e+00   9.997491e-02   1.223206e-10   2.228818e-03   1.906270e+00   1.896547e+00   8.997742e-01   1.103979e-09   2.223248e-03
   175   1.867880e+00   1.851679e+00   9.996941e-01   2.058707e-09   2.404894e-03  -9.732962e-04   1.923536e+00   1.913709e+00   9.997737e-02   9.725260e-11   2.154529e-03   1.925691e+00   1.916089e+00   8.997963e-01   8.813952e-10   2.155869e-03
   176   1.900910e+00   1.884709e+00   9.997421e-01   1.401993e-09   2.267778e-03   9.451860e-04   1.943141e+00   1.933449e+00   9.997958e-02   7.763863e-11   2.088365e-03   1.944817e+00   1.935359e+00   8.998162e-01   7.068712e-10   2.096683e-03
   177   1.933940e+00   1.917739e+00   9.997834e-01   9.577878e-10   2.149780e-03   3.322311e-03   1.962426e+00   1.952890e+00   9.998158e-02   6.226294e-11   2.030844e-03   1.963597e+00   1.954308e+00   8.998342e-01   5.698166e-10   2.046020e-03
   178   1.966970e+00   1.950769e+00   9.998192e-01   6.570058e-10   2.053608e-03   6.467398e-03   1.981362e+00   1.971997e+00   9.998338e-02   5.013490e-11   1.984425e-03   1.981987e+00   1.972889e+00   8.998504e-01   4.617713e-10   2.005126e-03
   179   2.000000e+00   1.983799e+00   9.998500e-01   4.514127e-10   1.988606e-03   8.253122e-03   2.000000e+00   1.990781e+00   9.998500e-02   4.036567e-11   1.958590e-03   2.000000e+00   1.991087e+00   8.998650e-01   3.750945e-10   1.981289e-03
