     i          log_r       log_rmid          m_tot        rho_tot         v2_tot            eta     lgr[heavy]    lgrm[heavy]       m[heavy]     rho[heavy]      v2[heavy]     lgr[light]    lgrm[light]       m[light]     rho[light]      v2[light]
     0  -4.454445e+00  -4.755475e+00   1.037344e-07   6.990505e+06   2.188175e-01            nan  -4.454445e+00  -4.755475e+00   9.998500e-08   6.924531e+06   2.164876e-01  -3.104145e+00  -3.405175e+00   8.998650e-07   5.542857e+03   4.261107e-01
     1  -4.418386e+00  -4.436041e+00   1.323973e-07   6.910137e+06   2.177471e-01            nan  -4.431952e+00  -4.443053e+00   1.166721e-07   6.875086e+06   2.164836e-01  -3.066118e+00  -3.084715e+00   1.050049e-06   3.079336e+03   4.177195e-01
     2  -4.382328e+00  -4.399983e+00   1.690446e-07   6.898685e+06   2.176624e-01            nan  -4.409464e+00  -4.420563e+00   1.361439e-07   6.869729e+06   2.164832e-01  -3.028490e+00  -3.046896e+00   1.225295e-06   2.796481e+03   4.161575e-01
     3  -4.346270e+00  -4.363925e+00   2.159000e-07   6.885697e+06   2.175833e-01            nan  -4.386980e+00  -4.398077e+00   1.588651e-07   6.863812e+06   2.164827e-01  -2.991070e+00  -3.009377e+00   1.429786e-06   2.532185e+03   4.143958e-01
     4  -4.310211e+00  -4.327866e+00   2.757996e-07   6.871103e+06   2.175096e-01            nan  -4.364496e+00  -4.375593e+00   1.853780e-07   6.857275e+06   2.164821e-01  -2.953726e+00  -2.971997e+00   1.668402e-06   2.286899e+03   4.124378e-01
     5  -4.274153e+00  -4.291808e+00   3.523662e-07   6.854365e+06   2.174407e-01            nan  -4.342011e+00  -4.353108e+00   2.163150e-07   6.850053e+06   2.164816e-01  -2.916361e+00  -2.934642e+00   1.946835e-06   2.060472e+03   4.102722e-01
     6  -4.238095e+00  -4.255750e+00   4.502043e-07   6.835215e+06   2.173764e-01            nan  -4.319523e+00  -4.330622e+00   2.524142e-07   6.842072e+06   2.164809e-01  -2.878910e+00  -2.897232e+00   2.271728e-06   1.852502e+03   4.078810e-01
     7  -4.202036e+00  -4.219691e+00   5.751964e-07   6.813311e+06   2.173163e-01            nan  -4.297029e+00  -4.308130e+00   2.945370e-07   6.833252e+06   2.164802e-01  -2.841337e+00  -2.859717e+00   2.650833e-06   1.662720e+03   4.052752e-01
     8  -4.165978e+00  -4.183633e+00   7.348070e-07   6.787778e+06   2.172601e-01            nan  -4.274528e+00  -4.285633e+00   3.436881e-07   6.823506e+06   2.164794e-01  -2.803628e+00  -2.822073e+00   3.093193e-06   1.490519e+03   4.024669e-01
     9  -4.129920e+00  -4.147575e+00   9.385111e-07   6.758526e+06   2.172075e-01            nan  -4.252017e+00  -4.263127e+00   4.010398e-07   6.812735e+06   2.164785e-01  -2.765782e+00  -2.784293e+00   3.609358e-06   1.334861e+03   3.994281e-01
    10  -4.093861e+00  -4.111516e+00   1.198373e-06   6.724414e+06   2.171581e-01            nan  -4.229495e+00  -4.240610e+00   4.679601e-07   6.800832e+06   2.164775e-01  -2.727819e+00  -2.746386e+00   4.211641e-06   1.195028e+03   3.962326e-01
    11  -4.057803e+00  -4.075458e+00   1.529509e-06   6.684935e+06   2.171118e-01            nan  -4.206959e+00  -4.218081e+00   5.460446e-07   6.787679e+06   2.164764e-01  -2.689762e+00  -2.708374e+00   4.914402e-06   1.069753e+03   3.928504e-01
    12  -4.021745e+00  -4.039400e+00   1.951226e-06   6.639368e+06   2.170682e-01            nan  -4.184408e+00  -4.195537e+00   6.371554e-07   6.773144e+06   2.164752e-01  -2.651646e+00  -2.670286e+00   5.734398e-06   9.579532e+02   3.893467e-01
    13  -3.985686e+00  -4.003341e+00   2.487604e-06   6.586051e+06   2.170269e-01            nan  -4.161838e+00  -4.172976e+00   7.434644e-07   6.757084e+06   2.164738e-01  -2.613506e+00  -2.632157e+00   6.691180e-06   8.583923e+02   3.857140e-01
    14  -3.949628e+00  -3.967283e+00   3.168950e-06   6.524970e+06   2.169878e-01            nan  -4.139248e+00  -4.150396e+00   8.675058e-07   6.739342e+06   2.164723e-01  -2.575379e+00  -2.594024e+00   7.807552e-06   7.699114e+02   3.820185e-01
    15  -3.913569e+00  -3.931225e+00   4.033312e-06   6.453502e+06   2.169506e-01            nan  -4.116634e+00  -4.127794e+00   1.012236e-06   6.719743e+06   2.164707e-01  -2.537304e+00  -2.555924e+00   9.110122e-06   6.913704e+02   3.782517e-01
    16  -3.877511e+00  -3.895166e+00   5.127303e-06   6.371590e+06   2.169149e-01            nan  -4.093994e+00  -4.105167e+00   1.181103e-06   6.698098e+06   2.164688e-01  -2.499312e+00  -2.517893e+00   1.062993e-05   6.216818e+02   3.744926e-01
    17  -3.841453e+00  -3.859108e+00   6.510158e-06   6.277019e+06   2.168805e-01            nan  -4.071324e+00  -4.082511e+00   1.378130e-06   6.674196e+06   2.164668e-01  -2.461438e+00  -2.479963e+00   1.240317e-05   5.598842e+02   3.707089e-01
    18  -3.805394e+00  -3.823049e+00   8.251871e-06   6.168398e+06   2.168470e-01            nan  -4.048621e+00  -4.059825e+00   1.608010e-06   6.647811e+06   2.164645e-01  -2.423706e+00  -2.442162e+00   1.447209e-05   5.050123e+02   3.670005e-01
    19  -3.769336e+00  -3.786991e+00   1.044206e-05   6.044694e+06   2.168141e-01            nan  -4.025882e+00  -4.037103e+00   1.876216e-06   6.618690e+06   2.164620e-01  -2.386141e+00  -2.404518e+00   1.688595e-05   4.563203e+02   3.633045e-01
    20  -3.733278e+00  -3.750933e+00   1.318383e-05   5.903044e+06   2.167813e-01            nan  -4.003100e+00  -4.014342e+00   2.189133e-06   6.586562e+06   2.164592e-01  -2.348759e+00  -2.367048e+00   1.970220e-05   4.129849e+02   3.597285e-01
    21  -3.697219e+00  -3.714874e+00   1.660737e-05   5.743932e+06   2.167485e-01            nan  -3.980273e+00  -3.991537e+00   2.554206e-06   6.551129e+06   2.164561e-01  -2.311576e+00  -2.329770e+00   2.298786e-05   3.744269e+02   3.562176e-01
    22  -3.661161e+00  -3.678816e+00   2.085789e-05   5.563468e+06   2.167149e-01            nan  -3.957394e+00  -3.968683e+00   2.980121e-06   6.512067e+06   2.164527e-01  -2.274600e+00  -2.292694e+00   2.682109e-05   3.400298e+02   3.528162e-01
    23  -3.625103e+00  -3.642758e+00   2.611870e-05   5.363517e+06   2.166803e-01            nan  -3.934458e+00  -3.945774e+00   3.477003e-06   6.469023e+06   2.164488e-01  -2.237840e+00  -2.255831e+00   3.129303e-05   3.093128e+02   3.495093e-01
    24  -3.589044e+00  -3.606699e+00   3.257767e-05   5.140761e+06   2.166439e-01            nan  -3.911458e+00  -3.922805e+00   4.056664e-06   6.421619e+06   2.164445e-01  -2.201301e+00  -2.219186e+00   3.650997e-05   2.818394e+02   3.462857e-01
    25  -3.552986e+00  -3.570641e+00   4.048320e-05   4.897184e+06   2.166053e-01            nan  -3.888386e+00  -3.899769e+00   4.732872e-06   6.369443e+06   2.164398e-01  -2.164983e+00  -2.182763e+00   4.259585e-05   2.572056e+02   3.431611e-01
    26  -3.516928e+00  -3.534583e+00   5.005926e-05   4.633522e+06   2.165638e-01            nan  -3.865236e+00  -3.876657e+00   5.521683e-06   6.312054e+06   2.164345e-01  -2.128891e+00  -2.146563e+00   4.969515e-05   2.351121e+02   3.400837e-01
    27  -3.480869e+00  -3.498524e+00   6.159828e-05   4.348571e+06   2.165183e-01            nan  -3.841997e+00  -3.853461e+00   6.441814e-06   6.248977e+06   2.164286e-01  -2.093020e+00  -2.110585e+00   5.797633e-05   2.152204e+02   3.370885e-01
    28  -3.444811e+00  -3.462466e+00   7.540558e-05   4.049444e+06   2.164684e-01            nan  -3.818661e+00  -3.830172e+00   7.515084e-06   6.179709e+06   2.164220e-01  -2.057371e+00  -2.074830e+00   6.763576e-05   1.973223e+02   3.341045e-01
    29  -3.408753e+00  -3.426408e+00   9.169011e-05   3.736298e+06   2.164126e-01            nan  -3.795214e+00  -3.806779e+00   8.766923e-06   6.103712e+06   2.164147e-01  -2.021936e+00  -2.039292e+00   7.890231e-05   1.811451e+02   3.311705e-01
    30  -3.372694e+00  -3.390349e+00   1.107927e-04   3.412754e+06   2.163494e-01            nan  -3.771646e+00  -3.783270e+00   1.022697e-05   6.020421e+06   2.164066e-01  -1.986714e+00  -2.003968e+00   9.204273e-05   1.665264e+02   3.282281e-01
    31  -3.336636e+00  -3.354291e+00   1.329839e-04   3.086945e+06   2.162780e-01            nan  -3.747941e+00  -3.759631e+00   1.192976e-05   5.929245e+06   2.163974e-01  -1.951696e+00  -1.968852e+00   1.073678e-04   1.532693e+02   3.252909e-01
    32  -3.300578e+00  -3.318233e+00   1.584906e-04   2.763783e+06   2.161965e-01            nan  -3.724083e+00  -3.735848e+00   1.391553e-05   5.829568e+06   2.163872e-01  -1.916876e+00  -1.933937e+00   1.252398e-04   1.412345e+02   3.223289e-01
    33  -3.264519e+00  -3.282174e+00   1.874840e-04   2.448332e+06   2.161030e-01            nan  -3.700056e+00  -3.711903e+00   1.623115e-05   5.720760e+06   2.163758e-01  -1.882245e+00  -1.899215e+00   1.460803e-04   1.302769e+02   3.193469e-01
    34  -3.228461e+00  -3.246116e+00   2.200521e-04   2.145537e+06   2.159948e-01            nan  -3.675838e+00  -3.687778e+00   1.893121e-05   5.602180e+06   2.163630e-01  -1.847791e+00  -1.864676e+00   1.703808e-04   1.202791e+02   3.163378e-01
    35  -3.192402e+00  -3.210058e+00   2.562394e-04   1.859701e+06   2.158687e-01            nan  -3.651407e+00  -3.663451e+00   2.207926e-05   5.473192e+06   2.163486e-01  -1.813502e+00  -1.830308e+00   1.987134e-04   1.111317e+02   3.133084e-01
    36  -3.156344e+00  -3.173999e+00   2.960454e-04   1.595301e+06   2.157216e-01            nan  -3.626737e+00  -3.638897e+00   2.574932e-05   5.333171e+06   2.163324e-01  -1.779362e+00  -1.796097e+00   2.317439e-04   1.027391e+02   3.102696e-01
    37  -3.120286e+00  -3.137941e+00   3.393111e-04   1.354550e+06   2.155485e-01            nan  -3.601800e+00  -3.614090e+00   3.002750e-05   5.181530e+06   2.163142e-01  -1.745356e+00  -1.762026e+00   2.702475e-04   9.501763e+01   3.072349e-01
    38  -3.084227e+00  -3.101882e+00   3.859612e-04   1.139431e+06   2.153450e-01   4.806134e-01  -3.576561e+00  -3.588997e+00   3.501400e-05   5.017732e+06   2.162937e-01  -1.711463e+00  -1.728079e+00   3.151260e-04   8.789271e+01   3.042249e-01
    39  -3.048169e+00  -3.065824e+00   4.359276e-04   9.505032e+05   2.150971e-01   4.795226e-01  -3.550984e+00  -3.563584e+00   4.082538e-05   4.841322e+06   2.162704e-01  -1.677663e+00  -1.694235e+00   3.674284e-04   8.130096e+01   3.012587e-01
    40  -3.012111e+00  -3.029766e+00   4.892285e-04   7.872516e+05   2.147980e-01   4.779753e-01  -3.525025e+00  -3.537811e+00   4.759714e-05   4.651956e+06   2.162440e-01  -1.643935e+00  -1.660472e+00   4.283742e-04   7.518839e+01   2.983530e-01
    41  -2.976052e+00  -2.993707e+00   5.460087e-04   6.482186e+05   2.144527e-01   4.762635e-01  -3.498636e+00  -3.511630e+00   5.548679e-05   4.449437e+06   2.162139e-01  -1.610256e+00  -1.626769e+00   4.993811e-04   6.950811e+01   2.955259e-01
    42  -2.939994e+00  -2.957649e+00   6.044509e-04   5.305023e+05   2.140453e-01   4.744459e-01  -3.471760e+00  -3.484990e+00   6.467734e-05   4.233760e+06   2.161796e-01  -1.576607e+00  -1.593106e+00   5.820960e-04   6.422506e+01   2.927744e-01
    43  -2.903936e+00  -2.921591e+00   6.659739e-04   4.319742e+05   2.135537e-01   4.725816e-01  -3.444332e+00  -3.457829e+00   7.538125e-05   4.005154e+06   2.161401e-01  -1.542966e+00  -1.559461e+00   6.784313e-04   5.930529e+01   2.901079e-01
    44  -2.867877e+00  -2.885532e+00   7.312314e-04   3.509054e+05   2.130093e-01   4.705536e-01  -3.416277e+00  -3.430078e+00   8.784517e-05   3.764141e+06   2.160946e-01  -1.509321e+00  -1.525818e+00   7.906065e-04   5.472856e+01   2.874916e-01
    45  -2.831819e+00  -2.849474e+00   7.968525e-04   2.841361e+05   2.123685e-01   4.685394e-01  -3.387509e+00  -3.401655e+00   1.023551e-04   3.511588e+06   2.160419e-01  -1.475658e+00  -1.492164e+00   9.211963e-04   5.046926e+01   2.849252e-01
    46  -2.795761e+00  -2.813416e+00   8.667579e-04   2.297781e+05   2.116306e-01   4.665452e-01  -3.357927e+00  -3.372466e+00   1.192428e-04   3.248766e+06   2.159802e-01  -1.441970e+00  -1.458488e+00   1.073185e-03   4.651433e+01   2.823515e-01
    47  -2.759702e+00  -2.777357e+00   9.379630e-04   1.856654e+05   2.108334e-01   4.644349e-01  -3.327412e+00  -3.342402e+00   1.388921e-04   2.977401e+06   2.159078e-01  -1.408254e+00  -1.424785e+00   1.250029e-03   4.284467e+01   2.797509e-01
    48  -2.723644e+00  -2.741299e+00   1.012784e-03   1.500512e+05   2.098800e-01   4.626349e-01  -3.295829e+00  -3.311334e+00   1.617478e-04   2.699722e+06   2.158218e-01  -1.374512e+00  -1.391055e+00   1.455730e-03   3.944650e+01   2.770733e-01
    49  -2.687586e+00  -2.705241e+00   1.089581e-03   1.212837e+05   2.088991e-01   4.606691e-01  -3.263014e+00  -3.279112e+00   1.883238e-04   2.418491e+06   2.157190e-01  -1.340746e+00  -1.357301e+00   1.694914e-03   3.630312e+01   2.742895e-01
    50  -2.651527e+00  -2.669182e+00   1.170251e-03   9.824372e+04   2.077329e-01   4.591803e-01  -3.228779e+00  -3.245559e+00   2.192140e-04   2.137006e+06   2.155946e-01  -1.306962e+00  -1.323526e+00   1.972926e-03   3.339759e+01   2.713798e-01
    51  -2.615469e+00  -2.633124e+00   1.253116e-03   7.962229e+04   2.065504e-01   4.575648e-01  -3.192898e+00  -3.210468e+00   2.551039e-04   1.859072e+06   2.154425e-01  -1.273166e+00  -1.289735e+00   2.295935e-03   3.071378e+01   2.683162e-01
    52  -2.579411e+00  -2.597066e+00   1.340925e-03   6.475086e+04   2.052039e-01   4.564439e-01  -3.155108e+00  -3.173592e+00   2.967831e-04   1.588916e+06   2.152539e-01  -1.239360e+00  -1.255934e+00   2.671048e-03   2.823304e+01   2.651155e-01
    53  -2.543352e+00  -2.561007e+00   1.431015e-03   5.272353e+04   2.038231e-01   4.553633e-01  -3.115098e+00  -3.134642e+00   3.451610e-04   1.331042e+06   2.150170e-01  -1.205547e+00  -1.222124e+00   3.106449e-03   2.593964e+01   2.617671e-01
    54  -2.507294e+00  -2.524949e+00   1.527223e-03   4.306863e+04   2.023487e-01   4.546492e-01  -3.072506e+00  -3.093280e+00   4.012824e-04   1.090012e+06   2.147150e-01  -1.171726e+00  -1.188307e+00   3.611542e-03   2.381712e+01   2.582876e-01
    55  -2.471235e+00  -2.488891e+00   1.626545e-03   3.527940e+04   2.008032e-01   4.541933e-01  -3.026916e+00  -3.049113e+00   4.663463e-04   8.701477e+05   2.143243e-01  -1.137892e+00  -1.154479e+00   4.197117e-03   2.184997e+01   2.547013e-01
    56  -2.435177e+00  -2.452832e+00   1.732256e-03   2.894894e+04   1.992522e-01   4.539035e-01  -2.977858e+00  -3.001695e+00   5.417261e-04   6.751651e+05   2.138113e-01  -1.104038e+00  -1.120635e+00   4.875535e-03   2.002513e+01   2.510160e-01
    57  -2.399119e+00  -2.416774e+00   1.843693e-03   2.386810e+04   1.976063e-01   4.540394e-01  -2.924824e+00  -2.950532e+00   6.289911e-04   5.077758e+05   2.131288e-01  -1.070151e+00  -1.086764e+00   5.660920e-03   1.832890e+01   2.472771e-01
    58  -2.363060e+00  -2.380715e+00   1.961682e-03   1.968309e+04   1.960082e-01   4.542367e-01  -2.867307e+00  -2.895114e+00   7.299314e-04   3.693107e+05   2.122115e-01  -1.036219e+00  -1.052854e+00   6.569382e-03   1.675079e+01   2.435010e-01
    59  -2.327002e+00  -2.344657e+00   2.087306e-03   1.632371e+04   1.943546e-01   4.548201e-01  -2.804861e+00  -2.834962e+00   8.465830e-04   2.594545e+05   2.109726e-01  -1.002224e+00  -1.018889e+00   7.619247e-03   1.528177e+01   2.397004e-01
    60  -2.290944e+00  -2.308599e+00   2.220969e-03   1.354708e+04   1.927446e-01   4.555061e-01  -2.737215e+00  -2.769722e+00   9.812558e-04   1.761937e+05   2.093049e-01  -9.681477e-01  -9.848518e-01   8.831303e-03   1.391261e+01   2.359203e-01
    61  -2.254885e+00  -2.272540e+00   2.363424e-03   1.127985e+04   1.911646e-01   4.563325e-01  -2.664407e+00  -2.699287e+00   1.136562e-03   1.160549e+05   2.070937e-01  -9.339712e-01  -9.507233e-01   1.022906e-02   1.263736e+01   2.321614e-01
    62  -2.218827e+00  -2.236482e+00   2.516704e-03   9.414652e+03   1.896229e-01   4.572658e-01  -2.586920e+00  -2.623938e+00   1.315444e-03   7.463466e+04   2.042463e-01  -8.996773e-01  -9.164858e-01   1.183900e-02   1.145083e+01   2.284218e-01
    63  -2.182769e+00  -2.200424e+00   2.680298e-03   7.869645e+03   1.881428e-01   4.582474e-01  -2.505721e+00  -2.544426e+00   1.521208e-03   4.730267e+04   2.007381e-01  -8.652489e-01  -8.821220e-01   1.369088e-02   1.034773e+01   2.247261e-01
    64  -2.146710e+00  -2.164365e+00   2.856991e-03   6.600583e+03   1.867282e-01   4.591832e-01  -2.422159e+00  -2.461933e+00   1.757548e-03   2.986190e+04   1.966536e-01  -8.306723e-01  -8.476166e-01   1.581793e-02   9.324605e+00   2.210601e-01
    65  -2.110652e+00  -2.128307e+00   3.046822e-03   5.538464e+03   1.853752e-01   4.601522e-01  -2.337716e+00  -2.377888e+00   2.028572e-03   1.896292e+04   1.921891e-01  -7.959379e-01  -8.129579e-01   1.825715e-02   8.378178e+00   2.174072e-01
    66  -2.074594e+00  -2.092249e+00   3.251829e-03   4.664554e+03   1.841133e-01   4.609043e-01  -2.253739e+00  -2.293701e+00   2.338830e-03   1.220267e+04   1.876020e-01  -7.610392e-01  -7.781381e-01   2.104947e-02   7.505084e+00   2.137648e-01
    67  -2.038535e+00  -2.056190e+00   3.473861e-03   3.929974e+03   1.829127e-01   4.616271e-01  -2.171259e+00  -2.210544e+00   2.693323e-03   7.992439e+03   1.831328e-01  -7.259738e-01  -7.431527e-01   2.423991e-02   6.702153e+00   2.101235e-01
    68  -2.002477e+00  -2.020132e+00   3.713484e-03   3.319935e+03   1.817916e-01   4.621441e-01  -2.090953e+00  -2.129252e+00   3.097518e-03   5.338153e+03   1.789413e-01  -6.907435e-01  -7.080015e-01   2.787766e-02   5.966311e+00   2.064642e-01
    69  -1.966419e+00  -1.984074e+00   3.974788e-03   2.806991e+03   1.807353e-01   4.625301e-01  -2.013196e+00  -2.050337e+00   3.557342e-03   3.636268e+03   1.750829e-01  -6.553541e-01  -6.726885e-01   3.201608e-02   5.294334e+00   2.027695e-01
    70  -1.930360e+00  -1.948015e+00   4.256946e-03   2.377915e+03   1.797317e-01   4.627698e-01  -1.938144e+00  -1.974051e+00   4.079169e-03   2.524094e+03   1.715224e-01  -6.198146e-01  -6.372210e-01   3.671252e-02   4.682794e+00   1.990384e-01
    71  -1.894302e+00  -1.911957e+00   4.566002e-03   2.016531e+03   1.787860e-01   4.628467e-01  -1.865805e+00  -1.900470e+00   4.669785e-03   1.782902e+03   1.681680e-01  -5.841366e-01  -6.016094e-01   4.202806e-02   4.128189e+00   1.952654e-01
    72  -1.858244e+00  -1.875899e+00   4.900462e-03   1.712618e+03   1.778653e-01   4.628824e-01  -1.796089e+00  -1.829550e+00   5.336336e-03   1.279211e+03   1.649148e-01  -5.483344e-01  -5.658667e-01   4.802703e-02   3.627027e+00   1.914414e-01
    73  -1.822185e+00  -1.839840e+00   5.267485e-03   1.455940e+03   1.769898e-01   4.628120e-01  -1.728841e+00  -1.761165e+00   6.086254e-03   9.302861e+02   1.616846e-01  -5.124248e-01  -5.300085e-01   5.477629e-02   3.175816e+00   1.875583e-01
    74  -1.786127e+00  -1.803782e+00   5.666098e-03   1.239109e+03   1.761172e-01   4.628569e-01  -1.663850e+00  -1.695131e+00   6.927149e-03   6.840098e+02   1.584548e-01  -4.764269e-01  -4.940530e-01   6.234434e-02   2.771089e+00   1.836142e-01
    75  -1.750068e+00  -1.767724e+00   6.103358e-03   1.055409e+03   1.752858e-01   4.628970e-01  -1.600859e+00  -1.631213e+00   7.866679e-03   5.070671e+02   1.552671e-01  -4.403616e-01  -4.580200e-01   7.080011e-02   2.409395e+00   1.796131e-01
    76  -1.714010e+00  -1.731665e+00   6.580187e-03   8.994929e+02   1.744511e-01   4.632308e-01  -1.539587e+00  -1.569143e+00   8.912390e-03   3.778877e+02   1.522154e-01  -4.042521e-01  -4.219316e-01   8.021151e-02   2.087433e+00   1.755485e-01
    77  -1.677952e+00  -1.695607e+00   7.102279e-03   7.670861e+02   1.736713e-01   4.636475e-01  -1.479739e+00  -1.508633e+00   1.007152e-02   2.823383e+02   1.494148e-01  -3.681242e-01  -3.858126e-01   9.064369e-02   1.802002e+00   1.714142e-01
    78  -1.641893e+00  -1.659548e+00   7.673536e-03   6.540473e+02   1.729157e-01   4.644473e-01  -1.421044e+00  -1.449401e+00   1.135078e-02   2.110296e+02   1.469607e-01  -3.320064e-01  -3.496900e-01   1.021570e-01   1.550009e+00   1.672042e-01
    79  -1.605835e+00  -1.623490e+00   8.297580e-03   5.578248e+02   1.722411e-01   4.653907e-01  -1.363283e+00  -1.391204e+00   1.275612e-02   1.575950e+02   1.448848e-01  -2.959289e-01  -3.135931e-01   1.148050e-01   1.328463e+00   1.629236e-01
    80  -1.569777e+00  -1.587432e+00   8.981323e-03   4.754548e+02   1.716625e-01   4.665058e-01  -1.306325e+00  -1.333871e+00   1.429243e-02   1.175781e+02   1.431255e-01  -2.599244e-01  -2.775536e-01   1.286319e-01   1.134517e+00   1.585702e-01
    81  -1.533718e+00  -1.551373e+00   9.727462e-03   4.050570e+02   1.712189e-01   4.676006e-01  -1.250142e+00  -1.277325e+00   1.596333e-02   8.772109e+01   1.415317e-01  -2.240277e-01  -2.416053e-01   1.436700e-01   9.654727e-01   1.541411e-01
    82  -1.497660e+00  -1.515315e+00   1.054305e-02   3.449365e+02   1.709104e-01   4.686004e-01  -1.194790e+00  -1.221585e+00   1.777087e-02   6.553872e+01   1.399141e-01  -1.882760e-01  -2.057841e-01   1.599378e-01   8.187840e-01   1.496337e-01
    83  -1.461602e+00  -1.479257e+00   1.143243e-02   2.932969e+02   1.708315e-01   4.690462e-01  -1.140373e+00  -1.166730e+00   1.971527e-02   4.909321e+01   1.381165e-01  -1.527077e-01  -1.701278e-01   1.774374e-01   6.920430e-01   1.450564e-01
    84  -1.425543e+00  -1.443198e+00   1.240319e-02   2.493764e+02   1.708948e-01   4.690966e-01  -1.086983e+00  -1.112858e+00   2.179475e-02   3.688542e+01   1.360642e-01  -1.173622e-01  -1.346755e-01   1.961527e-01   5.830080e-01   1.404146e-01
    85  -1.389485e+00  -1.407140e+00   1.345883e-02   2.117443e+02   1.712031e-01   4.681791e-01  -1.034672e+00  -1.060040e+00   2.400535e-02   2.778579e+01   1.337624e-01  -8.228008e-02  -9.946700e-02   2.160481e-01   4.896115e-01   1.357115e-01
    86  -1.353427e+00  -1.371082e+00   1.461042e-02   1.797530e+02   1.716671e-01   4.664637e-01  -9.834367e-01  -1.008299e+00   2.634082e-02   2.096473e+01   1.312644e-01  -4.750216e-02  -6.454309e-02   2.370673e-01   4.099462e-01   1.309560e-01
    87  -1.317368e+00  -1.335023e+00   1.586351e-02   1.526320e+02   1.722467e-01   4.639583e-01  -9.332235e-01  -9.576048e-01   2.879262e-02   1.582220e+01   1.286494e-01  -1.306792e-02  -2.994385e-02   2.591336e-01   3.422579e-01   1.261659e-01
    88  -1.281310e+00  -1.298965e+00   1.722718e-02   1.295522e+02   1.729476e-01   4.605502e-01  -8.839371e-01  -9.078815e-01   3.134998e-02   1.192602e+01   1.260004e-01   2.098357e-02   4.291469e-03   2.821498e-01   2.849764e-01   1.213505e-01
    89  -1.245252e+00  -1.262907e+00   1.871685e-02   1.100771e+02   1.736454e-01   4.566783e-01  -8.354560e-01  -8.590204e-01   3.400006e-02   8.964621e+00   1.233958e-01   5.461508e-02   3.812479e-02   3.060005e-01   2.366818e-01   1.165257e-01
    90  -1.209193e+00  -1.226848e+00   2.033798e-02   9.361646e+01   1.743195e-01   4.523691e-01  -7.876441e-01  -8.108924e-01   3.672816e-02   6.711014e+00   1.208943e-01   8.779243e-02   7.152050e-02   3.305535e-01   1.961033e-01   1.117126e-01
    91  -1.173135e+00  -1.190790e+00   2.210949e-02   7.969279e+01   1.748825e-01   4.481638e-01  -7.403656e-01  -7.633618e-01   3.951809e-02   4.998035e+00   1.185320e-01   1.204835e-01   1.044455e-01   3.556628e-01   1.621266e-01   1.069243e-01
    92  -1.137076e+00  -1.154732e+00   2.404999e-02   6.792865e+01   1.753381e-01   4.439408e-01  -6.934938e-01  -7.162977e-01   4.235249e-02   3.700218e+00   1.163199e-01   1.526609e-01   1.368701e-01   3.811724e-01   1.337601e-01   1.021859e-01
    93  -1.101018e+00  -1.118673e+00   2.616858e-02   5.796431e+01   1.756434e-01   4.399531e-01  -6.469165e-01  -6.695810e-01   4.521329e-02   2.721705e+00   1.142472e-01   1.843002e-01   1.687686e-01   4.069196e-01   1.101492e-01   9.751224e-02
    94  -1.064960e+00  -1.082615e+00   2.849076e-02   4.949037e+01   1.757923e-01   4.366093e-01  -6.005394e-01  -6.231092e-01   4.808216e-02   1.988478e+00   1.122910e-01   2.153819e-01   2.001191e-01   4.327394e-01   9.054735e-02   9.292405e-02
    95  -1.028901e+00  -1.046557e+00   3.104008e-02   4.228735e+01   1.758220e-01   4.335672e-01  -5.542832e-01  -5.767958e-01   5.094094e-02   1.442725e+00   1.104200e-01   2.458905e-01   2.309041e-01   4.584685e-01   7.431448e-02   8.843755e-02
    96  -9.928431e-01  -1.010498e+00   3.383091e-02   3.614944e+01   1.757305e-01   4.309737e-01  -5.080761e-01  -5.305654e-01   5.377208e-02   1.039284e+00   1.086032e-01   2.758150e-01   2.611105e-01   4.839488e-01   6.090182e-02   8.406864e-02
    97  -9.567847e-01  -9.744398e-01   3.688841e-02   3.088271e+01   1.755587e-01   4.290726e-01  -4.618475e-01  -4.843470e-01   5.655903e-02   7.430930e-01   1.068180e-01   3.051489e-01   2.907296e-01   5.090312e-01   4.984216e-02   7.983148e-02
    98  -9.207264e-01  -9.383814e-01   4.024373e-02   2.638023e+01   1.753244e-01   4.274215e-01  -4.155208e-01  -4.380667e-01   5.928652e-02   5.271296e-01   1.050526e-01   3.338895e-01   3.197569e-01   5.335787e-01   4.074028e-02   7.573700e-02
    99  -8.846680e-01  -9.023231e-01   4.392381e-02   2.252761e+01   1.750333e-01   4.260008e-01  -3.690015e-01  -3.916386e-01   6.194091e-02   3.707089e-01   1.033062e-01   3.620386e-01   3.481921e-01   5.574682e-01   3.326218e-02   7.179550e-02
   100  -8.486097e-01  -8.662647e-01   4.793584e-02   1.921645e+01   1.747289e-01   4.247509e-01  -3.221714e-01  -3.449556e-01   6.451030e-02   2.582004e-01   1.015866e-01   3.896012e-01   3.760386e-01   5.805927e-01   2.712824e-02   6.801299e-02
   101  -8.125513e-01  -8.302064e-01   5.232752e-02   1.637441e+01   1.744142e-01   4.233800e-01  -2.748926e-01  -2.978890e-01   6.698469e-02   1.779313e-01   9.990639e-02   4.165860e-01   4.033032e-01   6.028622e-01   2.210368e-02   6.439548e-02
   102  -7.764930e-01  -7.941480e-01   5.713175e-02   1.394384e+01   1.740555e-01   4.217578e-01  -2.270008e-01  -2.502869e-01   6.935597e-02   1.211626e-01   9.827861e-02   4.430044e-01   4.299961e-01   6.242038e-01   1.799358e-02   6.094448e-02
   103  -7.404346e-01  -7.580897e-01   6.238330e-02   1.186639e+01   1.736387e-01   4.197941e-01  -1.783021e-01  -2.019692e-01   7.161799e-02   8.140880e-02   9.671956e-02   4.688707e-01   4.561301e-01   6.445619e-01   1.463517e-02   5.766218e-02
   104  -7.043763e-01  -7.220313e-01   6.808617e-02   1.008805e+01   1.731682e-01   4.172995e-01  -1.285875e-01  -1.527338e-01   7.376638e-02   5.390332e-02   9.524561e-02   4.942010e-01   4.817205e-01   6.638974e-01   1.189425e-02   5.454625e-02
   105  -6.683179e-01  -6.859730e-01   7.430879e-02   8.569158e+00   1.726030e-01   4.141901e-01  -7.763475e-02  -1.023643e-01   7.579851e-02   3.512868e-02   9.387014e-02   5.190142e-01   5.067848e-01   6.821866e-01   9.659203e-03   5.159591e-02
   106  -6.322596e-01  -6.499146e-01   8.109530e-02   7.276242e+00   1.718873e-01   4.105108e-01  -2.522708e-02  -5.064087e-02   7.771330e-02   2.251306e-02   9.260203e-02   5.433299e-01   5.313422e-01   6.994197e-01   7.838539e-03   4.880620e-02
   107  -5.962012e-01  -6.138563e-01   8.849292e-02   6.176103e+00   1.709958e-01   4.062662e-01   2.878939e-02   2.620416e-03   7.951106e-02   1.419487e-02   9.141530e-02   5.671697e-01   5.554133e-01   7.155996e-01   6.356501e-03   4.617372e-02
   108  -5.601429e-01  -5.777979e-01   9.652891e-02   5.239937e+00   1.699058e-01   4.014509e-01   8.444937e-02   5.751046e-02   8.119333e-02   8.822775e-03   9.024334e-02   5.905558e-01   5.790201e-01   7.307399e-01   5.151131e-03   4.369236e-02
   109  -5.240845e-01  -5.417396e-01   1.052607e-01   4.441918e+00   1.686134e-01   3.960797e-01   1.415561e-01   1.139407e-01   8.276263e-02   5.432284e-03   8.892579e-02   6.135114e-01   6.021852e-01   7.448636e-01   4.171454e-03   4.135651e-02
   110  -4.880262e-01  -5.056812e-01   1.147616e-01   3.763543e+00   1.670752e-01   3.902007e-01   1.995577e-01   1.715245e-01   8.422234e-02   3.342267e-03   8.718103e-02   6.360604e-01   6.249322e-01   7.580011e-01   3.375763e-03   3.915979e-02
   111  -4.519678e-01  -4.696229e-01   1.250907e-01   3.186580e+00   1.652878e-01   3.838109e-01   2.575386e-01   2.295150e-01   8.557652e-02   2.077933e-03   8.466792e-02   6.582266e-01   6.472849e-01   7.701887e-01   2.729957e-03   3.709515e-02
   112  -4.159095e-01  -4.335645e-01   1.363070e-01   2.695655e+00   1.632479e-01   3.768739e-01   3.143742e-01   2.868855e-01   8.682971e-02   1.319854e-03   8.113855e-02   6.800345e-01   6.692674e-01   7.814674e-01   2.206115e-03   3.515631e-02
   113  -3.798511e-01  -3.975062e-01   1.484281e-01   2.277432e+00   1.609626e-01   3.693177e-01   3.690368e-01   3.425649e-01   8.798682e-02   8.625341e-04   7.661734e-02   7.015081e-01   6.909040e-01   7.918814e-01   1.781499e-03   3.333596e-02
   114  -3.437928e-01  -3.614478e-01   1.615586e-01   1.921296e+00   1.584277e-01   3.610118e-01   4.208511e-01   3.957162e-01   8.905301e-02   5.807920e-04   7.140834e-02   7.226716e-01   7.122187e-01   8.014771e-01   1.437531e-03   3.162740e-02
   115  -3.077344e-01  -3.253895e-01   1.757587e-01   1.618315e+00   1.556419e-01   3.518577e-01   4.695483e-01   4.458819e-01   9.003354e-02   4.018811e-04   6.592288e-02   7.435486e-01   7.332355e-01   8.103019e-01   1.159079e-03   3.002398e-02
   116  -2.716761e-01  -2.893311e-01   1.910863e-01   1.360617e+00   1.526124e-01   3.417514e-01   5.151678e-01   4.929568e-01   9.093373e-02   2.845096e-04   6.050990e-02   7.641626e-01   7.539779e-01   8.184036e-01   9.338242e-04   2.851890e-02
   117  -2.356177e-01  -2.532728e-01   2.075549e-01   1.141497e+00   1.493470e-01   3.305402e-01   5.579178e-01   5.370686e-01   9.175884e-02   2.051887e-04   5.539053e-02   7.845362e-01   7.744689e-01   8.258295e-01   7.517286e-04   2.710598e-02
   118  -1.995594e-01  -2.172144e-01   2.252356e-01   9.552841e-01   1.458551e-01   3.179696e-01   5.980753e-01   5.784605e-01   9.251402e-02   1.502065e-04   5.067001e-02   8.046918e-01   7.947309e-01   8.326262e-01   6.046331e-04   2.577906e-02
   119  -1.635010e-01  -1.811561e-01   2.441848e-01   7.973799e-01   1.421376e-01   3.039816e-01   6.359306e-01   6.174153e-01   9.320429e-02   1.112828e-04   4.638110e-02   8.246506e-01   8.147858e-01   8.388386e-01   4.859040e-04   2.453218e-02
   120  -1.274427e-01  -1.450977e-01   2.644340e-01   6.636613e-01   1.382068e-01   2.884719e-01   6.717599e-01   6.542146e-01   9.383445e-02   8.324441e-05   4.251686e-02   8.444334e-01   8.346546e-01   8.445100e-01   3.901465e-04   2.335986e-02
   121  -9.138433e-02  -1.090394e-01   2.859436e-01   5.505918e-01   1.340759e-01   2.711933e-01   7.058068e-01   6.891169e-01   9.440910e-02   6.277160e-05   3.904721e-02   8.640600e-01   8.543575e-01   8.496819e-01   3.129807e-04   2.225683e-02
   122  -5.532598e-02  -7.298104e-02   3.087749e-01   4.552014e-01   1.297555e-01   2.519624e-01   7.382882e-01   7.223511e-01   9.493262e-02   4.764567e-05   3.593612e-02   8.835492e-01   8.739139e-01   8.543935e-01   2.508513e-04   2.121806e-02
   123  -1.926763e-02  -3.692268e-02   3.329240e-01   3.749370e-01   1.252611e-01   2.309216e-01   7.693925e-01   7.541187e-01   9.540910e-02   3.636254e-05   3.314632e-02   9.029190e-01   8.933421e-01   8.586819e-01   2.008728e-04   2.023888e-02
   124   1.679072e-02  -8.643344e-04   3.583171e-01   3.075762e-01   1.206096e-01   2.079548e-01   7.992830e-01   7.845948e-01   9.584241e-02   2.787867e-05   3.064086e-02   9.221865e-01   9.126596e-01   8.625817e-01   1.607050e-04   1.931500e-02
   125   5.284907e-02   3.519402e-02   3.849333e-01   2.512243e-01   1.158188e-01   1.831291e-01   8.281023e-01   8.139317e-01   9.623618e-02   2.145567e-05   2.838748e-02   9.413675e-01   9.318829e-01   8.661256e-01   1.284525e-04   1.844231e-02
   126   8.890742e-02   7.125237e-02   4.126947e-01   2.042396e-01   1.109125e-01   1.567779e-01   8.559745e-01   8.422620e-01   9.659376e-02   1.656522e-05   2.635611e-02   9.604771e-01   9.510274e-01   8.693438e-01   1.025800e-04   1.761705e-02
   127   1.249658e-01   1.073107e-01   4.414149e-01   1.651453e-01   1.058903e-01   1.288220e-01   8.830079e-01   8.697015e-01   9.691827e-02   1.282367e-05   2.452076e-02   9.795293e-01   9.701077e-01   8.722644e-01   8.184503e-05   1.683573e-02
   128   1.610241e-01   1.433691e-01   4.710651e-01   1.328090e-01   1.007951e-01   1.006856e-01   9.092986e-01   8.963522e-01   9.721261e-02   9.948976e-06   2.285866e-02   9.985371e-01   9.891372e-01   8.749135e-01   6.524324e-05   1.609519e-02
   129   1.970825e-01   1.794274e-01   5.015055e-01   1.061823e-01   9.565916e-02   7.184002e-02   9.349300e-01   9.223033e-01   9.747945e-02   7.733049e-06   2.134926e-02   1.017513e+00   1.008128e+00   8.773151e-01   5.196348e-05   1.539247e-02
   130   2.331408e-01   2.154858e-01   5.325392e-01   8.437507e-02   9.050796e-02   4.419552e-02   9.599766e-01   9.476338e-01   9.772124e-02   6.019734e-06   1.997529e-02   1.036467e+00   1.027093e+00   8.794912e-01   4.135106e-05   1.472488e-02
   131   2.691992e-01   2.515441e-01   5.640283e-01   6.661007e-02   8.537249e-02   1.824367e-02   9.845049e-01   9.724139e-01   9.794025e-02   4.691742e-06   1.872129e-02   1.055410e+00   1.046042e+00   8.814623e-01   3.287816e-05   1.408997e-02
   132   3.052575e-01   2.876025e-01   5.957493e-01   5.222059e-02   8.028891e-02  -7.243732e-03   1.008573e+00   9.967057e-01   9.813854e-02   3.660423e-06   1.757365e-02   1.074351e+00   1.064984e+00   8.832469e-01   2.611968e-05   1.348550e-02
   133   3.413159e-01   3.236608e-01   6.271781e-01   4.061818e-02   7.525545e-02  -2.767107e-02   1.032234e+00   1.020564e+00   9.831802e-02   2.858093e-06   1.652077e-02   1.093300e+00   1.083929e+00   8.848622e-01   2.073363e-05   1.290944e-02
   134   3.773742e-01   3.597192e-01   6.583759e-01   3.132978e-02   7.031853e-02  -4.665819e-02   1.055533e+00   1.044040e+00   9.848042e-02   2.233024e-06   1.555235e-02   1.112263e+00   1.102885e+00   8.863237e-01   1.644515e-05   1.235994e-02
   135   4.134326e-01   3.957775e-01   6.891159e-01   2.396991e-02   6.552029e-02  -6.361371e-02   1.078513e+00   1.067175e+00   9.862732e-02   1.745503e-06   1.465931e-02   1.131248e+00   1.121859e+00   8.876458e-01   1.303358e-05   1.183532e-02
   136   4.494909e-01   4.318359e-01   7.188762e-01   1.817931e-02   6.087180e-02  -7.559667e-02   1.101212e+00   1.090011e+00   9.876016e-02   1.364931e-06   1.383375e-02   1.150260e+00   1.140858e+00   8.888415e-01   1.032193e-05   1.133405e-02
   137   4.855493e-01   4.678942e-01   7.475771e-01   1.364637e-02   5.638680e-02  -8.609901e-02   1.123661e+00   1.112582e+00   9.888027e-02   1.067620e-06   1.306880e-02   1.169307e+00   1.159888e+00   8.899225e-01   8.168405e-06   1.085474e-02
   138   5.216076e-01   5.039526e-01   7.750617e-01   1.015133e-02   5.210895e-02  -9.452972e-02   1.145892e+00   1.134919e+00   9.898885e-02   8.352188e-07   1.235838e-02   1.188392e+00   1.178954e+00   8.908996e-01   6.459528e-06   1.039613e-02
   139   5.576660e-01   5.400109e-01   8.008590e-01   7.469398e-03   4.803475e-02  -1.011238e-01   1.167931e+00   1.157052e+00   9.908698e-02   6.534776e-07   1.169714e-02   1.207520e+00   1.198061e+00   8.917828e-01   5.104574e-06   9.957067e-03
   140   5.937243e-01   5.760693e-01   8.251053e-01   5.441249e-03   4.419004e-02  -1.056069e-01   1.189803e+00   1.179005e+00   9.917565e-02   5.113068e-07   1.108038e-02   1.226696e+00   1.217214e+00   8.925808e-01   4.031080e-06   9.536510e-03
   141   6.297827e-01   6.121276e-01   8.474123e-01   3.918786e-03   4.057560e-02  -1.085794e-01   1.211527e+00   1.200801e+00   9.925576e-02   4.000667e-07   1.050394e-02   1.245922e+00   1.236415e+00   8.933019e-01   3.181225e-06   9.133496e-03
   142   6.658410e-01   6.481860e-01   8.678382e-01   2.793519e-03   3.720466e-02  -1.102698e-01   1.233125e+00   1.222460e+00   9.932813e-02   3.130150e-07   9.964207e-03   1.265202e+00   1.255669e+00   8.939532e-01   2.508918e-06   8.747148e-03
   143   7.018994e-01   6.842443e-01   8.864007e-01   1.967959e-03   3.407271e-02  -1.108385e-01   1.254613e+00   1.244002e+00   9.939350e-02   2.448862e-07   9.457952e-03   1.284538e+00   1.274977e+00   8.945415e-01   1.977448e-06   8.376661e-03
   144   7.379577e-01   7.203027e-01   9.028564e-01   1.371742e-03   3.118164e-02  -1.102570e-01   1.276006e+00   1.265441e+00   9.945254e-02   1.915656e-07   8.982327e-03   1.303932e+00   1.294343e+00   8.950729e-01   1.557609e-06   8.021293e-03
   145   7.740161e-01   7.563610e-01   9.174627e-01   9.462196e-04   2.852438e-02  -1.085566e-01   1.297319e+00   1.286794e+00   9.950586e-02   1.498355e-07   8.534801e-03   1.323387e+00   1.313769e+00   8.955527e-01   1.226181e-06   7.680362e-03
   146   8.100744e-01   7.924194e-01   9.302867e-01   6.458394e-04   2.609197e-02  -1.058019e-01   1.318564e+00   1.308072e+00   9.955400e-02   1.171784e-07   8.113128e-03   1.342903e+00   1.333255e+00   8.959860e-01   9.647201e-07   7.353234e-03
   147   8.461328e-01   8.284777e-01   9.414239e-01   4.364848e-04   2.387346e-02  -1.021310e-01   1.339752e+00   1.329287e+00   9.959747e-02   9.162422e-08   7.715305e-03   1.362482e+00   1.352803e+00   8.963772e-01   7.585897e-07   7.039324e-03
   148   8.821911e-01   8.645361e-01   9.509728e-01   2.923896e-04   2.185479e-02  -9.762393e-02   1.360892e+00   1.350451e+00   9.963672e-02   7.163049e-08   7.339550e-03   1.382124e+00   1.372414e+00   8.967304e-01   5.961835e-07   6.738087e-03
   149   9.182495e-01   9.005944e-01   9.590891e-01   1.942809e-04   2.002052e-02  -9.240373e-02   1.381994e+00   1.371571e+00   9.967214e-02   5.598959e-08   6.984265e-03   1.401829e+00   1.392088e+00   8.970493e-01   4.683053e-07   6.449015e-03
   150   9.543078e-01   9.366528e-01   9.659700e-01   1.281624e-04   1.835496e-02  -8.662825e-02   1.403065e+00   1.392658e+00   9.970413e-02   4.375592e-08   6.648018e-03   1.421599e+00   1.411827e+00   8.973371e-01   3.676747e-07   6.171634e-03
   151   9.903662e-01   9.727111e-01   9.717623e-01   8.402303e-05   1.684235e-02  -8.045803e-02   1.424112e+00   1.413716e+00   9.973300e-02   3.418898e-08   6.329525e-03   1.441432e+00   1.431628e+00   8.975970e-01   2.885317e-07   5.905502e-03
   152   1.026425e+00   1.008769e+00   9.766115e-01   5.479375e-05   1.546749e-02  -7.414139e-02   1.445141e+00   1.434754e+00   9.975905e-02   2.670893e-08   6.027629e-03   1.461328e+00   1.451494e+00   8.978315e-01   2.263233e-07   5.650201e-03
   153   1.062483e+00   1.044828e+00   9.806531e-01   3.557898e-05   1.421639e-02  -6.774209e-02   1.466156e+00   1.455776e+00   9.978257e-02   2.086172e-08   5.741283e-03   1.481285e+00   1.471421e+00   8.980432e-01   1.774524e-07   5.405344e-03
   154   1.098541e+00   1.080886e+00   9.840104e-01   2.302297e-05   1.307599e-02  -6.153260e-02   1.487163e+00   1.476787e+00   9.980380e-02   1.629188e-08   5.469542e-03   1.501304e+00   1.491410e+00   8.982342e-01   1.390798e-07   5.170564e-03
   155   1.134600e+00   1.116945e+00   9.867902e-01   1.486022e-05   1.203462e-02  -5.553554e-02   1.508164e+00   1.497790e+00   9.982296e-02   1.272113e-08   5.211551e-03   1.521382e+00   1.511459e+00   8.984066e-01   1.089657e-07   4.945520e-03
   156   1.170658e+00   1.153003e+00   9.890896e-01   9.573546e-06   1.108214e-02  -4.989494e-02   1.529163e+00   1.518790e+00   9.984025e-02   9.931642e-09   4.966532e-03   1.541517e+00   1.531566e+00   8.985622e-01   8.534429e-08   4.729889e-03
   157   1.206716e+00   1.189061e+00   9.909837e-01   6.159780e-06   1.020963e-02  -4.466441e-02   1.550160e+00   1.539788e+00   9.985585e-02   7.752957e-09   4.733782e-03   1.561706e+00   1.551729e+00   8.987027e-01   6.682445e-08   4.523372e-03
   158   1.242775e+00   1.225120e+00   9.925413e-01   3.960331e-06   9.409245e-03  -3.982789e-02   1.571159e+00   1.560786e+00   9.986993e-02   6.051695e-09   4.512660e-03   1.581947e+00   1.571945e+00   8.988294e-01   5.231097e-08   4.325688e-03
   159   1.278833e+00   1.261178e+00   9.938275e-01   2.545326e-06   8.674191e-03  -3.544699e-02   1.592158e+00   1.581785e+00   9.988264e-02   4.723517e-09   4.302586e-03   1.602237e+00   1.592211e+00   8.989438e-01   4.094204e-08   4.136580e-03
   160   1.314891e+00   1.297236e+00   9.948888e-01   1.635893e-06   7.998445e-03  -3.148980e-02   1.613158e+00   1.602785e+00   9.989411e-02   3.686819e-09   4.103036e-03   1.622570e+00   1.612522e+00   8.990470e-01   3.204000e-08   3.955806e-03
   161   1.350950e+00   1.333295e+00   9.957650e-01   1.051696e-06   7.376702e-03  -2.791704e-02   1.634156e+00   1.623784e+00   9.990446e-02   2.877791e-09   3.913533e-03   1.642942e+00   1.632875e+00   8.991401e-01   2.507222e-08   3.783151e-03
   162   1.387008e+00   1.369353e+00   9.964892e-01   6.764840e-07   6.804328e-03  -2.472020e-02   1.655152e+00   1.644781e+00   9.991379e-02   2.246549e-09   3.733652e-03   1.663346e+00   1.653264e+00   8.992241e-01   1.962037e-08   3.618416e-03
   163   1.423066e+00   1.405411e+00   9.970879e-01   4.354340e-07   6.277139e-03  -2.188111e-02   1.676140e+00   1.665773e+00   9.992222e-02   1.754105e-09   3.563009e-03   1.683777e+00   1.673682e+00   8.993000e-01   1.535603e-08   3.461429e-03
   164   1.459125e+00   1.441470e+00   9.975802e-01   2.805086e-07   5.791430e-03  -1.934202e-02   1.697117e+00   1.686755e+00   9.992982e-02   1.369998e-09   3.401267e-03   1.704224e+00   1.694121e+00   8.993684e-01   1.202150e-08   3.312038e-03
   165   1.495183e+00   1.477528e+00   9.979869e-01   1.808727e-07   5.343910e-03  -1.707289e-02   1.718075e+00   1.707723e+00   9.993668e-02   1.070430e-09   3.248130e-03   1.724679e+00   1.714572e+00   8.994301e-01   9.414706e-09   3.170120e-03
   166   1.531241e+00   1.513586e+00   9.983246e-01   1.167447e-07   4.931646e-03  -1.506879e-02   1.739007e+00   1.728667e+00   9.994287e-02   8.368151e-10   3.103342e-03   1.745130e+00   1.735025e+00   8.994858e-01   7.377248e-09   3.035577e-03
   167   1.567300e+00   1.549645e+00   9.986050e-01   7.543746e-08   4.552012e-03  -1.327094e-02   1.759902e+00   1.749580e+00   9.994845e-02   6.546440e-10   2.966692e-03   1.765563e+00   1.755466e+00   8.995361e-01   5.785029e-09   2.908339e-03
   168   1.603358e+00   1.585703e+00   9.988382e-01   4.880388e-08   4.202692e-03  -1.163738e-02   1.780747e+00   1.770450e+00   9.995349e-02   5.125895e-10   2.838006e-03   1.785961e+00   1.775881e+00   8.995814e-01   4.540872e-09   2.788369e-03
   169   1.639416e+00   1.621761e+00   9.990308e-01   3.161195e-08   3.881594e-03  -1.014866e-02   1.801528e+00   1.791262e+00   9.995804e-02   4.018123e-10   2.717157e-03   1.806305e+00   1.796252e+00   8.996223e-01   3.568712e-09   2.675660e-03
   170   1.675475e+00   1.657820e+00   9.991911e-01   2.050278e-08   3.586909e-03  -8.793522e-03   1.822226e+00   1.812001e+00   9.996214e-02   3.154162e-10   2.604056e-03   1.826574e+00   1.816558e+00   8.996593e-01   2.809040e-09   2.570242e-03
   171   1.711533e+00   1.693878e+00   9.993250e-01   1.331632e-08   3.317054e-03  -7.509693e-03   1.842819e+00   1.832645e+00   9.996584e-02   2.480220e-10   2.498658e-03   1.846740e+00   1.836774e+00   8.996926e-01   2.215313e-09   2.472178e-03
   172   1.747592e+00   1.729936e+00   9.994370e-01   8.663148e-09   3.071016e-03  -6.171421e-03   1.863282e+00   1.853171e+00   9.996918e-02   1.954350e-10   2.400961e-03   1.866775e+00   1.856873e+00   8.997226e-01   1.751149e-09   2.381570e-03
   173   1.783650e+00   1.765995e+00   9.995304e-01   5.645929e-09   2.847670e-03  -4.840758e-03   1.883585e+00   1.873552e+00   9.997219e-02   1.543847e-10   2.311005e-03   1.886643e+00   1.876823e+00   8.997498e-01   1.388116e-09   2.298555e-03
   174   1.819708e+00   1.802053e+00   9.996084e-01   3.687085e-09   2.646320e-03  -3.426984e-03   1.903693e+00   1.893755e+00   9.997491e-02   1.223221e-10   2.228870e-03   1.906306e+00   1.896586e+00   8.997742e-01   1.104005e-09   2.223303e-03
   175   1.855767e+00   1.838112e+00   9.996741e-01   2.413696e-09   2.466643e-03  -1.815231e-03   1.923567e+00   1.913744e+00   9.997737e-02   9.726055e-11   2.154677e-03   1.925721e+00   1.916122e+00   8.997963e-01   8.814758e-10   2.156016e-03
   176   1.891825e+00   1.874170e+00   9.997295e-01   1.584959e-09   2.309330e-03   3.048558e-04   1.943165e+00   1.933477e+00   9.997958e-02   7.765101e-11   2.088614e-03   1.944840e+00   1.935386e+00   8.998162e-01   7.069883e-10   2.096928e-03
   177   1.927883e+00   1.910228e+00   9.997764e-01   1.044680e-09   2.175269e-03   2.841495e-03   1.962442e+00   1.952911e+00   9.998158e-02   6.227818e-11   2.031203e-03   1.963613e+00   1.954328e+00   8.998342e-01   5.699573e-10   2.046370e-03
   178   1.963942e+00   1.946287e+00   9.998162e-01   6.916866e-10   2.066023e-03   5.986837e-03   1.981371e+00   1.972010e+00   9.998338e-02   5.015175e-11   1.984906e-03   1.981995e+00   1.972901e+00   8.998504e-01   4.619255e-10   2.005590e-03
   179   2.000000e+00   1.982345e+00   9.998500e-01   4.591982e-10   1.991058e-03   8.199137e-03   2.000000e+00   1.990785e+00   9.998500e-02   4.038337e-11   1.959199e-03   2.000000e+00   1.991091e+00   8.998650e-01   3.752552e-10   1.981874e-03
