     i          log_r       log_rmid          m_tot        rho_tot         v2_tot            eta     lgr[heavy]    lgrm[heavy]       m[heavy]     rho[heavy]      v2[heavy]     lgr[light]    lgrm[light]       m[light]     rho[light]      v2[light]
     0  -4.211439e+00  -4.512469e+00   1.016332e-07   1.302260e+06   2.432167e-01            nan  -4.211439e+00  -4.512469e+00   9.998500e-08   1.292330e+06   2.413198e-01  -3.045703e+00  -3.346733e+00   8.998650e-07   3.701764e+03   4.765471e-01
     1  -4.176738e+00  -4.193742e+00   1.289565e-07   1.295126e+06   2.427522e-01            nan  -4.189020e+00  -4.200085e+00   1.166721e-07   1.287686e+06   2.413178e-01  -3.017155e+00  -3.031195e+00   1.050049e-06   2.834058e+03   4.729494e-01
     2  -4.142038e+00  -4.159041e+00   1.636365e-07   1.294082e+06   2.427091e-01            nan  -4.166605e+00  -4.177668e+00   1.361439e-07   1.287183e+06   2.413176e-01  -2.988791e+00  -3.002742e+00   1.225295e-06   2.734598e+03   4.724449e-01
     3  -4.107337e+00  -4.124341e+00   2.076512e-07   1.292899e+06   2.426674e-01            nan  -4.144190e+00  -4.155253e+00   1.588651e-07   1.286626e+06   2.413173e-01  -2.960503e+00  -2.974417e+00   1.429786e-06   2.630870e+03   4.718756e-01
     4  -4.072636e+00  -4.089640e+00   2.635078e-07   1.291567e+06   2.426270e-01            nan  -4.121777e+00  -4.132839e+00   1.853780e-07   1.286008e+06   2.413171e-01  -2.932195e+00  -2.946118e+00   1.668402e-06   2.523114e+03   4.712328e-01
     5  -4.037935e+00  -4.054939e+00   3.343831e-07   1.290033e+06   2.425879e-01            nan  -4.099362e+00  -4.110425e+00   2.163150e-07   1.285325e+06   2.413168e-01  -2.903786e+00  -2.917758e+00   1.946835e-06   2.411676e+03   4.705070e-01
     6  -4.003234e+00  -4.020238e+00   4.243022e-07   1.288299e+06   2.425500e-01            nan  -4.076947e+00  -4.088010e+00   2.524142e-07   1.284569e+06   2.413164e-01  -2.875201e+00  -2.889258e+00   2.271728e-06   2.297004e+03   4.696869e-01
     7  -3.968534e+00  -3.985538e+00   5.383629e-07   1.286283e+06   2.425134e-01            nan  -4.054528e+00  -4.065593e+00   2.945370e-07   1.283732e+06   2.413161e-01  -2.846374e+00  -2.860548e+00   2.650833e-06   2.179646e+03   4.687602e-01
     8  -3.933833e+00  -3.950837e+00   6.830101e-07   1.283987e+06   2.424779e-01            nan  -4.032106e+00  -4.043172e+00   3.436881e-07   1.282805e+06   2.413157e-01  -2.817244e+00  -2.831565e+00   3.093193e-06   2.060245e+03   4.677126e-01
     9  -3.899132e+00  -3.916136e+00   8.664108e-07   1.281319e+06   2.424435e-01            nan  -4.009680e+00  -4.020748e+00   4.010398e-07   1.281778e+06   2.413152e-01  -2.787757e+00  -2.802250e+00   3.609358e-06   1.939526e+03   4.665279e-01
    10  -3.864431e+00  -3.881435e+00   1.098850e-06   1.278252e+06   2.424103e-01            nan  -3.987248e+00  -3.998319e+00   4.679601e-07   1.280642e+06   2.413147e-01  -2.757863e+00  -2.772553e+00   4.211641e-06   1.818276e+03   4.651870e-01
    11  -3.829731e+00  -3.846734e+00   1.393380e-06   1.274695e+06   2.423782e-01            nan  -3.964809e+00  -3.975883e+00   5.460446e-07   1.279385e+06   2.413142e-01  -2.727518e+00  -2.742426e+00   4.914402e-06   1.697394e+03   4.636710e-01
    12  -3.795030e+00  -3.812034e+00   1.766343e-06   1.270576e+06   2.423471e-01            nan  -3.942362e+00  -3.953441e+00   6.371554e-07   1.277993e+06   2.413135e-01  -2.696686e+00  -2.711828e+00   5.734398e-06   1.577881e+03   4.619663e-01
    13  -3.760329e+00  -3.777333e+00   2.238497e-06   1.265819e+06   2.423170e-01            nan  -3.919907e+00  -3.930990e+00   7.434644e-07   1.276452e+06   2.413129e-01  -2.665335e+00  -2.680728e+00   6.691180e-06   1.460608e+03   4.600498e-01
    14  -3.725628e+00  -3.742632e+00   2.835727e-06   1.260276e+06   2.422880e-01            nan  -3.897442e+00  -3.908529e+00   8.675058e-07   1.274747e+06   2.413121e-01  -2.633441e+00  -2.649096e+00   7.807552e-06   1.346397e+03   4.578938e-01
    15  -3.690927e+00  -3.707931e+00   3.590791e-06   1.253904e+06   2.422598e-01            nan  -3.874965e+00  -3.886058e+00   1.012236e-06   1.272860e+06   2.413113e-01  -2.600988e+00  -2.616912e+00   9.110122e-06   1.236120e+03   4.554798e-01
    16  -3.656227e+00  -3.673231e+00   4.544441e-06   1.246450e+06   2.422327e-01            nan  -3.852475e+00  -3.863574e+00   1.181103e-06   1.270773e+06   2.413103e-01  -2.567969e+00  -2.584165e+00   1.062993e-05   1.130597e+03   4.528002e-01
    17  -3.621526e+00  -3.638530e+00   5.747915e-06   1.237929e+06   2.422064e-01            nan  -3.829971e+00  -3.841077e+00   1.378130e-06   1.268463e+06   2.413093e-01  -2.534386e+00  -2.550853e+00   1.240317e-05   1.030366e+03   4.498227e-01
    18  -3.586825e+00  -3.603829e+00   7.264801e-06   1.227940e+06   2.421810e-01            nan  -3.807450e+00  -3.818565e+00   1.608010e-06   1.265908e+06   2.413081e-01  -2.500249e+00  -2.516982e+00   1.447209e-05   9.359416e+02   4.465344e-01
    19  -3.552124e+00  -3.569128e+00   9.174293e-06   1.216584e+06   2.421563e-01            nan  -3.784912e+00  -3.796035e+00   1.876216e-06   1.263082e+06   2.413068e-01  -2.465580e+00  -2.482569e+00   1.688595e-05   8.477408e+02   4.429464e-01
    20  -3.517424e+00  -3.534427e+00   1.157437e-05   1.203288e+06   2.421325e-01            nan  -3.762353e+00  -3.773486e+00   2.189133e-06   1.259957e+06   2.413054e-01  -2.430407e+00  -2.447638e+00   1.970220e-05   7.658736e+02   4.390178e-01
    21  -3.482723e+00  -3.499727e+00   1.458555e-05   1.188241e+06   2.421093e-01            nan  -3.739772e+00  -3.750916e+00   2.554206e-06   1.256502e+06   2.413038e-01  -2.394769e+00  -2.412222e+00   2.298786e-05   6.904915e+02   4.347976e-01
    22  -3.448022e+00  -3.465026e+00   1.835608e-05   1.170737e+06   2.420868e-01            nan  -3.717165e+00  -3.728322e+00   2.980121e-06   1.252683e+06   2.413021e-01  -2.358709e+00  -2.376365e+00   2.682109e-05   6.214794e+02   4.302671e-01
    23  -3.413321e+00  -3.430325e+00   2.306581e-05   1.151043e+06   2.420649e-01            nan  -3.694531e+00  -3.705701e+00   3.477003e-06   1.248463e+06   2.413001e-01  -2.322279e+00  -2.340112e+00   3.129303e-05   5.586636e+02   4.254524e-01
    24  -3.378620e+00  -3.395624e+00   2.893306e-05   1.128281e+06   2.420435e-01            nan  -3.671866e+00  -3.683051e+00   4.056664e-06   1.243802e+06   2.412980e-01  -2.285530e+00  -2.303516e+00   3.650997e-05   5.017735e+02   4.203890e-01
    25  -3.343920e+00  -3.360924e+00   3.622043e-05   1.102885e+06   2.420225e-01            nan  -3.649166e+00  -3.660368e+00   4.732872e-06   1.238653e+06   2.412956e-01  -2.248519e+00  -2.266630e+00   4.259585e-05   4.504628e+02   4.150815e-01
    26  -3.309219e+00  -3.326223e+00   4.523580e-05   1.073850e+06   2.420018e-01            nan  -3.626428e+00  -3.637649e+00   5.521683e-06   1.232970e+06   2.412929e-01  -2.211298e+00  -2.229510e+00   4.969515e-05   4.043428e+02   4.096071e-01
    27  -3.274518e+00  -3.291522e+00   5.635568e-05   1.041697e+06   2.419813e-01            nan  -3.603648e+00  -3.614889e+00   6.441814e-06   1.226698e+06   2.412899e-01  -2.173923e+00  -2.192209e+00   5.797633e-05   3.630092e+02   4.039582e-01
    28  -3.239817e+00  -3.256821e+00   6.998254e-05   1.005662e+06   2.419608e-01            nan  -3.580820e+00  -3.592084e+00   7.515084e-06   1.219780e+06   2.412865e-01  -2.136441e+00  -2.154778e+00   6.763576e-05   3.260262e+02   3.982275e-01
    29  -3.205117e+00  -3.222120e+00   8.663741e-05   9.659992e+05   2.419401e-01            nan  -3.557940e+00  -3.569229e+00   8.766923e-06   1.212153e+06   2.412828e-01  -2.098900e+00  -2.117265e+00   7.890231e-05   2.929978e+02   3.924097e-01
    30  -3.170416e+00  -3.187420e+00   1.068296e-04   9.228212e+05   2.419192e-01            nan  -3.535001e+00  -3.546319e+00   1.022697e-05   1.203749e+06   2.412787e-01  -2.061339e+00  -2.079714e+00   9.204273e-05   2.635095e+02   3.865834e-01
    31  -3.135715e+00  -3.152719e+00   1.311825e-04   8.755216e+05   2.418976e-01            nan  -3.511997e+00  -3.523347e+00   1.192976e-05   1.194494e+06   2.412741e-01  -2.023794e+00  -2.042161e+00   1.073678e-04   2.372015e+02   3.807595e-01
    32  -3.101014e+00  -3.118018e+00   1.603933e-04   8.252387e+05   2.418754e-01            nan  -3.488921e+00  -3.500306e+00   1.391553e-05   1.184310e+06   2.412689e-01  -1.986295e+00  -2.004640e+00   1.252398e-04   2.137234e+02   3.749803e-01
    33  -3.066313e+00  -3.083317e+00   1.950484e-04   7.720603e+05   2.418520e-01            nan  -3.465764e+00  -3.477188e+00   1.623115e-05   1.173111e+06   2.412632e-01  -1.948866e+00  -1.967177e+00   1.460803e-04   1.927595e+02   3.692811e-01
    34  -3.031613e+00  -3.048617e+00   2.358898e-04   7.159165e+05   2.418270e-01            nan  -3.442518e+00  -3.453985e+00   1.893121e-05   1.160807e+06   2.412567e-01  -1.911528e+00  -1.929796e+00   1.703808e-04   1.740370e+02   3.636583e-01
    35  -2.996912e+00  -3.013916e+00   2.836676e-04   6.582789e+05   2.417930e-01   4.864087e-01  -3.419172e+00  -3.430688e+00   2.207926e-05   1.147301e+06   2.412495e-01  -1.874296e+00  -1.892513e+00   1.987134e-04   1.572850e+02   3.581715e-01
    36  -2.962211e+00  -2.979215e+00   3.390501e-04   5.998724e+05   2.417455e-01   4.856585e-01  -3.395715e+00  -3.407285e+00   2.574932e-05   1.132493e+06   2.412414e-01  -1.837183e+00  -1.855343e+00   2.317439e-04   1.423024e+02   3.527739e-01
    37  -2.927510e+00  -2.944514e+00   4.026242e-04   5.415208e+05   2.416877e-01   4.847904e-01  -3.372133e+00  -3.383764e+00   3.002750e-05   1.116274e+06   2.412324e-01  -1.800196e+00  -1.818296e+00   2.702475e-04   1.288611e+02   3.475424e-01
    38  -2.892810e+00  -2.909813e+00   4.745990e-04   4.838984e+05   2.416162e-01   4.837796e-01  -3.348414e+00  -3.360112e+00   3.501400e-05   1.098534e+06   2.412222e-01  -1.763344e+00  -1.781380e+00   3.151260e-04   1.168168e+02   3.423969e-01
    39  -2.858109e+00  -2.875113e+00   5.555415e-04   4.279524e+05   2.415283e-01   4.826363e-01  -3.324541e+00  -3.336313e+00   4.082538e-05   1.079159e+06   2.412107e-01  -1.726627e+00  -1.744598e+00   3.674284e-04   1.059818e+02   3.374221e-01
    40  -2.823408e+00  -2.840412e+00   6.456968e-04   3.747840e+05   2.414210e-01   4.813462e-01  -3.300495e+00  -3.312351e+00   4.759714e-05   1.058032e+06   2.411978e-01  -1.690053e+00  -1.707955e+00   4.283742e-04   9.625252e+01   3.325169e-01
    41  -2.788707e+00  -2.805711e+00   7.451776e-04   3.250868e+05   2.412903e-01   4.798974e-01  -3.276256e+00  -3.288206e+00   5.548679e-05   1.035036e+06   2.411832e-01  -1.653615e+00  -1.671452e+00   4.993811e-04   8.747761e+01   3.277641e-01
    42  -2.754006e+00  -2.771010e+00   8.540159e-04   2.794012e+05   2.411312e-01   4.782623e-01  -3.251802e+00  -3.263857e+00   6.467734e-05   1.010056e+06   2.411667e-01  -1.617322e+00  -1.635089e+00   5.820960e-04   7.957996e+01   3.230563e-01
    43  -2.719306e+00  -2.736310e+00   9.712845e-04   2.379744e+05   2.409367e-01   4.764217e-01  -3.227107e+00  -3.239279e+00   7.538125e-05   9.829834e+05   2.411480e-01  -1.581165e+00  -1.598867e+00   6.784313e-04   7.244118e+01   3.184637e-01
    44  -2.684605e+00  -2.701609e+00   1.096845e-03   2.008758e+05   2.406957e-01   4.744244e-01  -3.202140e+00  -3.214444e+00   8.784517e-05   9.537157e+05   2.411267e-01  -1.545150e+00  -1.562784e+00   7.906065e-04   6.600069e+01   3.138854e-01
    45  -2.649904e+00  -2.666908e+00   1.230810e-03   1.683298e+05   2.404038e-01   4.722479e-01  -3.176870e+00  -3.189322e+00   1.023551e-04   9.221647e+05   2.411023e-01  -1.509270e+00  -1.526839e+00   9.211963e-04   6.016668e+01   3.093774e-01
    46  -2.615203e+00  -2.632207e+00   1.373338e-03   1.401912e+05   2.400558e-01   4.698775e-01  -3.151259e+00  -3.163876e+00   1.192428e-04   8.882599e+05   2.410745e-01  -1.473527e+00  -1.491031e+00   1.073185e-03   5.489079e+01   3.048471e-01
    47  -2.580503e+00  -2.597506e+00   1.524372e-03   1.161663e+05   2.396527e-01   4.673037e-01  -3.125262e+00  -3.138066e+00   1.388921e-04   8.519551e+05   2.410426e-01  -1.437914e+00  -1.455356e+00   1.250029e-03   5.010021e+01   3.003467e-01
    48  -2.545802e+00  -2.562806e+00   1.679248e-03   9.568683e+04   2.391574e-01   4.646315e-01  -3.098832e+00  -3.111846e+00   1.617478e-04   8.132354e+05   2.410058e-01  -1.402432e+00  -1.419811e+00   1.455730e-03   4.575528e+01   2.957984e-01
    49  -2.511101e+00  -2.528105e+00   1.842928e-03   7.851840e+04   2.385659e-01   4.618461e-01  -3.071912e+00  -3.085163e+00   1.883238e-04   7.721252e+05   2.409631e-01  -1.367071e+00  -1.384392e+00   1.694914e-03   4.179942e+01   2.912468e-01
    50  -2.476400e+00  -2.493404e+00   2.014220e-03   6.429443e+04   2.379167e-01   4.588418e-01  -3.044437e+00  -3.057957e+00   2.192140e-04   7.286975e+05   2.409135e-01  -1.331827e+00  -1.349092e+00   1.972926e-03   3.819810e+01   2.866428e-01
    51  -2.441699e+00  -2.458703e+00   2.188691e-03   5.247427e+04   2.371095e-01   4.559190e-01  -3.016334e+00  -3.030158e+00   2.551039e-04   6.830827e+05   2.408554e-01  -1.296689e+00  -1.313903e+00   2.295935e-03   3.490830e+01   2.820224e-01
    52  -2.406999e+00  -2.424003e+00   2.374312e-03   4.279721e+04   2.362152e-01   4.528857e-01  -2.987516e+00  -3.001686e+00   2.967831e-04   6.354790e+05   2.407870e-01  -1.261646e+00  -1.278814e+00   2.671048e-03   3.189930e+01   2.773727e-01
    53  -2.372298e+00  -2.389302e+00   2.560836e-03   3.487196e+04   2.352044e-01   4.498529e-01  -2.957884e+00  -2.972448e+00   3.451610e-04   5.861610e+05   2.407059e-01  -1.226681e+00  -1.243812e+00   3.106449e-03   2.913969e+01   2.727171e-01
    54  -2.337597e+00  -2.354601e+00   2.759217e-03   2.842062e+04   2.340380e-01   4.469596e-01  -2.927323e+00  -2.942335e+00   4.012824e-04   5.354890e+05   2.406091e-01  -1.191778e+00  -1.208879e+00   3.611542e-03   2.660228e+01   2.680817e-01
    55  -2.302896e+00  -2.319900e+00   2.960170e-03   2.316829e+04   2.327891e-01   4.440287e-01  -2.895699e+00  -2.911223e+00   4.663463e-04   4.839142e+05   2.404926e-01  -1.156915e+00  -1.173997e+00   4.197117e-03   2.426616e+01   2.634649e-01
    56  -2.268196e+00  -2.285199e+00   3.173399e-03   1.891488e+04   2.313523e-01   4.414136e-01  -2.862854e+00  -2.878966e+00   5.417261e-04   4.319816e+05   2.403510e-01  -1.122068e+00  -1.139142e+00   4.875535e-03   2.210771e+01   2.589298e-01
    57  -2.233495e+00  -2.250499e+00   3.389958e-03   1.545659e+04   2.298427e-01   4.388157e-01  -2.828605e+00  -2.845392e+00   6.289911e-04   3.803263e+05   2.401772e-01  -1.087214e+00  -1.104291e+00   5.660920e-03   2.011315e+01   2.544624e-01
    58  -2.198794e+00  -2.215798e+00   3.620937e-03   1.265911e+04   2.281708e-01   4.365662e-01  -2.792739e+00  -2.810302e+00   7.299314e-04   3.296632e+05   2.399616e-01  -1.052326e+00  -1.069420e+00   6.569382e-03   1.826745e+01   2.500902e-01
    59  -2.164093e+00  -2.181097e+00   3.855716e-03   1.038592e+04   2.264024e-01   4.345033e-01  -2.755006e+00  -2.773463e+00   8.465830e-04   2.807666e+05   2.396910e-01  -1.017381e+00  -1.034502e+00   7.619247e-03   1.655936e+01   2.458194e-01
    60  -2.129392e+00  -2.146396e+00   4.106112e-03   8.538485e+03   2.245540e-01   4.326612e-01  -2.715118e+00  -2.734604e+00   9.812558e-04   2.344388e+05   2.393472e-01  -9.823603e-01  -9.995178e-01   8.831303e-03   1.498070e+01   2.416251e-01
    61  -2.094692e+00  -2.111696e+00   4.364801e-03   7.040168e+03   2.225623e-01   4.312587e-01  -2.672742e+00  -2.693413e+00   1.136562e-03   1.914661e+05   2.389050e-01  -9.472442e-01  -9.644474e-01   1.022906e-02   1.352231e+01   2.375225e-01
    62  -2.059991e+00  -2.076995e+00   4.638512e-03   5.810943e+03   2.205991e-01   4.298570e-01  -2.627504e+00  -2.649534e+00   1.315444e-03   1.525640e+05   2.383290e-01  -9.120198e-01  -9.292749e-01   1.183900e-02   1.217801e+01   2.334839e-01
    63  -2.025290e+00  -2.042294e+00   4.926213e-03   4.816781e+03   2.184545e-01   4.291348e-01  -2.578993e+00  -2.602572e+00   1.521208e-03   1.183139e+05   2.375699e-01  -8.766792e-01  -8.939901e-01   1.369088e-02   1.094190e+01   2.294772e-01
    64  -1.990589e+00  -2.007593e+00   5.229173e-03   3.994563e+03   2.163937e-01   4.283279e-01  -2.526783e+00  -2.552104e+00   1.757548e-03   8.909909e+04   2.365598e-01  -8.412165e-01  -8.585860e-01   1.581793e-02   9.807297e+00   2.255063e-01
    65  -1.955889e+00  -1.972892e+00   5.550791e-03   3.326021e+03   2.142264e-01   4.280922e-01  -2.470462e+00  -2.497710e+00   2.028572e-03   6.505080e+04   2.352072e-01  -8.056299e-01  -8.230588e-01   1.825715e-02   8.768502e+00   2.215507e-01
    66  -1.921188e+00  -1.938192e+00   5.890159e-03   2.772543e+03   2.121164e-01   4.279269e-01  -2.409700e+00  -2.439019e+00   2.338830e-03   4.601883e+04   2.333942e-01  -7.699209e-01  -7.874085e-01   2.104947e-02   7.819846e+00   2.175899e-01
    67  -1.886487e+00  -1.903491e+00   6.251583e-03   2.316815e+03   2.100244e-01   4.280311e-01  -2.344335e+00  -2.375789e+00   2.693323e-03   3.158021e+04   2.309810e-01  -7.340930e-01  -7.516376e-01   2.423991e-02   6.955466e+00   2.136231e-01
    68  -1.851786e+00  -1.868790e+00   6.635718e-03   1.940213e+03   2.079643e-01   4.283297e-01  -2.274473e+00  -2.308001e+00   3.097518e-03   2.109328e+04   2.278231e-01  -6.981507e-01  -7.157501e-01   2.787766e-02   6.169677e+00   2.096520e-01
    69  -1.817085e+00  -1.834089e+00   7.045165e-03   1.626937e+03   2.059898e-01   4.287379e-01  -2.200576e+00  -2.235955e+00   3.557342e-03   1.379162e+04   2.238079e-01  -6.621010e-01  -6.797519e-01   3.201608e-02   5.457241e+00   2.056645e-01
    70  -1.782385e+00  -1.799389e+00   7.482935e-03   1.367875e+03   2.040672e-01   4.292910e-01  -2.123468e+00  -2.160313e+00   4.079169e-03   8.895161e+03   2.189039e-01  -6.259530e-01  -6.436510e-01   3.671252e-02   4.813070e+00   2.016497e-01
    71  -1.747684e+00  -1.764688e+00   7.950867e-03   1.150865e+03   2.022502e-01   4.299091e-01  -2.044246e+00  -2.082053e+00   4.669785e-03   5.707026e+03   2.132017e-01  -5.897168e-01  -6.074571e-01   4.202806e-02   4.232146e+00   1.976160e-01
    72  -1.712983e+00  -1.729987e+00   8.452358e-03   9.708474e+02   2.005288e-01   4.305112e-01  -1.964100e+00  -2.002327e+00   5.336336e-03   3.670489e+03   2.069158e-01  -5.534043e-01  -5.711811e-01   4.802703e-02   3.709779e+00   1.935580e-01
    73  -1.678282e+00  -1.695286e+00   8.990839e-03   8.196217e+02   1.989119e-01   4.311361e-01  -1.884122e+00  -1.922272e+00   6.086254e-03   2.380388e+03   2.003375e-01  -5.170296e-01  -5.348363e-01   5.477629e-02   3.241535e+00   1.894662e-01
    74  -1.643582e+00  -1.660585e+00   9.568662e-03   6.932274e+02   1.974204e-01   4.316483e-01  -1.805178e+00  -1.842858e+00   6.927149e-03   1.562382e+03   1.937624e-01  -4.806093e-01  -4.984378e-01   6.234434e-02   2.823178e+00   1.853309e-01
    75  -1.608881e+00  -1.625885e+00   1.019182e-02   5.869801e+02   1.960334e-01   4.320775e-01  -1.727874e+00  -1.764808e+00   7.866679e-03   1.039740e+03   1.874288e-01  -4.441615e-01  -4.620032e-01   7.080011e-02   2.450621e+00   1.811558e-01
    76  -1.574180e+00  -1.591184e+00   1.086150e-02   4.977211e+02   1.947714e-01   4.323571e-01  -1.652585e+00  -1.688600e+00   8.912390e-03   7.018894e+02   1.814874e-01  -4.077066e-01  -4.255517e-01   8.021151e-02   2.120006e+00   1.769366e-01
    77  -1.539479e+00  -1.556483e+00   1.158618e-02   4.225550e+02   1.936126e-01   4.324340e-01  -1.579510e+00  -1.614513e+00   1.007152e-02   4.804999e+02   1.760010e-01  -3.712673e-01  -3.891049e-01   9.064369e-02   1.827700e+00   1.726648e-01
    78  -1.504778e+00  -1.521782e+00   1.236664e-02   3.591801e+02   1.925614e-01   4.323418e-01  -1.508735e+00  -1.542682e+00   1.135078e-02   3.333576e+02   1.709596e-01  -3.348695e-01  -3.526872e-01   1.021570e-01   1.570264e+00   1.683321e-01
    79  -1.470078e+00  -1.487082e+00   1.321322e-02   3.056896e+02   1.915995e-01   4.319587e-01  -1.440270e+00  -1.473155e+00   1.275612e-02   2.341876e+02   1.663028e-01  -2.985411e-01  -3.163255e-01   1.148050e-01   1.344424e+00   1.639380e-01
    80  -1.435377e+00  -1.452381e+00   1.412753e-02   2.604599e+02   1.907179e-01   4.314106e-01  -1.374085e+00  -1.405918e+00   1.429243e-02   1.664420e+02   1.619409e-01  -2.623119e-01  -2.800488e-01   1.286319e-01   1.147083e+00   1.594840e-01
    81  -1.400676e+00  -1.417680e+00   1.512089e-02   2.221946e+02   1.898995e-01   4.305464e-01  -1.310120e+00  -1.340926e+00   1.596333e-02   1.195574e+02   1.577771e-01  -2.262144e-01  -2.438882e-01   1.436700e-01   9.753623e-01   1.549651e-01
    82  -1.365975e+00  -1.382979e+00   1.619713e-02   1.897469e+02   1.891258e-01   4.295594e-01  -1.248292e+00  -1.278107e+00   1.777087e-02   8.669697e+01   1.537259e-01  -1.902835e-01  -2.078775e-01   1.599378e-01   8.265672e-01   1.503775e-01
    83  -1.331275e+00  -1.348278e+00   1.736781e-02   1.622356e+02   1.883861e-01   4.282867e-01  -1.188490e+00  -1.217362e+00   1.971527e-02   6.337883e+01   1.497308e-01  -1.545556e-01  -1.720523e-01   1.774374e-01   6.981721e-01   1.457267e-01
    84  -1.296574e+00  -1.313578e+00   1.864003e-02   1.388265e+02   1.876516e-01   4.270187e-01  -1.130577e+00  -1.158569e+00   2.179475e-02   4.663107e+01   1.457735e-01  -1.190681e-01  -1.364495e-01   1.961527e-01   5.878344e-01   1.410195e-01
    85  -1.261873e+00  -1.278877e+00   2.002547e-02   1.189437e+02   1.869300e-01   4.255241e-01  -1.074387e+00  -1.101574e+00   2.400535e-02   3.446355e+01   1.418774e-01  -8.385965e-02  -1.011072e-01   2.160481e-01   4.934136e-01   1.362582e-01
    86  -1.227172e+00  -1.244176e+00   2.153448e-02   1.019457e+02   1.861812e-01   4.242595e-01  -1.019728e+00  -1.046199e+00   2.634082e-02   2.553256e+01   1.380953e-01  -4.896952e-02  -6.606430e-02   2.370673e-01   4.129443e-01   1.314495e-01
    87  -1.192471e+00  -1.209475e+00   2.318019e-02   8.746650e+01   1.854328e-01   4.229540e-01  -9.663921e-01  -9.922420e-01   2.879262e-02   1.892229e+01   1.344938e-01  -1.443556e-02  -3.135937e-02   2.591336e-01   3.446229e-01   1.266121e-01
    88  -1.157771e+00  -1.174775e+00   2.497399e-02   7.506280e+01   1.846620e-01   4.218949e-01  -9.141677e-01  -9.394954e-01   3.134998e-02   1.400200e+01   1.311327e-01   1.970456e-02   2.969885e-03   2.821498e-01   2.868433e-01   1.217542e-01
    89  -1.123070e+00  -1.140074e+00   2.693247e-02   6.443577e+01   1.838981e-01   4.210924e-01  -8.628574e-01  -8.877552e-01   3.400006e-02   1.033011e+01   1.280427e-01   5.341485e-02   3.688670e-02   3.060005e-01   2.381568e-01   1.168910e-01
    90  -1.088369e+00  -1.105373e+00   2.906813e-02   5.533739e+01   1.831313e-01   4.204912e-01  -8.122931e-01  -8.368398e-01   3.672816e-02   7.591409e+00   1.252187e-01   8.666231e-02   7.035666e-02   3.305535e-01   1.972694e-01   1.120436e-01
    91  -1.053668e+00  -1.070672e+00   3.139708e-02   4.748258e+01   1.824097e-01   4.202274e-01  -7.623444e-01  -7.866011e-01   3.951809e-02   5.554642e+00   1.226182e-01   1.194158e-01   1.033478e-01   3.556628e-01   1.630492e-01   1.072243e-01
    92  -1.018968e+00  -1.035972e+00   3.394242e-02   4.075088e+01   1.817151e-01   4.201032e-01  -7.129182e-01  -7.369285e-01   4.235249e-02   4.046458e+00   1.201811e-01   1.516489e-01   1.358313e-01   3.811724e-01   1.344904e-01   1.024582e-01
    93  -9.842668e-01  -1.001271e+00   3.670713e-02   3.495124e+01   1.810723e-01   4.200474e-01  -6.639494e-01  -6.877440e-01   4.521329e-02   2.934844e+00   1.178506e-01   1.833381e-01   1.677825e-01   4.069196e-01   1.107277e-01   9.775954e-02
    94  -9.495661e-01  -9.665700e-01   3.972309e-02   2.994897e+01   1.805152e-01   4.198952e-01  -6.153826e-01  -6.389874e-01   4.808216e-02   2.118940e+00   1.155878e-01   2.144645e-01   1.991801e-01   4.327394e-01   9.100575e-02   9.314889e-02
    95  -9.148653e-01  -9.318692e-01   4.301440e-02   2.566061e+01   1.799844e-01   4.195956e-01  -5.671621e-01  -5.906034e-01   5.094094e-02   1.522459e+00   1.133760e-01   2.450133e-01   2.300074e-01   4.584685e-01   7.467789e-02   8.864216e-02
    96  -8.801645e-01  -8.971684e-01   4.657809e-02   2.196571e+01   1.795171e-01   4.188579e-01  -5.192209e-01  -5.425303e-01   5.377208e-02   1.088000e+00   1.112103e-01   2.749740e-01   2.602519e-01   4.839488e-01   6.118998e-02   8.425507e-02
    97  -8.454637e-01  -8.624676e-01   5.046154e-02   1.879035e+01   1.790892e-01   4.176417e-01  -4.714746e-01  -4.946920e-01   5.655903e-02   7.727676e-01   1.090921e-01   3.043406e-01   2.899055e-01   5.090312e-01   5.007072e-02   8.000150e-02
    98  -8.107629e-01  -8.277668e-01   5.469400e-02   1.607456e+01   1.786288e-01   4.160192e-01  -4.238241e-01  -4.469962e-01   5.928652e-02   5.450925e-01   1.070262e-01   3.331111e-01   3.189641e-01   5.335787e-01   4.092157e-02   7.589229e-02
    99  -7.760622e-01  -7.930661e-01   5.927193e-02   1.374572e+01   1.781385e-01   4.138364e-01  -3.761512e-01  -3.993339e-01   6.194091e-02   3.814874e-01   1.050167e-01   3.612874e-01   3.474277e-01   5.574682e-01   3.340600e-02   7.193744e-02
   100  -7.413614e-01  -7.583653e-01   6.425321e-02   1.174967e+01   1.775892e-01   4.111754e-01  -3.283151e-01  -3.515749e-01   6.451030e-02   2.645964e-01   1.030697e-01   3.888749e-01   3.753002e-01   5.805927e-01   2.724230e-02   6.814294e-02
   101  -7.066606e-01  -7.236645e-01   6.967759e-02   1.004568e+01   1.769173e-01   4.081878e-01  -2.801550e-01  -3.035678e-01   6.698469e-02   1.816634e-01   1.011937e-01   4.158827e-01   4.025887e-01   6.028622e-01   2.219415e-02   6.451455e-02
   102  -6.719598e-01  -6.889637e-01   7.555926e-02   8.589627e+00   1.761048e-01   4.048611e-01  -2.314897e-01  -2.551410e-01   6.935597e-02   1.233030e-01   9.939649e-02   4.423223e-01   4.293037e-01   6.242038e-01   1.806532e-02   6.105375e-02
   103  -6.372591e-01  -6.542630e-01   8.194199e-02   7.340711e+00   1.751607e-01   4.012296e-01  -1.821117e-01  -2.060993e-01   7.161799e-02   8.261226e-02   9.769053e-02   4.682083e-01   4.554582e-01   6.445619e-01   1.469204e-02   5.776255e-02
   104  -6.025583e-01  -6.195622e-01   8.888801e-02   6.273749e+00   1.740343e-01   3.973255e-01  -1.317972e-01  -1.562262e-01   7.376638e-02   5.456123e-02   9.608976e-02   4.935572e-01   4.810677e-01   6.638974e-01   1.193931e-02   5.463859e-02
   105  -5.678575e-01  -5.848614e-01   9.644154e-02   5.361306e+00   1.727188e-01   3.931312e-01  -8.031522e-02  -1.052938e-01   7.579851e-02   3.547829e-02   9.460358e-02   5.183877e-01   5.061499e-01   6.821866e-01   9.694895e-03   5.168095e-02
   106  -5.331567e-01  -5.501606e-01   1.046075e-01   4.578887e+00   1.712234e-01   3.886152e-01  -2.743959e-02  -5.307320e-02   7.771330e-02   2.269190e-02   9.323970e-02   5.427197e-01   5.307241e-01   6.994197e-01   7.866796e-03   4.888461e-02
   107  -4.984559e-01  -5.154598e-01   1.134803e-01   3.908146e+00   1.695335e-01   3.837005e-01   2.698756e-02   6.260454e-04   7.951106e-02   1.428319e-02   9.196831e-02   5.665749e-01   5.548111e-01   7.155996e-01   6.378857e-03   4.624612e-02
   108  -4.637552e-01  -4.807591e-01   1.231132e-01   3.333682e+00   1.676330e-01   3.783321e-01   8.300417e-02   5.589839e-02   8.119333e-02   8.864775e-03   9.072126e-02   5.899758e-01   5.784329e-01   7.307399e-01   5.168810e-03   4.375927e-02
   109  -4.290544e-01  -4.460583e-01   1.335391e-01   2.841369e+00   1.655226e-01   3.724668e-01   1.404124e-01   1.126562e-01   8.276263e-02   5.451918e-03   8.933463e-02   6.129455e-01   6.016125e-01   7.448636e-01   4.185422e-03   4.141844e-02
   110  -3.943536e-01  -4.113575e-01   1.448008e-01   2.418412e+00   1.632231e-01   3.659918e-01   1.986583e-01   1.705111e-01   8.422234e-02   3.351626e-03   8.752407e-02   6.355080e-01   6.243733e-01   7.580011e-01   3.386790e-03   3.921716e-02
   111  -3.596528e-01  -3.766567e-01   1.569844e-01   2.055926e+00   1.607087e-01   3.588210e-01   2.568253e-01   2.287149e-01   8.557652e-02   2.082765e-03   8.494702e-02   6.576873e-01   6.467392e-01   7.701887e-01   2.738655e-03   3.714837e-02
   112  -3.249521e-01  -3.419560e-01   1.701448e-01   1.745320e+00   1.579781e-01   3.508687e-01   3.137925e-01   2.862423e-01   8.682971e-02   1.322667e-03   8.135776e-02   6.795078e-01   6.687346e-01   7.814674e-01   2.212969e-03   3.520573e-02
   113  -2.902513e-01  -3.072552e-01   1.842898e-01   1.479095e+00   1.550410e-01   3.420299e-01   3.685421e-01   3.420295e-01   8.798682e-02   8.643552e-04   7.678509e-02   7.009937e-01   6.903836e-01   7.918814e-01   1.786895e-03   3.338190e-02
   114  -2.555505e-01  -2.725544e-01   1.994968e-01   1.250909e+00   1.519084e-01   3.321271e-01   4.204111e-01   3.952505e-01   8.905301e-02   5.820484e-04   7.153586e-02   7.221690e-01   7.117104e-01   8.014771e-01   1.441775e-03   3.167016e-02
   115  -2.208497e-01  -2.378536e-01   2.158267e-01   1.055748e+00   1.485688e-01   3.211077e-01   4.691421e-01   4.454598e-01   9.003354e-02   4.027756e-04   6.602109e-02   7.430578e-01   7.327390e-01   8.103019e-01   1.162412e-03   3.006380e-02
   116  -1.861490e-01  -2.031529e-01   2.333015e-01   8.889806e-01   1.450259e-01   3.088647e-01   5.147824e-01   4.925615e-01   9.093373e-02   2.851575e-04   6.058731e-02   7.636831e-01   7.534929e-01   8.184036e-01   9.364394e-04   2.855602e-02
   117  -1.514482e-01  -1.684521e-01   2.519220e-01   7.465341e-01   1.412982e-01   2.950889e-01   5.575458e-01   5.366903e-01   9.175884e-02   2.056608e-04   5.545338e-02   7.840680e-01   7.739952e-01   8.258295e-01   7.537778e-04   2.714061e-02
   118  -1.167474e-01  -1.337513e-01   2.717605e-01   6.251521e-01   1.373863e-01   2.797903e-01   5.977127e-01   5.780934e-01   9.251402e-02   1.505529e-04   5.072246e-02   8.042346e-01   7.942683e-01   8.326262e-01   6.062368e-04   2.581139e-02
   119  -8.204662e-02  -9.905052e-02   2.928222e-01   5.219172e-01   1.332948e-01   2.629193e-01   6.355749e-01   6.170562e-01   9.320429e-02   1.115388e-04   4.642586e-02   8.242043e-01   8.143342e-01   8.388386e-01   4.871575e-04   2.456239e-02
   120  -4.734585e-02  -6.434975e-02   3.150482e-01   4.342619e-01   1.290382e-01   2.441479e-01   6.714097e-01   6.538618e-01   9.383445e-02   8.343462e-05   4.255566e-02   8.439977e-01   8.342138e-01   8.445100e-01   3.911249e-04   2.338810e-02
   121  -1.264507e-02  -2.964897e-02   3.384905e-01   3.600290e-01   1.246307e-01   2.236133e-01   7.054616e-01   6.887693e-01   9.440910e-02   6.291335e-05   3.908145e-02   8.636349e-01   8.539273e-01   8.496819e-01   3.137434e-04   2.228324e-02
   122   2.205571e-02   5.051807e-03   3.630977e-01   2.973348e-01   1.200821e-01   2.013649e-01   7.379476e-01   7.220083e-01   9.493262e-02   4.775183e-05   3.596662e-02   8.831346e-01   8.734942e-01   8.543935e-01   2.514451e-04   2.124276e-02
   123   5.675648e-02   3.975258e-02   3.887842e-01   2.445367e-01   1.154101e-01   1.773331e-01   7.690565e-01   7.537805e-01   9.540910e-02   3.644220e-05   3.317378e-02   9.025147e-01   8.929327e-01   8.586819e-01   2.013344e-04   2.026199e-02
   124   9.145726e-02   7.445336e-02   4.155380e-01   2.002195e-01   1.106341e-01   1.519679e-01   7.989516e-01   7.842612e-01   9.584241e-02   2.793865e-05   3.066572e-02   9.217923e-01   9.122605e-01   8.625817e-01   1.610635e-04   1.933663e-02
   125   1.261580e-01   1.091541e-01   4.432237e-01   1.631505e-01   1.057732e-01   1.251222e-01   8.277758e-01   8.136028e-01   9.623618e-02   2.150089e-05   2.841016e-02   9.409835e-01   9.314939e-01   8.661256e-01   1.287305e-04   1.846255e-02
   126   1.608588e-01   1.438549e-01   4.717548e-01   1.322758e-01   1.008483e-01   9.833281e-02   8.556529e-01   8.419380e-01   9.659376e-02   1.659938e-05   2.637687e-02   9.601030e-01   9.506485e-01   8.693438e-01   1.027953e-04   1.763599e-02
   127   1.955596e-01   1.785557e-01   5.010126e-01   1.066589e-01   9.588786e-02   7.080083e-02   8.826915e-01   8.693826e-01   9.691827e-02   1.284950e-05   2.453986e-02   9.791651e-01   9.697386e-01   8.722644e-01   8.201154e-05   1.685345e-02
   128   2.302604e-01   2.132565e-01   5.308130e-01   8.551205e-02   9.091296e-02   4.442737e-02   9.089875e-01   8.960385e-01   9.721261e-02   9.968525e-06   2.287626e-02   9.981826e-01   9.887779e-01   8.749135e-01   6.537189e-05   1.611177e-02
   129   2.649611e-01   2.479572e-01   5.610339e-01   6.814041e-02   8.595171e-02   1.940095e-02   9.346244e-01   9.219951e-01   9.747945e-02   7.747855e-06   2.136553e-02   1.017168e+00   1.007779e+00   8.773151e-01   5.206275e-05   1.540798e-02
   130   2.996619e-01   2.826580e-01   5.914669e-01   5.394668e-02   8.103486e-02  -4.933769e-03   9.596768e-01   9.473313e-01   9.772124e-02   6.030950e-06   1.999036e-02   1.036131e+00   1.026753e+00   8.794912e-01   4.142757e-05   1.473938e-02
   131   3.343627e-01   3.173588e-01   6.218805e-01   4.242353e-02   7.617912e-02  -2.478804e-02   9.842110e-01   9.721171e-01   9.794025e-02   4.700241e-06   1.873527e-02   1.055084e+00   1.045711e+00   8.814623e-01   3.293706e-05   1.410352e-02
   132   3.690635e-01   3.520596e-01   6.518889e-01   3.309496e-02   7.140101e-02  -4.391106e-02   1.008285e+00   9.964149e-01   9.813854e-02   3.666864e-06   1.758663e-02   1.074035e+00   1.064663e+00   8.832469e-01   2.616497e-05   1.349816e-02
   133   4.037643e-01   3.867604e-01   6.814755e-01   2.561563e-02   6.673418e-02  -5.977567e-02   1.031952e+00   1.020280e+00   9.831802e-02   2.862973e-06   1.653283e-02   1.092992e+00   1.083617e+00   8.848622e-01   2.076842e-05   1.292127e-02
   134   4.384650e-01   4.214611e-01   7.104588e-01   1.967086e-02   6.220997e-02  -7.240802e-02   1.055258e+00   1.043761e+00   9.848042e-02   2.236722e-06   1.556357e-02   1.111964e+00   1.102582e+00   8.863237e-01   1.647185e-05   1.237098e-02
   135   4.731658e-01   4.561619e-01   7.384111e-01   1.498089e-02   5.785012e-02  -8.342124e-02   1.078244e+00   1.066903e+00   9.862732e-02   1.748305e-06   1.466975e-02   1.130958e+00   1.121565e+00   8.876458e-01   1.305405e-05   1.184562e-02
   136   5.078666e-01   4.908627e-01   7.651732e-01   1.129556e-02   5.365084e-02  -9.245906e-02   1.100949e+00   1.089745e+00   9.876016e-02   1.367053e-06   1.384346e-02   1.149979e+00   1.140573e+00   8.888415e-01   1.033760e-05   1.134365e-02
   137   5.425674e-01   5.255635e-01   7.907794e-01   8.442997e-03   4.965068e-02  -9.862551e-02   1.123405e+00   1.112322e+00   9.888027e-02   1.069226e-06   1.307784e-02   1.169034e+00   1.159611e+00   8.899225e-01   8.180390e-06   1.086369e-02
   138   5.772681e-01   5.602642e-01   8.146076e-01   6.248703e-03   4.585399e-02  -1.035508e-01   1.145643e+00   1.134666e+00   9.898885e-02   8.364353e-07   1.236679e-02   1.188127e+00   1.178686e+00   8.908996e-01   6.468687e-06   1.040446e-02
   139   6.119689e-01   5.949650e-01   8.370309e-01   4.578765e-03   4.227122e-02  -1.071554e-01   1.167688e+00   1.156805e+00   9.908698e-02   6.543980e-07   1.170496e-02   1.207264e+00   1.197801e+00   8.917828e-01   5.111566e-06   9.964827e-03
   140   6.466697e-01   6.296658e-01   8.575091e-01   3.321742e-03   3.891031e-02  -1.094611e-01   1.189566e+00   1.178765e+00   9.917565e-02   5.120031e-07   1.108765e-02   1.226448e+00   1.216962e+00   8.925808e-01   4.036412e-06   9.543730e-03
   141   6.813705e-01   6.643666e-01   8.763670e-01   2.385283e-03   3.577268e-02  -1.105889e-01   1.211297e+00   1.200567e+00   9.925576e-02   4.005932e-07   1.051070e-02   1.245682e+00   1.236171e+00   8.933019e-01   3.185288e-06   9.140209e-03
   142   7.160712e-01   6.990673e-01   8.932818e-01   1.695142e-03   3.285853e-02  -1.106079e-01   1.232901e+00   1.222233e+00   9.932813e-02   3.134130e-07   9.970484e-03   1.264969e+00   1.255432e+00   8.939532e-01   2.512010e-06   8.753387e-03
   143   7.507720e-01   7.337681e-01   9.084514e-01   1.193224e-03   3.016531e-02  -1.095749e-01   1.254395e+00   1.243781e+00   9.939350e-02   2.451869e-07   9.463783e-03   1.284313e+00   1.274749e+00   8.945415e-01   1.979800e-06   8.382455e-03
   144   7.854728e-01   7.684689e-01   9.219480e-01   8.312415e-04   2.768577e-02  -1.075835e-01   1.275795e+00   1.265227e+00   9.945254e-02   1.917926e-07   8.987739e-03   1.303715e+00   1.294122e+00   8.950729e-01   1.559396e-06   8.026671e-03
   145   8.201736e-01   8.031697e-01   9.337131e-01   5.737882e-04   2.541184e-02  -1.046668e-01   1.297114e+00   1.286586e+00   9.950586e-02   1.500069e-07   8.539823e-03   1.323177e+00   1.313555e+00   8.955527e-01   1.227537e-06   7.685350e-03
   146   8.548744e-01   8.378705e-01   9.439545e-01   3.926811e-04   2.333179e-02  -1.009140e-01   1.318366e+00   1.307870e+00   9.955400e-02   1.173077e-07   8.117784e-03   1.342700e+00   1.333048e+00   8.959860e-01   9.657484e-07   7.357858e-03
   147   8.895751e-01   8.725712e-01   9.528115e-01   2.665492e-04   2.143308e-02  -9.639340e-02   1.339559e+00   1.329092e+00   9.959747e-02   9.172172e-08   7.719621e-03   1.362285e+00   1.352603e+00   8.963772e-01   7.593687e-07   7.043607e-03
   148   9.242759e-01   9.072720e-01   9.604112e-01   1.795515e-04   1.970268e-02  -9.122571e-02   1.360706e+00   1.350261e+00   9.963672e-02   7.170397e-08   7.343548e-03   1.381934e+00   1.372221e+00   8.967304e-01   5.967732e-07   6.742052e-03
   149   9.589767e-01   9.419728e-01   9.668684e-01   1.201816e-04   1.812568e-02  -8.557600e-02   1.381814e+00   1.371388e+00   9.967214e-02   5.604494e-08   6.987965e-03   1.401646e+00   1.391902e+00   8.970493e-01   4.687513e-07   6.452683e-03
   150   9.936775e-01   9.766736e-01   9.723034e-01   7.999615e-05   1.668794e-02  -7.962300e-02   1.402890e+00   1.392480e+00   9.970413e-02   4.379758e-08   6.651441e-03   1.421422e+00   1.411647e+00   8.973371e-01   3.680116e-07   6.175024e-03
   151   1.028378e+00   1.011374e+00   9.768917e-01   5.299650e-05   1.537613e-02  -7.352482e-02   1.423943e+00   1.413544e+00   9.973300e-02   3.422032e-08   6.332689e-03   1.441261e+00   1.431455e+00   8.975970e-01   2.887860e-07   5.908633e-03
   152   1.063079e+00   1.046075e+00   9.807451e-01   3.497401e-05   1.417776e-02  -6.740067e-02   1.444977e+00   1.434587e+00   9.975905e-02   2.673248e-08   6.030550e-03   1.461163e+00   1.451326e+00   8.978315e-01   2.265150e-07   5.653091e-03
   153   1.097780e+00   1.080776e+00   9.839724e-01   2.300573e-05   1.308180e-02  -6.142712e-02   1.465998e+00   1.455615e+00   9.978257e-02   2.087941e-08   5.743979e-03   1.481127e+00   1.471260e+00   8.980432e-01   1.775968e-07   5.408008e-03
   154   1.132481e+00   1.115477e+00   9.866661e-01   1.509768e-05   1.207754e-02  -5.565270e-02   1.487010e+00   1.476631e+00   9.980380e-02   1.630516e-08   5.472028e-03   1.501152e+00   1.491255e+00   8.982342e-01   1.391885e-07   5.173018e-03
   155   1.167181e+00   1.150177e+00   9.889020e-01   9.890564e-06   1.115591e-02  -5.022834e-02   1.508017e+00   1.497640e+00   9.982296e-02   1.273108e-08   5.213840e-03   1.521235e+00   1.511309e+00   8.984066e-01   1.090474e-07   4.947777e-03
   156   1.201882e+00   1.184878e+00   9.907554e-01   6.471553e-06   1.030891e-02  -4.515570e-02   1.529020e+00   1.518646e+00   9.984025e-02   9.939096e-09   4.968637e-03   1.541376e+00   1.531422e+00   8.985622e-01   8.540554e-08   4.731963e-03
   157   1.236583e+00   1.219579e+00   9.923000e-01   4.231229e-06   9.529504e-03  -4.046441e-02   1.550023e+00   1.539649e+00   9.985585e-02   7.758531e-09   4.735715e-03   1.561571e+00   1.551590e+00   8.987027e-01   6.687034e-08   4.525274e-03
   158   1.271284e+00   1.254280e+00   9.935853e-01   2.765373e-06   8.811573e-03  -3.619597e-02   1.571027e+00   1.560652e+00   9.986993e-02   6.055857e-09   4.514432e-03   1.581817e+00   1.571812e+00   8.988294e-01   5.234529e-08   4.327431e-03
   159   1.305984e+00   1.288981e+00   9.946548e-01   1.807291e-06   8.149602e-03  -3.228552e-02   1.592031e+00   1.581656e+00   9.988264e-02   4.726620e-09   4.304208e-03   1.602112e+00   1.592083e+00   8.989438e-01   4.096766e-08   4.138172e-03
   160   1.340685e+00   1.323681e+00   9.955409e-01   1.181382e-06   7.538718e-03  -2.877718e-02   1.613036e+00   1.602660e+00   9.989411e-02   3.689127e-09   4.104515e-03   1.622450e+00   1.612400e+00   8.990470e-01   3.205907e-08   3.957258e-03
   161   1.375386e+00   1.358382e+00   9.962741e-01   7.725613e-07   6.974621e-03  -2.561736e-02   1.634039e+00   1.623664e+00   9.990446e-02   2.879502e-09   3.914879e-03   1.642827e+00   1.632758e+00   8.991401e-01   2.508638e-08   3.784469e-03
   162   1.410087e+00   1.393083e+00   9.968861e-01   5.055065e-07   6.453486e-03  -2.276709e-02   1.655040e+00   1.644666e+00   9.991379e-02   2.247814e-09   3.734872e-03   1.663236e+00   1.653151e+00   8.992241e-01   1.963084e-08   3.619610e-03
   163   1.444788e+00   1.427784e+00   9.973973e-01   3.310126e-07   5.971952e-03  -2.023849e-02   1.676033e+00   1.665663e+00   9.992222e-02   1.755036e-09   3.564109e-03   1.683671e+00   1.673574e+00   8.993000e-01   1.536373e-08   3.462504e-03
   164   1.479488e+00   1.462484e+00   9.978220e-01   2.169331e-07   5.526911e-03  -1.796543e-02   1.697014e+00   1.686650e+00   9.992982e-02   1.370679e-09   3.402253e-03   1.704124e+00   1.694018e+00   8.993684e-01   1.202714e-08   3.313000e-03
   165   1.514189e+00   1.497185e+00   9.981742e-01   1.422971e-07   5.115613e-03  -1.592166e-02   1.717977e+00   1.707622e+00   9.993668e-02   1.070925e-09   3.249006e-03   1.724584e+00   1.714474e+00   8.994301e-01   9.418799e-09   3.170974e-03
   166   1.548890e+00   1.531886e+00   9.984695e-01   9.342860e-08   4.735604e-03  -1.411353e-02   1.738914e+00   1.728572e+00   9.994287e-02   8.371714e-10   3.104112e-03   1.745040e+00   1.734932e+00   8.994858e-01   7.380189e-09   3.036326e-03
   167   1.583591e+00   1.566587e+00   9.987169e-01   6.141098e-08   4.384723e-03  -1.246496e-02   1.759814e+00   1.749490e+00   9.994845e-02   6.548972e-10   2.967359e-03   1.765477e+00   1.755379e+00   8.995361e-01   5.787114e-09   2.908987e-03
   168   1.618291e+00   1.601288e+00   9.989226e-01   4.040957e-08   4.060964e-03  -1.095811e-02   1.780664e+00   1.770364e+00   9.995349e-02   5.127662e-10   2.838572e-03   1.785881e+00   1.775799e+00   8.995814e-01   4.542321e-09   2.788917e-03
   169   1.652992e+00   1.635988e+00   9.990948e-01   2.662056e-08   3.762572e-03  -9.603493e-03   1.801451e+00   1.791182e+00   9.995804e-02   4.019325e-10   2.717622e-03   1.806230e+00   1.796175e+00   8.996223e-01   3.569691e-09   2.676109e-03
   170   1.687693e+00   1.670689e+00   9.992398e-01   1.755913e-08   3.488080e-03  -8.312621e-03   1.822154e+00   1.811926e+00   9.996214e-02   3.154947e-10   2.604420e-03   1.826505e+00   1.816486e+00   8.996593e-01   2.809672e-09   2.570592e-03
   171   1.722394e+00   1.705390e+00   9.993615e-01   1.159833e-08   3.236285e-03  -7.038943e-03   1.842753e+00   1.832576e+00   9.996584e-02   2.480699e-10   2.498920e-03   1.846677e+00   1.836708e+00   8.996926e-01   2.215692e-09   2.472429e-03
   172   1.757095e+00   1.740091e+00   9.994632e-01   7.672328e-09   3.006005e-03  -5.826791e-03   1.863222e+00   1.853108e+00   9.996918e-02   1.954607e-10   2.401119e-03   1.866718e+00   1.856813e+00   8.997226e-01   1.751343e-09   2.381719e-03
   173   1.791795e+00   1.774791e+00   9.995492e-01   5.083799e-09   2.796415e-03  -4.550627e-03   1.883531e+00   1.873495e+00   9.997219e-02   1.543943e-10   2.311055e-03   1.886592e+00   1.876769e+00   8.997498e-01   1.388177e-09   2.298598e-03
   174   1.826496e+00   1.809492e+00   9.996222e-01   3.375685e-09   2.607504e-03  -3.039738e-03   1.903646e+00   1.893705e+00   9.997491e-02   1.223203e-10   2.228807e-03   1.906262e+00   1.896539e+00   8.997742e-01   1.103973e-09   2.223237e-03
   175   1.861197e+00   1.844193e+00   9.996832e-01   2.246712e-09   2.438728e-03  -1.431921e-03   1.923529e+00   1.913701e+00   9.997737e-02   9.725071e-11   2.154495e-03   1.925685e+00   1.916082e+00   8.997963e-01   8.813771e-10   2.155836e-03
   176   1.895898e+00   1.878894e+00   9.997352e-01   1.499496e-09   2.290223e-03   4.989520e-04   1.943135e+00   1.933443e+00   9.997958e-02   7.763570e-11   2.088307e-03   1.944812e+00   1.935353e+00   8.998162e-01   7.068449e-10   2.096628e-03
   177   1.930598e+00   1.913595e+00   9.997796e-01   1.004375e-09   2.163387e-03   3.144715e-03   1.962422e+00   1.952885e+00   9.998158e-02   6.225934e-11   2.030760e-03   1.963593e+00   1.954304e+00   8.998342e-01   5.697850e-10   2.045941e-03
   178   1.965299e+00   1.948295e+00   9.998175e-01   6.756781e-10   2.060162e-03   6.210778e-03   1.981360e+00   1.971994e+00   9.998338e-02   5.013092e-11   1.984313e-03   1.981985e+00   1.972886e+00   8.998504e-01   4.617366e-10   2.005023e-03
   179   2.000000e+00   1.982996e+00   9.998500e-01   4.555271e-10   1.989539e-03   8.234439e-03   2.000000e+00   1.990780e+00   9.998500e-02   4.036149e-11   1.958447e-03   2.000000e+00   1.991086e+00   8.998650e-01   3.750584e-10   1.981158e-03
