     i          log_r       log_rmid          m_tot        rho_tot         v2_tot            eta     lgr[heavy]    lgrm[heavy]       m[heavy]     rho[heavy]      v2[heavy]     lgr[light]    lgrm[light]       m[light]     rho[light]      v2[light]
     0  -3.317476e+00  -3.618506e+00   1.073142e-07   2.881171e+03   1.596336e-01            nan  -3.317476e+00  -3.618506e+00   9.998500e-08   2.688334e+03   1.498505e-01  -2.614794e+00  -2.915824e+00   8.998650e-07   1.886599e+02   2.958739e-01
     1  -3.287769e+00  -3.302368e+00   1.317234e-07   2.877142e+03   1.595466e-01            nan  -3.295116e+00  -3.306152e+00   1.166721e-07   2.686234e+03   1.498502e-01  -2.592247e+00  -2.603374e+00   1.050049e-06   1.868321e+02   2.958090e-01
     2  -3.258063e+00  -3.272662e+00   1.616853e-07   2.876651e+03   1.595389e-01            nan  -3.272756e+00  -3.283792e+00   1.361439e-07   2.686007e+03   1.498502e-01  -2.569708e+00  -2.580831e+00   1.225295e-06   1.866334e+02   2.958018e-01
     3  -3.228356e+00  -3.242955e+00   1.984627e-07   2.876117e+03   1.595313e-01            nan  -3.250397e+00  -3.261433e+00   1.588651e-07   2.685755e+03   1.498502e-01  -2.547173e+00  -2.558294e+00   1.429786e-06   1.864137e+02   2.957939e-01
     4  -3.198649e+00  -3.213249e+00   2.436051e-07   2.875529e+03   1.595238e-01            nan  -3.228039e+00  -3.239074e+00   1.853780e-07   2.685475e+03   1.498501e-01  -2.524638e+00  -2.535759e+00   1.668402e-06   1.861705e+02   2.957852e-01
     5  -3.168943e+00  -3.183542e+00   2.990140e-07   2.874879e+03   1.595166e-01            nan  -3.205681e+00  -3.216716e+00   2.163150e-07   2.685165e+03   1.498501e-01  -2.502101e+00  -2.513224e+00   1.946835e-06   1.859017e+02   2.957755e-01
     6  -3.139236e+00  -3.153836e+00   3.670228e-07   2.874164e+03   1.595096e-01            nan  -3.183322e+00  -3.194358e+00   2.524142e-07   2.684822e+03   1.498500e-01  -2.479559e+00  -2.490684e+00   2.271728e-06   1.856043e+02   2.957647e-01
     7  -3.109530e+00  -3.124129e+00   4.504936e-07   2.873369e+03   1.595028e-01            nan  -3.160964e+00  -3.171999e+00   2.945370e-07   2.684442e+03   1.498500e-01  -2.457010e+00  -2.468138e+00   2.650833e-06   1.852755e+02   2.957527e-01
     8  -3.079823e+00  -3.094423e+00   5.529394e-07   2.872480e+03   1.594964e-01            nan  -3.138605e+00  -3.149640e+00   3.436881e-07   2.684021e+03   1.498499e-01  -2.434450e+00  -2.445583e+00   3.093193e-06   1.849121e+02   2.957394e-01
     9  -3.050117e+00  -3.064716e+00   6.786699e-07   2.871494e+03   1.594903e-01            nan  -3.116245e+00  -3.127281e+00   4.010398e-07   2.683554e+03   1.498499e-01  -2.411876e+00  -2.423016e+00   3.609358e-06   1.845105e+02   2.957247e-01
    10  -3.020410e+00  -3.035009e+00   8.329681e-07   2.870388e+03   1.594846e-01            nan  -3.093885e+00  -3.104921e+00   4.679601e-07   2.683037e+03   1.498498e-01  -2.389286e+00  -2.400434e+00   4.211641e-06   1.840669e+02   2.957084e-01
    11  -2.990703e+00  -3.005303e+00   1.022319e-06   2.869139e+03   1.594793e-01            nan  -3.071523e+00  -3.082560e+00   5.460446e-07   2.682463e+03   1.498498e-01  -2.366677e+00  -2.377835e+00   4.914402e-06   1.835769e+02   2.956902e-01
    12  -2.960997e+00  -2.975596e+00   1.254674e-06   2.867744e+03   1.594745e-01            nan  -3.049161e+00  -3.060198e+00   6.371554e-07   2.681828e+03   1.498497e-01  -2.344046e+00  -2.355214e+00   5.734398e-06   1.830360e+02   2.956701e-01
    13  -2.931290e+00  -2.945890e+00   1.539776e-06   2.866171e+03   1.594703e-01            nan  -3.026797e+00  -3.037835e+00   7.434644e-07   2.681125e+03   1.498496e-01  -2.321390e+00  -2.332570e+00   6.691180e-06   1.824390e+02   2.956477e-01
    14  -2.901584e+00  -2.916183e+00   1.889579e-06   2.864381e+03   1.594668e-01            nan  -3.004432e+00  -3.015471e+00   8.675058e-07   2.680345e+03   1.498495e-01  -2.298705e+00  -2.309899e+00   7.807552e-06   1.817806e+02   2.956228e-01
    15  -2.871877e+00  -2.886477e+00   2.318739e-06   2.862372e+03   1.594641e-01            nan  -2.982065e+00  -2.993105e+00   1.012236e-06   2.679481e+03   1.498494e-01  -2.275987e+00  -2.287197e+00   9.110122e-06   1.810547e+02   2.955952e-01
    16  -2.842171e+00  -2.856770e+00   2.845188e-06   2.860099e+03   1.594622e-01            nan  -2.959696e+00  -2.970737e+00   1.181103e-06   2.678524e+03   1.498493e-01  -2.253232e+00  -2.264461e+00   1.062993e-05   1.802549e+02   2.955645e-01
    17  -2.812464e+00  -2.827063e+00   3.490928e-06   2.857498e+03   1.594613e-01            nan  -2.937325e+00  -2.948367e+00   1.378130e-06   2.677464e+03   1.498491e-01  -2.230437e+00  -2.241685e+00   1.240317e-05   1.793741e+02   2.955303e-01
    18  -2.782757e+00  -2.797357e+00   4.282910e-06   2.854569e+03   1.594616e-01            nan  -2.914952e+00  -2.925994e+00   1.608010e-06   2.676289e+03   1.498490e-01  -2.207596e+00  -2.218866e+00   1.447209e-05   1.784049e+02   2.954924e-01
    19  -2.753051e+00  -2.767650e+00   5.254063e-06   2.851251e+03   1.594631e-01            nan  -2.892575e+00  -2.903619e+00   1.876216e-06   2.674988e+03   1.498488e-01  -2.184704e+00  -2.195999e+00   1.688595e-05   1.773393e+02   2.954501e-01
    20  -2.723344e+00  -2.737944e+00   6.444765e-06   2.847438e+03   1.594662e-01            nan  -2.870196e+00  -2.881241e+00   2.189133e-06   2.673547e+03   1.498487e-01  -2.161755e+00  -2.173078e+00   1.970220e-05   1.761685e+02   2.954031e-01
    21  -2.693638e+00  -2.708237e+00   7.904435e-06   2.843136e+03   1.594710e-01            nan  -2.847813e+00  -2.858860e+00   2.554206e-06   2.671951e+03   1.498485e-01  -2.138743e+00  -2.150096e+00   2.298786e-05   1.748835e+02   2.953508e-01
    22  -2.663931e+00  -2.678531e+00   9.693319e-06   2.838263e+03   1.594776e-01            nan  -2.825426e+00  -2.836475e+00   2.980121e-06   2.670183e+03   1.498483e-01  -2.115662e+00  -2.127049e+00   2.682109e-05   1.734744e+02   2.952925e-01
    23  -2.634225e+00  -2.648824e+00   1.188519e-05   2.832646e+03   1.594867e-01            nan  -2.803035e+00  -2.814086e+00   3.477003e-06   2.668225e+03   1.498480e-01  -2.092503e+00  -2.103928e+00   3.129303e-05   1.719312e+02   2.952276e-01
    24  -2.604518e+00  -2.619117e+00   1.457028e-05   2.826303e+03   1.594983e-01            nan  -2.780639e+00  -2.791693e+00   4.056664e-06   2.666056e+03   1.498477e-01  -2.069259e+00  -2.080726e+00   3.650997e-05   1.702432e+02   2.951551e-01
    25  -2.574812e+00  -2.589411e+00   1.785825e-05   2.819090e+03   1.595106e-01   4.905938e-01  -2.758238e+00  -2.769294e+00   4.732872e-06   2.663655e+03   1.498474e-01  -2.045921e+00  -2.057434e+00   4.259585e-05   1.683993e+02   2.950743e-01
    26  -2.545105e+00  -2.559704e+00   2.188307e-05   2.810697e+03   1.595232e-01   4.905741e-01  -2.735831e+00  -2.746890e+00   5.521683e-06   2.660997e+03   1.498471e-01  -2.022479e+00  -2.034042e+00   4.969515e-05   1.663882e+02   2.949841e-01
    27  -2.515398e+00  -2.529998e+00   2.680832e-05   2.801190e+03   1.595372e-01   4.905511e-01  -2.713418e+00  -2.724480e+00   6.441814e-06   2.658053e+03   1.498467e-01  -1.998921e+00  -2.010540e+00   5.797633e-05   1.641984e+02   2.948834e-01
    28  -2.485692e+00  -2.500291e+00   3.283190e-05   2.790441e+03   1.595530e-01   4.905248e-01  -2.690997e+00  -2.702063e+00   7.515084e-06   2.654795e+03   1.498463e-01  -1.975237e+00  -1.986918e+00   6.763576e-05   1.618185e+02   2.947708e-01
    29  -2.455985e+00  -2.470585e+00   4.019415e-05   2.778019e+03   1.595719e-01   4.904950e-01  -2.668568e+00  -2.679638e+00   8.766923e-06   2.651190e+03   1.498459e-01  -1.951413e+00  -1.963162e+00   7.890231e-05   1.592372e+02   2.946448e-01
    30  -2.426279e+00  -2.440878e+00   4.918856e-05   2.763964e+03   1.595931e-01   4.904605e-01  -2.646130e+00  -2.657204e+00   1.022697e-05   2.647199e+03   1.498454e-01  -1.927435e+00  -1.939259e+00   9.204273e-05   1.564437e+02   2.945037e-01
    31  -2.396572e+00  -2.411171e+00   6.016842e-05   2.748109e+03   1.596169e-01   4.904209e-01  -2.623683e+00  -2.634762e+00   1.192976e-05   2.642784e+03   1.498448e-01  -1.903288e+00  -1.915194e+00   1.073678e-04   1.534278e+02   2.943456e-01
    32  -2.366866e+00  -2.381465e+00   7.355762e-05   2.729923e+03   1.596451e-01   4.903760e-01  -2.601224e+00  -2.612309e+00   1.391553e-05   2.637899e+03   1.498442e-01  -1.878955e+00  -1.890951e+00   1.252398e-04   1.501806e+02   2.941683e-01
    33  -2.337159e+00  -2.351758e+00   8.987497e-05   2.709341e+03   1.596771e-01   4.903244e-01  -2.578754e+00  -2.589844e+00   1.623115e-05   2.632496e+03   1.498435e-01  -1.854418e+00  -1.866513e+00   1.460803e-04   1.466946e+02   2.939693e-01
    34  -2.307452e+00  -2.322052e+00   1.097417e-04   2.686210e+03   1.597129e-01   4.902647e-01  -2.556270e+00  -2.567366e+00   1.893121e-05   2.626522e+03   1.498428e-01  -1.829658e+00  -1.841861e+00   1.703808e-04   1.429641e+02   2.937456e-01
    35  -2.277746e+00  -2.292345e+00   1.338841e-04   2.659958e+03   1.597547e-01   4.901970e-01  -2.533771e+00  -2.544875e+00   2.207926e-05   2.619916e+03   1.498419e-01  -1.804653e+00  -1.816975e+00   1.987134e-04   1.389858e+02   2.934939e-01
    36  -2.248039e+00  -2.262639e+00   1.632003e-04   2.630249e+03   1.598030e-01   4.901198e-01  -2.511255e+00  -2.522367e+00   2.574932e-05   2.612616e+03   1.498410e-01  -1.779381e+00  -1.791833e+00   2.317439e-04   1.347596e+02   2.932104e-01
    37  -2.218333e+00  -2.232932e+00   1.987487e-04   2.597043e+03   1.598568e-01   4.900300e-01  -2.488721e+00  -2.499842e+00   3.002750e-05   2.604549e+03   1.498400e-01  -1.753818e+00  -1.766411e+00   2.702475e-04   1.302889e+02   2.928911e-01
    38  -2.188626e+00  -2.203225e+00   2.417541e-04   2.559931e+03   1.599183e-01   4.899280e-01  -2.466167e+00  -2.477298e+00   3.501400e-05   2.595639e+03   1.498388e-01  -1.727938e+00  -1.740685e+00   3.151260e-04   1.255806e+02   2.925309e-01
    39  -2.158920e+00  -2.173519e+00   2.936862e-04   2.517937e+03   1.599911e-01   4.898128e-01  -2.443590e+00  -2.454732e+00   4.082538e-05   2.585800e+03   1.498375e-01  -1.701715e+00  -1.714629e+00   3.674284e-04   1.206461e+02   2.921243e-01
    40  -2.129213e+00  -2.143812e+00   3.562882e-04   2.471381e+03   1.600718e-01   4.896782e-01  -2.420988e+00  -2.432142e+00   4.759714e-05   2.574941e+03   1.498361e-01  -1.675121e+00  -1.688215e+00   4.283742e-04   1.155013e+02   2.916649e-01
    41  -2.099506e+00  -2.114106e+00   4.315777e-04   2.419995e+03   1.601632e-01   4.895250e-01  -2.398359e+00  -2.409526e+00   5.548679e-05   2.562961e+03   1.498345e-01  -1.648127e+00  -1.661414e+00   4.993811e-04   1.101673e+02   2.911456e-01
    42  -2.069800e+00  -2.084399e+00   5.217404e-04   2.362892e+03   1.602695e-01   4.893515e-01  -2.375698e+00  -2.386880e+00   6.467734e-05   2.549751e+03   1.498328e-01  -1.620702e+00  -1.634198e+00   5.820960e-04   1.046700e+02   2.905581e-01
    43  -2.040093e+00  -2.054693e+00   6.295230e-04   2.299816e+03   1.603912e-01   4.891527e-01  -2.353003e+00  -2.364202e+00   7.538125e-05   2.535193e+03   1.498308e-01  -1.592818e+00  -1.606536e+00   6.784313e-04   9.904034e+01   2.898934e-01
    44  -2.010387e+00  -2.024986e+00   7.579594e-04   2.231085e+03   1.605275e-01   4.889232e-01  -2.330271e+00  -2.341488e+00   8.784517e-05   2.519159e+03   1.498286e-01  -1.564443e+00  -1.578398e+00   7.906065e-04   9.331378e+01   2.891410e-01
    45  -1.980680e+00  -1.995279e+00   9.104645e-04   2.156631e+03   1.606818e-01   4.886628e-01  -2.307496e+00  -2.318734e+00   1.023551e-04   2.501512e+03   1.498262e-01  -1.535549e+00  -1.549756e+00   9.211963e-04   8.752975e+01   2.882894e-01
    46  -1.950974e+00  -1.965573e+00   1.090412e-03   2.075840e+03   1.608597e-01   4.883682e-01  -2.284675e+00  -2.295936e+00   1.192428e-04   2.482103e+03   1.498235e-01  -1.506108e+00  -1.520579e+00   1.073185e-03   8.173085e+01   2.873258e-01
    47  -1.921267e+00  -1.935866e+00   1.302129e-03   1.988659e+03   1.610625e-01   4.880300e-01  -2.261802e+00  -2.273088e+00   1.388921e-04   2.460775e+03   1.498205e-01  -1.476095e+00  -1.490843e+00   1.250029e-03   7.596173e+01   2.862357e-01
    48  -1.891560e+00  -1.906160e+00   1.550089e-03   1.896075e+03   1.612899e-01   4.876426e-01  -2.238871e+00  -2.250185e+00   1.617478e-04   2.437361e+03   1.498171e-01  -1.445489e+00  -1.460523e+00   1.455730e-03   7.027040e+01   2.850064e-01
    49  -1.861854e+00  -1.876453e+00   1.839008e-03   1.798547e+03   1.615467e-01   4.872038e-01  -2.215877e+00  -2.227222e+00   1.883238e-04   2.411681e+03   1.498133e-01  -1.414272e+00  -1.429600e+00   1.694914e-03   6.470342e+01   2.836244e-01
    50  -1.832147e+00  -1.846747e+00   2.173791e-03   1.696667e+03   1.618365e-01   4.867074e-01  -2.192812e+00  -2.204191e+00   2.192140e-04   2.383550e+03   1.498091e-01  -1.382433e+00  -1.398061e+00   1.972926e-03   5.930331e+01   2.820745e-01
    51  -1.802441e+00  -1.817040e+00   2.558921e-03   1.591194e+03   1.621631e-01   4.861465e-01  -2.169668e+00  -2.181086e+00   2.551039e-04   2.352772e+03   1.498044e-01  -1.349968e+00  -1.365897e+00   2.295935e-03   5.410870e+01   2.803409e-01
    52  -1.772734e+00  -1.787333e+00   2.998919e-03   1.482099e+03   1.625319e-01   4.855020e-01  -2.146437e+00  -2.157897e+00   2.967831e-04   2.319146e+03   1.497992e-01  -1.316876e+00  -1.333107e+00   2.671048e-03   4.915313e+01   2.784079e-01
    53  -1.743028e+00  -1.757627e+00   3.499003e-03   1.371498e+03   1.629459e-01   4.847758e-01  -2.123109e+00  -2.134617e+00   3.451610e-04   2.282463e+03   1.497933e-01  -1.283167e+00  -1.299695e+00   3.106449e-03   4.446411e+01   2.762594e-01
    54  -1.713321e+00  -1.727920e+00   4.063531e-03   1.260645e+03   1.634088e-01   4.839592e-01  -2.099674e+00  -2.111233e+00   4.012824e-04   2.242517e+03   1.497867e-01  -1.248858e+00  -1.265674e+00   3.611542e-03   4.006545e+01   2.738925e-01
    55  -1.683614e+00  -1.698214e+00   4.696387e-03   1.150793e+03   1.639251e-01   4.830427e-01  -2.076118e+00  -2.087736e+00   4.663463e-04   2.199097e+03   1.497793e-01  -1.213975e+00  -1.231067e+00   4.197117e-03   3.597137e+01   2.713021e-01
    56  -1.653908e+00  -1.668507e+00   5.400867e-03   1.043209e+03   1.644988e-01   4.820168e-01  -2.052430e+00  -2.064113e+00   5.417261e-04   2.152002e+03   1.497709e-01  -1.178551e+00  -1.195902e+00   4.875535e-03   3.218783e+01   2.684804e-01
    57  -1.624201e+00  -1.638801e+00   6.179610e-03   9.391069e+02   1.651337e-01   4.808712e-01  -2.028594e+00  -2.040348e+00   6.289911e-04   2.101038e+03   1.497615e-01  -1.142625e+00  -1.160217e+00   5.660920e-03   2.871444e+01   2.654219e-01
    58  -1.594495e+00  -1.609094e+00   7.034595e-03   8.396019e+02   1.658331e-01   4.795953e-01  -2.004593e+00  -2.016428e+00   7.299314e-04   2.046031e+03   1.497509e-01  -1.106240e+00  -1.124051e+00   6.569382e-03   2.554595e+01   2.621347e-01
    59  -1.564788e+00  -1.579388e+00   7.967203e-03   7.456523e+02   1.665991e-01   4.781784e-01  -1.980410e+00  -1.992333e+00   8.465830e-04   1.986827e+03   1.497389e-01  -1.069445e+00  -1.087453e+00   7.619247e-03   2.267225e+01   2.586396e-01
    60  -1.535082e+00  -1.549681e+00   8.978324e-03   6.580201e+02   1.674330e-01   4.766086e-01  -1.956023e+00  -1.968046e+00   9.812558e-04   1.923308e+03   1.497253e-01  -1.032292e+00  -1.050472e+00   8.831303e-03   2.007832e+01   2.549410e-01
    61  -1.505375e+00  -1.519974e+00   1.006870e-02   5.772412e+02   1.683337e-01   4.748699e-01  -1.931410e+00  -1.943543e+00   1.136562e-03   1.855394e+03   1.497099e-01  -9.948319e-01  -1.013158e+00   1.022906e-02   1.774672e+01   2.510449e-01
    62  -1.475668e+00  -1.490268e+00   1.123380e-02   5.036172e+02   1.693025e-01   4.729587e-01  -1.906546e+00  -1.918800e+00   1.315444e-03   1.783060e+03   1.496923e-01  -9.571147e-01  -9.755640e-01   1.183900e-02   1.565844e+01   2.469875e-01
    63  -1.445962e+00  -1.460561e+00   1.247003e-02   4.367518e+02   1.703562e-01   4.709019e-01  -1.881400e+00  -1.893791e+00   1.521208e-03   1.706347e+03   1.496722e-01  -9.191893e-01  -9.377382e-01   1.369088e-02   1.379370e+01   2.427911e-01
    64  -1.416255e+00  -1.430855e+00   1.378259e-02   3.771095e+02   1.714713e-01   4.686664e-01  -1.855942e+00  -1.868485e+00   1.757548e-03   1.625369e+03   1.496493e-01  -8.811013e-01  -8.997279e-01   1.581793e-02   1.213271e+01   2.384645e-01
    65  -1.386549e+00  -1.401148e+00   1.517305e-02   3.244174e+02   1.726422e-01   4.662504e-01  -1.830136e+00  -1.842848e+00   2.028572e-03   1.540331e+03   1.496229e-01  -8.428923e-01  -8.615767e-01   1.825715e-02   1.065616e+01   2.340264e-01
    66  -1.356842e+00  -1.371442e+00   1.664394e-02   2.782515e+02   1.738612e-01   4.636430e-01  -1.803942e+00  -1.816842e+00   2.338830e-03   1.451540e+03   1.495926e-01  -8.045990e-01  -8.233237e-01   2.104947e-02   9.345406e+00   2.295192e-01
    67  -1.327136e+00  -1.341735e+00   1.817539e-02   2.380047e+02   1.751258e-01   4.608536e-01  -1.777316e+00  -1.790425e+00   2.693323e-03   1.359414e+03   1.495574e-01  -7.662546e-01  -7.850038e-01   2.423991e-02   8.183601e+00   2.249472e-01
    68  -1.297429e+00  -1.312028e+00   1.977834e-02   2.030042e+02   1.764341e-01   4.579603e-01  -1.750207e+00  -1.763550e+00   3.097518e-03   1.264490e+03   1.495166e-01  -7.278887e-01  -7.466481e-01   2.787766e-02   7.155113e+00   2.203157e-01
    69  -1.267723e+00  -1.282322e+00   2.146793e-02   1.729800e+02   1.777546e-01   4.548910e-01  -1.722561e+00  -1.736164e+00   3.557342e-03   1.167430e+03   1.494690e-01  -6.895253e-01  -7.082835e-01   3.201608e-02   6.245292e+00   2.156581e-01
    70  -1.238016e+00  -1.252615e+00   2.323136e-02   1.473175e+02   1.790806e-01   4.516327e-01  -1.694315e+00  -1.708208e+00   4.079169e-03   1.069023e+03   1.494132e-01  -6.511859e-01  -6.699327e-01   3.671252e-02   5.441345e+00   2.109815e-01
    71  -1.208309e+00  -1.222909e+00   2.506010e-02   1.253173e+02   1.804042e-01   4.484024e-01  -1.665402e+00  -1.679618e+00   4.669785e-03   9.701706e+02   1.493475e-01  -6.128901e-01  -6.316160e-01   4.202806e-02   4.731827e+00   2.062834e-01
    72  -1.178603e+00  -1.193202e+00   2.699164e-02   1.066549e+02   1.816960e-01   4.450322e-01  -1.635745e+00  -1.650321e+00   5.336336e-03   8.718802e+02   1.492696e-01  -5.746552e-01  -5.933520e-01   4.802703e-02   4.106364e+00   2.015681e-01
    73  -1.148896e+00  -1.163496e+00   2.899522e-02   9.082936e+01   1.829374e-01   4.414465e-01  -1.605261e+00  -1.620236e+00   6.086254e-03   7.752371e+02   1.491769e-01  -5.364961e-01  -5.551567e-01   5.477629e-02   3.555599e+00   1.968535e-01
    74  -1.119190e+00  -1.133789e+00   3.109133e-02   7.738830e+01   1.840971e-01   4.379411e-01  -1.573858e+00  -1.589276e+00   6.927149e-03   6.813726e+02   1.490658e-01  -4.984282e-01  -5.170452e-01   6.234434e-02   3.071457e+00   1.921306e-01
    75  -1.089483e+00  -1.104082e+00   3.331035e-02   6.603491e+01   1.851843e-01   4.342802e-01  -1.541437e+00  -1.557345e+00   7.866679e-03   5.914216e+02   1.489320e-01  -4.604672e-01  -4.790330e-01   7.080011e-02   2.646668e+00   1.873914e-01
    76  -1.059777e+00  -1.074376e+00   3.560136e-02   5.642094e+01   1.861699e-01   4.307025e-01  -1.507890e+00  -1.524339e+00   8.912390e-03   5.064728e+02   1.487697e-01  -4.226288e-01  -4.411360e-01   8.021151e-02   2.274650e+00   1.826397e-01
    77  -1.030070e+00  -1.044669e+00   3.804034e-02   4.828729e+01   1.870385e-01   4.271485e-01  -1.473103e+00  -1.490148e+00   1.007152e-02   4.275137e+02   1.485720e-01  -3.849296e-01  -4.033703e-01   9.064369e-02   1.949567e+00   1.778761e-01
    78  -1.000363e+00  -1.014963e+00   4.058635e-02   4.140029e+01   1.877814e-01   4.234739e-01  -1.436960e+00  -1.454656e+00   1.135078e-02   3.553769e+02   1.483296e-01  -3.473884e-01  -3.657535e-01   1.021570e-01   1.666246e+00   1.730899e-01
    79  -9.706568e-01  -9.852562e-01   4.328050e-02   3.555657e+01   1.883509e-01   4.199719e-01  -1.399344e+00  -1.417745e+00   1.275612e-02   2.906852e+02   1.480313e-01  -3.100263e-01  -3.283057e-01   1.148050e-01   1.420013e+00   1.682721e-01
    80  -9.409503e-01  -9.555496e-01   4.613072e-02   3.059803e+01   1.887920e-01   4.163176e-01  -1.360142e+00  -1.379301e+00   1.429243e-02   2.338094e+02   1.476627e-01  -2.728653e-01  -2.910485e-01   1.286319e-01   1.206606e+00   1.634278e-01
    81  -9.112437e-01  -9.258430e-01   4.913671e-02   2.637816e+01   1.890545e-01   4.130009e-01  -1.319256e+00  -1.339218e+00   1.596333e-02   1.848455e+02   1.472063e-01  -2.359300e-01  -2.540051e-01   1.436700e-01   1.022239e+00   1.585530e-01
    82  -8.815371e-01  -8.961365e-01   5.234740e-02   2.278389e+01   1.891676e-01   4.095606e-01  -1.276607e+00  -1.297408e+00   1.777087e-02   1.436118e+02   1.466409e-01  -1.992477e-01  -2.172017e-01   1.599378e-01   8.634982e-01   1.536410e-01
    83  -8.518305e-01  -8.664299e-01   5.572390e-02   1.971219e+01   1.890886e-01   4.062426e-01  -1.232153e+00  -1.253812e+00   1.971527e-02   1.096729e+02   1.459421e-01  -1.628474e-01  -1.806663e-01   1.774374e-01   7.272881e-01   1.486907e-01
    84  -8.221240e-01  -8.367233e-01   5.935057e-02   1.708210e+01   1.888408e-01   4.029242e-01  -1.185898e+00  -1.208410e+00   2.179475e-02   8.237841e+01   1.450827e-01  -1.267589e-01  -1.444284e-01   1.961527e-01   6.108002e-01   1.437125e-01
    85  -7.924174e-01  -8.070167e-01   6.318278e-02   1.482615e+01   1.884250e-01   3.996866e-01  -1.137902e+00  -1.161238e+00   2.400535e-02   6.092604e+01   1.440343e-01  -9.101418e-02  -1.085189e-01   2.160481e-01   5.115420e-01   1.387054e-01
    86  -7.627108e-01  -7.773102e-01   6.730056e-02   1.288542e+01   1.878438e-01   3.965463e-01  -1.088291e+00  -1.112389e+00   2.634082e-02   4.443644e+01   1.427703e-01  -5.564610e-02  -7.297020e-02   2.370673e-01   4.272679e-01   1.336720e-01
    87  -7.330043e-01  -7.476036e-01   7.167958e-02   1.121441e+01   1.870916e-01   3.933263e-01  -1.037254e+00  -1.062023e+00   2.879262e-02   3.202295e+01   1.412697e-01  -2.068632e-02  -3.781453e-02   2.591336e-01   3.559487e-01   1.286316e-01
    88  -7.032977e-01  -7.178970e-01   7.637117e-02   9.766706e+00   1.861639e-01   3.901915e-01  -9.850417e-01  -1.010364e+00   3.134998e-02   2.285038e+01   1.395200e-01   1.383302e-02  -3.083776e-03   2.821498e-01   2.958069e-01   1.235898e-01
    89  -6.735911e-01  -6.881905e-01   8.139455e-02   8.515943e+00   1.850752e-01   3.869219e-01  -9.319419e-01  -9.576808e-01   3.400006e-02   1.618058e+01   1.375221e-01   4.788114e-02   3.119066e-02   3.060005e-01   2.452565e-01   1.185600e-01
    90  -6.438846e-01  -6.584839e-01   8.677058e-02   7.428590e+00   1.838465e-01   3.837818e-01  -8.782614e-01  -9.042728e-01   3.672816e-02   1.139325e+01   1.352909e-01   8.142976e-02   6.497932e-02   3.305535e-01   2.028969e-01   1.135620e-01
    91  -6.141780e-01  -6.287773e-01   9.255250e-02   6.485712e+00   1.824600e-01   3.804623e-01  -8.242965e-01  -8.504412e-01   3.951809e-02   7.990805e+00   1.328545e-01   1.144520e-01   9.825465e-02   3.556628e-01   1.675135e-01   1.086062e-01
    92  -5.844714e-01  -5.990708e-01   9.871355e-02   5.662652e+00   1.809156e-01   3.770352e-01  -7.703128e-01  -7.964664e-01   4.235249e-02   5.589625e+00   1.302525e-01   1.469253e-01   1.309921e-01   3.811724e-01   1.380336e-01   1.037170e-01
    93  -5.547649e-01  -5.693642e-01   1.053544e-01   4.944860e+00   1.792229e-01   3.734281e-01  -7.165249e-01  -7.425867e-01   4.521329e-02   3.902556e+00   1.275293e-01   1.788295e-01   1.631703e-01   4.069196e-01   1.135416e-01   9.890683e-02
    94  -5.250583e-01  -5.396576e-01   1.124463e-01   4.318522e+00   1.773925e-01   3.696609e-01  -6.630898e-01  -6.889860e-01   4.808216e-02   2.720367e+00   1.247315e-01   2.101491e-01   1.947716e-01   4.327394e-01   9.324102e-02   9.419577e-02
    95  -4.953517e-01  -5.099511e-01   1.200782e-01   3.770761e+00   1.754367e-01   3.656759e-01  -6.101020e-01  -6.357883e-01   5.094094e-02   1.893023e+00   1.219021e-01   2.408719e-01   2.257821e-01   4.584685e-01   7.645436e-02   8.959787e-02
    96  -4.656452e-01  -4.802445e-01   1.282382e-01   3.292319e+00   1.733298e-01   3.613941e-01  -5.575964e-01  -5.830562e-01   5.377208e-02   1.314348e+00   1.190787e-01   2.709898e-01   2.561919e-01   4.839488e-01   6.260182e-02   8.512880e-02
    97  -4.359386e-01  -4.505379e-01   1.369691e-01   2.871130e+00   1.710860e-01   3.566853e-01  -5.055567e-01  -5.307975e-01   5.655903e-02   9.098514e-01   1.162928e-01   3.004991e-01   2.859951e-01   5.090312e-01   5.119310e-02   8.080068e-02
    98  -4.062320e-01  -4.208314e-01   1.463404e-01   2.502991e+00   1.687020e-01   3.516138e-01  -4.539171e-01  -4.789698e-01   5.928652e-02   6.273018e-01   1.135694e-01   3.293995e-01   3.151896e-01   5.335787e-01   4.181365e-02   7.662442e-02
    99  -3.765255e-01  -3.911248e-01   1.563381e-01   2.180150e+00   1.662035e-01   3.460948e-01  -4.025721e-01  -4.274863e-01   6.194091e-02   4.302399e-01   1.109277e-01   3.576947e-01   3.437775e-01   5.574682e-01   3.411513e-02   7.260853e-02
   100  -3.468189e-01  -3.614182e-01   1.670660e-01   1.897441e+00   1.635788e-01   3.400686e-01  -3.513817e-01  -3.762231e-01   6.451030e-02   2.931545e-01   1.083832e-01   3.853915e-01   3.717638e-01   5.805927e-01   2.780579e-02   6.875907e-02
   101  -3.171123e-01  -3.317117e-01   1.784472e-01   1.649352e+00   1.608101e-01   3.334180e-01  -3.001701e-01  -3.250215e-01   6.698469e-02   1.981293e-01   1.059500e-01   4.125002e-01   3.991574e-01   6.028622e-01   2.264188e-02   6.508056e-02
   102  -2.874058e-01  -3.020051e-01   1.905992e-01   1.431289e+00   1.579084e-01   3.259636e-01  -2.487374e-01  -2.736928e-01   6.935597e-02   1.326197e-01   1.036394e-01   4.390336e-01   4.259695e-01   6.242038e-01   1.842088e-02   6.157457e-02
   103  -2.576992e-01  -2.722985e-01   2.035431e-01   1.240619e+00   1.548779e-01   3.178965e-01  -1.968573e-01  -2.220231e-01   7.161799e-02   8.777066e-02   1.014640e-01   4.650071e-01   4.522145e-01   6.445619e-01   1.497435e-02   5.824211e-02
   104  -2.279926e-01  -2.425920e-01   2.172954e-01   1.073561e+00   1.517435e-01   3.088671e-01  -1.442795e-01  -1.697732e-01   7.376638e-02   5.733453e-02   9.943819e-02   4.904380e-01   4.779087e-01   6.638974e-01   1.216332e-02   5.508087e-02
   105  -1.982860e-01  -2.128854e-01   2.319318e-01   9.276337e-01   1.484859e-01   2.990510e-01  -9.075695e-02  -1.166942e-01   7.579851e-02   3.692176e-02   9.756759e-02   5.153459e-01   5.030705e-01   6.821866e-01   9.872563e-03   5.208920e-02
   106  -1.685795e-01  -1.831788e-01   2.473253e-01   7.998786e-01   1.451025e-01   2.881134e-01  -3.604503e-02  -6.253999e-02   7.771330e-02   2.341235e-02   9.585827e-02   5.397512e-01   5.277200e-01   6.994197e-01   8.007626e-03   4.926187e-02
   107  -1.388729e-01  -1.534722e-01   2.636293e-01   6.880827e-01   1.415850e-01   2.759945e-01   2.001895e-02  -7.108990e-03   7.951106e-02   1.462723e-02   9.427439e-02   5.636763e-01   5.518785e-01   7.155996e-01   6.490402e-03   4.659521e-02
   108  -1.091663e-01  -1.237657e-01   2.807979e-01   5.906980e-01   1.379600e-01   2.628113e-01   7.747056e-02   4.969407e-02   8.119333e-02   9.021847e-03   9.273840e-02   5.871439e-01   5.755686e-01   7.307399e-01   5.257104e-03   4.408256e-02
   109  -7.945978e-02  -9.405911e-02   2.988914e-01   5.059437e-01   1.342355e-01   2.482583e-01   1.360981e-01   1.077729e-01   8.276263e-02   5.521685e-03   9.107761e-02   6.101778e-01   5.988135e-01   7.448636e-01   4.255246e-03   4.171826e-02
   110  -4.975321e-02  -6.435254e-02   3.178797e-01   4.323345e-01   1.304113e-01   2.326380e-01   1.953268e-01   1.667213e-01   8.422234e-02   3.383443e-03   8.899341e-02   6.328022e-01   6.216373e-01   7.580011e-01   3.441965e-03   3.949545e-02
   111  -2.004664e-02  -3.464597e-02   3.377646e-01   3.684665e-01   1.265031e-01   2.155517e-01   2.542269e-01   2.257746e-01   8.557652e-02   2.099045e-03   8.614038e-02   6.550414e-01   6.440641e-01   7.701887e-01   2.782207e-03   3.740703e-02
   112   9.659930e-03  -4.939406e-03   3.584380e-01   3.131063e-01   1.224948e-01   1.973045e-01   3.116915e-01   2.839089e-01   8.682971e-02   1.332526e-03   8.228719e-02   6.769203e-01   6.661186e-01   7.814674e-01   2.247314e-03   3.544635e-02
   113   3.936650e-02   2.476716e-02   3.799270e-01   2.651764e-01   1.183901e-01   1.776066e-01   3.667465e-01   3.400908e-01   8.798682e-02   8.711488e-04   7.748670e-02   6.984630e-01   6.878252e-01   7.918814e-01   1.813951e-03   3.360593e-02
   114   6.907307e-02   5.447373e-02   4.022341e-01   2.238824e-01   1.142225e-01   1.568534e-01   4.187862e-01   3.935453e-01   8.905301e-02   5.870133e-04   7.206111e-02   7.196941e-01   7.092083e-01   8.014771e-01   1.463062e-03   3.187899e-02
   115   9.877963e-02   8.418030e-02   4.252768e-01   1.883971e-01   1.099982e-01   1.352880e-01   4.676039e-01   4.438806e-01   9.003354e-02   4.064701e-04   6.642030e-02   7.406375e-01   7.302921e-01   8.103019e-01   1.179142e-03   3.025861e-02
   116   1.284862e-01   1.138869e-01   4.490282e-01   1.579726e-01   1.057324e-01   1.128352e-01   5.132824e-01   4.910434e-01   9.093373e-02   2.879229e-04   6.089914e-02   7.613166e-01   7.511002e-01   8.184036e-01   9.495708e-04   2.873789e-02
   117   1.581928e-01   1.435934e-01   4.733780e-01   1.319691e-01   1.014332e-01   9.047470e-02   5.560599e-01   5.351976e-01   9.175884e-02   2.077239e-04   5.570547e-02   7.817545e-01   7.716558e-01   8.258295e-01   7.640711e-04   2.731055e-02
   118   1.878993e-01   1.733000e-01   4.982719e-01   1.098022e-01   9.711739e-02   6.751976e-02   5.962296e-01   5.766090e-01   9.251402e-02   1.520937e-04   5.093322e-02   8.019734e-01   7.919816e-01   8.326262e-01   6.142952e-04   2.597027e-02
   119   2.176059e-01   2.030066e-01   5.235803e-01   9.097675e-02   9.279353e-02   4.583792e-02   6.340902e-01   6.155723e-01   9.320429e-02   1.126929e-04   4.660676e-02   8.219948e-01   8.120995e-01   8.388386e-01   4.934578e-04   2.471100e-02
   120   2.473125e-01   2.327131e-01   5.492185e-01   7.503739e-02   8.848254e-02   2.391511e-02   6.699220e-01   6.523755e-01   9.383445e-02   8.430262e-05   4.271382e-02   8.418395e-01   8.320305e-01   8.445100e-01   3.960438e-04   2.352719e-02
   121   2.770190e-01   2.624197e-01   5.750424e-01   6.160074e-02   8.419244e-02   4.421873e-03   7.039726e-01   6.872810e-01   9.440910e-02   6.356592e-05   3.922252e-02   8.615274e-01   8.517950e-01   8.496819e-01   3.175787e-04   2.241346e-02
   122   3.067256e-01   2.921263e-01   6.009433e-01   5.031506e-02   7.994650e-02  -1.484783e-02   7.364593e-01   7.205197e-01   9.493262e-02   4.824432e-05   3.609363e-02   8.810773e-01   8.714123e-01   8.543935e-01   2.544315e-04   2.136471e-02
   123   3.364322e-01   3.218328e-01   6.267668e-01   4.088270e-02   7.575364e-02  -3.118700e-02   7.675718e-01   7.522941e-01   9.540910e-02   3.681406e-05   3.328937e-02   9.005072e-01   8.909009e-01   8.586819e-01   2.036567e-04   2.037622e-02
   124   3.661387e-01   3.515394e-01   6.523929e-01   3.303460e-02   7.163542e-02  -4.658800e-02   7.974732e-01   7.827798e-01   9.584241e-02   2.822015e-05   3.077152e-02   9.198343e-01   9.102783e-01   8.625817e-01   1.628668e-04   1.944363e-02
   125   3.958453e-01   3.812460e-01   6.776626e-01   2.653993e-02   6.760359e-02  -5.961255e-02   8.263064e-01   8.121291e-01   9.623618e-02   2.171404e-05   2.850764e-02   9.390743e-01   9.295608e-01   8.661256e-01   1.301291e-04   1.856279e-02
   126   4.255519e-01   4.109525e-01   7.024555e-01   2.119430e-02   6.367388e-02  -7.073614e-02   8.541952e-01   8.404746e-01   9.659376e-02   1.676106e-05   2.646696e-02   9.582424e-01   9.487641e-01   8.693438e-01   1.038786e-04   1.772986e-02
   127   4.552585e-01   4.406591e-01   7.266287e-01   1.682044e-02   5.986173e-02  -8.087241e-02   8.812478e-01   8.679321e-01   9.691827e-02   1.297214e-05   2.462349e-02   9.773525e-01   9.679025e-01   8.722644e-01   8.284955e-05   1.694137e-02
   128   4.849650e-01   4.703657e-01   7.500624e-01   1.326377e-02   5.617427e-02  -8.806379e-02   9.075601e-01   8.946032e-01   9.721261e-02   1.006162e-05   2.295398e-02   9.964176e-01   9.869896e-01   8.749135e-01   6.601935e-05   1.619408e-02
   129   5.146716e-01   5.000723e-01   7.726453e-01   1.039044e-02   5.262781e-02  -9.476993e-02   9.332153e-01   9.205771e-01   9.747945e-02   7.818539e-06   2.143793e-02   1.015450e+00   1.006038e+00   8.773151e-01   5.256238e-05   1.548502e-02
   130   5.443782e-01   5.297788e-01   7.940527e-01   8.081759e-03   4.922380e-02  -9.998643e-02   9.582879e-01   9.459325e-01   9.772124e-02   6.084607e-06   2.005793e-02   1.034460e+00   1.025059e+00   8.794912e-01   4.181268e-05   1.481146e-02
   131   5.740847e-01   5.594854e-01   8.143725e-01   6.238744e-03   4.596956e-02  -1.037670e-01   9.828438e-01   9.707394e-01   9.794025e-02   4.740982e-06   1.879833e-02   1.053458e+00   1.044063e+00   8.814623e-01   3.323355e-05   1.417093e-02
   132   6.037913e-01   5.891920e-01   8.335720e-01   4.782479e-03   4.287778e-02  -1.068252e-01   1.006941e+00   9.950597e-01   9.813854e-02   3.697793e-06   1.764554e-02   1.072455e+00   1.063060e+00   8.832469e-01   2.639297e-05   1.356118e-02
   133   6.334979e-01   6.188985e-01   8.515728e-01   3.640471e-03   3.995135e-02  -1.090005e-01   1.030632e+00   1.018948e+00   9.831802e-02   2.886446e-06   1.658789e-02   1.091457e+00   1.082060e+00   8.848622e-01   2.094356e-05   1.298015e-02
   134   6.632044e-01   6.486051e-01   8.680936e-01   2.749396e-03   3.718742e-02  -1.101389e-01   1.053964e+00   1.042455e+00   9.848042e-02   2.254530e-06   1.561503e-02   1.110473e+00   1.101069e+00   8.863237e-01   1.660624e-05   1.242598e-02
   135   6.929110e-01   6.783117e-01   8.834063e-01   2.060867e-03   3.458922e-02  -1.104324e-01   1.076977e+00   1.065623e+00   9.862732e-02   1.761815e-06   1.471784e-02   1.129510e+00   1.120096e+00   8.876458e-01   1.315706e-05   1.189695e-02
   136   7.226176e-01   7.080182e-01   8.974123e-01   1.534190e-03   3.215647e-02  -1.100062e-01   1.099709e+00   1.088491e+00   9.876016e-02   1.377297e-06   1.388840e-02   1.148574e+00   1.139147e+00   8.888415e-01   1.041647e-05   1.139154e-02
   137   7.523241e-01   7.377248e-01   9.100459e-01   1.133051e-03   2.988442e-02  -1.088953e-01   1.122192e+00   1.111096e+00   9.888027e-02   1.076991e-06   1.311981e-02   1.167671e+00   1.158228e+00   8.899225e-01   8.240722e-06   1.090834e-02
   138   7.820307e-01   7.674314e-01   9.215404e-01   8.312359e-04   2.776939e-02  -1.070795e-01   1.144458e+00   1.133468e+00   9.898885e-02   8.423183e-07   1.240598e-02   1.186806e+00   1.177344e+00   8.908996e-01   6.514789e-06   1.044607e-02
   139   8.117373e-01   7.971379e-01   9.316870e-01   6.055827e-04   2.580553e-02  -1.045895e-01   1.166532e+00   1.155635e+00   9.908698e-02   6.588535e-07   1.174153e-02   1.205983e+00   1.196500e+00   8.917828e-01   5.146759e-06   1.000358e-02
   140   8.414438e-01   8.268445e-01   9.408267e-01   4.383498e-04   2.398553e-02  -1.014809e-01   1.188439e+00   1.177623e+00   9.917565e-02   5.153760e-07   1.112175e-02   1.225207e+00   1.215701e+00   8.925808e-01   4.063251e-06   9.579796e-03
   141   8.711504e-01   8.565511e-01   9.487949e-01   3.153859e-04   2.230171e-02  -9.780198e-02   1.210199e+00   1.199455e+00   9.925576e-02   4.031455e-07   1.054249e-02   1.244480e+00   1.234950e+00   8.933019e-01   3.205736e-06   9.173757e-03
   142   9.008570e-01   8.862576e-01   9.558898e-01   2.256433e-04   2.074541e-02  -9.363450e-02   1.231832e+00   1.221150e+00   9.932813e-02   3.153434e-07   1.000009e-02   1.263806e+00   1.254250e+00   8.939532e-01   2.527574e-06   8.784572e-03
   143   9.305635e-01   9.159642e-01   9.620080e-01   1.606152e-04   1.930793e-02  -8.904893e-02   1.253355e+00   1.242727e+00   9.939350e-02   2.466462e-07   9.491347e-03   1.283187e+00   1.273605e+00   8.945415e-01   1.991636e-06   8.411426e-03
   144   9.602701e-01   9.456708e-01   9.673921e-01   1.138182e-04   1.797993e-02  -8.415649e-02   1.274784e+00   1.264202e+00   9.945254e-02   1.928953e-07   9.013382e-03   1.302626e+00   1.293015e+00   8.950729e-01   1.568388e-06   8.053568e-03
   145   9.899767e-01   9.753773e-01   9.720166e-01   8.032158e-05   1.675324e-02  -7.906516e-02   1.296132e+00   1.285589e+00   9.950586e-02   1.508396e-07   8.563662e-03   1.322124e+00   1.312484e+00   8.955527e-01   1.234363e-06   7.710305e-03
   146   1.019683e+00   1.005084e+00   9.760342e-01   5.649858e-05   1.561853e-02  -7.388808e-02   1.317412e+00   1.306902e+00   9.955400e-02   1.179363e-07   8.139931e-03   1.341682e+00   1.332013e+00   8.959860e-01   9.709243e-07   7.380995e-03
   147   1.049390e+00   1.034790e+00   9.794883e-01   3.961752e-05   1.456911e-02  -6.865558e-02   1.338634e+00   1.328152e+00   9.959747e-02   9.219591e-08   7.740181e-03   1.361302e+00   1.351603e+00   8.963772e-01   7.632901e-07   7.065045e-03
   148   1.079096e+00   1.064497e+00   9.824508e-01   2.771846e-05   1.359636e-02  -6.350375e-02   1.359808e+00   1.349350e+00   9.963672e-02   7.206149e-08   7.362620e-03   1.380985e+00   1.371255e+00   8.967304e-01   5.997413e-07   6.761901e-03
   149   1.108803e+00   1.094204e+00   9.850040e-01   1.935225e-05   1.269468e-02  -5.851547e-02   1.380943e+00   1.370504e+00   9.967214e-02   5.631433e-08   7.005644e-03   1.400730e+00   1.390969e+00   8.970493e-01   4.709958e-07   6.471047e-03
   150   1.138510e+00   1.123910e+00   9.871699e-01   1.349149e-05   1.185724e-02  -5.373201e-02   1.402048e+00   1.391624e+00   9.970413e-02   4.400043e-08   6.667816e-03   1.420538e+00   1.410747e+00   8.973371e-01   3.697073e-07   6.192003e-03
   151   1.168216e+00   1.153617e+00   9.890441e-01   9.394519e-06   1.107894e-02  -4.915484e-02   1.423127e+00   1.412715e+00   9.973300e-02   3.437297e-08   6.347843e-03   1.440408e+00   1.430587e+00   8.975970e-01   2.900659e-07   5.924316e-03
   152   1.197923e+00   1.183323e+00   9.906220e-01   6.536059e-06   1.035482e-02  -4.488350e-02   1.444188e+00   1.433785e+00   9.975905e-02   2.684727e-08   6.044563e-03   1.460341e+00   1.450489e+00   8.978315e-01   2.274800e-07   5.667566e-03
   153   1.227629e+00   1.213030e+00   9.919855e-01   4.544818e-06   9.680422e-03  -4.088973e-02   1.465235e+00   1.454839e+00   9.978257e-02   2.096565e-08   5.756924e-03   1.480334e+00   1.470453e+00   8.980432e-01   1.783236e-07   5.421356e-03
   154   1.257336e+00   1.242736e+00   9.931396e-01   3.159245e-06   9.051908e-03  -3.714885e-02   1.486273e+00   1.475881e+00   9.980380e-02   1.636990e-08   5.483973e-03   1.500388e+00   1.490477e+00   8.982342e-01   1.397353e-07   5.185314e-03
   155   1.287042e+00   1.272443e+00   9.941301e-01   2.195783e-06   8.465650e-03  -3.375319e-02   1.507304e+00   1.496916e+00   9.982296e-02   1.277963e-08   5.224850e-03   1.520500e+00   1.510560e+00   8.984066e-01   1.094582e-07   4.959090e-03
   156   1.316749e+00   1.302150e+00   9.949729e-01   1.526287e-06   7.918565e-03  -3.059829e-02   1.528333e+00   1.517946e+00   9.984025e-02   9.975459e-09   4.978773e-03   1.540668e+00   1.530701e+00   8.985622e-01   8.571382e-08   4.742358e-03
   157   1.346455e+00   1.331856e+00   9.956931e-01   1.061109e-06   7.407657e-03  -2.771966e-02   1.549360e+00   1.538974e+00   9.985585e-02   7.785733e-09   4.745031e-03   1.560890e+00   1.550897e+00   8.987027e-01   6.710130e-08   4.534812e-03
   158   1.376162e+00   1.361563e+00   9.963080e-01   7.379824e-07   6.930465e-03  -2.509577e-02   1.570388e+00   1.560001e+00   9.986993e-02   6.076175e-09   4.522979e-03   1.581163e+00   1.571145e+00   8.988294e-01   5.251801e-08   4.336167e-03
   159   1.405869e+00   1.391269e+00   9.968333e-01   5.134526e-07   6.484503e-03  -2.268797e-02   1.591416e+00   1.581029e+00   9.988264e-02   4.741767e-09   4.312033e-03   1.601484e+00   1.591442e+00   8.989438e-01   4.109657e-08   4.146156e-03
   160   1.435575e+00   1.420976e+00   9.972822e-01   3.574375e-07   6.067755e-03  -2.052118e-02   1.612444e+00   1.602057e+00   9.989411e-02   3.700395e-09   4.111661e-03   1.621848e+00   1.611785e+00   8.990470e-01   3.215504e-08   3.964537e-03
   161   1.465282e+00   1.450682e+00   9.976664e-01   2.489580e-07   5.678166e-03  -1.853831e-02   1.633471e+00   1.623084e+00   9.990446e-02   2.887861e-09   3.921385e-03   1.642250e+00   1.632168e+00   8.991401e-01   2.515761e-08   3.791084e-03
   162   1.494988e+00   1.480389e+00   9.979945e-01   1.735243e-07   5.314049e-03  -1.673522e-02   1.654494e+00   1.644110e+00   9.991379e-02   2.253994e-09   3.740770e-03   1.662684e+00   1.652587e+00   8.992241e-01   1.968352e-08   3.625597e-03
   163   1.524695e+00   1.510096e+00   9.982763e-01   1.210204e-07   4.973708e-03  -1.510293e-02   1.675510e+00   1.665129e+00   9.992222e-02   1.759586e-09   3.569431e-03   1.683144e+00   1.673035e+00   8.993000e-01   1.540251e-08   3.467897e-03
   164   1.554401e+00   1.539802e+00   9.985168e-01   8.447069e-08   4.655748e-03  -1.359147e-02   1.696515e+00   1.686140e+00   9.992982e-02   1.374010e-09   3.407025e-03   1.703621e+00   1.693503e+00   8.993684e-01   1.205551e-08   3.317827e-03
   165   1.584108e+00   1.569509e+00   9.987242e-01   5.900014e-08   4.358747e-03  -1.223783e-02   1.717501e+00   1.707135e+00   9.993668e-02   1.073346e-09   3.253249e-03   1.724106e+00   1.713984e+00   8.994301e-01   9.439402e-09   3.175258e-03
   166   1.613815e+00   1.599215e+00   9.989010e-01   4.124535e-08   4.081586e-03  -1.095787e-02   1.738461e+00   1.728108e+00   9.994287e-02   8.389147e-10   3.107844e-03   1.744586e+00   1.734467e+00   8.994858e-01   7.394998e-09   3.040087e-03
   167   1.643521e+00   1.628922e+00   9.990542e-01   2.885628e-08   3.823070e-03  -9.792850e-03   1.759385e+00   1.749049e+00   9.994845e-02   6.561363e-10   2.970591e-03   1.765049e+00   1.754938e+00   8.995361e-01   5.797612e-09   2.912238e-03
   168   1.673228e+00   1.658628e+00   9.991845e-01   2.020731e-08   3.582342e-03  -8.675747e-03   1.780261e+00   1.769949e+00   9.995349e-02   5.136312e-10   2.841314e-03   1.785478e+00   1.775384e+00   8.995814e-01   4.549619e-09   2.791668e-03
   169   1.702934e+00   1.688335e+00   9.992980e-01   1.416385e-08   3.358453e-03  -7.595898e-03   1.801073e+00   1.790791e+00   9.995804e-02   4.025209e-10   2.719876e-03   1.805854e+00   1.795786e+00   8.996223e-01   3.574624e-09   2.678365e-03
   170   1.732641e+00   1.718042e+00   9.993945e-01   9.938096e-09   3.150748e-03  -6.567237e-03   1.821803e+00   1.811562e+00   9.996214e-02   3.158793e-10   2.606185e-03   1.826156e+00   1.816124e+00   8.996593e-01   2.812862e-09   2.572352e-03
   171   1.762347e+00   1.747748e+00   9.994786e-01   6.981172e-09   2.958656e-03  -5.450596e-03   1.842430e+00   1.832239e+00   9.996584e-02   2.483051e-10   2.500189e-03   1.846358e+00   1.836374e+00   8.996926e-01   2.217605e-09   2.473688e-03
   172   1.792054e+00   1.777455e+00   9.995507e-01   4.910047e-09   2.781581e-03  -4.402243e-03   1.862930e+00   1.852801e+00   9.996918e-02   1.955870e-10   2.401880e-03   1.866429e+00   1.856509e+00   8.997226e-01   1.752327e-09   2.382466e-03
   173   1.821761e+00   1.807161e+00   9.996134e-01   3.458715e-09   2.619632e-03  -3.112936e-03   1.883271e+00   1.873220e+00   9.997219e-02   1.544421e-10   2.311290e-03   1.886337e+00   1.876497e+00   8.997498e-01   1.388493e-09   2.298818e-03
   174   1.851467e+00   1.836868e+00   9.996675e-01   2.440162e-09   2.472019e-03  -1.837149e-03   1.903421e+00   1.893463e+00   9.997491e-02   1.223121e-10   2.228494e-03   1.906042e+00   1.896301e+00   8.997742e-01   1.103812e-09   2.222908e-03
   175   1.881174e+00   1.866574e+00   9.997146e-01   1.725327e-09   2.340011e-03  -1.295039e-04   1.923342e+00   1.913496e+00   9.997737e-02   9.720324e-11   2.153605e-03   1.925502e+00   1.915881e+00   8.997963e-01   8.808849e-10   2.154933e-03
   176   1.910880e+00   1.896281e+00   9.997555e-01   1.222492e-09   2.222482e-03   1.682690e-03   1.942990e+00   1.933277e+00   9.997958e-02   7.756144e-11   2.086805e-03   1.944670e+00   1.935192e+00   8.998162e-01   7.061275e-10   2.095120e-03
   177   1.940587e+00   1.925988e+00   9.997913e-01   8.689058e-10   2.122231e-03   4.171083e-03   1.962321e+00   1.952763e+00   9.998158e-02   6.216776e-11   2.028599e-03   1.963495e+00   1.954185e+00   8.998342e-01   5.689220e-10   2.043791e-03
   178   1.970293e+00   1.955694e+00   9.998225e-01   6.194217e-10   2.038534e-03   6.777599e-03   1.981307e+00   1.971918e+00   9.998338e-02   5.002963e-11   1.981412e-03   1.981934e+00   1.972813e+00   8.998504e-01   4.607900e-10   2.002173e-03
   179   2.000000e+00   1.985401e+00   9.998500e-01   4.418842e-10   1.982945e-03   8.353738e-03   2.000000e+00   1.990754e+00   9.998500e-02   4.025506e-11   1.954767e-03   2.000000e+00   1.991061e+00   8.998650e-01   3.740722e-10   1.977557e-03
