     i          log_r       log_rmid          m_tot        rho_tot         v2_tot            eta     lgr[heavy]    lgrm[heavy]       m[heavy]     rho[heavy]      v2[heavy]     lgr[light]    lgrm[light]       m[light]     rho[light]      v2[light]
     0  -3.693588e+00  -3.994618e+00   1.022180e-07   3.680026e+04   1.378048e-01            nan  -3.693588e+00  -3.994618e+00   9.998500e-08   3.612608e+04   1.352843e-01  -2.771512e+00  -3.072542e+00   8.998650e-07   5.569728e+02   2.748120e-01
     1  -3.661781e+00  -3.677393e+00   1.272510e-07   3.668438e+04   1.376651e-01            nan  -3.671203e+00  -3.682252e+00   1.166721e-07   3.605476e+04   1.352860e-01  -2.747787e+00  -2.759488e+00   1.050049e-06   5.220070e+02   2.754753e-01
     2  -3.629973e+00  -3.645585e+00   1.584171e-07   3.666871e+04   1.376519e-01            nan  -3.648820e+00  -3.659867e+00   1.361439e-07   3.604702e+04   1.352861e-01  -2.724110e+00  -2.735787e+00   1.225295e-06   5.181563e+02   2.755517e-01
     3  -3.598165e+00  -3.613778e+00   1.972176e-07   3.665138e+04   1.376389e-01            nan  -3.626438e+00  -3.637485e+00   1.588651e-07   3.603846e+04   1.352863e-01  -2.700456e+00  -2.712122e+00   1.429786e-06   5.139410e+02   2.756365e-01
     4  -3.566357e+00  -3.581970e+00   2.455200e-07   3.663181e+04   1.376262e-01            nan  -3.604056e+00  -3.615103e+00   1.853780e-07   3.602897e+04   1.352866e-01  -2.676803e+00  -2.688468e+00   1.668402e-06   5.093305e+02   2.757308e-01
     5  -3.534549e+00  -3.550162e+00   3.056477e-07   3.661007e+04   1.376138e-01            nan  -3.581674e+00  -3.592721e+00   2.163150e-07   3.601846e+04   1.352868e-01  -2.653130e+00  -2.664805e+00   1.946835e-06   5.042933e+02   2.758357e-01
     6  -3.502742e+00  -3.518354e+00   3.804890e-07   3.658537e+04   1.376016e-01            nan  -3.559291e+00  -3.570338e+00   2.524142e-07   3.600681e+04   1.352871e-01  -2.629420e+00  -2.641113e+00   2.271728e-06   4.987965e+02   2.759523e-01
     7  -3.470934e+00  -3.486547e+00   4.736393e-07   3.655761e+04   1.375898e-01            nan  -3.536907e+00  -3.547955e+00   2.945370e-07   3.599391e+04   1.352874e-01  -2.605652e+00  -2.617373e+00   2.650833e-06   4.928063e+02   2.760823e-01
     8  -3.439126e+00  -3.454739e+00   5.895612e-07   3.652618e+04   1.375784e-01            nan  -3.514521e+00  -3.525570e+00   3.436881e-07   3.597962e+04   1.352877e-01  -2.581809e+00  -2.593567e+00   3.093193e-06   4.862887e+02   2.762271e-01
     9  -3.407318e+00  -3.422931e+00   7.338108e-07   3.649033e+04   1.375675e-01            nan  -3.492133e+00  -3.503183e+00   4.010398e-07   3.596380e+04   1.352880e-01  -2.557872e+00  -2.569675e+00   3.609358e-06   4.792095e+02   2.763887e-01
    10  -3.375511e+00  -3.391123e+00   9.132826e-07   3.645001e+04   1.375569e-01            nan  -3.469743e+00  -3.480794e+00   4.679601e-07   3.594627e+04   1.352884e-01  -2.533822e+00  -2.545680e+00   4.211641e-06   4.715354e+02   2.765690e-01
    11  -3.343703e+00  -3.359316e+00   1.136541e-06   3.640331e+04   1.375470e-01            nan  -3.447349e+00  -3.458401e+00   5.460446e-07   3.592685e+04   1.352889e-01  -2.509641e+00  -2.521563e+00   4.914402e-06   4.632342e+02   2.767704e-01
    12  -3.311895e+00  -3.327508e+00   1.414233e-06   3.635063e+04   1.375376e-01            nan  -3.424950e+00  -3.436005e+00   6.371554e-07   3.590534e+04   1.352894e-01  -2.485308e+00  -2.497304e+00   5.734398e-06   4.542763e+02   2.769956e-01
    13  -3.280087e+00  -3.295700e+00   1.759523e-06   3.629006e+04   1.375290e-01            nan  -3.402548e+00  -3.413605e+00   7.434644e-07   3.588152e+04   1.352899e-01  -2.460804e+00  -2.472883e+00   6.691180e-06   4.446351e+02   2.772474e-01
    14  -3.248280e+00  -3.263892e+00   2.188816e-06   3.622084e+04   1.375211e-01            nan  -3.380140e+00  -3.391200e+00   8.675058e-07   3.585514e+04   1.352905e-01  -2.436106e+00  -2.448279e+00   7.807552e-06   4.342886e+02   2.775293e-01
    15  -3.216472e+00  -3.232085e+00   2.722339e-06   3.614203e+04   1.375141e-01            nan  -3.357727e+00  -3.368789e+00   1.012236e-06   3.582593e+04   1.352912e-01  -2.411193e+00  -2.423471e+00   9.110122e-06   4.232206e+02   2.778449e-01
    16  -3.184664e+00  -3.200277e+00   3.385232e-06   3.605082e+04   1.375082e-01            nan  -3.335306e+00  -3.346372e+00   1.181103e-06   3.579359e+04   1.352920e-01  -2.386040e+00  -2.398434e+00   1.062993e-05   4.114218e+02   2.781985e-01
    17  -3.152856e+00  -3.168469e+00   4.208568e-06   3.594753e+04   1.375034e-01            nan  -3.312879e+00  -3.323948e+00   1.378130e-06   3.575777e+04   1.352928e-01  -2.360622e+00  -2.373145e+00   1.240317e-05   3.988920e+02   2.785950e-01
    18  -3.121049e+00  -3.136661e+00   5.230626e-06   3.582776e+04   1.375000e-01            nan  -3.290443e+00  -3.301516e+00   1.608010e-06   3.571812e+04   1.352937e-01  -2.334914e+00  -2.347578e+00   1.447209e-05   3.856406e+02   2.790395e-01
    19  -3.089241e+00  -3.104854e+00   6.499004e-06   3.569138e+04   1.374981e-01            nan  -3.267998e+00  -3.279075e+00   1.876216e-06   3.567422e+04   1.352947e-01  -2.308886e+00  -2.321705e+00   1.688595e-05   3.716890e+02   2.795382e-01
    20  -3.057433e+00  -3.073046e+00   8.071709e-06   3.553525e+04   1.374980e-01            nan  -3.245542e+00  -3.256625e+00   2.189133e-06   3.562563e+04   1.352959e-01  -2.282511e+00  -2.295499e+00   1.970220e-05   3.570710e+02   2.800975e-01
    21  -3.025625e+00  -3.041238e+00   1.002097e-05   3.535535e+04   1.375000e-01            nan  -3.223075e+00  -3.234163e+00   2.554206e-06   3.557186e+04   1.352971e-01  -2.255758e+00  -2.268929e+00   2.298786e-05   3.418422e+02   2.807240e-01
    22  -2.993818e+00  -3.009430e+00   1.243490e-05   3.515189e+04   1.375041e-01            nan  -3.200595e+00  -3.211689e+00   2.980121e-06   3.551235e+04   1.352985e-01  -2.228598e+00  -2.241966e+00   2.682109e-05   3.260715e+02   2.814246e-01
    23  -2.962010e+00  -2.977623e+00   1.542129e-05   3.491584e+04   1.375111e-01            nan  -3.178101e+00  -3.189202e+00   3.477003e-06   3.544650e+04   1.353001e-01  -2.201000e+00  -2.214580e+00   3.129303e-05   3.098404e+02   2.822067e-01
    24  -2.930202e+00  -2.945815e+00   1.911356e-05   3.464861e+04   1.375211e-01            nan  -3.155591e+00  -3.166700e+00   4.056664e-06   3.537366e+04   1.353018e-01  -2.172933e+00  -2.186740e+00   3.650997e-05   2.932453e+02   2.830778e-01
    25  -2.898394e+00  -2.914007e+00   2.367054e-05   3.434386e+04   1.375346e-01            nan  -3.133063e+00  -3.144181e+00   4.732872e-06   3.529309e+04   1.353037e-01  -2.144369e+00  -2.158416e+00   4.259585e-05   2.763962e+02   2.840452e-01
    26  -2.866587e+00  -2.882199e+00   2.929032e-05   3.399491e+04   1.375525e-01            nan  -3.110516e+00  -3.121643e+00   5.521683e-06   3.520400e+04   1.353058e-01  -2.115279e+00  -2.129580e+00   4.969515e-05   2.594138e+02   2.851156e-01
    27  -2.834779e+00  -2.850392e+00   3.620976e-05   3.360278e+04   1.375748e-01            nan  -3.087947e+00  -3.099084e+00   6.441814e-06   3.510551e+04   1.353082e-01  -2.085638e+00  -2.100205e+00   5.797633e-05   2.424393e+02   2.862921e-01
    28  -2.802971e+00  -2.818584e+00   4.471077e-05   3.315314e+04   1.376031e-01            nan  -3.065353e+00  -3.076503e+00   7.515084e-06   3.499664e+04   1.353108e-01  -2.055428e+00  -2.070270e+00   6.763576e-05   2.256314e+02   2.875706e-01
    29  -2.771163e+00  -2.786776e+00   5.514270e-05   3.264754e+04   1.376376e-01            nan  -3.042734e+00  -3.053896e+00   8.766923e-06   3.487635e+04   1.353137e-01  -2.024636e+00  -2.039759e+00   7.890231e-05   2.091305e+02   2.889462e-01
    30  -2.739356e+00  -2.754968e+00   6.790644e-05   3.208183e+04   1.376782e-01   5.123748e-01  -3.020084e+00  -3.031261e+00   1.022697e-05   3.474347e+04   1.353170e-01  -1.993255e+00  -2.008662e+00   9.204273e-05   1.930711e+02   2.904086e-01
    31  -2.707548e+00  -2.723161e+00   8.348674e-05   3.143649e+04   1.377215e-01   5.125539e-01  -2.997401e+00  -3.008595e+00   1.192976e-05   3.459675e+04   1.353206e-01  -1.961287e+00  -1.976977e+00   1.073678e-04   1.775847e+02   2.919378e-01
    32  -2.675740e+00  -2.691353e+00   1.024651e-04   3.072131e+04   1.377712e-01   5.127576e-01  -2.974682e+00  -2.985893e+00   1.391553e-05   3.443480e+04   1.353246e-01  -1.928750e+00  -1.944714e+00   1.252398e-04   1.628243e+02   2.934863e-01
    33  -2.643932e+00  -2.659545e+00   1.254778e-04   2.992809e+04   1.378282e-01   5.129946e-01  -2.951922e+00  -2.963153e+00   1.623115e-05   3.425612e+04   1.353291e-01  -1.895672e+00  -1.911896e+00   1.460803e-04   1.488807e+02   2.950091e-01
    34  -2.612125e+00  -2.627737e+00   1.532986e-04   2.904072e+04   1.378955e-01   5.132641e-01  -2.929117e+00  -2.940370e+00   1.893121e-05   3.405908e+04   1.353341e-01  -1.862090e+00  -1.878556e+00   1.703808e-04   1.358202e+02   2.964506e-01
    35  -2.580317e+00  -2.595930e+00   1.868235e-04   2.807199e+04   1.379729e-01   5.135695e-01  -2.906261e+00  -2.917539e+00   2.207926e-05   3.384190e+04   1.353396e-01  -1.828063e+00  -1.844743e+00   1.987134e-04   1.237298e+02   2.977144e-01
    36  -2.548509e+00  -2.564122e+00   2.270005e-04   2.702082e+04   1.380613e-01   5.139256e-01  -2.883350e+00  -2.894655e+00   2.574932e-05   3.360268e+04   1.353458e-01  -1.793658e+00  -1.810520e+00   2.317439e-04   1.126263e+02   2.987167e-01
    37  -2.516701e+00  -2.532314e+00   2.748790e-04   2.586614e+04   1.381662e-01   5.143266e-01  -2.860377e+00  -2.871712e+00   3.002750e-05   3.333934e+04   1.353527e-01  -1.758949e+00  -1.775957e+00   2.702475e-04   1.024968e+02   2.993761e-01
    38  -2.484894e+00  -2.500506e+00   3.317158e-04   2.463051e+04   1.382874e-01   5.147778e-01  -2.837335e+00  -2.848703e+00   3.501400e-05   3.304968e+04   1.353604e-01  -1.724023e+00  -1.741135e+00   3.151260e-04   9.334273e+01   2.995830e-01
    39  -2.453086e+00  -2.468699e+00   3.988010e-04   2.332061e+04   1.384267e-01   5.152965e-01  -2.814216e+00  -2.825622e+00   4.082538e-05   3.273132e+04   1.353690e-01  -1.688963e+00  -1.706139e+00   3.674284e-04   8.509694e+01   2.992861e-01
    40  -2.421278e+00  -2.436891e+00   4.774372e-04   2.194447e+04   1.385870e-01   5.158876e-01  -2.791012e+00  -2.802459e+00   4.759714e-05   3.238173e+04   1.353786e-01  -1.653850e+00  -1.671052e+00   4.283742e-04   7.769935e+01   2.984408e-01
    41  -2.389470e+00  -2.405083e+00   5.687658e-04   2.049943e+04   1.387757e-01   5.165404e-01  -2.767713e+00  -2.779206e+00   5.548679e-05   3.199824e+04   1.353894e-01  -1.618755e+00  -1.635948e+00   4.993811e-04   7.106878e+01   2.970492e-01
    42  -2.357663e+00  -2.373275e+00   6.743192e-04   1.900857e+04   1.389955e-01   5.172615e-01  -2.744309e+00  -2.755853e+00   6.467734e-05   3.157803e+04   1.354015e-01  -1.583732e+00  -1.600891e+00   5.820960e-04   6.511711e+01   2.951495e-01
    43  -2.325855e+00  -2.341468e+00   7.953840e-04   1.749404e+04   1.392483e-01   5.180860e-01  -2.720786e+00  -2.732388e+00   7.538125e-05   3.111816e+04   1.354151e-01  -1.548824e+00  -1.565928e+00   6.784313e-04   5.976188e+01   2.928128e-01
    44  -2.294047e+00  -2.309660e+00   9.331365e-04   1.597438e+04   1.395412e-01   5.189912e-01  -2.697133e+00  -2.708799e+00   8.784517e-05   3.061559e+04   1.354303e-01  -1.514053e+00  -1.531091e+00   7.906065e-04   5.492023e+01   2.901239e-01
    45  -2.262239e+00  -2.277852e+00   1.088587e-03   1.446911e+04   1.398805e-01   5.199751e-01  -2.673334e+00  -2.685070e+00   1.023551e-04   3.006719e+04   1.354475e-01  -1.479426e+00  -1.496395e+00   9.211963e-04   5.052040e+01   2.871932e-01
    46  -2.230431e+00  -2.246044e+00   1.262546e-03   1.299807e+04   1.402735e-01   5.210315e-01  -2.649371e+00  -2.661187e+00   1.192428e-04   2.946981e+04   1.354668e-01  -1.444940e+00  -1.461841e+00   1.073185e-03   4.650192e+01   2.840976e-01
    47  -2.198624e+00  -2.214236e+00   1.455596e-03   1.158044e+04   1.407280e-01   5.221529e-01  -2.625226e+00  -2.637131e+00   1.388921e-04   2.882032e+04   1.354886e-01  -1.410579e+00  -1.427420e+00   1.250029e-03   4.281292e+01   2.809237e-01
    48  -2.166816e+00  -2.182429e+00   1.668122e-03   1.023363e+04   1.412517e-01   5.233487e-01  -2.600877e+00  -2.612881e+00   1.617478e-04   2.811569e+04   1.355133e-01  -1.376326e+00  -1.393115e+00   1.455730e-03   3.941489e+01   2.777117e-01
    49  -2.135008e+00  -2.150621e+00   1.900360e-03   8.972704e+03   1.418549e-01   5.245723e-01  -2.576301e+00  -2.588415e+00   1.883238e-04   2.735306e+04   1.355413e-01  -1.342158e+00  -1.358906e+00   1.694914e-03   3.627642e+01   2.744893e-01
    50  -2.103200e+00  -2.118813e+00   2.152482e-03   7.809113e+03   1.425467e-01   5.257967e-01  -2.551470e+00  -2.563708e+00   2.192140e-04   2.652983e+04   1.355731e-01  -1.308057e+00  -1.324773e+00   1.972926e-03   3.337262e+01   2.712647e-01
    51  -2.071393e+00  -2.087005e+00   2.424717e-03   6.750345e+03   1.433355e-01   5.269820e-01  -2.526353e+00  -2.538730e+00   2.551039e-04   2.564383e+04   1.356093e-01  -1.274004e+00  -1.290697e+00   2.295935e-03   3.068592e+01   2.680099e-01
    52  -2.039585e+00  -2.055198e+00   2.714166e-03   5.797524e+03   1.442342e-01   5.280623e-01  -2.500916e+00  -2.513449e+00   2.967831e-04   2.469344e+04   1.356508e-01  -1.239984e+00  -1.256661e+00   2.671048e-03   2.819686e+01   2.647295e-01
    53  -2.007777e+00  -2.023390e+00   3.020786e-03   4.944294e+03   1.452771e-01   5.288839e-01  -2.475119e+00  -2.487826e+00   3.451610e-04   2.367774e+04   1.356983e-01  -1.205987e+00  -1.222653e+00   3.106449e-03   2.589302e+01   2.613808e-01
    54  -1.975969e+00  -1.991582e+00   3.346794e-03   4.197465e+03   1.464476e-01   5.294609e-01  -2.448918e+00  -2.461821e+00   4.012824e-04   2.259676e+04   1.357530e-01  -1.172000e+00  -1.188661e+00   3.611542e-03   2.375926e+01   2.579593e-01
    55  -1.944162e+00  -1.959774e+00   3.693415e-03   3.550474e+03   1.477454e-01   5.297204e-01  -2.422260e+00  -2.435384e+00   4.663463e-04   2.145163e+04   1.358162e-01  -1.138016e+00  -1.154676e+00   4.197117e-03   2.178273e+01   2.544541e-01
    56  -1.912354e+00  -1.927967e+00   4.050715e-03   2.991573e+03   1.491993e-01   5.294636e-01  -2.395089e+00  -2.408462e+00   5.417261e-04   2.024485e+04   1.358896e-01  -1.104024e+00  -1.120688e+00   4.875535e-03   1.995156e+01   2.508511e-01
    57  -1.880546e+00  -1.896159e+00   4.427554e-03   2.513001e+03   1.508227e-01   5.285357e-01  -2.367337e+00  -2.380991e+00   6.289911e-04   1.898054e+04   1.359752e-01  -1.070014e+00  -1.086686e+00   5.660920e-03   1.825228e+01   2.471846e-01
    58  -1.848738e+00  -1.864351e+00   4.826046e-03   2.108786e+03   1.525659e-01   5.270191e-01  -2.338929e+00  -2.352901e+00   7.299314e-04   1.766464e+04   1.360755e-01  -1.035972e+00  -1.052660e+00   6.569382e-03   1.667469e+01   2.434572e-01
    59  -1.816931e+00  -1.832543e+00   5.232758e-03   1.766975e+03   1.544721e-01   5.245845e-01  -2.309776e+00  -2.324108e+00   8.465830e-04   1.630515e+04   1.361939e-01  -1.001884e+00  -1.018594e+00   7.619247e-03   1.520887e+01   2.396848e-01
    60  -1.785123e+00  -1.800736e+00   5.665871e-03   1.480918e+03   1.564863e-01   5.213305e-01  -2.279779e+00  -2.294519e+00   9.812558e-04   1.491230e+04   1.363344e-01  -9.677319e-01  -9.844724e-01   8.831303e-03   1.384533e+01   2.359075e-01
    61  -1.753315e+00  -1.768928e+00   6.112035e-03   1.241684e+03   1.586009e-01   5.171627e-01  -2.248823e+00  -2.264025e+00   1.136562e-03   1.349866e+04   1.365022e-01  -9.334973e-01  -9.502773e-01   1.022906e-02   1.257714e+01   2.321324e-01
    62  -1.721507e+00  -1.737120e+00   6.583008e-03   1.043114e+03   1.607541e-01   5.121571e-01  -2.216773e+00  -2.232502e+00   1.315444e-03   1.207910e+04   1.367043e-01  -8.991625e-01  -9.159907e-01   1.183900e-02   1.139812e+01   2.283687e-01
    63  -1.689700e+00  -1.705312e+00   7.074862e-03   8.773148e+02   1.629638e-01   5.061759e-01  -2.183478e+00  -2.199806e+00   1.521208e-03   1.067067e+04   1.369492e-01  -8.647090e-01  -8.815942e-01   1.369088e-02   1.030258e+01   2.246435e-01
    64  -1.657892e+00  -1.673505e+00   7.592698e-03   7.409586e+02   1.650360e-01   4.998088e-01  -2.148762e+00  -2.165773e+00   1.757548e-03   9.292215e+03   1.372487e-01  -8.301215e-01  -8.470710e-01   1.581793e-02   9.286588e+00   2.209476e-01
    65  -1.626084e+00  -1.641697e+00   8.138906e-03   6.266421e+02   1.671328e-01   4.924223e-01  -2.112428e+00  -2.130215e+00   2.028572e-03   7.963814e+03   1.376177e-01  -7.953879e-01  -8.124075e-01   1.825715e-02   8.346576e+00   2.172688e-01
    66  -1.594276e+00  -1.609889e+00   8.716703e-03   5.330044e+02   1.688822e-01   4.856697e-01  -2.074250e+00  -2.092920e+00   2.338830e-03   6.705921e+03   1.380757e-01  -7.604990e-01  -7.775932e-01   2.104947e-02   7.478969e+00   2.136101e-01
    67  -1.562469e+00  -1.578081e+00   9.330876e-03   4.540225e+02   1.706245e-01   4.781465e-01  -2.033982e+00  -2.053650e+00   2.693323e-03   5.538273e+03   1.386481e-01  -7.254501e-01  -7.426210e-01   2.423991e-02   6.680724e+00   2.099583e-01
    68  -1.530661e+00  -1.546274e+00   9.985665e-03   3.890942e+02   1.718675e-01   4.721573e-01  -1.991355e+00  -2.012146e+00   3.097518e-03   4.478523e+03   1.393669e-01  -6.902410e-01  -7.074888e-01   2.787766e-02   5.948813e+00   2.062941e-01
    69  -1.498853e+00  -1.514466e+00   1.068646e-02   3.339538e+02   1.730767e-01   4.657549e-01  -1.946098e+00  -1.968138e+00   3.557342e-03   3.540812e+03   1.402709e-01  -6.548760e-01  -6.721986e-01   3.201608e-02   5.280078e+00   2.025998e-01
    70  -1.467045e+00  -1.482658e+00   1.143922e-02   2.881401e+02   1.737556e-01   4.614351e-01  -1.897955e+00  -1.921360e+00   4.079169e-03   2.734361e+03   1.414032e-01  -6.193622e-01  -6.367562e-01   3.671252e-02   4.671163e+00   1.988750e-01
    71  -1.435238e+00  -1.450850e+00   1.224966e-02   2.489617e+02   1.743913e-01   4.570583e-01  -1.846728e+00  -1.871586e+00   4.669785e-03   2.062279e+03   1.428025e-01  -5.837104e-01  -6.011706e-01   4.202806e-02   4.118726e+00   1.951099e-01
    72  -1.403430e+00  -1.419043e+00   1.312507e-02   2.158719e+02   1.746179e-01   4.546252e-01  -1.792337e+00  -1.818681e+00   5.336336e-03   1.521028e+03   1.444845e-01  -5.479344e-01  -5.654541e-01   4.802703e-02   3.619351e+00   1.912943e-01
    73  -1.371622e+00  -1.387235e+00   1.407146e-02   1.873953e+02   1.748108e-01   4.523621e-01  -1.734901e+00  -1.762670e+00   6.086254e-03   1.100593e+03   1.464048e-01  -5.120504e-01  -5.296219e-01   5.477629e-02   3.169607e+00   1.874197e-01
    74  -1.339814e+00  -1.355427e+00   1.509697e-02   1.629410e+02   1.747995e-01   4.513053e-01  -1.674817e+00  -1.703821e+00   6.927149e-03   7.856593e+02   1.484086e-01  -4.760771e-01  -4.936914e-01   6.234434e-02   2.766068e+00   1.834854e-01
    75  -1.308007e+00  -1.323619e+00   1.620820e-02   1.417706e+02   1.747879e-01   4.503878e-01  -1.612801e+00  -1.642703e+00   7.866679e-03   5.575717e+02   1.501898e-01  -4.400352e-01  -4.576824e-01   7.080011e-02   2.405347e+00   1.794931e-01
    76  -1.276199e+00  -1.291812e+00   1.741305e-02   1.233993e+02   1.747405e-01   4.497859e-01  -1.549826e+00  -1.580173e+00   8.912390e-03   3.967833e+02   1.513239e-01  -4.039479e-01  -4.216169e-01   8.021151e-02   2.084179e+00   1.754368e-01
    77  -1.244391e+00  -1.260004e+00   1.872009e-02   1.074064e+02   1.747382e-01   4.490471e-01  -1.486944e+00  -1.517248e+00   1.007152e-02   2.851872e+02   1.514242e-01  -3.678409e-01  -3.855193e-01   9.064369e-02   1.799390e+00   1.713104e-01
    78  -1.212583e+00  -1.228196e+00   2.013603e-02   9.349953e+01   1.747666e-01   4.480754e-01  -1.425032e+00  -1.454885e+00   1.135078e-02   2.077929e+02   1.503569e-01  -3.317424e-01  -3.494167e-01   1.021570e-01   1.547916e+00   1.671076e-01
    79  -1.180776e+00  -1.196388e+00   2.167169e-02   8.134098e+01   1.748701e-01   4.466677e-01  -1.364630e+00  -1.393782e+00   1.275612e-02   1.534133e+02   1.483250e-01  -2.956827e-01  -3.133384e-01   1.148050e-01   1.326785e+00   1.628344e-01
    80  -1.148968e+00  -1.164581e+00   2.333644e-02   7.080421e+01   1.749812e-01   4.448932e-01  -1.305922e+00  -1.334285e+00   1.429243e-02   1.143986e+02   1.457386e-01  -2.596946e-01  -2.773160e-01   1.286319e-01   1.133173e+00   1.584878e-01
    81  -1.117160e+00  -1.132773e+00   2.513841e-02   6.157003e+01   1.751513e-01   4.426654e-01  -1.248841e+00  -1.276444e+00   1.596333e-02   8.581814e+01   1.429997e-01  -2.238130e-01  -2.413834e-01   1.436700e-01   9.643975e-01   1.540648e-01
    82  -1.085352e+00  -1.100965e+00   2.709717e-02   5.357264e+01   1.752909e-01   4.401856e-01  -1.193210e+00  -1.220135e+00   1.777087e-02   6.455927e+01   1.403618e-01  -1.880750e-01  -2.055765e-01   1.599378e-01   8.179239e-01   1.495633e-01
    83  -1.053545e+00  -1.069157e+00   2.921093e-02   4.660979e+01   1.754100e-01   4.375433e-01  -1.138844e+00  -1.165177e+00   1.971527e-02   4.861548e+01   1.379021e-01  -1.525191e-01  -1.699333e-01   1.774374e-01   6.913543e-01   1.449916e-01
    84  -1.021737e+00  -1.037350e+00   3.150816e-02   4.055143e+01   1.754744e-01   4.349536e-01  -1.085606e+00  -1.111410e+00   2.179475e-02   3.662287e+01   1.355702e-01  -1.171848e-01  -1.344927e-01   1.961527e-01   5.824567e-01   1.403548e-01
    85  -9.899290e-01  -1.005542e+00   3.399854e-02   3.530000e+01   1.754706e-01   4.323430e-01  -1.033415e+00  -1.058727e+00   2.400535e-02   2.759801e+01   1.332665e-01  -8.211274e-02  -9.929482e-02   2.160481e-01   4.891703e-01   1.356565e-01
    86  -9.581213e-01  -9.737340e-01   3.669302e-02   3.070883e+01   1.754059e-01   4.301860e-01  -9.822220e-01  -1.007065e+00   2.634082e-02   2.080382e+01   1.309038e-01  -4.734388e-02  -6.438046e-02   2.370673e-01   4.095926e-01   1.309054e-01
    87  -9.263135e-01  -9.419263e-01   3.962234e-02   2.672065e+01   1.752714e-01   4.281759e-01  -9.319850e-01  -9.563775e-01   2.879262e-02   1.568121e+01   1.284480e-01  -1.291777e-02  -2.978980e-02   2.591336e-01   3.419746e-01   1.261194e-01
    88  -8.945058e-01  -9.101185e-01   4.278901e-02   2.325029e+01   1.750671e-01   4.264012e-01  -8.826437e-01  -9.066140e-01   3.134998e-02   1.180890e+01   1.259186e-01   2.112643e-02   4.437834e-03   2.821498e-01   2.847494e-01   1.213076e-01
    89  -8.626980e-01  -8.783107e-01   4.621946e-02   2.021062e+01   1.748389e-01   4.249583e-01  -8.341113e-01  -8.577000e-01   3.400006e-02   8.873846e+00   1.233733e-01   5.475143e-02   3.826427e-02   3.060005e-01   2.364997e-01   1.164863e-01
    90  -8.308903e-01  -8.465030e-01   4.994446e-02   1.756718e+01   1.745559e-01   4.235651e-01  -7.862761e-01  -8.095355e-01   3.672816e-02   6.645148e+00   1.208778e-01   8.792294e-02   7.165381e-02   3.305535e-01   1.959573e-01   1.116764e-01
    91  -7.990825e-01  -8.146952e-01   5.395779e-02   1.525983e+01   1.742245e-01   4.221861e-01  -7.390131e-01  -7.620020e-01   3.951809e-02   4.952926e+00   1.184869e-01   1.206088e-01   1.045733e-01   3.556628e-01   1.620095e-01   1.068909e-01
    92  -7.672747e-01  -7.828875e-01   5.830095e-02   1.324053e+01   1.738839e-01   4.206572e-01  -6.921952e-01  -7.149735e-01   4.235249e-02   3.670747e+00   1.162320e-01   1.527814e-01   1.369929e-01   3.811724e-01   1.336662e-01   1.021552e-01
    93  -7.354670e-01  -7.510797e-01   6.300765e-02   1.148565e+01   1.734768e-01   4.189151e-01  -6.457023e-01  -6.683269e-01   4.521329e-02   2.703129e+00   1.141186e-01   1.844166e-01   1.688870e-01   4.069196e-01   1.100739e-01   9.748397e-02
    94  -7.036592e-01  -7.192720e-01   6.807120e-02   9.957538e+00   1.730083e-01   4.168403e-01  -5.994295e-01  -6.219499e-01   4.808216e-02   1.977061e+00   1.121329e-01   2.154945e-01   2.002334e-01   4.327394e-01   9.048693e-02   9.289800e-02
    95  -6.718515e-01  -6.874642e-01   7.353938e-02   8.624280e+00   1.724889e-01   4.142572e-01  -5.532863e-01  -5.757453e-01   5.094094e-02   1.435801e+00   1.102471e-01   2.459996e-01   2.310148e-01   4.584685e-01   7.426605e-02   8.841355e-02
    96  -6.400437e-01  -6.556565e-01   7.945440e-02   7.468303e+00   1.718495e-01   4.112612e-01  -5.071918e-01  -5.296278e-01   5.377208e-02   1.035097e+00   1.084292e-01   2.759210e-01   2.612179e-01   4.839488e-01   6.086301e-02   8.404649e-02
    97  -6.082360e-01  -6.238487e-01   8.581741e-02   6.465250e+00   1.710841e-01   4.078068e-01  -4.610698e-01  -4.835188e-01   5.655903e-02   7.405610e-01   1.066527e-01   3.052520e-01   2.908341e-01   5.090312e-01   4.981106e-02   7.981104e-02
    98  -5.764282e-01  -5.920409e-01   9.267170e-02   5.592154e+00   1.702089e-01   4.038167e-01  -4.148405e-01  -4.373403e-01   5.928652e-02   5.255974e-01   1.049014e-01   3.339900e-01   3.198586e-01   5.335787e-01   4.071538e-02   7.571813e-02
    99  -5.446204e-01  -5.602332e-01   1.000754e-01   4.836203e+00   1.691588e-01   3.994103e-01  -3.684090e-01  -3.910046e-01   6.194091e-02   3.697864e-01   1.031705e-01   3.621367e-01   3.482913e-01   5.574682e-01   3.324226e-02   7.177805e-02
   100  -5.128127e-01  -5.284254e-01   1.080421e-01   4.181365e+00   1.679243e-01   3.945609e-01  -3.216575e-01  -3.444045e-01   6.451030e-02   2.576516e-01   1.014656e-01   3.896970e-01   3.761354e-01   5.805927e-01   2.711231e-02   6.799685e-02
   101  -4.810049e-01  -4.966177e-01   1.165860e-01   3.611383e+00   1.665164e-01   3.892332e-01  -2.744494e-01  -2.974123e-01   6.698469e-02   1.776120e-01   9.979849e-02   4.166797e-01   4.033979e-01   6.028622e-01   2.209095e-02   6.438054e-02
   102  -4.491972e-01  -4.648099e-01   1.257949e-01   3.117317e+00   1.649071e-01   3.834836e-01  -2.266212e-01  -2.498772e-01   6.935597e-02   1.209811e-01   9.818230e-02   4.430961e-01   4.300887e-01   6.242038e-01   1.798342e-02   6.093063e-02
   103  -4.173894e-01  -4.330022e-01   1.357008e-01   2.689217e+00   1.630967e-01   3.772878e-01  -1.779800e-01  -2.016200e-01   7.161799e-02   8.130855e-02   9.663367e-02   4.689605e-01   4.562208e-01   6.445619e-01   1.462706e-02   5.764934e-02
   104  -3.855817e-01  -4.011944e-01   1.463042e-01   2.317451e+00   1.611017e-01   3.706077e-01  -1.283175e-01  -1.524393e-01   7.376638e-02   5.385020e-02   9.516876e-02   4.942891e-01   4.818094e-01   6.638974e-01   1.188778e-02   5.453432e-02
   105  -3.537739e-01  -3.693867e-01   1.577013e-01   1.995049e+00   1.589105e-01   3.633606e-01  -7.741195e-02  -1.021193e-01   7.579851e-02   3.510178e-02   9.380153e-02   5.191006e-01   5.068720e-01   6.821866e-01   9.654051e-03   5.158483e-02
   106  -3.219662e-01  -3.375789e-01   1.699345e-01   1.715670e+00   1.565205e-01   3.554978e-01  -2.504707e-02  -5.044075e-02   7.771330e-02   2.250033e-02   9.254061e-02   5.434146e-01   5.314277e-01   6.994197e-01   7.834438e-03   4.879590e-02
   107  -2.901584e-01  -3.057711e-01   1.829777e-01   1.473303e+00   1.539493e-01   3.469321e-01   2.893105e-02   2.780061e-03   7.951106e-02   1.418930e-02   9.136060e-02   5.672528e-01   5.554972e-01   7.155996e-01   6.353240e-03   4.616413e-02
   108  -2.583506e-01  -2.739634e-01   1.969393e-01   1.263214e+00   1.511973e-01   3.375457e-01   8.455725e-02   5.763415e-02   8.119333e-02   8.820593e-03   9.019482e-02   5.906374e-01   5.791024e-01   7.307399e-01   5.148541e-03   4.368342e-02
   109  -2.265429e-01  -2.421556e-01   2.118261e-01   1.081274e+00   1.482552e-01   3.272752e-01   1.416354e-01   1.140334e-01   8.276263e-02   5.431529e-03   8.888352e-02   6.135915e-01   6.022661e-01   7.448636e-01   4.169399e-03   4.134818e-02
   110  -1.947351e-01  -2.103479e-01   2.276030e-01   9.234444e-01   1.451181e-01   3.158553e-01   1.996143e-01   1.715917e-01   8.422234e-02   3.342021e-03   8.714527e-02   6.361390e-01   6.250116e-01   7.580011e-01   3.374134e-03   3.915201e-02
   111  -1.629274e-01  -1.785401e-01   2.443878e-01   7.870105e-01   1.418133e-01   3.032642e-01   2.575791e-01   2.295631e-01   8.557652e-02   2.077822e-03   8.463909e-02   6.583038e-01   6.473628e-01   7.701887e-01   2.728668e-03   3.708789e-02
   112  -1.311196e-01  -1.467324e-01   2.621905e-01   6.692742e-01   1.383423e-01   2.895402e-01   3.144048e-01   2.869207e-01   8.682971e-02   1.319761e-03   8.111658e-02   6.801102e-01   6.693438e-01   7.814674e-01   2.205095e-03   3.514952e-02
   113  -9.931187e-02  -1.149246e-01   2.809688e-01   5.677330e-01   1.347189e-01   2.743871e-01   3.690627e-01   3.425931e-01   8.798682e-02   8.624414e-04   7.660137e-02   7.015824e-01   6.909790e-01   7.918814e-01   1.780693e-03   3.332961e-02
   114  -6.750412e-02  -8.311686e-02   3.007997e-01   4.803443e-01   1.309458e-01   2.578109e-01   4.208757e-01   3.957414e-01   8.905301e-02   5.807056e-04   7.139693e-02   7.227445e-01   7.122923e-01   8.014771e-01   1.436896e-03   3.162146e-02
   115  -3.569636e-02  -5.130910e-02   3.216344e-01   4.052661e-01   1.270334e-01   2.398662e-01   4.695736e-01   4.459068e-01   9.003354e-02   4.018065e-04   6.591461e-02   7.436201e-01   7.333077e-01   8.103019e-01   1.158579e-03   3.001841e-02
   116  -3.888604e-03  -1.950135e-02   3.434615e-01   3.408693e-01   1.229972e-01   2.202628e-01   5.151947e-01   4.929829e-01   9.093373e-02   2.844482e-04   6.050368e-02   7.642327e-01   7.540487e-01   8.184036e-01   9.334307e-04   2.851368e-02
   117   2.791915e-02   1.230641e-02   3.662903e-01   2.857783e-01   1.188423e-01   1.993167e-01   5.579465e-01   5.370965e-01   9.175884e-02   2.051401e-04   5.538558e-02   7.846050e-01   7.745383e-01   8.258295e-01   7.514196e-04   2.710108e-02
   118   5.972691e-02   4.411416e-02   3.900016e-01   2.387519e-01   1.145843e-01   1.769095e-01   5.981060e-01   5.784903e-01   9.251402e-02   1.501685e-04   5.066588e-02   8.047591e-01   7.947989e-01   8.326262e-01   6.043907e-04   2.577446e-02
   119   9.153466e-02   7.592192e-02   4.146221e-01   1.987204e-01   1.102370e-01   1.534333e-01   6.359630e-01   6.174468e-01   9.320429e-02   1.112535e-04   4.637750e-02   8.247166e-01   8.148525e-01   8.388386e-01   4.857142e-04   2.452787e-02
   120   1.233424e-01   1.077297e-01   4.400187e-01   1.647384e-01   1.058150e-01   1.287123e-01   6.717938e-01   6.542478e-01   9.383445e-02   8.322181e-05   4.251366e-02   8.444980e-01   8.347199e-01   8.445100e-01   3.899981e-04   2.335581e-02
   121   1.551502e-01   1.395374e-01   4.661431e-01   1.359912e-01   1.013343e-01   1.040063e-01   7.058420e-01   6.891515e-01   9.440910e-02   6.275429e-05   3.904428e-02   8.641232e-01   8.544214e-01   8.496819e-01   3.128648e-04   2.225303e-02
   122   1.869579e-01   1.713452e-01   4.928734e-01   1.117444e-01   9.681769e-02   7.808450e-02   7.383244e-01   7.223868e-01   9.493262e-02   4.763239e-05   3.593341e-02   8.836110e-01   8.739764e-01   8.543935e-01   2.507609e-04   2.121449e-02
   123   2.187657e-01   2.031529e-01   5.200953e-01   9.138737e-02   9.227417e-02   5.418724e-02   7.694295e-01   7.541554e-01   9.540910e-02   3.635239e-05   3.314378e-02   9.029794e-01   8.934032e-01   8.586819e-01   2.008024e-04   2.023552e-02
   124   2.505734e-01   2.349607e-01   5.476865e-01   7.435082e-02   8.773587e-02   2.958350e-02   7.993207e-01   7.846322e-01   9.584241e-02   2.787089e-05   3.063847e-02   9.222455e-01   9.127193e-01   8.625817e-01   1.606503e-04   1.931184e-02
   125   2.823812e-01   2.667685e-01   5.754862e-01   6.016756e-02   8.321282e-02   7.831353e-03   8.281404e-01   8.139696e-01   9.623618e-02   2.144973e-05   2.838522e-02   9.414252e-01   9.319412e-01   8.661256e-01   1.284100e-04   1.843935e-02
   126   3.141890e-01   2.985762e-01   6.033664e-01   4.841009e-02   7.873432e-02  -1.318456e-02   8.560129e-01   8.423002e-01   9.659376e-02   1.656068e-05   2.635397e-02   9.605334e-01   9.510844e-01   8.693438e-01   1.025470e-04   1.761426e-02
   127   3.459967e-01   3.303840e-01   6.311382e-01   3.871766e-02   7.431651e-02  -3.169575e-02   8.830464e-01   8.697400e-01   9.691827e-02   1.282020e-05   2.451874e-02   9.795842e-01   9.701633e-01   8.722644e-01   8.181952e-05   1.683311e-02
   128   3.778045e-01   3.621917e-01   6.586647e-01   3.077138e-02   6.998047e-02  -4.768635e-02   9.093371e-01   8.963907e-01   9.721261e-02   9.946327e-06   2.285675e-02   9.985906e-01   9.891914e-01   8.749135e-01   6.522351e-05   1.609274e-02
   129   4.096122e-01   3.939995e-01   6.857681e-01   2.429544e-02   6.574920e-02  -6.269203e-02   9.349684e-01   9.223418e-01   9.747945e-02   7.731028e-06   2.134744e-02   1.017565e+00   1.008181e+00   8.773151e-01   5.194824e-05   1.539017e-02
   130   4.414200e-01   4.258072e-01   7.122928e-01   1.905245e-02   6.163233e-02  -7.343360e-02   9.600148e-01   9.476721e-01   9.772124e-02   6.018193e-06   1.997357e-02   1.036518e+00   1.027145e+00   8.794912e-01   4.133930e-05   1.472273e-02
   131   4.732277e-01   4.576150e-01   7.378849e-01   1.483146e-02   5.765040e-02  -8.346320e-02   9.845428e-01   9.724520e-01   9.794025e-02   4.690567e-06   1.871966e-02   1.055459e+00   1.046092e+00   8.814623e-01   3.286910e-05   1.408795e-02
   132   5.050355e-01   4.894227e-01   7.624904e-01   1.145142e-02   5.380646e-02  -9.178583e-02   1.008611e+00   9.967434e-01   9.813854e-02   3.659527e-06   1.757211e-02   1.074400e+00   1.065033e+00   8.832469e-01   2.611270e-05   1.348360e-02
   133   5.368432e-01   5.212305e-01   7.860702e-01   8.774970e-03   5.012561e-02  -9.765642e-02   1.032271e+00   1.020602e+00   9.831802e-02   2.857410e-06   1.651931e-02   1.093347e+00   1.083976e+00   8.848622e-01   2.072827e-05   1.290767e-02
   134   5.686510e-01   5.530383e-01   8.084555e-01   6.672644e-03   4.661969e-02  -1.025397e-01   1.055570e+00   1.044076e+00   9.848042e-02   2.232505e-06   1.555097e-02   1.112308e+00   1.102931e+00   8.863237e-01   1.644104e-05   1.235829e-02
   135   6.004588e-01   5.848460e-01   8.293067e-01   5.029168e-03   4.328707e-02  -1.063830e-01   1.078549e+00   1.067212e+00   9.862732e-02   1.745109e-06   1.465801e-02   1.131292e+00   1.121904e+00   8.876458e-01   1.303043e-05   1.183377e-02
   136   6.322665e-01   6.166538e-01   8.488650e-01   3.758928e-03   4.013913e-02  -1.090021e-01   1.101247e+00   1.090047e+00   9.876016e-02   1.364631e-06   1.383253e-02   1.150303e+00   1.140902e+00   8.888415e-01   1.031951e-05   1.133260e-02
   137   6.640743e-01   6.484615e-01   8.668557e-01   2.786872e-03   3.717950e-02  -1.102910e-01   1.123696e+00   1.112617e+00   9.888027e-02   1.067392e-06   1.306765e-02   1.169348e+00   1.159930e+00   8.899225e-01   8.166553e-06   1.085339e-02
   138   6.958820e-01   6.802693e-01   8.833439e-01   2.046882e-03   3.440554e-02  -1.107964e-01   1.145926e+00   1.134953e+00   9.898885e-02   8.350457e-07   1.235730e-02   1.188432e+00   1.178995e+00   8.908996e-01   6.458112e-06   1.039486e-02
   139   7.276898e-01   7.120770e-01   8.983198e-01   1.491899e-03   3.182025e-02  -1.104067e-01   1.167965e+00   1.157085e+00   9.908698e-02   6.533462e-07   1.169613e-02   1.207559e+00   1.198101e+00   8.917828e-01   5.103493e-06   9.955891e-03
   140   7.594975e-01   7.438848e-01   9.117920e-01   1.077365e-03   2.941739e-02  -1.092092e-01   1.189835e+00   1.179038e+00   9.917565e-02   5.112071e-07   1.107942e-02   1.226734e+00   1.217252e+00   8.925808e-01   4.030255e-06   9.535414e-03
   141   7.913053e-01   7.756925e-01   9.238090e-01   7.722855e-04   2.719260e-02  -1.071901e-01   1.211559e+00   1.200833e+00   9.925576e-02   3.999912e-07   1.050305e-02   1.245959e+00   1.236453e+00   8.933019e-01   3.180596e-06   9.132475e-03
   142   8.231130e-01   8.075003e-01   9.345051e-01   5.489690e-04   2.513876e-02  -1.043991e-01   1.233156e+00   1.222492e+00   9.932813e-02   3.129578e-07   9.963368e-03   1.265238e+00   1.255705e+00   8.939532e-01   2.508438e-06   8.746198e-03
   143   8.549208e-01   8.393081e-01   9.438326e-01   3.875073e-04   2.324649e-02  -1.009016e-01   1.254643e+00   1.244033e+00   9.939350e-02   2.448429e-07   9.457168e-03   1.284572e+00   1.275013e+00   8.945415e-01   1.977084e-06   8.375778e-03
   144   8.867286e-01   8.711158e-01   9.520418e-01   2.716637e-04   2.150617e-02  -9.676040e-02   1.276036e+00   1.265471e+00   9.945254e-02   1.915328e-07   8.981594e-03   1.303966e+00   1.294377e+00   8.950729e-01   1.557332e-06   8.020473e-03
   145   9.185363e-01   9.029236e-01   9.591378e-01   1.892287e-04   1.990768e-02  -9.207058e-02   1.297348e+00   1.286823e+00   9.950586e-02   1.498107e-07   8.534118e-03   1.323419e+00   1.313801e+00   8.955527e-01   1.225971e-06   7.679600e-03
   146   9.503441e-01   9.347313e-01   9.652540e-01   1.311087e-04   1.843918e-02  -8.698003e-02   1.318592e+00   1.308100e+00   9.955400e-02   1.171597e-07   8.112490e-03   1.342934e+00   1.333286e+00   8.959860e-01   9.645604e-07   7.352527e-03
   147   9.821518e-01   9.665391e-01   9.705407e-01   9.038338e-05   1.709074e-02  -8.157043e-02   1.339779e+00   1.329315e+00   9.959747e-02   9.161006e-08   7.714712e-03   1.362512e+00   1.352834e+00   8.963772e-01   7.584686e-07   7.038668e-03
   148   1.013960e+00   9.983468e-01   9.750373e-01   6.204513e-05   1.585157e-02  -7.596819e-02   1.360919e+00   1.350478e+00   9.963672e-02   7.161980e-08   7.338998e-03   1.382153e+00   1.372444e+00   8.967304e-01   5.960918e-07   6.737479e-03
   149   1.045767e+00   1.030155e+00   9.788652e-01   4.244499e-05   1.471122e-02  -7.037267e-02   1.382020e+00   1.371598e+00   9.967214e-02   5.598154e-08   6.983751e-03   1.401858e+00   1.392117e+00   8.970493e-01   4.682359e-07   6.448452e-03
   150   1.077575e+00   1.061962e+00   9.821385e-01   2.895056e-05   1.366113e-02  -6.479339e-02   1.403090e+00   1.392683e+00   9.970413e-02   4.374984e-08   6.647541e-03   1.421626e+00   1.411854e+00   8.973371e-01   3.676222e-07   6.171113e-03
   151   1.109383e+00   1.093770e+00   9.849018e-01   1.969979e-05   1.269284e-02  -5.935979e-02   1.424136e+00   1.413741e+00   9.973300e-02   3.418441e-08   6.329083e-03   1.441458e+00   1.431655e+00   8.975970e-01   2.884921e-07   5.905020e-03
   152   1.141191e+00   1.125578e+00   9.872339e-01   1.338139e-05   1.179848e-02  -5.418654e-02   1.445164e+00   1.434778e+00   9.975905e-02   2.670548e-08   6.027219e-03   1.461353e+00   1.451519e+00   8.978315e-01   2.262934e-07   5.649757e-03
   153   1.172998e+00   1.157386e+00   9.892167e-01   9.077292e-06   1.097160e-02  -4.924035e-02   1.466179e+00   1.455799e+00   9.978257e-02   2.085913e-08   5.740903e-03   1.481310e+00   1.471446e+00   8.980432e-01   1.774299e-07   5.404934e-03
   154   1.204806e+00   1.189193e+00   9.908865e-01   6.151515e-06   1.020629e-02  -4.466231e-02   1.487185e+00   1.476809e+00   9.980380e-02   1.628994e-08   5.469191e-03   1.501328e+00   1.491434e+00   8.982342e-01   1.390629e-07   5.170186e-03
   155   1.236614e+00   1.221001e+00   9.922900e-01   4.166482e-06   9.496946e-03  -4.036897e-02   1.508185e+00   1.497812e+00   9.982296e-02   1.271967e-08   5.211227e-03   1.521405e+00   1.511482e+00   8.984066e-01   1.089530e-07   4.945171e-03
   156   1.268422e+00   1.252809e+00   9.934816e-01   2.821073e-06   8.839059e-03  -3.645045e-02   1.529183e+00   1.518811e+00   9.984025e-02   9.930548e-09   4.966233e-03   1.541539e+00   1.531588e+00   8.985622e-01   8.533473e-08   4.729569e-03
   157   1.300229e+00   1.284617e+00   9.944829e-01   1.910059e-06   8.228342e-03  -3.282611e-02   1.550180e+00   1.539808e+00   9.985585e-02   7.752137e-09   4.733507e-03   1.561727e+00   1.551750e+00   8.987027e-01   6.681729e-08   4.523078e-03
   158   1.332037e+00   1.316424e+00   9.953256e-01   1.293405e-06   7.660998e-03  -2.955299e-02   1.571178e+00   1.560806e+00   9.986993e-02   6.051082e-09   4.512407e-03   1.581968e+00   1.571965e+00   8.988294e-01   5.230561e-08   4.325419e-03
   159   1.363845e+00   1.348232e+00   9.960428e-01   8.761377e-07   7.133697e-03  -2.655402e-02   1.592176e+00   1.581804e+00   9.988264e-02   4.723060e-09   4.302355e-03   1.602256e+00   1.592230e+00   8.989438e-01   4.093804e-08   4.136333e-03
   160   1.395653e+00   1.380040e+00   9.966417e-01   5.937561e-07   6.643404e-03  -2.385882e-02   1.613175e+00   1.602803e+00   9.989411e-02   3.686479e-09   4.102824e-03   1.622588e+00   1.612541e+00   8.990470e-01   3.203702e-08   3.955582e-03
   161   1.427460e+00   1.411848e+00   9.971507e-01   4.026035e-07   6.187342e-03  -2.140567e-02   1.634174e+00   1.623801e+00   9.990446e-02   2.877539e-09   3.913340e-03   1.642960e+00   1.632893e+00   8.991401e-01   2.507001e-08   3.782946e-03
   162   1.459268e+00   1.443655e+00   9.975817e-01   2.731877e-07   5.763128e-03  -1.920543e-02   1.655168e+00   1.644798e+00   9.991379e-02   2.246362e-09   3.733476e-03   1.663363e+00   1.653281e+00   8.992241e-01   1.961874e-08   3.618231e-03
   163   1.491076e+00   1.475463e+00   9.979437e-01   1.855009e-07   5.368449e-03  -1.720291e-02   1.676156e+00   1.665789e+00   9.992222e-02   1.753968e-09   3.562851e-03   1.683793e+00   1.673698e+00   8.993000e-01   1.535482e-08   3.461262e-03
   164   1.522884e+00   1.507271e+00   9.982531e-01   1.260607e-07   5.001339e-03  -1.541252e-02   1.697132e+00   1.686771e+00   9.992982e-02   1.369897e-09   3.401125e-03   1.704240e+00   1.694137e+00   8.993684e-01   1.202062e-08   3.311889e-03
   165   1.554691e+00   1.539079e+00   9.985126e-01   8.574070e-08   4.659951e-03  -1.376707e-02   1.718090e+00   1.707737e+00   9.993668e-02   1.070356e-09   3.248003e-03   1.724694e+00   1.714587e+00   8.994301e-01   9.414065e-09   3.169988e-03
   166   1.586499e+00   1.570886e+00   9.987342e-01   5.836615e-08   4.342611e-03  -1.230079e-02   1.739021e+00   1.728681e+00   9.994287e-02   8.367623e-10   3.103231e-03   1.745144e+00   1.735039e+00   8.994858e-01   7.376787e-09   3.035461e-03
   167   1.618307e+00   1.602694e+00   9.989219e-01   3.977176e-08   4.047925e-03  -1.091444e-02   1.759915e+00   1.749593e+00   9.994845e-02   6.546064e-10   2.966595e-03   1.765576e+00   1.755480e+00   8.995361e-01   5.784702e-09   2.908239e-03
   168   1.650115e+00   1.634502e+00   9.990811e-01   2.712609e-08   3.774445e-03  -9.681272e-03   1.780760e+00   1.770462e+00   9.995349e-02   5.125632e-10   2.837925e-03   1.785973e+00   1.775894e+00   8.995814e-01   4.540645e-09   2.788284e-03
   169   1.681922e+00   1.666310e+00   9.992173e-01   1.852196e-08   3.521169e-03  -8.457519e-03   1.801540e+00   1.791274e+00   9.995804e-02   4.017945e-10   2.717090e-03   1.806317e+00   1.796264e+00   8.996223e-01   3.568559e-09   2.675590e-03
   170   1.713730e+00   1.698117e+00   9.993323e-01   1.266077e-08   3.286960e-03  -7.344345e-03   1.822237e+00   1.812012e+00   9.996214e-02   3.154046e-10   2.604003e-03   1.826585e+00   1.816569e+00   8.996593e-01   2.808941e-09   2.570187e-03
   171   1.745538e+00   1.729925e+00   9.994314e-01   8.665264e-09   3.071066e-03  -6.173461e-03   1.842829e+00   1.832655e+00   9.996584e-02   2.480149e-10   2.498621e-03   1.846750e+00   1.836785e+00   8.996926e-01   2.215253e-09   2.472139e-03
   172   1.777346e+00   1.761733e+00   9.995149e-01   5.938964e-09   2.872880e-03  -5.031408e-03   1.863291e+00   1.853181e+00   9.996918e-02   1.954312e-10   2.400939e-03   1.866784e+00   1.856883e+00   8.997226e-01   1.751118e-09   2.381547e-03
   173   1.809153e+00   1.793541e+00   9.995871e-01   4.076674e-09   2.691743e-03  -3.771608e-03   1.883592e+00   1.873560e+00   9.997219e-02   1.543833e-10   2.310999e-03   1.886651e+00   1.876831e+00   8.997498e-01   1.388106e-09   2.298548e-03
   174   1.840961e+00   1.825348e+00   9.996485e-01   2.803759e-09   2.527935e-03  -2.361263e-03   1.903699e+00   1.893762e+00   9.997491e-02   1.223224e-10   2.228880e-03   1.906313e+00   1.896593e+00   8.997742e-01   1.104010e-09   2.223313e-03
   175   1.872769e+00   1.857156e+00   9.997014e-01   1.932194e-09   2.380653e-03  -8.279565e-04   1.923573e+00   1.913750e+00   9.997737e-02   9.726200e-11   2.154704e-03   1.925727e+00   1.916128e+00   8.997963e-01   8.814912e-10   2.156045e-03
   176   1.904577e+00   1.888964e+00   9.997471e-01   1.335330e-09   2.251680e-03   1.264833e-03   1.943170e+00   1.933482e+00   9.997958e-02   7.765327e-11   2.088660e-03   1.944844e+00   1.935391e+00   8.998162e-01   7.070107e-10   2.096976e-03
   177   1.936384e+00   1.920772e+00   9.997862e-01   9.256190e-10   2.140618e-03   3.609488e-03   1.962445e+00   1.952914e+00   9.998158e-02   6.228096e-11   2.031269e-03   1.963616e+00   1.954331e+00   8.998342e-01   5.699842e-10   2.046437e-03
   178   1.968192e+00   1.952580e+00   9.998203e-01   6.439739e-10   2.049233e-03   6.647818e-03   1.981372e+00   1.972012e+00   9.998338e-02   5.015482e-11   1.984995e-03   1.981996e+00   1.972903e+00   8.998504e-01   4.619550e-10   2.005679e-03
   179   2.000000e+00   1.984387e+00   9.998500e-01   4.486390e-10   1.988491e-03   8.257948e-03   2.000000e+00   1.990786e+00   9.998500e-02   4.038660e-11   1.959312e-03   2.000000e+00   1.991092e+00   8.998650e-01   3.752860e-10   1.981987e-03
