     i          log_r       log_rmid          m_tot        rho_tot         v2_tot            eta     lgr[heavy]    lgrm[heavy]       m[heavy]     rho[heavy]      v2[heavy]     lgr[light]    lgrm[light]       m[light]     rho[light]      v2[light]
     0  -3.952594e+00  -4.253624e+00   1.017192e-07   2.184774e+05   1.517824e-01            nan  -3.952594e+00  -4.253624e+00   9.998500e-08   2.161908e+05   1.502243e-01  -2.891573e+00  -3.192603e+00   8.998650e-07   1.276489e+03   3.029901e-01
     1  -3.919339e+00  -3.935648e+00   1.278302e-07   2.174001e+05   1.515510e-01            nan  -3.930183e+00  -3.941244e+00   1.166721e-07   2.154988e+05   1.502259e-01  -2.865377e+00  -2.878278e+00   1.050049e-06   1.074027e+03   3.041547e-01
     2  -3.886084e+00  -3.902393e+00   1.606504e-07   2.172481e+05   1.515292e-01            nan  -3.907775e+00  -3.918835e+00   1.361439e-07   2.154237e+05   1.502260e-01  -2.839306e+00  -2.852146e+00   1.225295e-06   1.051231e+03   3.043033e-01
     3  -3.852830e+00  -3.869139e+00   2.019012e-07   2.170776e+05   1.515080e-01            nan  -3.885369e+00  -3.896428e+00   1.588651e-07   2.153406e+05   1.502262e-01  -2.813289e+00  -2.826102e+00   1.429786e-06   1.026859e+03   3.044690e-01
     4  -3.819575e+00  -3.835884e+00   2.537441e-07   2.168852e+05   1.514873e-01            nan  -3.862963e+00  -3.874021e+00   1.853780e-07   2.152486e+05   1.502264e-01  -2.787266e+00  -2.800082e+00   1.668402e-06   1.000866e+03   3.046541e-01
     5  -3.786320e+00  -3.802629e+00   3.188905e-07   2.166680e+05   1.514671e-01            nan  -3.840556e+00  -3.851615e+00   2.163150e-07   2.151467e+05   1.502267e-01  -2.761182e+00  -2.774028e+00   1.946835e-06   9.732257e+02   3.048612e-01
     6  -3.753065e+00  -3.769375e+00   4.007468e-07   2.164205e+05   1.514475e-01            nan  -3.818149e+00  -3.829208e+00   2.524142e-07   2.150339e+05   1.502269e-01  -2.734985e+00  -2.747886e+00   2.271728e-06   9.439274e+02   3.050930e-01
     7  -3.719811e+00  -3.736120e+00   5.035789e-07   2.161399e+05   1.514285e-01            nan  -3.795738e+00  -3.806799e+00   2.945370e-07   2.149090e+05   1.502272e-01  -2.708628e+00  -2.721607e+00   2.650833e-06   9.129850e+02   3.053527e-01
     8  -3.686556e+00  -3.702865e+00   6.327461e-07   2.158175e+05   1.514101e-01            nan  -3.773325e+00  -3.784387e+00   3.436881e-07   2.147706e+05   1.502275e-01  -2.682064e+00  -2.695143e+00   3.093193e-06   8.804420e+02   3.056440e-01
     9  -3.653301e+00  -3.669610e+00   7.949494e-07   2.154511e+05   1.513924e-01            nan  -3.750908e+00  -3.761972e+00   4.010398e-07   2.146175e+05   1.502278e-01  -2.655250e+00  -2.668450e+00   3.609358e-06   8.463791e+02   3.059705e-01
    10  -3.620047e+00  -3.636356e+00   9.986014e-07   2.150274e+05   1.513754e-01            nan  -3.728486e+00  -3.739552e+00   4.679601e-07   2.144479e+05   1.502282e-01  -2.628144e+00  -2.641486e+00   4.211641e-06   8.109025e+02   3.063363e-01
    11  -3.586792e+00  -3.603101e+00   1.254204e-06   2.145455e+05   1.513592e-01            nan  -3.706058e+00  -3.717127e+00   5.460446e-07   2.142601e+05   1.502286e-01  -2.600704e+00  -2.614207e+00   4.914402e-06   7.741523e+02   3.067460e-01
    12  -3.553537e+00  -3.569846e+00   1.574921e-06   2.139853e+05   1.513437e-01            nan  -3.683623e+00  -3.694696e+00   6.371554e-07   2.140523e+05   1.502291e-01  -2.572890e+00  -2.586574e+00   5.734398e-06   7.363029e+02   3.072046e-01
    13  -3.520282e+00  -3.536592e+00   1.977163e-06   2.133488e+05   1.513291e-01            nan  -3.661181e+00  -3.672257e+00   7.434644e-07   2.138222e+05   1.502296e-01  -2.544663e+00  -2.558547e+00   6.691180e-06   6.975613e+02   3.077172e-01
    14  -3.487028e+00  -3.503337e+00   2.481439e-06   2.126055e+05   1.513156e-01            nan  -3.638729e+00  -3.649810e+00   8.675058e-07   2.135674e+05   1.502302e-01  -2.515987e+00  -2.530088e+00   7.807552e-06   6.581644e+02   3.082893e-01
    15  -3.453773e+00  -3.470082e+00   3.113291e-06   2.117624e+05   1.513030e-01            nan  -3.616268e+00  -3.627353e+00   1.012236e-06   2.132855e+05   1.502309e-01  -2.486825e+00  -2.501161e+00   9.110122e-06   6.183844e+02   3.089265e-01
    16  -3.420518e+00  -3.436827e+00   3.904478e-06   2.107759e+05   1.512917e-01            nan  -3.593795e+00  -3.604886e+00   1.181103e-06   2.129735e+05   1.502316e-01  -2.457149e+00  -2.471733e+00   1.062993e-05   5.785694e+02   3.096298e-01
    17  -3.387264e+00  -3.403573e+00   4.894555e-06   2.096560e+05   1.512816e-01            nan  -3.571309e+00  -3.582406e+00   1.378130e-06   2.126282e+05   1.502323e-01  -2.426930e+00  -2.441777e+00   1.240317e-05   5.390274e+02   3.104022e-01
    18  -3.354009e+00  -3.370318e+00   6.132276e-06   2.083519e+05   1.512730e-01            nan  -3.548809e+00  -3.559913e+00   1.608010e-06   2.122462e+05   1.502332e-01  -2.396148e+00  -2.411266e+00   1.447209e-05   5.000660e+02   3.112453e-01
    19  -3.320754e+00  -3.337063e+00   7.678530e-06   2.068676e+05   1.512660e-01            nan  -3.526293e+00  -3.537405e+00   1.876216e-06   2.118236e+05   1.502342e-01  -2.364785e+00  -2.380183e+00   1.688595e-05   4.619807e+02   3.121595e-01
    20  -3.287499e+00  -3.303809e+00   9.607208e-06   2.051509e+05   1.512609e-01            nan  -3.503759e+00  -3.514879e+00   2.189133e-06   2.113562e+05   1.502353e-01  -2.332836e+00  -2.348517e+00   1.970220e-05   4.251647e+02   3.131296e-01
    21  -3.254245e+00  -3.270554e+00   1.201133e-05   2.031925e+05   1.512578e-01            nan  -3.481205e+00  -3.492335e+00   2.554206e-06   2.108393e+05   1.502365e-01  -2.300306e+00  -2.316267e+00   2.298786e-05   3.898757e+02   3.141441e-01
    22  -3.220990e+00  -3.237299e+00   1.500100e-05   2.009488e+05   1.512571e-01            nan  -3.458629e+00  -3.469770e+00   2.980121e-06   2.102678e+05   1.502378e-01  -2.267206e+00  -2.283441e+00   2.682109e-05   3.563213e+02   3.151874e-01
    23  -3.187735e+00  -3.204044e+00   1.871585e-05   1.983831e+05   1.512591e-01            nan  -3.436029e+00  -3.447182e+00   3.477003e-06   2.096360e+05   1.502393e-01  -2.233564e+00  -2.250059e+00   3.129303e-05   3.247638e+02   3.162204e-01
    24  -3.154481e+00  -3.170790e+00   2.331921e-05   1.954816e+05   1.512640e-01            nan  -3.413401e+00  -3.424567e+00   4.056664e-06   2.089379e+05   1.502409e-01  -2.199418e+00  -2.216155e+00   3.650997e-05   2.953443e+02   3.172025e-01
    25  -3.121226e+00  -3.137535e+00   2.901352e-05   1.921552e+05   1.512727e-01            nan  -3.390743e+00  -3.401924e+00   4.732872e-06   2.081666e+05   1.502428e-01  -2.164815e+00  -2.181772e+00   4.259585e-05   2.681078e+02   3.180926e-01
    26  -3.087971e+00  -3.104280e+00   3.603913e-05   1.884414e+05   1.512852e-01            nan  -3.368051e+00  -3.379248e+00   5.521683e-06   2.073148e+05   1.502448e-01  -2.129823e+00  -2.146966e+00   4.969515e-05   2.431800e+02   3.188089e-01
    27  -3.054716e+00  -3.071026e+00   4.467628e-05   1.842076e+05   1.513028e-01            nan  -3.345321e+00  -3.356537e+00   6.441814e-06   2.063743e+05   1.502471e-01  -2.094511e+00  -2.111808e+00   5.797633e-05   2.204889e+02   3.192957e-01
    28  -3.021462e+00  -3.037771e+00   5.527350e-05   1.794992e+05   1.513255e-01            nan  -3.322550e+00  -3.333786e+00   7.515084e-06   2.053365e+05   1.502496e-01  -2.058961e+00  -2.076372e+00   6.763576e-05   1.999914e+02   3.194749e-01
    29  -2.988207e+00  -3.004516e+00   6.820318e-05   1.742648e+05   1.513546e-01            nan  -3.299732e+00  -3.310991e+00   8.766923e-06   2.041917e+05   1.502524e-01  -2.023255e+00  -2.040741e+00   7.890231e-05   1.815756e+02   3.192802e-01
    30  -2.954952e+00  -2.971261e+00   8.393280e-05   1.684252e+05   1.513915e-01            nan  -3.276863e+00  -3.288147e+00   1.022697e-05   2.029296e+05   1.502555e-01  -1.987474e+00  -2.004996e+00   9.204273e-05   1.650947e+02   3.186577e-01
    31  -2.921698e+00  -2.938007e+00   1.029943e-04   1.620666e+05   1.514365e-01            nan  -3.253937e+00  -3.265249e+00   1.192976e-05   2.015388e+05   1.502590e-01  -1.951697e+00  -1.969217e+00   1.073678e-04   1.503960e+02   3.175686e-01
    32  -2.888443e+00  -2.904752e+00   1.258986e-04   1.551102e+05   1.514920e-01            nan  -3.230947e+00  -3.242290e+00   1.391553e-05   2.000071e+05   1.502629e-01  -1.915991e+00  -1.933477e+00   1.252398e-04   1.372922e+02   3.160036e-01
    33  -2.855188e+00  -2.871497e+00   1.533389e-04   1.475615e+05   1.515579e-01   5.078758e-01  -3.207886e+00  -3.219264e+00   1.623115e-05   1.983216e+05   1.502673e-01  -1.880413e+00  -1.897838e+00   1.460803e-04   1.256092e+02   3.139824e-01
    34  -2.821933e+00  -2.838243e+00   1.860194e-04   1.395288e+05   1.516282e-01   5.081642e-01  -3.184747e+00  -3.196163e+00   1.893121e-05   1.964681e+05   1.502721e-01  -1.845004e+00  -1.862347e+00   1.703808e-04   1.151664e+02   3.115447e-01
    35  -2.788679e+00  -2.804988e+00   2.246023e-04   1.310678e+05   1.517098e-01   5.084903e-01  -3.161520e+00  -3.172978e+00   2.207926e-05   1.944316e+05   1.502776e-01  -1.809789e+00  -1.827040e+00   1.987134e-04   1.057962e+02   3.087687e-01
    36  -2.755424e+00  -2.771733e+00   2.697857e-04   1.221010e+05   1.518073e-01   5.088557e-01  -3.138195e+00  -3.149701e+00   2.574932e-05   1.921962e+05   1.502837e-01  -1.774782e+00  -1.791933e+00   2.317439e-04   9.735165e+01   3.057213e-01
    37  -2.722169e+00  -2.738478e+00   3.223822e-04   1.128722e+05   1.519204e-01   5.092757e-01  -3.114762e+00  -3.126320e+00   3.002750e-05   1.897449e+05   1.502905e-01  -1.739979e+00  -1.757032e+00   2.702475e-04   8.969367e+01   3.025084e-01
    38  -2.688915e+00  -2.705224e+00   3.830986e-04   1.034911e+05   1.520524e-01   5.097432e-01  -3.091207e+00  -3.102825e+00   3.501400e-05   1.870601e+05   1.502982e-01  -1.705368e+00  -1.722329e+00   3.151260e-04   8.271816e+01   2.991895e-01
    39  -2.655660e+00  -2.671969e+00   4.525724e-04   9.407819e+04   1.522065e-01   5.102591e-01  -3.067518e+00  -3.079201e+00   4.082538e-05   1.841234e+05   1.503068e-01  -1.670928e+00  -1.687807e+00   3.674284e-04   7.632299e+01   2.958595e-01
    40  -2.622405e+00  -2.638714e+00   5.313362e-04   8.476215e+04   1.523861e-01   5.108321e-01  -3.043677e+00  -3.055434e+00   4.759714e-05   1.809157e+05   1.503166e-01  -1.636634e+00  -1.653442e+00   4.283742e-04   7.044355e+01   2.925414e-01
    41  -2.589150e+00  -2.605460e+00   6.197940e-04   7.567440e+04   1.525957e-01   5.114637e-01  -3.019669e+00  -3.031507e+00   5.548679e-05   1.774177e+05   1.503275e-01  -1.602457e+00  -1.619210e+00   4.993811e-04   6.501076e+01   2.892974e-01
    42  -2.555896e+00  -2.572205e+00   7.182029e-04   6.694234e+04   1.528406e-01   5.121378e-01  -2.995472e+00  -3.007402e+00   6.467734e-05   1.736100e+05   1.503399e-01  -1.568374e+00  -1.585082e+00   5.820960e-04   5.998921e+01   2.861034e-01
    43  -2.522641e+00  -2.538950e+00   8.266775e-04   5.868162e+04   1.531267e-01   5.128466e-01  -2.971065e+00  -2.983097e+00   7.538125e-05   1.694734e+05   1.503540e-01  -1.534358e+00  -1.551033e+00   6.784313e-04   5.533193e+01   2.829924e-01
    44  -2.489386e+00  -2.505695e+00   9.452206e-04   5.098969e+04   1.534600e-01   5.135790e-01  -2.946422e+00  -2.958569e+00   8.784517e-05   1.649898e+05   1.503699e-01  -1.500389e+00  -1.517041e+00   7.906065e-04   5.101808e+01   2.799135e-01
    45  -2.456132e+00  -2.472441e+00   1.073781e-03   4.394024e+04   1.538470e-01   5.143119e-01  -2.921516e+00  -2.933790e+00   1.023551e-04   1.601420e+05   1.503881e-01  -1.466448e+00  -1.483087e+00   9.211963e-04   4.701543e+01   2.768769e-01
    46  -2.422877e+00  -2.439186e+00   1.212340e-03   3.757917e+04   1.542931e-01   5.150341e-01  -2.896313e+00  -2.908731e+00   1.192428e-04   1.549152e+05   1.504088e-01  -1.432524e+00  -1.449155e+00   1.073185e-03   4.330558e+01   2.738420e-01
    47  -2.389622e+00  -2.405931e+00   1.361014e-03   3.192354e+04   1.548036e-01   5.157147e-01  -2.870777e+00  -2.883357e+00   1.388921e-04   1.492975e+05   1.504325e-01  -1.398602e+00  -1.415232e+00   1.250029e-03   3.986452e+01   2.708097e-01
    48  -2.356367e+00  -2.372677e+00   1.518730e-03   2.696212e+04   1.553812e-01   5.163299e-01  -2.844866e+00  -2.857628e+00   1.617478e-04   1.432809e+05   1.504597e-01  -1.364671e+00  -1.381305e+00   1.455730e-03   3.667268e+01   2.677716e-01
    49  -2.323113e+00  -2.339422e+00   1.683472e-03   2.260899e+04   1.560603e-01   5.167128e-01  -2.818534e+00  -2.831500e+00   1.883238e-04   1.368625e+05   1.504912e-01  -1.330721e+00  -1.347364e+00   1.694914e-03   3.371103e+01   2.647272e-01
    50  -2.289858e+00  -2.306167e+00   1.858144e-03   1.888137e+04   1.568244e-01   5.168911e-01  -2.791725e+00  -2.804923e+00   2.192140e-04   1.300457e+05   1.505275e-01  -1.296740e+00  -1.313398e+00   1.972926e-03   3.096035e+01   2.616998e-01
    51  -2.256603e+00  -2.272912e+00   2.042713e-03   1.572228e+04   1.576659e-01   5.168530e-01  -2.764378e+00  -2.777836e+00   2.551039e-04   1.228420e+05   1.505698e-01  -1.262717e+00  -1.279395e+00   2.295935e-03   2.840624e+01   2.586821e-01
    52  -2.223349e+00  -2.239658e+00   2.231165e-03   1.304152e+04   1.586233e-01   5.163707e-01  -2.736420e+00  -2.750174e+00   2.967831e-04   1.152723e+05   1.506193e-01  -1.228640e+00  -1.245345e+00   2.671048e-03   2.603293e+01   2.557029e-01
    53  -2.190094e+00  -2.206403e+00   2.431343e-03   1.080092e+04   1.596733e-01   5.154634e-01  -2.707770e+00  -2.721858e+00   3.451610e-04   1.073684e+05   1.506775e-01  -1.194500e+00  -1.211235e+00   3.106449e-03   2.382946e+01   2.527519e-01
    54  -2.156839e+00  -2.173148e+00   2.637504e-03   8.936471e+03   1.608027e-01   5.141112e-01  -2.678331e+00  -2.692801e+00   4.012824e-04   9.917491e+04   1.507464e-01  -1.160289e+00  -1.177058e+00   3.611542e-03   2.178541e+01   2.498222e-01
    55  -2.123584e+00  -2.139894e+00   2.852804e-03   7.390738e+03   1.620380e-01   5.120654e-01  -2.647994e+00  -2.662898e+00   4.663463e-04   9.075033e+04   1.508285e-01  -1.126002e+00  -1.142808e+00   4.197117e-03   1.989124e+01   2.469113e-01
    56  -2.090330e+00  -2.106639e+00   3.077737e-03   6.114521e+03   1.633273e-01   5.094759e-01  -2.616631e+00  -2.632029e+00   5.417261e-04   8.216815e+04   1.509271e-01  -1.091639e+00  -1.108481e+00   4.875535e-03   1.813943e+01   2.439855e-01
    57  -2.057075e+00  -2.073384e+00   3.310654e-03   5.068100e+03   1.646675e-01   5.062023e-01  -2.584092e+00  -2.600057e+00   6.289911e-04   7.351729e+04   1.510464e-01  -1.057200e+00  -1.074078e+00   5.660920e-03   1.652150e+01   2.410358e-01
    58  -2.023820e+00  -2.040129e+00   3.555869e-03   4.204827e+03   1.660405e-01   5.022536e-01  -2.550204e+00  -2.566817e+00   7.299314e-04   6.490158e+04   1.511921e-01  -1.022690e+00  -1.039602e+00   6.569382e-03   1.502994e+01   2.380376e-01
    59  -1.990566e+00  -2.006875e+00   3.810815e-03   3.502140e+03   1.673569e-01   4.978064e-01  -2.514766e+00  -2.532123e+00   8.465830e-04   5.643816e+04   1.513715e-01  -9.881172e-01  -1.005060e+00   7.619247e-03   1.365721e+01   2.349611e-01
    60  -1.957311e+00  -1.973620e+00   4.080005e-03   2.920333e+03   1.686871e-01   4.925617e-01  -2.477544e+00  -2.495756e+00   9.812558e-04   4.825427e+04   1.515947e-01  -9.534888e-01  -9.704579e-01   8.831303e-03   1.239505e+01   2.318086e-01
    61  -1.924056e+00  -1.940365e+00   4.363023e-03   2.449254e+03   1.697946e-01   4.874371e-01  -2.438270e+00  -2.457463e+00   1.136562e-03   4.048226e+04   1.518749e-01  -9.188136e-01  -9.358052e-01   1.022906e-02   1.123602e+01   2.285600e-01
    62  -1.890801e+00  -1.907111e+00   4.662526e-03   2.055732e+03   1.709315e-01   4.814292e-01  -2.396641e+00  -2.416957e+00   1.315444e-03   3.325261e+04   1.522298e-01  -8.841007e-01  -9.011104e-01   1.183900e-02   1.017267e+01   2.251990e-01
    63  -1.857547e+00  -1.873856e+00   4.981112e-03   1.738171e+03   1.716251e-01   4.765140e-01  -2.352318e+00  -2.373914e+00   1.521208e-03   2.668504e+04   1.526827e-01  -8.493568e-01  -8.663814e-01   1.369088e-02   9.197338e+00   2.217407e-01
    64  -1.824292e+00  -1.840601e+00   5.320045e-03   1.470607e+03   1.723534e-01   4.708026e-01  -2.304940e+00  -2.327984e+00   1.757548e-03   2.087841e+04   1.532635e-01  -8.145878e-01  -8.316244e-01   1.581793e-02   8.303173e+00   2.181786e-01
    65  -1.791037e+00  -1.807346e+00   5.683492e-03   1.252613e+03   1.725534e-01   4.667926e-01  -2.254148e+00  -2.278802e+00   2.028572e-03   1.590009e+04   1.540081e-01  -7.797976e-01  -7.968444e-01   1.825715e-02   7.483640e+00   2.145112e-01
    66  -1.757783e+00  -1.774092e+00   6.073479e-03   1.068256e+03   1.727333e-01   4.624751e-01  -2.199626e+00  -2.226032e+00   2.338830e-03   1.177693e+04   1.549544e-01  -7.449866e-01  -7.620434e-01   2.104947e-02   6.732281e+00   2.107640e-01
    67  -1.724528e+00  -1.740837e+00   6.493505e-03   9.154312e+02   1.724606e-01   4.599220e-01  -2.141180e+00  -2.169420e+00   2.693323e-03   8.489806e+03   1.561299e-01  -7.101518e-01  -7.272200e-01   2.423991e-02   6.043411e+00   2.069505e-01
    68  -1.691273e+00  -1.707582e+00   6.948072e-03   7.857187e+02   1.721183e-01   4.576191e-01  -2.078838e+00  -2.108891e+00   3.097518e-03   5.974102e+03   1.575243e-01  -6.752880e-01  -6.923701e-01   2.787766e-02   5.411939e+00   2.030832e-01
    69  -1.658018e+00  -1.674328e+00   7.438960e-03   6.762335e+02   1.714853e-01   4.567731e-01  -2.012971e+00  -2.044657e+00   3.557342e-03   4.127487e+03   1.590426e-01  -6.403866e-01  -6.574868e-01   3.201608e-02   4.833228e+00   1.991841e-01
    70  -1.624764e+00  -1.641073e+00   7.972880e-03   5.827558e+02   1.708000e-01   4.564021e-01  -1.944372e+00  -1.977319e+00   4.079169e-03   2.824539e+03   1.604496e-01  -6.054365e-01  -6.225601e-01   3.671252e-02   4.303137e+00   1.952820e-01
    71  -1.591509e+00  -1.607818e+00   8.550730e-03   5.026438e+02   1.700084e-01   4.569378e-01  -1.874216e+00  -1.907879e+00   4.669785e-03   1.934935e+03   1.613550e-01  -5.704261e-01  -5.875786e-01   4.202806e-02   3.818304e+00   1.913866e-01
    72  -1.558254e+00  -1.574563e+00   9.179643e-03   4.338569e+02   1.692302e-01   4.577840e-01  -1.803862e+00  -1.837616e+00   5.336336e-03   1.340230e+03   1.613133e-01  -5.353450e-01  -5.525314e-01   4.802703e-02   3.375842e+00   1.875015e-01
    73  -1.525000e+00  -1.541309e+00   9.861284e-03   3.742467e+02   1.685143e-01   4.588511e-01  -1.734528e+00  -1.767813e+00   6.086254e-03   9.447063e+02   1.600418e-01  -5.001856e-01  -5.174096e-01   5.477629e-02   2.973222e+00   1.836296e-01
    74  -1.491745e+00  -1.508054e+00   1.060181e-02   3.229724e+02   1.678632e-01   4.599417e-01  -1.667027e+00  -1.699468e+00   6.927149e-03   6.786091e+02   1.576028e-01  -4.649438e-01  -4.822073e-01   6.234434e-02   2.608153e+00   1.797703e-01
    75  -1.458490e+00  -1.474799e+00   1.140438e-02   2.782407e+02   1.674007e-01   4.605928e-01  -1.601681e+00  -1.633126e+00   7.866679e-03   4.952856e+02   1.543760e-01  -4.296220e-01  -4.469239e-01   7.080011e-02   2.278592e+00   1.759063e-01
    76  -1.425235e+00  -1.441545e+00   1.227482e-02   2.397882e+02   1.670247e-01   4.610570e-01  -1.538423e+00  -1.568901e+00   8.912390e-03   3.654176e+02   1.508549e-01  -3.942292e-01  -4.115652e-01   8.021151e-02   1.982530e+00   1.720167e-01
    77  -1.391981e+00  -1.408290e+00   1.321662e-02   2.063299e+02   1.668498e-01   4.608832e-01  -1.476974e+00  -1.506612e+00   1.007152e-02   2.711672e+02   1.474442e-01  -3.587815e-01  -3.761438e-01   9.064369e-02   1.717917e+00   1.680802e-01
    78  -1.358726e+00  -1.375035e+00   1.423818e-02   1.775562e+02   1.667705e-01   4.604501e-01  -1.416998e+00  -1.445951e+00   1.135078e-02   2.016614e+02   1.443601e-01  -3.233008e-01  -3.406789e-01   1.021570e-01   1.482626e+00   1.640858e-01
    79  -1.325471e+00  -1.341780e+00   1.534045e-02   1.527034e+02   1.668231e-01   4.596291e-01  -1.358214e+00  -1.386612e+00   1.275612e-02   1.500189e+02   1.416289e-01  -2.878145e-01  -3.051953e-01   1.148050e-01   1.274474e+00   1.600222e-01
    80  -1.292217e+00  -1.308526e+00   1.653589e-02   1.313053e+02   1.669636e-01   4.586852e-01  -1.300439e+00  -1.328367e+00   1.429243e-02   1.115907e+02   1.391516e-01  -2.523543e-01  -2.697226e-01   1.286319e-01   1.091273e+00   1.558793e-01
    81  -1.258962e+00  -1.275271e+00   1.782745e-02   1.129403e+02   1.671717e-01   4.576394e-01  -1.243579e+00  -1.271079e+00   1.596333e-02   8.301617e+01   1.368010e-01  -2.169558e-01  -2.342945e-01   1.436700e-01   9.308447e-01   1.516501e-01
    82  -1.225707e+00  -1.242016e+00   1.922525e-02   9.709527e+01   1.674574e-01   4.566704e-01  -1.187585e+00  -1.214680e+00   1.777087e-02   6.176988e+01   1.345046e-01  -1.816578e-01  -1.989483e-01   1.599378e-01   7.910585e-01   1.473323e-01
    83  -1.192453e+00  -1.208762e+00   2.074053e-02   8.352847e+01   1.677882e-01   4.557125e-01  -1.132420e+00  -1.159127e+00   1.971527e-02   4.594990e+01   1.322689e-01  -1.465007e-01  -1.637236e-01   1.774374e-01   6.698384e-01   1.429348e-01
    84  -1.159198e+00  -1.175507e+00   2.237507e-02   7.183422e+01   1.681905e-01   4.547661e-01  -1.078034e+00  -1.104376e+00   2.179475e-02   3.414916e+01   1.301456e-01  -1.115266e-01  -1.286617e-01   1.961527e-01   5.652242e-01   1.384596e-01
    85  -1.125943e+00  -1.142252e+00   2.415031e-02   6.179446e+01   1.686546e-01   4.537182e-01  -1.024380e+00  -1.050379e+00   2.400535e-02   2.534158e+01   1.281755e-01  -7.677898e-02  -9.380536e-02   2.160481e-01   4.753656e-01   1.339110e-01
    86  -1.092688e+00  -1.108997e+00   2.606701e-02   5.318017e+01   1.691617e-01   4.524784e-01  -9.714340e-01  -9.971007e-01   2.634082e-02   1.877708e+01   1.263516e-01  -4.230145e-02  -5.919817e-02   2.370673e-01   3.985286e-01   1.292999e-01
    87  -1.059434e+00  -1.075743e+00   2.814337e-02   4.574950e+01   1.697562e-01   4.508196e-01  -9.192050e-01  -9.445349e-01   2.879262e-02   1.389836e+01   1.246201e-01  -8.136604e-03  -2.488315e-02   2.591336e-01   3.331060e-01   1.246425e-01
    88  -1.026179e+00  -1.042488e+00   3.039899e-02   3.939040e+01   1.703569e-01   4.488213e-01  -8.677329e-01  -8.927068e-01   3.134998e-02   1.028315e+01   1.229050e-01   2.567357e-02   9.097420e-03   2.821498e-01   2.776386e-01   1.199491e-01
    89  -9.929242e-01  -1.009233e+00   3.283045e-02   3.392001e+01   1.709854e-01   4.462688e-01  -8.170706e-01  -8.416634e-01   3.400006e-02   7.609384e+00   1.211434e-01   5.908911e-02   4.270265e-02   3.060005e-01   2.307965e-01   1.152371e-01
    90  -9.596695e-01  -9.759786e-01   3.547584e-02   2.922720e+01   1.715902e-01   4.432995e-01  -7.672632e-01  -7.914533e-01   3.672816e-02   5.632647e+00   1.192957e-01   9.207310e-02   7.589417e-02   3.305535e-01   1.913826e-01   1.105274e-01
    91  -9.264148e-01  -9.427239e-01   3.834589e-02   2.521125e+01   1.721206e-01   4.399003e-01  -7.183350e-01  -7.421104e-01   3.951809e-02   4.170126e+00   1.173467e-01   1.245910e-01   1.086363e-01   3.556628e-01   1.583393e-01   1.058341e-01
    92  -8.931601e-01  -9.094692e-01   4.145533e-02   2.175481e+01   1.725711e-01   4.361700e-01  -6.702813e-01  -6.936439e-01   4.235249e-02   3.086394e+00   1.152955e-01   1.566129e-01   1.408970e-01   3.811724e-01   1.307220e-01   1.011826e-01
    93  -8.599054e-01  -8.762145e-01   4.484543e-02   1.879338e+01   1.728811e-01   4.321906e-01  -6.230668e-01  -6.460327e-01   4.521329e-02   2.281891e+00   1.131539e-01   1.881126e-01   1.726483e-01   4.069196e-01   1.077120e-01   9.658881e-02
    94  -8.266507e-01  -8.429598e-01   4.852724e-02   1.625260e+01   1.730297e-01   4.279420e-01  -5.766240e-01  -5.992249e-01   4.808216e-02   1.683654e+00   1.109460e-01   2.190683e-01   2.038662e-01   4.327394e-01   8.859280e-02   9.207335e-02
    95  -7.933959e-01  -8.097051e-01   5.253246e-02   1.406028e+01   1.730045e-01   4.237469e-01  -5.308527e-01  -5.531356e-01   5.094094e-02   1.238167e+00   1.087051e-01   2.494630e-01   2.345315e-01   4.584685e-01   7.274721e-02   8.765376e-02
    96  -7.601412e-01  -7.764504e-01   5.690656e-02   1.217432e+01   1.727815e-01   4.194188e-01  -4.856212e-01  -5.076483e-01   5.377208e-02   9.062554e-01   1.064744e-01   2.792839e-01   2.646293e-01   4.839488e-01   5.964576e-02   8.334564e-02
    97  -7.268865e-01  -7.431956e-01   6.166662e-02   1.054801e+01   1.723558e-01   4.150355e-01  -4.407705e-01  -4.626171e-01   5.655903e-02   6.591659e-01   1.043003e-01   3.085232e-01   2.941496e-01   5.090312e-01   4.883576e-02   7.916445e-02
    98  -6.936318e-01  -7.099409e-01   6.685098e-02   9.136674e+00   1.717419e-01   4.109506e-01  -3.961149e-01  -4.178690e-01   5.928652e-02   4.756424e-01   1.022267e-01   3.371771e-01   3.230865e-01   5.335787e-01   3.993449e-02   7.512081e-02
    99  -6.603771e-01  -6.766862e-01   7.251309e-02   7.915277e+00   1.709291e-01   4.068969e-01  -3.514464e-01  -3.732066e-01   6.194091e-02   3.399135e-01   1.002894e-01   3.652463e-01   3.514384e-01   5.574682e-01   3.261725e-02   7.122614e-02
   100  -6.271224e-01  -6.434315e-01   7.868337e-02   6.856137e+00   1.699277e-01   4.029546e-01  -3.065457e-01  -3.284161e-01   6.451030e-02   2.402204e-01   9.851060e-02   3.927346e-01   3.792079e-01   5.805927e-01   2.661247e-02   6.748619e-02
   101  -5.938677e-01  -6.101768e-01   8.538644e-02   5.932633e+00   1.687744e-01   3.993797e-01  -2.611864e-01  -2.832741e-01   6.698469e-02   1.676517e-01   9.689243e-02   4.196502e-01   4.064009e-01   6.028622e-01   2.169141e-02   6.390791e-02
   102  -5.606129e-01  -5.769221e-01   9.268978e-02   5.128947e+00   1.674682e-01   3.959403e-01  -2.151383e-01  -2.375524e-01   6.935597e-02   1.154025e-01   9.542133e-02   4.460034e-01   4.330266e-01   6.242038e-01   1.766434e-02   6.049259e-02
   103  -5.273582e-01  -5.436674e-01   1.006375e-01   4.429651e+00   1.660122e-01   3.925555e-01  -1.681695e-01  -1.910193e-01   7.161799e-02   7.825787e-02   9.407760e-02   4.718082e-01   4.590974e-01   6.445619e-01   1.437240e-02   5.724318e-02
   104  -4.941035e-01  -5.104127e-01   1.092429e-01   3.820408e+00   1.644227e-01   3.891913e-01  -1.200565e-01  -1.434471e-01   7.376638e-02   5.223694e-02   9.283954e-02   4.970801e-01   4.846279e-01   6.638974e-01   1.168472e-02   5.415728e-02
   105  -4.608488e-01  -4.771579e-01   1.185644e-01   3.288747e+00   1.627268e-01   3.856571e-01  -7.057352e-02  -9.461066e-02   7.579851e-02   3.428563e-02   9.169771e-02   5.218374e-01   5.096351e-01   6.821866e-01   9.492269e-03   5.123454e-02
   106  -4.275941e-01  -4.439032e-01   1.286587e-01   2.826741e+00   1.608937e-01   3.817120e-01  -1.950819e-02  -4.429074e-02   7.771330e-02   2.211326e-02   9.064784e-02   5.460993e-01   5.341377e-01   6.994197e-01   7.705648e-03   4.847024e-02
   107  -3.943394e-01  -4.106485e-01   1.395702e-01   2.425690e+00   1.589129e-01   3.771876e-01   3.329619e-02   7.696042e-03   7.951106e-02   1.402041e-02   8.966529e-02   5.698871e-01   5.581561e-01   7.155996e-01   6.250825e-03   4.586100e-02
   108  -3.610847e-01  -3.773938e-01   1.512847e-01   2.077415e+00   1.567777e-01   3.717861e-01   8.788367e-02   6.144702e-02   8.119333e-02   8.754785e-03   8.868766e-02   5.932228e-01   5.817117e-01   7.307399e-01   5.067171e-03   4.340111e-02
   109  -3.278299e-01  -3.441391e-01   1.638889e-01   1.775438e+00   1.544850e-01   3.652110e-01   1.440770e-01   1.168886e-01   8.276263e-02   5.409298e-03   8.756514e-02   6.161292e-01   6.048270e-01   7.448636e-01   4.104825e-03   4.108492e-02
   110  -2.945752e-01  -3.108844e-01   1.774345e-01   1.514668e+00   1.520072e-01   3.575010e-01   2.013520e-01   1.736580e-01   8.422234e-02   3.335154e-03   8.602712e-02   6.386300e-01   6.275253e-01   7.580011e-01   3.322942e-03   3.890637e-02
   111  -2.613205e-01  -2.776297e-01   1.919631e-01   1.289781e+00   1.493353e-01   3.485667e-01   2.588137e-01   2.310325e-01   8.557652e-02   2.074844e-03   8.373529e-02   6.607487e-01   6.498301e-01   7.701887e-01   2.688134e-03   3.685845e-02
   112  -2.280658e-01  -2.443749e-01   2.074519e-01   1.095942e+00   1.464730e-01   3.381800e-01   3.153323e-01   2.879918e-01   8.682971e-02   1.317151e-03   8.042684e-02   6.825098e-01   6.717655e-01   7.814674e-01   2.173039e-03   3.493505e-02
   113  -1.948111e-01  -2.111202e-01   2.239970e-01   9.292051e-01   1.434116e-01   3.263315e-01   3.698432e-01   3.434424e-01   8.798682e-02   8.597086e-04   7.609961e-02   7.039370e-01   6.933555e-01   7.918814e-01   1.755372e-03   3.312900e-02
   114  -1.615564e-01  -1.778655e-01   2.416300e-01   7.860799e-01   1.401483e-01   3.131350e-01   4.216180e-01   3.965017e-01   8.905301e-02   5.780890e-04   7.103901e-02   7.250545e-01   7.146241e-01   8.014771e-01   1.416923e-03   3.143362e-02
   115  -1.283017e-01  -1.446108e-01   2.603354e-01   6.633721e-01   1.366916e-01   2.985311e-01   4.703406e-01   4.466622e-01   9.003354e-02   3.995126e-04   6.565579e-02   7.458858e-01   7.355950e-01   8.103019e-01   1.142845e-03   2.984243e-02
   116  -9.504695e-02  -1.113561e-01   2.801356e-01   5.582780e-01   1.330537e-01   2.822300e-01   5.160158e-01   4.937784e-01   9.093373e-02   2.825549e-04   6.031007e-02   7.664542e-01   7.562918e-01   8.184036e-01   9.210527e-04   2.834873e-02
   117  -6.179224e-02  -7.810138e-02   3.010699e-01   4.685073e-01   1.292353e-01   2.644137e-01   5.588305e-01   5.379505e-01   9.175884e-02   2.036340e-04   5.523229e-02   7.867824e-01   7.767372e-01   8.258295e-01   7.416963e-04   2.694634e-02
   118  -2.853753e-02  -4.484666e-02   3.230929e-01   3.919544e-01   1.252522e-01   2.450290e-01   5.990519e-01   5.794067e-01   9.251402e-02   1.489908e-04   5.053805e-02   8.068926e-01   7.969539e-01   8.326262e-01   5.967635e-04   2.562925e-02
   119   4.717186e-03  -1.159195e-02   3.461868e-01   3.268031e-01   1.211211e-01   2.238410e-01   6.369660e-01   6.184225e-01   9.320429e-02   1.103400e-04   4.626652e-02   8.268060e-01   8.169634e-01   8.388386e-01   4.797397e-04   2.439154e-02
   120   3.797190e-02   2.166276e-02   3.703574e-01   2.715091e-01   1.168513e-01   2.011462e-01   6.728463e-01   6.552766e-01   9.383445e-02   8.251824e-05   4.241472e-02   8.465435e-01   8.367869e-01   8.445100e-01   3.853252e-04   2.322777e-02
   121   7.122661e-02   5.491748e-02   3.954922e-01   2.246972e-01   1.124630e-01   1.768619e-01   7.069362e-01   6.902256e-01   9.440910e-02   6.221439e-05   3.895362e-02   8.661247e-01   8.564445e-01   8.496819e-01   3.092152e-04   2.213276e-02
   122   1.044813e-01   8.817219e-02   4.215722e-01   1.851939e-01   1.079714e-01   1.514913e-01   7.394528e-01   7.234988e-01   9.493262e-02   4.721804e-05   3.584941e-02   8.855687e-01   8.759555e-01   8.543935e-01   2.479146e-04   2.110150e-02
   123   1.377360e-01   1.214269e-01   4.485052e-01   1.519568e-01   1.033989e-01   1.248553e-01   7.705850e-01   7.552978e-01   9.540910e-02   3.603530e-05   3.306502e-02   9.048932e-01   8.953384e-01   8.586819e-01   1.985858e-04   2.012937e-02
   124   1.709908e-01   1.546816e-01   4.761614e-01   1.241036e-01   9.876319e-02   9.822487e-02   8.004969e-01   7.857984e-01   9.584241e-02   2.762804e-05   3.056436e-02   9.241155e-01   9.146107e-01   8.625817e-01   1.589265e-04   1.921212e-02
   125   2.042455e-01   1.879363e-01   5.044676e-01   1.008458e-01   9.408895e-02   7.146649e-02   8.293316e-01   8.151535e-01   9.623618e-02   2.126405e-05   2.831510e-02   9.432514e-01   9.337888e-01   8.661256e-01   1.270713e-04   1.834568e-02
   126   2.375002e-01   2.211910e-01   5.332360e-01   8.150962e-02   8.939992e-02   4.508574e-02   8.572139e-01   8.434964e-01   9.659376e-02   1.641863e-05   2.628758e-02   9.623160e-01   9.528883e-01   8.693438e-01   1.015088e-04   1.752630e-02
   127   2.707549e-01   2.544458e-01   5.623597e-01   6.551208e-02   8.471547e-02   2.088919e-02   8.842525e-01   8.709436e-01   9.691827e-02   1.271166e-05   2.445574e-02   9.813234e-01   9.719237e-01   8.722644e-01   8.101536e-05   1.675053e-02
   128   3.040096e-01   2.877005e-01   5.916533e-01   5.233661e-02   8.006929e-02  -3.449970e-03   9.105441e-01   8.975972e-01   9.721261e-02   9.863416e-06   2.279701e-02   1.000287e+00   9.909085e-01   8.749135e-01   6.460147e-05   1.601523e-02
   129   3.372643e-01   3.209552e-01   6.209447e-01   4.155284e-02   7.547084e-02  -2.273112e-02   9.361727e-01   9.235474e-01   9.747945e-02   7.667714e-06   2.129078e-02   1.019218e+00   1.009855e+00   8.773151e-01   5.146767e-05   1.531747e-02
   130   3.705190e-01   3.542099e-01   6.498320e-01   3.275479e-02   7.094547e-02  -4.155087e-02   9.612132e-01   9.488734e-01   9.772124e-02   5.969886e-06   1.991981e-02   1.038128e+00   1.028776e+00   8.794912e-01   4.096848e-05   1.465456e-02
   131   4.037737e-01   3.874646e-01   6.783091e-01   2.562907e-02   6.651169e-02  -5.739659e-02   9.857323e-01   9.736457e-01   9.794025e-02   4.653728e-06   1.866874e-02   1.057027e+00   1.047680e+00   8.814623e-01   3.258331e-05   1.402406e-02
   132   4.370285e-01   4.207193e-01   7.062141e-01   1.990699e-02   6.220197e-02  -7.016901e-02   1.009789e+00   9.979271e-01   9.813854e-02   3.631446e-06   1.752389e-02   1.075925e+00   1.066579e+00   8.832469e-01   2.589271e-05   1.342376e-02
   133   4.702832e-01   4.539740e-01   7.333729e-01   1.534548e-02   5.803861e-02  -8.157533e-02   1.033435e+00   1.021773e+00   9.831802e-02   2.836021e-06   1.647369e-02   1.094831e+00   1.085481e+00   8.848622e-01   2.055911e-05   1.285165e-02
   134   5.035379e-01   4.872288e-01   7.593071e-01   1.173139e-02   5.402718e-02  -9.029990e-02   1.056719e+00   1.045233e+00   9.848042e-02   2.216223e-06   1.550785e-02   1.113751e+00   1.104394e+00   8.863237e-01   1.631112e-05   1.230588e-02
   135   5.367926e-01   5.204835e-01   7.840915e-01   8.886950e-03   5.017940e-02  -9.699874e-02   1.079681e+00   1.068352e+00   9.862732e-02   1.732720e-06   1.461732e-02   1.132694e+00   1.123326e+00   8.876458e-01   1.293075e-05   1.178477e-02
   136   5.700473e-01   5.537382e-01   8.076712e-01   6.676883e-03   4.652147e-02  -1.023800e-01   1.102360e+00   1.091169e+00   9.876016e-02   1.355211e-06   1.379416e-02   1.151665e+00   1.142283e+00   8.888415e-01   1.024312e-05   1.128682e-02
   137   6.033020e-01   5.869929e-01   8.295125e-01   4.969649e-03   4.305345e-02  -1.064718e-01   1.124789e+00   1.113719e+00   9.888027e-02   1.060233e-06   1.303152e-02   1.170671e+00   1.161272e+00   8.899225e-01   8.108070e-06   1.081063e-02
   138   6.365567e-01   6.202476e-01   8.499778e-01   3.664645e-03   3.978419e-02  -1.092749e-01   1.146998e+00   1.136036e+00   9.898885e-02   8.296094e-07   1.232331e-02   1.189716e+00   1.180298e+00   8.908996e-01   6.413386e-06   1.035497e-02
   139   6.698115e-01   6.535023e-01   8.686469e-01   2.677771e-03   3.671871e-02  -1.107754e-01   1.169015e+00   1.158146e+00   9.908698e-02   6.492200e-07   1.166418e-02   1.208804e+00   1.199365e+00   8.917828e-01   5.069322e-06   9.918682e-03
   140   7.030662e-01   6.867570e-01   8.857992e-01   1.937684e-03   3.385619e-02  -1.112231e-01   1.190863e+00   1.180076e+00   9.917565e-02   5.080771e-07   1.104945e-02   1.227941e+00   1.218478e+00   8.925808e-01   4.004174e-06   9.500737e-03
   141   7.363209e-01   7.200117e-01   9.011200e-01   1.389395e-03   3.119692e-02  -1.107252e-01   1.212564e+00   1.201849e+00   9.925576e-02   3.976181e-07   1.047495e-02   1.247129e+00   1.237641e+00   8.933019e-01   3.160710e-06   9.100179e-03
   142   7.695756e-01   7.532665e-01   9.149331e-01   9.872267e-04   2.873588e-02  -1.093222e-01   1.234137e+00   1.223484e+00   9.932813e-02   3.111596e-07   9.937052e-03   1.266371e+00   1.256856e+00   8.939532e-01   2.493291e-06   8.716141e-03
   143   8.028303e-01   7.865212e-01   9.271230e-01   6.950703e-04   2.646680e-02  -1.070175e-01   1.255600e+00   1.245001e+00   9.939350e-02   2.434812e-07   9.432550e-03   1.285670e+00   1.276128e+00   8.945415e-01   1.965557e-06   8.347822e-03
   144   8.360850e-01   8.197759e-01   9.378228e-01   4.854386e-04   2.438047e-02  -1.038580e-01   1.276969e+00   1.266416e+00   9.945254e-02   1.905022e-07   8.958589e-03   1.305028e+00   1.295457e+00   8.950729e-01   1.548569e-06   7.994490e-03
   145   8.693397e-01   8.530306e-01   9.471983e-01   3.362828e-04   2.246733e-02  -9.995065e-02   1.298257e+00   1.287743e+00   9.950586e-02   1.490312e-07   8.512641e-03   1.324447e+00   1.314846e+00   8.955527e-01   1.219314e-06   7.655467e-03
   146   9.025945e-01   8.862853e-01   9.552941e-01   2.312529e-04   2.071590e-02  -9.538303e-02   1.319476e+00   1.308996e+00   9.955400e-02   1.165705e-07   8.092461e-03   1.343929e+00   1.334297e+00   8.959860e-01   9.595093e-07   7.330129e-03
   147   9.358492e-01   9.195400e-01   9.622291e-01   1.580184e-04   1.911328e-02  -9.027658e-02   1.340639e+00   1.330187e+00   9.959747e-02   9.116494e-08   7.696052e-03   1.363473e+00   1.353811e+00   8.963772e-01   7.546393e-07   7.017895e-03
   148   9.691039e-01   9.527947e-01   9.681774e-01   1.073596e-04   1.764708e-02  -8.477322e-02   1.361754e+00   1.351325e+00   9.963672e-02   7.128376e-08   7.321630e-03   1.383082e+00   1.373388e+00   8.967304e-01   5.931915e-07   6.718228e-03
   149   1.002359e+00   9.860495e-01   9.732533e-01   7.255533e-05   1.630622e-02  -7.898238e-02   1.382831e+00   1.372421e+00   9.967214e-02   5.572801e-08   6.967602e-03   1.402755e+00   1.393030e+00   8.970493e-01   4.660414e-07   6.430625e-03
   150   1.035613e+00   1.019304e+00   9.775347e-01   4.883475e-05   1.507787e-02  -7.304641e-02   1.403878e+00   1.393482e+00   9.970413e-02   4.355870e-08   6.632540e-03   1.422492e+00   1.412736e+00   8.973371e-01   3.659633e-07   6.154618e-03
   151   1.068868e+00   1.052559e+00   9.811381e-01   3.275628e-05   1.395127e-02  -6.717533e-02   1.424900e+00   1.414516e+00   9.973300e-02   3.404041e-08   6.315162e-03   1.442294e+00   1.432506e+00   8.975970e-01   2.872394e-07   5.889769e-03
   152   1.102123e+00   1.085814e+00   9.841839e-01   2.191127e-05   1.291663e-02  -6.141512e-02   1.445904e+00   1.435529e+00   9.975905e-02   2.659709e-08   6.014314e-03   1.462159e+00   1.452340e+00   8.978315e-01   2.253483e-07   5.635670e-03
   153   1.135377e+00   1.119068e+00   9.867469e-01   1.462378e-05   1.196551e-02  -5.585965e-02   1.466896e+00   1.456527e+00   9.978257e-02   2.077760e-08   5.728954e-03   1.482088e+00   1.472238e+00   8.980432e-01   1.767177e-07   5.391934e-03
   154   1.168632e+00   1.152323e+00   9.888917e-01   9.744851e-06   1.108947e-02  -5.060610e-02   1.487878e+00   1.477514e+00   9.980380e-02   1.622868e-08   5.458141e-03   1.502077e+00   1.492197e+00   8.982342e-01   1.385269e-07   5.158203e-03
   155   1.201887e+00   1.185578e+00   9.906790e-01   6.486588e-06   1.028153e-02  -4.569193e-02   1.508856e+00   1.498494e+00   9.982296e-02   1.267369e-08   5.201020e-03   1.522126e+00   1.512217e+00   8.984066e-01   1.085500e-07   4.934138e-03
   156   1.235142e+00   1.218832e+00   9.921825e-01   4.314703e-06   9.535527e-03  -4.113993e-02   1.529831e+00   1.519470e+00   9.984025e-02   9.896071e-09   4.956820e-03   1.542234e+00   1.532296e+00   8.985622e-01   8.503222e-08   4.719424e-03
   157   1.268396e+00   1.252087e+00   9.934438e-01   2.868975e-06   8.846156e-03  -3.695428e-02   1.550806e+00   1.540445e+00   9.985585e-02   7.726324e-09   4.724839e-03   1.562396e+00   1.552432e+00   8.987027e-01   6.659055e-08   4.513764e-03
   158   1.301651e+00   1.285342e+00   9.944937e-01   1.907580e-06   8.208345e-03  -3.312196e-02   1.571781e+00   1.561420e+00   9.986993e-02   6.031786e-09   4.504441e-03   1.582610e+00   1.572621e+00   8.988294e-01   5.213597e-08   4.316884e-03
   159   1.334906e+00   1.318597e+00   9.953710e-01   1.268547e-06   7.617840e-03  -2.966974e-02   1.592758e+00   1.582396e+00   9.988264e-02   4.708663e-09   4.295050e-03   1.602873e+00   1.592860e+00   8.989438e-01   4.081139e-08   4.128528e-03
   160   1.368160e+00   1.351851e+00   9.961091e-01   8.439090e-07   7.070798e-03  -2.651807e-02   1.613736e+00   1.603374e+00   9.989411e-02   3.675761e-09   4.096144e-03   1.623181e+00   1.613146e+00   8.990470e-01   3.194269e-08   3.948463e-03
   161   1.401415e+00   1.385106e+00   9.967280e-01   5.617203e-07   6.563840e-03  -2.370719e-02   1.634712e+00   1.624351e+00   9.990446e-02   2.869582e-09   3.907252e-03   1.643527e+00   1.633473e+00   8.991401e-01   2.499997e-08   3.776474e-03
   162   1.434670e+00   1.418361e+00   9.972420e-01   3.741302e-07   6.093811e-03  -2.116018e-02   1.655686e+00   1.645326e+00   9.991379e-02   2.240475e-09   3.727950e-03   1.663907e+00   1.653837e+00   8.992241e-01   1.956693e-08   3.612370e-03
   163   1.467925e+00   1.451615e+00   9.976763e-01   2.493689e-07   5.657976e-03  -1.888096e-02   1.676652e+00   1.666295e+00   9.992222e-02   1.749632e-09   3.557859e-03   1.684312e+00   1.674229e+00   8.993000e-01   1.531668e-08   3.455982e-03
   164   1.501179e+00   1.484870e+00   9.980416e-01   1.663604e-07   5.253876e-03  -1.683025e-02   1.697606e+00   1.687256e+00   9.992982e-02   1.366721e-09   3.396646e-03   1.704735e+00   1.694644e+00   8.993684e-01   1.199270e-08   3.307162e-03
   165   1.534434e+00   1.518125e+00   9.983456e-01   1.110796e-07   4.879219e-03  -1.497529e-02   1.718542e+00   1.708200e+00   9.993668e-02   1.068046e-09   3.244019e-03   1.725165e+00   1.715070e+00   8.994301e-01   9.393787e-09   3.165792e-03
   166   1.567689e+00   1.551380e+00   9.986030e-01   7.423738e-08   4.532000e-03  -1.332430e-02   1.739451e+00   1.729122e+00   9.994287e-02   8.350984e-10   3.099726e-03   1.745591e+00   1.735498e+00   8.994858e-01   7.362210e-09   3.031778e-03
   167   1.600943e+00   1.584634e+00   9.988200e-01   4.966831e-08   4.210468e-03  -1.179551e-02   1.760323e+00   1.750012e+00   9.994845e-02   6.534233e-10   2.963559e-03   1.765998e+00   1.755914e+00   8.995361e-01   5.774369e-09   2.905056e-03
   168   1.634198e+00   1.617889e+00   9.990016e-01   3.326432e-08   3.912936e-03  -1.041801e-02   1.781144e+00   1.770858e+00   9.995349e-02   5.117370e-10   2.835351e-03   1.786370e+00   1.776303e+00   8.995814e-01   4.533461e-09   2.785591e-03
   169   1.667453e+00   1.651144e+00   9.991558e-01   2.230327e-08   3.637999e-03  -9.133740e-03   1.801900e+00   1.791646e+00   9.995804e-02   4.012324e-10   2.714976e-03   1.806688e+00   1.796648e+00   8.996223e-01   3.563706e-09   2.673385e-03
   170   1.700708e+00   1.684398e+00   9.992857e-01   1.497288e-08   3.384539e-03  -7.883292e-03   1.822571e+00   1.812359e+00   9.996214e-02   3.150372e-10   2.602353e-03   1.826928e+00   1.816926e+00   8.996593e-01   2.805804e-09   2.568469e-03
   171   1.733962e+00   1.717653e+00   9.993953e-01   1.006445e-08   3.151326e-03  -6.724014e-03   1.843137e+00   1.832976e+00   9.996584e-02   2.477903e-10   2.497441e-03   1.847065e+00   1.837113e+00   8.996926e-01   2.213375e-09   2.470915e-03
   172   1.767217e+00   1.750908e+00   9.994889e-01   6.775408e-09   2.937760e-03  -5.459131e-03   1.863570e+00   1.853473e+00   9.996918e-02   1.953106e-10   2.400242e-03   1.867068e+00   1.857182e+00   8.997226e-01   1.750155e-09   2.380827e-03
   173   1.800472e+00   1.784163e+00   9.995676e-01   4.568902e-09   2.743232e-03  -4.200486e-03   1.883840e+00   1.873823e+00   9.997219e-02   1.543379e-10   2.310802e-03   1.886903e+00   1.877099e+00   8.997498e-01   1.387802e-09   2.298348e-03
   174   1.833726e+00   1.817417e+00   9.996347e-01   3.086659e-09   2.567026e-03  -2.850973e-03   1.903914e+00   1.893993e+00   9.997491e-02   1.223306e-10   2.229207e-03   1.906530e+00   1.896828e+00   8.997742e-01   1.104175e-09   2.223654e-03
   175   1.866981e+00   1.850672e+00   9.996922e-01   2.090438e-09   2.410033e-03  -1.081737e-03   1.923751e+00   1.913946e+00   9.997737e-02   9.730780e-11   2.155581e-03   1.925907e+00   1.916327e+00   8.997963e-01   8.819827e-10   2.156953e-03
   176   1.900236e+00   1.883927e+00   9.997408e-01   1.419603e-09   2.271961e-03   8.432078e-04   1.943309e+00   1.933640e+00   9.997958e-02   7.772470e-11   2.090122e-03   1.944984e+00   1.935550e+00   8.998162e-01   7.077240e-10   2.098481e-03
   177   1.933491e+00   1.917181e+00   9.997827e-01   9.671720e-10   2.153384e-03   3.231784e-03   1.962542e+00   1.953032e+00   9.998158e-02   6.236892e-11   2.033362e-03   1.963712e+00   1.954449e+00   8.998342e-01   5.708408e-10   2.048577e-03
   178   1.966745e+00   1.950436e+00   9.998188e-01   6.617299e-10   2.057305e-03   6.405531e-03   1.981423e+00   1.972085e+00   9.998338e-02   5.025197e-11   1.987799e-03   1.982046e+00   1.972976e+00   8.998504e-01   4.628934e-10   2.008510e-03
   179   2.000000e+00   1.983691e+00   9.998500e-01   4.535227e-10   1.992728e-03   8.224618e-03   2.000000e+00   1.990811e+00   9.998500e-02   4.048875e-11   1.962858e-03   2.000000e+00   1.991116e+00   8.998650e-01   3.762635e-10   1.985556e-03
