     i          log_r       log_rmid          m_tot        rho_tot         v2_tot            eta     lgr[heavy]    lgrm[heavy]       m[heavy]     rho[heavy]      v2[heavy]     lgr[light]    lgrm[light]       m[light]     rho[light]      v2[light]
     0  -4.611804e+00  -4.912834e+00   1.035556e-07   2.069964e+07   3.210075e-01            nan  -4.611804e+00  -4.912834e+00   9.998500e-08   2.053379e+07   3.176978e-01  -3.182660e+00  -3.483690e+00   8.998650e-07   9.534099e+03   6.164194e-01
     1  -4.574867e+00  -4.592943e+00   1.329562e-07   2.047294e+07   3.193393e-01            nan  -4.589315e+00  -4.600414e+00   1.166721e-07   2.039059e+07   3.176905e-01  -3.142768e+00  -3.162256e+00   1.050049e-06   5.015197e+03   5.932710e-01
     2  -4.537929e+00  -4.556006e+00   1.707766e-07   2.043965e+07   3.192108e-01            nan  -4.566831e+00  -4.577927e+00   1.361439e-07   2.037507e+07   3.176898e-01  -3.103308e+00  -3.122590e+00   1.225295e-06   4.498229e+03   5.887879e-01
     3  -4.500992e+00  -4.519068e+00   2.194279e-07   2.040157e+07   3.190921e-01            nan  -4.544350e+00  -4.555445e+00   1.588651e-07   2.035794e+07   3.176889e-01  -3.064115e+00  -3.083269e+00   1.429786e-06   4.027740e+03   5.838138e-01
     4  -4.464055e+00  -4.482131e+00   2.820037e-07   2.035843e+07   3.189824e-01            nan  -4.521869e+00  -4.532964e+00   1.853780e-07   2.033900e+07   3.176879e-01  -3.025075e+00  -3.044157e+00   1.668402e-06   3.601198e+03   5.783327e-01
     5  -4.427117e+00  -4.445193e+00   3.624787e-07   2.030906e+07   3.188810e-01            nan  -4.499388e+00  -4.510483e+00   2.163150e-07   2.031809e+07   3.176868e-01  -2.986110e+00  -3.005156e+00   1.946835e-06   3.215886e+03   5.723081e-01
     6  -4.390180e+00  -4.408256e+00   4.659458e-07   2.025171e+07   3.187871e-01            nan  -4.476903e+00  -4.488000e+00   2.524142e-07   2.029497e+07   3.176856e-01  -2.947175e+00  -2.966207e+00   2.271728e-06   2.869493e+03   5.657964e-01
     7  -4.353242e+00  -4.371318e+00   5.989232e-07   2.018583e+07   3.187000e-01            nan  -4.454412e+00  -4.465512e+00   2.945370e-07   2.026943e+07   3.176843e-01  -2.908248e+00  -2.927276e+00   2.650833e-06   2.559246e+03   5.588254e-01
     8  -4.316305e+00  -4.334381e+00   7.697710e-07   2.010920e+07   3.186192e-01            nan  -4.431915e+00  -4.443018e+00   3.436881e-07   2.024120e+07   3.176829e-01  -2.869320e+00  -2.888348e+00   3.093193e-06   2.282163e+03   5.513495e-01
     9  -4.279367e+00  -4.297443e+00   9.891296e-07   2.001976e+07   3.185440e-01            nan  -4.409408e+00  -4.420516e+00   4.010398e-07   2.021000e+07   3.176812e-01  -2.830400e+00  -2.849424e+00   3.609358e-06   2.035513e+03   5.435506e-01
    10  -4.242430e+00  -4.260506e+00   1.270593e-06   1.991646e+07   3.184739e-01            nan  -4.386890e+00  -4.398003e+00   4.679601e-07   2.017552e+07   3.176794e-01  -2.791503e+00  -2.810516e+00   4.211641e-06   1.816405e+03   5.353205e-01
    11  -4.205492e+00  -4.223569e+00   1.631505e-06   1.979511e+07   3.184081e-01            nan  -4.364359e+00  -4.375479e+00   5.460446e-07   2.013741e+07   3.176774e-01  -2.752647e+00  -2.771640e+00   4.914402e-06   1.622004e+03   5.268980e-01
    12  -4.168555e+00  -4.186631e+00   2.093669e-06   1.965399e+07   3.183463e-01            nan  -4.341813e+00  -4.352940e+00   6.371554e-07   2.009530e+07   3.176752e-01  -2.713855e+00  -2.732818e+00   5.734398e-06   1.449833e+03   5.181584e-01
    13  -4.131617e+00  -4.149694e+00   2.684982e-06   1.949088e+07   3.182878e-01            nan  -4.319249e+00  -4.330384e+00   7.434644e-07   2.004877e+07   3.176727e-01  -2.675148e+00  -2.694070e+00   6.691180e-06   1.297219e+03   5.093635e-01
    14  -4.094680e+00  -4.112756e+00   3.440444e-06   1.929870e+07   3.182320e-01            nan  -4.296664e+00  -4.307810e+00   8.675058e-07   1.999736e+07   3.176700e-01  -2.636549e+00  -2.655420e+00   7.807552e-06   1.162204e+03   5.003497e-01
    15  -4.057743e+00  -4.075819e+00   4.403718e-06   1.907745e+07   3.181784e-01            nan  -4.274057e+00  -4.285214e+00   1.012236e-06   1.994056e+07   3.176670e-01  -2.598071e+00  -2.616884e+00   9.110122e-06   1.042381e+03   4.914275e-01
    16  -4.020805e+00  -4.038881e+00   5.630257e-06   1.882055e+07   3.181263e-01            nan  -4.251424e+00  -4.262593e+00   1.181103e-06   1.987783e+07   3.176636e-01  -2.559734e+00  -2.578480e+00   1.062993e-05   9.362343e+02   4.824408e-01
    17  -3.983868e+00  -4.001944e+00   7.187319e-06   1.852295e+07   3.180751e-01            nan  -4.228762e+00  -4.239945e+00   1.378130e-06   1.980855e+07   3.176599e-01  -2.521543e+00  -2.540219e+00   1.240317e-05   8.418802e+02   4.735965e-01
    18  -3.946930e+00  -3.965006e+00   9.159765e-06   1.818369e+07   3.180241e-01            nan  -4.206068e+00  -4.217267e+00   1.608010e-06   1.973206e+07   3.176557e-01  -2.483509e+00  -2.502110e+00   1.447209e-05   7.580392e+02   4.648350e-01
    19  -3.909993e+00  -3.928069e+00   1.165030e-05   1.778950e+07   3.179724e-01            nan  -4.183338e+00  -4.194554e+00   1.876216e-06   1.964763e+07   3.176511e-01  -2.445637e+00  -2.464161e+00   1.688595e-05   6.833785e+02   4.562269e-01
    20  -3.873055e+00  -3.891131e+00   1.478249e-05   1.734535e+07   3.179194e-01            nan  -4.160567e+00  -4.171803e+00   2.189133e-06   1.955447e+07   3.176460e-01  -2.407927e+00  -2.426373e+00   1.970220e-05   6.167635e+02   4.478247e-01
    21  -3.836118e+00  -3.854194e+00   1.870889e-05   1.683746e+07   3.178638e-01            nan  -4.137751e+00  -4.149009e+00   2.554206e-06   1.945172e+07   3.176403e-01  -2.370383e+00  -2.388750e+00   2.298786e-05   5.573354e+02   4.395635e-01
    22  -3.799180e+00  -3.817257e+00   2.360008e-05   1.626993e+07   3.178049e-01            nan  -4.114885e+00  -4.126168e+00   2.980121e-06   1.933842e+07   3.176339e-01  -2.332997e+00  -2.351288e+00   2.682109e-05   5.040755e+02   4.315964e-01
    23  -3.762243e+00  -3.780319e+00   2.967221e-05   1.563315e+07   3.177412e-01            nan  -4.091964e+00  -4.103273e+00   3.477003e-06   1.921356e+07   3.176269e-01  -2.295772e+00  -2.313986e+00   3.129303e-05   4.564634e+02   4.237585e-01
    24  -3.725305e+00  -3.743382e+00   3.714676e-05   1.493287e+07   3.176716e-01            nan  -4.068979e+00  -4.080319e+00   4.056664e-06   1.907602e+07   3.176190e-01  -2.258694e+00  -2.276838e+00   3.650997e-05   4.136184e+02   4.162616e-01
    25  -3.688368e+00  -3.706444e+00   4.630557e-05   1.416134e+07   3.175939e-01            nan  -4.045926e+00  -4.057300e+00   4.732872e-06   1.892461e+07   3.176102e-01  -2.221761e+00  -2.239835e+00   4.259585e-05   3.751471e+02   4.089674e-01
    26  -3.651431e+00  -3.669507e+00   5.742640e-05   1.333611e+07   3.175073e-01            nan  -4.022795e+00  -4.034207e+00   5.521683e-06   1.875804e+07   3.176005e-01  -2.184964e+00  -2.202973e+00   4.969515e-05   3.404845e+02   4.019509e-01
    27  -3.614493e+00  -3.632569e+00   7.081495e-05   1.244188e+07   3.174075e-01            nan  -3.999578e+00  -4.011032e+00   6.441814e-06   1.857492e+07   3.175896e-01  -2.148293e+00  -2.166242e+00   5.797633e-05   3.092349e+02   3.951861e-01
    28  -3.577556e+00  -3.595632e+00   8.683054e-05   1.150931e+07   3.172940e-01            nan  -3.976266e+00  -3.987766e+00   7.515084e-06   1.837377e+07   3.175774e-01  -2.111745e+00  -2.129635e+00   6.763576e-05   2.810437e+02   3.886481e-01
    29  -3.540618e+00  -3.558694e+00   1.057198e-04   1.054508e+07   3.171631e-01            nan  -3.952846e+00  -3.964398e+00   8.766923e-06   1.815303e+07   3.175638e-01  -2.075308e+00  -2.093144e+00   7.890231e-05   2.555422e+02   3.823866e-01
    30  -3.503681e+00  -3.521757e+00   1.278054e-04   9.552735e+06   3.170088e-01            nan  -3.929307e+00  -3.940917e+00   1.022697e-05   1.791104e+07   3.175486e-01  -2.038979e+00  -2.056764e+00   9.204273e-05   2.325089e+02   3.763095e-01
    31  -3.466743e+00  -3.484819e+00   1.533917e-04   8.563554e+06   3.168290e-01            nan  -3.905636e+00  -3.917310e+00   1.192976e-05   1.764606e+07   3.175317e-01  -2.002747e+00  -2.020486e+00   1.073678e-04   2.116179e+02   3.705125e-01
    32  -3.429806e+00  -3.447882e+00   1.826985e-04   7.593426e+06   3.166184e-01            nan  -3.881816e+00  -3.893562e+00   1.391553e-05   1.735627e+07   3.175126e-01  -1.966612e+00  -1.984304e+00   1.252398e-04   1.927255e+02   3.648661e-01
    33  -3.392868e+00  -3.410945e+00   2.158731e-04   6.658109e+06   3.163704e-01            nan  -3.857830e+00  -3.869657e+00   1.623115e-05   1.703982e+07   3.174912e-01  -1.930562e+00  -1.948213e+00   1.460803e-04   1.755585e+02   3.594843e-01
    34  -3.355931e+00  -3.374007e+00   2.529798e-04   5.772291e+06   3.160768e-01            nan  -3.833658e+00  -3.845576e+00   1.893121e-05   1.669481e+07   3.174672e-01  -1.894595e+00  -1.912206e+00   1.703808e-04   1.600013e+02   3.542527e-01
    35  -3.318993e+00  -3.337070e+00   2.939987e-04   4.948640e+06   3.157280e-01            nan  -3.809279e+00  -3.821298e+00   2.207926e-05   1.631934e+07   3.174402e-01  -1.858705e+00  -1.876280e+00   1.987134e-04   1.458577e+02   3.492372e-01
    36  -3.282056e+00  -3.300132e+00   3.388408e-04   4.196994e+06   3.153124e-01            nan  -3.784667e+00  -3.796799e+00   2.574932e-05   1.591155e+07   3.174098e-01  -1.822889e+00  -1.840428e+00   2.317439e-04   1.330175e+02   3.443672e-01
    37  -3.245119e+00  -3.263195e+00   3.873797e-04   3.523773e+06   3.148170e-01            nan  -3.759795e+00  -3.772053e+00   3.002750e-05   1.546968e+07   3.173753e-01  -1.787143e+00  -1.804648e+00   2.702475e-04   1.213384e+02   3.396700e-01
    38  -3.208181e+00  -3.226257e+00   4.394996e-04   2.931713e+06   3.142277e-01            nan  -3.734629e+00  -3.747030e+00   3.501400e-05   1.499208e+07   3.173363e-01  -1.751465e+00  -1.768937e+00   3.151260e-04   1.107223e+02   3.351003e-01
    39  -3.171244e+00  -3.189320e+00   4.951536e-04   2.419948e+06   3.135320e-01            nan  -3.709134e+00  -3.721695e+00   4.082538e-05   1.447735e+07   3.172921e-01  -1.715852e+00  -1.733294e+00   3.674284e-04   1.010617e+02   3.306630e-01
    40  -3.134306e+00  -3.152382e+00   5.544172e-04   1.984393e+06   3.127168e-01   4.621464e-01  -3.683268e+00  -3.696008e+00   4.759714e-05   1.392439e+07   3.172416e-01  -1.680306e+00  -1.697715e+00   4.283742e-04   9.227297e+01   3.263246e-01
    41  -3.097369e+00  -3.115445e+00   6.164057e-04   1.618270e+06   3.117696e-01   4.592693e-01  -3.656983e+00  -3.669926e+00   5.548679e-05   1.333251e+07   3.171839e-01  -1.644823e+00  -1.662202e+00   4.993811e-04   8.427167e+01   3.220783e-01
    42  -3.060431e+00  -3.078507e+00   6.807152e-04   1.310686e+06   3.105869e-01   4.563547e-01  -3.630224e+00  -3.643397e+00   6.467734e-05   1.270156e+07   3.171178e-01  -1.609407e+00  -1.626754e+00   5.820960e-04   7.698817e+01   3.178937e-01
    43  -3.023494e+00  -3.041570e+00   7.488136e-04   1.058673e+06   3.092480e-01   4.531929e-01  -3.602930e+00  -3.616363e+00   7.538125e-05   1.203204e+07   3.170415e-01  -1.574056e+00  -1.591372e+00   6.784313e-04   7.035380e+01   3.137608e-01
    44  -2.986556e+00  -3.004633e+00   8.188405e-04   8.529829e+05   3.077670e-01   4.497116e-01  -3.575027e+00  -3.588754e+00   8.784517e-05   1.132531e+07   3.169531e-01  -1.538773e+00  -1.556057e+00   7.906065e-04   6.431172e+01   3.096462e-01
    45  -2.949619e+00  -2.967695e+00   8.914891e-04   6.853719e+05   3.059380e-01   4.464317e-01  -3.546431e+00  -3.560494e+00   1.023551e-04   1.058369e+07   3.168502e-01  -1.503559e+00  -1.520810e+00   9.211963e-04   5.880399e+01   3.055449e-01
    46  -2.912681e+00  -2.930758e+00   9.677495e-04   5.505035e+05   3.040080e-01   4.428097e-01  -3.517046e+00  -3.531490e+00   1.192428e-04   9.810670e+06   3.167294e-01  -1.468417e+00  -1.485633e+00   1.073185e-03   5.378493e+01   3.014175e-01
    47  -2.875744e+00  -2.893820e+00   1.045192e-03   4.419282e+05   3.017011e-01   4.394585e-01  -3.486758e+00  -3.501638e+00   1.388921e-04   9.011063e+06   3.165869e-01  -1.433345e+00  -1.450527e+00   1.250029e-03   4.920409e+01   2.972724e-01
    48  -2.838807e+00  -2.856883e+00   1.127388e-03   3.549502e+05   2.992560e-01   4.359878e-01  -3.455434e+00  -3.470814e+00   1.617478e-04   8.191134e+06   3.164171e-01  -1.398347e+00  -1.415494e+00   1.455730e-03   4.502541e+01   2.930626e-01
    49  -2.801869e+00  -2.819945e+00   1.210602e-03   2.854184e+05   2.964483e-01   4.328482e-01  -3.422919e+00  -3.438872e+00   1.883238e-04   7.358715e+06   3.162131e-01  -1.363419e+00  -1.380532e+00   1.694914e-03   4.120377e+01   2.888202e-01
    50  -2.764932e+00  -2.783008e+00   1.298963e-03   2.297443e+05   2.935124e-01   4.296696e-01  -3.389029e+00  -3.405643e+00   2.192140e-04   6.523235e+06   3.159655e-01  -1.328561e+00  -1.345640e+00   1.972926e-03   3.771066e+01   2.844962e-01
    51  -2.727994e+00  -2.746070e+00   1.389443e-03   1.854104e+05   2.901810e-01   4.270567e-01  -3.353548e+00  -3.370926e+00   2.551039e-04   5.695648e+06   3.156615e-01  -1.293765e+00  -1.310814e+00   2.295935e-03   3.450754e+01   2.801374e-01
    52  -2.691057e+00  -2.709133e+00   1.484866e-03   1.497380e+05   2.868261e-01   4.242658e-01  -3.316223e+00  -3.334485e+00   2.967831e-04   4.888230e+06   3.152838e-01  -1.259025e+00  -1.276048e+00   2.671048e-03   3.156952e+01   2.757177e-01
    53  -2.654119e+00  -2.672195e+00   1.584303e-03   1.214424e+05   2.830040e-01   4.223876e-01  -3.276753e+00  -3.296039e+00   3.451610e-04   4.114188e+06   3.148081e-01  -1.224331e+00  -1.241332e+00   3.106449e-03   2.886730e+01   2.712734e-01
    54  -2.617182e+00  -2.635258e+00   1.688378e-03   9.850534e+04   2.792534e-01   4.202185e-01  -3.234788e+00  -3.255264e+00   4.012824e-04   3.387065e+06   3.142006e-01  -1.189667e+00  -1.206653e+00   3.611542e-03   2.637775e+01   2.668186e-01
    55  -2.580244e+00  -2.598321e+00   1.798454e-03   8.027979e+04   2.751005e-01   4.190454e-01  -3.189924e+00  -3.211777e+00   4.663463e-04   2.719902e+06   3.134134e-01  -1.155018e+00  -1.171997e+00   4.197117e-03   2.408067e+01   2.623653e-01
    56  -2.543307e+00  -2.561383e+00   1.913386e-03   6.547523e+04   2.709717e-01   4.178180e-01  -3.141699e+00  -3.165142e+00   5.417261e-04   2.124206e+06   3.123783e-01  -1.120362e+00  -1.137344e+00   4.875535e-03   2.195523e+01   2.579670e-01
    57  -2.506369e+00  -2.524446e+00   2.035762e-03   5.356010e+04   2.666900e-01   4.171225e-01  -3.089609e+00  -3.114874e+00   6.289911e-04   1.608772e+06   3.109996e-01  -1.085679e+00  -1.102675e+00   5.660920e-03   1.998829e+01   2.536153e-01
    58  -2.469432e+00  -2.487508e+00   2.164330e-03   4.391318e+04   2.623262e-01   4.167879e-01  -3.033133e+00  -3.060454e+00   7.299314e-04   1.178540e+06   3.091436e-01  -1.050946e+00  -1.067966e+00   6.569382e-03   1.816550e+01   2.493454e-01
    59  -2.432495e+00  -2.450571e+00   2.301064e-03   3.604453e+04   2.580002e-01   4.165970e-01  -2.971786e+00  -3.001377e+00   8.465830e-04   8.337181e+05   3.066298e-01  -1.016142e+00  -1.033195e+00   7.619247e-03   1.647664e+01   2.451602e-01
    60  -2.395557e+00  -2.413633e+00   2.446341e-03   2.968659e+04   2.535637e-01   4.169896e-01  -2.905216e+00  -2.937227e+00   9.812558e-04   5.694660e+05   3.032292e-01  -9.812479e-01  -9.983445e-01   8.831303e-03   1.491390e+01   2.410391e-01
    61  -2.358620e+00  -2.376696e+00   2.600804e-03   2.445492e+04   2.492400e-01   4.173880e-01  -2.833324e+00  -2.867784e+00   1.136562e-03   3.763972e+05   2.986815e-01  -9.462470e-01  -9.633950e-01   1.022906e-02   1.346856e+01   2.370029e-01
    62  -2.321682e+00  -2.339758e+00   2.765450e-03   2.020679e+04   2.449001e-01   4.182413e-01  -2.756396e+00  -2.793159e+00   1.315444e-03   2.419646e+05   2.927450e-01  -9.111271e-01  -9.283321e-01   1.183900e-02   1.213494e+01   2.330224e-01
    63  -2.284745e+00  -2.302821e+00   2.941373e-03   1.670636e+04   2.406613e-01   4.191713e-01  -2.675174e+00  -2.713889e+00   1.521208e-03   1.524595e+05   2.852831e-01  -8.758809e-01  -8.931465e-01   1.369088e-02   1.090747e+01   2.290675e-01
    64  -2.247807e+00  -2.265883e+00   3.128806e-03   1.383336e+04   2.365234e-01   4.203645e-01  -2.590794e+00  -2.630938e+00   1.757548e-03   9.503935e+04   2.763564e-01  -8.405034e-01  -8.578320e-01   1.581793e-02   9.779832e+00   2.251447e-01
    65  -2.210870e+00  -2.228946e+00   3.330248e-03   1.146851e+04   2.324908e-01   4.217052e-01  -2.504589e+00  -2.545556e+00   2.028572e-03   5.914724e+04   2.662599e-01  -8.049933e-01  -8.223855e-01   1.825715e-02   8.746645e+00   2.212318e-01
    66  -2.173932e+00  -2.192009e+00   3.545163e-03   9.514600e+03   2.285946e-01   4.232029e-01  -2.417832e+00  -2.459048e+00   2.338830e-03   3.701305e+04   2.554643e-01  -7.693532e-01  -7.868078e-01   2.104947e-02   7.802483e+00   2.173088e-01
    67  -2.136995e+00  -2.155071e+00   3.776169e-03   7.904172e+03   2.248546e-01   4.247490e-01  -2.331549e+00  -2.372551e+00   2.693323e-03   2.339538e+04   2.444889e-01  -7.335868e-01  -7.511019e-01   2.423991e-02   6.941700e+00   2.133764e-01
    68  -2.100057e+00  -2.118134e+00   4.023592e-03   6.568756e+03   2.212416e-01   4.264796e-01  -2.246446e+00  -2.286916e+00   3.097518e-03   1.496878e+04   2.337815e-01  -6.976996e-01  -7.152726e-01   2.787766e-02   6.158792e+00   2.094355e-01
    69  -2.063120e+00  -2.081196e+00   4.289325e-03   5.465361e+03   2.178494e-01   4.280714e-01  -2.162939e+00  -2.202689e+00   3.557342e-03   9.698991e+03   2.236571e-01  -6.616990e-01  -6.793264e-01   3.201608e-02   5.448652e+00   2.054742e-01
    70  -2.026183e+00  -2.044259e+00   4.574973e-03   4.549028e+03   2.145764e-01   4.298610e-01  -2.081232e+00  -2.120167e+00   4.079169e-03   6.361459e+03   2.142947e-01  -6.255948e-01  -6.432718e-01   3.671252e-02   4.806304e+00   2.014824e-01
    71  -1.989245e+00  -2.007321e+00   4.881604e-03   3.789384e+03   2.115443e-01   4.314422e-01  -2.001393e+00  -2.039481e+00   4.669785e-03   4.220125e+03   2.057664e-01  -5.893976e-01  -6.071192e-01   4.202806e-02   4.226829e+00   1.974692e-01
    72  -1.952308e+00  -1.970384e+00   5.212099e-03   3.158182e+03   2.086472e-01   4.331424e-01  -1.923421e+00  -1.960660e+00   5.336336e-03   2.829200e+03   1.980729e-01  -5.531198e-01  -5.708800e-01   4.802703e-02   3.705610e+00   1.934290e-01
    73  -1.915370e+00  -1.933446e+00   5.566944e-03   2.633739e+03   2.059828e-01   4.346553e-01  -1.847282e+00  -1.883685e+00   6.086254e-03   1.915373e+03   1.911721e-01  -5.167760e-01  -5.345678e-01   5.477629e-02   3.238272e+00   1.893527e-01
    74  -1.878433e+00  -1.896509e+00   5.950084e-03   2.197637e+03   2.034745e-01   4.361978e-01  -1.772939e+00  -1.808522e+00   6.927149e-03   1.308736e+03   1.849992e-01  -4.803830e-01  -4.981984e-01   6.234434e-02   2.820628e+00   1.852309e-01
    75  -1.841495e+00  -1.859571e+00   6.361830e-03   1.834803e+03   2.011858e-01   4.375426e-01  -1.700360e+00  -1.735135e+00   7.866679e-03   9.021798e+02   1.794772e-01  -4.439594e-01  -4.617894e-01   7.080011e-02   2.448633e+00   1.810679e-01
    76  -1.804558e+00  -1.822634e+00   6.806921e-03   1.532820e+03   1.990657e-01   4.388420e-01  -1.629528e+00  -1.663501e+00   8.912390e-03   6.272972e+02   1.745215e-01  -4.075259e-01  -4.253607e-01   8.021151e-02   2.118458e+00   1.768591e-01
    77  -1.767620e+00  -1.785697e+00   7.285961e-03   1.281327e+03   1.971531e-01   4.399211e-01  -1.560438e+00  -1.593610e+00   1.007152e-02   4.398824e+02   1.700420e-01  -3.711056e-01  -3.889341e-01   9.064369e-02   1.826497e+00   1.725964e-01
    78  -1.730683e+00  -1.748759e+00   7.804238e-03   1.071833e+03   1.954096e-01   4.408947e-01  -1.493096e+00  -1.525463e+00   1.135078e-02   3.110653e+02   1.659435e-01  -3.347246e-01  -3.525343e-01   1.021570e-01   1.569328e+00   1.682717e-01
    79  -1.693745e+00  -1.711822e+00   8.363123e-03   8.972116e+02   1.938624e-01   4.416044e-01  -1.427514e+00  -1.459068e+00   1.275612e-02   2.218124e+02   1.621265e-01  -2.984109e-01  -3.161883e-01   1.148050e-01   1.343698e+00   1.638847e-01
    80  -1.656808e+00  -1.674884e+00   8.968293e-03   7.516325e+02   1.924729e-01   4.421680e-01  -1.363702e+00  -1.394437e+00   1.429243e-02   1.594687e+02   1.584917e-01  -2.621948e-01  -2.799255e-01   1.286319e-01   1.146520e+00   1.594368e-01
    81  -1.619871e+00  -1.637947e+00   9.622341e-03   6.301714e+02   1.912660e-01   4.424066e-01  -1.301662e+00  -1.331575e+00   1.596333e-02   1.155546e+02   1.549477e-01  -2.261089e-01  -2.437772e-01   1.436700e-01   9.749262e-01   1.549234e-01
    82  -1.582933e+00  -1.601009e+00   1.033128e-02   5.288263e+02   1.901947e-01   4.424724e-01  -1.241376e+00  -1.270474e+00   1.777087e-02   8.434924e+01   1.514206e-01  -1.901882e-01  -2.077773e-01   1.599378e-01   8.262294e-01   1.503405e-01
    83  -1.545996e+00  -1.564072e+00   1.109936e-02   4.441731e+02   1.892843e-01   4.421545e-01  -1.182803e+00  -1.211103e+00   1.971527e-02   6.196975e+01   1.478653e-01  -1.544693e-01  -1.719616e-01   1.774374e-01   6.979105e-01   1.456940e-01
    84  -1.509058e+00  -1.527134e+00   1.193305e-02   3.734763e+02   1.884803e-01   4.416406e-01  -1.125865e+00  -1.153402e+00   2.179475e-02   4.576658e+01   1.442735e-01  -1.189897e-01  -1.363673e-01   1.961527e-01   5.876318e-01   1.409904e-01
    85  -1.472121e+00  -1.490197e+00   1.283859e-02   3.143329e+02   1.878006e-01   4.407246e-01  -1.070452e+00  -1.097275e+00   2.400535e-02   3.392371e+01   1.406755e-01  -8.378821e-02  -1.010324e-01   2.160481e-01   4.932567e-01   1.362323e-01
    86  -1.435183e+00  -1.453259e+00   1.382325e-02   2.648767e+02   1.871976e-01   4.395804e-01  -1.016416e+00  -1.042594e+00   2.634082e-02   2.519178e+01   1.371317e-01  -4.890425e-02  -6.599608e-02   2.370673e-01   4.128227e-01   1.314265e-01
    87  -1.398246e+00  -1.416322e+00   1.489549e-02   2.234409e+02   1.866608e-01   4.381055e-01  -9.635868e-01  -9.891985e-01   2.879262e-02   1.870660e+01   1.337151e-01  -1.437575e-02  -3.129694e-02   2.591336e-01   3.445287e-01   1.265916e-01
    88  -1.361308e+00  -1.379385e+00   1.606410e-02   1.887154e+02   1.861639e-01   4.364303e-01  -9.117832e-01  -9.369131e-01   3.134998e-02   1.386619e+01   1.304945e-01   1.975956e-02   3.027198e-03   2.821498e-01   2.867702e-01   1.217359e-01
    89  -1.324371e+00  -1.342447e+00   1.733945e-02   1.595797e+02   1.856840e-01   4.344713e-01  -8.608279e-01  -8.855587e-01   3.400006e-02   1.024545e+01   1.275102e-01   5.346559e-02   3.693949e-02   3.060005e-01   2.381001e-01   1.168748e-01
    90  -1.287433e+00  -1.305510e+00   1.873276e-02   1.350767e+02   1.851942e-01   4.325118e-01  -8.105669e-01  -8.349707e-01   3.672816e-02   7.539225e+00   1.247676e-01   8.670927e-02   7.040544e-02   3.305535e-01   1.972254e-01   1.120291e-01
    91  -1.250496e+00  -1.268572e+00   2.025690e-02   1.144875e+02   1.846965e-01   4.303397e-01  -7.608779e-01  -7.850121e-01   3.951809e-02   5.522736e+00   1.222331e-01   1.194594e-01   1.033930e-01   3.556628e-01   1.630149e-01   1.072114e-01
    92  -1.213559e+00  -1.231635e+00   2.192450e-02   9.709079e+01   1.841466e-01   4.284648e-01  -7.116739e-01  -7.355795e-01   4.235249e-02   4.027026e+00   1.198529e-01   1.516895e-01   1.358734e-01   3.811724e-01   1.344638e-01   1.024466e-01
    93  -1.176621e+00  -1.194697e+00   2.375284e-02   8.241470e+01   1.835697e-01   4.266426e-01  -6.628940e-01  -6.865994e-01   4.521329e-02   2.923005e+00   1.175724e-01   1.833761e-01   1.678217e-01   4.069196e-01   1.107070e-01   9.774915e-02
    94  -1.139684e+00  -1.157760e+00   2.575555e-02   7.000997e+01   1.829572e-01   4.250352e-01  -6.144869e-01  -6.380163e-01   4.808216e-02   2.111718e+00   1.153531e-01   2.145001e-01   1.992168e-01   4.327394e-01   9.098959e-02   9.313957e-02
    95  -1.102746e+00  -1.120822e+00   2.795093e-02   5.945951e+01   1.823243e-01   4.239162e-01  -5.664013e-01  -5.897789e-01   5.094094e-02   1.518060e+00   1.131786e-01   2.450467e-01   2.300419e-01   4.584685e-01   7.466528e-02   8.863380e-02
    96  -1.065809e+00  -1.083885e+00   3.036165e-02   5.051936e+01   1.816877e-01   4.230115e-01  -5.185741e-01  -5.418297e-01   5.377208e-02   1.085328e+00   1.110443e-01   2.750056e-01   2.602844e-01   4.839488e-01   6.118014e-02   8.424756e-02
    97  -1.028871e+00  -1.046947e+00   3.300019e-02   4.292078e+01   1.810587e-01   4.224452e-01  -4.709243e-01  -4.940960e-01   5.655903e-02   7.711505e-01   1.089521e-01   3.043705e-01   2.899362e-01   5.090312e-01   5.006303e-02   7.999474e-02
    98  -9.919338e-01  -1.010010e+00   3.589087e-02   3.642738e+01   1.804882e-01   4.220520e-01  -4.233556e-01  -4.464890e-01   5.928652e-02   5.441210e-01   1.069080e-01   3.331394e-01   3.189931e-01   5.335787e-01   4.091555e-02   7.588620e-02
    99  -9.549964e-01  -9.730725e-01   3.906196e-02   3.091058e+01   1.799539e-01   4.216683e-01  -3.757524e-01  -3.989021e-01   6.194091e-02   3.809080e-01   1.049168e-01   3.613143e-01   3.474553e-01   5.574682e-01   3.340130e-02   7.193195e-02
   100  -9.180589e-01  -9.361351e-01   4.253079e-02   2.622257e+01   1.794476e-01   4.212118e-01  -3.279757e-01  -3.512074e-01   6.451030e-02   2.642537e-01   1.029850e-01   3.889006e-01   3.753264e-01   5.805927e-01   2.723862e-02   6.813798e-02
   101  -8.811215e-01  -8.991976e-01   4.631701e-02   2.221224e+01   1.790342e-01   4.202716e-01  -2.798664e-01  -3.032552e-01   6.698469e-02   1.814633e-01   1.011218e-01   4.159072e-01   4.026138e-01   6.028622e-01   2.219127e-02   6.451006e-02
   102  -8.441840e-01  -8.622601e-01   5.046230e-02   1.881033e+01   1.786279e-01   4.189059e-01  -2.312448e-01  -2.548755e-01   6.935597e-02   1.231877e-01   9.933552e-02   4.423457e-01   4.293276e-01   6.242038e-01   1.806306e-02   6.104968e-02
   103  -8.072465e-01  -8.253227e-01   5.500006e-02   1.592735e+01   1.781924e-01   4.170645e-01  -1.819044e-01  -2.058743e-01   7.161799e-02   8.254676e-02   9.763872e-02   4.682308e-01   4.554811e-01   6.445619e-01   1.469027e-02   5.775886e-02
   104  -7.703091e-01  -7.883852e-01   5.994200e-02   1.348212e+01   1.777067e-01   4.146281e-01  -1.316224e-01  -1.560361e-01   7.376638e-02   5.452478e-02   9.604576e-02   4.935787e-01   4.810896e-01   6.638974e-01   1.193792e-02   5.463524e-02
   105  -7.333716e-01  -7.514478e-01   6.533860e-02   1.140630e+01   1.771539e-01   4.116421e-01  -8.016842e-02  -1.051338e-01   7.579851e-02   3.545842e-02   9.456620e-02   5.184084e-01   5.061710e-01   6.821866e-01   9.693807e-03   5.167790e-02
   106  -6.964342e-01  -7.145103e-01   7.123987e-02   9.651348e+00   1.764572e-01   4.082896e-01  -2.731710e-02  -5.293929e-02   7.771330e-02   2.268134e-02   9.320798e-02   5.427396e-01   5.307444e-01   6.994197e-01   7.865943e-03   4.888183e-02
   107  -6.594967e-01  -6.775729e-01   7.769343e-02   8.167182e+00   1.755886e-01   4.045698e-01   2.708910e-02   7.374094e-04   7.951106e-02   1.427770e-02   9.194143e-02   5.665941e-01   5.548306e-01   7.155996e-01   6.378189e-03   4.624358e-02
   108  -6.225593e-01  -6.406354e-01   8.472260e-02   6.910539e+00   1.745310e-01   4.004988e-01   8.308774e-02   5.599036e-02   8.119333e-02   8.861987e-03   9.069856e-02   5.899943e-01   5.784518e-01   7.307399e-01   5.168285e-03   4.375695e-02
   109  -5.856218e-01  -6.036980e-01   9.239418e-02   5.844391e+00   1.732903e-01   3.961440e-01   1.404808e-01   1.127317e-01   8.276263e-02   5.450513e-03   8.931554e-02   6.129634e-01   6.016307e-01   7.448636e-01   4.185011e-03   4.141632e-02
   110  -5.486844e-01  -5.667605e-01   1.007759e-01   4.941573e+00   1.718298e-01   3.914512e-01   1.987143e-01   1.705729e-01   8.422234e-02   3.350913e-03   8.750818e-02   6.355253e-01   6.243909e-01   7.580011e-01   3.386468e-03   3.921521e-02
   111  -5.117469e-01  -5.298231e-01   1.099275e-01   4.176388e+00   1.701390e-01   3.863506e-01   2.568714e-01   2.287656e-01   8.557652e-02   2.082391e-03   8.493400e-02   6.577040e-01   6.467562e-01   7.701887e-01   2.738403e-03   3.714659e-02
   112  -4.748095e-01  -4.928856e-01   1.198961e-01   3.527358e+00   1.682102e-01   3.807702e-01   3.138310e-01   2.862843e-01   8.682971e-02   1.322460e-03   8.134728e-02   6.795240e-01   6.687510e-01   7.814674e-01   2.212772e-03   3.520409e-02
   113  -4.378720e-01  -4.559481e-01   1.307325e-01   2.975576e+00   1.660649e-01   3.746456e-01   3.685749e-01   3.420649e-01   8.798682e-02   8.642339e-04   7.677675e-02   7.010093e-01   6.903995e-01   7.918814e-01   1.786741e-03   3.338039e-02
   114  -4.009345e-01  -4.190107e-01   1.425285e-01   2.507256e+00   1.636817e-01   3.678787e-01   4.204396e-01   3.952810e-01   8.905301e-02   5.819734e-04   7.152924e-02   7.221842e-01   7.117258e-01   8.014771e-01   1.441654e-03   3.166876e-02
   115  -3.639971e-01  -3.820732e-01   1.553499e-01   2.109795e+00   1.610547e-01   3.603584e-01   4.691674e-01   4.454866e-01   9.003354e-02   4.027272e-04   6.601580e-02   7.430725e-01   7.327540e-01   8.103019e-01   1.162318e-03   3.006251e-02
   116  -3.270596e-01  -3.451358e-01   1.692618e-01   1.772491e+00   1.581828e-01   3.519675e-01   5.148053e-01   4.925856e-01   9.093373e-02   2.851253e-04   6.058302e-02   7.636974e-01   7.535074e-01   8.184036e-01   9.363657e-04   2.855483e-02
   117  -2.901222e-01  -3.081983e-01   1.842816e-01   1.486159e+00   1.550778e-01   3.425624e-01   5.575668e-01   5.367122e-01   9.175884e-02   2.056389e-04   5.544986e-02   7.840819e-01   7.740092e-01   8.258295e-01   7.537203e-04   2.713952e-02
   118  -2.531847e-01  -2.712609e-01   2.005081e-01   1.243276e+00   1.517448e-01   3.319821e-01   5.977321e-01   5.781136e-01   9.251402e-02   1.505377e-04   5.071953e-02   8.042480e-01   7.942820e-01   8.326262e-01   6.061920e-04   2.581038e-02
   119  -2.162473e-01  -2.343234e-01   2.179997e-01   1.037611e+00   1.481775e-01   3.201110e-01   6.355931e-01   6.170751e-01   9.320429e-02   1.115280e-04   4.642338e-02   8.242173e-01   8.143474e-01   8.388386e-01   4.871226e-04   2.456145e-02
   120  -1.793098e-01  -1.973860e-01   2.368036e-01   8.636617e-01   1.443808e-01   3.068048e-01   6.714268e-01   6.538794e-01   9.383445e-02   8.342692e-05   4.255354e-02   8.440104e-01   8.342266e-01   8.445100e-01   3.910978e-04   2.338723e-02
   121  -1.423724e-01  -1.604485e-01   2.569105e-01   7.167093e-01   1.403698e-01   2.918664e-01   7.054778e-01   6.887860e-01   9.440910e-02   6.290780e-05   3.907963e-02   8.636472e-01   8.539398e-01   8.496819e-01   3.137223e-04   2.228243e-02
   122  -1.054349e-01  -1.235111e-01   2.783808e-01   5.927860e-01   1.361561e-01   2.750472e-01   7.379630e-01   7.220241e-01   9.493262e-02   4.774779e-05   3.596504e-02   8.831465e-01   8.735063e-01   8.543935e-01   2.514287e-04   2.124201e-02
   123  -6.849745e-02  -8.657360e-02   3.012390e-01   4.885694e-01   1.317424e-01   2.563560e-01   7.690712e-01   7.537956e-01   9.540910e-02   3.643924e-05   3.317239e-02   9.025263e-01   8.929445e-01   8.586819e-01   2.013218e-04   2.026129e-02
   124  -3.156000e-02  -4.963614e-02   3.254639e-01   4.011276e-01   1.271462e-01   2.357252e-01   7.989657e-01   7.842756e-01   9.584241e-02   2.793647e-05   3.066450e-02   9.218036e-01   9.122719e-01   8.625817e-01   1.610537e-04   1.933598e-02
   125   5.377456e-03  -1.269869e-02   3.510019e-01   3.279530e-01   1.223884e-01   2.129398e-01   8.277893e-01   8.136166e-01   9.623618e-02   2.149928e-05   2.840907e-02   9.409944e-01   9.315050e-01   8.661256e-01   1.287229e-04   1.846195e-02
   126   4.231491e-02   2.423876e-02   3.778600e-01   2.669328e-01   1.174818e-01   1.882735e-01   8.556659e-01   8.419512e-01   9.659376e-02   1.659818e-05   2.637590e-02   9.601136e-01   9.506592e-01   8.693438e-01   1.027894e-04   1.763543e-02
   127   7.925237e-02   6.117622e-02   4.059570e-01   2.162172e-01   1.124522e-01   1.617977e-01   8.827040e-01   8.693953e-01   9.691827e-02   1.284861e-05   2.453899e-02   9.791753e-01   9.697490e-01   8.722644e-01   8.200702e-05   1.685293e-02
   128   1.161898e-01   9.811367e-02   4.351674e-01   1.742391e-01   1.073195e-01   1.339564e-01   9.089995e-01   8.960507e-01   9.721261e-02   9.967859e-06   2.287548e-02   9.981925e-01   9.887880e-01   8.749135e-01   6.536840e-05   1.611128e-02
   129   1.531273e-01   1.350511e-01   4.653820e-01   1.396385e-01   1.021132e-01   1.054647e-01   9.346360e-01   9.220069e-01   9.747945e-02   7.747357e-06   2.136482e-02   1.017177e+00   1.007789e+00   8.773151e-01   5.206006e-05   1.540753e-02
   130   1.900647e-01   1.719886e-01   4.963391e-01   1.111745e-01   9.683606e-02   7.573240e-02   9.596880e-01   9.473426e-01   9.772124e-02   6.030576e-06   1.998972e-02   1.036141e+00   1.026762e+00   8.794912e-01   4.142550e-05   1.473896e-02
   131   2.270022e-01   2.089260e-01   5.279688e-01   8.794464e-02   9.153207e-02   4.791690e-02   9.842218e-01   9.721281e-01   9.794025e-02   4.699960e-06   1.873469e-02   1.055093e+00   1.045720e+00   8.814623e-01   3.293547e-05   1.410313e-02
   132   2.639396e-01   2.458635e-01   5.601072e-01   6.909568e-02   8.624659e-02   2.085601e-02   1.008296e+00   9.964255e-01   9.813854e-02   3.666653e-06   1.758611e-02   1.074043e+00   1.064672e+00   8.832469e-01   2.616375e-05   1.349780e-02
   133   3.008771e-01   2.828009e-01   5.925235e-01   5.389748e-02   8.101226e-02  -4.988024e-03   1.031962e+00   1.020290e+00   9.831802e-02   2.862815e-06   1.653235e-02   1.093001e+00   1.083625e+00   8.848622e-01   2.076749e-05   1.292093e-02
   134   3.378145e-01   3.197384e-01   6.248055e-01   4.172339e-02   7.584857e-02  -2.612236e-02   1.055267e+00   1.043771e+00   9.848042e-02   2.236603e-06   1.556313e-02   1.111972e+00   1.102590e+00   8.863237e-01   1.647114e-05   1.237067e-02
   135   3.747520e-01   3.566759e-01   6.567283e-01   3.199721e-02   7.076652e-02  -4.592822e-02   1.078254e+00   1.066913e+00   9.862732e-02   1.748216e-06   1.466935e-02   1.130966e+00   1.121573e+00   8.876458e-01   1.305350e-05   1.184533e-02
   136   4.116895e-01   3.936133e-01   6.882010e-01   2.433241e-02   6.583020e-02  -6.308693e-02   1.100958e+00   1.089754e+00   9.876016e-02   1.366986e-06   1.384310e-02   1.149987e+00   1.140580e+00   8.888415e-01   1.033718e-05   1.134338e-02
   137   4.486269e-01   4.305508e-01   7.187028e-01   1.833864e-02   6.105629e-02  -7.549640e-02   1.123414e+00   1.112331e+00   9.888027e-02   1.069176e-06   1.307750e-02   1.169041e+00   1.159619e+00   8.899225e-01   8.180070e-06   1.086344e-02
   138   4.855644e-01   4.674882e-01   7.480781e-01   1.367131e-02   5.645182e-02  -8.625023e-02   1.145651e+00   1.134675e+00   9.898885e-02   8.363970e-07   1.236648e-02   1.188135e+00   1.178693e+00   8.908996e-01   6.468443e-06   1.040423e-02
   139   5.225018e-01   5.044257e-01   7.761375e-01   1.009648e-02   5.206679e-02  -9.475347e-02   1.167696e+00   1.156813e+00   9.908698e-02   6.543693e-07   1.170468e-02   1.207271e+00   1.197808e+00   8.917828e-01   5.111380e-06   9.964611e-03
   140   5.594393e-01   5.413631e-01   8.025016e-01   7.370035e-03   4.789454e-02  -1.013616e-01   1.189574e+00   1.178773e+00   9.917565e-02   5.119814e-07   1.108739e-02   1.226454e+00   1.216968e+00   8.925808e-01   4.036270e-06   9.543529e-03
   141   5.963767e-01   5.783006e-01   8.271258e-01   5.325571e-03   4.396792e-02  -1.059530e-01   1.211305e+00   1.200575e+00   9.925576e-02   4.005769e-07   1.051046e-02   1.245688e+00   1.236178e+00   8.933019e-01   3.185180e-06   9.140024e-03
   142   6.333142e-01   6.152380e-01   8.498660e-01   3.800547e-03   4.028035e-02  -1.088878e-01   1.232908e+00   1.222241e+00   9.932813e-02   3.134007e-07   9.970266e-03   1.264975e+00   1.255439e+00   8.939532e-01   2.511928e-06   8.753215e-03
   143   6.702516e-01   6.521755e-01   8.704682e-01   2.682869e-03   3.684947e-02  -1.104775e-01   1.254402e+00   1.243788e+00   9.939350e-02   2.451776e-07   9.463582e-03   1.284319e+00   1.274755e+00   8.945415e-01   1.979738e-06   8.382296e-03
   144   7.071891e-01   6.891129e-01   8.891065e-01   1.872331e-03   3.367244e-02  -1.108383e-01   1.275802e+00   1.265234e+00   9.945254e-02   1.917857e-07   8.987555e-03   1.303721e+00   1.294128e+00   8.950729e-01   1.559349e-06   8.026524e-03
   145   7.441265e-01   7.260504e-01   9.057408e-01   1.291065e-03   3.074539e-02  -1.099560e-01   1.297121e+00   1.286592e+00   9.950586e-02   1.500016e-07   8.539653e-03   1.323182e+00   1.313560e+00   8.955527e-01   1.227501e-06   7.685214e-03
   146   7.810640e-01   7.629879e-01   9.203086e-01   8.806056e-04   2.806343e-02  -1.079791e-01   1.318372e+00   1.307876e+00   9.955400e-02   1.173038e-07   8.117628e-03   1.342705e+00   1.333053e+00   8.959860e-01   9.657213e-07   7.357732e-03
   147   8.180015e-01   7.999253e-01   9.330022e-01   5.943269e-04   2.561583e-02  -1.049778e-01   1.339565e+00   1.329098e+00   9.959747e-02   9.171876e-08   7.719478e-03   1.362291e+00   1.352608e+00   8.963772e-01   7.593482e-07   7.043491e-03
   148   8.549389e-01   8.368628e-01   9.439689e-01   3.971242e-04   2.338934e-02  -1.010373e-01   1.360712e+00   1.350267e+00   9.963672e-02   7.170174e-08   7.343415e-03   1.381939e+00   1.372226e+00   8.967304e-01   5.967576e-07   6.741944e-03
   149   8.918764e-01   8.738002e-01   9.533435e-01   2.629058e-04   2.136879e-02  -9.622545e-02   1.381819e+00   1.371394e+00   9.967214e-02   5.604327e-08   6.987844e-03   1.401651e+00   1.391907e+00   8.970493e-01   4.687395e-07   6.452583e-03
   150   9.288138e-01   9.107377e-01   9.612934e-01   1.725753e-04   1.953809e-02  -9.069475e-02   1.402896e+00   1.392485e+00   9.970413e-02   4.379632e-08   6.651329e-03   1.421427e+00   1.411652e+00   8.973371e-01   3.680027e-07   6.174933e-03
   151   9.657513e-01   9.476751e-01   9.679819e-01   1.124665e-04   1.787986e-02  -8.461624e-02   1.423948e+00   1.413550e+00   9.973300e-02   3.421938e-08   6.332586e-03   1.441266e+00   1.431460e+00   8.975970e-01   2.887793e-07   5.908548e-03
   152   1.002689e+00   9.846126e-01   9.735740e-01   7.283856e-05   1.637698e-02  -7.825092e-02   1.444982e+00   1.434593e+00   9.975905e-02   2.673178e-08   6.030456e-03   1.461168e+00   1.451331e+00   8.978315e-01   2.265100e-07   5.653013e-03
   153   1.039626e+00   1.021550e+00   9.782248e-01   4.693441e-05   1.501354e-02  -7.169886e-02   1.466003e+00   1.455620e+00   9.978257e-02   2.087888e-08   5.743893e-03   1.481131e+00   1.471264e+00   8.980432e-01   1.775930e-07   5.407936e-03
   154   1.076564e+00   1.058487e+00   9.820780e-01   3.011683e-05   1.377472e-02  -6.524649e-02   1.487015e+00   1.476636e+00   9.980380e-02   1.630476e-08   5.471949e-03   1.501156e+00   1.491259e+00   8.982342e-01   1.391856e-07   5.172952e-03
   155   1.113501e+00   1.095425e+00   9.852573e-01   1.926372e-05   1.264720e-02  -5.895263e-02   1.508021e+00   1.497645e+00   9.982296e-02   1.273079e-08   5.213767e-03   1.521239e+00   1.511313e+00   8.984066e-01   1.090452e-07   4.947716e-03
   156   1.150439e+00   1.132362e+00   9.878772e-01   1.229224e-05   1.161919e-02  -5.296152e-02   1.529025e+00   1.518650e+00   9.984025e-02   9.938874e-09   4.968571e-03   1.541379e+00   1.531426e+00   8.985622e-01   8.540394e-08   4.731907e-03
   157   1.187376e+00   1.169300e+00   9.900275e-01   7.830344e-06   1.068034e-02  -4.739224e-02   1.550028e+00   1.539653e+00   9.985585e-02   7.758366e-09   4.735654e-03   1.561574e+00   1.551594e+00   8.987027e-01   6.686914e-08   4.525223e-03
   158   1.224313e+00   1.206237e+00   9.917911e-01   4.982711e-06   9.821564e-03  -4.222489e-02   1.571031e+00   1.560656e+00   9.986993e-02   6.055734e-09   4.514376e-03   1.581821e+00   1.571815e+00   8.988294e-01   5.234439e-08   4.327384e-03
   159   1.261251e+00   1.243175e+00   9.932398e-01   3.168834e-06   9.034973e-03  -3.749711e-02   1.592035e+00   1.581660e+00   9.988264e-02   4.726528e-09   4.304157e-03   1.602115e+00   1.592086e+00   8.989438e-01   4.096699e-08   4.138129e-03
   160   1.298188e+00   1.280112e+00   9.944296e-01   2.014892e-06   8.313708e-03  -3.325548e-02   1.613039e+00   1.602664e+00   9.989411e-02   3.689059e-09   4.104469e-03   1.622453e+00   1.612403e+00   8.990470e-01   3.205857e-08   3.957219e-03
   161   1.335126e+00   1.317050e+00   9.954061e-01   1.281382e-06   7.651676e-03  -2.942784e-02   1.634043e+00   1.623668e+00   9.990446e-02   2.879452e-09   3.914838e-03   1.642830e+00   1.632761e+00   8.991401e-01   2.508601e-08   3.784434e-03
   162   1.372063e+00   1.353987e+00   9.962087e-01   8.152545e-07   7.043562e-03  -2.599475e-02   1.655043e+00   1.644670e+00   9.991379e-02   2.247776e-09   3.734834e-03   1.663239e+00   1.653154e+00   8.992241e-01   1.963057e-08   3.619578e-03
   163   1.409001e+00   1.390925e+00   9.968688e-01   5.190266e-07   6.484684e-03  -2.293785e-02   1.676036e+00   1.665666e+00   9.992222e-02   1.755009e-09   3.564075e-03   1.683674e+00   1.673577e+00   8.993000e-01   1.536353e-08   3.462475e-03
   164   1.445938e+00   1.427862e+00   9.974121e-01   3.307075e-07   5.970883e-03  -2.023331e-02   1.697017e+00   1.686653e+00   9.992982e-02   1.370659e-09   3.402223e-03   1.704127e+00   1.694021e+00   8.993684e-01   1.202699e-08   3.312975e-03
   165   1.482876e+00   1.464799e+00   9.978594e-01   2.109150e-07   5.498428e-03  -1.782470e-02   1.717980e+00   1.707625e+00   9.993668e-02   1.070910e-09   3.248979e-03   1.724586e+00   1.714477e+00   8.994301e-01   9.418692e-09   3.170951e-03
   166   1.519813e+00   1.501737e+00   9.982271e-01   1.346546e-07   5.064026e-03  -1.567817e-02   1.738917e+00   1.728575e+00   9.994287e-02   8.371610e-10   3.104089e-03   1.745042e+00   1.734935e+00   8.994858e-01   7.380113e-09   3.036306e-03
   167   1.556751e+00   1.538674e+00   9.985295e-01   8.606355e-08   4.664740e-03  -1.376344e-02   1.759816e+00   1.749492e+00   9.994845e-02   6.548898e-10   2.967338e-03   1.765480e+00   1.755381e+00   8.995361e-01   5.787060e-09   2.908970e-03
   168   1.593688e+00   1.575612e+00   9.987798e-01   5.507217e-08   4.297962e-03  -1.206414e-02   1.780667e+00   1.770367e+00   9.995349e-02   5.127610e-10   2.838555e-03   1.785883e+00   1.775801e+00   8.995814e-01   4.542283e-09   2.788902e-03
   169   1.630625e+00   1.612549e+00   9.989871e-01   3.528509e-08   3.961360e-03  -1.052703e-02   1.801453e+00   1.791184e+00   9.995804e-02   4.019290e-10   2.717608e-03   1.806232e+00   1.796177e+00   8.996223e-01   3.569666e-09   2.676097e-03
   170   1.667563e+00   1.649487e+00   9.991590e-01   2.263937e-08   3.653026e-03  -9.088824e-03   1.822156e+00   1.811928e+00   9.996214e-02   3.154924e-10   2.604409e-03   1.826506e+00   1.816488e+00   8.996593e-01   2.809656e-09   2.570583e-03
   171   1.704500e+00   1.686424e+00   9.993018e-01   1.454688e-08   3.371177e-03  -7.710830e-03   1.842755e+00   1.832578e+00   9.996584e-02   2.480686e-10   2.498912e-03   1.846679e+00   1.836710e+00   8.996926e-01   2.215682e-09   2.472422e-03
   172   1.741438e+00   1.723362e+00   9.994195e-01   9.362081e-09   3.114398e-03  -6.408946e-03   1.863224e+00   1.853110e+00   9.996918e-02   1.954599e-10   2.401114e-03   1.866719e+00   1.856814e+00   8.997226e-01   1.751338e-09   2.381715e-03
   173   1.778375e+00   1.760299e+00   9.995177e-01   6.036122e-09   2.881534e-03  -5.083940e-03   1.883533e+00   1.873497e+00   9.997219e-02   1.543941e-10   2.311053e-03   1.886594e+00   1.876770e+00   8.997498e-01   1.388176e-09   2.298597e-03
   174   1.815313e+00   1.797237e+00   9.995997e-01   3.899860e-09   2.671791e-03  -3.663169e-03   1.903648e+00   1.893707e+00   9.997491e-02   1.223203e-10   2.228808e-03   1.906264e+00   1.896540e+00   8.997742e-01   1.103973e-09   2.223238e-03
   175   1.852250e+00   1.834174e+00   9.996683e-01   2.526169e-09   2.485162e-03  -1.927258e-03   1.923530e+00   1.913703e+00   9.997737e-02   9.725101e-11   2.154500e-03   1.925686e+00   1.916083e+00   8.997963e-01   8.813796e-10   2.155840e-03
   176   1.889188e+00   1.871111e+00   9.997259e-01   1.641446e-09   2.321823e-03   1.404153e-04   1.943136e+00   1.933444e+00   9.997958e-02   7.763616e-11   2.088316e-03   1.944812e+00   1.935354e+00   8.998162e-01   7.068486e-10   2.096635e-03
   177   1.926125e+00   1.908049e+00   9.997744e-01   1.070634e-09   2.182517e-03   2.661746e-03   1.962422e+00   1.952886e+00   9.998158e-02   6.225989e-11   2.030773e-03   1.963594e+00   1.954305e+00   8.998342e-01   5.697895e-10   2.045952e-03
   178   1.963063e+00   1.944986e+00   9.998153e-01   7.015990e-10   2.069092e-03   5.861884e-03   1.981360e+00   1.971995e+00   9.998338e-02   5.013154e-11   1.984330e-03   1.981985e+00   1.972887e+00   8.998504e-01   4.617415e-10   2.005037e-03
   179   2.000000e+00   1.981924e+00   9.998500e-01   4.611540e-10   1.990968e-03   8.201930e-03   2.000000e+00   1.990780e+00   9.998500e-02   4.036213e-11   1.958469e-03   2.000000e+00   1.991086e+00   8.998650e-01   3.750636e-10   1.981176e-03
