     i          log_r       log_rmid          m_tot        rho_tot         v2_tot            eta     lgr[heavy]    lgrm[heavy]       m[heavy]     rho[heavy]      v2[heavy]     lgr[light]    lgrm[light]       m[light]     rho[light]      v2[light]
     0  -4.693540e+00  -4.994570e+00   1.034147e-07   3.638148e+07   3.952960e-01            nan  -4.693540e+00  -4.994570e+00   9.998500e-08   3.611397e+07   3.913877e-01  -3.229568e+00  -3.530598e+00   8.998650e-07   1.318264e+04   7.560497e-01
     1  -4.656146e+00  -4.674440e+00   1.332001e-07   3.599686e+07   3.932722e-01            nan  -4.671054e+00  -4.682151e+00   1.166721e-07   3.586752e+07   3.913789e-01  -3.188999e+00  -3.208810e+00   1.050049e-06   6.802131e+03   7.236204e-01
     2  -4.618752e+00  -4.637046e+00   1.716389e-07   3.593937e+07   3.931171e-01            nan  -4.648572e+00  -4.659668e+00   1.361439e-07   3.584082e+07   3.913779e-01  -3.148882e+00  -3.168478e+00   1.225295e-06   6.074928e+03   7.173193e-01
     3  -4.581357e+00  -4.599652e+00   2.212450e-07   3.587338e+07   3.929745e-01            nan  -4.626094e+00  -4.637188e+00   1.588651e-07   3.581133e+07   3.913768e-01  -3.109064e+00  -3.128517e+00   1.429786e-06   5.419035e+03   7.103464e-01
     4  -4.543963e+00  -4.562258e+00   2.852542e-07   3.579825e+07   3.928431e-01            nan  -4.603617e+00  -4.614710e+00   1.853780e-07   3.577874e+07   3.913757e-01  -3.069436e+00  -3.088798e+00   1.668402e-06   4.829267e+03   7.026707e-01
     5  -4.506569e+00  -4.524864e+00   3.678362e-07   3.571238e+07   3.927221e-01            nan  -4.581138e+00  -4.592232e+00   2.163150e-07   3.574273e+07   3.913744e-01  -3.029931e+00  -3.049235e+00   1.946835e-06   4.300879e+03   6.943032e-01
     6  -4.469175e+00  -4.487470e+00   4.743563e-07   3.561187e+07   3.926105e-01            nan  -4.558656e+00  -4.569752e+00   2.524142e-07   3.570294e+07   3.913729e-01  -2.990511e+00  -3.009774e+00   2.271728e-06   3.829335e+03   6.853557e-01
     7  -4.431781e+00  -4.450076e+00   6.116906e-07   3.549587e+07   3.925074e-01            nan  -4.536169e+00  -4.547267e+00   2.945370e-07   3.565897e+07   3.913713e-01  -2.951154e+00  -2.970387e+00   2.650833e-06   3.409482e+03   6.757468e-01
     8  -4.394387e+00  -4.412682e+00   7.886936e-07   3.536168e+07   3.924119e-01            nan  -4.513675e+00  -4.524776e+00   3.436881e-07   3.561036e+07   3.913695e-01  -2.911858e+00  -2.931062e+00   3.093193e-06   3.036692e+03   6.656736e-01
     9  -4.356993e+00  -4.375288e+00   1.016701e-06   3.520331e+07   3.923233e-01            nan  -4.491172e+00  -4.502278e+00   4.010398e-07   3.555664e+07   3.913675e-01  -2.872630e+00  -2.891801e+00   3.609358e-06   2.706288e+03   6.550947e-01
    10  -4.319599e+00  -4.337894e+00   1.310151e-06   3.501956e+07   3.922408e-01            nan  -4.468658e+00  -4.479769e+00   4.679601e-07   3.549727e+07   3.913653e-01  -2.833480e+00  -2.852614e+00   4.211641e-06   2.413794e+03   6.441591e-01
    11  -4.282205e+00  -4.300500e+00   1.687588e-06   3.480582e+07   3.921637e-01            nan  -4.446131e+00  -4.457248e+00   5.460446e-07   3.543165e+07   3.913629e-01  -2.794426e+00  -2.813514e+00   4.914402e-06   2.155112e+03   6.328825e-01
    12  -4.244811e+00  -4.263105e+00   2.172537e-06   3.455357e+07   3.920912e-01            nan  -4.423589e+00  -4.434714e+00   6.371554e-07   3.535913e+07   3.913602e-01  -2.755483e+00  -2.774518e+00   5.734398e-06   1.926309e+03   6.214102e-01
    13  -4.207417e+00  -4.225711e+00   2.794728e-06   3.426123e+07   3.920226e-01            nan  -4.401029e+00  -4.412163e+00   7.434644e-07   3.527899e+07   3.913572e-01  -2.716670e+00  -2.735643e+00   6.691180e-06   1.724011e+03   6.097333e-01
    14  -4.170023e+00  -4.188317e+00   3.592116e-06   3.392048e+07   3.919572e-01            nan  -4.378450e+00  -4.389593e+00   8.675058e-07   3.519043e+07   3.913539e-01  -2.677996e+00  -2.696902e+00   7.807552e-06   1.544847e+03   5.980456e-01
    15  -4.132629e+00  -4.150923e+00   4.611997e-06   3.352151e+07   3.918941e-01            nan  -4.355849e+00  -4.367003e+00   1.012236e-06   3.509259e+07   3.913502e-01  -2.639478e+00  -2.658310e+00   9.110122e-06   1.386302e+03   5.862421e-01
    16  -4.095234e+00  -4.113529e+00   5.913790e-06   3.306237e+07   3.918326e-01            nan  -4.333222e+00  -4.344388e+00   1.181103e-06   3.498452e+07   3.913461e-01  -2.601119e+00  -2.619875e+00   1.062993e-05   1.245461e+03   5.746059e-01
    17  -4.057840e+00  -4.076135e+00   7.572339e-06   3.252710e+07   3.917718e-01            nan  -4.310568e+00  -4.321747e+00   1.378130e-06   3.486515e+07   3.913416e-01  -2.562933e+00  -2.581606e+00   1.240317e-05   1.120632e+03   5.629092e-01
    18  -4.020446e+00  -4.038741e+00   9.677218e-06   3.191119e+07   3.917108e-01            nan  -4.287881e+00  -4.299076e+00   1.608010e-06   3.473336e+07   3.913365e-01  -2.524911e+00  -2.543506e+00   1.447209e-05   1.009295e+03   5.515180e-01
    19  -3.983052e+00  -4.001347e+00   1.234280e-05   3.120836e+07   3.916486e-01            nan  -4.265159e+00  -4.276372e+00   1.876216e-06   3.458787e+07   3.913309e-01  -2.487060e+00  -2.505574e+00   1.688595e-05   9.102018e+02   5.402298e-01
    20  -3.945658e+00  -3.963953e+00   1.570369e-05   3.039807e+07   3.915839e-01            nan  -4.242398e+00  -4.253629e+00   2.189133e-06   3.442732e+07   3.913246e-01  -2.449373e+00  -2.467808e+00   1.970220e-05   8.216499e+02   5.292064e-01
    21  -3.908264e+00  -3.926559e+00   1.992318e-05   2.949001e+07   3.915160e-01            nan  -4.219592e+00  -4.230845e+00   2.554206e-06   3.425020e+07   3.913177e-01  -2.411846e+00  -2.430204e+00   2.298786e-05   7.424664e+02   5.184145e-01
    22  -3.870870e+00  -3.889165e+00   2.519697e-05   2.845478e+07   3.914425e-01            nan  -4.196738e+00  -4.208015e+00   2.980121e-06   3.405490e+07   3.913100e-01  -2.374476e+00  -2.392759e+00   2.682109e-05   6.715874e+02   5.078320e-01
    23  -3.833476e+00  -3.851771e+00   3.174429e-05   2.731153e+07   3.913628e-01            nan  -4.173829e+00  -4.185132e+00   3.477003e-06   3.383962e+07   3.913014e-01  -2.337251e+00  -2.355465e+00   3.129303e-05   6.079136e+02   4.975700e-01
    24  -3.796082e+00  -3.814377e+00   3.983221e-05   2.603576e+07   3.912739e-01            nan  -4.150859e+00  -4.162192e+00   4.056664e-06   3.360246e+07   3.912918e-01  -2.300172e+00  -2.318316e+00   3.650997e-05   5.508303e+02   4.874594e-01
    25  -3.758688e+00  -3.776982e+00   4.973751e-05   2.465541e+07   3.911750e-01            nan  -4.127821e+00  -4.139187e+00   4.732872e-06   3.334135e+07   3.912811e-01  -2.263221e+00  -2.281304e+00   4.259585e-05   4.993369e+02   4.777184e-01
    26  -3.721294e+00  -3.739588e+00   6.178269e-05   2.314594e+07   3.910613e-01            nan  -4.104707e+00  -4.116110e+00   5.521683e-06   3.305403e+07   3.912692e-01  -2.226398e+00  -2.244419e+00   4.969515e-05   4.530372e+02   4.681396e-01
    27  -3.683900e+00  -3.702194e+00   7.631983e-05   2.155530e+07   3.909325e-01            nan  -4.081510e+00  -4.092954e+00   6.441814e-06   3.273812e+07   3.912560e-01  -2.189686e+00  -2.207654e+00   5.797633e-05   4.111786e+02   4.588978e-01
    28  -3.646506e+00  -3.664800e+00   9.362627e-05   1.987192e+07   3.907819e-01            nan  -4.058219e+00  -4.069708e+00   7.515084e-06   3.239104e+07   3.912412e-01  -2.153079e+00  -2.170997e+00   6.763576e-05   3.733949e+02   4.498729e-01
    29  -3.609111e+00  -3.627406e+00   1.141139e-04   1.813455e+07   3.906066e-01            nan  -4.034823e+00  -4.046363e+00   8.766923e-06   3.201007e+07   3.912246e-01  -2.116568e+00  -2.134440e+00   7.890231e-05   3.392079e+02   4.411095e-01
    30  -3.571717e+00  -3.590012e+00   1.381140e-04   1.638028e+07   3.904027e-01            nan  -4.011311e+00  -4.022908e+00   1.022697e-05   3.159232e+07   3.912062e-01  -2.080142e+00  -2.097973e+00   9.204273e-05   3.082503e+02   4.325927e-01
    31  -3.534323e+00  -3.552618e+00   1.657681e-04   1.462953e+07   3.901623e-01            nan  -3.987669e+00  -3.999329e+00   1.192976e-05   3.113476e+07   3.911855e-01  -2.043796e+00  -2.061589e+00   1.073678e-04   2.802171e+02   4.242784e-01
    32  -3.496929e+00  -3.515224e+00   1.973523e-04   1.290505e+07   3.898742e-01            nan  -3.963881e+00  -3.975612e+00   1.391553e-05   3.063422e+07   3.911623e-01  -2.007517e+00  -2.025278e+00   1.252398e-04   2.547668e+02   4.162240e-01
    33  -3.459535e+00  -3.477830e+00   2.330462e-04   1.125506e+07   3.895333e-01            nan  -3.939932e+00  -3.951742e+00   1.623115e-05   3.008746e+07   3.911362e-01  -1.971304e+00  -1.989034e+00   1.460803e-04   2.317022e+02   4.083268e-01
    34  -3.422141e+00  -3.440436e+00   2.729127e-04   9.705054e+06   3.891282e-01            nan  -3.915802e+00  -3.927699e+00   1.893121e-05   2.949114e+07   3.911070e-01  -1.935144e+00  -1.952848e+00   1.703808e-04   2.107212e+02   4.006903e-01
    35  -3.384747e+00  -3.403042e+00   3.169381e-04   8.276053e+06   3.886460e-01            nan  -3.891469e+00  -3.903465e+00   2.207926e-05   2.884192e+07   3.910741e-01  -1.899035e+00  -1.916714e+00   1.987134e-04   1.916920e+02   3.931767e-01
    36  -3.347353e+00  -3.365648e+00   3.650540e-04   6.983241e+06   3.880717e-01            nan  -3.866909e+00  -3.879015e+00   2.574932e-05   2.813652e+07   3.910370e-01  -1.862966e+00  -1.880626e+00   2.317439e-04   1.743567e+02   3.859155e-01
    37  -3.309959e+00  -3.328254e+00   4.171763e-04   5.835167e+06   3.873898e-01            nan  -3.842094e+00  -3.854324e+00   3.002750e-05   2.737178e+07   3.909950e-01  -1.826936e+00  -1.844578e+00   2.702475e-04   1.586211e+02   3.787545e-01
    38  -3.272565e+00  -3.290860e+00   4.732568e-04   4.833575e+06   3.865860e-01            nan  -3.816993e+00  -3.829362e+00   3.501400e-05   2.654476e+07   3.909475e-01  -1.790934e+00  -1.808562e+00   3.151260e-04   1.442727e+02   3.718288e-01
    39  -3.235171e+00  -3.253465e+00   5.325779e-04   3.972843e+06   3.856455e-01            nan  -3.791571e+00  -3.804096e+00   4.082538e-05   2.565292e+07   3.908935e-01  -1.754961e+00  -1.772575e+00   3.674284e-04   1.312350e+02   3.649968e-01
    40  -3.197777e+00  -3.216071e+00   5.948242e-04   3.237864e+06   3.844893e-01   4.582223e-01  -3.765786e+00  -3.778487e+00   4.759714e-05   2.469418e+07   3.908321e-01  -1.719005e+00  -1.736611e+00   4.283742e-04   1.193415e+02   3.583744e-01
    41  -3.160383e+00  -3.178677e+00   6.606757e-04   2.625495e+06   3.831226e-01   4.555105e-01  -3.739594e+00  -3.752493e+00   5.548679e-05   2.366717e+07   3.907618e-01  -1.683068e+00  -1.700665e+00   4.993811e-04   1.085252e+02   3.518407e-01
    42  -3.122988e+00  -3.141283e+00   7.304477e-04   2.120807e+06   3.815702e-01   4.522029e-01  -3.712941e+00  -3.726063e+00   6.467734e-05   2.257143e+07   3.906812e-01  -1.647138e+00  -1.664732e+00   5.820960e-04   9.865440e+01   3.454971e-01
    43  -3.085594e+00  -3.103889e+00   8.010121e-04   1.705608e+06   3.797262e-01   4.487611e-01  -3.685765e+00  -3.699140e+00   7.538125e-05   2.140759e+07   3.905883e-01  -1.611219e+00  -1.628807e+00   6.784313e-04   8.967261e+01   3.392333e-01
    44  -3.048200e+00  -3.066495e+00   8.758005e-04   1.368474e+06   3.775704e-01   4.452130e-01  -3.657997e+00  -3.671659e+00   8.784517e-05   2.017771e+07   3.904807e-01  -1.575299e+00  -1.592888e+00   7.906065e-04   8.147287e+01   3.331464e-01
    45  -3.010806e+00  -3.029101e+00   9.530598e-04   1.096709e+06   3.752715e-01   4.412875e-01  -3.629555e+00  -3.643543e+00   1.023551e-04   1.888552e+07   3.903554e-01  -1.539381e+00  -1.556969e+00   9.211963e-04   7.400919e+01   3.271290e-01
    46  -2.973412e+00  -2.991707e+00   1.032786e-03   8.778558e+05   3.724048e-01   4.378048e-01  -3.600346e+00  -3.614705e+00   1.192428e-04   1.753671e+07   3.902086e-01  -1.503455e+00  -1.521047e+00   1.073185e-03   6.719408e+01   3.212752e-01
    47  -2.936018e+00  -2.954313e+00   1.116412e-03   7.028088e+05   3.694481e-01   4.338749e-01  -3.570259e+00  -3.585042e+00   1.388921e-04   1.613927e+07   3.900352e-01  -1.467523e+00  -1.485118e+00   1.250029e-03   6.098804e+01   3.154894e-01
    48  -2.898624e+00  -2.916919e+00   1.201841e-03   5.631949e+05   3.659297e-01   4.305008e-01  -3.539167e+00  -3.554435e+00   1.617478e-04   1.470366e+07   3.898290e-01  -1.431577e+00  -1.449178e+00   1.455730e-03   5.532271e+01   3.098455e-01
    49  -2.861230e+00  -2.879525e+00   1.291921e-03   4.516087e+05   3.623082e-01   4.267965e-01  -3.506918e+00  -3.522743e+00   1.883238e-04   1.324310e+07   3.895815e-01  -1.395617e+00  -1.413225e+00   1.694914e-03   5.016115e+01   3.042750e-01
    50  -2.823836e+00  -2.842131e+00   1.384447e-03   3.630605e+05   3.581058e-01   4.238099e-01  -3.473336e+00  -3.489803e+00   2.192140e-04   1.177359e+07   3.892815e-01  -1.359637e+00  -1.377254e+00   1.972926e-03   4.545172e+01   2.988212e-01
    51  -2.786442e+00  -2.804737e+00   1.481730e-03   2.920245e+05   3.538908e-01   4.204413e-01  -3.438213e+00  -3.455420e+00   2.551039e-04   1.031387e+07   3.889138e-01  -1.323635e+00  -1.341263e+00   2.295935e-03   4.115905e+01   2.934502e-01
    52  -2.749048e+00  -2.767342e+00   1.583066e-03   2.358678e+05   3.490257e-01   4.180990e-01  -3.401303e+00  -3.419366e+00   2.967831e-04   8.885087e+06   3.884576e-01  -1.287609e+00  -1.305248e+00   2.671048e-03   3.724519e+01   2.881696e-01
    53  -2.711654e+00  -2.729948e+00   1.689020e-03   1.905289e+05   3.442466e-01   4.152980e-01  -3.362318e+00  -3.381373e+00   3.451610e-04   7.510175e+06   3.878844e-01  -1.251553e+00  -1.269207e+00   3.106449e-03   3.367623e+01   2.829843e-01
    54  -2.674260e+00  -2.692554e+00   1.800945e-03   1.546343e+05   3.388951e-01   4.135788e-01  -3.320919e+00  -3.341125e+00   4.012824e-04   6.212911e+06   3.871540e-01  -1.215468e+00  -1.233136e+00   3.611542e-03   3.042537e+01   2.778601e-01
    55  -2.636866e+00  -2.655160e+00   1.917695e-03   1.255830e+05   3.335749e-01   4.116048e-01  -3.276712e+00  -3.298253e+00   4.663463e-04   5.016516e+06   3.862097e-01  -1.179347e+00  -1.197032e+00   4.197117e-03   2.746029e+01   2.728438e-01
    56  -2.599471e+00  -2.617766e+00   2.042045e-03   1.023219e+05   3.279823e-01   4.103171e-01  -3.229252e+00  -3.252334e+00   5.417261e-04   3.941902e+06   3.849712e-01  -1.143190e+00  -1.160892e+00   4.875535e-03   2.476076e+01   2.678819e-01
    57  -2.562077e+00  -2.580372e+00   2.172249e-03   8.353705e+04   3.222845e-01   4.091295e-01  -3.178041e+00  -3.202892e+00   6.289911e-04   3.005653e+06   3.833248e-01  -1.106992e+00  -1.124714e+00   5.660920e-03   2.230132e+01   2.630065e-01
    58  -2.524683e+00  -2.542978e+00   2.310870e-03   6.830263e+04   3.165747e-01   4.082803e-01  -3.122560e+00  -3.149415e+00   7.299314e-04   2.217965e+06   3.811119e-01  -1.070753e+00  -1.088495e+00   6.569382e-03   2.006266e+01   2.581964e-01
    59  -2.487289e+00  -2.505584e+00   2.457845e-03   5.601950e+04   3.106942e-01   4.078993e-01  -3.062314e+00  -3.091393e+00   8.465830e-04   1.580987e+06   3.781162e-01  -1.034470e+00  -1.052232e+00   7.619247e-03   1.802663e+01   2.534358e-01
    60  -2.449895e+00  -2.468190e+00   2.614044e-03   4.595277e+04   3.049575e-01   4.074989e-01  -2.996913e+00  -3.028384e+00   9.812558e-04   1.088018e+06   3.740590e-01  -9.981396e-01  -1.015925e+00   8.831303e-03   1.617388e+01   2.487570e-01
    61  -2.412501e+00  -2.430796e+00   2.780491e-03   3.782607e+04   2.990820e-01   4.077118e-01  -2.926194e+00  -2.960116e+00   1.136562e-03   7.240784e+05   3.686136e-01  -9.617616e-01  -9.795698e-01   1.022906e-02   1.449058e+01   2.441244e-01
    62  -2.375107e+00  -2.393402e+00   2.957981e-03   3.114278e+04   2.933575e-01   4.078500e-01  -2.850348e+00  -2.886617e+00   1.315444e-03   4.680344e+05   3.614581e-01  -9.253344e-01  -9.431662e-01   1.183900e-02   1.296189e+01   2.395458e-01
    63  -2.337713e+00  -2.356008e+00   3.147187e-03   2.568661e+04   2.876835e-01   4.083226e-01  -2.770011e+00  -2.808325e+00   1.521208e-03   2.959486e+05   3.523751e-01  -8.888561e-01  -9.067124e-01   1.369088e-02   1.157441e+01   2.350256e-01
    64  -2.300319e+00  -2.318614e+00   3.350034e-03   2.120592e+04   2.821187e-01   4.087651e-01  -2.686232e+00  -2.726104e+00   1.757548e-03   1.847166e+05   3.413703e-01  -8.523274e-01  -8.702078e-01   1.581793e-02   1.031698e+01   2.305389e-01
    65  -2.262925e+00  -2.281219e+00   3.566316e-03   1.752159e+04   2.766914e-01   4.094426e-01  -2.600304e+00  -2.641146e+00   2.028572e-03   1.148435e+05   3.287394e-01  -8.157481e-01  -8.336528e-01   1.825715e-02   9.178220e+00   2.260974e-01
    66  -2.225531e+00  -2.243825e+00   3.798707e-03   1.449304e+04   2.713922e-01   4.100811e-01  -2.513514e+00  -2.554745e+00   2.338830e-03   7.166074e+04   3.150208e-01  -7.791184e-01  -7.970472e-01   2.104947e-02   8.148123e+00   2.216980e-01
    67  -2.188137e+00  -2.206431e+00   4.047071e-03   1.199300e+04   2.662539e-01   4.108855e-01  -2.426934e+00  -2.468070e+00   2.693323e-03   4.510139e+04   3.008494e-01  -7.424409e-01  -7.603926e-01   2.423991e-02   7.217929e+00   2.173210e-01
    68  -2.150743e+00  -2.169037e+00   4.313791e-03   9.933162e+03   2.612863e-01   4.116464e-01  -2.341322e+00  -2.382022e+00   3.097518e-03   2.870222e+04   2.867982e-01  -7.057185e-01  -7.236916e-01   2.787766e-02   6.379136e+00   2.129683e-01
    69  -2.113348e+00  -2.131643e+00   4.599692e-03   8.229774e+03   2.564731e-01   4.125059e-01  -2.257140e+00  -2.297195e+00   3.557342e-03   1.848195e+04   2.732853e-01  -6.689542e-01  -6.869474e-01   3.201608e-02   5.623864e+00   2.086432e-01
    70  -2.075954e+00  -2.094249e+00   4.906533e-03   6.822550e+03   2.518706e-01   4.132707e-01  -2.174618e+00  -2.213922e+00   4.079169e-03   1.203678e+04   2.605580e-01  -6.321534e-01  -6.501641e-01   3.671252e-02   4.945253e+00   2.043292e-01
    71  -2.038560e+00  -2.056855e+00   5.236164e-03   5.658093e+03   2.474172e-01   4.140848e-01  -2.093833e+00  -2.132350e+00   4.669785e-03   7.921657e+03   2.487233e-01  -5.953237e-01  -6.133483e-01   4.202806e-02   4.336901e+00   2.000124e-01
    72  -2.001166e+00  -2.019461e+00   5.589886e-03   4.693861e+03   2.431822e-01   4.148074e-01  -2.014778e+00  -2.052509e+00   5.336336e-03   5.262879e+03   2.377933e-01  -5.584729e-01  -5.765076e-01   4.802703e-02   3.792588e+00   1.957041e-01
    73  -1.963772e+00  -1.982067e+00   5.970379e-03   3.895652e+03   2.391013e-01   4.155200e-01  -1.937404e+00  -1.974370e+00   6.086254e-03   3.526280e+03   2.277250e-01  -5.216109e-01  -5.396509e-01   5.477629e-02   3.306852e+00   1.913906e-01
    74  -1.926378e+00  -1.944673e+00   6.378841e-03   3.233816e+03   2.352331e-01   4.161546e-01  -1.861647e+00  -1.897876e+00   6.927149e-03   2.380876e+03   2.184488e-01  -4.847505e-01  -5.027897e-01   6.234434e-02   2.874604e+00   1.870589e-01
    75  -1.888984e+00  -1.907279e+00   6.818504e-03   2.685648e+03   2.315235e-01   4.167381e-01  -1.787447e+00  -1.822964e+00   7.866679e-03   1.618770e+03   2.098869e-01  -4.479069e-01  -4.659381e-01   7.080011e-02   2.491095e+00   1.827003e-01
    76  -1.851590e+00  -1.869885e+00   7.290870e-03   2.230759e+03   2.280179e-01   4.172459e-01  -1.714749e+00  -1.749579e+00   8.912390e-03   1.107686e+03   2.019632e-01  -4.110964e-01  -4.291117e-01   8.021151e-02   2.151800e+00   1.783197e-01
    77  -1.814196e+00  -1.832491e+00   7.799475e-03   1.853824e+03   2.246708e-01   4.176901e-01  -1.643512e+00  -1.677671e+00   1.007152e-02   7.624780e+02   1.946080e-01  -3.743383e-01  -3.923285e-01   9.064369e-02   1.852644e+00   1.739050e-01
    78  -1.776802e+00  -1.795096e+00   8.346486e-03   1.540821e+03   2.215200e-01   4.180492e-01  -1.573701e+00  -1.607205e+00   1.135078e-02   5.277672e+02   1.877598e-01  -3.376550e-01  -3.556094e-01   1.021570e-01   1.589816e+00   1.694456e-01
    79  -1.739408e+00  -1.757702e+00   8.935619e-03   1.281378e+03   2.185236e-01   4.183604e-01  -1.505292e+00  -1.538151e+00   1.275612e-02   3.672020e+02   1.813651e-01  -3.010718e-01  -3.189783e-01   1.148050e-01   1.359753e+00   1.649348e-01
    80  -1.702014e+00  -1.720308e+00   9.569941e-03   1.065781e+03   2.157171e-01   4.185611e-01  -1.438264e+00  -1.470486e+00   1.429243e-02   2.567242e+02   1.753782e-01  -2.646155e-01  -2.824612e-01   1.286319e-01   1.159091e+00   1.603778e-01
    81  -1.664620e+00  -1.682914e+00   1.025344e-02   8.870559e+02   2.130574e-01   4.187412e-01  -1.372599e+00  -1.404191e+00   1.596333e-02   1.802940e+02   1.697599e-01  -2.283157e-01  -2.460864e-01   1.436700e-01   9.847663e-01   1.557675e-01
    82  -1.627225e+00  -1.645520e+00   1.099011e-02   7.383929e+02   2.105830e-01   4.187839e-01  -1.308282e+00  -1.339251e+00   1.777087e-02   1.271446e+02   1.644761e-01  -1.922048e-01  -2.098850e-01   1.599378e-01   8.339328e-01   1.510987e-01
    83  -1.589831e+00  -1.608126e+00   1.178462e-02   6.151661e+02   2.082445e-01   4.188373e-01  -1.245294e+00  -1.275647e+00   1.971527e-02   9.000320e+01   1.594975e-01  -1.563171e-01  -1.738904e-01   1.774374e-01   7.039451e-01   1.463739e-01
    84  -1.552437e+00  -1.570732e+00   1.264158e-02   5.125310e+02   2.060878e-01   4.187262e-01  -1.183616e+00  -1.213361e+00   2.179475e-02   6.392799e+01   1.547982e-01  -1.206877e-01  -1.381372e-01   1.961527e-01   5.923593e-01   1.416012e-01
    85  -1.515043e+00  -1.533338e+00   1.356724e-02   4.274237e+02   2.040604e-01   4.186354e-01  -1.123222e+00  -1.152370e+00   2.400535e-02   4.554213e+01   1.503562e-01  -8.535336e-02  -1.026613e-01   2.160481e-01   4.969618e-01   1.367817e-01
    86  -1.477649e+00  -1.495944e+00   1.456604e-02   3.565249e+02   2.021976e-01   4.184009e-01  -1.064083e+00  -1.092647e+00   2.634082e-02   3.252599e+01   1.461514e-01  -5.035158e-02  -6.749995e-02   2.370673e-01   4.157296e-01   1.319202e-01
    87  -1.440255e+00  -1.458550e+00   1.564739e-02   2.976446e+02   2.004640e-01   4.181638e-01  -1.006165e+00  -1.034159e+00   2.879262e-02   2.327727e+01   1.421651e-01  -1.571858e-02  -3.268994e-02   2.591336e-01   3.468103e-01   1.270360e-01
    88  -1.402861e+00  -1.421156e+00   1.681407e-02   2.486157e+02   1.988717e-01   4.178167e-01  -9.494245e-01  -9.768687e-01   3.134998e-02   1.668367e+01   1.383817e-01   1.850945e-02   1.732553e-03   2.821498e-01   2.885625e-01   1.221364e-01
    89  -1.365467e+00  -1.383762e+00   1.807931e-02   2.078032e+02   1.974087e-01   4.174293e-01  -8.938134e-01  -9.207294e-01   3.400006e-02   1.196937e+01   1.347865e-01   5.229778e-02   3.573213e-02   3.060005e-01   2.395094e-01   1.172357e-01
    90  -1.328073e+00  -1.346368e+00   1.944730e-02   1.738477e+02   1.960592e-01   4.169750e-01  -8.392753e-01  -8.656888e-01   3.672816e-02   8.590400e+00   1.313656e-01   8.561459e-02   6.927559e-02   3.305535e-01   1.983343e-01   1.123548e-01
    91  -1.290679e+00  -1.308973e+00   2.093092e-02   1.454956e+02   1.948381e-01   4.164297e-01  -7.857466e-01  -8.116868e-01   3.951809e-02   6.163851e+00   1.281072e-01   1.184298e-01   1.023321e-01   3.556628e-01   1.638883e-01   1.075055e-01
    92  -1.253285e+00  -1.271579e+00   2.254128e-02   1.219151e+02   1.937042e-01   4.158653e-01  -7.331552e-01  -7.586553e-01   4.235249e-02   4.418725e+00   1.249996e-01   1.507179e-01   1.348739e-01   3.811724e-01   1.351522e-01   1.027124e-01
    93  -1.215891e+00  -1.234185e+00   2.428580e-02   1.021894e+02   1.926815e-01   4.151559e-01  -6.814207e-01  -7.065180e-01   4.521329e-02   3.162620e+00   1.220327e-01   1.824563e-01   1.668770e-01   4.069196e-01   1.112499e-01   9.798971e-02
    94  -1.178497e+00  -1.196791e+00   2.618589e-02   8.574284e+01   1.917379e-01   4.144604e-01  -6.304539e-01  -6.551901e-01   4.808216e-02   2.258291e+00   1.191971e-01   2.136267e-01   1.983211e-01   4.327394e-01   9.141810e-02   9.335749e-02
    95  -1.141102e+00  -1.159397e+00   2.824618e-02   7.201076e+01   1.908555e-01   4.136387e-01  -5.801548e-01  -6.045766e-01   5.094094e-02   1.607444e+00   1.164838e-01   2.442150e-01   2.291901e-01   4.584685e-01   7.500368e-02   8.883140e-02
    96  -1.103708e+00  -1.122003e+00   3.048991e-02   6.050368e+01   1.900526e-01   4.127636e-01  -5.304152e-01  -5.545733e-01   5.377208e-02   1.139630e+00   1.138862e-01   2.742113e-01   2.594721e-01   4.839488e-01   6.144748e-02   8.442697e-02
    97  -1.066314e+00  -1.084609e+00   3.293833e-02   5.089829e+01   1.892740e-01   4.118058e-01  -4.811134e-01  -5.050651e-01   5.655903e-02   8.039816e-01   1.113976e-01   3.036102e-01   2.891595e-01   5.090312e-01   5.027433e-02   8.015780e-02
    98  -1.028920e+00  -1.047215e+00   3.559625e-02   4.284067e+01   1.885346e-01   4.107164e-01  -4.321145e-01  -4.559233e-01   5.928652e-02   5.638091e-01   1.090141e-01   3.324098e-01   3.182487e-01   5.335787e-01   4.108259e-02   7.603461e-02
    99  -9.915261e-01  -1.009821e+00   3.850210e-02   3.608440e+01   1.878167e-01   4.095741e-01  -3.832717e-01  -4.070068e-01   6.194091e-02   3.926180e-01   1.067321e-01   3.606127e-01   3.467402e-01   5.574682e-01   3.353339e-02   7.206716e-02
   100  -9.541321e-01  -9.724267e-01   4.167648e-02   3.042804e+01   1.870738e-01   4.083041e-01  -3.344200e-01  -3.581593e-01   6.451030e-02   2.711523e-01   1.045505e-01   3.882246e-01   3.746380e-01   5.805927e-01   2.734308e-02   6.826136e-02
   101  -9.167380e-01  -9.350327e-01   4.513299e-02   2.566471e+01   1.863351e-01   4.069088e-01  -2.853743e-01  -3.092051e-01   6.698469e-02   1.854670e-01   1.024730e-01   4.152547e-01   4.019499e-01   6.028622e-01   2.227389e-02   6.462276e-02
   102  -8.793439e-01  -8.976386e-01   4.891900e-02   2.166266e+01   1.855567e-01   4.053948e-01  -2.359360e-01  -2.599520e-01   6.935597e-02   1.254764e-01   1.005020e-01   4.417149e-01   4.286863e-01   6.242038e-01   1.812839e-02   6.115279e-02
   103  -8.419498e-01  -8.602445e-01   5.306419e-02   1.830096e+01   1.847029e-01   4.037133e-01  -1.858824e-01  -2.101885e-01   7.161799e-02   8.383226e-02   9.864570e-02   4.676200e-01   4.548606e-01   6.445619e-01   1.474193e-02   5.785329e-02
   104  -8.045557e-01  -8.228504e-01   5.758299e-02   1.546306e+01   1.837978e-01   4.018681e-01  -1.349748e-01  -1.596831e-01   7.376638e-02   5.522868e-02   9.691574e-02   4.929866e-01   4.804885e-01   6.638974e-01   1.197876e-02   5.472186e-02
   105  -7.671617e-01  -7.854564e-01   6.253786e-02   1.306990e+01   1.828052e-01   3.998354e-01  -8.297231e-02  -1.081957e-01   7.579851e-02   3.583436e-02   9.531714e-02   5.178338e-01   5.055879e-01   6.821866e-01   9.726086e-03   5.175745e-02
   106  -7.297676e-01  -7.480623e-01   6.797244e-02   1.105293e+01   1.816879e-01   3.975693e-01  -2.963897e-02  -5.548746e-02   7.771330e-02   2.287549e-02   9.385635e-02   5.421814e-01   5.301782e-01   6.994197e-01   7.891446e-03   4.895497e-02
   107  -6.923735e-01  -7.106682e-01   7.390599e-02   9.348437e+00   1.804485e-01   3.950601e-01   2.518795e-02  -1.360890e-03   7.951106e-02   1.437500e-02   9.249999e-02   5.660514e-01   5.542804e-01   7.155996e-01   6.398328e-03   4.631093e-02
   108  -6.549794e-01  -6.732741e-01   8.040385e-02   7.904170e+00   1.790921e-01   3.922670e-01   8.155045e-02   5.428290e-02   8.119333e-02   8.909244e-03   9.117811e-02   5.894662e-01   5.779166e-01   7.307399e-01   5.184181e-03   4.381904e-02
   109  -6.175854e-01  -6.358801e-01   8.752751e-02   6.683282e+00   1.775673e-01   3.891342e-01   1.392507e-01   1.113582e-01   8.276263e-02   5.473177e-03   8.972379e-02   6.124493e-01   6.011098e-01   7.448636e-01   4.197549e-03   4.147364e-02
   110  -5.801913e-01  -5.984860e-01   9.533385e-02   5.649989e+00   1.758639e-01   3.856249e-01   1.977342e-01   1.694762e-01   8.422234e-02   3.361966e-03   8.784989e-02   6.350245e-01   6.238836e-01   7.580011e-01   3.396352e-03   3.926819e-02
   111  -5.427972e-01  -5.610919e-01   1.038420e-01   4.773189e+00   1.739950e-01   3.816953e-01   2.560840e-01   2.278883e-01   8.557652e-02   2.088130e-03   8.521247e-02   6.572160e-01   6.462620e-01   7.701887e-01   2.746187e-03   3.719561e-02
   112  -5.054031e-01  -5.236978e-01   1.131521e-01   4.029120e+00   1.719430e-01   3.772559e-01   3.131834e-01   2.855714e-01   8.682971e-02   1.325734e-03   8.156748e-02   6.790482e-01   6.682693e-01   7.814674e-01   2.218898e-03   3.524951e-02
   113  -4.680091e-01  -4.863038e-01   1.233295e-01   3.398350e+00   1.696805e-01   3.722356e-01   3.680236e-01   3.414685e-01   8.798682e-02   8.662772e-04   7.694714e-02   7.005455e-01   6.899299e-01   7.918814e-01   1.791557e-03   3.342251e-02
   114  -4.306150e-01  -4.489097e-01   1.344414e-01   2.863323e+00   1.672052e-01   3.665753e-01   4.199529e-01   3.947639e-01   8.905301e-02   5.833304e-04   7.166047e-02   7.217319e-01   7.112679e-01   8.014771e-01   1.445437e-03   3.170788e-02
   115  -3.932209e-01  -4.115156e-01   1.465162e-01   2.409036e+00   1.645244e-01   3.601790e-01   4.687238e-01   4.450226e-01   9.003354e-02   4.036627e-04   6.611806e-02   7.426313e-01   7.323073e-01   8.103019e-01   1.165286e-03   3.009887e-02
   116  -3.558268e-01  -3.741215e-01   1.596531e-01   2.023314e+00   1.616335e-01   3.528901e-01   5.143911e-01   4.921574e-01   9.093373e-02   2.857857e-04   6.066430e-02   7.632671e-01   7.530718e-01   8.184036e-01   9.386921e-04   2.858866e-02
   117  -3.184328e-01  -3.367274e-01   1.739253e-01   1.696357e+00   1.585141e-01   3.446166e-01   5.571737e-01   5.363090e-01   9.175884e-02   2.061109e-04   5.551612e-02   7.836622e-01   7.735844e-01   8.258295e-01   7.555415e-04   2.717101e-02
   118  -2.810387e-01  -2.993334e-01   1.893975e-01   1.419328e+00   1.551703e-01   3.352611e-01   5.973548e-01   5.777288e-01   9.251402e-02   1.508788e-04   5.077481e-02   8.038388e-01   7.938676e-01   8.326262e-01   6.076160e-04   2.583973e-02
   119  -2.436446e-01  -2.619393e-01   2.060970e-01   1.184732e+00   1.516081e-01   3.246895e-01   6.352283e-01   6.167043e-01   9.320429e-02   1.117770e-04   4.647040e-02   8.238182e-01   8.139434e-01   8.388386e-01   4.882347e-04   2.458882e-02
   120  -2.062505e-01  -2.245452e-01   2.240909e-01   9.861873e-01   1.478351e-01   3.125912e-01   6.710724e-01   6.535201e-01   9.383445e-02   8.361013e-05   4.259411e-02   8.436214e-01   8.338327e-01   8.445100e-01   3.919651e-04   2.341277e-02
   121  -1.688564e-01  -1.871511e-01   2.434449e-01   8.185923e-01   1.438435e-01   2.989290e-01   7.051325e-01   6.884363e-01   9.440910e-02   6.304320e-05   3.911518e-02   8.632680e-01   8.535558e-01   8.496819e-01   3.143979e-04   2.230628e-02
   122  -1.314624e-01  -1.497571e-01   2.641958e-01   6.773447e-01   1.396447e-01   2.835998e-01   7.376258e-01   7.216829e-01   9.493262e-02   4.784848e-05   3.599648e-02   8.827770e-01   8.731320e-01   8.543935e-01   2.519543e-04   2.126428e-02
   123  -9.406829e-02  -1.123630e-01   2.863214e-01   5.585204e-01   1.352501e-01   2.663937e-01   7.687415e-01   7.534623e-01   9.540910e-02   3.651436e-05   3.320047e-02   9.021663e-01   8.925799e-01   8.586819e-01   2.017302e-04   2.028210e-02
   124  -5.667422e-02  -7.496891e-02   3.098614e-01   4.587968e-01   1.306696e-01   2.469973e-01   7.986432e-01   7.839497e-01   9.584241e-02   2.799273e-05   3.068973e-02   9.214530e-01   9.119167e-01   8.625817e-01   1.613706e-04   1.935542e-02
   125  -1.928014e-02  -3.757483e-02   3.348225e-01   3.753604e-01   1.259177e-01   2.256498e-01   8.274737e-01   8.132977e-01   9.623618e-02   2.154150e-05   2.843190e-02   9.406531e-01   9.311591e-01   8.661256e-01   1.289685e-04   1.848012e-02
   126   1.811394e-02  -1.807566e-04   3.611493e-01   3.057566e-01   1.210107e-01   2.022813e-01   8.553571e-01   8.416391e-01   9.659376e-02   1.662996e-05   2.639664e-02   9.597815e-01   9.503226e-01   8.693438e-01   1.029795e-04   1.765241e-02
   127   5.550801e-02   3.721332e-02   3.886963e-01   2.478402e-01   1.159569e-01   1.767866e-01   8.824019e-01   8.690900e-01   9.691827e-02   1.287255e-05   2.455793e-02   9.788522e-01   9.694215e-01   8.722644e-01   8.215400e-05   1.686880e-02
   128   9.290209e-02   7.460740e-02   4.174717e-01   1.998147e-01   1.107746e-01   1.496479e-01   9.087040e-01   8.957520e-01   9.721261e-02   9.985926e-06   2.289281e-02   9.978782e-01   9.884694e-01   8.749135e-01   6.548190e-05   1.612611e-02
   129   1.302962e-01   1.120015e-01   4.473503e-01   1.602078e-01   1.055026e-01   1.208167e-01   9.343471e-01   9.217148e-01   9.747945e-02   7.761002e-06   2.138074e-02   1.016872e+00   1.007479e+00   8.773151e-01   5.214760e-05   1.542138e-02
   130   1.676902e-01   1.493955e-01   4.782007e-01   1.277071e-01   1.001665e-01   9.208163e-02   9.594057e-01   9.470572e-01   9.772124e-02   6.040887e-06   2.000438e-02   1.035844e+00   1.026461e+00   8.794912e-01   4.149294e-05   1.475190e-02
   131   2.050843e-01   1.867896e-01   5.098964e-01   1.011625e-01   9.480025e-02   6.319057e-02   9.839461e-01   9.718492e-01   9.794025e-02   4.707757e-06   1.874820e-02   1.054804e+00   1.045428e+00   8.814623e-01   3.298737e-05   1.411521e-02
   132   2.424784e-01   2.241837e-01   5.422265e-01   7.960227e-02   8.943743e-02   3.442196e-02   1.008027e+00   9.961532e-01   9.813854e-02   3.672550e-06   1.759859e-02   1.073763e+00   1.064387e+00   8.832469e-01   2.620365e-05   1.350907e-02
   133   2.798725e-01   2.615778e-01   5.747771e-01   6.218049e-02   8.408970e-02   9.082735e-03   1.031699e+00   1.020024e+00   9.831802e-02   2.867276e-06   1.654390e-02   1.092729e+00   1.083350e+00   8.848622e-01   2.079812e-05   1.293145e-02
   134   3.172666e-01   2.989719e-01   6.074426e-01   4.816139e-02   7.878463e-02  -1.534132e-02   1.055011e+00   1.043512e+00   9.848042e-02   2.239977e-06   1.557382e-02   1.111709e+00   1.102322e+00   8.863237e-01   1.649463e-05   1.238048e-02
   135   3.546606e-01   3.363659e-01   6.400424e-01   3.700709e-02   7.358142e-02  -3.702695e-02   1.078004e+00   1.066660e+00   9.862732e-02   1.750768e-06   1.467925e-02   1.130710e+00   1.121313e+00   8.876458e-01   1.307150e-05   1.185447e-02
   136   3.920547e-01   3.737600e-01   6.721762e-01   2.820098e-02   6.850665e-02  -5.405777e-02   1.100715e+00   1.089508e+00   9.876016e-02   1.368917e-06   1.385227e-02   1.149739e+00   1.140328e+00   8.888415e-01   1.035096e-05   1.135190e-02
   137   4.294488e-01   4.111541e-01   7.034612e-01   2.126679e-02   6.356214e-02  -6.933674e-02   1.123178e+00   1.112092e+00   9.888027e-02   1.070636e-06   1.308600e-02   1.168801e+00   1.159374e+00   8.899225e-01   8.190607e-06   1.087137e-02
   138   4.668429e-01   4.485482e-01   7.339371e-01   1.588912e-02   5.880718e-02  -8.202881e-02   1.145421e+00   1.134442e+00   9.898885e-02   8.375012e-07   1.237437e-02   1.187902e+00   1.178456e+00   8.908996e-01   6.476492e-06   1.041162e-02
   139   5.042369e-01   4.859422e-01   7.628496e-01   1.174772e-02   5.424931e-02  -9.128303e-02   1.167473e+00   1.156587e+00   9.908698e-02   6.552039e-07   1.171199e-02   1.207045e+00   1.197579e+00   8.917828e-01   5.117522e-06   9.971483e-03
   140   5.416310e-01   5.233363e-01   7.904835e-01   8.590908e-03   4.991092e-02  -9.834888e-02   1.189356e+00   1.178552e+00   9.917565e-02   5.126121e-07   1.109417e-02   1.226236e+00   1.216746e+00   8.925808e-01   4.040953e-06   9.549919e-03
   141   5.790251e-01   5.607304e-01   8.161181e-01   6.212757e-03   4.581186e-02  -1.036955e-01   1.211094e+00   1.200361e+00   9.925576e-02   4.010534e-07   1.051674e-02   1.245477e+00   1.235963e+00   8.933019e-01   3.188747e-06   9.145962e-03
   142   6.164192e-01   5.981245e-01   8.400181e-01   4.442134e-03   4.196304e-02  -1.074128e-01   1.232704e+00   1.222033e+00   9.932813e-02   3.137605e-07   9.976089e-03   1.264771e+00   1.255231e+00   8.939532e-01   2.514642e-06   8.758730e-03
   143   6.538132e-01   6.355185e-01   8.618377e-01   3.137481e-03   3.836919e-02  -1.097038e-01   1.254204e+00   1.243587e+00   9.939350e-02   2.454493e-07   9.468977e-03   1.284121e+00   1.274554e+00   8.945415e-01   1.981801e-06   8.387415e-03
   144   6.912073e-01   6.729126e-01   8.815145e-01   2.190915e-03   3.503806e-02  -1.106188e-01   1.275610e+00   1.265039e+00   9.945254e-02   1.919907e-07   8.992553e-03   1.303529e+00   1.293934e+00   8.950729e-01   1.560916e-06   8.031272e-03
   145   7.286014e-01   7.103067e-01   8.991540e-01   1.512066e-03   3.196581e-02  -1.103048e-01   1.296935e+00   1.286403e+00   9.950586e-02   1.501562e-07   8.544281e-03   1.322997e+00   1.313372e+00   8.955527e-01   1.228691e-06   7.689616e-03
   146   7.659955e-01   7.477008e-01   9.147600e-01   1.031040e-03   2.914739e-02  -1.088497e-01   1.318191e+00   1.307693e+00   9.955400e-02   1.174204e-07   8.121911e-03   1.342527e+00   1.332872e+00   8.959860e-01   9.666230e-07   7.361811e-03
   147   8.033895e-01   7.850949e-01   9.283814e-01   6.953715e-04   2.657433e-02  -1.062577e-01   1.339390e+00   1.328920e+00   9.959747e-02   9.180660e-08   7.723440e-03   1.362118e+00   1.352433e+00   8.963772e-01   7.600313e-07   7.047267e-03
   148   8.407836e-01   8.224889e-01   9.401017e-01   4.640780e-04   2.423347e-02  -1.025682e-01   1.360542e+00   1.350095e+00   9.963672e-02   7.176790e-08   7.347080e-03   1.381773e+00   1.372057e+00   8.967304e-01   5.972745e-07   6.745438e-03
   149   8.781777e-01   8.598830e-01   9.501479e-01   3.067122e-04   2.211019e-02  -9.799156e-02   1.381655e+00   1.371227e+00   9.967214e-02   5.609307e-08   6.991230e-03   1.401491e+00   1.391744e+00   8.970493e-01   4.691303e-07   6.455814e-03
   150   9.155718e-01   8.972771e-01   9.586746e-01   2.009217e-04   2.018757e-02  -9.264319e-02   1.402737e+00   1.392324e+00   9.970413e-02   4.383378e-08   6.654457e-03   1.421272e+00   1.411494e+00   8.973371e-01   3.682979e-07   6.177918e-03
   151   9.529659e-01   9.346712e-01   9.658548e-01   1.305856e-04   1.844793e-02  -8.668751e-02   1.423795e+00   1.413394e+00   9.973300e-02   3.424754e-08   6.335473e-03   1.441117e+00   1.431308e+00   8.975970e-01   2.890021e-07   5.911304e-03
   152   9.903599e-01   9.720652e-01   9.718588e-01   8.430532e-05   1.687369e-02  -8.029991e-02   1.444834e+00   1.434442e+00   9.975905e-02   2.675294e-08   6.033119e-03   1.461024e+00   1.451184e+00   8.978315e-01   2.266779e-07   5.655555e-03
   153   1.027754e+00   1.009459e+00   9.768507e-01   5.411805e-05   1.544783e-02  -7.375432e-02   1.465860e+00   1.455475e+00   9.978257e-02   2.089477e-08   5.746347e-03   1.480993e+00   1.471123e+00   8.980432e-01   1.777195e-07   5.410279e-03
   154   1.065148e+00   1.046853e+00   9.809806e-01   3.458285e-05   1.415450e-02  -6.715697e-02   1.486877e+00   1.476496e+00   9.980380e-02   1.631668e-08   5.474209e-03   1.501022e+00   1.491123e+00   8.982342e-01   1.392808e-07   5.175109e-03
   155   1.102542e+00   1.084247e+00   9.843875e-01   2.201987e-05   1.297941e-02  -6.073644e-02   1.507888e+00   1.497510e+00   9.982296e-02   1.273972e-08   5.215846e-03   1.521110e+00   1.511182e+00   8.984066e-01   1.091167e-07   4.949700e-03
   156   1.139936e+00   1.121642e+00   9.871874e-01   1.398289e-05   1.190982e-02  -5.460172e-02   1.528897e+00   1.518520e+00   9.984025e-02   9.945557e-09   4.970481e-03   1.541256e+00   1.531300e+00   8.985622e-01   8.545755e-08   4.733729e-03
   157   1.177330e+00   1.159036e+00   9.894856e-01   8.862291e-06   1.093453e-02  -4.881325e-02   1.549904e+00   1.539527e+00   9.985585e-02   7.763361e-09   4.737407e-03   1.561455e+00   1.551473e+00   8.987027e-01   6.690930e-08   4.526894e-03
   158   1.214724e+00   1.196430e+00   9.913700e-01   5.609657e-06   1.004382e-02  -4.348237e-02   1.570912e+00   1.560535e+00   9.986993e-02   6.059463e-09   4.515982e-03   1.581706e+00   1.571699e+00   8.988294e-01   5.237442e-08   4.328914e-03
   159   1.252118e+00   1.233824e+00   9.929132e-01   3.548256e-06   9.229136e-03  -3.861316e-02   1.591921e+00   1.581543e+00   9.988264e-02   4.729306e-09   4.305625e-03   1.602005e+00   1.591974e+00   8.989438e-01   4.098939e-08   4.139527e-03
   160   1.289513e+00   1.271218e+00   9.941764e-01   2.243786e-06   8.483062e-03  -3.418921e-02   1.612930e+00   1.602552e+00   9.989411e-02   3.691124e-09   4.105808e-03   1.622348e+00   1.612296e+00   8.990470e-01   3.207525e-08   3.958493e-03
   161   1.326907e+00   1.308612e+00   9.952113e-01   1.419031e-06   7.799124e-03  -3.020327e-02   1.633938e+00   1.623561e+00   9.990446e-02   2.880983e-09   3.916054e-03   1.642729e+00   1.632658e+00   8.991401e-01   2.509839e-08   3.785591e-03
   162   1.364301e+00   1.346006e+00   9.960595e-01   8.977720e-07   7.171668e-03  -2.666374e-02   1.654942e+00   1.644567e+00   9.991379e-02   2.248908e-09   3.735936e-03   1.663143e+00   1.653056e+00   8.992241e-01   1.963972e-08   3.620625e-03
   163   1.401695e+00   1.383400e+00   9.967548e-01   5.683412e-07   6.595660e-03  -2.350913e-02   1.675940e+00   1.665568e+00   9.992222e-02   1.755841e-09   3.565068e-03   1.683582e+00   1.673483e+00   8.993000e-01   1.537027e-08   3.463418e-03
   164   1.439089e+00   1.420794e+00   9.973223e-01   3.600796e-07   6.066670e-03  -2.070094e-02   1.696925e+00   1.686559e+00   9.992982e-02   1.371269e-09   3.403112e-03   1.704039e+00   1.693931e+00   8.993684e-01   1.203192e-08   3.313818e-03
   165   1.476483e+00   1.458188e+00   9.977887e-01   2.283460e-07   5.580767e-03  -1.820539e-02   1.717892e+00   1.707535e+00   9.993668e-02   1.071353e-09   3.249769e-03   1.724503e+00   1.714392e+00   8.994301e-01   9.422270e-09   3.171700e-03
   166   1.513877e+00   1.495582e+00   9.981724e-01   1.449569e-07   5.134457e-03  -1.599645e-02   1.738833e+00   1.728489e+00   9.994287e-02   8.374795e-10   3.104783e-03   1.744963e+00   1.734854e+00   8.994858e-01   7.382684e-09   3.036963e-03
   167   1.551271e+00   1.532976e+00   9.984886e-01   9.212415e-08   4.724625e-03  -1.404185e-02   1.759738e+00   1.749411e+00   9.994845e-02   6.551160e-10   2.967940e-03   1.765405e+00   1.755304e+00   8.995361e-01   5.788882e-09   2.909537e-03
   168   1.588665e+00   1.570370e+00   9.987493e-01   5.861933e-08   4.348514e-03  -1.228972e-02   1.780593e+00   1.770290e+00   9.995349e-02   5.129189e-10   2.839065e-03   1.785813e+00   1.775729e+00   8.995814e-01   4.543549e-09   2.789383e-03
   169   1.626059e+00   1.607765e+00   9.989645e-01   3.734896e-08   4.003711e-03  -1.069627e-02   1.801383e+00   1.791112e+00   9.995804e-02   4.020362e-10   2.718028e-03   1.806167e+00   1.796109e+00   8.996223e-01   3.570521e-09   2.676491e-03
   170   1.663453e+00   1.645159e+00   9.991425e-01   2.382919e-08   3.688064e-03  -9.220508e-03   1.822092e+00   1.811861e+00   9.996214e-02   3.155624e-10   2.604738e-03   1.826446e+00   1.816425e+00   8.996593e-01   2.810209e-09   2.570890e-03
   171   1.700847e+00   1.682553e+00   9.992888e-01   1.522582e-08   3.399758e-03  -7.857768e-03   1.842696e+00   1.832516e+00   9.996584e-02   2.481113e-10   2.499149e-03   1.846623e+00   1.836651e+00   8.996926e-01   2.216013e-09   2.472642e-03
   172   1.738241e+00   1.719947e+00   9.994102e-01   9.744408e-09   3.137253e-03  -6.541076e-03   1.863170e+00   1.853054e+00   9.996918e-02   1.954828e-10   2.401257e-03   1.866669e+00   1.856762e+00   8.997226e-01   1.751508e-09   2.381846e-03
   173   1.775636e+00   1.757341e+00   9.995111e-01   6.247708e-09   2.899333e-03  -5.207596e-03   1.883485e+00   1.873446e+00   9.997219e-02   1.544026e-10   2.311100e-03   1.886549e+00   1.876723e+00   8.997498e-01   1.388230e-09   2.298636e-03
   174   1.813030e+00   1.794735e+00   9.995952e-01   4.014399e-09   2.685295e-03  -3.737581e-03   1.903607e+00   1.893662e+00   9.997491e-02   1.223187e-10   2.228754e-03   1.906225e+00   1.896499e+00   8.997742e-01   1.103945e-09   2.223182e-03
   175   1.850424e+00   1.832129e+00   9.996654e-01   2.586126e-09   2.494934e-03  -1.966543e-03   1.923496e+00   1.913665e+00   9.997737e-02   9.724220e-11   2.154340e-03   1.925654e+00   1.916048e+00   8.997963e-01   8.812934e-10   2.155684e-03
   176   1.887818e+00   1.869523e+00   9.997241e-01   1.671210e-09   2.328295e-03   4.022575e-05   1.943109e+00   1.933413e+00   9.997958e-02   7.762247e-11   2.088043e-03   1.944788e+00   1.935326e+00   8.998162e-01   7.067234e-10   2.096373e-03
   177   1.925212e+00   1.906917e+00   9.997734e-01   1.084135e-09   2.186196e-03   2.574092e-03   1.962404e+00   1.952864e+00   9.998158e-02   6.224306e-11   2.030380e-03   1.963577e+00   1.954284e+00   8.998342e-01   5.696390e-10   2.045579e-03
   178   1.962606e+00   1.944311e+00   9.998149e-01   7.066527e-10   2.070532e-03   5.804745e-03   1.981351e+00   1.971981e+00   9.998338e-02   5.011292e-11   1.983802e-03   1.981976e+00   1.972874e+00   8.998504e-01   4.615766e-10   2.004542e-03
   179   2.000000e+00   1.981705e+00   9.998500e-01   4.620729e-10   1.990682e-03   8.214213e-03   2.000000e+00   1.990775e+00   9.998500e-02   4.034258e-11   1.957799e-03   2.000000e+00   1.991082e+00   8.998650e-01   3.748917e-10   1.980551e-03
