     i          log_r       log_rmid          m_tot        rho_tot         v2_tot            eta     lgr[heavy]    lgrm[heavy]       m[heavy]     rho[heavy]      v2[heavy]     lgr[light]    lgrm[light]       m[light]     rho[light]      v2[light]
     0  -4.663764e+00  -4.964794e+00   1.035130e-07   2.960815e+07   2.914500e-01            nan  -4.663764e+00  -4.964794e+00   9.998500e-08   2.939997e+07   2.885231e-01  -3.147451e+00  -3.448481e+00   8.998650e-07   7.475677e+03   5.503499e-01
     1  -4.626536e+00  -4.644751e+00   1.330857e-07   2.923983e+07   2.898550e-01            nan  -4.641239e+00  -4.652355e+00   1.166721e-07   2.914597e+07   2.885132e-01  -3.105217e+00  -3.125821e+00   1.050049e-06   3.683077e+03   5.221303e-01
     2  -4.589308e+00  -4.607523e+00   1.711908e-07   2.918340e+07   2.897370e-01            nan  -4.618721e+00  -4.629834e+00   1.361439e-07   2.911845e+07   2.885121e-01  -3.063496e+00  -3.083856e+00   1.225295e-06   3.255714e+03   5.165359e-01
     3  -4.552080e+00  -4.570295e+00   2.202883e-07   2.911821e+07   2.896290e-01            nan  -4.596207e+00  -4.607318e+00   1.588651e-07   2.908806e+07   2.885109e-01  -3.022176e+00  -3.042345e+00   1.429786e-06   2.879629e+03   5.104490e-01
     4  -4.514853e+00  -4.533068e+00   2.835364e-07   2.904374e+07   2.895300e-01            nan  -4.573694e+00  -4.584805e+00   1.853780e-07   2.905450e+07   2.885096e-01  -2.981189e+00  -3.001199e+00   1.668402e-06   2.549375e+03   5.039981e-01
     5  -4.477625e+00  -4.495840e+00   3.649967e-07   2.895816e+07   2.894391e-01            nan  -4.551179e+00  -4.562290e+00   2.163150e-07   2.901743e+07   2.885081e-01  -2.940490e+00  -2.960363e+00   1.946835e-06   2.259498e+03   4.971303e-01
     6  -4.440397e+00  -4.458612e+00   4.698785e-07   2.885794e+07   2.893555e-01            nan  -4.528659e+00  -4.539773e+00   2.524142e-07   2.897648e+07   2.885065e-01  -2.900055e+00  -2.919802e+00   2.271728e-06   2.005275e+03   4.899866e-01
     7  -4.403169e+00  -4.421385e+00   6.048411e-07   2.874219e+07   2.892784e-01            nan  -4.506133e+00  -4.517250e+00   2.945370e-07   2.893125e+07   2.885047e-01  -2.859872e+00  -2.879499e+00   2.650833e-06   1.782362e+03   4.825640e-01
     8  -4.365942e+00  -4.384157e+00   7.784352e-07   2.860766e+07   2.892071e-01            nan  -4.483598e+00  -4.494720e+00   3.436881e-07   2.888127e+07   2.885027e-01  -2.819936e+00  -2.839445e+00   3.093193e-06   1.586825e+03   4.749631e-01
     9  -4.328714e+00  -4.346929e+00   1.001546e-06   2.844952e+07   2.891409e-01            nan  -4.461052e+00  -4.472179e+00   4.010398e-07   2.882607e+07   2.885005e-01  -2.780247e+00  -2.799638e+00   3.609358e-06   1.415211e+03   4.672106e-01
    10  -4.291486e+00  -4.309701e+00   1.288020e-06   2.826639e+07   2.890791e-01            nan  -4.438491e+00  -4.449625e+00   4.679601e-07   2.876508e+07   2.884980e-01  -2.740806e+00  -2.760079e+00   4.211641e-06   1.264377e+03   4.594087e-01
    11  -4.254259e+00  -4.272474e+00   1.655548e-06   2.805228e+07   2.890210e-01            nan  -4.415914e+00  -4.427056e+00   5.460446e-07   2.869770e+07   2.884953e-01  -2.701617e+00  -2.720770e+00   4.914402e-06   1.131704e+03   4.515490e-01
    12  -4.217031e+00  -4.235246e+00   2.126342e-06   2.780176e+07   2.889660e-01            nan  -4.393317e+00  -4.404469e+00   6.371554e-07   2.862328e+07   2.884923e-01  -2.662676e+00  -2.681710e+00   5.734398e-06   1.014666e+03   4.437763e-01
    13  -4.179803e+00  -4.198018e+00   2.728565e-06   2.751267e+07   2.889134e-01            nan  -4.370699e+00  -4.381861e+00   7.434644e-07   2.854108e+07   2.884890e-01  -2.623988e+00  -2.642901e+00   6.691180e-06   9.114331e+02   4.360010e-01
    14  -4.142575e+00  -4.160790e+00   3.497786e-06   2.717365e+07   2.888625e-01            nan  -4.348055e+00  -4.359229e+00   8.675058e-07   2.845031e+07   2.884852e-01  -2.585543e+00  -2.604340e+00   7.807552e-06   8.199207e+02   4.284344e-01
    15  -4.105348e+00  -4.123563e+00   4.477429e-06   2.678217e+07   2.888126e-01            nan  -4.325382e+00  -4.336571e+00   1.012236e-06   2.835008e+07   2.884811e-01  -2.547342e+00  -2.566023e+00   9.110122e-06   7.389007e+02   4.209311e-01
    16  -4.068120e+00  -4.086335e+00   5.723039e-06   2.633217e+07   2.887630e-01            nan  -4.302677e+00  -4.313881e+00   1.181103e-06   2.823944e+07   2.884765e-01  -2.509373e+00  -2.527943e+00   1.062993e-05   6.667481e+02   4.136924e-01
    17  -4.030892e+00  -4.049107e+00   7.301543e-06   2.580942e+07   2.887127e-01            nan  -4.279936e+00  -4.291158e+00   1.378130e-06   2.811733e+07   2.884715e-01  -2.471628e+00  -2.490090e+00   1.240317e-05   6.025191e+02   4.066272e-01
    18  -3.993664e+00  -4.011880e+00   9.295095e-06   2.521734e+07   2.886613e-01            nan  -4.257155e+00  -4.268396e+00   1.608010e-06   2.798261e+07   2.884658e-01  -2.434098e+00  -2.452458e+00   1.447209e-05   5.451613e+02   3.997928e-01
    19  -3.956437e+00  -3.974652e+00   1.180472e-05   2.453617e+07   2.886073e-01            nan  -4.234328e+00  -4.245591e+00   1.876216e-06   2.783403e+07   2.884596e-01  -2.396771e+00  -2.415034e+00   1.688595e-05   4.938250e+02   3.932113e-01
    20  -3.919209e+00  -3.937424e+00   1.494564e-05   2.377109e+07   2.885501e-01            nan  -4.211450e+00  -4.222738e+00   2.189133e-06   2.767022e+07   2.884526e-01  -2.359641e+00  -2.377809e+00   1.970220e-05   4.478713e+02   3.868218e-01
    21  -3.881981e+00  -3.900196e+00   1.886460e-05   2.290885e+07   2.884882e-01            nan  -4.188515e+00  -4.199831e+00   2.554206e-06   2.748971e+07   2.884449e-01  -2.322690e+00  -2.340773e+00   2.298786e-05   4.065406e+02   3.807315e-01
    22  -3.844754e+00  -3.862969e+00   2.371264e-05   2.195181e+07   2.884205e-01            nan  -4.165518e+00  -4.176864e+00   2.980121e-06   2.729089e+07   2.884362e-01  -2.285917e+00  -2.303914e+00   2.682109e-05   3.694503e+02   3.748077e-01
    23  -3.807526e+00  -3.825741e+00   2.968976e-05   2.089465e+07   2.883454e-01            nan  -4.142450e+00  -4.153831e+00   3.477003e-06   2.707203e+07   2.884267e-01  -2.249301e+00  -2.267223e+00   3.129303e-05   3.359617e+02   3.691943e-01
    24  -3.770298e+00  -3.788513e+00   3.698140e-05   1.974783e+07   2.882616e-01            nan  -4.119303e+00  -4.130722e+00   4.056664e-06   2.683128e+07   2.884160e-01  -2.212838e+00  -2.230687e+00   3.650997e-05   3.057789e+02   3.637863e-01
    25  -3.733070e+00  -3.751285e+00   4.582788e-05   1.850471e+07   2.881661e-01            nan  -4.096070e+00  -4.107531e+00   4.732872e-06   2.656662e+07   2.884042e-01  -2.176515e+00  -2.194297e+00   4.259585e-05   2.784952e+02   3.586258e-01
    26  -3.695843e+00  -3.714058e+00   5.646296e-05   1.719874e+07   2.880583e-01            nan  -4.072738e+00  -4.084247e+00   5.521683e-06   2.627593e+07   2.883910e-01  -2.140324e+00  -2.158043e+00   4.969515e-05   2.538160e+02   3.536900e-01
    27  -3.658615e+00  -3.676830e+00   6.908771e-05   1.581886e+07   2.879332e-01            nan  -4.049298e+00  -4.060860e+00   6.441814e-06   2.595695e+07   2.883762e-01  -2.104257e+00  -2.121916e+00   5.797633e-05   2.314820e+02   3.489514e-01
    28  -3.621387e+00  -3.639602e+00   8.398046e-05   1.440355e+07   2.877892e-01            nan  -4.025737e+00  -4.037357e+00   7.515084e-06   2.560727e+07   2.883598e-01  -2.068305e+00  -2.085909e+00   6.763576e-05   2.112235e+02   3.444371e-01
    29  -3.584159e+00  -3.602375e+00   1.013627e-04   1.297984e+07   2.876233e-01            nan  -4.002040e+00  -4.013726e+00   8.766923e-06   2.522439e+07   2.883415e-01  -2.032466e+00  -2.050016e+00   7.890231e-05   1.928718e+02   3.400747e-01
    30  -3.546932e+00  -3.565147e+00   1.213450e-04   1.156815e+07   2.874306e-01            nan  -3.978191e+00  -3.989952e+00   1.022697e-05   2.480569e+07   2.883210e-01  -1.996730e+00  -2.014231e+00   9.204273e-05   1.761916e+02   3.359192e-01
    31  -3.509704e+00  -3.527919e+00   1.440695e-04   1.018153e+07   2.872020e-01            nan  -3.954174e+00  -3.966017e+00   1.192976e-05   2.434850e+07   2.882981e-01  -1.961099e+00  -1.978550e+00   1.073678e-04   1.610675e+02   3.318725e-01
    32  -3.472476e+00  -3.490691e+00   1.696654e-04   8.860447e+06   2.869344e-01            nan  -3.929968e+00  -3.941902e+00   1.391553e-05   2.385007e+07   2.882724e-01  -1.925565e+00  -1.942969e+00   1.252398e-04   1.473024e+02   3.279999e-01
    33  -3.435249e+00  -3.453464e+00   1.981667e-04   7.624768e+06   2.866203e-01            nan  -3.905550e+00  -3.917587e+00   1.623115e-05   2.330768e+07   2.882436e-01  -1.890128e+00  -1.907485e+00   1.460803e-04   1.348029e+02   3.242102e-01
    34  -3.398021e+00  -3.416236e+00   2.295604e-04   6.490431e+06   2.862506e-01            nan  -3.880894e+00  -3.893047e+00   1.893121e-05   2.271866e+07   2.882113e-01  -1.854785e+00  -1.872097e+00   1.703808e-04   1.234218e+02   3.205396e-01
    35  -3.360793e+00  -3.379008e+00   2.638060e-04   5.468444e+06   2.858158e-01            nan  -3.855972e+00  -3.868254e+00   2.207926e-05   2.208046e+07   2.881750e-01  -1.819538e+00  -1.836804e+00   1.987134e-04   1.130726e+02   3.169235e-01
    36  -3.323565e+00  -3.341780e+00   3.008660e-04   4.564343e+06   2.853063e-01            nan  -3.830751e+00  -3.843178e+00   2.574932e-05   2.139073e+07   2.881340e-01  -1.784385e+00  -1.801606e+00   2.317439e-04   1.036446e+02   3.133740e-01
    37  -3.286338e+00  -3.304553e+00   3.403511e-04   3.777485e+06   2.847124e-01            nan  -3.805193e+00  -3.817784e+00   3.002750e-05   2.064748e+07   2.880876e-01  -1.749326e+00  -1.766502e+00   2.702475e-04   9.506076e+01   3.098443e-01
    38  -3.249110e+00  -3.267325e+00   3.819822e-04   3.097469e+06   2.839900e-01            nan  -3.779255e+00  -3.792030e+00   3.501400e-05   1.984914e+07   2.880351e-01  -1.714363e+00  -1.731493e+00   3.151260e-04   8.723384e+01   3.063359e-01
    39  -3.211882e+00  -3.230097e+00   4.260968e-04   2.524546e+06   2.831472e-01            nan  -3.752889e+00  -3.765872e+00   4.082538e-05   1.899476e+07   2.879755e-01  -1.679495e+00  -1.696579e+00   3.674284e-04   8.009725e+01   3.028151e-01
    40  -3.174654e+00  -3.192870e+00   4.728990e-04   2.048002e+06   2.821864e-01            nan  -3.726038e+00  -3.739256e+00   4.759714e-05   1.808417e+07   2.879074e-01  -1.644721e+00  -1.661760e+00   4.283742e-04   7.357983e+01   2.992839e-01
    41  -3.137427e+00  -3.155642e+00   5.209044e-04   1.653886e+06   2.810843e-01            nan  -3.698638e+00  -3.712122e+00   5.548679e-05   1.711819e+07   2.878295e-01  -1.610041e+00  -1.627035e+00   4.993811e-04   6.762510e+01   2.957195e-01
    42  -3.100199e+00  -3.118414e+00   5.711203e-04   1.330178e+06   2.797476e-01   4.504635e-01  -3.670614e+00  -3.684400e+00   6.467734e-05   1.609885e+07   2.877398e-01  -1.575450e+00  -1.592401e+00   5.820960e-04   6.217326e+01   2.921349e-01
    43  -3.062971e+00  -3.081186e+00   6.240377e-04   1.068339e+06   2.782815e-01   4.474841e-01  -3.641879e+00  -3.656009e+00   7.538125e-05   1.502961e+07   2.876360e-01  -1.540943e+00  -1.557854e+00   6.784313e-04   5.717770e+01   2.885164e-01
    44  -3.025743e+00  -3.043959e+00   6.774503e-04   8.562693e+05   2.765406e-01   4.445439e-01  -3.612333e+00  -3.626855e+00   8.784517e-05   1.391565e+07   2.875152e-01  -1.506511e+00  -1.523386e+00   7.906065e-04   5.258743e+01   2.848950e-01
    45  -2.988516e+00  -3.006731e+00   7.345853e-04   6.862463e+05   2.746180e-01   4.415257e-01  -3.581858e+00  -3.596828e+00   1.023551e-04   1.276408e+07   2.873736e-01  -1.472146e+00  -1.488989e+00   9.211963e-04   4.836584e+01   2.812618e-01
    46  -2.951288e+00  -2.969503e+00   7.918140e-04   5.499317e+05   2.724713e-01   4.385181e-01  -3.550316e+00  -3.565801e+00   1.192428e-04   1.158413e+07   2.872062e-01  -1.437831e+00  -1.454650e+00   1.073185e-03   4.446970e+01   2.776679e-01
    47  -2.914060e+00  -2.932275e+00   8.531830e-04   4.412080e+05   2.700759e-01   4.357149e-01  -3.517545e+00  -3.533621e+00   1.388921e-04   1.038734e+07   2.870065e-01  -1.403554e+00  -1.420354e+00   1.250029e-03   4.087270e+01   2.740984e-01
    48  -2.876833e+00  -2.895048e+00   9.149697e-04   3.543439e+05   2.674746e-01   4.330243e-01  -3.483353e+00  -3.500113e+00   1.617478e-04   9.187549e+06   2.867658e-01  -1.369294e+00  -1.386086e+00   1.455730e-03   3.753988e+01   2.706150e-01
    49  -2.839605e+00  -2.857820e+00   9.812475e-04   2.851475e+05   2.646462e-01   4.305780e-01  -3.447516e+00  -3.465065e+00   1.883238e-04   8.000837e+06   2.864724e-01  -1.335035e+00  -1.351827e+00   1.694914e-03   3.445273e+01   2.671983e-01
    50  -2.802377e+00  -2.820592e+00   1.048466e-03   2.299597e+05   2.615774e-01   4.284813e-01  -3.409766e+00  -3.428231e+00   2.192140e-04   6.845171e+06   2.861100e-01  -1.300758e+00  -1.317558e+00   1.972926e-03   3.158769e+01   2.638833e-01
    51  -2.765149e+00  -2.783364e+00   1.120132e-03   1.857584e+05   2.583978e-01   4.264597e-01  -3.369789e+00  -3.389318e+00   2.551039e-04   5.739832e+06   2.856562e-01  -1.266447e+00  -1.283264e+00   2.295935e-03   2.893037e+01   2.606544e-01
    52  -2.727922e+00  -2.746137e+00   1.194465e-03   1.506149e+05   2.549034e-01   4.251582e-01  -3.327216e+00  -3.347981e+00   2.967831e-04   4.704498e+06   2.850793e-01  -1.232088e+00  -1.248928e+00   2.671048e-03   2.646660e+01   2.575052e-01
    53  -2.690694e+00  -2.708909e+00   1.272864e-03   1.221490e+05   2.514610e-01   4.236185e-01  -3.281619e+00  -3.303820e+00   3.451610e-04   3.757994e+06   2.843346e-01  -1.197672e+00  -1.214539e+00   3.106449e-03   2.418394e+01   2.544278e-01
    54  -2.653466e+00  -2.671681e+00   1.355617e-03   9.961168e+04   2.476413e-01   4.231756e-01  -3.232513e+00  -3.256373e+00   4.012824e-04   2.916733e+06   2.833582e-01  -1.163193e+00  -1.180090e+00   3.611542e-03   2.207360e+01   2.513779e-01
    55  -2.616238e+00  -2.634454e+00   1.442554e-03   8.124169e+04   2.438988e-01   4.225271e-01  -3.179366e+00  -3.205127e+00   4.663463e-04   2.192962e+06   2.820597e-01  -1.128648e+00  -1.145577e+00   4.197117e-03   2.012405e+01   2.483575e-01
    56  -2.579011e+00  -2.597226e+00   1.535073e-03   6.650346e+04   2.400026e-01   4.225598e-01  -3.121633e+00  -3.149541e+00   5.417261e-04   1.593088e+06   2.803125e-01  -1.094039e+00  -1.110999e+00   4.875535e-03   1.832706e+01   2.453231e-01
    57  -2.541783e+00  -2.559998e+00   1.632717e-03   5.453260e+04   2.360891e-01   4.227700e-01  -3.058818e+00  -3.089091e+00   6.289911e-04   1.116431e+06   2.779468e-01  -1.059371e+00  -1.076360e+00   5.660920e-03   1.667312e+01   2.422534e-01
    58  -2.504555e+00  -2.522770e+00   1.736661e-03   4.478642e+04   2.321984e-01   4.233078e-01  -2.990576e+00  -3.023358e+00   7.299314e-04   7.548779e+05   2.747483e-01  -1.024650e+00  -1.041664e+00   6.569382e-03   1.515241e+01   2.391408e-01
    59  -2.467328e+00  -2.485543e+00   1.847427e-03   3.689227e+04   2.282678e-01   4.242718e-01  -2.916857e+00  -2.952154e+00   8.465830e-04   4.938146e+05   2.704782e-01  -9.898824e-01  -1.006918e+00   7.619247e-03   1.375630e+01   2.359550e-01
    60  -2.430100e+00  -2.448315e+00   1.965426e-03   3.039435e+04   2.244334e-01   4.253661e-01  -2.838038e+00  -2.875662e+00   9.812558e-04   3.143582e+05   2.649247e-01  -9.550774e-01  -9.721313e-01   8.831303e-03   1.247552e+01   2.326937e-01
    61  -2.392872e+00  -2.411087e+00   2.091485e-03   2.512514e+04   2.206268e-01   4.268323e-01  -2.754983e+00  -2.794528e+00   1.136562e-03   1.964243e+05   2.579899e-01  -9.202425e-01  -9.373108e-01   1.022906e-02   1.130144e+01   2.293472e-01
    62  -2.355644e+00  -2.373859e+00   2.226510e-03   2.077429e+04   2.169175e-01   4.284173e-01  -2.668948e+00  -2.709838e+00   1.315444e-03   1.216750e+05   2.497729e-01  -8.853861e-01  -9.024647e-01   1.183900e-02   1.022602e+01   2.258971e-01
    63  -2.318417e+00  -2.336632e+00   2.370553e-03   1.720639e+04   2.133309e-01   4.301911e-01  -2.581346e+00  -2.622942e+00   1.521208e-03   7.541759e+04   2.405915e-01  -8.505141e-01  -8.676002e-01   1.369088e-02   9.241027e+00   2.223543e-01
    64  -2.281189e+00  -2.299404e+00   2.525901e-03   1.426533e+04   2.098536e-01   4.320331e-01  -2.493470e+00  -2.535189e+00   1.757548e-03   4.710074e+04   2.309104e-01  -8.156310e-01  -8.327224e-01   1.581793e-02   8.339017e+00   2.187177e-01
    65  -2.243961e+00  -2.262176e+00   2.691704e-03   1.183668e+04   2.065186e-01   4.340733e-01  -2.406315e+00  -2.447710e+00   2.028572e-03   2.976048e+04   2.212137e-01  -7.807395e-01  -7.978349e-01   1.825715e-02   7.513127e+00   2.149842e-01
    66  -2.206733e+00  -2.224949e+00   2.870635e-03   9.833305e+03   2.033478e-01   4.360699e-01  -2.320531e+00  -2.361309e+00   2.338830e-03   1.905618e+04   2.118991e-01  -7.458387e-01  -7.629386e-01   2.104947e-02   6.756625e+00   2.111756e-01
    67  -2.169506e+00  -2.187721e+00   3.062351e-03   8.172449e+03   2.002992e-01   4.382771e-01  -2.236478e+00  -2.276475e+00   2.693323e-03   1.236715e+04   2.032312e-01  -7.109243e-01  -7.280307e-01   2.423991e-02   6.063489e+00   2.073096e-01
    68  -2.132278e+00  -2.150493e+00   3.268967e-03   6.799958e+03   1.974780e-01   4.402402e-01  -2.154314e+00  -2.193456e+00   3.097518e-03   8.129545e+03   1.953486e-01  -6.759895e-01  -6.931057e-01   2.787766e-02   5.428466e+00   2.033977e-01
    69  -2.095050e+00  -2.113265e+00   3.491256e-03   5.659728e+03   1.947524e-01   4.424671e-01  -2.074079e+00  -2.112346e+00   3.557342e-03   5.408243e+03   1.882927e-01  -6.410249e-01  -6.581554e-01   3.201608e-02   4.846817e+00   1.994589e-01
    70  -2.057823e+00  -2.076038e+00   3.730612e-03   4.715477e+03   1.922950e-01   4.442723e-01  -1.995758e+00  -2.033155e+00   4.079169e-03   3.638339e+03   1.820400e-01  -6.060179e-01  -6.231688e-01   3.671252e-02   4.314243e+00   1.955242e-01
    71  -2.020595e+00  -2.038810e+00   3.988937e-03   3.930280e+03   1.899349e-01   4.462814e-01  -1.919319e+00  -1.955859e+00   4.669785e-03   2.473754e+03   1.765259e-01  -5.709559e-01  -5.881331e-01   4.202806e-02   3.827320e+00   1.916021e-01
    72  -1.983367e+00  -2.001582e+00   4.267083e-03   3.278567e+03   1.878211e-01   4.478932e-01  -1.844735e+00  -1.880428e+00   5.336336e-03   1.699259e+03   1.716599e-01  -5.358278e-01  -5.530367e-01   4.802703e-02   3.383110e+00   1.876954e-01
    73  -1.946139e+00  -1.964354e+00   4.567958e-03   2.736331e+03   1.858256e-01   4.495582e-01  -1.771991e+00  -1.806842e+00   6.086254e-03   1.179054e+03   1.673339e-01  -5.006253e-01  -5.178699e-01   5.477629e-02   2.979047e+00   1.838042e-01
    74  -1.908912e+00  -1.927127e+00   4.892176e-03   2.285621e+03   1.840502e-01   4.508454e-01  -1.701088e+00  -1.735094e+00   6.927149e-03   8.263135e+02   1.634274e-01  -4.653441e-01  -4.826265e-01   6.234434e-02   2.612791e+00   1.799287e-01
    75  -1.871684e+00  -1.889899e+00   5.243469e-03   1.910327e+03   1.824022e-01   4.520746e-01  -1.632031e+00  -1.665189e+00   7.866679e-03   5.848704e+02   1.598144e-01  -4.299861e-01  -4.473054e-01   7.080011e-02   2.282269e+00   1.760504e-01
    76  -1.834456e+00  -1.852671e+00   5.622601e-03   1.598046e+03   1.809467e-01   4.529148e-01  -1.564827e+00  -1.597130e+00   8.912390e-03   4.180134e+02   1.563735e-01  -3.945604e-01  -4.119121e-01   8.021151e-02   1.985436e+00   1.721478e-01
    77  -1.797228e+00  -1.815444e+00   6.033924e-03   1.337771e+03   1.796138e-01   4.536196e-01  -1.499463e+00  -1.530916e+00   1.007152e-02   3.015316e+02   1.530034e-01  -3.590826e-01  -3.764593e-01   9.064369e-02   1.720211e+00   1.681993e-01
    78  -1.760001e+00  -1.778216e+00   6.478816e-03   1.120984e+03   1.784424e-01   4.539319e-01  -1.435901e+00  -1.466520e+00   1.135078e-02   2.193374e+02   1.496401e-01  -3.235749e-01  -3.409660e-01   1.021570e-01   1.484436e+00   1.641932e-01
    79  -1.722773e+00  -1.740988e+00   6.962018e-03   9.400904e+02   1.773783e-01   4.540603e-01  -1.374063e+00  -1.403882e+00   1.275612e-02   1.606759e+02   1.462716e-01  -2.880642e-01  -3.054567e-01   1.148050e-01   1.275902e+00   1.601191e-01
    80  -1.685545e+00  -1.703760e+00   7.486080e-03   7.892530e+02   1.764370e-01   4.538368e-01  -1.313822e+00  -1.342899e+00   1.429243e-02   1.183249e+02   1.429408e-01  -2.525821e-01  -2.699609e-01   1.286319e-01   1.092398e+00   1.559665e-01
    81  -1.648317e+00  -1.666533e+00   8.055846e-03   6.632103e+02   1.755840e-01   4.534082e-01  -1.255018e+00  -1.283425e+00   1.596333e-02   8.741825e+01   1.397317e-01  -2.171641e-01  -2.345122e-01   1.436700e-01   9.317312e-01   1.517287e-01
    82  -1.611090e+00  -1.629305e+00   8.675718e-03   5.579472e+02   1.748046e-01   4.527590e-01  -1.197463e+00  -1.225288e+00   1.777087e-02   6.466258e+01   1.367421e-01  -1.818487e-01  -1.991475e-01   1.599378e-01   7.917570e-01   1.474030e-01
    83  -1.573862e+00  -1.592077e+00   9.350302e-03   4.698464e+02   1.740943e-01   4.519343e-01  -1.140976e+00  -1.168301e+00   1.971527e-02   4.781075e+01   1.340469e-01  -1.466760e-01  -1.639064e-01   1.774374e-01   6.703887e-01   1.429984e-01
    84  -1.536634e+00  -1.554849e+00   1.008656e-02   3.960804e+02   1.734145e-01   4.510701e-01  -1.085408e+00  -1.112304e+00   2.179475e-02   3.530480e+01   1.316672e-01  -1.116881e-01  -1.288298e-01   1.961527e-01   5.656578e-01   1.385168e-01
    85  -1.499407e+00  -1.517622e+00   1.088858e-02   3.342111e+02   1.727805e-01   4.501921e-01  -1.030672e+00  -1.057179e+00   2.400535e-02   2.603505e+01   1.295566e-01  -7.692824e-02  -9.396052e-02   2.160481e-01   4.757073e-01   1.339626e-01
    86  -1.462179e+00  -1.480394e+00   1.176629e-02   2.822640e+02   1.721704e-01   4.494323e-01  -9.767445e-01  -1.002872e+00   2.634082e-02   1.918499e+01   1.276216e-01  -4.243980e-02  -5.934176e-02   2.370673e-01   3.987980e-01   1.293463e-01
    87  -1.424951e+00  -1.443166e+00   1.272433e-02   2.385386e+02   1.715899e-01   4.489300e-01  -9.236519e-01  -9.493873e-01   2.879262e-02   1.413836e+01   1.257608e-01  -8.265273e-03  -2.501648e-02   2.591336e-01   3.333184e-01   1.246844e-01
    88  -1.387723e+00  -1.405938e+00   1.377259e-02   2.017618e+02   1.710569e-01   4.486017e-01  -8.714446e-01  -8.967642e-01   3.134998e-02   1.042652e+01   1.238970e-01   2.555351e-02   8.973221e-03   2.821498e-01   2.778062e-01   1.199870e-01
    89  -1.350496e+00  -1.368711e+00   1.491889e-02   1.706253e+02   1.705738e-01   4.487308e-01  -8.201707e-01  -8.450514e-01   3.400006e-02   7.696644e+00   1.219858e-01   5.897669e-02   4.258655e-02   3.060005e-01   2.309288e-01   1.152713e-01
    90  -1.313268e+00  -1.331483e+00   1.617387e-02   1.443672e+02   1.701768e-01   4.490446e-01  -7.698609e-01  -7.942877e-01   3.672816e-02   5.686656e+00   1.200026e-01   9.196749e-02   7.578528e-02   3.305535e-01   1.914871e-01   1.105582e-01
    91  -1.276040e+00  -1.294255e+00   1.754530e-02   1.221293e+02   1.698835e-01   4.496034e-01  -7.205225e-01  -7.444914e-01   3.951809e-02   4.204040e+00   1.179367e-01   1.244914e-01   1.085338e-01   3.556628e-01   1.584219e-01   1.058620e-01
    92  -1.238812e+00  -1.257028e+00   1.904591e-02   1.032613e+02   1.697439e-01   4.501231e-01  -6.721352e-01  -6.956553e-01   4.235249e-02   3.107995e+00   1.157862e-01   1.565188e-01   1.408003e-01   3.811724e-01   1.307873e-01   1.012079e-01
    93  -1.201585e+00  -1.219800e+00   2.068844e-02   8.732946e+01   1.697285e-01   4.506087e-01  -6.246492e-01  -6.477435e-01   4.521329e-02   2.295822e+00   1.135605e-01   1.880233e-01   1.725566e-01   4.069196e-01   1.077637e-01   9.661176e-02
    94  -1.164357e+00  -1.182572e+00   2.247910e-02   7.378522e+01   1.699133e-01   4.505904e-01  -5.779853e-01  -6.006908e-01   4.808216e-02   1.692730e+00   1.112818e-01   2.189833e-01   2.037791e-01   4.327394e-01   8.863372e-02   9.209418e-02
    95  -1.127129e+00  -1.145344e+00   2.443890e-02   6.233315e+01   1.702575e-01   4.500775e-01  -5.320326e-01  -5.544015e-01   5.094094e-02   1.244112e+00   1.089824e-01   2.493819e-01   2.344485e-01   4.584685e-01   7.277962e-02   8.767269e-02
    96  -1.089902e+00  -1.108117e+00   2.658197e-02   5.268079e+01   1.707024e-01   4.490231e-01  -4.866503e-01  -5.087490e-01   5.377208e-02   9.101371e-01   1.067044e-01   2.792063e-01   2.645500e-01   4.839488e-01   5.967143e-02   8.336286e-02
    97  -1.052674e+00  -1.070889e+00   2.891683e-02   4.450744e+01   1.712897e-01   4.470972e-01  -4.416719e-01  -4.635791e-01   5.655903e-02   6.616763e-01   1.044934e-01   3.084488e-01   2.940736e-01   5.090312e-01   4.885611e-02   7.918013e-02
    98  -1.015446e+00  -1.033661e+00   3.147527e-02   3.762944e+01   1.719112e-01   4.446113e-01  -3.969057e-01  -4.187122e-01   5.928652e-02   4.772388e-01   1.023918e-01   3.371056e-01   3.230135e-01   5.335787e-01   3.995061e-02   7.513511e-02
    99  -9.782184e-01  -9.964335e-01   3.427973e-02   3.184986e+01   1.725087e-01   4.415690e-01  -3.521393e-01  -3.739459e-01   6.194091e-02   3.409062e-01   1.004338e-01   3.651773e-01   3.513682e-01   5.574682e-01   3.263003e-02   7.123918e-02
   100  -9.409906e-01  -9.592057e-01   3.733973e-02   2.697930e+01   1.730584e-01   4.380510e-01  -3.071500e-01  -3.290623e-01   6.451030e-02   2.408202e-01   9.863955e-02   3.926681e-01   3.791402e-01   5.805927e-01   2.662260e-02   6.749811e-02
   101  -9.037629e-01  -9.219780e-01   4.070224e-02   2.287949e+01   1.734909e-01   4.342243e-01  -2.617100e-01  -2.838359e-01   6.698469e-02   1.680046e-01   9.700878e-02   4.195858e-01   4.063355e-01   6.028622e-01   2.169944e-02   6.391882e-02
   102  -8.665352e-01  -8.847503e-01   4.440112e-02   1.942961e+01   1.737613e-01   4.300739e-01  -2.155885e-01  -2.380373e-01   6.935597e-02   1.156055e-01   9.552619e-02   4.459411e-01   4.329633e-01   6.242038e-01   1.767070e-02   6.050259e-02
   103  -8.293074e-01  -8.475225e-01   4.845915e-02   1.651960e+01   1.738435e-01   4.256905e-01  -1.685533e-01  -1.914345e-01   7.161799e-02   7.837194e-02   9.417115e-02   4.717478e-01   4.590361e-01   6.445619e-01   1.437743e-02   5.725236e-02
   104  -7.920797e-01  -8.102948e-01   5.292302e-02   1.405437e+01   1.737169e-01   4.212898e-01  -1.203810e-01  -1.437996e-01   7.376638e-02   5.229977e-02   9.292198e-02   4.970215e-01   4.845684e-01   6.638974e-01   1.168871e-02   5.416571e-02
   105  -7.548520e-01  -7.730671e-01   5.784521e-02   1.196777e+01   1.733561e-01   4.167692e-01  -7.084537e-02  -9.490732e-02   7.579851e-02   3.431946e-02   9.176965e-02   5.217804e-01   5.095773e-01   6.821866e-01   9.495427e-03   5.124229e-02
   106  -7.176243e-01  -7.358394e-01   6.327465e-02   1.019706e+01   1.727561e-01   4.122203e-01  -1.973349e-02  -4.453795e-02   7.771330e-02   2.213088e-02   9.071032e-02   5.460439e-01   5.340815e-01   6.994197e-01   7.708147e-03   4.847737e-02
   107  -6.803965e-01  -6.986116e-01   6.924479e-02   8.689322e+00   1.719185e-01   4.077825e-01   3.311173e-02   7.492403e-03   7.951106e-02   1.402930e-02   8.971934e-02   5.698332e-01   5.581014e-01   7.155996e-01   6.252802e-03   4.586758e-02
   108  -6.431688e-01  -6.613839e-01   7.582079e-02   7.400405e+00   1.708623e-01   4.036323e-01   8.773468e-02   6.128141e-02   8.119333e-02   8.759113e-03   8.873423e-02   5.931702e-01   5.816584e-01   7.307399e-01   5.068733e-03   4.340718e-02
   109  -6.059411e-01  -6.241562e-01   8.306570e-02   6.299007e+00   1.695993e-01   3.996787e-01   1.439582e-01   1.167556e-01   8.276263e-02   5.411370e-03   8.760492e-02   6.160780e-01   6.047751e-01   7.448636e-01   4.106059e-03   4.109054e-02
   110  -5.687133e-01  -5.869284e-01   9.103334e-02   5.355792e+00   1.681422e-01   3.959158e-01   2.012577e-01   1.735522e-01   8.422234e-02   3.336159e-03   8.606052e-02   6.385800e-01   6.274747e-01   7.580011e-01   3.323915e-03   3.891157e-02
   111  -5.314856e-01  -5.497007e-01   9.978651e-02   4.547241e+00   1.665052e-01   3.922843e-01   2.587384e-01   2.309483e-01   8.557652e-02   2.075364e-03   8.376257e-02   6.607000e-01   6.497808e-01   7.701887e-01   2.688902e-03   3.686327e-02
   112  -4.942579e-01  -5.124730e-01   1.093575e-01   3.853441e+00   1.647147e-01   3.886779e-01   3.152708e-01   2.879238e-01   8.682971e-02   1.317449e-03   8.044841e-02   6.824622e-01   6.717174e-01   7.814674e-01   2.173644e-03   3.493952e-02
   113  -4.570302e-01  -4.752452e-01   1.198285e-01   3.258444e+00   1.627834e-01   3.848213e-01   3.697910e-01   3.433859e-01   8.798682e-02   8.598963e-04   7.611625e-02   7.038906e-01   6.933085e-01   7.918814e-01   1.755849e-03   3.313315e-02
   114  -4.198024e-01  -4.380175e-01   1.312618e-01   2.749612e+00   1.606891e-01   3.803948e-01   4.215721e-01   3.964528e-01   8.905301e-02   5.782153e-04   7.105175e-02   7.250091e-01   7.145782e-01   8.014771e-01   1.417298e-03   3.143748e-02
   115  -3.825747e-01  -4.007898e-01   1.437178e-01   2.315203e+00   1.584150e-01   3.750986e-01   4.702986e-01   4.466184e-01   9.003354e-02   3.996009e-04   6.566565e-02   7.458416e-01   7.355503e-01   8.103019e-01   1.143139e-03   2.984603e-02
   116  -3.453470e-01  -3.635621e-01   1.572571e-01   1.945060e+00   1.559426e-01   3.686531e-01   5.159765e-01   4.937378e-01   9.093373e-02   2.826176e-04   6.031786e-02   7.664110e-01   7.562480e-01   8.184036e-01   9.212836e-04   2.835207e-02
   117  -3.081192e-01  -3.263343e-01   1.719349e-01   1.630316e+00   1.532570e-01   3.608353e-01   5.587930e-01   5.379122e-01   9.175884e-02   2.036792e-04   5.523862e-02   7.867402e-01   7.766946e-01   8.258295e-01   7.418772e-04   2.694946e-02
   118  -2.708915e-01  -2.891066e-01   1.877780e-01   1.363035e+00   1.503524e-01   3.513467e-01   5.990158e-01   5.793699e-01   9.251402e-02   1.490237e-04   5.054332e-02   8.068514e-01   7.969122e-01   8.326262e-01   5.969051e-04   2.563216e-02
   119  -2.336638e-01  -2.518789e-01   2.048741e-01   1.136685e+00   1.472066e-01   3.401403e-01   6.369309e-01   6.183870e-01   9.320429e-02   1.103641e-04   4.627099e-02   8.267659e-01   8.169228e-01   8.388386e-01   4.798504e-04   2.439426e-02
   120  -1.964360e-01  -2.146511e-01   2.232744e-01   9.454445e-01   1.438069e-01   3.272169e-01   6.728121e-01   6.552419e-01   9.383445e-02   8.253603e-05   4.241859e-02   8.465043e-01   8.367472e-01   8.445100e-01   3.854116e-04   2.323031e-02
   121  -1.592083e-01  -1.774234e-01   2.430226e-01   7.841510e-01   1.401581e-01   3.125476e-01   7.069027e-01   6.901918e-01   9.440910e-02   6.222760e-05   3.895702e-02   8.660865e-01   8.564058e-01   8.496819e-01   3.092826e-04   2.213513e-02
   122  -1.219806e-01  -1.401957e-01   2.641451e-01   6.483664e-01   1.362690e-01   2.960908e-01   7.394200e-01   7.234656e-01   9.493262e-02   4.722789e-05   3.585242e-02   8.855314e-01   8.759178e-01   8.543935e-01   2.479671e-04   2.110372e-02
   123  -8.475286e-02  -1.029679e-01   2.866229e-01   5.342603e-01   1.321522e-01   2.776160e-01   7.705528e-01   7.552653e-01   9.540910e-02   3.604266e-05   3.306771e-02   9.048569e-01   8.953017e-01   8.586819e-01   1.986266e-04   2.013144e-02
   124  -4.752513e-02  -6.574022e-02   3.105103e-01   4.386302e-01   1.278185e-01   2.571001e-01   8.004653e-01   7.857666e-01   9.584241e-02   2.763357e-05   3.056678e-02   9.240801e-01   9.145749e-01   8.625817e-01   1.589582e-04   1.921406e-02
   125  -1.029740e-02  -2.851249e-02   3.357971e-01   3.586952e-01   1.232883e-01   2.346084e-01   8.293006e-01   8.151222e-01   9.623618e-02   2.126821e-05   2.831730e-02   9.432169e-01   9.337539e-01   8.661256e-01   1.270959e-04   1.834749e-02
   126   2.693033e-02   8.715240e-03   3.623932e-01   2.920704e-01   1.185808e-01   2.100847e-01   8.571834e-01   8.434657e-01   9.659376e-02   1.642176e-05   2.628959e-02   9.622825e-01   9.528543e-01   8.693438e-01   1.015278e-04   1.752799e-02
   127   6.415806e-02   4.594297e-02   3.901953e-01   2.366157e-01   1.136946e-01   1.834196e-01   8.842227e-01   8.709134e-01   9.691827e-02   1.271402e-05   2.445758e-02   9.812907e-01   9.718906e-01   8.722644e-01   8.103009e-05   1.675212e-02
   128   1.013858e-01   8.317070e-02   4.192081e-01   1.907169e-01   1.086764e-01   1.552066e-01   9.105149e-01   8.975677e-01   9.721261e-02   9.865204e-06   2.279870e-02   1.000255e+00   9.908762e-01   8.749135e-01   6.461285e-05   1.601672e-02
   129   1.386135e-01   1.203984e-01   4.493057e-01   1.528860e-01   1.035560e-01   1.254483e-01   9.361441e-01   9.235185e-01   9.747945e-02   7.669066e-06   2.129233e-02   1.019187e+00   1.009824e+00   8.773151e-01   5.147645e-05   1.531886e-02
   130   1.758413e-01   1.576262e-01   4.803355e-01   1.218554e-01   9.836180e-02   9.558819e-02   9.611851e-01   9.488451e-01   9.772124e-02   5.970910e-06   1.992124e-02   1.038098e+00   1.028745e+00   8.794912e-01   4.097525e-05   1.465585e-02
   131   2.130690e-01   1.948539e-01   5.121824e-01   9.652344e-02   9.312700e-02   6.599971e-02   9.857049e-01   9.736180e-01   9.794025e-02   4.654503e-06   1.867006e-02   1.056998e+00   1.047651e+00   8.814623e-01   3.258852e-05   1.402527e-02
   132   2.502967e-01   2.320816e-01   5.446061e-01   7.595169e-02   8.788948e-02   3.622914e-02   1.009762e+00   9.979000e-01   9.813854e-02   3.632032e-06   1.752512e-02   1.075897e+00   1.066550e+00   8.832469e-01   2.589672e-05   1.342490e-02
   133   2.875244e-01   2.693093e-01   5.771674e-01   5.930682e-02   8.264412e-02   1.017034e-02   1.033409e+00   1.021746e+00   9.831802e-02   2.836465e-06   1.647483e-02   1.094803e+00   1.085453e+00   8.848622e-01   2.056219e-05   1.285271e-02
   134   3.247522e-01   3.065371e-01   6.098847e-01   4.594195e-02   7.745070e-02  -1.435245e-02   1.056693e+00   1.045207e+00   9.848042e-02   2.216560e-06   1.550891e-02   1.113725e+00   1.104367e+00   8.863237e-01   1.631348e-05   1.230687e-02
   135   3.619799e-01   3.437648e-01   6.425141e-01   3.530750e-02   7.235627e-02  -3.711284e-02   1.079656e+00   1.068326e+00   9.862732e-02   1.732975e-06   1.461830e-02   1.132668e+00   1.123300e+00   8.876458e-01   1.293256e-05   1.178569e-02
   136   3.992076e-01   3.809925e-01   6.745171e-01   2.690347e-02   6.737458e-02  -5.415837e-02   1.102336e+00   1.091144e+00   9.876016e-02   1.355404e-06   1.379507e-02   1.151640e+00   1.142258e+00   8.888415e-01   1.024451e-05   1.128767e-02
   137   4.364354e-01   4.182203e-01   7.057716e-01   2.029133e-02   6.252357e-02  -6.932443e-02   1.124765e+00   1.113695e+00   9.888027e-02   1.060379e-06   1.303236e-02   1.170647e+00   1.161247e+00   8.899225e-01   8.109133e-06   1.081143e-02
   138   4.736631e-01   4.554480e-01   7.361068e-01   1.516585e-02   5.786043e-02  -8.193784e-02   1.146975e+00   1.136012e+00   9.898885e-02   8.297199e-07   1.232409e-02   1.189692e+00   1.180274e+00   8.908996e-01   6.414198e-06   1.035571e-02
   139   5.108908e-01   4.926757e-01   7.649144e-01   1.121204e-02   5.338394e-02  -9.195830e-02   1.168992e+00   1.158123e+00   9.908698e-02   6.493036e-07   1.166491e-02   1.208782e+00   1.199342e+00   8.917828e-01   5.069942e-06   9.919375e-03
   140   5.481185e-01   5.299035e-01   7.923685e-01   8.203288e-03   4.912743e-02  -9.886475e-02   1.190841e+00   1.180054e+00   9.917565e-02   5.081404e-07   1.105012e-02   1.227919e+00   1.218456e+00   8.925808e-01   4.004647e-06   9.501382e-03
   141   5.853463e-01   5.671312e-01   8.178853e-01   5.932757e-03   4.510062e-02  -1.041840e-01   1.212543e+00   1.201827e+00   9.925576e-02   3.976659e-07   1.047557e-02   1.247107e+00   1.237619e+00   8.933019e-01   3.161071e-06   9.100779e-03
   142   6.225740e-01   6.043589e-01   8.415750e-01   4.244607e-03   4.132326e-02  -1.078432e-01   1.234116e+00   1.223463e+00   9.932813e-02   3.111957e-07   9.937632e-03   1.266350e+00   1.256835e+00   8.939532e-01   2.493565e-06   8.716698e-03
   143   6.598017e-01   6.415866e-01   8.632954e-01   2.998607e-03   3.779305e-02  -1.101602e-01   1.255580e+00   1.244981e+00   9.939350e-02   2.435085e-07   9.433088e-03   1.285650e+00   1.276107e+00   8.945415e-01   1.965765e-06   8.348339e-03
   144   6.970295e-01   6.788144e-01   8.827743e-01   2.094585e-03   3.452134e-02  -1.110884e-01   1.276949e+00   1.266396e+00   9.945254e-02   1.905228e-07   8.959088e-03   1.305009e+00   1.295437e+00   8.950729e-01   1.548727e-06   7.994970e-03
   145   7.342572e-01   7.160421e-01   9.002320e-01   1.446414e-03   3.150423e-02  -1.107734e-01   1.298238e+00   1.287724e+00   9.950586e-02   1.490467e-07   8.513104e-03   1.324429e+00   1.314827e+00   8.955527e-01   1.219435e-06   7.655913e-03
   146   7.714849e-01   7.532698e-01   9.156733e-01   9.869941e-04   2.873593e-02  -1.093144e-01   1.319458e+00   1.308978e+00   9.955400e-02   1.165822e-07   8.092890e-03   1.343910e+00   1.334279e+00   8.959860e-01   9.596006e-07   7.330542e-03
   147   8.087127e-01   7.904976e-01   9.291597e-01   6.660278e-04   2.620803e-02  -1.066485e-01   1.340621e+00   1.330169e+00   9.959747e-02   9.117378e-08   7.696448e-03   1.363456e+00   1.353793e+00   8.963772e-01   7.547086e-07   7.018278e-03
   148   8.459404e-01   8.277253e-01   9.407969e-01   4.447925e-04   2.390828e-02  -1.029565e-01   1.361737e+00   1.351308e+00   9.963672e-02   7.129042e-08   7.321997e-03   1.383065e+00   1.373371e+00   8.967304e-01   5.932439e-07   6.718582e-03
   149   8.831681e-01   8.649530e-01   9.507251e-01   2.941904e-04   2.182194e-02  -9.836463e-02   1.382815e+00   1.372404e+00   9.967214e-02   5.573302e-08   6.967942e-03   1.402739e+00   1.393013e+00   8.970493e-01   4.660811e-07   6.430952e-03
   150   9.203958e-01   9.021808e-01   9.591483e-01   1.928773e-04   1.993232e-02  -9.299368e-02   1.403862e+00   1.393466e+00   9.970413e-02   4.356248e-08   6.632854e-03   1.422477e+00   1.412720e+00   8.973371e-01   3.659933e-07   6.154920e-03
   151   9.576236e-01   9.394085e-01   9.662431e-01   1.254741e-04   1.822219e-02  -8.700978e-02   1.424884e+00   1.414500e+00   9.973300e-02   3.404325e-08   6.315452e-03   1.442279e+00   1.432491e+00   8.975970e-01   2.872620e-07   5.890049e-03
   152   9.948513e-01   9.766362e-01   9.721735e-01   8.108492e-05   1.667421e-02  -8.061158e-02   1.445889e+00   1.435514e+00   9.975905e-02   2.659922e-08   6.014582e-03   1.462145e+00   1.452325e+00   8.978315e-01   2.253654e-07   5.635928e-03
   153   1.032079e+00   1.013864e+00   9.771059e-01   5.210684e-05   1.527170e-02  -7.402809e-02   1.466881e+00   1.456512e+00   9.978257e-02   2.077921e-08   5.729201e-03   1.482073e+00   1.472223e+00   8.980432e-01   1.767306e-07   5.392172e-03
   154   1.069307e+00   1.051092e+00   9.811852e-01   3.333489e-05   1.399914e-02  -6.742123e-02   1.487864e+00   1.477499e+00   9.980380e-02   1.622988e-08   5.458368e-03   1.502063e+00   1.492183e+00   8.982342e-01   1.385365e-07   5.158422e-03
   155   1.106534e+00   1.088319e+00   9.845507e-01   2.125069e-05   1.284249e-02  -6.095998e-02   1.508842e+00   1.498480e+00   9.982296e-02   1.267459e-08   5.201229e-03   1.522113e+00   1.512204e+00   8.984066e-01   1.085573e-07   4.934340e-03
   156   1.143762e+00   1.125547e+00   9.873179e-01   1.351110e-05   1.178931e-02  -5.481625e-02   1.529818e+00   1.519457e+00   9.984025e-02   9.896747e-09   4.957012e-03   1.542221e+00   1.532283e+00   8.985622e-01   8.503767e-08   4.719609e-03
   157   1.180990e+00   1.162775e+00   9.895887e-01   8.574319e-06   1.082858e-02  -4.901901e-02   1.550793e+00   1.540432e+00   9.985585e-02   7.726829e-09   4.725015e-03   1.562384e+00   1.552419e+00   8.987027e-01   6.659463e-08   4.513934e-03
   158   1.218218e+00   1.200003e+00   9.914510e-01   5.434682e-06   9.950774e-03  -4.365556e-02   1.571769e+00   1.561408e+00   9.986993e-02   6.032163e-09   4.504603e-03   1.582599e+00   1.572609e+00   8.988294e-01   5.213902e-08   4.317039e-03
   159   1.255445e+00   1.237230e+00   9.929771e-01   3.442275e-06   9.147609e-03  -3.877831e-02   1.592747e+00   1.582385e+00   9.988264e-02   4.708944e-09   4.295198e-03   1.602862e+00   1.592849e+00   8.989438e-01   4.081367e-08   4.128670e-03
   160   1.292673e+00   1.274458e+00   9.942262e-01   2.179822e-06   8.411790e-03  -3.434318e-02   1.613724e+00   1.603362e+00   9.989411e-02   3.675971e-09   4.096279e-03   1.623170e+00   1.613135e+00   8.990470e-01   3.194439e-08   3.948593e-03
   161   1.329901e+00   1.311686e+00   9.952499e-01   1.380565e-06   7.736960e-03  -3.034576e-02   1.634702e+00   1.624340e+00   9.990446e-02   2.869737e-09   3.907375e-03   1.643517e+00   1.633463e+00   8.991401e-01   2.500123e-08   3.776592e-03
   162   1.367129e+00   1.348914e+00   9.960892e-01   8.747279e-07   7.117580e-03  -2.678297e-02   1.655675e+00   1.645315e+00   9.991379e-02   2.240590e-09   3.728061e-03   1.663897e+00   1.653827e+00   8.992241e-01   1.956786e-08   3.612477e-03
   163   1.404356e+00   1.386141e+00   9.967777e-01   5.545858e-07   6.548753e-03  -2.361986e-02   1.676642e+00   1.666285e+00   9.992222e-02   1.749716e-09   3.557960e-03   1.684303e+00   1.674220e+00   8.993000e-01   1.531736e-08   3.456078e-03
   164   1.441584e+00   1.423369e+00   9.973416e-01   3.519030e-07   6.026136e-03  -2.080314e-02   1.697597e+00   1.687246e+00   9.992982e-02   1.366783e-09   3.396736e-03   1.704726e+00   1.694635e+00   8.993684e-01   1.199320e-08   3.307248e-03
   165   1.478812e+00   1.460597e+00   9.978032e-01   2.235083e-07   5.545888e-03  -1.829922e-02   1.718533e+00   1.708191e+00   9.993668e-02   1.068091e-09   3.244098e-03   1.725157e+00   1.715062e+00   8.994301e-01   9.394151e-09   3.165868e-03
   166   1.516040e+00   1.497824e+00   9.981833e-01   1.421105e-07   5.104594e-03  -1.607559e-02   1.739443e+00   1.729114e+00   9.994287e-02   8.351306e-10   3.099796e-03   1.745583e+00   1.735490e+00   8.994858e-01   7.362472e-09   3.031845e-03
   167   1.553267e+00   1.535052e+00   9.984967e-01   9.045995e-08   4.699218e-03  -1.411395e-02   1.760315e+00   1.750004e+00   9.994845e-02   6.534462e-10   2.963619e-03   1.765990e+00   1.755906e+00   8.995361e-01   5.774554e-09   2.905113e-03
   168   1.590495e+00   1.572280e+00   9.987552e-01   5.765289e-08   4.327047e-03  -1.235808e-02   1.781136e+00   1.770850e+00   9.995349e-02   5.117530e-10   2.835402e-03   1.786363e+00   1.776296e+00   8.995814e-01   4.533590e-09   2.785640e-03
   169   1.627723e+00   1.609508e+00   9.989688e-01   3.679379e-08   3.985762e-03  -1.075859e-02   1.801893e+00   1.791639e+00   9.995804e-02   4.012433e-10   2.715019e-03   1.806681e+00   1.796641e+00   8.996223e-01   3.563793e-09   2.673425e-03
   170   1.664950e+00   1.646735e+00   9.991456e-01   2.351423e-08   3.673250e-03  -9.276835e-03   1.822565e+00   1.812352e+00   9.996214e-02   3.150443e-10   2.602386e-03   1.826922e+00   1.816919e+00   8.996593e-01   2.805860e-09   2.568501e-03
   171   1.702178e+00   1.683963e+00   9.992912e-01   1.505004e-08   3.387747e-03  -7.900042e-03   1.843131e+00   1.832970e+00   9.996584e-02   2.477947e-10   2.497464e-03   1.847059e+00   1.837107e+00   8.996926e-01   2.213408e-09   2.470937e-03
   172   1.739406e+00   1.721191e+00   9.994118e-01   9.648481e-09   3.127766e-03  -6.576979e-03   1.863564e+00   1.853468e+00   9.996918e-02   1.953129e-10   2.400256e-03   1.867063e+00   1.857176e+00   8.997226e-01   1.750172e-09   2.380840e-03
   173   1.776634e+00   1.758419e+00   9.995122e-01   6.197020e-09   2.892134e-03  -5.237282e-03   1.883836e+00   1.873818e+00   9.997219e-02   1.543387e-10   2.310807e-03   1.886899e+00   1.877094e+00   8.997498e-01   1.387807e-09   2.298352e-03
   174   1.813861e+00   1.795646e+00   9.995959e-01   3.988866e-09   2.680152e-03  -3.773254e-03   1.903910e+00   1.893989e+00   9.997491e-02   1.223304e-10   2.229201e-03   1.906526e+00   1.896823e+00   8.997742e-01   1.104172e-09   2.223648e-03
   175   1.851089e+00   1.832874e+00   9.996658e-01   2.574345e-09   2.491744e-03  -1.982920e-03   1.923748e+00   1.913942e+00   9.997737e-02   9.730689e-11   2.155565e-03   1.925903e+00   1.916323e+00   8.997963e-01   8.819738e-10   2.156936e-03
   176   1.888317e+00   1.870102e+00   9.997243e-01   1.666685e-09   2.326971e-03   2.776563e-05   1.943306e+00   1.933637e+00   9.997958e-02   7.772330e-11   2.090094e-03   1.944981e+00   1.935547e+00   8.998162e-01   7.077111e-10   2.098454e-03
   177   1.925545e+00   1.907329e+00   9.997735e-01   1.083251e-09   2.186701e-03   2.562924e-03   1.962540e+00   1.953029e+00   9.998158e-02   6.236720e-11   2.033322e-03   1.963710e+00   1.954447e+00   8.998342e-01   5.708253e-10   2.048538e-03
   178   1.962772e+00   1.944557e+00   9.998149e-01   7.074429e-10   2.072899e-03   5.786760e-03   1.981422e+00   1.972083e+00   9.998338e-02   5.025007e-11   1.987745e-03   1.982045e+00   1.972975e+00   8.998504e-01   4.628765e-10   2.008459e-03
   179   2.000000e+00   1.981785e+00   9.998500e-01   4.634903e-10   1.995091e-03   8.170514e-03   2.000000e+00   1.990810e+00   9.998500e-02   4.048675e-11   1.962789e-03   2.000000e+00   1.991115e+00   8.998650e-01   3.762458e-10   1.985492e-03
