     i          log_r       log_rmid          m_tot        rho_tot         v2_tot            eta     lgr[heavy]    lgrm[heavy]       m[heavy]     rho[heavy]      v2[heavy]     lgr[light]    lgrm[light]       m[light]     rho[light]      v2[light]
     0  -4.114470e+00  -4.415500e+00   1.019161e-07   6.675422e+05   1.771786e-01            nan  -4.114470e+00  -4.415500e+00   9.998500e-08   6.614017e+05   1.756198e-01  -2.982454e+00  -3.283484e+00   8.998650e-07   2.391446e+03   3.550603e-01
     1  -4.080311e+00  -4.097054e+00   1.288092e-07   6.633990e+05   1.768454e-01            nan  -4.092043e+00  -4.103112e+00   1.166721e-07   6.587665e+05   1.756225e-01  -2.954017e+00  -2.968003e+00   1.050049e-06   1.838768e+03   3.578915e-01
     2  -4.046152e+00  -4.062895e+00   1.628107e-07   6.628074e+05   1.768147e-01            nan  -4.069619e+00  -4.080686e+00   1.361439e-07   6.584808e+05   1.756228e-01  -2.925766e+00  -2.939662e+00   1.225295e-06   1.775799e+03   3.582844e-01
     3  -4.011993e+00  -4.028736e+00   2.057968e-07   6.621407e+05   1.767850e-01            nan  -4.047197e+00  -4.058264e+00   1.588651e-07   6.581645e+05   1.756231e-01  -2.897594e+00  -2.911452e+00   1.429786e-06   1.709987e+03   3.587241e-01
     4  -3.977834e+00  -3.994577e+00   2.601362e-07   6.613907e+05   1.767563e-01            nan  -4.024776e+00  -4.035842e+00   1.853780e-07   6.578144e+05   1.756235e-01  -2.869406e+00  -2.883271e+00   1.668402e-06   1.641466e+03   3.592166e-01
     5  -3.943674e+00  -3.960418e+00   3.288171e-07   6.605349e+05   1.767286e-01            nan  -4.002354e+00  -4.013420e+00   2.163150e-07   6.574269e+05   1.756239e-01  -2.841119e+00  -2.855032e+00   1.946835e-06   1.570439e+03   3.597685e-01
     6  -3.909515e+00  -3.926259e+00   4.156138e-07   6.595668e+05   1.767020e-01            nan  -3.979930e+00  -3.990997e+00   2.524142e-07   6.569979e+05   1.756244e-01  -2.812660e+00  -2.826657e+00   2.271728e-06   1.497174e+03   3.603869e-01
     7  -3.875356e+00  -3.892100e+00   5.252798e-07   6.584509e+05   1.766764e-01            nan  -3.957503e+00  -3.968572e+00   2.945370e-07   6.565231e+05   1.756248e-01  -2.783961e+00  -2.798074e+00   2.650833e-06   1.422007e+03   3.610797e-01
     8  -3.841197e+00  -3.857941e+00   6.638147e-07   6.571843e+05   1.766519e-01            nan  -3.935072e+00  -3.946143e+00   3.436881e-07   6.559974e+05   1.756254e-01  -2.754962e+00  -2.769220e+00   3.093193e-06   1.345339e+03   3.618552e-01
     9  -3.807038e+00  -3.823782e+00   8.387637e-07   6.557127e+05   1.766286e-01            nan  -3.912637e+00  -3.923710e+00   4.010398e-07   6.554156e+05   1.756260e-01  -2.725607e+00  -2.740037e+00   3.609358e-06   1.267657e+03   3.627216e-01
    10  -3.772879e+00  -3.789623e+00   1.059634e-06   6.540403e+05   1.766064e-01            nan  -3.890194e+00  -3.901271e+00   4.679601e-07   6.547717e+05   1.756267e-01  -2.695848e+00  -2.710473e+00   4.211641e-06   1.189558e+03   3.636840e-01
    11  -3.738720e+00  -3.755464e+00   1.338367e-06   6.520853e+05   1.765855e-01            nan  -3.867745e+00  -3.878825e+00   5.460446e-07   6.540589e+05   1.756274e-01  -2.665643e+00  -2.680483e+00   4.914402e-06   1.111615e+03   3.647491e-01
    12  -3.704561e+00  -3.721305e+00   1.689966e-06   6.498634e+05   1.765658e-01            nan  -3.845287e+00  -3.856371e+00   6.371554e-07   6.532701e+05   1.756283e-01  -2.634954e+00  -2.650027e+00   5.734398e-06   1.034416e+03   3.659222e-01
    13  -3.670402e+00  -3.687146e+00   2.133247e-06   6.472571e+05   1.765476e-01            nan  -3.822819e+00  -3.833908e+00   7.434644e-07   6.523972e+05   1.756292e-01  -2.603750e+00  -2.619072e+00   6.691180e-06   9.585418e+02   3.672077e-01
    14  -3.636243e+00  -3.652987e+00   2.691755e-06   6.442922e+05   1.765308e-01            nan  -3.800339e+00  -3.811434e+00   8.675058e-07   6.514313e+05   1.756302e-01  -2.572012e+00  -2.587591e+00   7.807552e-06   8.846883e+02   3.685984e-01
    15  -3.602084e+00  -3.618828e+00   3.394966e-06   6.408191e+05   1.765158e-01            nan  -3.777847e+00  -3.788948e+00   1.012236e-06   6.503626e+05   1.756314e-01  -2.539731e+00  -2.555572e+00   9.110122e-06   8.134811e+02   3.700804e-01
    16  -3.567925e+00  -3.584669e+00   4.279550e-06   6.368652e+05   1.765024e-01            nan  -3.755341e+00  -3.766448e+00   1.181103e-06   6.491803e+05   1.756326e-01  -2.506905e+00  -2.523008e+00   1.062993e-05   7.453840e+02   3.716402e-01
    17  -3.533766e+00  -3.550510e+00   5.391297e-06   6.322435e+05   1.764910e-01            nan  -3.732818e+00  -3.743933e+00   1.378130e-06   6.478726e+05   1.756340e-01  -2.473546e+00  -2.489905e+00   1.240317e-05   6.808458e+02   3.732500e-01
    18  -3.499607e+00  -3.516351e+00   6.786758e-06   6.269898e+05   1.764817e-01            nan  -3.710277e+00  -3.721401e+00   1.608010e-06   6.464264e+05   1.756356e-01  -2.439682e+00  -2.456284e+00   1.447209e-05   6.203616e+02   3.748513e-01
    19  -3.465448e+00  -3.482192e+00   8.536230e-06   6.208646e+05   1.764749e-01            nan  -3.687716e+00  -3.698850e+00   1.876216e-06   6.448271e+05   1.756373e-01  -2.405352e+00  -2.422178e+00   1.688595e-05   5.640922e+02   3.763982e-01
    20  -3.431289e+00  -3.448033e+00   1.072583e-05   6.139310e+05   1.764706e-01            nan  -3.665132e+00  -3.676277e+00   2.189133e-06   6.430592e+05   1.756392e-01  -2.370608e+00  -2.387632e+00   1.970220e-05   5.122393e+02   3.778110e-01
    21  -3.397130e+00  -3.413873e+00   1.346162e-05   6.058702e+05   1.764696e-01            nan  -3.642524e+00  -3.653681e+00   2.554206e-06   6.411051e+05   1.756414e-01  -2.335517e+00  -2.352708e+00   2.298786e-05   4.648761e+02   3.789967e-01
    22  -3.362971e+00  -3.379714e+00   1.687277e-05   5.968035e+05   1.764717e-01            nan  -3.619887e+00  -3.631058e+00   2.980121e-06   6.389459e+05   1.756438e-01  -2.300149e+00  -2.317473e+00   2.682109e-05   4.218546e+02   3.798789e-01
    23  -3.328812e+00  -3.345555e+00   2.111520e-05   5.863187e+05   1.764781e-01            nan  -3.597219e+00  -3.608405e+00   3.477003e-06   6.365606e+05   1.756464e-01  -2.264591e+00  -2.282006e+00   3.129303e-05   3.831476e+02   3.803313e-01
    24  -3.294653e+00  -3.311396e+00   2.637960e-05   5.745847e+05   1.764886e-01            nan  -3.574516e+00  -3.585719e+00   4.056664e-06   6.339265e+05   1.756493e-01  -2.228924e+00  -2.246392e+00   3.650997e-05   3.484186e+02   3.802908e-01
    25  -3.260494e+00  -3.277237e+00   3.288577e-05   5.612032e+05   1.765046e-01            nan  -3.551775e+00  -3.562997e+00   4.732872e-06   6.310186e+05   1.756526e-01  -2.193232e+00  -2.210711e+00   4.259585e-05   3.174463e+02   3.796675e-01
    26  -3.226334e+00  -3.243078e+00   4.091092e-05   5.462746e+05   1.765263e-01            nan  -3.528991e+00  -3.540234e+00   5.521683e-06   6.278098e+05   1.756563e-01  -2.157589e+00  -2.175045e+00   4.969515e-05   2.898409e+02   3.784360e-01
    27  -3.192175e+00  -3.208919e+00   5.074689e-05   5.295928e+05   1.765549e-01            nan  -3.506159e+00  -3.517425e+00   6.441814e-06   6.242704e+05   1.756603e-01  -2.122061e+00  -2.139462e+00   5.797633e-05   2.652771e+02   3.765810e-01
    28  -3.158016e+00  -3.174760e+00   6.277416e-05   5.110300e+05   1.765919e-01            nan  -3.483275e+00  -3.494566e+00   7.515084e-06   6.203683e+05   1.756649e-01  -2.086700e+00  -2.104021e+00   6.763576e-05   2.433720e+02   3.741377e-01
    29  -3.123857e+00  -3.140601e+00   7.739496e-05   4.908202e+05   1.766374e-01            nan  -3.460331e+00  -3.471652e+00   8.766923e-06   6.160687e+05   1.756699e-01  -2.051541e+00  -2.068765e+00   7.890231e-05   2.237893e+02   3.711700e-01
    30  -3.089698e+00  -3.106442e+00   9.504969e-05   4.684789e+05   1.766952e-01            nan  -3.437322e+00  -3.448675e+00   1.022697e-05   6.113340e+05   1.756756e-01  -2.016606e+00  -2.033723e+00   9.204273e-05   2.062029e+02   3.677595e-01
    31  -3.055539e+00  -3.072283e+00   1.162823e-04   4.444873e+05   1.767655e-01            nan  -3.414241e+00  -3.425628e+00   1.192976e-05   6.061237e+05   1.756819e-01  -1.981899e+00  -1.998906e+00   1.073678e-04   1.903205e+02   3.640204e-01
    32  -3.021380e+00  -3.038124e+00   1.416148e-04   4.190239e+05   1.768501e-01            nan  -3.391078e+00  -3.402505e+00   1.391553e-05   6.003943e+05   1.756889e-01  -1.947414e+00  -1.964314e+00   1.252398e-04   1.759017e+02   3.600373e-01
    33  -2.987221e+00  -3.003965e+00   1.715585e-04   3.918167e+05   1.769546e-01            nan  -3.367825e+00  -3.379296e+00   1.623115e-05   5.940995e+05   1.756968e-01  -1.913133e+00  -1.929935e+00   1.460803e-04   1.627212e+02   3.559308e-01
    34  -2.953062e+00  -2.969806e+00   2.067656e-04   3.635005e+05   1.770804e-01   5.112862e-01  -3.344471e+00  -3.355991e+00   1.893121e-05   5.871899e+05   1.757057e-01  -1.879033e+00  -1.895748e+00   1.703808e-04   1.506237e+02   3.517504e-01
    35  -2.918903e+00  -2.935647e+00   2.478174e-04   3.344485e+05   1.772191e-01   5.118363e-01  -3.321006e+00  -3.332580e+00   2.207926e-05   5.796133e+05   1.757156e-01  -1.845084e+00  -1.861727e+00   1.987134e-04   1.394516e+02   3.475879e-01
    36  -2.884744e+00  -2.901488e+00   2.952561e-04   3.050392e+05   1.773813e-01   5.124731e-01  -3.297416e+00  -3.309051e+00   2.574932e-05   5.713151e+05   1.757268e-01  -1.811258e+00  -1.827842e+00   2.317439e-04   1.291137e+02   3.434463e-01
    37  -2.850585e+00  -2.867329e+00   3.494634e-04   2.756744e+05   1.775722e-01   5.131801e-01  -3.273686e+00  -3.285389e+00   3.002750e-05   5.622383e+05   1.757393e-01  -1.777523e+00  -1.794063e+00   2.702475e-04   1.195081e+02   3.393729e-01
    38  -2.816426e+00  -2.833170e+00   4.107881e-04   2.465979e+05   1.778001e-01   5.139470e-01  -3.249801e+00  -3.261579e+00   3.501400e-05   5.523242e+05   1.757535e-01  -1.743854e+00  -1.760362e+00   3.151260e-04   1.105804e+02   3.353382e-01
    39  -2.782267e+00  -2.799011e+00   4.796311e-04   2.184975e+05   1.780682e-01   5.147788e-01  -3.225743e+00  -3.237605e+00   4.082538e-05   5.415130e+05   1.757695e-01  -1.710225e+00  -1.726714e+00   3.674284e-04   1.022671e+02   3.313493e-01
    40  -2.748108e+00  -2.764852e+00   5.561942e-04   1.917822e+05   1.783825e-01   5.156947e-01  -3.201490e+00  -3.213447e+00   4.759714e-05   5.297448e+05   1.757875e-01  -1.676616e+00  -1.693096e+00   4.283742e-04   9.452895e+01   3.273699e-01
    41  -2.713949e+00  -2.730693e+00   6.405950e-04   1.667935e+05   1.787504e-01   5.166648e-01  -3.177020e+00  -3.189083e+00   5.548679e-05   5.169606e+05   1.758080e-01  -1.643011e+00  -1.659489e+00   4.993811e-04   8.732443e+01   3.233810e-01
    42  -2.679790e+00  -2.696533e+00   7.328038e-04   1.437974e+05   1.791796e-01   5.176636e-01  -3.152307e+00  -3.164487e+00   6.467734e-05   5.031039e+05   1.758313e-01  -1.609393e+00  -1.625877e+00   5.820960e-04   8.061747e+01   3.193643e-01
    43  -2.645631e+00  -2.662374e+00   8.319436e-04   1.228488e+05   1.796863e-01   5.186406e-01  -3.127320e+00  -3.139634e+00   7.538125e-05   4.881225e+05   1.758578e-01  -1.575752e+00  -1.592247e+00   6.784313e-04   7.437771e+01   3.152892e-01
    44  -2.611472e+00  -2.628215e+00   9.383516e-04   1.041041e+05   1.802804e-01   5.195609e-01  -3.102028e+00  -3.114490e+00   8.784517e-05   4.719707e+05   1.758881e-01  -1.542076e+00  -1.558588e+00   7.906065e-04   6.856791e+01   3.111726e-01
    45  -2.577313e+00  -2.594056e+00   1.052059e-03   8.762636e+04   1.809668e-01   5.203882e-01  -3.076391e+00  -3.089020e+00   1.023551e-04   4.546122e+05   1.759228e-01  -1.508355e+00  -1.524888e+00   9.211963e-04   6.316284e+01   3.069864e-01
    46  -2.543153e+00  -2.559897e+00   1.173306e-03   7.334278e+04   1.817497e-01   5.210730e-01  -3.050366e+00  -3.063183e+00   1.192428e-04   4.360228e+05   1.759628e-01  -1.474577e+00  -1.491138e+00   1.073185e-03   5.812695e+01   3.027760e-01
    47  -2.508994e+00  -2.525738e+00   1.300701e-03   6.110472e+04   1.826276e-01   5.215882e-01  -3.023903e+00  -3.036933e+00   1.388921e-04   4.161945e+05   1.760090e-01  -1.440731e+00  -1.457325e+00   1.250029e-03   5.343682e+01   2.985351e-01
    48  -2.474835e+00  -2.491579e+00   1.433083e-03   5.059927e+04   1.836671e-01   5.216381e-01  -2.996946e+00  -3.010215e+00   1.617478e-04   3.951395e+05   1.760626e-01  -1.406804e+00  -1.423436e+00   1.455730e-03   4.906595e+01   2.942924e-01
    49  -2.440676e+00  -2.457420e+00   1.573540e-03   4.180337e+04   1.848134e-01   5.213137e-01  -2.969429e+00  -2.982969e+00   1.883238e-04   3.728948e+05   1.761251e-01  -1.372782e+00  -1.389460e+00   1.694914e-03   4.499243e+01   2.900686e-01
    50  -2.406517e+00  -2.423261e+00   1.718945e-03   3.446790e+04   1.860615e-01   5.205642e-01  -2.941278e+00  -2.955125e+00   2.192140e-04   3.495272e+05   1.761984e-01  -1.338655e+00  -1.355383e+00   1.972926e-03   4.119957e+01   2.858538e-01
    51  -2.372358e+00  -2.389102e+00   1.870151e-03   2.836012e+04   1.874799e-01   5.190004e-01  -2.912405e+00  -2.926601e+00   2.551039e-04   3.251381e+05   1.762849e-01  -1.304408e+00  -1.321194e+00   2.295935e-03   3.766772e+01   2.816884e-01
    52  -2.338199e+00  -2.354943e+00   2.029940e-03   2.333638e+04   1.889682e-01   5.168629e-01  -2.882710e+00  -2.897303e+00   2.967831e-04   2.998686e+05   1.763875e-01  -1.270036e+00  -1.286882e+00   2.671048e-03   3.438575e+01   2.775414e-01
    53  -2.304040e+00  -2.320784e+00   2.192898e-03   1.920826e+04   1.905731e-01   5.138596e-01  -2.852076e+00  -2.867123e+00   3.451610e-04   2.739040e+05   1.765101e-01  -1.235529e+00  -1.252440e+00   3.106449e-03   3.133977e+01   2.734164e-01
    54  -2.269881e+00  -2.286625e+00   2.367359e-03   1.583237e+04   1.922166e-01   5.101004e-01  -2.820367e+00  -2.835932e+00   4.012824e-04   2.474768e+05   1.766580e-01  -1.200885e+00  -1.217862e+00   3.611542e-03   2.851773e+01   2.693072e-01
    55  -2.235722e+00  -2.252466e+00   2.544823e-03   1.307530e+04   1.938957e-01   5.054908e-01  -2.787426e+00  -2.803584e+00   4.663463e-04   2.208680e+05   1.768376e-01  -1.166103e+00  -1.183146e+00   4.197117e-03   2.590898e+01   2.651836e-01
    56  -2.201563e+00  -2.218307e+00   2.735611e-03   1.082908e+04   1.955196e-01   5.002296e-01  -2.753066e+00  -2.769906e+00   5.417261e-04   1.944058e+05   1.770578e-01  -1.131182e+00  -1.148292e+00   4.875535e-03   2.349993e+01   2.610703e-01
    57  -2.167404e+00  -2.184148e+00   2.932067e-03   8.997471e+03   1.970711e-01   4.943019e-01  -2.717073e+00  -2.734697e+00   6.289911e-04   1.684600e+05   1.773306e-01  -1.096123e+00  -1.113299e+00   5.660920e-03   2.127987e+01   2.569471e-01
    58  -2.133245e+00  -2.149989e+00   3.142970e-03   7.503100e+03   1.984457e-01   4.880424e-01  -2.679197e+00  -2.697722e+00   7.299314e-04   1.434316e+05   1.776716e-01  -1.060930e+00  -1.078170e+00   6.569382e-03   1.923742e+01   2.528047e-01
    59  -2.099086e+00  -2.115830e+00   3.364127e-03   6.284674e+03   1.995872e-01   4.816383e-01  -2.639148e+00  -2.658711e+00   8.465830e-04   1.197361e+05   1.781022e-01  -1.025605e+00  -1.042909e+00   7.619247e-03   1.736017e+01   2.486708e-01
    60  -2.064927e+00  -2.081671e+00   3.601078e-03   5.282416e+03   2.004805e-01   4.752131e-01  -2.596601e+00  -2.617354e+00   9.812558e-04   9.778118e+04   1.786513e-01  -9.901503e-01  -1.007516e+00   8.831303e-03   1.563806e+01   2.445281e-01
    61  -2.030768e+00  -2.047512e+00   3.854069e-03   4.464080e+03   2.009421e-01   4.695021e-01  -2.551192e+00  -2.573304e+00   1.136562e-03   7.793709e+04   1.793567e-01  -9.545709e-01  -9.719963e-01   1.022906e-02   1.406067e+01   2.403765e-01
    62  -1.996609e+00  -2.013352e+00   4.125365e-03   3.782358e+03   2.011732e-01   4.639436e-01  -2.502538e+00  -2.526184e+00   1.315444e-03   6.050363e+04   1.802674e-01  -9.188695e-01  -9.363534e-01   1.183900e-02   1.261741e+01   2.362375e-01
    63  -1.962450e+00  -1.979193e+00   4.418770e-03   3.222242e+03   2.008345e-01   4.599313e-01  -2.450261e+00  -2.475613e+00   1.521208e-03   4.567587e+04   1.814421e-01  -8.830505e-01  -9.005908e-01   1.369088e-02   1.129942e+01   2.320957e-01
    64  -1.928291e+00  -1.945034e+00   4.734642e-03   2.749700e+03   2.003348e-01   4.561758e-01  -2.394051e+00  -2.421247e+00   1.757548e-03   3.351555e+04   1.829415e-01  -8.471192e-01  -8.647134e-01   1.581793e-02   1.009788e+01   2.279479e-01
    65  -1.894132e+00  -1.910875e+00   5.078811e-03   2.356165e+03   1.993011e-01   4.542564e-01  -2.333750e+00  -2.362855e+00   2.028572e-03   2.393534e+04   1.848056e-01  -8.110794e-01  -8.287256e-01   1.825715e-02   9.003889e+00   2.238139e-01
    66  -1.859973e+00  -1.876716e+00   5.450822e-03   2.020899e+03   1.981801e-01   4.526768e-01  -2.269484e+00  -2.300430e+00   2.338830e-03   1.670384e+04   1.870038e-01  -7.749367e-01  -7.926322e-01   2.104947e-02   8.009860e+00   2.196801e-01
    67  -1.825813e+00  -1.842557e+00   5.857609e-03   1.736796e+03   1.967285e-01   4.525265e-01  -2.201786e+00  -2.234317e+00   2.693323e-03   1.147545e+04   1.893554e-01  -7.386979e-01  -7.564394e-01   2.423991e-02   7.108536e+00   2.155346e-01
    68  -1.791654e+00  -1.808398e+00   6.298105e-03   1.493022e+03   1.952633e-01   4.526703e-01  -2.131659e+00  -2.165309e+00   3.097518e-03   7.841888e+03   1.914513e-01  -7.023694e-01  -7.201539e-01   2.787766e-02   6.292618e+00   2.113962e-01
    69  -1.757495e+00  -1.774239e+00   6.780034e-03   1.283603e+03   1.937113e-01   4.534752e-01  -2.060473e+00  -2.094609e+00   3.557342e-03   5.392804e+03   1.926772e-01  -6.659586e-01  -6.837825e-01   3.201608e-02   5.555665e+00   2.072554e-01
    70  -1.723336e+00  -1.740080e+00   7.302124e-03   1.102893e+03   1.922313e-01   4.543047e-01  -1.989665e+00  -2.023628e+00   4.079169e-03   3.768032e+03   1.924384e-01  -6.294747e-01  -6.473336e-01   3.671252e-02   4.891633e+00   2.031008e-01
    71  -1.689177e+00  -1.705921e+00   7.871404e-03   9.469038e+02   1.908247e-01   4.551330e-01  -1.920371e+00  -1.953638e+00   4.669785e-03   2.687260e+03   1.904973e-01  -5.929284e-01  -6.108173e-01   4.202806e-02   4.294776e+00   1.989300e-01
    72  -1.655018e+00  -1.671762e+00   8.488274e-03   8.117409e+02   1.895742e-01   4.555837e-01  -1.853205e+00  -1.885491e+00   5.336336e-03   1.954070e+03   1.871209e-01  -5.563306e-01  -5.742441e-01   4.802703e-02   3.759564e+00   1.947488e-01
    73  -1.620859e+00  -1.637603e+00   9.157593e-03   6.954863e+02   1.884377e-01   4.557272e-01  -1.788272e+00  -1.819526e+00   6.086254e-03   1.441840e+03   1.828989e-01  -5.196942e-01  -5.376262e-01   5.477629e-02   3.281009e+00   1.905462e-01
    74  -1.586700e+00  -1.603444e+00   9.881968e-03   5.945563e+02   1.875051e-01   4.551989e-01  -1.725343e+00  -1.755669e+00   6.927149e-03   1.073203e+03   1.784360e-01  -4.830349e-01  -5.009779e-01   6.234434e-02   2.854415e+00   1.863110e-01
    75  -1.552541e+00  -1.569285e+00   1.066642e-02   5.082338e+02   1.866651e-01   4.543343e-01  -1.664039e+00  -1.693610e+00   7.866679e-03   8.017467e+02   1.741525e-01  -4.463699e-01  -4.643156e-01   7.080011e-02   2.475332e+00   1.820401e-01
    76  -1.518382e+00  -1.535126e+00   1.151254e-02   4.336520e+02   1.859844e-01   4.529209e-01  -1.603976e+00  -1.632970e+00   8.912390e-03   5.991035e+02   1.702355e-01  -4.097181e-01  -4.276575e-01   8.021151e-02   2.139515e+00   1.777356e-01
    77  -1.484223e+00  -1.500967e+00   1.242920e-02   3.699604e+02   1.853726e-01   4.512954e-01  -1.544846e+00  -1.573405e+00   1.007152e-02   4.470186e+02   1.666821e-01  -3.731008e-01  -3.910236e-01   9.064369e-02   1.843080e+00   1.733875e-01
    78  -1.450064e+00  -1.466808e+00   1.341489e-02   3.154422e+02   1.848383e-01   4.494784e-01  -1.486444e+00  -1.514664e+00   1.135078e-02   3.328951e+02   1.633768e-01  -3.365423e-01  -3.544370e-01   1.021570e-01   1.582377e+00   1.689863e-01
    79  -1.415905e+00  -1.432649e+00   1.448111e-02   2.688089e+02   1.843462e-01   4.477155e-01  -1.428660e+00  -1.456592e+00   1.275612e-02   2.474782e+02   1.601721e-01  -3.000697e-01  -3.179232e-01   1.148050e-01   1.353968e+00   1.645279e-01
    80  -1.381746e+00  -1.398490e+00   1.563123e-02   2.291491e+02   1.838965e-01   4.459550e-01  -1.371450e+00  -1.399114e+00   1.429243e-02   1.837107e+02   1.569559e-01  -2.637111e-01  -2.815100e-01   1.286319e-01   1.154596e+00   1.600167e-01
    81  -1.347587e+00  -1.364331e+00   1.686975e-02   1.951452e+02   1.834754e-01   4.444838e-01  -1.314791e+00  -1.342197e+00   1.596333e-02   1.361618e+02   1.536960e-01  -2.274977e-01  -2.452271e-01   1.436700e-01   9.812752e-01   1.554466e-01
    82  -1.313428e+00  -1.330172e+00   1.821101e-02   1.662415e+02   1.831029e-01   4.430809e-01  -1.258650e+00  -1.285814e+00   1.777087e-02   1.007024e+02   1.504440e-01  -1.914633e-01  -2.091069e-01   1.599378e-01   8.312211e-01   1.508131e-01
    83  -1.279269e+00  -1.296012e+00   1.964904e-02   1.415801e+02   1.827814e-01   4.417950e-01  -1.202982e+00  -1.229925e+00   1.971527e-02   7.425744e+01   1.472857e-01  -1.556431e-01  -1.731840e-01   1.774374e-01   7.018385e-01   1.461200e-01
    84  -1.245110e+00  -1.261853e+00   2.120431e-02   1.205176e+02   1.825433e-01   4.404504e-01  -1.147741e+00  -1.174484e+00   2.179475e-02   5.456699e+01   1.442791e-01  -1.200733e-01  -1.374942e-01   1.961527e-01   5.907227e-01   1.413751e-01
    85  -1.210951e+00  -1.227694e+00   2.288129e-02   1.026359e+02   1.823562e-01   4.390226e-01  -1.092909e+00  -1.119460e+00   2.400535e-02   3.996136e+01   1.414210e-01  -8.479164e-02  -1.020743e-01   2.160481e-01   4.956899e-01   1.365799e-01
    86  -1.176792e+00  -1.193535e+00   2.468294e-02   8.732488e+01   1.822835e-01   4.372832e-01  -1.038507e+00  -1.064857e+00   2.634082e-02   2.918188e+01   1.386576e-01  -4.983641e-02  -6.696244e-02   2.370673e-01   4.147404e-01   1.317403e-01
    87  -1.142632e+00  -1.159376e+00   2.663360e-02   7.433451e+01   1.822567e-01   4.353369e-01  -9.845862e-01  -1.010710e+00   2.879262e-02   2.126412e+01   1.359311e-01  -1.524457e-02  -3.219617e-02   2.591336e-01   3.460407e-01   1.268754e-01
    88  -1.108473e+00  -1.125217e+00   2.872678e-02   6.329668e+01   1.822742e-01   4.331386e-01  -9.312071e-01  -9.570771e-01   3.134998e-02   1.546814e+01   1.332101e-01   1.894705e-02   2.187637e-03   2.821498e-01   2.879632e-01   1.219927e-01
    89  -1.074314e+00  -1.091058e+00   3.098721e-02   5.389620e+01   1.823277e-01   4.307190e-01  -8.784192e-01  -9.040116e-01   3.400006e-02   1.123425e+01   1.304944e-01   5.270312e-02   3.615297e-02   3.060005e-01   2.390423e-01   1.171072e-01
    90  -1.040155e+00  -1.056899e+00   3.343469e-02   4.593752e+01   1.823585e-01   4.281793e-01  -8.262525e-01  -8.515531e-01   3.672816e-02   8.145408e+00   1.277967e-01   8.599134e-02   6.966609e-02   3.305535e-01   1.979700e-01   1.122396e-01
    91  -1.005996e+00  -1.022740e+00   3.606032e-02   3.917017e+01   1.823701e-01   4.255922e-01  -7.747172e-01  -7.997209e-01   3.951809e-02   5.894343e+00   1.251332e-01   1.187812e-01   1.026956e-01   3.556628e-01   1.636039e-01   1.074023e-01
    92  -9.718372e-01  -9.885810e-01   3.890886e-02   3.342389e+01   1.823283e-01   4.229957e-01  -7.238022e-01  -7.485140e-01   4.235249e-02   4.255419e+00   1.225148e-01   1.510467e-01   1.352135e-01   3.811724e-01   1.349299e-01   1.026198e-01
    93  -9.376782e-01  -9.544220e-01   4.198979e-02   2.855210e+01   1.822105e-01   4.203618e-01  -6.734800e-01  -6.979126e-01   4.521329e-02   3.063734e+00   1.199521e-01   1.827649e-01   1.671953e-01   4.069196e-01   1.110761e-01   9.790647e-02
    94  -9.035191e-01  -9.202629e-01   4.531295e-02   2.439665e+01   1.820318e-01   4.178342e-01  -6.237042e-01  -6.478794e-01   4.808216e-02   2.198448e+00   1.174502e-01   2.139173e-01   1.986204e-01   4.327394e-01   9.128200e-02   9.328260e-02
    95  -8.693601e-01  -8.861039e-01   4.892415e-02   2.086443e+01   1.817571e-01   4.152577e-01  -5.744118e-01  -5.983591e-01   5.094094e-02   1.571318e+00   1.150141e-01   2.444895e-01   2.294724e-01   4.584685e-01   7.489705e-02   8.876396e-02
    96  -8.352011e-01  -8.519448e-01   5.283129e-02   1.786028e+01   1.813711e-01   4.126300e-01  -5.255247e-01  -5.492807e-01   5.377208e-02   1.117877e+00   1.126465e-01   2.744713e-01   2.597391e-01   4.839488e-01   6.136388e-02   8.436615e-02
    97  -8.010420e-01  -8.177858e-01   5.706065e-02   1.528797e+01   1.809078e-01   4.100465e-01  -4.769460e-01  -5.005564e-01   5.655903e-02   7.909266e-01   1.103494e-01   3.038571e-01   2.894127e-01   5.090312e-01   5.020874e-02   8.010289e-02
    98  -7.668830e-01  -7.836267e-01   6.166166e-02   1.309609e+01   1.803142e-01   4.073449e-01  -4.285625e-01  -4.520808e-01   5.928652e-02   5.560254e-01   1.081262e-01   3.326450e-01   3.184895e-01   5.335787e-01   4.103111e-02   7.598497e-02
    99  -7.327239e-01  -7.494677e-01   6.664525e-02   1.122527e+01   1.795795e-01   4.045103e-01  -3.802448e-01  -4.037321e-01   6.194091e-02   3.880076e-01   1.059785e-01   3.608372e-01   3.469698e-01   5.574682e-01   3.349295e-02   7.202223e-02
   100  -6.985649e-01  -7.153086e-01   7.204762e-02   9.619160e+00   1.787422e-01   4.016024e-01  -3.318419e-01  -3.553694e-01   6.451030e-02   2.684430e-01   1.039099e-01   3.884393e-01   3.748575e-01   5.805927e-01   2.731131e-02   6.822062e-02
   101  -6.644058e-01  -6.811496e-01   7.792635e-02   8.246139e+00   1.777497e-01   3.985147e-01  -2.831818e-01  -3.068307e-01   6.698469e-02   1.838953e-01   1.019278e-01   4.154605e-01   4.021600e-01   6.028622e-01   2.224892e-02   6.458578e-02
   102  -6.302468e-01  -6.469905e-01   8.430126e-02   7.070892e+00   1.765898e-01   3.952041e-01  -2.340753e-01  -2.579348e-01   6.935597e-02   1.245763e-01   1.000376e-01   4.419125e-01   4.288879e-01   6.242038e-01   1.810876e-02   6.111917e-02
   103  -5.960877e-01  -6.128315e-01   9.120311e-02   6.059078e+00   1.752884e-01   3.916322e-01  -1.843079e-01  -2.084791e-01   7.161799e-02   8.332455e-02   9.824976e-02   4.678101e-01   4.550543e-01   6.445619e-01   1.472649e-02   5.782269e-02
   104  -5.619287e-01  -5.786724e-01   9.870614e-02   5.191365e+00   1.738125e-01   3.877758e-01  -1.336482e-01  -1.582398e-01   7.376638e-02   5.494846e-02   9.657806e-02   4.931698e-01   4.806750e-01   6.638974e-01   1.196662e-02   5.469396e-02
   105  -5.277696e-01  -5.445134e-01   1.068501e-01   4.446782e+00   1.721527e-01   3.835829e-01  -8.186069e-02  -1.069830e-01   7.579851e-02   3.568290e-02   9.502923e-02   5.180105e-01   5.057677e-01   6.821866e-01   9.716538e-03   5.173198e-02
   106  -4.936106e-01  -5.103543e-01   1.156467e-01   3.805882e+00   1.703247e-01   3.789765e-01  -2.871408e-02  -5.447492e-02   7.771330e-02   2.279586e-02   9.361098e-02   5.423521e-01   5.303518e-01   6.994197e-01   7.883937e-03   4.893168e-02
   107  -4.594515e-01  -4.761953e-01   1.251895e-01   3.254864e+00   1.683117e-01   3.738872e-01   2.595141e-02  -5.217967e-04   7.951106e-02   1.433412e-02   9.229115e-02   5.662165e-01   5.544482e-01   7.155996e-01   6.392424e-03   4.628961e-02
   108  -4.252925e-01  -4.420362e-01   1.355309e-01   2.781413e+00   1.661041e-01   3.682857e-01   8.217527e-02   5.497255e-02   8.119333e-02   8.888764e-03   9.100094e-02   5.896260e-01   5.780789e-01   7.307399e-01   5.179541e-03   4.379949e-02
   109  -3.911334e-01  -4.078772e-01   1.466794e-01   2.374141e+00   1.637085e-01   3.620929e-01   1.397588e-01   1.119207e-01   8.276263e-02   5.463009e-03   8.957431e-02   6.126041e-01   6.012670e-01   7.448636e-01   4.193903e-03   4.145569e-02
   110  -3.569744e-01  -3.737181e-01   1.587163e-01   2.023518e+00   1.611308e-01   3.551660e-01   1.981465e-01   1.699331e-01   8.422234e-02   3.356863e-03   8.772533e-02   6.351746e-01   6.240359e-01   7.580011e-01   3.393488e-03   3.925169e-02
   111  -3.228153e-01  -3.395591e-01   1.717072e-01   1.722316e+00   1.583510e-01   3.474531e-01   2.564209e-01   2.282604e-01   8.557652e-02   2.085462e-03   8.511064e-02   6.573616e-01   6.464097e-01   7.701887e-01   2.743939e-03   3.718042e-02
   112  -2.886563e-01  -3.054000e-01   1.856790e-01   1.463601e+00   1.553735e-01   3.388902e-01   3.134635e-01   2.858781e-01   8.682971e-02   1.324248e-03   8.148600e-02   6.791895e-01   6.684127e-01   7.814674e-01   2.217134e-03   3.523551e-02
   113  -2.544972e-01  -2.712410e-01   2.006616e-01   1.241153e+00   1.522194e-01   3.292502e-01   3.682621e-01   3.417265e-01   8.798682e-02   8.653913e-04   7.688289e-02   7.006827e-01   6.900691e-01   7.918814e-01   1.790175e-03   3.340959e-02
   114  -2.203382e-01  -2.370819e-01   2.167379e-01   1.050376e+00   1.488729e-01   3.185012e-01   4.201613e-01   3.949865e-01   8.905301e-02   5.827718e-04   7.160994e-02   7.218652e-01   7.114031e-01   8.014771e-01   1.444354e-03   3.169594e-02
   115  -1.861791e-01  -2.029229e-01   2.339381e-01   8.869350e-01   1.453354e-01   3.065615e-01   4.689103e-01   4.452194e-01   9.003354e-02   4.032955e-04   6.607797e-02   7.427609e-01   7.324387e-01   8.103019e-01   1.164439e-03   3.008782e-02
   116  -1.520201e-01  -1.687638e-01   2.522389e-01   7.469716e-01   1.416230e-01   2.931505e-01   5.145613e-01   4.923353e-01   9.093373e-02   2.855369e-04   6.063203e-02   7.633931e-01   7.531995e-01   8.184036e-01   9.380296e-04   2.857843e-02
   117  -1.178610e-01  -1.346048e-01   2.717246e-01   6.273606e-01   1.377393e-01   2.782271e-01   5.573312e-01   5.364725e-01   9.175884e-02   2.059387e-04   5.548965e-02   7.837846e-01   7.737085e-01   8.258295e-01   7.550240e-04   2.716153e-02
   118  -8.370198e-02  -1.004457e-01   2.923996e-01   5.253542e-01   1.336858e-01   2.617945e-01   5.975024e-01   5.778811e-01   9.251402e-02   1.507577e-04   5.075274e-02   8.039578e-01   7.939883e-01   8.326262e-01   6.072122e-04   2.583093e-02
   119  -4.954293e-02  -6.628670e-02   3.142036e-01   4.384966e-01   1.294754e-01   2.435063e-01   6.353677e-01   6.168476e-01   9.320429e-02   1.116906e-04   4.645172e-02   8.239339e-01   8.140607e-01   8.388386e-01   4.879199e-04   2.458064e-02
   120  -1.538388e-02  -3.212765e-02   3.371886e-01   3.647245e-01   1.251220e-01   2.235173e-01   6.712049e-01   6.536559e-01   9.383445e-02   8.354776e-05   4.257813e-02   8.437339e-01   8.339467e-01   8.445100e-01   3.917200e-04   2.340517e-02
   121   1.877517e-02   2.031401e-03   3.613019e-01   3.022261e-01   1.206326e-01   2.018614e-01   7.052591e-01   6.885657e-01   9.440910e-02   6.299784e-05   3.910133e-02   8.633773e-01   8.536666e-01   8.496819e-01   3.142074e-04   2.229921e-02
   122   5.293422e-02   3.619045e-02   3.864786e-01   2.494410e-01   1.160265e-01   1.784667e-01   7.377471e-01   7.218068e-01   9.493262e-02   4.781522e-05   3.598438e-02   8.828833e-01   8.732398e-01   8.543935e-01   2.518063e-04   2.125771e-02
   123   8.709327e-02   7.034950e-02   4.126940e-01   2.049845e-01   1.113190e-01   1.537346e-01   7.688582e-01   7.535812e-01   9.540910e-02   3.648985e-05   3.318980e-02   9.022696e-01   8.926846e-01   8.586819e-01   2.016153e-04   2.027598e-02
   124   1.212523e-01   1.045085e-01   4.398097e-01   1.676760e-01   1.065269e-01   1.276184e-01   7.987557e-01   7.840642e-01   9.584241e-02   2.797457e-05   3.068027e-02   9.215534e-01   9.120185e-01   8.625817e-01   1.612816e-04   1.934972e-02
   125   1.554114e-01   1.386676e-01   4.677678e-01   1.364889e-01   1.016721e-01   1.013498e-01   8.275822e-01   8.134081e-01   9.623618e-02   2.152800e-05   2.842345e-02   9.407506e-01   9.312581e-01   8.661256e-01   1.288996e-04   1.847481e-02
   126   1.895704e-01   1.728266e-01   4.964317e-01   1.105159e-01   9.678048e-02   7.403445e-02   8.554620e-01   8.417458e-01   9.659376e-02   1.661989e-05   2.638907e-02   9.598762e-01   9.504186e-01   8.693438e-01   1.029263e-04   1.764746e-02
   127   2.237295e-01   2.069857e-01   5.256500e-01   8.899528e-02   9.186845e-02   4.846136e-02   8.825033e-01   8.691931e-01   9.691827e-02   1.286502e-05   2.455110e-02   9.789441e-01   9.695148e-01   8.722644e-01   8.211288e-05   1.686419e-02
   128   2.578885e-01   2.411447e-01   5.552941e-01   7.124037e-02   8.696856e-02   2.320144e-02   9.088023e-01   8.958518e-01   9.721261e-02   9.980276e-06   2.288665e-02   9.979675e-01   9.885600e-01   8.749135e-01   6.545017e-05   1.612182e-02
   129   2.920476e-01   2.753038e-01   5.851556e-01   5.667364e-02   8.210333e-02  -3.254892e-04   9.344423e-01   9.218115e-01   9.747945e-02   7.756760e-06   2.137514e-02   1.016958e+00   1.007567e+00   8.773151e-01   5.212316e-05   1.541738e-02
   130   3.262066e-01   3.094628e-01   6.150853e-01   4.479111e-02   7.729622e-02  -2.088722e-02   9.594979e-01   9.471508e-01   9.772124e-02   6.037698e-06   1.999928e-02   1.035928e+00   1.026547e+00   8.794912e-01   4.147413e-05   1.474817e-02
   131   3.603657e-01   3.436219e-01   6.448791e-01   3.515509e-02   7.257934e-02  -4.074465e-02   9.840354e-01   9.719399e-01   9.794025e-02   4.705357e-06   1.874356e-02   1.054886e+00   1.045510e+00   8.814623e-01   3.297291e-05   1.411174e-02
   132   3.945247e-01   3.777809e-01   6.740599e-01   2.738049e-02   6.795365e-02  -5.576178e-02   1.008113e+00   9.962411e-01   9.813854e-02   3.670743e-06   1.759434e-02   1.073842e+00   1.064468e+00   8.832469e-01   2.619254e-05   1.350584e-02
   133   4.286838e-01   4.119400e-01   7.026616e-01   2.114896e-02   6.345078e-02  -6.946008e-02   1.031783e+00   1.020109e+00   9.831802e-02   2.865914e-06   1.654001e-02   1.092805e+00   1.083427e+00   8.848622e-01   2.078960e-05   1.292844e-02
   134   4.628428e-01   4.460990e-01   7.305172e-01   1.620696e-02   5.910447e-02  -8.142062e-02   1.055093e+00   1.043594e+00   9.848042e-02   2.238951e-06   1.557025e-02   1.111783e+00   1.102398e+00   8.863237e-01   1.648810e-05   1.237768e-02
   135   4.970019e-01   4.802581e-01   7.572729e-01   1.231907e-02   5.492684e-02  -8.960023e-02   1.078083e+00   1.066740e+00   9.862732e-02   1.749994e-06   1.467597e-02   1.130782e+00   1.121386e+00   8.876458e-01   1.306650e-05   1.185187e-02
   136   5.311609e-01   5.144171e-01   7.826963e-01   9.270156e-03   5.091917e-02  -9.665122e-02   1.100792e+00   1.089586e+00   9.876016e-02   1.368333e-06   1.384926e-02   1.149808e+00   1.140399e+00   8.888415e-01   1.034714e-05   1.134948e-02
   137   5.653199e-01   5.485762e-01   8.068936e-01   6.915592e-03   4.711413e-02  -1.021936e-01   1.123251e+00   1.112167e+00   9.888027e-02   1.070196e-06   1.308323e-02   1.168868e+00   1.159443e+00   8.899225e-01   8.187685e-06   1.086912e-02
   138   5.994790e-01   5.827352e-01   8.293130e-01   5.109812e-03   4.351391e-02  -1.062949e-01   1.145493e+00   1.134514e+00   9.898885e-02   8.371692e-07   1.237181e-02   1.187967e+00   1.178523e+00   8.908996e-01   6.474261e-06   1.040952e-02
   139   6.336380e-01   6.168943e-01   8.502721e-01   3.738202e-03   4.012470e-02  -1.090485e-01   1.167542e+00   1.156657e+00   9.908698e-02   6.549536e-07   1.170964e-02   1.207108e+00   1.197643e+00   8.917828e-01   5.115821e-06   9.969539e-03
   140   6.677971e-01   6.510533e-01   8.693347e-01   2.708505e-03   3.695265e-02  -1.104050e-01   1.189423e+00   1.178621e+00   9.917565e-02   5.124234e-07   1.109200e-02   1.226297e+00   1.216809e+00   8.925808e-01   4.039657e-06   9.548114e-03
   141   7.019561e-01   6.852124e-01   8.868082e-01   1.942872e-03   3.399763e-02  -1.107721e-01   1.211159e+00   1.200427e+00   9.925576e-02   4.009111e-07   1.051475e-02   1.245536e+00   1.236023e+00   8.933019e-01   3.187760e-06   9.144287e-03
   142   7.361152e-01   7.193714e-01   9.023910e-01   1.379963e-03   3.125819e-02  -1.101540e-01   1.232767e+00   1.222097e+00   9.932813e-02   3.136533e-07   9.974248e-03   1.264828e+00   1.255289e+00   8.939532e-01   2.513892e-06   8.757176e-03
   143   7.702742e-01   7.535305e-01   9.163316e-01   9.712552e-04   2.872935e-02  -1.085918e-01   1.254265e+00   1.243649e+00   9.939350e-02   2.453685e-07   9.467280e-03   1.284176e+00   1.274610e+00   8.945415e-01   1.981231e-06   8.385975e-03
   144   8.044333e-01   7.876895e-01   9.286934e-01   6.768078e-04   2.640334e-02  -1.060429e-01   1.275668e+00   1.265098e+00   9.945254e-02   1.919298e-07   8.990988e-03   1.303583e+00   1.293988e+00   8.950729e-01   1.560483e-06   8.029938e-03
   145   8.385923e-01   8.218486e-01   9.394109e-01   4.676426e-04   2.427062e-02  -1.026664e-01   1.296991e+00   1.286461e+00   9.950586e-02   1.501104e-07   8.542839e-03   1.323049e+00   1.313425e+00   8.955527e-01   1.228362e-06   7.688381e-03
   146   8.727514e-01   8.560076e-01   9.487441e-01   3.205459e-04   2.231931e-02  -9.854131e-02   1.318246e+00   1.307748e+00   9.955400e-02   1.173858e-07   8.120582e-03   1.342576e+00   1.332922e+00   8.959860e-01   9.663743e-07   7.360667e-03
   147   9.069104e-01   8.901667e-01   9.568102e-01   2.180389e-04   2.053731e-02  -9.375015e-02   1.339443e+00   1.328974e+00   9.959747e-02   9.178063e-08   7.722215e-03   1.362166e+00   1.352482e+00   8.963772e-01   7.598429e-07   7.046210e-03
   148   9.410695e-01   9.243257e-01   9.637225e-01   1.473069e-04   1.891120e-02  -8.839905e-02   1.360593e+00   1.350147e+00   9.963672e-02   7.174837e-08   7.345951e-03   1.381819e+00   1.372104e+00   8.967304e-01   5.971321e-07   6.744461e-03
   149   9.752285e-01   9.584848e-01   9.695561e-01   9.894564e-05   1.742675e-02  -8.268973e-02   1.381705e+00   1.371277e+00   9.967214e-02   5.607839e-08   6.990191e-03   1.401535e+00   1.391789e+00   8.970493e-01   4.690227e-07   6.454912e-03
   150   1.009388e+00   9.926438e-01   9.745051e-01   6.613360e-05   1.607099e-02  -7.672936e-02   1.402785e+00   1.392373e+00   9.970413e-02   4.382276e-08   6.653500e-03   1.421315e+00   1.411538e+00   8.973371e-01   3.682167e-07   6.177085e-03
   151   1.043547e+00   1.026803e+00   9.786827e-01   4.401698e-05   1.483152e-02  -7.071979e-02   1.423841e+00   1.413441e+00   9.973300e-02   3.423926e-08   6.334593e-03   1.441158e+00   1.431350e+00   8.975970e-01   2.889408e-07   5.910536e-03
   152   1.077706e+00   1.060962e+00   9.822006e-01   2.919270e-05   1.369739e-02  -6.473383e-02   1.444879e+00   1.434487e+00   9.975905e-02   2.674672e-08   6.032309e-03   1.461064e+00   1.451225e+00   8.978315e-01   2.266317e-07   5.654847e-03
   153   1.111865e+00   1.095121e+00   9.851488e-01   1.930972e-05   1.265759e-02  -5.892658e-02   1.465903e+00   1.455518e+00   9.978257e-02   2.089011e-08   5.745602e-03   1.481031e+00   1.471162e+00   8.980432e-01   1.776847e-07   5.409627e-03
   154   1.146024e+00   1.129280e+00   9.875947e-01   1.274674e-05   1.170285e-02  -5.338982e-02   1.486918e+00   1.476538e+00   9.980380e-02   1.631319e-08   5.473525e-03   1.501059e+00   1.491160e+00   8.982342e-01   1.392546e-07   5.174509e-03
   155   1.180183e+00   1.163439e+00   9.896394e-01   8.401926e-06   1.082498e-02  -4.818864e-02   1.507928e+00   1.497550e+00   9.982296e-02   1.273710e-08   5.215219e-03   1.521146e+00   1.511219e+00   8.984066e-01   1.090970e-07   4.949149e-03
   156   1.214342e+00   1.197598e+00   9.913500e-01   5.532531e-06   1.001673e-02  -4.333598e-02   1.528935e+00   1.518558e+00   9.984025e-02   9.943603e-09   4.969906e-03   1.541290e+00   1.531335e+00   8.985622e-01   8.544282e-08   4.733223e-03
   157   1.248501e+00   1.231757e+00   9.927779e-01   3.640820e-06   9.271893e-03  -3.888168e-02   1.549941e+00   1.539565e+00   9.985585e-02   7.761902e-09   4.736880e-03   1.561488e+00   1.551506e+00   8.987027e-01   6.689827e-08   4.526431e-03
   158   1.282660e+00   1.265916e+00   9.939654e-01   2.395423e-06   8.584538e-03  -3.478002e-02   1.570947e+00   1.560571e+00   9.986993e-02   6.058374e-09   4.515500e-03   1.581738e+00   1.571731e+00   8.988294e-01   5.236618e-08   4.328490e-03
   159   1.316819e+00   1.300075e+00   9.949499e-01   1.576064e-06   7.949763e-03  -3.109743e-02   1.591954e+00   1.581578e+00   9.988264e-02   4.728496e-09   4.305185e-03   1.602035e+00   1.592005e+00   8.989438e-01   4.098325e-08   4.139140e-03
   160   1.350978e+00   1.334234e+00   9.957727e-01   1.037247e-06   7.363098e-03  -2.774954e-02   1.612962e+00   1.602585e+00   9.989411e-02   3.690522e-09   4.105408e-03   1.622377e+00   1.612325e+00   8.990470e-01   3.207067e-08   3.958140e-03
   161   1.385137e+00   1.368393e+00   9.964614e-01   6.829662e-07   6.820653e-03  -2.473166e-02   1.633969e+00   1.623592e+00   9.990446e-02   2.880537e-09   3.915691e-03   1.642757e+00   1.632686e+00   8.991401e-01   2.509499e-08   3.785271e-03
   162   1.419296e+00   1.402552e+00   9.970345e-01   4.499681e-07   6.318873e-03  -2.203500e-02   1.654972e+00   1.644597e+00   9.991379e-02   2.248579e-09   3.735607e-03   1.663169e+00   1.653083e+00   8.992241e-01   1.963721e-08   3.620335e-03
   163   1.453455e+00   1.436711e+00   9.975105e-01   2.966712e-07   5.854571e-03  -1.960158e-02   1.675968e+00   1.665597e+00   9.992222e-02   1.755599e-09   3.564773e-03   1.683608e+00   1.673509e+00   8.993000e-01   1.536842e-08   3.463157e-03
   164   1.487614e+00   1.470871e+00   9.979104e-01   1.957560e-07   5.424934e-03  -1.743768e-02   1.696952e+00   1.686587e+00   9.992982e-02   1.371092e-09   3.402848e-03   1.704063e+00   1.693956e+00   8.993684e-01   1.203057e-08   3.313585e-03
   165   1.521773e+00   1.505030e+00   9.982458e-01   1.292926e-07   5.027441e-03  -1.548894e-02   1.717918e+00   1.707562e+00   9.993668e-02   1.071224e-09   3.249534e-03   1.724526e+00   1.714415e+00   8.994301e-01   9.421290e-09   3.171493e-03
   166   1.555932e+00   1.539189e+00   9.985239e-01   8.547521e-08   4.659757e-03  -1.372401e-02   1.738858e+00   1.728514e+00   9.994287e-02   8.373871e-10   3.104577e-03   1.744985e+00   1.734876e+00   8.994858e-01   7.381980e-09   3.036782e-03
   167   1.590091e+00   1.573348e+00   9.987580e-01   5.656330e-08   4.319832e-03  -1.215807e-02   1.759761e+00   1.749435e+00   9.994845e-02   6.550504e-10   2.967761e-03   1.765425e+00   1.755325e+00   8.995361e-01   5.788383e-09   2.909381e-03
   168   1.624250e+00   1.607507e+00   9.989552e-01   3.747323e-08   4.005891e-03  -1.070716e-02   1.780614e+00   1.770313e+00   9.995349e-02   5.128731e-10   2.838914e-03   1.785832e+00   1.775748e+00   8.995814e-01   4.543203e-09   2.789250e-03
   169   1.658410e+00   1.641666e+00   9.991197e-01   2.485438e-08   3.716293e-03  -9.360648e-03   1.801404e+00   1.791133e+00   9.995804e-02   4.020052e-10   2.717903e-03   1.806185e+00   1.796128e+00   8.996223e-01   3.570287e-09   2.676382e-03
   170   1.692569e+00   1.675825e+00   9.992582e-01   1.650437e-08   3.449563e-03  -8.128292e-03   1.822111e+00   1.811881e+00   9.996214e-02   3.155422e-10   2.604640e-03   1.826462e+00   1.816442e+00   8.996593e-01   2.810058e-09   2.570805e-03
   171   1.726728e+00   1.709984e+00   9.993754e-01   1.097476e-08   3.204654e-03  -6.882630e-03   1.842713e+00   1.832534e+00   9.996584e-02   2.480990e-10   2.499078e-03   1.846638e+00   1.836667e+00   8.996926e-01   2.215923e-09   2.472581e-03
   172   1.760887e+00   1.744143e+00   9.994736e-01   7.308703e-09   2.980604e-03  -5.649765e-03   1.863186e+00   1.853070e+00   9.996918e-02   1.954762e-10   2.401214e-03   1.866683e+00   1.856776e+00   8.997226e-01   1.751462e-09   2.381809e-03
   173   1.795046e+00   1.778302e+00   9.995566e-01   4.875181e-09   2.776480e-03  -4.407064e-03   1.883499e+00   1.873461e+00   9.997219e-02   1.544002e-10   2.311084e-03   1.886561e+00   1.876736e+00   8.997498e-01   1.388215e-09   2.298624e-03
   174   1.829205e+00   1.812461e+00   9.996272e-01   3.258472e-09   2.592167e-03  -2.903841e-03   1.903619e+00   1.893675e+00   9.997491e-02   1.223192e-10   2.228768e-03   1.906236e+00   1.896510e+00   8.997742e-01   1.103953e-09   2.223197e-03
   175   1.863364e+00   1.846620e+00   9.996869e-01   2.183071e-09   2.427645e-03  -1.277239e-03   1.923506e+00   1.913676e+00   9.997737e-02   9.724478e-11   2.154385e-03   1.925663e+00   1.916058e+00   8.997963e-01   8.813171e-10   2.155726e-03
   176   1.897523e+00   1.880779e+00   9.997375e-01   1.466593e-09   2.282797e-03   6.501854e-04   1.943117e+00   1.933422e+00   9.997958e-02   7.762646e-11   2.088121e-03   1.944795e+00   1.935334e+00   8.998162e-01   7.067577e-10   2.096445e-03
   177   1.931682e+00   1.914938e+00   9.997809e-01   9.886147e-10   2.158619e-03   3.162779e-03   1.962409e+00   1.952870e+00   9.998158e-02   6.224796e-11   2.030493e-03   1.963581e+00   1.954290e+00   8.998342e-01   5.696802e-10   2.045681e-03
   178   1.965841e+00   1.949097e+00   9.998181e-01   6.693115e-10   2.057723e-03   6.302324e-03   1.981354e+00   1.971985e+00   9.998338e-02   5.011834e-11   1.983954e-03   1.981979e+00   1.972877e+00   8.998504e-01   4.616218e-10   2.004677e-03
   179   2.000000e+00   1.983256e+00   9.998500e-01   4.540138e-10   1.988790e-03   8.251161e-03   2.000000e+00   1.990777e+00   9.998500e-02   4.034827e-11   1.957992e-03   2.000000e+00   1.991083e+00   8.998650e-01   3.749388e-10   1.980722e-03
