     i          log_r       log_rmid          m_tot        rho_tot         v2_tot            eta     lgr[heavy]    lgrm[heavy]       m[heavy]     rho[heavy]      v2[heavy]     lgr[light]    lgrm[light]       m[light]     rho[light]      v2[light]
     0  -4.251778e+00  -4.552808e+00   1.026785e-07   1.723920e+06   1.823665e-01            nan  -4.251778e+00  -4.552808e+00   9.998500e-08   1.707617e+06   1.807736e-01  -3.037734e+00  -3.338764e+00   8.998650e-07   3.503481e+03   3.655324e-01
     1  -4.216852e+00  -4.233964e+00   1.302999e-07   1.709099e+06   1.818762e-01            nan  -4.229323e+00  -4.240405e+00   1.166721e-07   1.698497e+06   1.807764e-01  -3.005490e+00  -3.021312e+00   1.050049e-06   2.343653e+03   3.699222e-01
     2  -4.181926e+00  -4.199038e+00   1.653794e-07   1.707002e+06   1.818332e-01            nan  -4.206872e+00  -4.217952e+00   1.361439e-07   1.697508e+06   1.807767e-01  -2.973530e+00  -2.989216e+00   1.225295e-06   2.210415e+03   3.706151e-01
     3  -4.147000e+00  -4.164112e+00   2.099285e-07   1.704637e+06   1.817923e-01            nan  -4.184423e+00  -4.195503e+00   1.588651e-07   1.696414e+06   1.807770e-01  -2.941687e+00  -2.957316e+00   1.429786e-06   2.076806e+03   3.713922e-01
     4  -4.112074e+00  -4.129186e+00   2.664972e-07   1.701989e+06   1.817531e-01            nan  -4.161975e+00  -4.173054e+00   1.853780e-07   1.695205e+06   1.807774e-01  -2.909825e+00  -2.925464e+00   1.668402e-06   1.943579e+03   3.722616e-01
     5  -4.077147e+00  -4.094260e+00   3.383178e-07   1.698949e+06   1.817159e-01            nan  -4.139526e+00  -4.150605e+00   2.163150e-07   1.693867e+06   1.807778e-01  -2.877832e+00  -2.893534e+00   1.946835e-06   1.811557e+03   3.732311e-01
     6  -4.042221e+00  -4.059333e+00   4.294838e-07   1.695520e+06   1.816806e-01            nan  -4.117074e+00  -4.128155e+00   2.524142e-07   1.692387e+06   1.807783e-01  -2.845615e+00  -2.861425e+00   2.271728e-06   1.681597e+03   3.743087e-01
     7  -4.007295e+00  -4.024407e+00   5.451827e-07   1.691554e+06   1.816470e-01            nan  -4.094619e+00  -4.105701e+00   2.945370e-07   1.690750e+06   1.807788e-01  -2.813101e+00  -2.829054e+00   2.650833e-06   1.554620e+03   3.754997e-01
     8  -3.972369e+00  -3.989481e+00   6.919602e-07   1.687035e+06   1.816153e-01            nan  -4.072157e+00  -4.083243e+00   3.436881e-07   1.688940e+06   1.807793e-01  -2.780233e+00  -2.796356e+00   3.093193e-06   1.431704e+03   3.767993e-01
     9  -3.937443e+00  -3.954555e+00   8.781230e-07   1.681810e+06   1.815854e-01            nan  -4.049689e+00  -4.060778e+00   4.010398e-07   1.686937e+06   1.807799e-01  -2.746971e+00  -2.763283e+00   3.609358e-06   1.313642e+03   3.782052e-01
    10  -3.902517e+00  -3.919629e+00   1.114084e-06   1.675792e+06   1.815574e-01            nan  -4.027213e+00  -4.038306e+00   4.679601e-07   1.684721e+06   1.807806e-01  -2.713288e+00  -2.729803e+00   4.211641e-06   1.201105e+03   3.797123e-01
    11  -3.867591e+00  -3.884703e+00   1.413079e-06   1.668856e+06   1.815311e-01            nan  -4.004726e+00  -4.015824e+00   5.460446e-07   1.682271e+06   1.807814e-01  -2.679173e+00  -2.695896e+00   4.914402e-06   1.094819e+03   3.812994e-01
    12  -3.832665e+00  -3.849777e+00   1.791618e-06   1.660802e+06   1.815068e-01            nan  -3.982228e+00  -3.993331e+00   6.371554e-07   1.679560e+06   1.807823e-01  -2.644637e+00  -2.661562e+00   5.734398e-06   9.954234e+02   3.829280e-01
    13  -3.797738e+00  -3.814850e+00   2.270606e-06   1.651562e+06   1.814844e-01            nan  -3.959716e+00  -3.970826e+00   7.434644e-07   1.676563e+06   1.807832e-01  -2.609698e+00  -2.626817e+00   6.691180e-06   9.031103e+02   3.845683e-01
    14  -3.762812e+00  -3.779924e+00   2.876060e-06   1.640771e+06   1.814641e-01            nan  -3.937188e+00  -3.948306e+00   8.675058e-07   1.673249e+06   1.807843e-01  -2.574396e+00  -2.591689e+00   7.807552e-06   8.181905e+02   3.861556e-01
    15  -3.727886e+00  -3.744998e+00   3.640666e-06   1.628463e+06   1.814459e-01            nan  -3.914644e+00  -3.925770e+00   1.012236e-06   1.669584e+06   1.807854e-01  -2.538782e+00  -2.556224e+00   9.110122e-06   7.406968e+02   3.876188e-01
    16  -3.692960e+00  -3.710072e+00   4.605043e-06   1.614040e+06   1.814300e-01            nan  -3.892080e+00  -3.903215e+00   1.181103e-06   1.665533e+06   1.807868e-01  -2.502916e+00  -2.520479e+00   1.062993e-05   6.703809e+02   3.888948e-01
    17  -3.658034e+00  -3.675146e+00   5.819605e-06   1.597655e+06   1.814163e-01            nan  -3.869493e+00  -3.880640e+00   1.378130e-06   1.661056e+06   1.807882e-01  -2.466874e+00  -2.484521e+00   1.240317e-05   6.071615e+02   3.898696e-01
    18  -3.623108e+00  -3.640220e+00   7.346941e-06   1.578543e+06   1.814054e-01            nan  -3.846882e+00  -3.858041e+00   1.608010e-06   1.656108e+06   1.807898e-01  -2.430728e+00  -2.448425e+00   1.447209e-05   5.504793e+02   3.904864e-01
    19  -3.588182e+00  -3.605294e+00   9.263439e-06   1.556887e+06   1.813972e-01            nan  -3.824244e+00  -3.835416e+00   1.876216e-06   1.650642e+06   1.807916e-01  -2.394560e+00  -2.412268e+00   1.688595e-05   5.000168e+02   3.906378e-01
    20  -3.553255e+00  -3.570368e+00   1.166371e-05   1.531811e+06   1.813923e-01            nan  -3.801575e+00  -3.812761e+00   2.189133e-06   1.644604e+06   1.807936e-01  -2.358444e+00  -2.376127e+00   1.970220e-05   4.551232e+02   3.902873e-01
    21  -3.518329e+00  -3.535441e+00   1.466094e-05   1.503560e+06   1.813905e-01            nan  -3.778871e+00  -3.790075e+00   2.554206e-06   1.637937e+06   1.807958e-01  -2.322448e+00  -2.340073e+00   2.298786e-05   4.153159e+02   3.893787e-01
    22  -3.483403e+00  -3.500515e+00   1.839408e-05   1.471088e+06   1.813930e-01            nan  -3.756130e+00  -3.767352e+00   2.980121e-06   1.630577e+06   1.807983e-01  -2.286629e+00  -2.304170e+00   2.682109e-05   3.799662e+02   3.879175e-01
    23  -3.448477e+00  -3.465589e+00   2.302668e-05   1.434910e+06   1.813994e-01            nan  -3.733346e+00  -3.744588e+00   3.477003e-06   1.622457e+06   1.808010e-01  -2.251033e+00  -2.268466e+00   3.129303e-05   3.485568e+02   3.859179e-01
    24  -3.413551e+00  -3.430663e+00   2.875356e-05   1.393625e+06   1.814114e-01            nan  -3.710514e+00  -3.721780e+00   4.056664e-06   1.613499e+06   1.808041e-01  -2.215689e+00  -2.233002e+00   3.650997e-05   3.205499e+02   3.834279e-01
    25  -3.378625e+00  -3.395737e+00   3.580634e-05   1.348157e+06   1.814286e-01            nan  -3.687631e+00  -3.698922e+00   4.732872e-06   1.603624e+06   1.808075e-01  -2.180615e+00  -2.197798e+00   4.259585e-05   2.954693e+02   3.805278e-01
    26  -3.343699e+00  -3.360811e+00   4.443630e-05   1.297252e+06   1.814528e-01            nan  -3.664688e+00  -3.676008e+00   5.521683e-06   1.592742e+06   1.808113e-01  -2.145815e+00  -2.162866e+00   4.969515e-05   2.729098e+02   3.772814e-01
    27  -3.308772e+00  -3.325885e+00   5.496310e-05   1.241629e+06   1.814845e-01            nan  -3.641681e+00  -3.653032e+00   6.441814e-06   1.580758e+06   1.808156e-01  -2.111279e+00  -2.128204e+00   5.797633e-05   2.524755e+02   3.738040e-01
    28  -3.273846e+00  -3.290958e+00   6.768864e-05   1.181270e+06   1.815250e-01            nan  -3.618601e+00  -3.629988e+00   7.515084e-06   1.567568e+06   1.808204e-01  -2.076993e+00  -2.093798e+00   6.763576e-05   2.338895e+02   3.701479e-01
    29  -3.238920e+00  -3.256032e+00   8.299374e-05   1.115662e+06   1.815768e-01            nan  -3.595441e+00  -3.606867e+00   8.766923e-06   1.553063e+06   1.808257e-01  -2.042930e+00  -2.059628e+00   7.890231e-05   2.168598e+02   3.664184e-01
    30  -3.203994e+00  -3.221106e+00   1.012889e-04   1.046351e+06   1.816403e-01            nan  -3.572191e+00  -3.583660e+00   1.022697e-05   1.537122e+06   1.808317e-01  -2.009065e+00  -2.025668e+00   9.204273e-05   2.012068e+02   3.626420e-01
    31  -3.169068e+00  -3.186180e+00   1.229131e-04   9.736644e+05   1.817182e-01            nan  -3.548841e+00  -3.560359e+00   1.192976e-05   1.519621e+06   1.808384e-01  -1.975365e+00  -1.991888e+00   1.073678e-04   1.867314e+02   3.588920e-01
    32  -3.134142e+00  -3.151254e+00   1.482765e-04   8.974945e+05   1.818152e-01            nan  -3.525380e+00  -3.536952e+00   1.391553e-05   1.500424e+06   1.808460e-01  -1.941801e+00  -1.958258e+00   1.252398e-04   1.733229e+02   3.551633e-01
    33  -3.099216e+00  -3.116328e+00   1.778010e-04   8.199960e+05   1.819325e-01            nan  -3.501794e+00  -3.513427e+00   1.623115e-05   1.479393e+06   1.808545e-01  -1.908341e+00  -1.924748e+00   1.460803e-04   1.608483e+02   3.514980e-01
    34  -3.064290e+00  -3.081402e+00   2.118403e-04   7.422297e+05   1.820741e-01            nan  -3.478070e+00  -3.489770e+00   1.893121e-05   1.456379e+06   1.808640e-01  -1.874960e+00  -1.891330e+00   1.703808e-04   1.492417e+02   3.478628e-01
    35  -3.029363e+00  -3.046475e+00   2.506898e-04   6.653332e+05   1.822448e-01            nan  -3.454191e+00  -3.465966e+00   2.207926e-05   1.431231e+06   1.808748e-01  -1.841630e+00  -1.857975e+00   1.987134e-04   1.384098e+02   3.442830e-01
    36  -2.994437e+00  -3.011549e+00   2.945682e-04   5.904533e+05   1.824468e-01   5.131944e-01  -3.430139e+00  -3.441998e+00   2.574932e-05   1.403794e+06   1.808870e-01  -1.808333e+00  -1.824662e+00   2.317439e-04   1.283136e+02   3.407044e-01
    37  -2.959511e+00  -2.976623e+00   3.436051e-04   5.186885e+05   1.826785e-01   5.140140e-01  -3.405894e+00  -3.417847e+00   3.002750e-05   1.373912e+06   1.809008e-01  -1.775045e+00  -1.791370e+00   2.702475e-04   1.188815e+02   3.371501e-01
    38  -2.924585e+00  -2.941697e+00   3.978370e-04   4.510778e+05   1.829538e-01   5.149003e-01  -3.381432e+00  -3.393491e+00   3.501400e-05   1.341428e+06   1.809165e-01  -1.741753e+00  -1.758080e+00   3.151260e-04   1.100852e+02   3.335627e-01
    39  -2.889659e+00  -2.906771e+00   4.572233e-04   3.884651e+05   1.832806e-01   5.158381e-01  -3.356728e+00  -3.368904e+00   4.082538e-05   1.306194e+06   1.809344e-01  -1.708443e+00  -1.724779e+00   3.674284e-04   1.018740e+02   3.299495e-01
    40  -2.854733e+00  -2.871845e+00   5.216798e-04   3.314741e+05   1.836671e-01   5.168078e-01  -3.331752e+00  -3.344060e+00   4.759714e-05   1.268069e+06   1.809548e-01  -1.675104e+00  -1.691454e+00   4.283742e-04   9.421949e+01   3.262685e-01
    41  -2.819807e+00  -2.836919e+00   5.911297e-04   2.804751e+05   1.841220e-01   5.177842e-01  -3.306470e+00  -3.318927e+00   5.548679e-05   1.226929e+06   1.809782e-01  -1.641728e+00  -1.658096e+00   4.993811e-04   8.708409e+01   3.225128e-01
    42  -2.784880e+00  -2.801993e+00   6.655680e-04   2.355742e+05   1.846526e-01   5.187273e-01  -3.280845e+00  -3.293469e+00   6.467734e-05   1.182670e+06   1.810050e-01  -1.608308e+00  -1.624697e+00   5.820960e-04   8.043668e+01   3.186665e-01
    43  -2.749954e+00  -2.767066e+00   7.451198e-04   1.966250e+05   1.852632e-01   5.196059e-01  -3.254833e+00  -3.267644e+00   7.538125e-05   1.135220e+06   1.810360e-01  -1.574839e+00  -1.591251e+00   6.784313e-04   7.424613e+01   3.147175e-01
    44  -2.715028e+00  -2.732140e+00   8.283984e-04   1.631945e+05   1.859614e-01   5.203778e-01  -3.228384e+00  -3.241407e+00   8.784517e-05   1.084545e+06   1.810719e-01  -1.541313e+00  -1.557752e+00   7.906065e-04   6.847817e+01   3.106879e-01
    45  -2.680102e+00  -2.697214e+00   9.155357e-04   1.345993e+05   1.867936e-01   5.208295e-01  -3.201441e+00  -3.214703e+00   1.023551e-04   1.030661e+06   1.811136e-01  -1.507723e+00  -1.524193e+00   9.211963e-04   6.310591e+01   3.065666e-01
    46  -2.645176e+00  -2.662288e+00   1.008024e-03   1.107096e+05   1.877199e-01   5.210315e-01  -3.173938e+00  -3.187472e+00   1.192428e-04   9.736468e+05   1.811625e-01  -1.474060e+00  -1.490566e+00   1.073185e-03   5.809539e+01   3.024076e-01
    47  -2.610250e+00  -2.627362e+00   1.103508e-03   9.082910e+04   1.887424e-01   5.209287e-01  -3.145801e+00  -3.159642e+00   1.388921e-04   9.136538e+05   1.812199e-01  -1.440314e+00  -1.456860e+00   1.250029e-03   5.342326e+01   2.982124e-01
    48  -2.575324e+00  -2.592436e+00   1.203061e-03   7.433439e+04   1.899247e-01   5.201734e-01  -3.116942e+00  -3.131132e+00   1.617478e-04   8.509234e+05   1.812879e-01  -1.406473e+00  -1.423064e+00   1.455730e-03   4.906428e+01   2.940148e-01
    49  -2.540398e+00  -2.557510e+00   1.308084e-03   6.082220e+04   1.911758e-01   5.189982e-01  -3.087259e+00  -3.101847e+00   1.883238e-04   7.857983e+05   1.813689e-01  -1.372524e+00  -1.389167e+00   1.694914e-03   4.499787e+01   2.898358e-01
    50  -2.505471e+00  -2.522583e+00   1.415184e-03   4.976195e+04   1.925597e-01   5.170686e-01  -3.056635e+00  -3.071677e+00   2.192140e-04   7.187350e+05   1.814661e-01  -1.338457e+00  -1.355157e+00   1.972926e-03   4.120860e+01   2.856655e-01
    51  -2.470545e+00  -2.487657e+00   1.529739e-03   4.075919e+04   1.939988e-01   5.145062e-01  -3.024931e+00  -3.040494e+00   2.551039e-04   6.503138e+05   1.815837e-01  -1.304261e+00  -1.321023e+00   2.295935e-03   3.767821e+01   2.815413e-01
    52  -2.435619e+00  -2.452731e+00   1.646061e-03   3.344341e+04   1.955073e-01   5.111717e-01  -2.991986e+00  -3.008146e+00   2.967831e-04   5.812444e+05   1.817272e-01  -1.269929e+00  -1.286756e+00   2.671048e-03   3.439643e+01   2.774304e-01
    53  -2.400693e+00  -2.417805e+00   1.771053e-03   2.751091e+04   1.970106e-01   5.071816e-01  -2.957612e+00  -2.974459e+00   3.451610e-04   5.123636e+05   1.819039e-01  -1.235455e+00  -1.252350e+00   3.106449e-03   3.135011e+01   2.733347e-01
    54  -2.365767e+00  -2.382879e+00   1.899410e-03   2.270270e+04   1.984963e-01   5.025027e-01  -2.921588e+00  -2.939227e+00   4.012824e-04   4.446243e+05   1.821238e-01  -1.200838e+00  -1.217802e+00   3.611542e-03   2.852744e+01   2.692487e-01
    55  -2.330841e+00  -2.347953e+00   2.037051e-03   1.879702e+04   1.998848e-01   4.973321e-01  -2.883654e+00  -2.902207e+00   4.663463e-04   3.790716e+05   1.824002e-01  -1.166076e+00  -1.183109e+00   4.197117e-03   2.591787e+01   2.651429e-01
    56  -2.295915e+00  -2.313027e+00   2.181151e-03   1.563711e+04   2.011100e-01   4.918571e-01  -2.843511e+00  -2.863119e+00   5.417261e-04   3.168031e+05   1.827515e-01  -1.131172e+00  -1.148273e+00   4.875535e-03   2.350803e+01   2.610424e-01
    57  -2.260988e+00  -2.278101e+00   2.335229e-03   1.304710e+04   2.021847e-01   4.860398e-01  -2.800815e+00  -2.821639e+00   6.289911e-04   2.589109e+05   1.832026e-01  -1.096126e+00  -1.113295e+00   5.660920e-03   2.128713e+01   2.569291e-01
    58  -2.226062e+00  -2.243174e+00   2.499565e-03   1.095481e+04   2.028770e-01   4.807085e-01  -2.755178e+00  -2.777397e+00   7.299314e-04   2.064064e+05   1.837875e-01  -1.060943e+00  -1.078178e+00   6.569382e-03   1.924387e+01   2.527935e-01
    59  -2.191136e+00  -2.208248e+00   2.675519e-03   9.215765e+03   2.034465e-01   4.750535e-01  -2.706181e+00  -2.729989e+00   8.465830e-04   1.601304e+05   1.845513e-01  -1.025625e+00  -1.042925e+00   7.619247e-03   1.736581e+01   2.486653e-01
    60  -2.156210e+00  -2.173322e+00   2.865614e-03   7.807490e+03   2.034156e-01   4.708476e-01  -2.653400e+00  -2.678989e+00   9.812558e-04   1.206588e+05   1.855511e-01  -9.901756e-01  -1.007539e+00   8.831303e-03   1.564292e+01   2.445273e-01
    61  -2.121284e+00  -2.138396e+00   3.070384e-03   6.620944e+03   2.033311e-01   4.663230e-01  -2.596461e+00  -2.623998e+00   1.136562e-03   8.821866e+04   1.868529e-01  -9.546001e-01  -9.720237e-01   1.022906e-02   1.406485e+01   2.403786e-01
    62  -2.086358e+00  -2.103470e+00   3.293229e-03   5.649525e+03   2.025708e-01   4.638481e-01  -2.535131e+00  -2.564715e+00   1.315444e-03   6.263593e+04   1.885160e-01  -9.189012e-01  -9.363840e-01   1.183900e-02   1.262095e+01   2.362422e-01
    63  -2.051432e+00  -2.068544e+00   3.534947e-03   4.823363e+03   2.018041e-01   4.611959e-01  -2.469451e+00  -2.501051e+00   1.521208e-03   4.333832e+04   1.905561e-01  -8.830836e-01  -9.006233e-01   1.369088e-02   1.130238e+01   2.321027e-01
    64  -2.016506e+00  -2.033618e+00   3.799123e-03   4.134180e+03   2.004958e-01   4.604681e-01  -2.399885e+00  -2.433277e+00   1.757548e-03   2.942799e+04   1.928750e-01  -8.471529e-01  -8.647468e-01   1.581793e-02   1.010037e+01   2.279560e-01
    65  -1.981579e+00  -1.998691e+00   4.086798e-03   3.544943e+03   1.991981e-01   4.597775e-01  -2.327417e+00  -2.362142e+00   2.028572e-03   1.981870e+04   1.951732e-01  -8.111130e-01  -8.287592e-01   1.825715e-02   9.005954e+00   2.238228e-01
    66  -1.946653e+00  -1.963765e+00   4.402051e-03   3.043661e+03   1.976194e-01   4.603193e-01  -2.253477e+00  -2.288875e+00   2.338830e-03   1.340459e+04   1.969203e-01  -7.749696e-01  -7.926654e-01   2.104947e-02   8.011560e+00   2.196897e-01
    67  -1.911727e+00  -1.928839e+00   4.745366e-03   2.613481e+03   1.960735e-01   4.609851e-01  -2.179654e+00  -2.214999e+00   2.693323e-03   9.208799e+03   1.974959e-01  -7.387298e-01  -7.564718e-01   2.423991e-02   7.109926e+00   2.155445e-01
    68  -1.876801e+00  -1.893913e+00   5.121923e-03   2.242825e+03   1.944887e-01   4.620775e-01  -2.107302e+00  -2.141973e+00   3.097518e-03   6.469125e+03   1.964965e-01  -7.024000e-01  -7.201851e-01   2.787766e-02   6.293757e+00   2.114061e-01
    69  -1.841875e+00  -1.858987e+00   5.531188e-03   1.923564e+03   1.929868e-01   4.631569e-01  -2.037245e+00  -2.070863e+00   3.557342e-03   4.650726e+03   1.939694e-01  -6.659877e-01  -6.838124e-01   3.201608e-02   5.556591e+00   2.072651e-01
    70  -1.806949e+00  -1.824061e+00   5.979312e-03   1.647717e+03   1.915802e-01   4.640997e-01  -1.969744e+00  -2.002185e+00   4.079169e-03   3.408447e+03   1.903541e-01  -6.295023e-01  -6.473620e-01   3.671252e-02   4.892381e+00   2.031104e-01
    71  -1.772023e+00  -1.789135e+00   6.465966e-03   1.409304e+03   1.903205e-01   4.647435e-01  -1.904639e+00  -1.935973e+00   4.669785e-03   2.531604e+03   1.862214e-01  -5.929544e-01  -6.108440e-01   4.202806e-02   4.295381e+00   1.989391e-01
    72  -1.737096e+00  -1.754208e+00   6.995644e-03   1.204357e+03   1.891803e-01   4.650453e-01  -1.841552e+00  -1.871951e+00   5.336336e-03   1.894681e+03   1.820455e-01  -5.563549e-01  -5.742693e-01   4.802703e-02   3.760051e+00   1.947574e-01
    73  -1.702170e+00  -1.719282e+00   7.570310e-03   1.026836e+03   1.882357e-01   4.647552e-01  -1.780046e+00  -1.809711e+00   6.086254e-03   1.422380e+03   1.781116e-01  -5.197170e-01  -5.376497e-01   5.477629e-02   3.281400e+00   1.905544e-01
    74  -1.667244e+00  -1.684356e+00   8.194102e-03   8.751962e+02   1.873901e-01   4.640784e-01  -1.719720e+00  -1.748837e+00   6.927149e-03   1.067903e+03   1.745272e-01  -4.830561e-01  -5.009998e-01   6.234434e-02   2.854727e+00   1.863188e-01
    75  -1.632318e+00  -1.649430e+00   8.868479e-03   7.444392e+02   1.867146e-01   4.627756e-01  -1.660256e+00  -1.688971e+00   7.866679e-03   8.004913e+02   1.712775e-01  -4.463897e-01  -4.643360e-01   7.080011e-02   2.475582e+00   1.820474e-01
    76  -1.597392e+00  -1.614504e+00   9.600099e-03   6.329330e+02   1.861251e-01   4.610686e-01  -1.601431e+00  -1.629848e+00   8.912390e-03   5.986630e+02   1.682825e-01  -4.097364e-01  -4.276765e-01   8.021151e-02   2.139715e+00   1.777423e-01
    77  -1.562466e+00  -1.579578e+00   1.038889e-02   5.377532e+02   1.856284e-01   4.589250e-01  -1.543112e+00  -1.571294e+00   1.007152e-02   4.466737e+02   1.654325e-01  -3.731178e-01  -3.910413e-01   9.064369e-02   1.843239e+00   1.733938e-01
    78  -1.527540e+00  -1.544652e+00   1.124263e-02   4.565015e+02   1.851885e-01   4.565598e-01  -1.485245e+00  -1.513215e+00   1.135078e-02   3.326246e+02   1.626030e-01  -3.365582e-01  -3.544534e-01   1.021570e-01   1.582503e+00   1.689921e-01
    79  -1.492613e+00  -1.509726e+00   1.216581e-02   3.876104e+02   1.847891e-01   4.539764e-01  -1.427830e+00  -1.455589e+00   1.275612e-02   2.473505e+02   1.596802e-01  -3.000843e-01  -3.179385e-01   1.148050e-01   1.354069e+00   1.645333e-01
    80  -1.457687e+00  -1.474799e+00   1.316047e-02   3.288824e+02   1.843921e-01   4.515792e-01  -1.370895e+00  -1.398430e+00   1.429243e-02   1.837293e+02   1.566069e-01  -2.637247e-01  -2.815241e-01   1.286319e-01   1.154676e+00   1.600217e-01
    81  -1.422761e+00  -1.439873e+00   1.423873e-02   2.791188e+02   1.840016e-01   4.492924e-01  -1.314452e+00  -1.341757e+00   1.596333e-02   1.362681e+02   1.534178e-01  -2.275104e-01  -2.452402e-01   1.436700e-01   9.813389e-01   1.554512e-01
    82  -1.387835e+00  -1.404947e+00   1.539947e-02   2.369117e+02   1.836137e-01   4.472531e-01  -1.258478e+00  -1.285564e+00   1.777087e-02   1.008277e+02   1.502185e-01  -1.914752e-01  -2.091192e-01   1.599378e-01   8.312718e-01   1.508173e-01
    83  -1.352909e+00  -1.370021e+00   1.665478e-02   2.009922e+02   1.832266e-01   4.455984e-01  -1.202929e+00  -1.229816e+00   1.971527e-02   7.436004e+01   1.471187e-01  -1.556542e-01  -1.731955e-01   1.774374e-01   7.018788e-01   1.461238e-01
    84  -1.317983e+00  -1.335095e+00   1.801371e-02   1.705831e+02   1.828750e-01   4.440675e-01  -1.147763e+00  -1.174470e+00   2.179475e-02   5.463631e+01   1.441733e-01  -1.200837e-01  -1.375049e-01   1.961527e-01   5.907549e-01   1.413786e-01
    85  -1.283057e+00  -1.300169e+00   1.947411e-02   1.446838e+02   1.825759e-01   4.427339e-01  -1.092972e+00  -1.119504e+00   2.400535e-02   4.000400e+01   1.413661e-01  -8.480140e-02  -1.020844e-01   2.160481e-01   4.957155e-01   1.365832e-01
    86  -1.248131e+00  -1.265243e+00   2.105660e-02   1.226938e+02   1.823565e-01   4.413059e-01  -1.038591e+00  -1.064931e+00   2.634082e-02   2.920784e+01   1.386359e-01  -4.984561e-02  -6.697190e-02   2.370673e-01   4.147608e-01   1.317433e-01
    87  -1.213204e+00  -1.230316e+00   2.276251e-02   1.040829e+02   1.821939e-01   4.397796e-01  -9.846788e-01  -1.010799e+00   2.879262e-02   2.128054e+01   1.359268e-01  -1.525326e-02  -3.220510e-02   2.591336e-01   3.460570e-01   1.268781e-01
    88  -1.178278e+00  -1.195390e+00   2.460022e-02   8.820042e+01   1.821580e-01   4.378928e-01  -9.313021e-01  -9.571709e-01   3.134998e-02   1.547886e+01   1.332137e-01   1.893881e-02   2.179183e-03   2.821498e-01   2.879762e-01   1.219952e-01
    89  -1.143352e+00  -1.160464e+00   2.659207e-02   7.478913e+01   1.821624e-01   4.357889e-01  -8.785128e-01  -9.041059e-01   3.400006e-02   1.124129e+01   1.305018e-01   5.269529e-02   3.614494e-02   3.060005e-01   2.390527e-01   1.171095e-01
    90  -1.108426e+00  -1.125538e+00   2.873189e-02   6.343612e+01   1.822129e-01   4.334199e-01  -8.263425e-01  -8.516447e-01   3.672816e-02   8.149989e+00   1.278063e-01   8.598387e-02   6.965844e-02   3.305535e-01   1.979783e-01   1.122417e-01
    91  -1.073500e+00  -1.090612e+00   3.104633e-02   5.381131e+01   1.822900e-01   4.308538e-01  -7.748019e-01  -7.998080e-01   3.951809e-02   5.897292e+00   1.251440e-01   1.187740e-01   1.026883e-01   3.556628e-01   1.636105e-01   1.074042e-01
    92  -1.038574e+00  -1.055686e+00   3.355769e-02   4.569374e+01   1.823398e-01   4.281828e-01  -7.238807e-01  -7.485954e-01   4.235249e-02   4.257298e+00   1.225262e-01   1.510398e-01   1.352065e-01   3.811724e-01   1.349352e-01   1.026215e-01
    93  -1.003648e+00  -1.020760e+00   3.625445e-02   3.882297e+01   1.823588e-01   4.254861e-01  -6.735519e-01  -6.979877e-01   4.521329e-02   3.064921e+00   1.199635e-01   1.827583e-01   1.671886e-01   4.069196e-01   1.110803e-01   9.790810e-02
    94  -9.687215e-01  -9.858335e-01   3.918402e-02   3.300821e+01   1.823196e-01   4.228097e-01  -6.237694e-01  -6.479477e-01   4.808216e-02   2.199192e+00   1.174614e-01   2.139109e-01   1.986139e-01   4.327394e-01   9.128539e-02   9.328410e-02
    95  -9.337953e-01  -9.509074e-01   4.236421e-02   2.809585e+01   1.821998e-01   4.201157e-01  -5.744705e-01  -5.984208e-01   5.094094e-02   1.571780e+00   1.150247e-01   2.444833e-01   2.294661e-01   4.584685e-01   7.489976e-02   8.876533e-02
    96  -8.988692e-01  -9.159813e-01   4.579406e-02   2.392640e+01   1.820053e-01   4.175031e-01  -5.255771e-01  -5.493361e-01   5.377208e-02   1.118162e+00   1.126565e-01   2.744654e-01   2.597330e-01   4.839488e-01   6.136605e-02   8.436742e-02
    97  -8.639431e-01  -8.810551e-01   4.952657e-02   2.039009e+01   1.817156e-01   4.148691e-01  -4.769925e-01  -5.006058e-01   5.655903e-02   7.911003e-01   1.103587e-01   3.038513e-01   2.894069e-01   5.090312e-01   5.021048e-02   8.010406e-02
    98  -8.290169e-01  -8.461290e-01   5.358481e-02   1.739273e+01   1.813105e-01   4.121854e-01  -4.286036e-01  -4.521244e-01   5.928652e-02   5.561302e-01   1.081347e-01   3.326393e-01   3.184838e-01   5.335787e-01   4.103250e-02   7.598604e-02
    99  -7.940908e-01  -8.112029e-01   5.797279e-02   1.483970e+01   1.808071e-01   4.095062e-01  -3.802809e-01  -4.037705e-01   6.194091e-02   3.880701e-01   1.059863e-01   3.608317e-01   3.469642e-01   5.574682e-01   3.349406e-02   7.202321e-02
   100  -7.591647e-01  -7.762767e-01   6.275342e-02   1.266717e+01   1.801787e-01   4.067239e-01  -3.318733e-01  -3.554030e-01   6.451030e-02   2.684798e-01   1.039170e-01   3.884339e-01   3.748521e-01   5.805927e-01   2.731219e-02   6.822153e-02
   101  -7.242385e-01  -7.413506e-01   6.796215e-02   1.081934e+01   1.794026e-01   4.038028e-01  -2.832090e-01  -3.068599e-01   6.698469e-02   1.839165e-01   1.019342e-01   4.154553e-01   4.021547e-01   6.028622e-01   2.224962e-02   6.458663e-02
   102  -6.893124e-01  -7.064244e-01   7.359688e-02   9.241529e+00   1.784960e-01   4.007700e-01  -2.340987e-01  -2.579600e-01   6.935597e-02   1.245883e-01   1.000433e-01   4.419074e-01   4.288827e-01   6.242038e-01   1.810932e-02   6.111995e-02
   103  -6.543862e-01  -6.714983e-01   7.973726e-02   7.893715e+00   1.774441e-01   3.975549e-01  -1.843278e-01  -2.085007e-01   7.161799e-02   8.333116e-02   9.825489e-02   4.678052e-01   4.550493e-01   6.445619e-01   1.472694e-02   5.782341e-02
   104  -6.194601e-01  -6.365722e-01   8.642772e-02   6.743742e+00   1.762163e-01   3.940891e-01  -1.336650e-01  -1.582581e-01   7.376638e-02   5.495197e-02   9.658265e-02   4.931649e-01   4.806701e-01   6.638974e-01   1.196698e-02   5.469463e-02
   105  -5.845340e-01  -6.016460e-01   9.368211e-02   5.760513e+00   1.748158e-01   3.903529e-01  -8.187461e-02  -1.069983e-01   7.579851e-02   3.568470e-02   9.503332e-02   5.180057e-01   5.057629e-01   6.821866e-01   9.716821e-03   5.173260e-02
   106  -5.496078e-01  -5.667199e-01   1.015657e-01   4.917451e+00   1.732599e-01   3.863146e-01  -2.872542e-02  -5.448747e-02   7.771330e-02   2.279673e-02   9.361463e-02   5.423474e-01   5.303471e-01   6.994197e-01   7.884163e-03   4.893226e-02
   107  -5.146817e-01  -5.317938e-01   1.101435e-01   4.196381e+00   1.715104e-01   3.818964e-01   2.594238e-02  -5.319068e-04   7.951106e-02   1.433452e-02   9.229439e-02   5.662119e-01   5.544436e-01   7.155996e-01   6.392603e-03   4.629015e-02
   108  -4.797556e-01  -4.968676e-01   1.194589e-01   3.579138e+00   1.695603e-01   3.770330e-01   8.216828e-02   5.496460e-02   8.119333e-02   8.888931e-03   9.100381e-02   5.896215e-01   5.780744e-01   7.307399e-01   5.179683e-03   4.379999e-02
   109  -4.448294e-01  -4.619415e-01   1.295348e-01   3.049385e+00   1.674293e-01   3.716407e-01   1.397535e-01   1.119146e-01   8.276263e-02   5.463075e-03   8.957680e-02   6.125997e-01   6.012625e-01   7.448636e-01   4.194015e-03   4.145615e-02
   110  -4.099033e-01  -4.270154e-01   1.404659e-01   2.595314e+00   1.651041e-01   3.656734e-01   1.981426e-01   1.699286e-01   8.422234e-02   3.356889e-03   8.772743e-02   6.351703e-01   6.240316e-01   7.580011e-01   3.393577e-03   3.925212e-02
   111  -3.749772e-01  -3.920892e-01   1.523000e-01   2.206153e+00   1.625681e-01   3.590335e-01   2.564180e-01   2.282570e-01   8.557652e-02   2.085475e-03   8.511234e-02   6.573573e-01   6.464055e-01   7.701887e-01   2.744010e-03   3.718082e-02
   112  -3.400510e-01  -3.571631e-01   1.650655e-01   1.872583e+00   1.598223e-01   3.516186e-01   3.134612e-01   2.858755e-01   8.682971e-02   1.324257e-03   8.148730e-02   6.791854e-01   6.684085e-01   7.814674e-01   2.217190e-03   3.523588e-02
   113  -3.051249e-01  -3.222370e-01   1.788268e-01   1.586478e+00   1.568850e-01   3.432394e-01   3.682602e-01   3.417244e-01   8.798682e-02   8.653984e-04   7.688386e-02   7.006786e-01   6.900650e-01   7.918814e-01   1.790219e-03   3.340994e-02
   114  -2.701988e-01  -2.873108e-01   1.936584e-01   1.341677e+00   1.537435e-01   3.339016e-01   4.201595e-01   3.949846e-01   8.905301e-02   5.827776e-04   7.161065e-02   7.218612e-01   7.113991e-01   8.014771e-01   1.444389e-03   3.169627e-02
   115  -2.352726e-01  -2.523847e-01   2.096036e-01   1.132344e+00   1.503997e-01   3.235013e-01   4.689085e-01   4.452177e-01   9.003354e-02   4.033003e-04   6.607849e-02   7.427570e-01   7.324348e-01   8.103019e-01   1.164466e-03   3.008813e-02
   116  -2.003465e-01  -2.174586e-01   2.266516e-01   9.533687e-01   1.468641e-01   3.117839e-01   5.145595e-01   4.923335e-01   9.093373e-02   2.855407e-04   6.063242e-02   7.633892e-01   7.531956e-01   8.184036e-01   9.380510e-04   2.857871e-02
   117  -1.654204e-01  -1.825324e-01   2.448972e-01   8.006299e-01   1.431378e-01   2.986225e-01   5.573294e-01   5.364707e-01   9.175884e-02   2.059416e-04   5.548997e-02   7.837809e-01   7.737047e-01   8.258295e-01   7.550408e-04   2.716180e-02
   118  -1.304942e-01  -1.476063e-01   2.643689e-01   6.705244e-01   1.392259e-01   2.840278e-01   5.975005e-01   5.778792e-01   9.251402e-02   1.507599e-04   5.075300e-02   8.039541e-01   7.939846e-01   8.326262e-01   6.072254e-04   2.583118e-02
   119  -9.556809e-02  -1.126802e-01   2.850277e-01   5.598537e-01   1.351388e-01   2.677904e-01   6.353657e-01   6.168456e-01   9.320429e-02   1.116923e-04   4.645195e-02   8.239304e-01   8.140571e-01   8.388386e-01   4.879302e-04   2.458088e-02
   120  -6.064195e-02  -7.775402e-02   3.069236e-01   4.659062e-01   1.308854e-01   2.496462e-01   6.712029e-01   6.536539e-01   9.383445e-02   8.354906e-05   4.257833e-02   8.437303e-01   8.339432e-01   8.445100e-01   3.917281e-04   2.340539e-02
   121  -2.571582e-02  -4.282788e-02   3.300624e-01   3.863673e-01   1.264762e-01   2.298261e-01   7.052570e-01   6.885636e-01   9.440910e-02   6.299883e-05   3.910151e-02   8.633739e-01   8.536632e-01   8.496819e-01   3.142137e-04   2.229942e-02
   122   9.210316e-03  -7.901750e-03   3.543570e-01   3.191859e-01   1.219269e-01   2.081553e-01   7.377450e-01   7.218047e-01   9.493262e-02   4.781598e-05   3.598454e-02   8.828799e-01   8.732364e-01   8.543935e-01   2.518112e-04   2.125790e-02
   123   4.413645e-02   2.702439e-02   3.798205e-01   2.626151e-01   1.172501e-01   1.847323e-01   7.688561e-01   7.535790e-01   9.540910e-02   3.649042e-05   3.318995e-02   9.022663e-01   8.926813e-01   8.586819e-01   2.016191e-04   2.027616e-02
   124   7.906259e-02   6.195052e-02   4.063908e-01   2.151252e-01   1.124667e-01   1.597472e-01   7.987535e-01   7.840620e-01   9.584241e-02   2.797501e-05   3.068041e-02   9.215502e-01   9.120153e-01   8.625817e-01   1.612845e-04   1.934989e-02
   125   1.139887e-01   9.687665e-02   4.339397e-01   1.754049e-01   1.075923e-01   1.335079e-01   8.275801e-01   8.134059e-01   9.623618e-02   2.152833e-05   2.842359e-02   9.407475e-01   9.312549e-01   8.661256e-01   1.289019e-04   1.847497e-02
   126   1.489149e-01   1.318028e-01   4.624274e-01   1.423075e-01   1.026516e-01   1.066665e-01   8.554598e-01   8.417436e-01   9.659376e-02   1.662014e-05   2.638919e-02   9.598731e-01   9.504156e-01   8.693438e-01   1.029280e-04   1.764761e-02
   127   1.838410e-01   1.667289e-01   4.916530e-01   1.148396e-01   9.766963e-02   7.885753e-02   8.825011e-01   8.691909e-01   9.691827e-02   1.286521e-05   2.455122e-02   9.789412e-01   9.695118e-01   8.722644e-01   8.211426e-05   1.686433e-02
   128   2.187671e-01   2.016551e-01   5.214268e-01   9.211357e-02   9.264486e-02   5.264482e-02   9.088001e-01   8.958496e-01   9.721261e-02   9.980423e-06   2.288676e-02   9.979646e-01   9.885570e-01   8.749135e-01   6.545124e-05   1.612195e-02
   129   2.536933e-01   2.365812e-01   5.516621e-01   7.342471e-02   8.762798e-02   2.623302e-02   9.344401e-01   9.218093e-01   9.747945e-02   7.756872e-06   2.137525e-02   1.016956e+00   1.007564e+00   8.773151e-01   5.212398e-05   1.541751e-02
   130   2.886194e-01   2.715073e-01   5.821535e-01   5.815319e-02   8.264230e-02   2.383962e-03   9.594957e-01   9.471486e-01   9.772124e-02   6.037784e-06   1.999938e-02   1.035925e+00   1.026544e+00   8.794912e-01   4.147477e-05   1.474829e-02
   131   3.235455e-01   3.064335e-01   6.127406e-01   4.574511e-02   7.771820e-02  -1.920215e-02   9.840333e-01   9.719378e-01   9.794025e-02   4.705422e-06   1.874365e-02   1.054883e+00   1.045508e+00   8.814623e-01   3.297340e-05   1.411185e-02
   132   3.584717e-01   3.413596e-01   6.432070e-01   3.572696e-02   7.288661e-02  -3.978020e-02   1.008111e+00   9.962390e-01   9.813854e-02   3.670793e-06   1.759443e-02   1.073840e+00   1.064465e+00   8.832469e-01   2.619292e-05   1.350594e-02
   133   3.933978e-01   3.762857e-01   6.731227e-01   2.768931e-02   6.815610e-02  -5.504169e-02   1.031781e+00   1.020107e+00   9.831802e-02   2.865952e-06   1.654009e-02   1.092803e+00   1.083425e+00   8.848622e-01   2.078989e-05   1.292854e-02
   134   4.283239e-01   4.112119e-01   7.023684e-01   2.126759e-02   6.354574e-02  -6.921953e-02   1.055091e+00   1.043592e+00   9.848042e-02   2.238979e-06   1.557033e-02   1.111780e+00   1.102395e+00   8.863237e-01   1.648832e-05   1.237777e-02
   135   4.632501e-01   4.461380e-01   7.308528e-01   1.620183e-02   5.909973e-02  -8.143085e-02   1.078081e+00   1.066738e+00   9.862732e-02   1.750016e-06   1.467604e-02   1.130779e+00   1.121384e+00   8.876458e-01   1.306667e-05   1.185195e-02
   136   4.981762e-01   4.810641e-01   7.581567e-01   1.223802e-02   5.483045e-02  -8.981624e-02   1.100790e+00   1.089584e+00   9.876016e-02   1.368350e-06   1.384932e-02   1.149806e+00   1.140397e+00   8.888415e-01   1.034727e-05   1.134956e-02
   137   5.331023e-01   5.159903e-01   7.841143e-01   9.147312e-03   5.073915e-02  -9.694239e-02   1.123249e+00   1.112165e+00   9.888027e-02   1.070208e-06   1.308330e-02   1.168866e+00   1.159441e+00   8.899225e-01   8.187785e-06   1.086919e-02
   138   5.680285e-01   5.509164e-01   8.087225e-01   6.776590e-03   4.686190e-02  -1.024450e-01   1.145491e+00   1.134512e+00   9.898885e-02   8.371788e-07   1.237187e-02   1.187965e+00   1.178520e+00   8.908996e-01   6.474337e-06   1.040959e-02
   139   6.029546e-01   5.858425e-01   8.315154e-01   4.967851e-03   4.319569e-02  -1.065175e-01   1.167540e+00   1.156655e+00   9.908698e-02   6.549608e-07   1.170970e-02   1.207106e+00   1.197641e+00   8.917828e-01   5.115879e-06   9.969602e-03
   140   6.378807e-01   6.207687e-01   8.527280e-01   3.606434e-03   3.975466e-02  -1.091427e-01   1.189422e+00   1.178619e+00   9.917565e-02   5.124289e-07   1.109205e-02   1.226295e+00   1.216806e+00   8.925808e-01   4.039702e-06   9.548173e-03
   141   6.728069e-01   6.556948e-01   8.720160e-01   2.590015e-03   3.653795e-02  -1.105503e-01   1.211157e+00   1.200425e+00   9.925576e-02   4.009153e-07   1.051480e-02   1.245534e+00   1.236021e+00   8.933019e-01   3.187794e-06   9.144342e-03
   142   7.077330e-01   6.906209e-01   8.895131e-01   1.842165e-03   3.355027e-02  -1.107546e-01   1.232765e+00   1.222095e+00   9.932813e-02   3.136564e-07   9.974295e-03   1.264826e+00   1.255287e+00   8.939532e-01   2.513918e-06   8.757228e-03
   143   7.426591e-01   7.255471e-01   9.052681e-01   1.295886e-03   3.078556e-02  -1.099251e-01   1.254263e+00   1.243647e+00   9.939350e-02   2.453708e-07   9.467324e-03   1.284174e+00   1.274608e+00   8.945415e-01   1.981251e-06   8.386023e-03
   144   7.775853e-01   7.604732e-01   9.191016e-01   9.028821e-04   2.824034e-02  -1.080922e-01   1.275667e+00   1.265097e+00   9.945254e-02   1.919316e-07   8.991029e-03   1.303581e+00   1.293986e+00   8.950729e-01   1.560498e-06   8.029983e-03
   145   8.125114e-01   7.953994e-01   9.313119e-01   6.232184e-04   2.590519e-02  -1.053304e-01   1.296990e+00   1.286459e+00   9.950586e-02   1.501117e-07   8.542877e-03   1.323047e+00   1.313423e+00   8.955527e-01   1.228374e-06   7.688422e-03
   146   8.474376e-01   8.303255e-01   9.419744e-01   4.261412e-04   2.376976e-02  -1.017079e-01   1.318244e+00   1.307747e+00   9.955400e-02   1.173869e-07   8.120617e-03   1.342575e+00   1.332921e+00   8.959860e-01   9.663829e-07   7.360706e-03
   147   8.823637e-01   8.652516e-01   9.511851e-01   2.889594e-04   2.182136e-02  -9.729640e-02   1.339442e+00   1.328972e+00   9.959747e-02   9.178141e-08   7.722248e-03   1.362164e+00   1.352480e+00   8.963772e-01   7.598495e-07   7.046245e-03
   148   9.172898e-01   9.001778e-01   9.590195e-01   1.944732e-04   2.004550e-02  -9.222515e-02   1.360592e+00   1.350146e+00   9.963672e-02   7.174896e-08   7.345982e-03   1.381817e+00   1.372102e+00   8.967304e-01   5.971370e-07   6.744494e-03
   149   9.522160e-01   9.351039e-01   9.657049e-01   1.300064e-04   1.842794e-02  -8.664342e-02   1.381703e+00   1.371276e+00   9.967214e-02   5.607883e-08   6.990219e-03   1.401534e+00   1.391787e+00   8.970493e-01   4.690264e-07   6.454942e-03
   150   9.871421e-01   9.700300e-01   9.713713e-01   8.640562e-05   1.695436e-02  -8.069705e-02   1.402784e+00   1.392371e+00   9.970413e-02   4.382309e-08   6.653526e-03   1.421313e+00   1.411536e+00   8.973371e-01   3.682195e-07   6.177113e-03
   151   1.022068e+00   1.004956e+00   9.761454e-01   5.713144e-05   1.561147e-02  -7.457293e-02   1.423840e+00   1.413439e+00   9.973300e-02   3.423951e-08   6.334617e-03   1.441156e+00   1.431348e+00   8.975970e-01   2.889429e-07   5.910562e-03
   152   1.056994e+00   1.039882e+00   9.801534e-01   3.762314e-05   1.438571e-02  -6.839212e-02   1.444877e+00   1.434486e+00   9.975905e-02   2.674691e-08   6.032332e-03   1.461062e+00   1.451223e+00   8.978315e-01   2.266333e-07   5.654871e-03
   153   1.091920e+00   1.074808e+00   9.834952e-01   2.469563e-05   1.326517e-02  -6.235414e-02   1.465902e+00   1.455517e+00   9.978257e-02   2.089025e-08   5.745623e-03   1.481030e+00   1.471161e+00   8.980432e-01   1.776859e-07   5.409649e-03
   154   1.126847e+00   1.109735e+00   9.862698e-01   1.616961e-05   1.223923e-02  -5.650776e-02   1.486917e+00   1.476536e+00   9.980380e-02   1.631329e-08   5.473544e-03   1.501058e+00   1.491159e+00   8.982342e-01   1.392555e-07   5.174530e-03
   155   1.161773e+00   1.144661e+00   9.885813e-01   1.056703e-05   1.129850e-02  -5.101304e-02   1.507927e+00   1.497549e+00   9.982296e-02   1.273718e-08   5.215236e-03   1.521145e+00   1.511217e+00   8.984066e-01   1.090977e-07   4.949168e-03
   156   1.196699e+00   1.179587e+00   9.905050e-01   6.896723e-06   1.043461e-02  -4.583266e-02   1.528934e+00   1.518557e+00   9.984025e-02   9.943663e-09   4.969922e-03   1.541289e+00   1.531333e+00   8.985622e-01   8.544334e-08   4.733241e-03
   157   1.231625e+00   1.214513e+00   9.921049e-01   4.497287e-06   9.640402e-03  -4.108633e-02   1.549940e+00   1.539564e+00   9.985585e-02   7.761946e-09   4.736895e-03   1.561487e+00   1.551505e+00   8.987027e-01   6.689866e-08   4.526447e-03
   158   1.266551e+00   1.249439e+00   9.934330e-01   2.931445e-06   8.909255e-03  -3.671544e-02   1.570946e+00   1.560570e+00   9.986993e-02   6.058408e-09   4.515514e-03   1.581737e+00   1.571730e+00   8.988294e-01   5.236646e-08   4.328504e-03
   159   1.301477e+00   1.284365e+00   9.945313e-01   1.910625e-06   8.235478e-03  -3.274016e-02   1.591953e+00   1.581577e+00   9.988264e-02   4.728521e-09   4.305198e-03   1.602034e+00   1.592004e+00   8.989438e-01   4.098346e-08   4.139153e-03
   160   1.336403e+00   1.319291e+00   9.954403e-01   1.245491e-06   7.614098e-03  -2.917350e-02   1.612961e+00   1.602584e+00   9.989411e-02   3.690541e-09   4.105419e-03   1.622376e+00   1.612324e+00   8.990470e-01   3.207083e-08   3.958152e-03
   161   1.371330e+00   1.354218e+00   9.961967e-01   8.122284e-07   7.040642e-03  -2.594547e-02   1.633968e+00   1.623591e+00   9.990446e-02   2.880551e-09   3.915702e-03   1.642756e+00   1.632685e+00   8.991401e-01   2.509511e-08   3.785282e-03
   162   1.406256e+00   1.389144e+00   9.968269e-01   5.299950e-07   6.511201e-03  -2.305486e-02   1.654971e+00   1.644596e+00   9.991379e-02   2.248589e-09   3.735617e-03   1.663168e+00   1.653082e+00   8.992241e-01   1.963730e-08   3.620345e-03
   163   1.441182e+00   1.424070e+00   9.973517e-01   3.460843e-07   6.022228e-03  -2.047656e-02   1.675967e+00   1.665596e+00   9.992222e-02   1.755607e-09   3.564782e-03   1.683607e+00   1.673508e+00   8.993000e-01   1.536849e-08   3.463166e-03
   164   1.476108e+00   1.458996e+00   9.977839e-01   2.261763e-07   5.570539e-03  -1.815961e-02   1.696951e+00   1.686586e+00   9.992982e-02   1.371097e-09   3.402856e-03   1.704062e+00   1.693955e+00   8.993684e-01   1.203062e-08   3.313593e-03
   165   1.511034e+00   1.493922e+00   9.981454e-01   1.479448e-07   5.153316e-03  -1.609577e-02   1.717917e+00   1.707561e+00   9.993668e-02   1.071228e-09   3.249541e-03   1.724525e+00   1.714414e+00   8.994301e-01   9.421325e-09   3.171500e-03
   166   1.545960e+00   1.528848e+00   9.984476e-01   9.686989e-08   4.768033e-03  -1.425139e-02   1.738857e+00   1.728513e+00   9.994287e-02   8.373900e-10   3.104583e-03   1.744984e+00   1.734875e+00   8.994858e-01   7.382005e-09   3.036788e-03
   167   1.580886e+00   1.563774e+00   9.987000e-01   6.349601e-08   4.412429e-03  -1.257467e-02   1.759760e+00   1.749434e+00   9.994845e-02   6.550525e-10   2.967767e-03   1.765425e+00   1.755325e+00   8.995361e-01   5.788400e-09   2.909386e-03
   168   1.615813e+00   1.598700e+00   9.989092e-01   4.166541e-08   4.084454e-03  -1.106267e-02   1.780614e+00   1.770312e+00   9.995349e-02   5.128746e-10   2.838918e-03   1.785831e+00   1.775748e+00   8.995814e-01   4.543215e-09   2.789254e-03
   169   1.650739e+00   1.633627e+00   9.990849e-01   2.737177e-08   3.782285e-03  -9.692382e-03   1.801403e+00   1.791133e+00   9.995804e-02   4.020062e-10   2.717907e-03   1.806184e+00   1.796127e+00   8.996223e-01   3.570296e-09   2.676386e-03
   170   1.685665e+00   1.668553e+00   9.992326e-01   1.800555e-08   3.504505e-03  -8.369995e-03   1.822110e+00   1.811880e+00   9.996214e-02   3.155428e-10   2.604643e-03   1.826462e+00   1.816441e+00   8.996593e-01   2.810063e-09   2.570808e-03
   171   1.720591e+00   1.703479e+00   9.993557e-01   1.186043e-08   3.249720e-03  -7.109045e-03   1.842713e+00   1.832533e+00   9.996584e-02   2.480994e-10   2.499080e-03   1.846638e+00   1.836667e+00   8.996926e-01   2.215926e-09   2.472583e-03
   172   1.755517e+00   1.738405e+00   9.994590e-01   7.824125e-09   3.016760e-03  -5.891781e-03   1.863185e+00   1.853070e+00   9.996918e-02   1.954764e-10   2.401215e-03   1.866682e+00   1.856776e+00   8.997226e-01   1.751463e-09   2.381810e-03
   173   1.790443e+00   1.773331e+00   9.995463e-01   5.170390e-09   2.804914e-03  -4.575148e-03   1.883499e+00   1.873461e+00   9.997219e-02   1.544003e-10   2.311085e-03   1.886561e+00   1.876735e+00   8.997498e-01   1.388216e-09   2.298625e-03
   174   1.825369e+00   1.808257e+00   9.996200e-01   3.423809e-09   2.613913e-03  -3.097133e-03   1.903618e+00   1.893675e+00   9.997491e-02   1.223192e-10   2.228768e-03   1.906235e+00   1.896510e+00   8.997742e-01   1.103952e-09   2.223196e-03
   175   1.860295e+00   1.843183e+00   9.996818e-01   2.272539e-09   2.443281e-03  -1.488456e-03   1.923505e+00   1.913676e+00   9.997737e-02   9.724470e-11   2.154384e-03   1.925662e+00   1.916057e+00   8.997963e-01   8.813163e-10   2.155725e-03
   176   1.895222e+00   1.878110e+00   9.997343e-01   1.512633e-09   2.293164e-03   4.444209e-04   1.943117e+00   1.933422e+00   9.997958e-02   7.762634e-11   2.088119e-03   1.944794e+00   1.935334e+00   8.998162e-01   7.067565e-10   2.096442e-03
   177   1.930148e+00   1.913036e+00   9.997791e-01   1.010503e-09   2.165118e-03   3.102097e-03   1.962409e+00   1.952870e+00   9.998158e-02   6.224781e-11   2.030489e-03   1.963581e+00   1.954289e+00   8.998342e-01   5.696788e-10   2.045677e-03
   178   1.965074e+00   1.947962e+00   9.998173e-01   6.780065e-10   2.060776e-03   6.182914e-03   1.981353e+00   1.971984e+00   9.998338e-02   5.011817e-11   1.983949e-03   1.981979e+00   1.972877e+00   8.998504e-01   4.616202e-10   2.004672e-03
   179   2.000000e+00   1.982888e+00   9.998500e-01   4.559277e-10   1.989271e-03   8.240431e-03   2.000000e+00   1.990777e+00   9.998500e-02   4.034810e-11   1.957986e-03   2.000000e+00   1.991083e+00   8.998650e-01   3.749372e-10   1.980716e-03
