     i          log_r       log_rmid          m_tot        rho_tot         v2_tot            eta     lgr[heavy]    lgrm[heavy]       m[heavy]     rho[heavy]      v2[heavy]     lgr[light]    lgrm[light]       m[light]     rho[light]      v2[light]
     0  -4.681521e+00  -4.982551e+00   1.034848e-07   3.347742e+07   3.468634e-01            nan  -4.681521e+00  -4.982551e+00   9.998500e-08   3.323669e+07   3.433577e-01  -3.188012e+00  -3.489042e+00   8.998650e-07   9.893141e+03   6.588067e-01
     1  -4.644194e+00  -4.662456e+00   1.331845e-07   3.309735e+07   3.449893e-01            nan  -4.659019e+00  -4.670124e+00   1.166721e-07   3.298518e+07   3.433484e-01  -3.146473e+00  -3.166746e+00   1.050049e-06   4.968165e+03   6.266289e-01
     2  -4.606867e+00  -4.625129e+00   1.714877e-07   3.303998e+07   3.448488e-01            nan  -4.636523e+00  -4.647625e+00   1.361439e-07   3.295793e+07   3.433474e-01  -3.105418e+00  -3.125461e+00   1.225295e-06   4.410046e+03   6.203109e-01
     3  -4.569540e+00  -4.587802e+00   2.208864e-07   3.297391e+07   3.447199e-01            nan  -4.614030e+00  -4.625131e+00   1.588651e-07   3.292783e+07   3.433463e-01  -3.064713e+00  -3.084589e+00   1.429786e-06   3.913603e+03   6.133898e-01
     4  -4.532213e+00  -4.550475e+00   2.845843e-07   3.289860e+07   3.446017e-01            nan  -4.591538e+00  -4.602638e+00   1.853780e-07   3.289459e+07   3.433451e-01  -3.024268e+00  -3.044020e+00   1.668402e-06   3.472844e+03   6.058268e-01
     5  -4.494886e+00  -4.513148e+00   3.667069e-07   3.281231e+07   3.444931e-01            nan  -4.569044e+00  -4.580145e+00   2.163150e-07   3.285787e+07   3.433437e-01  -2.984032e+00  -3.003684e+00   1.946835e-06   3.082734e+03   5.977633e-01
     6  -4.457559e+00  -4.475822e+00   4.725553e-07   3.271125e+07   3.443932e-01            nan  -4.546547e+00  -4.557650e+00   2.524142e-07   3.281729e+07   3.433422e-01  -2.943972e+00  -2.963540e+00   2.271728e-06   2.738006e+03   5.891964e-01
     7  -4.420232e+00  -4.438495e+00   6.089162e-07   3.259457e+07   3.443011e-01            nan  -4.524044e+00  -4.535150e+00   2.945370e-07   3.277246e+07   3.433405e-01  -2.904074e+00  -2.923565e+00   2.650833e-06   2.433831e+03   5.801614e-01
     8  -4.382905e+00  -4.401168e+00   7.845189e-07   3.245932e+07   3.442160e-01            nan  -4.501533e+00  -4.512643e+00   3.436881e-07   3.272291e+07   3.433386e-01  -2.864335e+00  -2.883750e+00   3.093193e-06   2.165683e+03   5.707978e-01
     9  -4.345578e+00  -4.363841e+00   1.010514e-06   3.229994e+07   3.441371e-01            nan  -4.479012e+00  -4.490126e+00   4.010398e-07   3.266817e+07   3.433365e-01  -2.824760e+00  -2.844097e+00   3.609358e-06   1.929494e+03   5.610634e-01
    10  -4.308251e+00  -4.326514e+00   1.301094e-06   3.211513e+07   3.440637e-01            nan  -4.456479e+00  -4.467599e+00   4.679601e-07   3.260767e+07   3.433342e-01  -2.785354e+00  -2.804610e+00   4.211641e-06   1.721300e+03   5.511692e-01
    11  -4.270924e+00  -4.289187e+00   1.674451e-06   3.189969e+07   3.439951e-01            nan  -4.433931e+00  -4.445059e+00   5.460446e-07   3.254083e+07   3.433317e-01  -2.746129e+00  -2.765299e+00   4.914402e-06   1.537879e+03   5.410497e-01
    12  -4.233597e+00  -4.251860e+00   2.153569e-06   3.164631e+07   3.439304e-01            nan  -4.411367e+00  -4.422503e+00   6.371554e-07   3.246696e+07   3.433288e-01  -2.707089e+00  -2.726171e+00   5.734398e-06   1.375956e+03   5.308973e-01
    13  -4.196270e+00  -4.214533e+00   2.767517e-06   3.135314e+07   3.438691e-01            nan  -4.388784e+00  -4.399929e+00   7.434644e-07   3.238536e+07   3.433257e-01  -2.668244e+00  -2.687233e+00   6.691180e-06   1.232984e+03   5.206870e-01
    14  -4.158944e+00  -4.177206e+00   3.553263e-06   3.101058e+07   3.438103e-01            nan  -4.366178e+00  -4.377334e+00   8.675058e-07   3.229521e+07   3.433222e-01  -2.629597e+00  -2.648491e+00   7.807552e-06   1.106490e+03   5.105150e-01
    15  -4.121617e+00  -4.139879e+00   4.556495e-06   3.061170e+07   3.437533e-01            nan  -4.343548e+00  -4.354716e+00   1.012236e-06   3.219564e+07   3.433183e-01  -2.591148e+00  -2.609947e+00   9.110122e-06   9.943717e+02   5.004469e-01
    16  -4.084290e+00  -4.102552e+00   5.834967e-06   3.015402e+07   3.436973e-01            nan  -4.320889e+00  -4.332071e+00   1.181103e-06   3.208568e+07   3.433140e-01  -2.552902e+00  -2.571604e+00   1.062993e-05   8.949438e+02   4.904406e-01
    17  -4.046963e+00  -4.065225e+00   7.460325e-06   2.961880e+07   3.436414e-01            nan  -4.298199e+00  -4.309396e+00   1.378130e-06   3.196428e+07   3.433093e-01  -2.514849e+00  -2.533459e+00   1.240317e-05   8.063917e+02   4.806743e-01
    18  -4.009636e+00  -4.027898e+00   9.518705e-06   2.900813e+07   3.435848e-01            nan  -4.275474e+00  -4.286688e+00   1.608010e-06   3.183027e+07   3.433040e-01  -2.476995e+00  -2.495510e+00   1.447209e-05   7.276869e+02   4.709627e-01
    19  -3.972309e+00  -3.990571e+00   1.211954e-05   2.830905e+07   3.435265e-01            nan  -4.252709e+00  -4.263943e+00   1.876216e-06   3.168240e+07   3.432981e-01  -2.439322e+00  -2.457751e+00   1.688595e-05   6.572331e+02   4.615898e-01
    20  -3.934982e+00  -3.953244e+00   1.538767e-05   2.751153e+07   3.434652e-01            nan  -4.229901e+00  -4.241155e+00   2.189133e-06   3.151928e+07   3.432915e-01  -2.401829e+00  -2.420171e+00   1.970220e-05   5.943175e+02   4.523697e-01
    21  -3.897655e+00  -3.915918e+00   1.948086e-05   2.661760e+07   3.434000e-01            nan  -4.207043e+00  -4.218321e+00   2.554206e-06   3.133941e+07   3.432842e-01  -2.364503e+00  -2.382765e+00   2.298786e-05   5.378754e+02   4.434359e-01
    22  -3.860328e+00  -3.878591e+00   2.457421e-05   2.560584e+07   3.433289e-01            nan  -4.184130e+00  -4.195435e+00   2.980121e-06   3.114116e+07   3.432761e-01  -2.327333e+00  -2.345520e+00   2.682109e-05   4.872181e+02   4.347435e-01
    23  -3.823001e+00  -3.841264e+00   3.088088e-05   2.449513e+07   3.432512e-01            nan  -4.161156e+00  -4.172491e+00   3.477003e-06   3.092277e+07   3.432671e-01  -2.290313e+00  -2.308429e+00   3.129303e-05   4.417037e+02   4.262716e-01
    24  -3.785674e+00  -3.803937e+00   3.862625e-05   2.326019e+07   3.431637e-01            nan  -4.138114e+00  -4.149482e+00   4.056664e-06   3.068231e+07   3.432570e-01  -2.253428e+00  -2.271479e+00   3.650997e-05   4.006715e+02   4.180963e-01
    25  -3.748347e+00  -3.766610e+00   4.808977e-05   2.193158e+07   3.430657e-01            nan  -4.114997e+00  -4.126402e+00   4.732872e-06   3.041773e+07   3.432459e-01  -2.216676e+00  -2.234663e+00   4.259585e-05   3.637556e+02   4.100826e-01
    26  -3.711020e+00  -3.729283e+00   5.950860e-05   2.049852e+07   3.429533e-01            nan  -4.091795e+00  -4.103241e+00   5.521683e-06   3.012682e+07   3.432334e-01  -2.180037e+00  -2.197970e+00   4.969515e-05   3.303527e+02   4.023897e-01
    27  -3.673693e+00  -3.691956e+00   7.322335e-05   1.898513e+07   3.428242e-01            nan  -4.068498e+00  -4.079990e+00   6.441814e-06   2.980722e+07   3.432195e-01  -2.143512e+00  -2.161391e+00   5.797633e-05   3.002274e+02   3.948511e-01
    28  -3.636366e+00  -3.654629e+00   8.950156e-05   1.742251e+07   3.426762e-01            nan  -4.045097e+00  -4.056640e+00   7.515084e-06   2.945640e+07   3.432039e-01  -2.107082e+00  -2.124915e+00   6.763576e-05   2.729157e+02   3.876057e-01
    29  -3.599040e+00  -3.617302e+00   1.085753e-04   1.580427e+07   3.425009e-01            nan  -4.021579e+00  -4.033179e+00   8.766923e-06   2.907171e+07   3.431866e-01  -2.070743e+00  -2.088533e+00   7.890231e-05   2.482003e+02   3.805503e-01
    30  -3.561713e+00  -3.579975e+00   1.307599e-04   1.418246e+07   3.422963e-01            nan  -3.997931e+00  -4.009594e+00   1.022697e-05   2.865036e+07   3.431672e-01  -2.034485e+00  -2.052236e+00   9.204273e-05   2.257813e+02   3.737274e-01
    31  -3.524386e+00  -3.542648e+00   1.562679e-04   1.258727e+07   3.420567e-01            nan  -3.974137e+00  -3.985871e+00   1.192976e-05   2.818942e+07   3.431455e-01  -1.998298e+00  -2.016014e+00   1.073678e-04   2.054388e+02   3.671139e-01
    32  -3.487059e+00  -3.505321e+00   1.852485e-04   1.104500e+07   3.417748e-01            nan  -3.950180e+00  -3.961993e+00   1.391553e-05   2.768589e+07   3.431212e-01  -1.962177e+00  -1.979862e+00   1.252398e-04   1.869752e+02   3.606886e-01
    33  -3.449732e+00  -3.467994e+00   2.177744e-04   9.580443e+06   3.414415e-01            nan  -3.926041e+00  -3.937942e+00   1.623115e-05   2.713671e+07   3.430939e-01  -1.926113e+00  -1.943771e+00   1.460803e-04   1.701868e+02   3.544814e-01
    34  -3.412405e+00  -3.430667e+00   2.538390e-04   8.215301e+06   3.410456e-01            nan  -3.901698e+00  -3.913699e+00   1.893121e-05   2.653879e+07   3.430632e-01  -1.890101e+00  -1.907734e+00   1.703808e-04   1.549400e+02   3.484293e-01
    35  -3.375078e+00  -3.393341e+00   2.933657e-04   6.966744e+06   3.405741e-01            nan  -3.877126e+00  -3.889238e+00   2.207926e-05   2.588909e+07   3.430286e-01  -1.854133e+00  -1.871745e+00   1.987134e-04   1.410551e+02   3.425955e-01
    36  -3.337751e+00  -3.356014e+00   3.362342e-04   5.846369e+06   3.400117e-01            nan  -3.852299e+00  -3.864536e+00   2.574932e-05   2.518470e+07   3.429897e-01  -1.818208e+00  -1.835799e+00   2.317439e-04   1.284380e+02   3.368924e-01
    37  -3.300424e+00  -3.318687e+00   3.823218e-04   4.859660e+06   3.393416e-01            nan  -3.827185e+00  -3.839560e+00   3.002750e-05   2.442291e+07   3.429456e-01  -1.782315e+00  -1.799890e+00   2.702475e-04   1.169352e+02   3.314020e-01
    38  -3.263097e+00  -3.281360e+00   4.315568e-04   4.006038e+06   3.385477e-01            nan  -3.801747e+00  -3.814279e+00   3.501400e-05   2.360135e+07   3.428957e-01  -1.746454e+00  -1.764014e+00   3.151260e-04   1.064770e+02   3.260253e-01
    39  -3.225770e+00  -3.244033e+00   4.839705e-04   3.279480e+06   3.376185e-01            nan  -3.775945e+00  -3.788654e+00   4.082538e-05   2.271810e+07   3.428389e-01  -1.710618e+00  -1.728167e+00   3.674284e-04   9.693529e+01   3.208516e-01
    40  -3.188443e+00  -3.206706e+00   5.394767e-04   2.669616e+06   3.365543e-01            nan  -3.749732e+00  -3.762641e+00   4.759714e-05   2.177189e+07   3.427741e-01  -1.674807e+00  -1.692344e+00   4.283742e-04   8.825568e+01   3.157800e-01
    41  -3.151116e+00  -3.169379e+00   5.963980e-04   2.159308e+06   3.352708e-01   4.528938e-01  -3.723055e+00  -3.736189e+00   5.548679e-05   2.076227e+07   3.427000e-01  -1.639013e+00  -1.656541e+00   4.993811e-04   8.033329e+01   3.108986e-01
    42  -3.113789e+00  -3.132052e+00   6.565731e-04   1.739819e+06   3.337453e-01   4.499006e-01  -3.695853e+00  -3.709241e+00   6.467734e-05   1.968983e+07   3.426148e-01  -1.603237e+00  -1.620757e+00   5.820960e-04   7.312312e+01   3.061121e-01
    43  -3.076463e+00  -3.094725e+00   7.195375e-04   1.398805e+06   3.320717e-01   4.464410e-01  -3.668054e+00  -3.681731e+00   7.538125e-05   1.855643e+07   3.425164e-01  -1.567474e+00  -1.584987e+00   6.784313e-04   6.654082e+01   3.015006e-01
    44  -3.039136e+00  -3.057398e+00   7.836404e-04   1.121212e+06   3.300324e-01   4.430687e-01  -3.639577e+00  -3.653582e+00   8.784517e-05   1.736552e+07   3.424021e-01  -1.531724e+00  -1.549231e+00   7.906065e-04   6.054770e+01   2.969788e-01
    45  -3.001809e+00  -3.020071e+00   8.519997e-04   8.983094e+05   3.277911e-01   4.395024e-01  -3.610326e+00  -3.624705e+00   1.023551e-04   1.612234e+07   3.422685e-01  -1.495981e+00  -1.513485e+00   9.211963e-04   5.507666e+01   2.926145e-01
    46  -2.964482e+00  -2.982744e+00   9.205075e-04   7.192671e+05   3.252648e-01   4.359567e-01  -3.580191e+00  -3.594997e+00   1.192428e-04   1.483425e+07   3.421114e-01  -1.460249e+00  -1.477748e+00   1.073185e-03   5.009346e+01   2.883362e-01
    47  -2.927155e+00  -2.945417e+00   9.937462e-04   5.763274e+05   3.224108e-01   4.325345e-01  -3.549041e+00  -3.564336e+00   1.388921e-04   1.351092e+07   3.419249e-01  -1.424523e+00  -1.442019e+00   1.250029e-03   4.554551e+01   2.841945e-01
    48  -2.889828e+00  -2.908090e+00   1.067716e-03   4.620551e+05   3.193263e-01   4.290949e-01  -3.516724e+00  -3.532582e+00   1.617478e-04   1.216457e+07   3.417017e-01  -1.388805e+00  -1.406297e+00   1.455730e-03   4.140184e+01   2.801350e-01
    49  -2.852501e+00  -2.870764e+00   1.146757e-03   3.711599e+05   3.158822e-01   4.259880e-01  -3.483061e+00  -3.499567e+00   1.883238e-04   1.081000e+07   3.414320e-01  -1.353092e+00  -1.370581e+00   1.694914e-03   3.762176e+01   2.761876e-01
    50  -2.815174e+00  -2.833437e+00   1.226817e-03   2.985682e+05   3.122036e-01   4.229688e-01  -3.447841e+00  -3.465094e+00   2.192140e-04   9.464560e+06   3.411022e-01  -1.317387e+00  -1.334873e+00   1.972926e-03   3.417691e+01   2.723174e-01
    51  -2.777847e+00  -2.796110e+00   1.312494e-03   2.407117e+05   3.082579e-01   4.202576e-01  -3.410815e+00  -3.428934e+00   2.551039e-04   8.147831e+06   3.406943e-01  -1.281689e+00  -1.299171e+00   2.295935e-03   3.103626e+01   2.685301e-01
    52  -2.740520e+00  -2.758783e+00   1.400199e-03   1.945669e+05   3.040081e-01   4.179300e-01  -3.371687e+00  -3.390811e+00   2.967831e-04   6.881083e+06   3.401827e-01  -1.246000e+00  -1.263478e+00   2.671048e-03   2.817370e+01   2.648124e-01
    53  -2.703193e+00  -2.721456e+00   1.493422e-03   1.574816e+05   2.996795e-01   4.156405e-01  -3.330115e+00  -3.350404e+00   3.451610e-04   5.686360e+06   3.395321e-01  -1.210322e+00  -1.227795e+00   3.106449e-03   2.556593e+01   2.611434e-01
    54  -2.665866e+00  -2.684129e+00   1.590871e-03   1.279874e+05   2.949502e-01   4.141560e-01  -3.285696e+00  -3.307338e+00   4.012824e-04   4.585192e+06   3.386923e-01  -1.174657e+00  -1.192123e+00   3.611542e-03   2.318874e+01   2.575342e-01
    55  -2.628539e+00  -2.646802e+00   1.693583e-03   1.040286e+05   2.903155e-01   4.124026e-01  -3.237973e+00  -3.261179e+00   4.663463e-04   3.596958e+06   3.375922e-01  -1.139008e+00  -1.156467e+00   4.197117e-03   2.102473e+01   2.539372e-01
    56  -2.591212e+00  -2.609475e+00   1.802402e-03   8.496954e+04   2.852860e-01   4.116832e-01  -3.186439e+00  -3.211442e+00   5.417261e-04   2.736992e+06   3.361305e-01  -1.103379e+00  -1.120828e+00   4.875535e-03   1.905274e+01   2.503753e-01
    57  -2.553886e+00  -2.572148e+00   1.917008e-03   6.943100e+04   2.803377e-01   4.107726e-01  -3.130562e+00  -3.157602e+00   6.289911e-04   2.014658e+06   3.341657e-01  -1.067774e+00  -1.085211e+00   5.660920e-03   1.725785e+01   2.468046e-01
    58  -2.516559e+00  -2.534821e+00   2.039001e-03   5.689066e+04   2.752736e-01   4.104384e-01  -3.069834e+00  -3.099138e+00   7.299314e-04   1.431786e+06   3.315053e-01  -1.032197e+00  -1.049621e+00   6.569382e-03   1.562386e+01   2.432197e-01
    59  -2.479232e+00  -2.497494e+00   2.168261e-03   4.670078e+04   2.701834e-01   4.102103e-01  -3.003860e+00  -3.035595e+00   8.465830e-04   9.819406e+05   3.279004e-01  -9.966525e-01  -1.014061e+00   7.619247e-03   1.413615e+01   2.396115e-01
    60  -2.441905e+00  -2.460167e+00   2.305845e-03   3.837580e+04   2.651564e-01   4.102755e-01  -2.932475e+00  -2.966702e+00   9.812558e-04   6.509808e+05   3.230599e-01  -9.611465e-01  -9.785368e-01   8.831303e-03   1.278249e+01   2.359459e-01
    61  -2.404578e+00  -2.422840e+00   2.452623e-03   3.161628e+04   2.600894e-01   4.106816e-01  -2.855887e+00  -2.892495e+00   1.136562e-03   4.190891e+05   3.166988e-01  -9.256812e-01  -9.430519e-01   1.022906e-02   1.154959e+01   2.322392e-01
    62  -2.367251e+00  -2.385513e+00   2.609112e-03   2.605201e+04   2.551537e-01   4.111718e-01  -2.774764e+00  -2.813434e+00   1.315444e-03   2.639445e+05   3.086294e-01  -8.902599e-01  -9.076095e-01   1.183900e-02   1.042702e+01   2.284655e-01
    63  -2.329924e+00  -2.348186e+00   2.776244e-03   2.151756e+04   2.502494e-01   4.119814e-01  -2.690192e+00  -2.730422e+00   1.521208e-03   1.641348e+05   2.988681e-01  -8.548853e-01  -8.722126e-01   1.369088e-02   9.404649e+00   2.246139e-01
    64  -2.292597e+00  -2.310860e+00   2.955257e-03   1.777826e+04   2.454726e-01   4.128344e-01  -2.603498e+00  -2.644685e+00   1.757548e-03   1.017186e+05   2.876933e-01  -8.195554e-01  -8.368612e-01   1.581793e-02   8.472351e+00   2.207058e-01
    65  -2.255270e+00  -2.273533e+00   3.146241e-03   1.470573e+04   2.408197e-01   4.138693e-01  -2.515990e+00  -2.557544e+00   2.028572e-03   6.329712e+04   2.755971e-01  -7.842674e-01  -8.015531e-01   1.825715e-02   7.621994e+00   2.167317e-01
    66  -2.217943e+00  -2.236206e+00   3.351764e-03   1.217316e+04   2.362934e-01   4.148843e-01  -2.428738e+00  -2.470177e+00   2.338830e-03   3.974395e+04   2.631496e-01  -7.490163e-01  -7.662843e-01   2.104947e-02   6.845869e+00   2.126989e-01
    67  -2.180616e+00  -2.198879e+00   3.571134e-03   1.008244e+04   2.319192e-01   4.160785e-01  -2.342490e+00  -2.383477e+00   2.693323e-03   2.523952e+04   2.508587e-01  -7.137914e-01  -7.310468e-01   2.423991e-02   6.136567e+00   2.086405e-01
    68  -2.143289e+00  -2.161552e+00   3.807276e-03   8.356958e+03   2.277009e-01   4.171646e-01  -2.257688e+00  -2.298022e+00   3.097518e-03   1.621971e+04   2.390895e-01  -6.785806e-01  -6.958292e-01   2.787766e-02   5.488196e+00   2.045645e-01
    69  -2.105962e+00  -2.124225e+00   4.060006e-03   6.929254e+03   2.236308e-01   4.184426e-01  -2.174543e+00  -2.214129e+00   3.557342e-03   1.054232e+04   2.280540e-01  -6.433699e-01  -6.606185e-01   3.201608e-02   4.895538e+00   2.004817e-01
    70  -2.068635e+00  -2.086898e+00   4.331758e-03   5.748662e+03   2.197519e-01   4.195807e-01  -2.093120e+00  -2.131926e+00   4.079169e-03   6.923853e+03   2.178415e-01  -6.081425e-01  -6.253991e-01   3.671252e-02   4.353821e+00   1.964249e-01
    71  -2.031308e+00  -2.049571e+00   4.623364e-03   4.770921e+03   2.160062e-01   4.208790e-01  -2.013400e+00  -2.051433e+00   4.669785e-03   4.590163e+03   2.084596e-01  -5.728819e-01  -5.901545e-01   4.202806e-02   3.859274e+00   1.924019e-01
    72  -1.993982e+00  -2.012244e+00   4.936721e-03   3.960845e+03   2.124790e-01   4.219938e-01  -1.935329e+00  -1.972612e+00   5.336336e-03   3.068798e+03   1.998695e-01  -5.375738e-01  -5.548691e-01   4.802703e-02   3.408738e+00   1.884117e-01
    73  -1.956655e+00  -1.974917e+00   5.273572e-03   3.289723e+03   2.090770e-01   4.232444e-01  -1.858842e+00  -1.895404e+00   6.086254e-03   2.067416e+03   1.920111e-01  -5.022078e-01  -5.195309e-01   5.477629e-02   2.999494e+00   1.844470e-01
    74  -1.919328e+00  -1.937590e+00   5.635544e-03   2.732881e+03   2.058971e-01   4.243200e-01  -1.783881e+00  -1.819746e+00   6.927149e-03   1.402610e+03   1.848184e-01  -4.667779e-01  -4.841317e-01   6.234434e-02   2.629013e+00   1.805083e-01
    75  -1.882001e+00  -1.900263e+00   6.025083e-03   2.271409e+03   2.028464e-01   4.254885e-01  -1.710400e+00  -1.745588e+00   7.866679e-03   9.578293e+02   1.782275e-01  -4.312847e-01  -4.486688e-01   7.080011e-02   2.295088e+00   1.765741e-01
    76  -1.844674e+00  -1.862936e+00   6.443886e-03   1.888194e+03   2.000098e-01   4.265095e-01  -1.638364e+00  -1.672890e+00   8.912390e-03   6.581465e+02   1.721808e-01  -3.957364e-01  -4.131469e-01   8.021151e-02   1.995540e+00   1.726209e-01
    77  -1.807347e+00  -1.825609e+00   6.894901e-03   1.570485e+03   1.973078e-01   4.275922e-01  -1.567753e+00  -1.601625e+00   1.007152e-02   4.549026e+02   1.666277e-01  -3.601480e-01  -3.775778e-01   9.064369e-02   1.728164e+00   1.686262e-01
    78  -1.770020e+00  -1.788283e+00   7.380222e-03   1.306484e+03   1.948142e-01   4.285332e-01  -1.498554e+00  -1.531776e+00   1.135078e-02   3.162130e+02   1.615240e-01  -3.245409e-01  -3.419796e-01   1.021570e-01   1.490693e+00   1.645765e-01
    79  -1.732693e+00  -1.750956e+00   7.903179e-03   1.087536e+03   1.924567e-01   4.295329e-01  -1.430766e+00  -1.463339e+00   1.275612e-02   2.210181e+02   1.568309e-01  -2.889411e-01  -3.063763e-01   1.148050e-01   1.280819e+00   1.604630e-01
    80  -1.695366e+00  -1.713629e+00   8.466523e-03   9.054802e+02   1.903051e-01   4.303745e-01  -1.364390e+00  -1.396311e+00   1.429243e-02   1.553082e+02   1.525137e-01  -2.533794e-01  -2.707964e-01   1.286319e-01   1.096261e+00   1.562749e-01
    81  -1.658039e+00  -1.676302e+00   9.073988e-03   7.544518e+02   1.882872e-01   4.312941e-01  -1.299434e+00  -1.330699e+00   1.596333e-02   1.097026e+02   1.485397e-01  -2.178905e-01  -2.352725e-01   1.436700e-01   9.347654e-01   1.520052e-01
    82  -1.620712e+00  -1.638975e+00   9.729119e-03   6.287682e+02   1.864762e-01   4.320201e-01  -1.235906e+00  -1.266510e+00   1.777087e-02   7.788153e+01   1.448772e-01  -1.825119e-01  -1.998410e-01   1.599378e-01   7.941387e-01   1.476507e-01
    83  -1.583385e+00  -1.601648e+00   1.043629e-02   5.244864e+02   1.847925e-01   4.328589e-01  -1.173813e+00  -1.203751e+00   1.971527e-02   5.556281e+01   1.414939e-01  -1.472831e-01  -1.645404e-01   1.774374e-01   6.722580e-01   1.432204e-01
    84  -1.546058e+00  -1.564321e+00   1.119980e-02   4.376084e+02   1.833194e-01   4.334507e-01  -1.113163e+00  -1.142430e+00   2.179475e-02   3.982891e+01   1.383560e-01  -1.122453e-01  -1.294109e-01   1.961527e-01   5.671249e-01   1.387160e-01
    85  -1.508731e+00  -1.526994e+00   1.202521e-02   3.654803e+02   1.819746e-01   4.341488e-01  -1.053959e+00  -1.082553e+00   2.400535e-02   2.868149e+01   1.354278e-01  -7.744118e-02  -9.449470e-02   2.160481e-01   4.768589e-01   1.341415e-01
    86  -1.471405e+00  -1.489667e+00   1.291723e-02   3.053736e+02   1.808229e-01   4.346321e-01  -9.962005e-01  -1.024120e+00   2.634082e-02   2.074467e+01   1.326705e-01  -4.291351e-02  -5.983430e-02   2.370673e-01   3.997023e-01   1.295069e-01
    87  -1.434078e+00  -1.452340e+00   1.388364e-02   2.554006e+02   1.798096e-01   4.351531e-01  -9.398815e-01  -9.671287e-01   2.879262e-02   1.506616e+01   1.300430e-01  -8.704156e-03  -2.547208e-02   2.591336e-01   3.340287e-01   1.248287e-01
    88  -1.396751e+00  -1.415013e+00   1.492882e-02   2.137527e+02   1.789662e-01   4.355058e-01  -8.849868e-01  -9.115674e-01   3.134998e-02   1.098373e+01   1.275055e-01   2.514552e-02   8.550388e-03   2.821498e-01   2.783645e-01   1.201169e-01
    89  -1.359424e+00  -1.377686e+00   1.606358e-02   1.790592e+02   1.782705e-01   4.357974e-01  -8.314905e-01  -8.574155e-01   3.400006e-02   8.034653e+00   1.250176e-01   5.859614e-02   4.219281e-02   3.060005e-01   2.313679e-01   1.153882e-01
    90  -1.322097e+00  -1.340359e+00   1.729307e-02   1.501487e+02   1.777143e-01   4.359802e-01  -7.793529e-01  -8.046398e-01   3.672816e-02   5.894066e+00   1.225464e-01   9.161132e-02   7.541738e-02   3.305535e-01   1.918326e-01   1.106637e-01
    91  -1.284770e+00  -1.303032e+00   1.862962e-02   1.260047e+02   1.773115e-01   4.359723e-01  -7.285173e-01  -7.531917e-01   3.951809e-02   4.332962e+00   1.200654e-01   1.241569e-01   1.081889e-01   3.556628e-01   1.586940e-01   1.059571e-01
    92  -1.247443e+00  -1.265706e+00   2.008280e-02   1.058896e+02   1.770109e-01   4.359163e-01  -6.789072e-01  -7.030043e-01   4.235249e-02   3.189251e+00   1.175623e-01   1.562036e-01   1.404758e-01   3.811724e-01   1.310017e-01   1.012937e-01
    93  -1.210116e+00  -1.228379e+00   2.166319e-02   8.904209e+01   1.768587e-01   4.355270e-01  -6.304230e-01  -6.539889e-01   4.521329e-02   2.347683e+00   1.150365e-01   1.877254e-01   1.722504e-01   4.069196e-01   1.079327e-01   9.668936e-02
    94  -1.172789e+00  -1.191052e+00   2.338877e-02   7.498158e+01   1.767879e-01   4.350574e-01  -5.829423e-01  -6.060341e-01   4.808216e-02   1.726162e+00   1.125055e-01   2.187009e-01   2.034892e-01   4.327394e-01   8.876704e-02   9.216440e-02
    95  -1.135462e+00  -1.153725e+00   2.526603e-02   6.321366e+01   1.768004e-01   4.342796e-01  -5.363171e-01  -5.590043e-01   5.094094e-02   1.265781e+00   1.099971e-01   2.491133e-01   2.341733e-01   4.584685e-01   7.288485e-02   8.773628e-02
    96  -1.098135e+00  -1.116398e+00   2.731977e-02   5.335017e+01   1.768850e-01   4.332732e-01  -4.903740e-01  -5.127383e-01   5.377208e-02   9.241478e-01   1.075495e-01   2.789502e-01   2.642880e-01   4.839488e-01   5.975452e-02   8.342054e-02
    97  -1.060808e+00  -1.079071e+00   2.956684e-02   4.509733e+01   1.769867e-01   4.319857e-01  -4.449203e-01  -4.670528e-01   5.655903e-02   6.706583e-01   1.052047e-01   3.082040e-01   2.938234e-01   5.090312e-01   4.892175e-02   7.923249e-02
    98  -1.023481e+00  -1.041744e+00   3.202326e-02   3.815532e+01   1.771189e-01   4.303428e-01  -3.997434e-01  -4.217447e-01   5.928652e-02   4.829106e-01   1.030004e-01   3.368710e-01   3.227740e-01   5.335787e-01   4.000247e-02   7.518272e-02
    99  -9.861544e-01  -1.004417e+00   3.472151e-02   3.232819e+01   1.772209e-01   4.283943e-01  -3.546154e-01  -3.765935e-01   6.194091e-02   3.444165e-01   1.009645e-01   3.649521e-01   3.511385e-01   5.574682e-01   3.267102e-02   7.128251e-02
   100  -9.488275e-01  -9.670901e-01   3.768216e-02   2.743389e+01   1.772558e-01   4.260588e-01  -3.093022e-01  -3.313681e-01   6.451030e-02   2.429375e-01   9.910966e-02   3.924513e-01   3.789193e-01   5.805927e-01   2.665500e-02   6.753761e-02
   101  -9.115006e-01  -9.297631e-01   4.093310e-02   2.329663e+01   1.772287e-01   4.234401e-01  -2.635700e-01  -2.858344e-01   6.698469e-02   1.692520e-01   9.742870e-02   4.193769e-01   4.061227e-01   6.028622e-01   2.172505e-02   6.395486e-02
   102  -8.741736e-01  -8.924362e-01   4.451629e-02   1.981093e+01   1.770695e-01   4.204728e-01  -2.171857e-01  -2.397589e-01   6.935597e-02   1.163254e-01   9.590073e-02   4.457393e-01   4.327581e-01   6.242038e-01   1.769095e-02   6.053553e-02
   103  -8.368467e-01  -8.551093e-01   4.846345e-02   1.686805e+01   1.767537e-01   4.171614e-01  -1.699148e-01  -1.929074e-01   7.161799e-02   7.877877e-02   9.450212e-02   4.715527e-01   4.588378e-01   6.445619e-01   1.439344e-02   5.728250e-02
   104  -7.995198e-01  -8.177823e-01   5.280771e-02   1.436852e+01   1.762803e-01   4.137294e-01  -1.215331e-01  -1.450506e-01   7.376638e-02   5.252529e-02   9.321156e-02   4.968325e-01   4.843765e-01   6.638974e-01   1.170136e-02   5.419332e-02
   105  -7.621928e-01  -7.804554e-01   5.760614e-02   1.224808e+01   1.756097e-01   4.101217e-01  -7.181258e-02  -9.596169e-02   7.579851e-02   3.444180e-02   9.202105e-02   5.215972e-01   5.093914e-01   6.821866e-01   9.505421e-03   5.126763e-02
   106  -7.248659e-01  -7.431285e-01   6.290799e-02   1.044579e+01   1.747348e-01   4.064114e-01  -2.053780e-02  -4.541891e-02   7.771330e-02   2.219523e-02   9.092758e-02   5.458661e-01   5.339011e-01   6.994197e-01   7.716041e-03   4.850065e-02
   107  -6.875390e-01  -7.058016e-01   6.874846e-02   8.908700e+00   1.736607e-01   4.027482e-01   3.244995e-02   6.763696e-03   7.951106e-02   1.406217e-02   8.990654e-02   5.696605e-01   5.579262e-01   7.155996e-01   6.259034e-03   4.588900e-02
   108  -6.502121e-01  -6.684746e-01   7.518945e-02   7.592123e+00   1.724046e-01   3.993040e-01   8.719652e-02   6.068532e-02   8.119333e-02   8.775395e-03   8.889485e-02   5.930023e-01   5.814882e-01   7.307399e-01   5.073652e-03   4.342691e-02
   109  -6.128851e-01  -6.311477e-01   8.229465e-02   6.465759e+00   1.709701e-01   3.959938e-01   1.435249e-01   1.162733e-01   8.276263e-02   5.419318e-03   8.774173e-02   6.159146e-01   6.046096e-01   7.448636e-01   4.109938e-03   4.110874e-02
   110  -5.755582e-01  -5.938208e-01   9.012291e-02   5.500540e+00   1.693741e-01   3.928404e-01   2.009105e-01   1.731648e-01   8.422234e-02   3.340083e-03   8.617523e-02   6.384210e-01   6.273136e-01   7.580011e-01   3.326973e-03   3.892837e-02
   111  -5.382313e-01  -5.564938e-01   9.872815e-02   4.672636e+00   1.676270e-01   3.897881e-01   2.584584e-01   2.306369e-01   8.557652e-02   2.077404e-03   8.385643e-02   6.605452e-01   6.496240e-01   7.701887e-01   2.691310e-03   3.687881e-02
   112  -5.009043e-01  -5.191669e-01   1.081473e-01   3.960867e+00   1.657549e-01   3.866874e-01   3.150404e-01   2.876702e-01   8.682971e-02   1.318602e-03   8.052306e-02   6.823114e-01   6.715646e-01   7.814674e-01   2.175539e-03   3.495390e-02
   113  -4.635774e-01  -4.818400e-01   1.184615e-01   3.350031e+00   1.637519e-01   3.832591e-01   3.695955e-01   3.431740e-01   8.798682e-02   8.606049e-04   7.617436e-02   7.037436e-01   6.931597e-01   7.918814e-01   1.757339e-03   3.314648e-02
   114  -4.262505e-01  -4.445130e-01   1.297332e-01   2.827407e+00   1.616020e-01   3.792249e-01   4.214004e-01   3.962700e-01   8.905301e-02   5.786789e-04   7.109673e-02   7.248659e-01   7.144332e-01   8.014771e-01   1.418468e-03   3.144985e-02
   115  -3.889235e-01  -4.071861e-01   1.420235e-01   2.381058e+00   1.592856e-01   3.742915e-01   4.701434e-01   4.464554e-01   9.003354e-02   3.999166e-04   6.570079e-02   7.457019e-01   7.354089e-01   8.103019e-01   1.144057e-03   2.985751e-02
   116  -3.515966e-01  -3.698592e-01   1.553933e-01   2.000626e+00   1.567808e-01   3.681801e-01   5.158327e-01   4.935886e-01   9.093373e-02   2.828378e-04   6.034584e-02   7.662749e-01   7.561102e-01   8.184036e-01   9.220036e-04   2.836275e-02
   117  -3.142697e-01  -3.325322e-01   1.698795e-01   1.676993e+00   1.540733e-01   3.606410e-01   5.586577e-01   5.377729e-01   9.175884e-02   2.038353e-04   5.526142e-02   7.866076e-01   7.765602e-01   8.258295e-01   7.424410e-04   2.695940e-02
   118  -2.769428e-01  -2.952053e-01   1.855470e-01   1.402074e+00   1.511566e-01   3.513817e-01   5.988869e-01   5.792379e-01   9.251402e-02   1.491358e-04   5.056231e-02   8.067221e-01   7.967813e-01   8.326262e-01   5.973460e-04   2.564141e-02
   119  -2.396158e-01  -2.578784e-01   2.024665e-01   1.169346e+00   1.479978e-01   3.404855e-01   6.368071e-01   6.182607e-01   9.320429e-02   1.104455e-04   4.628710e-02   8.266398e-01   8.167951e-01   8.388386e-01   4.801948e-04   2.440288e-02
   120  -2.022889e-01  -2.205515e-01   2.206903e-01   9.726900e-01   1.445891e-01   3.278872e-01   6.726926e-01   6.551204e-01   9.383445e-02   8.259560e-05   4.243245e-02   8.463815e-01   8.366228e-01   8.445100e-01   3.856803e-04   2.323835e-02
   121  -1.649620e-01  -1.832245e-01   2.402635e-01   8.068111e-01   1.409331e-01   3.135475e-01   7.067868e-01   6.900742e-01   9.440910e-02   6.227147e-05   3.896911e-02   8.659668e-01   8.562845e-01   8.496819e-01   3.094919e-04   2.214264e-02
   122  -1.276350e-01  -1.458976e-01   2.611927e-01   6.671473e-01   1.370392e-01   2.974195e-01   7.393074e-01   7.233514e-01   9.493262e-02   4.726041e-05   3.586307e-02   8.854148e-01   8.757997e-01   8.543935e-01   2.481300e-04   2.111073e-02
   123  -9.030810e-02  -1.085707e-01   2.835042e-01   5.497625e-01   1.329201e-01   2.792297e-01   7.704432e-01   7.551543e-01   9.540910e-02   3.606686e-05   3.307719e-02   9.047434e-01   8.951866e-01   8.586819e-01   1.987533e-04   2.013799e-02
   124  -5.298117e-02  -7.124373e-02   3.072319e-01   4.513949e-01   1.285816e-01   2.590627e-01   8.003585e-01   7.856584e-01   9.584241e-02   2.765166e-05   3.057527e-02   9.239695e-01   9.144628e-01   8.625817e-01   1.590565e-04   1.922017e-02
   125  -1.565424e-02  -3.391680e-02   3.323674e-01   3.691641e-01   1.240454e-01   2.368979e-01   8.291964e-01   8.150167e-01   9.623618e-02   2.128176e-05   2.832495e-02   9.431093e-01   9.336448e-01   8.661256e-01   1.271721e-04   1.835320e-02
   126   2.167269e-02   3.410126e-03   3.588394e-01   3.006185e-01   1.193314e-01   2.126405e-01   8.570818e-01   8.433628e-01   9.659376e-02   1.643194e-05   2.629651e-02   9.621777e-01   9.527482e-01   8.693438e-01   1.015868e-04   1.753333e-02
   127   5.899962e-02   4.073706e-02   3.866118e-01   2.436745e-01   1.144604e-01   1.863958e-01   8.841235e-01   8.708131e-01   9.691827e-02   1.272168e-05   2.446387e-02   9.811888e-01   9.717873e-01   8.722644e-01   8.107572e-05   1.675710e-02
   128   9.632655e-02   7.806399e-02   4.155241e-01   1.964648e-01   1.094406e-01   1.584176e-01   9.104181e-01   8.974697e-01   9.721261e-02   9.870978e-06   2.280445e-02   1.000156e+00   9.907758e-01   8.749135e-01   6.464810e-05   1.602138e-02
   129   1.336535e-01   1.153909e-01   4.455243e-01   1.575097e-01   1.043044e-01   1.286810e-01   9.360496e-01   9.234229e-01   9.747945e-02   7.673424e-06   2.129759e-02   1.019090e+00   1.009726e+00   8.773151e-01   5.150365e-05   1.532321e-02
   130   1.709804e-01   1.527178e-01   4.764906e-01   1.255557e-01   9.909045e-02   9.900034e-02   9.610930e-01   9.487518e-01   9.772124e-02   5.974200e-06   1.992607e-02   1.038004e+00   1.028650e+00   8.794912e-01   4.099621e-05   1.465992e-02
   131   2.083073e-01   1.900448e-01   5.082934e-01   9.946394e-02   9.383415e-02   6.912686e-02   9.856151e-01   9.735271e-01   9.794025e-02   4.656989e-06   1.867450e-02   1.056907e+00   1.047558e+00   8.814623e-01   3.260466e-05   1.402907e-02
   132   2.456343e-01   2.273717e-01   5.407222e-01   7.827458e-02   8.857062e-02   3.938132e-02   1.009674e+00   9.978113e-01   9.813854e-02   3.633912e-06   1.752921e-02   1.075809e+00   1.066461e+00   8.832469e-01   2.590913e-05   1.342844e-02
   133   2.829612e-01   2.646986e-01   5.734303e-01   6.117209e-02   8.332169e-02   1.319864e-02   1.033324e+00   1.021660e+00   9.831802e-02   2.837886e-06   1.647860e-02   1.094718e+00   1.085366e+00   8.848622e-01   2.057172e-05   1.285601e-02
   134   3.202881e-01   3.020256e-01   6.061784e-01   4.739082e-02   7.809616e-02  -1.201916e-02   1.056610e+00   1.045123e+00   9.848042e-02   2.217634e-06   1.551240e-02   1.113642e+00   1.104283e+00   8.863237e-01   1.632079e-05   1.230995e-02
   135   3.576151e-01   3.393525e-01   6.388564e-01   3.642458e-02   7.296524e-02  -3.466910e-02   1.079575e+00   1.068244e+00   9.862732e-02   1.733788e-06   1.462153e-02   1.132588e+00   1.123218e+00   8.876458e-01   1.293817e-05   1.178856e-02
   136   3.949420e-01   3.766794e-01   6.711246e-01   2.776592e-02   6.795511e-02  -5.226745e-02   1.102257e+00   1.091064e+00   9.876016e-02   1.356018e-06   1.379805e-02   1.151562e+00   1.142179e+00   8.888415e-01   1.024880e-05   1.129035e-02
   137   4.322689e-01   4.140064e-01   7.024768e-01   2.095139e-02   6.307386e-02  -6.797394e-02   1.124689e+00   1.113618e+00   9.888027e-02   1.060844e-06   1.303512e-02   1.170571e+00   1.161170e+00   8.899225e-01   8.112414e-06   1.081392e-02
   138   4.695959e-01   4.513333e-01   7.330181e-01   1.565950e-02   5.837085e-02  -8.109602e-02   1.146901e+00   1.135937e+00   9.898885e-02   8.300712e-07   1.232665e-02   1.189619e+00   1.180199e+00   8.908996e-01   6.416705e-06   1.035803e-02
   139   5.069228e-01   4.886602e-01   7.620468e-01   1.158547e-02   5.386308e-02  -9.083785e-02   1.168920e+00   1.158050e+00   9.908698e-02   6.495691e-07   1.166728e-02   1.208710e+00   1.199270e+00   8.917828e-01   5.071856e-06   9.921532e-03
   140   5.442497e-01   5.259872e-01   7.897389e-01   8.476000e-03   4.956623e-02  -9.814709e-02   1.190771e+00   1.179983e+00   9.917565e-02   5.083409e-07   1.105231e-02   1.227850e+00   1.218386e+00   8.925808e-01   4.006107e-06   9.503387e-03
   141   5.815766e-01   5.633141e-01   8.154775e-01   6.133773e-03   4.550596e-02  -1.036717e-01   1.212475e+00   1.201758e+00   9.925576e-02   3.978174e-07   1.047760e-02   1.247041e+00   1.237551e+00   8.933019e-01   3.162183e-06   9.102642e-03
   142   6.189036e-01   6.006410e-01   8.394729e-01   4.387744e-03   4.169001e-02  -1.075642e-01   1.234051e+00   1.223397e+00   9.932813e-02   3.113102e-07   9.939514e-03   1.266286e+00   1.256770e+00   8.939532e-01   2.494412e-06   8.718428e-03
   143   6.562305e-01   6.379679e-01   8.613414e-01   3.101140e-03   3.812629e-02  -1.099915e-01   1.255516e+00   1.244916e+00   9.939350e-02   2.435948e-07   9.434830e-03   1.285588e+00   1.276044e+00   8.945415e-01   1.966409e-06   8.349946e-03
   144   6.935574e-01   6.752949e-01   8.811004e-01   2.166948e-03   3.482141e-02  -1.110235e-01   1.276888e+00   1.266333e+00   9.945254e-02   1.905880e-07   8.960700e-03   1.304949e+00   1.295376e+00   8.950729e-01   1.549216e-06   7.996460e-03
   145   7.308844e-01   7.126218e-01   8.988129e-01   1.496235e-03   3.177197e-02  -1.108145e-01   1.298178e+00   1.287663e+00   9.950586e-02   1.490959e-07   8.514595e-03   1.324370e+00   1.314768e+00   8.955527e-01   1.219806e-06   7.657294e-03
   146   7.682113e-01   7.499487e-01   9.144828e-01   1.020862e-03   2.897389e-02  -1.094403e-01   1.319400e+00   1.308919e+00   9.955400e-02   1.166192e-07   8.094269e-03   1.343854e+00   1.334222e+00   8.959860e-01   9.598821e-07   7.331822e-03
   147   8.055382e-01   7.872757e-01   9.281376e-01   6.888912e-04   2.641869e-02  -1.069103e-01   1.340565e+00   1.330112e+00   9.959747e-02   9.120171e-08   7.697723e-03   1.363401e+00   1.353738e+00   8.963772e-01   7.549218e-07   7.019463e-03
   148   8.428652e-01   8.246026e-01   9.399083e-01   4.599883e-04   2.409372e-02  -1.032733e-01   1.361683e+00   1.351252e+00   9.963672e-02   7.131145e-08   7.323175e-03   1.383013e+00   1.373318e+00   8.967304e-01   5.934053e-07   6.719678e-03
   149   8.801921e-01   8.619295e-01   9.499967e-01   3.041481e-04   2.198463e-02  -9.873469e-02   1.382762e+00   1.372350e+00   9.967214e-02   5.574886e-08   6.969030e-03   1.402688e+00   1.392962e+00   8.970493e-01   4.662031e-07   6.431966e-03
   150   9.175190e-01   8.992565e-01   9.585578e-01   1.993214e-04   2.007480e-02  -9.340734e-02   1.403811e+00   1.393414e+00   9.970413e-02   4.357439e-08   6.633859e-03   1.422428e+00   1.412670e+00   8.973371e-01   3.660855e-07   6.155857e-03
   151   9.548459e-01   9.365834e-01   9.657659e-01   1.295906e-04   1.834676e-02  -8.745158e-02   1.424835e+00   1.414450e+00   9.973300e-02   3.405220e-08   6.316379e-03   1.442232e+00   1.432443e+00   8.975970e-01   2.873316e-07   5.890914e-03
   152   9.921729e-01   9.739103e-01   9.717918e-01   8.368781e-05   1.678309e-02  -8.104924e-02   1.445842e+00   1.435466e+00   9.975905e-02   2.660595e-08   6.015437e-03   1.462100e+00   1.452279e+00   8.978315e-01   2.254179e-07   5.636726e-03
   153   1.029500e+00   1.011237e+00   9.768010e-01   5.373554e-05   1.536687e-02  -7.447136e-02   1.466835e+00   1.456465e+00   9.978257e-02   2.078426e-08   5.729989e-03   1.482030e+00   1.472179e+00   8.980432e-01   1.767701e-07   5.392908e-03
   154   1.066827e+00   1.048564e+00   9.809441e-01   3.434620e-05   1.408234e-02  -6.783080e-02   1.487820e+00   1.477454e+00   9.980380e-02   1.623367e-08   5.459093e-03   1.502021e+00   1.492141e+00   8.982342e-01   1.385663e-07   5.159099e-03
   155   1.104154e+00   1.085891e+00   9.843610e-01   2.187370e-05   1.291526e-02  -6.135899e-02   1.508800e+00   1.498437e+00   9.982296e-02   1.267743e-08   5.201896e-03   1.522073e+00   1.512163e+00   8.984066e-01   1.085796e-07   4.934962e-03
   156   1.141481e+00   1.123218e+00   9.871683e-01   1.389276e-05   1.185294e-02  -5.516886e-02   1.529777e+00   1.519415e+00   9.984025e-02   9.898872e-09   4.957624e-03   1.542182e+00   1.532244e+00   8.985622e-01   8.505444e-08   4.720181e-03
   157   1.178808e+00   1.160545e+00   9.894720e-01   8.806821e-06   1.088426e-02  -4.932203e-02   1.550754e+00   1.540392e+00   9.985585e-02   7.728418e-09   4.725577e-03   1.562346e+00   1.552381e+00   8.987027e-01   6.660720e-08   4.514458e-03
   158   1.216134e+00   1.197872e+00   9.913603e-01   5.575649e-06   9.999479e-03  -4.393582e-02   1.571731e+00   1.561369e+00   9.986993e-02   6.033349e-09   4.505117e-03   1.582563e+00   1.572572e+00   8.988294e-01   5.214842e-08   4.317519e-03
   159   1.253461e+00   1.235199e+00   9.929064e-01   3.527475e-06   9.190141e-03  -3.901442e-02   1.592710e+00   1.582347e+00   9.988264e-02   4.709828e-09   4.295668e-03   1.602828e+00   1.592814e+00   8.989438e-01   4.082068e-08   4.129109e-03
   160   1.290788e+00   1.272526e+00   9.941716e-01   2.231137e-06   8.448862e-03  -3.454190e-02   1.613689e+00   1.603326e+00   9.989411e-02   3.676627e-09   4.096708e-03   1.623137e+00   1.613101e+00   8.990470e-01   3.194961e-08   3.948992e-03
   161   1.328115e+00   1.309853e+00   9.952079e-01   1.411367e-06   7.769218e-03  -3.051168e-02   1.634668e+00   1.624305e+00   9.990446e-02   2.870224e-09   3.907764e-03   1.643485e+00   1.633430e+00   8.991401e-01   2.500511e-08   3.776955e-03
   162   1.365442e+00   1.347180e+00   9.960570e-01   8.931543e-07   7.145599e-03  -2.693267e-02   1.655643e+00   1.645282e+00   9.991379e-02   2.240950e-09   3.728413e-03   1.663867e+00   1.653796e+00   8.992241e-01   1.957072e-08   3.612806e-03
   163   1.402769e+00   1.384507e+00   9.967530e-01   5.655763e-07   6.573014e-03  -2.374313e-02   1.676611e+00   1.666254e+00   9.992222e-02   1.749981e-09   3.558277e-03   1.684274e+00   1.674190e+00   8.993000e-01   1.531947e-08   3.456374e-03
   164   1.440096e+00   1.421833e+00   9.973209e-01   3.584364e-07   6.047072e-03  -2.090407e-02   1.697568e+00   1.687216e+00   9.992982e-02   1.366976e-09   3.397021e-03   1.704699e+00   1.694606e+00   8.993684e-01   1.199474e-08   3.307513e-03
   165   1.477423e+00   1.459160e+00   9.977875e-01   2.273782e-07   5.563881e-03  -1.838141e-02   1.718505e+00   1.708163e+00   9.993668e-02   1.068232e-09   3.244351e-03   1.725131e+00   1.715035e+00   8.994301e-01   9.395271e-09   3.166103e-03
   166   1.514750e+00   1.496487e+00   9.981715e-01   1.443932e-07   5.119984e-03  -1.614901e-02   1.739416e+00   1.729086e+00   9.994287e-02   8.352318e-10   3.100018e-03   1.745558e+00   1.735464e+00   8.994858e-01   7.363277e-09   3.032051e-03
   167   1.552077e+00   1.533814e+00   9.984879e-01   9.180031e-08   4.712298e-03  -1.417415e-02   1.760289e+00   1.749978e+00   9.994845e-02   6.535181e-10   2.963812e-03   1.765967e+00   1.755882e+00   8.995361e-01   5.775124e-09   2.905291e-03
   168   1.589404e+00   1.571141e+00   9.987487e-01   5.843676e-08   4.338101e-03  -1.240407e-02   1.781113e+00   1.770826e+00   9.995349e-02   5.118031e-10   2.835565e-03   1.786341e+00   1.776273e+00   8.995814e-01   4.533986e-09   2.785791e-03
   169   1.626731e+00   1.608468e+00   9.989640e-01   3.724850e-08   3.995008e-03  -1.079497e-02   1.801871e+00   1.791616e+00   9.995804e-02   4.012773e-10   2.715152e-03   1.806660e+00   1.796619e+00   8.996223e-01   3.564060e-09   2.673548e-03
   170   1.664058e+00   1.645795e+00   9.991420e-01   2.377584e-08   3.680896e-03  -9.305242e-03   1.822544e+00   1.812330e+00   9.996214e-02   3.150665e-10   2.602491e-03   1.826903e+00   1.816899e+00   8.996593e-01   2.806033e-09   2.568597e-03
   171   1.701385e+00   1.683122e+00   9.992883e-01   1.519901e-08   3.393980e-03  -7.931824e-03   1.843112e+00   1.832950e+00   9.996584e-02   2.478082e-10   2.497540e-03   1.847042e+00   1.837089e+00   8.996926e-01   2.213512e-09   2.471006e-03
   172   1.738711e+00   1.720449e+00   9.994098e-01   9.732186e-09   3.132746e-03  -6.605505e-03   1.863547e+00   1.853450e+00   9.996918e-02   1.953202e-10   2.400302e-03   1.867047e+00   1.857160e+00   8.997226e-01   1.750224e-09   2.380881e-03
   173   1.776038e+00   1.757776e+00   9.995108e-01   6.243235e-09   2.896007e-03  -5.263886e-03   1.883820e+00   1.873802e+00   9.997219e-02   1.543414e-10   2.310821e-03   1.886885e+00   1.877079e+00   8.997498e-01   1.387823e-09   2.298364e-03
   174   1.813365e+00   1.795103e+00   9.995949e-01   4.013850e-09   2.683109e-03  -3.781330e-03   1.903897e+00   1.893975e+00   9.997491e-02   1.223298e-10   2.229183e-03   1.906514e+00   1.896810e+00   8.997742e-01   1.104162e-09   2.223630e-03
   175   1.850692e+00   1.832430e+00   9.996651e-01   2.587368e-09   2.493862e-03  -2.005418e-03   1.923737e+00   1.913930e+00   9.997737e-02   9.730403e-11   2.155513e-03   1.925893e+00   1.916312e+00   8.997963e-01   8.819463e-10   2.156887e-03
   176   1.888019e+00   1.869757e+00   9.997239e-01   1.673120e-09   2.328358e-03   6.864392e-06   1.943297e+00   1.933627e+00   9.997958e-02   7.771889e-11   2.090006e-03   1.944974e+00   1.935538e+00   8.998162e-01   7.076714e-10   2.098371e-03
   177   1.925346e+00   1.907084e+00   9.997732e-01   1.086150e-09   2.187470e-03   2.545180e-03   1.962534e+00   1.953022e+00   9.998158e-02   6.236179e-11   2.033196e-03   1.963705e+00   1.954440e+00   8.998342e-01   5.707778e-10   2.048420e-03
   178   1.962673e+00   1.944411e+00   9.998148e-01   7.085119e-10   2.073169e-03   5.776297e-03   1.981419e+00   1.972079e+00   9.998338e-02   5.024410e-11   1.987576e-03   1.982043e+00   1.972971e+00   8.998504e-01   4.628244e-10   2.008303e-03
   179   2.000000e+00   1.981737e+00   9.998500e-01   4.636676e-10   1.994971e-03   8.175953e-03   2.000000e+00   1.990809e+00   9.998500e-02   4.048048e-11   1.962575e-03   2.000000e+00   1.991114e+00   8.998650e-01   3.761916e-10   1.985295e-03
