     i          log_r       log_rmid          m_tot        rho_tot         v2_tot            eta     lgr[heavy]    lgrm[heavy]       m[heavy]     rho[heavy]      v2[heavy]     lgr[light]    lgrm[light]       m[light]     rho[light]      v2[light]
     0  -4.786563e+00  -5.087593e+00   1.017558e-07   6.886900e+07   2.601792e-01            nan  -4.786563e+00  -5.087593e+00   9.998500e-08   6.866652e+07   2.590164e-01  -3.091648e+00  -3.392678e+00   8.998650e-07   5.084424e+03   4.776453e-01
     1  -4.748649e+00  -4.767193e+00   1.315684e-07   6.787817e+07   2.595198e-01            nan  -4.763958e+00  -4.775113e+00   1.166721e-07   6.780989e+07   2.589891e-01  -3.049662e+00  -3.070148e+00   1.050049e-06   2.522017e+03   4.498511e-01
     2  -4.710735e+00  -4.729279e+00   1.701704e-07   6.770378e+07   2.594677e-01            nan  -4.741362e+00  -4.752513e+00   1.361439e-07   6.771685e+07   2.589861e-01  -3.008281e+00  -3.028479e+00   1.225295e-06   2.239085e+03   4.447131e-01
     3  -4.672822e+00  -4.691365e+00   2.201391e-07   6.749747e+07   2.594189e-01            nan  -4.718771e+00  -4.729919e+00   1.588651e-07   6.761409e+07   2.589828e-01  -2.967462e+00  -2.987392e+00   1.429786e-06   1.994228e+03   4.396009e-01
     4  -4.634908e+00  -4.653451e+00   2.847897e-07   6.725646e+07   2.593729e-01            nan  -4.696180e+00  -4.707329e+00   1.853780e-07   6.750056e+07   2.589792e-01  -2.927175e+00  -2.946852e+00   1.668402e-06   1.781844e+03   4.344175e-01
     5  -4.596994e+00  -4.615537e+00   3.683920e-07   6.697546e+07   2.593291e-01            nan  -4.673587e+00  -4.684737e+00   2.163150e-07   6.737513e+07   2.589752e-01  -2.887386e+00  -2.906825e+00   1.946835e-06   1.596698e+03   4.293337e-01
     6  -4.559080e+00  -4.577624e+00   4.764355e-07   6.664241e+07   2.592868e-01            nan  -4.650988e+00  -4.662141e+00   2.524142e-07   6.723656e+07   2.589708e-01  -2.848073e+00  -2.867285e+00   2.271728e-06   1.434958e+03   4.242799e-01
     7  -4.521167e+00  -4.539710e+00   6.159248e-07   6.625201e+07   2.592457e-01            nan  -4.628378e+00  -4.639536e+00   2.945370e-07   6.708346e+07   2.589659e-01  -2.809206e+00  -2.828205e+00   2.650833e-06   1.292950e+03   4.193615e-01
     8  -4.483253e+00  -4.501796e+00   7.958505e-07   6.579694e+07   2.592051e-01            nan  -4.605755e+00  -4.616919e+00   3.436881e-07   6.691432e+07   2.589604e-01  -2.770763e+00  -2.789559e+00   3.093193e-06   1.167923e+03   4.145637e-01
     9  -4.445339e+00  -4.463882e+00   1.027687e-06   6.525871e+07   2.591643e-01            nan  -4.583114e+00  -4.594287e+00   4.010398e-07   6.672747e+07   2.589544e-01  -2.732718e+00  -2.751324e+00   3.609358e-06   1.057432e+03   4.099100e-01
    10  -4.407425e+00  -4.425969e+00   1.325873e-06   6.462949e+07   2.591227e-01            nan  -4.560453e+00  -4.571636e+00   4.679601e-07   6.652109e+07   2.589478e-01  -2.695047e+00  -2.713474e+00   4.211641e-06   9.593853e+02   4.054448e-01
    11  -4.369512e+00  -4.388055e+00   1.708839e-06   6.389996e+07   2.590798e-01            nan  -4.537766e+00  -4.548961e+00   5.460446e-07   6.629316e+07   2.589404e-01  -2.657729e+00  -2.675987e+00   4.914402e-06   8.722362e+02   4.011169e-01
    12  -4.331598e+00  -4.350141e+00   2.199828e-06   6.304065e+07   2.590343e-01            nan  -4.515051e+00  -4.526260e+00   6.371554e-07   6.604148e+07   2.589323e-01  -2.620736e+00  -2.638839e+00   5.734398e-06   7.943314e+02   3.970164e-01
    13  -4.293684e+00  -4.312227e+00   2.827280e-06   6.204640e+07   2.589860e-01            nan  -4.492303e+00  -4.503528e+00   7.434644e-07   6.576364e+07   2.589233e-01  -2.584053e+00  -2.602007e+00   6.691180e-06   7.246816e+02   3.930585e-01
    14  -4.255770e+00  -4.274314e+00   3.627544e-06   6.090337e+07   2.589339e-01            nan  -4.469516e+00  -4.480760e+00   8.675058e-07   6.545702e+07   2.589134e-01  -2.547652e+00  -2.565471e+00   7.807552e-06   6.620585e+02   3.893228e-01
    15  -4.217857e+00  -4.236400e+00   4.644715e-06   5.957102e+07   2.588765e-01            nan  -4.446687e+00  -4.457952e+00   1.012236e-06   6.511873e+07   2.589024e-01  -2.511516e+00  -2.529208e+00   9.110122e-06   6.057184e+02   3.857529e-01
    16  -4.179943e+00  -4.198486e+00   5.931977e-06   5.805897e+07   2.588136e-01            nan  -4.423809e+00  -4.435098e+00   1.181103e-06   6.474566e+07   2.588902e-01  -2.475626e+00  -2.493200e+00   1.062993e-05   5.548752e+02   3.823565e-01
    17  -4.142029e+00  -4.160572e+00   7.556163e-06   5.633023e+07   2.587436e-01            nan  -4.400877e+00  -4.412192e+00   1.378130e-06   6.433439e+07   2.588767e-01  -2.439963e+00  -2.457429e+00   1.240317e-05   5.088958e+02   3.791229e-01
    18  -4.104115e+00  -4.122659e+00   9.590637e-06   5.437814e+07   2.586655e-01            nan  -4.377884e+00  -4.389229e+00   1.608010e-06   6.388123e+07   2.588619e-01  -2.404515e+00  -2.421878e+00   1.447209e-05   4.672742e+02   3.760135e-01
    19  -4.066202e+00  -4.084745e+00   1.213086e-05   5.219990e+07   2.585784e-01            nan  -4.354823e+00  -4.366200e+00   1.876216e-06   6.338220e+07   2.588454e-01  -2.369266e+00  -2.386533e+00   1.688595e-05   4.294799e+02   3.730421e-01
    20  -4.028288e+00  -4.046831e+00   1.527415e-05   4.976948e+07   2.584804e-01            nan  -4.331685e+00  -4.343100e+00   2.189133e-06   6.283300e+07   2.588272e-01  -2.334206e+00  -2.351382e+00   1.970220e-05   3.951791e+02   3.701426e-01
    21  -3.990374e+00  -4.008917e+00   1.914651e-05   4.712091e+07   2.583713e-01            nan  -4.308461e+00  -4.319918e+00   2.554206e-06   6.222900e+07   2.588071e-01  -2.299322e+00  -2.316414e+00   2.298786e-05   3.639345e+02   3.673391e-01
    22  -3.952460e+00  -3.971004e+00   2.386024e-05   4.423572e+07   2.582485e-01            nan  -4.285143e+00  -4.296645e+00   2.980121e-06   6.156526e+07   2.587849e-01  -2.264608e+00  -2.281618e+00   2.682109e-05   3.355030e+02   3.645602e-01
    23  -3.914547e+00  -3.933090e+00   2.957261e-05   4.116120e+07   2.581115e-01            nan  -4.261717e+00  -4.273272e+00   3.477003e-06   6.083652e+07   2.587603e-01  -2.230053e+00  -2.246987e+00   3.129303e-05   3.095485e+02   3.618215e-01
    24  -3.876633e+00  -3.895176e+00   3.639831e-05   3.794079e+07   2.579592e-01            nan  -4.238172e+00  -4.249785e+00   4.056664e-06   6.003720e+07   2.587332e-01  -2.195652e+00  -2.212512e+00   3.650997e-05   2.858658e+02   3.590673e-01
    25  -3.838719e+00  -3.857262e+00   4.448444e-05   3.457503e+07   2.577876e-01            nan  -4.214494e+00  -4.226172e+00   4.732872e-06   5.916145e+07   2.587032e-01  -2.161397e+00  -2.178187e+00   4.259585e-05   2.642066e+02   3.562962e-01
    26  -3.800805e+00  -3.819349e+00   5.397624e-05   3.117648e+07   2.575974e-01            nan  -4.190668e+00  -4.202418e+00   5.521683e-06   5.820314e+07   2.586701e-01  -2.127283e+00  -2.144005e+00   4.969515e-05   2.443900e+02   3.534728e-01
    27  -3.762891e+00  -3.781435e+00   6.498049e-05   2.779953e+07   2.573862e-01            nan  -4.166675e+00  -4.178505e+00   6.441814e-06   5.715597e+07   2.586335e-01  -2.093303e+00  -2.109961e+00   5.797633e-05   2.262245e+02   3.505919e-01
    28  -3.724978e+00  -3.743521e+00   7.751994e-05   2.447738e+07   2.571488e-01            nan  -4.142495e+00  -4.154416e+00   7.515084e-06   5.601347e+07   2.585932e-01  -2.059451e+00  -2.076047e+00   6.763576e-05   2.095535e+02   3.476359e-01
    29  -3.687064e+00  -3.705607e+00   9.170535e-05   2.128738e+07   2.568823e-01            nan  -4.118106e+00  -4.130129e+00   8.766923e-06   5.476916e+07   2.585486e-01  -2.025719e+00  -2.042258e+00   7.890231e-05   1.942243e+02   3.446049e-01
    30  -3.649150e+00  -3.667693e+00   1.075601e-04   1.829729e+07   2.565837e-01            nan  -4.093484e+00  -4.105621e+00   1.022697e-05   5.341662e+07   2.584994e-01  -1.992097e+00  -2.008583e+00   9.204273e-05   1.801036e+02   3.414985e-01
    31  -3.611236e+00  -3.629780e+00   1.250771e-04   1.554837e+07   2.562481e-01            nan  -4.068598e+00  -4.080863e+00   1.192976e-05   5.194968e+07   2.584450e-01  -1.958575e+00  -1.975013e+00   1.073678e-04   1.670676e+02   3.383274e-01
    32  -3.573323e+00  -3.591866e+00   1.442285e-04   1.306988e+07   2.558697e-01            nan  -4.043417e+00  -4.055825e+00   1.391553e-05   5.036261e+07   2.583850e-01  -1.925139e+00  -1.941535e+00   1.252398e-04   1.550064e+02   3.351056e-01
    33  -3.535409e+00  -3.553952e+00   1.649839e-04   1.087751e+07   2.554430e-01            nan  -4.017902e+00  -4.030472e+00   1.623115e-05   4.865035e+07   2.583186e-01  -1.891775e+00  -1.908137e+00   1.460803e-04   1.438198e+02   3.318556e-01
    34  -3.497495e+00  -3.516038e+00   1.872368e-04   8.973111e+06   2.549631e-01            nan  -3.992013e+00  -4.004765e+00   1.893121e-05   4.680882e+07   2.582452e-01  -1.858465e+00  -1.874800e+00   1.703808e-04   1.334217e+02   3.285979e-01
    35  -3.459581e+00  -3.478125e+00   2.106166e-04   7.332355e+06   2.544068e-01            nan  -3.965699e+00  -3.978657e+00   2.207926e-05   4.483528e+07   2.581639e-01  -1.825190e+00  -1.841509e+00   1.987134e-04   1.237330e+02   3.253633e-01
    36  -3.421668e+00  -3.440211e+00   2.353752e-04   5.950359e+06   2.537699e-01            nan  -3.938906e+00  -3.952096e+00   2.574932e-05   4.272870e+07   2.580738e-01  -1.791932e+00  -1.808243e+00   2.317439e-04   1.146920e+02   3.221665e-01
    37  -3.383754e+00  -3.402297e+00   2.616195e-04   4.804976e+06   2.530555e-01            nan  -3.911569e+00  -3.925022e+00   3.002750e-05   4.049028e+07   2.579737e-01  -1.758670e+00  -1.774983e+00   2.702475e-04   1.062384e+02   3.190398e-01
    38  -3.345840e+00  -3.364383e+00   2.888251e-04   3.864433e+06   2.522693e-01            nan  -3.883612e+00  -3.897366e+00   3.501400e-05   3.812395e+07   2.578623e-01  -1.725385e+00  -1.741709e+00   3.151260e-04   9.833331e+01   3.159776e-01
    39  -3.307926e+00  -3.326470e+00   3.169552e-04   3.092678e+06   2.513192e-01            nan  -3.854951e+00  -3.869045e+00   4.082538e-05   3.563695e+07   2.577379e-01  -1.692058e+00  -1.708402e+00   3.674284e-04   9.093197e+01   3.130073e-01
    40  -3.270013e+00  -3.288556e+00   3.468724e-04   2.472248e+06   2.502903e-01            nan  -3.825483e+00  -3.839967e+00   4.759714e-05   3.304044e+07   2.575985e-01  -1.658676e+00  -1.675046e+00   4.283742e-04   8.401361e+01   3.100920e-01
    41  -3.232099e+00  -3.250642e+00   3.768676e-04   1.972919e+06   2.491273e-01            nan  -3.795092e+00  -3.810022e+00   5.548679e-05   3.035008e+07   2.574415e-01  -1.625224e+00  -1.641628e+00   4.993811e-04   7.754562e+01   3.072468e-01
    42  -3.194185e+00  -3.212728e+00   4.088583e-04   1.574509e+06   2.478057e-01            nan  -3.763639e+00  -3.779081e+00   6.467734e-05   2.758659e+07   2.572635e-01  -1.591698e+00  -1.608138e+00   5.820960e-04   7.151438e+01   3.044175e-01
    43  -3.156271e+00  -3.174815e+00   4.413341e-04   1.256612e+06   2.463906e-01            nan  -3.730960e+00  -3.746992e+00   7.538125e-05   2.477614e+07   2.570605e-01  -1.558092e+00  -1.574570e+00   6.784313e-04   6.589771e+01   3.015896e-01
    44  -3.118358e+00  -3.136901e+00   4.757558e-04   1.004892e+06   2.447565e-01            nan  -3.696862e+00  -3.713576e+00   8.784517e-05   2.195058e+07   2.568267e-01  -1.524409e+00  -1.540924e+00   7.906065e-04   6.067956e+01   2.987181e-01
    45  -3.080444e+00  -3.098987e+00   5.108842e-04   8.042772e+05   2.430487e-01            nan  -3.661117e+00  -3.678622e+00   1.023551e-04   1.914725e+07   2.565546e-01  -1.490653e+00  -1.507203e+00   9.211963e-04   5.584048e+01   2.957722e-01
    46  -3.042530e+00  -3.061073e+00   5.483015e-04   6.459114e+05   2.411137e-01   4.504387e-01  -3.623454e+00  -3.641878e+00   1.192428e-04   1.640842e+07   2.562343e-01  -1.456830e+00  -1.473413e+00   1.073185e-03   5.136000e+01   2.927305e-01
    47  -3.004616e+00  -3.023160e+00   5.865855e-04   5.195957e+05   2.390627e-01   4.493048e-01  -3.583550e+00  -3.603044e+00   1.388921e-04   1.377998e+07   2.558516e-01  -1.422950e+00  -1.439560e+00   1.250029e-03   4.721823e+01   2.895569e-01
    48  -2.966703e+00  -2.985246e+00   6.275524e-04   4.193834e+05   2.368554e-01   4.485754e-01  -3.541026e+00  -3.561768e+00   1.617478e-04   1.130943e+07   2.553873e-01  -1.389020e+00  -1.405654e+00   1.455730e-03   4.339126e+01   2.862616e-01
    49  -2.928789e+00  -2.947332e+00   6.699415e-04   3.396418e+05   2.344956e-01   4.481182e-01  -3.495436e+00  -3.517633e+00   1.883238e-04   9.042972e+06   2.548141e-01  -1.355050e+00  -1.371703e+00   1.694914e-03   3.985842e+01   2.828192e-01
    50  -2.890875e+00  -2.909418e+00   7.150957e-04   2.755531e+05   2.320943e-01   4.478577e-01  -3.446273e+00  -3.470159e+00   2.192140e-04   7.021786e+06   2.540930e-01  -1.321044e+00  -1.337714e+00   1.972926e-03   3.659670e+01   2.792429e-01
    51  -2.852961e+00  -2.871505e+00   7.628142e-04   2.247834e+05   2.294893e-01   4.482073e-01  -3.392973e+00  -3.418806e+00   2.551039e-04   5.277712e+06   2.531688e-01  -1.287008e+00  -1.303693e+00   2.295935e-03   3.358471e+01   2.755359e-01
    52  -2.815047e+00  -2.833591e+00   8.134439e-04   1.833816e+05   2.269284e-01   4.485736e-01  -3.334949e+00  -3.362993e+00   2.967831e-04   3.828913e+06   2.519633e-01  -1.252945e+00  -1.269643e+00   2.671048e-03   3.080235e+01   2.717029e-01
    53  -2.777134e+00  -2.795677e+00   8.674724e-04   1.505549e+05   2.242003e-01   4.496197e-01  -3.271659e+00  -3.302152e+00   3.451610e-04   2.676433e+06   2.503688e-01  -1.218851e+00  -1.235563e+00   3.106449e-03   2.822822e+01   2.677834e-01
    54  -2.739220e+00  -2.757763e+00   9.251482e-04   1.236669e+05   2.215080e-01   4.507698e-01  -3.202724e+00  -3.235825e+00   4.012824e-04   1.802818e+06   2.482447e-01  -1.184722e+00  -1.201451e+00   3.611542e-03   2.584571e+01   2.637792e-01
    55  -2.701306e+00  -2.719849e+00   9.867117e-04   1.019467e+05   2.188000e-01   4.522692e-01  -3.128092e+00  -3.163807e+00   4.663463e-04   1.173889e+06   2.454255e-01  -1.150549e+00  -1.167300e+00   4.197117e-03   2.363687e+01   2.597338e-01
    56  -2.663392e+00  -2.681936e+00   1.053244e-03   8.422509e+04   2.161055e-01   4.539883e-01  -3.048214e+00  -3.086319e+00   5.417261e-04   7.440055e+05   2.417509e-01  -1.116321e+00  -1.133098e+00   4.875535e-03   2.158709e+01   2.556707e-01
    57  -2.625479e+00  -2.644022e+00   1.124312e-03   6.969400e+04   2.134710e-01   4.559181e-01  -2.964125e+00  -3.004138e+00   6.289911e-04   4.637739e+05   2.371264e-01  -1.082025e+00  -1.098835e+00   5.660920e-03   1.968424e+01   2.515999e-01
    58  -2.587565e+00  -2.606108e+00   1.201395e-03   5.783916e+04   2.109006e-01   4.579467e-01  -2.877332e+00  -2.918564e+00   7.299314e-04   2.877817e+05   2.315943e-01  -1.047642e+00  -1.064493e+00   6.569382e-03   1.791537e+01   2.475741e-01
    59  -2.549651e+00  -2.568194e+00   1.284235e-03   4.802258e+04   2.083989e-01   4.602053e-01  -2.789502e+00  -2.831201e+00   8.465830e-04   1.797405e+05   2.253691e-01  -1.013156e+00  -1.030057e+00   7.619247e-03   1.627244e+01   2.435878e-01
    60  -2.511737e+00  -2.530281e+00   1.374007e-03   3.998743e+04   2.060541e-01   4.622964e-01  -2.702110e+00  -2.743612e+00   9.812558e-04   1.138772e+05   2.188005e-01  -9.785537e-01  -9.955104e-01   8.831303e-03   1.474791e+01   2.396426e-01
    61  -2.473824e+00  -2.492367e+00   1.471169e-03   3.330129e+04   2.037647e-01   4.646310e-01  -2.616213e+00  -2.657042e+00   1.136562e-03   7.347258e+04   2.122766e-01  -9.438194e-01  -9.608394e-01   1.022906e-02   1.333443e+01   2.357576e-01
    62  -2.435910e+00  -2.454453e+00   1.576318e-03   2.779328e+04   2.016972e-01   4.665686e-01  -2.532420e+00  -2.572299e+00   1.315444e-03   4.831101e+04   2.061284e-01  -9.089433e-01  -9.260313e-01   1.183900e-02   1.202711e+01   2.319084e-01
    63  -2.397996e+00  -2.416539e+00   1.690747e-03   2.320342e+04   1.996949e-01   4.686332e-01  -2.450986e+00  -2.489797e+00   1.521208e-03   3.234071e+04   2.005753e-01  -8.739194e-01  -8.910784e-01   1.369088e-02   1.082101e+01   2.280753e-01
    64  -2.360082e+00  -2.378626e+00   1.814541e-03   1.939946e+04   1.979129e-01   4.702346e-01  -2.371946e+00  -2.409671e+00   1.757548e-03   2.200352e+04   1.957152e-01  -8.387438e-01  -8.559756e-01   1.581793e-02   9.710654e+00   2.242640e-01
    65  -2.322169e+00  -2.340712e+00   1.949707e-03   1.622675e+04   1.962187e-01   4.717818e-01  -2.295222e+00  -2.331892e+00   2.028572e-03   1.518945e+04   1.915395e-01  -8.034168e-01  -8.207212e-01   1.825715e-02   8.691434e+00   2.204510e-01
    66  -2.284255e+00  -2.302798e+00   2.096087e-03   1.358822e+04   1.947203e-01   4.728377e-01  -2.220699e+00  -2.256364e+00   2.338830e-03   1.062462e+04   1.879572e-01  -7.679417e-01  -7.853171e-01   2.104947e-02   7.758504e+00   2.166172e-01
    67  -2.246341e+00  -2.264884e+00   2.256158e-03   1.138447e+04   1.933150e-01   4.737116e-01  -2.148266e+00  -2.182974e+00   2.693323e-03   7.522888e+03   1.848198e-01  -7.323239e-01  -7.497678e-01   2.423991e-02   6.906710e+00   2.127680e-01
    68  -2.208427e+00  -2.226971e+00   2.429903e-03   9.548196e+03   1.920659e-01   4.740999e-01  -2.077829e+00  -2.111621e+00   3.097518e-03   5.388151e+03   1.819480e-01  -6.965702e-01  -7.140792e-01   2.787766e-02   6.131040e+00   2.088994e-01
    69  -2.170514e+00  -2.189057e+00   2.619957e-03   8.012119e+03   1.908961e-01   4.742424e-01  -2.009304e+00  -2.042216e+00   3.557342e-03   3.901022e+03   1.791612e-01  -6.606894e-01  -6.782594e-01   3.201608e-02   5.426691e+00   2.050015e-01
    70  -2.132600e+00  -2.151143e+00   2.826916e-03   6.730614e+03   1.898266e-01   4.739780e-01  -1.942604e+00  -1.974675e+00   4.079169e-03   2.852414e+03   1.763086e-01  -6.246924e-01  -6.423181e-01   3.671252e-02   4.788965e+00   2.010654e-01
    71  -2.094686e+00  -2.113229e+00   3.053195e-03   5.656740e+03   1.888154e-01   4.734454e-01  -1.877621e+00  -1.908898e+00   4.669785e-03   2.103700e+03   1.732984e-01  -5.885910e-01  -6.062667e-01   4.202806e-02   4.213165e+00   1.971024e-01
    72  -2.056772e+00  -2.075316e+00   3.300572e-03   4.759813e+03   1.878288e-01   4.727129e-01  -1.814208e+00  -1.844758e+00   5.336336e-03   1.562139e+03   1.701157e-01  -5.523988e-01  -5.701180e-01   4.802703e-02   3.694869e+00   1.931058e-01
    73  -2.018859e+00  -2.037402e+00   3.570768e-03   4.007050e+03   1.868769e-01   4.717259e-01  -1.752177e+00  -1.782086e+00   6.086254e-03   1.165330e+03   1.668249e-01  -5.161312e-01  -5.338865e-01   5.477629e-02   3.229845e+00   1.890673e-01
    74  -1.980945e+00  -1.999488e+00   3.867396e-03   3.376574e+03   1.858853e-01   4.708116e-01  -1.691298e+00  -1.720672e+00   6.927149e-03   8.711208e+02   1.635513e-01  -4.798061e-01  -4.975890e-01   6.234434e-02   2.814027e+00   1.849787e-01
    75  -1.943031e+00  -1.961574e+00   4.190931e-03   2.846703e+03   1.848923e-01   4.698620e-01  -1.631320e+00  -1.660275e+00   7.866679e-03   6.509163e+02   1.604482e-01  -4.434428e-01  -4.612440e-01   7.080011e-02   2.443470e+00   1.808454e-01
    76  -1.905117e+00  -1.923661e+00   4.547458e-03   2.401393e+03   1.838537e-01   4.691285e-01  -1.571994e+00  -1.600645e+00   8.912390e-03   4.851650e+02   1.576539e-01  -4.070629e-01  -4.248720e-01   8.021151e-02   2.114428e+00   1.766624e-01
    77  -1.867203e+00  -1.885747e+00   4.936910e-03   2.026160e+03   1.827743e-01   4.686956e-01  -1.513116e+00  -1.541558e+00   1.007152e-02   3.602770e+02   1.552464e-01  -3.706902e-01  -3.884958e-01   9.064369e-02   1.823355e+00   1.724224e-01
    78  -1.829290e+00  -1.847833e+00   5.364638e-03   1.710108e+03   1.816956e-01   4.684822e-01  -1.454561e+00  -1.482852e+00   1.135078e-02   2.665247e+02   1.532072e-01  -3.343512e-01  -3.521407e-01   1.021570e-01   1.566881e+00   1.681174e-01
    79  -1.791376e+00  -1.809919e+00   5.833306e-03   1.442438e+03   1.805742e-01   4.688371e-01  -1.396315e+00  -1.424462e+00   1.275612e-02   1.966473e+02   1.514123e-01  -2.980748e-01  -3.158344e-01   1.148050e-01   1.341794e+00   1.637481e-01
    80  -1.753462e+00  -1.772005e+00   6.346518e-03   1.216487e+03   1.795078e-01   4.694251e-01  -1.338475e+00  -1.366433e+00   1.429243e-02   1.449880e+02   1.496695e-01  -2.618917e-01  -2.796066e-01   1.286319e-01   1.145040e+00   1.593158e-01
    81  -1.715548e+00  -1.734092e+00   6.908835e-03   1.024897e+03   1.784950e-01   4.703577e-01  -1.281208e+00  -1.308898e+00   1.596333e-02   1.070366e+02   1.477924e-01  -2.258349e-01  -2.434892e-01   1.436700e-01   9.737760e-01   1.548158e-01
    82  -1.677635e+00  -1.696178e+00   7.523414e-03   8.623582e+02   1.776146e-01   4.713566e-01  -1.224700e+00  -1.252036e+00   1.777087e-02   7.922625e+01   1.456661e-01  -1.899400e-01  -2.075167e-01   1.599378e-01   8.253358e-01   1.502449e-01
    83  -1.639721e+00  -1.658264e+00   8.195044e-03   7.251995e+02   1.768569e-01   4.723826e-01  -1.169101e+00  -1.196011e+00   1.971527e-02   5.882160e+01   1.432601e-01  -1.542439e-01  -1.717253e-01   1.774374e-01   6.972163e-01   1.456090e-01
    84  -1.601807e+00  -1.620350e+00   8.926389e-03   6.083064e+02   1.763563e-01   4.728907e-01  -1.114503e+00  -1.140945e+00   2.179475e-02   4.379274e+01   1.406035e-01  -1.187844e-01  -1.361523e-01   1.961527e-01   5.870926e-01   1.409148e-01
    85  -1.563893e+00  -1.582437e+00   9.724317e-03   5.098216e+02   1.760580e-01   4.729116e-01  -1.060938e+00  -1.086895e+00   2.400535e-02   3.266589e+01   1.377585e-01  -8.360066e-02  -1.008363e-01   2.160481e-01   4.928377e-01   1.361649e-01
    86  -1.525980e+00  -1.544523e+00   1.059102e-02   4.269151e+02   1.759660e-01   4.722937e-01  -1.008376e+00  -1.033862e+00   2.634082e-02   2.438256e+01   1.348105e-01  -4.873239e-02  -6.581669e-02   2.370673e-01   4.124971e-01   1.313665e-01
    87  -1.488066e+00  -1.506609e+00   1.153215e-02   3.568576e+02   1.761679e-01   4.705104e-01  -9.567437e-01  -9.817931e-01   2.879262e-02   1.818554e+01   1.318525e-01  -1.421776e-02  -3.113230e-02   2.591336e-01   3.442755e-01   1.265380e-01
    88  -1.450152e+00  -1.468695e+00   1.255745e-02   2.983454e+02   1.765080e-01   4.680096e-01  -9.059318e-01  -9.305951e-01   3.134998e-02   1.353312e+01   1.289741e-01   1.990527e-02   3.178801e-03   2.821498e-01   2.865731e-01   1.216881e-01
    89  -1.412238e+00  -1.430782e+00   1.366711e-02   2.494223e+02   1.769972e-01   4.646244e-01  -8.558169e-01  -8.801519e-01   3.400006e-02   1.003536e+01   1.262415e-01   5.360042e-02   3.707955e-02   3.060005e-01   2.379466e-01   1.168320e-01
    90  -1.374325e+00  -1.392868e+00   1.487448e-02   2.086069e+02   1.775568e-01   4.606860e-01  -8.062794e-01  -8.303423e-01   3.672816e-02   7.408650e+00   1.236870e-01   8.683446e-02   7.053526e-02   3.305535e-01   1.971057e-01   1.119908e-01
    91  -1.336411e+00  -1.354954e+00   1.619155e-02   1.746863e+02   1.781179e-01   4.563427e-01  -7.572172e-01  -7.810559e-01   3.951809e-02   5.442498e+00   1.213019e-01   1.195761e-01   1.035137e-01   3.556628e-01   1.629216e-01   1.071771e-01
    92  -1.298497e+00  -1.317040e+00   1.762066e-02   1.464694e+02   1.786322e-01   4.518277e-01  -7.085549e-01  -7.322049e-01   4.235249e-02   3.978026e+00   1.190505e-01   1.517986e-01   1.359861e-01   3.811724e-01   1.343909e-01   1.024158e-01
    93  -1.260583e+00  -1.279127e+00   1.918264e-02   1.229900e+02   1.790238e-01   4.475166e-01  -6.602393e-01  -6.837256e-01   4.521329e-02   2.893094e+00   1.168858e-01   1.834783e-01   1.679272e-01   4.069196e-01   1.106500e-01   9.772152e-02
    94  -1.222670e+00  -1.241213e+00   2.089273e-02   1.034366e+02   1.793184e-01   4.432593e-01  -6.122276e-01  -6.355703e-01   4.808216e-02   2.093436e+00   1.147702e-01   2.145963e-01   1.993159e-01   4.327394e-01   9.094505e-02   9.311473e-02
    95  -1.184756e+00  -1.203299e+00   2.275822e-02   8.711441e+01   1.794701e-01   4.393728e-01  -5.644776e-01  -5.876967e-01   5.094094e-02   1.506896e+00   1.126860e-01   2.451375e-01   2.301353e-01   4.584685e-01   7.463042e-02   8.861145e-02
    96  -1.146842e+00  -1.165385e+00   2.480374e-02   7.343698e+01   1.794773e-01   4.360714e-01  -5.169350e-01  -5.400560e-01   5.377208e-02   1.078528e+00   1.106282e-01   2.750914e-01   2.603726e-01   4.839488e-01   6.115284e-02   8.422742e-02
    97  -1.108928e+00  -1.127472e+00   2.705006e-02   6.196929e+01   1.793841e-01   4.331017e-01  -4.695266e-01  -4.925842e-01   5.655903e-02   7.670261e-01   1.086002e-01   3.044520e-01   2.900198e-01   5.090312e-01   5.004163e-02   7.997657e-02
    98  -1.071015e+00  -1.089558e+00   2.951027e-02   5.233090e+01   1.791912e-01   4.306255e-01  -4.221636e-01  -4.451998e-01   5.928652e-02   5.416388e-01   1.066100e-01   3.332169e-01   3.190725e-01   5.335787e-01   4.089877e-02   7.586978e-02
    99  -1.033101e+00  -1.051644e+00   3.220836e-02   4.417852e+01   1.789391e-01   4.288627e-01  -3.747360e-01  -3.978027e-01   6.194091e-02   3.794256e-01   1.046639e-01   3.613882e-01   3.475309e-01   5.574682e-01   3.338812e-02   7.191710e-02
   100  -9.951870e-01  -1.013730e+00   3.517284e-02   3.730230e+01   1.786553e-01   4.273758e-01  -3.271094e-01  -3.502702e-01   6.451030e-02   2.633763e-01   1.027701e-01   3.889712e-01   3.753986e-01   5.805927e-01   2.722828e-02   6.812453e-02
   101  -9.572733e-01  -9.758165e-01   3.842951e-02   3.149655e+01   1.783482e-01   4.261414e-01  -2.791292e-01  -3.024571e-01   6.698469e-02   1.809509e-01   1.009389e-01   4.159748e-01   4.026828e-01   6.028622e-01   2.218315e-02   6.449786e-02
   102  -9.193595e-01  -9.379028e-01   4.198616e-02   2.657401e+01   1.780581e-01   4.250140e-01  -2.306188e-01  -2.541970e-01   6.935597e-02   1.228926e-01   9.917976e-02   4.424106e-01   4.293938e-01   6.242038e-01   1.805668e-02   6.103860e-02
   103  -8.814457e-01  -8.999890e-01   4.588787e-02   2.240413e+01   1.777892e-01   4.236519e-01  -1.813742e-01  -2.052989e-01   7.161799e-02   8.237938e-02   9.750595e-02   4.682931e-01   4.555446e-01   6.445619e-01   1.468525e-02   5.774879e-02
   104  -8.435320e-01  -8.620753e-01   5.016713e-02   1.888390e+01   1.775053e-01   4.219700e-01  -1.311753e-01  -1.555498e-01   7.376638e-02   5.443191e-02   9.593258e-02   4.936387e-01   4.811508e-01   6.638974e-01   1.193398e-02   5.462606e-02
   105  -8.056182e-01  -8.241615e-01   5.485914e-02   1.591357e+01   1.771798e-01   4.198509e-01  -7.979337e-02  -1.047249e-01   7.579851e-02   3.540797e-02   9.446973e-02   5.184662e-01   5.062298e-01   6.821866e-01   9.690710e-03   5.166953e-02
   106  -7.677045e-01  -7.862477e-01   5.997372e-02   1.340391e+01   1.768001e-01   4.171260e-01  -2.700464e-02  -5.259743e-02   7.771330e-02   2.265468e-02   9.312581e-02   5.427954e-01   5.308011e-01   6.994197e-01   7.863509e-03   4.887418e-02
   107  -7.297907e-01  -7.483340e-01   6.557265e-02   1.128551e+01   1.763248e-01   4.138601e-01   2.734743e-02   1.021117e-03   7.951106e-02   1.426394e-02   9.187153e-02   5.666481e-01   5.548855e-01   7.155996e-01   6.376276e-03   4.623658e-02
   108  -6.918769e-01  -7.104202e-01   7.170591e-02   9.502702e+00   1.756913e-01   4.101779e-01   8.329958e-02   5.622396e-02   8.119333e-02   8.855052e-03   9.063929e-02   5.900465e-01   5.785048e-01   7.307399e-01   5.166783e-03   4.375054e-02
   109  -6.539632e-01  -6.725065e-01   7.842387e-02   8.002228e+00   1.748688e-01   4.060990e-01   1.406534e-01   1.129226e-01   8.276263e-02   5.447051e-03   8.926556e-02   6.130139e-01   6.016820e-01   7.448636e-01   4.183831e-03   4.141043e-02
   110  -6.160494e-01  -6.345927e-01   8.576773e-02   6.738722e+00   1.738315e-01   4.016516e-01   1.988547e-01   1.707283e-01   8.422234e-02   3.349168e-03   8.746653e-02   6.355742e-01   6.244406e-01   7.580011e-01   3.385542e-03   3.920981e-02
   111  -5.781357e-01  -5.966789e-01   9.378596e-02   5.671771e+00   1.725909e-01   3.969192e-01   2.569864e-01   2.288925e-01   8.557652e-02   2.081478e-03   8.489991e-02   6.577515e-01   6.468044e-01   7.701887e-01   2.737676e-03   3.714161e-02
   112  -5.402219e-01  -5.587652e-01   1.025611e-01   4.772285e+00   1.711107e-01   3.918381e-01   3.139267e-01   2.863890e-01   8.682971e-02   1.321952e-03   8.131995e-02   6.795700e-01   6.687977e-01   7.814674e-01   2.212202e-03   3.519951e-02
   113  -5.023081e-01  -5.208514e-01   1.121584e-01   4.013497e+00   1.693781e-01   3.863260e-01   3.686563e-01   3.421530e-01   8.798682e-02   8.639323e-04   7.675515e-02   7.010540e-01   6.904448e-01   7.918814e-01   1.786294e-03   3.337616e-02
   114  -4.643944e-01  -4.829377e-01   1.226457e-01   3.372905e+00   1.673887e-01   3.803107e-01   4.205107e-01   3.953570e-01   8.905301e-02   5.817842e-04   7.151221e-02   7.222276e-01   7.117698e-01   8.014771e-01   1.441304e-03   3.166486e-02
   115  -4.264806e-01  -4.450239e-01   1.340748e-01   2.831766e+00   1.651447e-01   3.737284e-01   4.692309e-01   4.455537e-01   9.003354e-02   4.026035e-04   6.600226e-02   7.431146e-01   7.327967e-01   8.103019e-01   1.162044e-03   3.005891e-02
   116  -3.885669e-01  -4.071101e-01   1.465118e-01   2.373810e+00   1.626601e-01   3.664493e-01   5.148631e-01   4.926461e-01   9.093373e-02   2.850418e-04   6.057211e-02   7.637383e-01   7.535489e-01   8.184036e-01   9.361519e-04   2.855149e-02
   117  -3.506531e-01  -3.691964e-01   1.600486e-01   1.986956e+00   1.599137e-01   3.583363e-01   5.576202e-01   5.367676e-01   9.175884e-02   2.055813e-04   5.544090e-02   7.841216e-01   7.740496e-01   8.258295e-01   7.535534e-04   2.713642e-02
   118  -3.127393e-01  -3.312826e-01   1.747554e-01   1.660223e+00   1.569072e-01   3.492617e-01   5.977820e-01   5.781652e-01   9.251402e-02   1.504973e-04   5.071206e-02   8.042867e-01   7.943212e-01   8.326262e-01   6.060618e-04   2.580751e-02
   119  -2.748256e-01  -2.933689e-01   1.906996e-01   1.384369e+00   1.536476e-01   3.391111e-01   6.356400e-01   6.171234e-01   9.320429e-02   1.114993e-04   4.641707e-02   8.242548e-01   8.143855e-01   8.388386e-01   4.870211e-04   2.455879e-02
   120  -2.369118e-01  -2.554551e-01   2.079157e-01   1.151611e+00   1.501408e-01   3.277345e-01   6.714714e-01   6.539251e-01   9.383445e-02   8.340625e-05   4.254814e-02   8.440469e-01   8.342636e-01   8.445100e-01   3.910188e-04   2.338475e-02
   121  -1.989981e-01  -2.175413e-01   2.264667e-01   9.553220e-01   1.463978e-01   3.148277e-01   7.055203e-01   6.888294e-01   9.440910e-02   6.289279e-05   3.907495e-02   8.636826e-01   8.539757e-01   8.496819e-01   3.136609e-04   2.228013e-02
   122  -1.610843e-01  -1.796276e-01   2.464205e-01   7.901944e-01   1.424170e-01   3.003157e-01   7.380036e-01   7.220656e-01   9.493262e-02   4.773681e-05   3.596096e-02   8.831809e-01   8.735412e-01   8.543935e-01   2.513810e-04   2.123987e-02
   123  -1.231705e-01  -1.417138e-01   2.678141e-01   6.515047e-01   1.382121e-01   2.840785e-01   7.691101e-01   7.538353e-01   9.540910e-02   3.643117e-05   3.316880e-02   9.025597e-01   8.929784e-01   8.586819e-01   2.012848e-04   2.025931e-02
   124  -8.525678e-02  -1.038001e-01   2.906477e-01   5.352577e-01   1.337936e-01   2.659746e-01   7.990032e-01   7.843138e-01   9.584241e-02   2.793049e-05   3.066132e-02   9.218361e-01   9.123049e-01   8.625817e-01   1.610250e-04   1.933413e-02
   125  -4.734302e-02  -6.588630e-02   3.148881e-01   4.380293e-01   1.291788e-01   2.455886e-01   8.278254e-01   8.136533e-01   9.623618e-02   2.149484e-05   2.840624e-02   9.410259e-01   9.315370e-01   8.661256e-01   1.287007e-04   1.846023e-02
   126  -9.429263e-03  -2.797254e-02   3.405367e-01   3.568264e-01   1.243618e-01   2.230550e-01   8.557007e-01   8.419867e-01   9.659376e-02   1.659488e-05   2.637336e-02   9.601443e-01   9.506903e-01   8.693438e-01   1.027722e-04   1.763382e-02
   127   2.848450e-02   9.941218e-03   3.675850e-01   2.893446e-01   1.193784e-01   1.984630e-01   8.827376e-01   8.694295e-01   9.691827e-02   1.284614e-05   2.453671e-02   9.792051e-01   9.697792e-01   8.722644e-01   8.199378e-05   1.685143e-02
   128   6.639826e-02   4.785498e-02   3.959132e-01   2.334629e-01   1.142544e-01   1.718044e-01   9.090320e-01   8.960838e-01   9.721261e-02   9.966008e-06   2.287342e-02   9.982214e-01   9.888173e-01   8.749135e-01   6.535818e-05   1.610989e-02
   129   1.043120e-01   8.576874e-02   4.254928e-01   1.873791e-01   1.090138e-01   1.436871e-01   9.346675e-01   9.220389e-01   9.747945e-02   7.745968e-06   2.136296e-02   1.017205e+00   1.007817e+00   8.773151e-01   5.205219e-05   1.540623e-02
   130   1.422258e-01   1.236825e-01   4.562103e-01   1.495358e-01   1.036864e-01   1.142847e-01   9.597184e-01   9.473735e-01   9.772124e-02   6.029533e-06   1.998803e-02   1.036168e+00   1.026790e+00   8.794912e-01   4.141944e-05   1.473776e-02
   131   1.801395e-01   1.615963e-01   4.878762e-01   1.186130e-01   9.830260e-02   8.436080e-02   9.842512e-01   9.721580e-01   9.794025e-02   4.699176e-06   1.873315e-02   1.055119e+00   1.045747e+00   8.814623e-01   3.293081e-05   1.410201e-02
   132   2.180533e-01   1.995100e-01   5.202449e-01   9.347869e-02   9.289033e-02   5.554507e-02   1.008324e+00   9.964545e-01   9.813854e-02   3.666063e-06   1.758470e-02   1.074069e+00   1.064697e+00   8.832469e-01   2.616018e-05   1.349675e-02
   133   2.559671e-01   2.374238e-01   5.530746e-01   7.307803e-02   8.744972e-02   2.665366e-02   1.031990e+00   1.020318e+00   9.831802e-02   2.862370e-06   1.653106e-02   1.093025e+00   1.083651e+00   8.848622e-01   2.076474e-05   1.291996e-02
   134   2.938808e-01   2.753375e-01   5.862405e-01   5.670859e-02   8.205274e-02   5.108022e-04   1.055294e+00   1.043798e+00   9.848042e-02   2.236268e-06   1.556195e-02   1.111996e+00   1.102614e+00   8.863237e-01   1.646903e-05   1.236976e-02
   135   3.317946e-01   3.132513e-01   6.195434e-01   4.366301e-02   7.673491e-02  -2.234836e-02   1.078280e+00   1.066939e+00   9.862732e-02   1.747963e-06   1.466827e-02   1.130989e+00   1.121596e+00   8.876458e-01   1.305189e-05   1.184449e-02
   136   3.697083e-01   3.511651e-01   6.523531e-01   3.331981e-02   7.151822e-02  -4.341572e-02   1.100983e+00   1.089780e+00   9.876016e-02   1.366795e-06   1.384210e-02   1.150009e+00   1.140603e+00   8.888415e-01   1.033595e-05   1.134260e-02
   137   4.076221e-01   3.890788e-01   6.846709e-01   2.517914e-02   6.642248e-02  -6.081595e-02   1.123438e+00   1.112356e+00   9.888027e-02   1.069032e-06   1.307659e-02   1.169063e+00   1.159641e+00   8.899225e-01   8.179130e-06   1.086271e-02
   138   4.455359e-01   4.269926e-01   7.161828e-01   1.885519e-02   6.150445e-02  -7.420834e-02   1.145674e+00   1.134699e+00   9.898885e-02   8.362888e-07   1.236564e-02   1.188156e+00   1.178714e+00   8.908996e-01   6.467725e-06   1.040355e-02
   139   4.834496e-01   4.649063e-01   7.463687e-01   1.396197e-02   5.676525e-02  -8.557285e-02   1.167719e+00   1.156837e+00   9.908698e-02   6.542877e-07   1.170391e-02   1.207291e+00   1.197829e+00   8.917828e-01   5.110832e-06   9.963983e-03
   140   5.213634e-01   5.028201e-01   7.752749e-01   1.023332e-02   5.225012e-02  -9.448936e-02   1.189596e+00   1.178795e+00   9.917565e-02   5.119199e-07   1.108668e-02   1.226474e+00   1.216989e+00   8.925808e-01   4.035853e-06   9.542946e-03
   141   5.592771e-01   5.407339e-01   8.023500e-01   7.411707e-03   4.796249e-02  -1.012820e-01   1.211326e+00   1.200597e+00   9.925576e-02   4.005306e-07   1.050981e-02   1.245707e+00   1.236197e+00   8.933019e-01   3.184862e-06   9.139483e-03
   142   5.971909e-01   5.786476e-01   8.276073e-01   5.310009e-03   4.393115e-02  -1.059678e-01   1.232929e+00   1.222262e+00   9.932813e-02   3.133658e-07   9.969661e-03   1.264994e+00   1.255458e+00   8.939532e-01   2.511686e-06   8.752714e-03
   143   6.351047e-01   6.165614e-01   8.509198e-01   3.754994e-03   4.015251e-02  -1.090043e-01   1.254422e+00   1.243809e+00   9.939350e-02   2.451513e-07   9.463024e-03   1.284337e+00   1.274773e+00   8.945415e-01   1.979554e-06   8.381831e-03
   144   6.730184e-01   6.544751e-01   8.719239e-01   2.624596e-03   3.664343e-02  -1.105736e-01   1.275821e+00   1.265254e+00   9.945254e-02   1.917659e-07   8.987041e-03   1.303738e+00   1.294146e+00   8.950729e-01   1.559209e-06   8.026093e-03
   145   7.109322e-01   6.923889e-01   8.908398e-01   1.812751e-03   3.340209e-02  -1.107585e-01   1.297140e+00   1.286611e+00   9.950586e-02   1.499867e-07   8.539180e-03   1.323199e+00   1.313577e+00   8.955527e-01   1.227396e-06   7.684815e-03
   146   7.488459e-01   7.303027e-01   9.076437e-01   1.236617e-03   3.042393e-02  -1.097499e-01   1.318390e+00   1.307895e+00   9.955400e-02   1.172926e-07   8.117192e-03   1.342721e+00   1.333070e+00   8.959860e-01   9.656413e-07   7.357363e-03
   147   7.867597e-01   7.682164e-01   9.223802e-01   8.336806e-04   2.770252e-02  -1.076096e-01   1.339583e+00   1.329115e+00   9.959747e-02   9.171032e-08   7.719076e-03   1.362306e+00   1.352624e+00   8.963772e-01   7.592877e-07   7.043150e-03
   148   8.246735e-01   8.061302e-01   9.351512e-01   5.558591e-04   2.522649e-02  -1.043947e-01   1.360728e+00   1.350284e+00   9.963672e-02   7.169539e-08   7.343046e-03   1.381954e+00   1.372241e+00   8.967304e-01   5.967118e-07   6.741629e-03
   149   8.625872e-01   8.440439e-01   9.460689e-01   3.667865e-04   2.298096e-02  -1.001717e-01   1.381835e+00   1.371410e+00   9.967214e-02   5.603850e-08   6.987503e-03   1.401666e+00   1.391922e+00   8.970493e-01   4.687049e-07   6.452292e-03
   150   9.005010e-01   8.819577e-01   9.553423e-01   2.397180e-04   2.094898e-02  -9.504725e-02   1.402911e+00   1.392501e+00   9.970413e-02   4.379274e-08   6.651016e-03   1.421441e+00   1.411666e+00   8.973371e-01   3.679766e-07   6.174664e-03
   151   9.384147e-01   9.198715e-01   9.631581e-01   1.553479e-04   1.911277e-02  -8.922292e-02   1.423963e+00   1.413565e+00   9.973300e-02   3.421669e-08   6.332298e-03   1.441279e+00   1.431473e+00   8.975970e-01   2.887596e-07   5.908301e-03
   152   9.763285e-01   9.577852e-01   9.696925e-01   9.992666e-05   1.745364e-02  -8.291490e-02   1.444997e+00   1.434607e+00   9.975905e-02   2.672976e-08   6.030192e-03   1.461181e+00   1.451344e+00   8.978315e-01   2.264951e-07   5.652785e-03
   153   1.014242e+00   9.956990e-01   9.751232e-01   6.388011e-05   1.595364e-02  -7.627446e-02   1.466017e+00   1.455634e+00   9.978257e-02   2.087737e-08   5.743649e-03   1.481144e+00   1.471277e+00   8.980432e-01   1.775819e-07   5.407726e-03
   154   1.052156e+00   1.033613e+00   9.796123e-01   4.062694e-05   1.459574e-02  -6.960463e-02   1.487028e+00   1.476650e+00   9.980380e-02   1.630363e-08   5.471725e-03   1.501168e+00   1.491271e+00   8.982342e-01   1.391772e-07   5.172759e-03
   155   1.090070e+00   1.071526e+00   9.833064e-01   2.573483e-05   1.336440e-02  -6.299568e-02   1.508034e+00   1.497658e+00   9.982296e-02   1.272994e-08   5.213562e-03   1.521250e+00   1.511325e+00   8.984066e-01   1.090389e-07   4.947539e-03
   156   1.127984e+00   1.109440e+00   9.863390e-01   1.625135e-05   1.224579e-02  -5.663954e-02   1.529037e+00   1.518663e+00   9.984025e-02   9.938240e-09   4.968383e-03   1.541390e+00   1.531437e+00   8.985622e-01   8.539921e-08   4.731744e-03
   157   1.165897e+00   1.147354e+00   9.888216e-01   1.023959e-05   1.122774e-02  -5.067101e-02   1.550039e+00   1.539665e+00   9.985585e-02   7.757892e-09   4.735482e-03   1.561585e+00   1.551605e+00   8.987027e-01   6.686560e-08   4.525074e-03
   158   1.203811e+00   1.185268e+00   9.908502e-01   6.442067e-06   1.029957e-02  -4.510805e-02   1.571042e+00   1.560668e+00   9.986993e-02   6.055380e-09   4.514219e-03   1.581831e+00   1.571826e+00   8.988294e-01   5.234174e-08   4.327247e-03
   159   1.241725e+00   1.223182e+00   9.925074e-01   4.049287e-06   9.452046e-03  -3.999547e-02   1.592046e+00   1.581671e+00   9.988264e-02   4.726265e-09   4.304014e-03   1.602125e+00   1.592096e+00   8.989438e-01   4.096501e-08   4.138005e-03
   160   1.279639e+00   1.261095e+00   9.938607e-01   2.544193e-06   8.677155e-03  -3.539252e-02   1.613050e+00   1.602675e+00   9.989411e-02   3.688863e-09   4.104339e-03   1.622462e+00   1.612412e+00   8.990470e-01   3.205710e-08   3.957105e-03
   161   1.317552e+00   1.299009e+00   9.949656e-01   1.598543e-06   7.967858e-03  -3.124899e-02   1.634053e+00   1.623678e+00   9.990446e-02   2.879307e-09   3.914719e-03   1.642839e+00   1.632770e+00   8.991401e-01   2.508492e-08   3.784331e-03
   162   1.355466e+00   1.336923e+00   9.958675e-01   1.004713e-06   7.318019e-03  -2.753704e-02   1.655053e+00   1.644680e+00   9.991379e-02   2.247669e-09   3.734727e-03   1.663248e+00   1.653163e+00   8.992241e-01   1.962976e-08   3.619485e-03
   163   1.393380e+00   1.374837e+00   9.966049e-01   6.318481e-07   6.722251e-03  -2.422892e-02   1.676045e+00   1.665676e+00   9.992222e-02   1.754930e-09   3.563979e-03   1.683682e+00   1.673585e+00   8.993000e-01   1.536294e-08   3.462391e-03
   164   1.431294e+00   1.412750e+00   9.972082e-01   3.976690e-07   6.175806e-03  -2.129571e-02   1.697026e+00   1.686662e+00   9.992982e-02   1.370602e-09   3.402136e-03   1.704134e+00   1.694029e+00   8.993684e-01   1.202656e-08   3.312900e-03
   165   1.469207e+00   1.450664e+00   9.977024e-01   2.505181e-07   5.674486e-03  -1.871253e-02   1.717989e+00   1.707634e+00   9.993668e-02   1.070868e-09   3.248902e-03   1.724594e+00   1.714485e+00   8.994301e-01   9.418377e-09   3.170885e-03
   166   1.507121e+00   1.488578e+00   9.981075e-01   1.579882e-07   5.214548e-03  -1.642008e-02   1.738925e+00   1.728583e+00   9.994287e-02   8.371311e-10   3.104022e-03   1.745049e+00   1.734942e+00   8.994858e-01   7.379887e-09   3.036248e-03
   167   1.545035e+00   1.526492e+00   9.984397e-01   9.974990e-08   4.792671e-03  -1.438197e-02   1.759824e+00   1.749500e+00   9.994845e-02   6.548685e-10   2.967280e-03   1.765486e+00   1.755388e+00   8.995361e-01   5.786899e-09   2.908919e-03
   168   1.582949e+00   1.564405e+00   9.987128e-01   6.305745e-08   4.405917e-03  -1.255929e-02   1.780674e+00   1.770374e+00   9.995349e-02   5.127462e-10   2.838505e-03   1.785889e+00   1.775807e+00   8.995814e-01   4.542172e-09   2.788859e-03
   169   1.620862e+00   1.602319e+00   9.989368e-01   3.991440e-08   4.051691e-03  -1.091287e-02   1.801460e+00   1.791191e+00   9.995804e-02   4.019189e-10   2.717567e-03   1.806238e+00   1.796183e+00   8.996223e-01   3.569591e-09   2.676062e-03
   170   1.658776e+00   1.640233e+00   9.991210e-01   2.530053e-08   3.727737e-03  -9.428466e-03   1.822162e+00   1.811934e+00   9.996214e-02   3.154859e-10   2.604377e-03   1.826512e+00   1.816493e+00   8.996593e-01   2.809607e-09   2.570555e-03
   171   1.696690e+00   1.678147e+00   9.992732e-01   1.606138e-08   3.432088e-03  -8.042872e-03   1.842761e+00   1.832584e+00   9.996584e-02   2.480646e-10   2.498889e-03   1.846683e+00   1.836715e+00   8.996926e-01   2.215653e-09   2.472402e-03
   172   1.734604e+00   1.716060e+00   9.993990e-01   1.021296e-08   3.163109e-03  -6.707855e-03   1.863229e+00   1.853115e+00   9.996918e-02   1.954578e-10   2.401100e-03   1.866724e+00   1.856819e+00   8.997226e-01   1.751323e-09   2.381703e-03
   173   1.772517e+00   1.753974e+00   9.995032e-01   6.506423e-09   2.919615e-03  -5.332502e-03   1.883537e+00   1.873502e+00   9.997219e-02   1.543933e-10   2.311048e-03   1.886598e+00   1.876774e+00   8.997498e-01   1.388171e-09   2.298593e-03
   174   1.810431e+00   1.791888e+00   9.995898e-01   4.154231e-09   2.700818e-03  -3.793763e-03   1.903652e+00   1.893711e+00   9.997491e-02   1.223205e-10   2.228813e-03   1.906267e+00   1.896544e+00   8.997742e-01   1.103976e-09   2.223243e-03
   175   1.848345e+00   1.829802e+00   9.996618e-01   2.659281e-09   2.506233e-03  -2.104242e-03   1.923533e+00   1.913706e+00   9.997737e-02   9.725185e-11   2.154515e-03   1.925688e+00   1.916086e+00   8.997963e-01   8.813873e-10   2.155854e-03
   176   1.886259e+00   1.867715e+00   9.997219e-01   1.707698e-09   2.335985e-03  -9.365506e-05   1.943139e+00   1.933447e+00   9.997958e-02   7.763745e-11   2.088341e-03   1.944815e+00   1.935357e+00   8.998162e-01   7.068597e-10   2.096658e-03
   177   1.924172e+00   1.905629e+00   9.997720e-01   1.100940e-09   2.190935e-03   2.449853e-03   1.962424e+00   1.952888e+00   9.998158e-02   6.226149e-11   2.030810e-03   1.963595e+00   1.954306e+00   8.998342e-01   5.698027e-10   2.045985e-03
   178   1.962086e+00   1.943543e+00   9.998143e-01   7.132427e-10   2.073028e-03   5.708030e-03   1.981361e+00   1.971996e+00   9.998338e-02   5.013330e-11   1.984379e-03   1.981986e+00   1.972888e+00   8.998504e-01   4.617561e-10   2.005081e-03
   179   2.000000e+00   1.981457e+00   9.998500e-01   4.636449e-10   1.991634e-03   8.185387e-03   2.000000e+00   1.990781e+00   9.998500e-02   4.036398e-11   1.958531e-03   2.000000e+00   1.991086e+00   8.998650e-01   3.750787e-10   1.981231e-03
