     i          log_r       log_rmid          m_tot        rho_tot         v2_tot            eta     lgr[heavy]    lgrm[heavy]       m[heavy]     rho[heavy]      v2[heavy]     lgr[light]    lgrm[light]       m[light]     rho[light]      v2[light]
     0  -4.519273e+00  -4.820303e+00   1.041351e-07   1.093165e+07   1.704249e-01            nan  -4.519273e+00  -4.820303e+00   9.998500e-08   1.083617e+07   1.689732e-01  -3.054489e+00  -3.355519e+00   8.998650e-07   3.933368e+03   3.406911e-01
     1  -4.482853e+00  -4.500681e+00   1.330162e-07   1.076447e+07   1.697085e-01            nan  -4.496707e+00  -4.507843e+00   1.166721e-07   1.072083e+07   1.689683e-01  -3.012459e+00  -3.032965e+00   1.050049e-06   1.948690e+03   3.419191e-01
     2  -4.446432e+00  -4.464261e+00   1.699999e-07   1.073945e+07   1.696533e-01            nan  -4.474148e+00  -4.485281e+00   1.361439e-07   1.070833e+07   1.689678e-01  -2.971048e+00  -2.991260e+00   1.225295e-06   1.730242e+03   3.421066e-01
     3  -4.410012e+00  -4.427840e+00   2.173564e-07   1.071075e+07   1.696021e-01            nan  -4.451594e+00  -4.462725e+00   1.588651e-07   1.069454e+07   1.689672e-01  -2.930149e+00  -2.950118e+00   1.429786e-06   1.538509e+03   3.422276e-01
     4  -4.373591e+00  -4.391420e+00   2.779812e-07   1.067820e+07   1.695546e-01            nan  -4.429041e+00  -4.440171e+00   1.853780e-07   1.067932e+07   1.689665e-01  -2.889696e+00  -2.909452e+00   1.668402e-06   1.370527e+03   3.422549e-01
     5  -4.337171e+00  -4.354999e+00   3.555748e-07   1.064064e+07   1.695106e-01            nan  -4.406485e+00  -4.417616e+00   2.163150e-07   1.066252e+07   1.689658e-01  -2.849648e+00  -2.869211e+00   1.946835e-06   1.223358e+03   3.421668e-01
     6  -4.300750e+00  -4.318579e+00   4.548358e-07   1.059729e+07   1.694696e-01            nan  -4.383924e+00  -4.395058e+00   2.524142e-07   1.064397e+07   1.689650e-01  -2.809997e+00  -2.829370e+00   2.271728e-06   1.094907e+03   3.419265e-01
     7  -4.264330e+00  -4.282158e+00   5.817598e-07   1.054763e+07   1.694314e-01            nan  -4.361355e+00  -4.372493e+00   2.945370e-07   1.062350e+07   1.689641e-01  -2.770737e+00  -2.789923e+00   2.650833e-06   9.825820e+02   3.415187e-01
     8  -4.227909e+00  -4.245738e+00   7.439551e-07   1.048928e+07   1.693959e-01            nan  -4.338775e+00  -4.349918e+00   3.436881e-07   1.060089e+07   1.689632e-01  -2.731880e+00  -2.750874e+00   3.093193e-06   8.845305e+02   3.409186e-01
     9  -4.191489e+00  -4.209317e+00   9.510164e-07   1.042221e+07   1.693626e-01            nan  -4.316180e+00  -4.327331e+00   4.010398e-07   1.057594e+07   1.689621e-01  -2.693432e+00  -2.712231e+00   3.609358e-06   7.987120e+02   3.401189e-01
    10  -4.155068e+00  -4.172897e+00   1.215174e-06   1.034431e+07   1.693313e-01            nan  -4.293568e+00  -4.304727e+00   4.679601e-07   1.054839e+07   1.689609e-01  -2.655403e+00  -2.674001e+00   4.211641e-06   7.235664e+02   3.391150e-01
    11  -4.118647e+00  -4.136476e+00   1.551656e-06   1.025365e+07   1.693019e-01            nan  -4.270936e+00  -4.282105e+00   5.460446e-07   1.051797e+07   1.689596e-01  -2.617798e+00  -2.636194e+00   4.914402e-06   6.575403e+02   3.379113e-01
    12  -4.082227e+00  -4.100056e+00   1.979762e-06   1.014972e+07   1.692741e-01            nan  -4.248280e+00  -4.259460e+00   6.371554e-07   1.048440e+07   1.689582e-01  -2.580616e+00  -2.598809e+00   5.734398e-06   5.993752e+02   3.365283e-01
    13  -4.045806e+00  -4.063635e+00   2.523545e-06   1.002769e+07   1.692476e-01            nan  -4.225596e+00  -4.236790e+00   7.434644e-07   1.044735e+07   1.689566e-01  -2.543854e+00  -2.561846e+00   6.691180e-06   5.479393e+02   3.349820e-01
    14  -4.009386e+00  -4.027215e+00   3.212652e-06   9.888320e+06   1.692223e-01            nan  -4.202880e+00  -4.214090e+00   8.675058e-07   1.040646e+07   1.689548e-01  -2.507499e+00  -2.525296e+00   7.807552e-06   5.022421e+02   3.333114e-01
    15  -3.972965e+00  -3.990794e+00   4.084587e-06   9.727082e+06   1.691979e-01            nan  -4.180130e+00  -4.191356e+00   1.012236e-06   1.036135e+07   1.689529e-01  -2.471535e+00  -2.489144e+00   9.110122e-06   4.614764e+02   3.315439e-01
    16  -3.936545e+00  -3.954373e+00   5.183464e-06   9.542452e+06   1.691743e-01            nan  -4.157339e+00  -4.168585e+00   1.181103e-06   1.031159e+07   1.689507e-01  -2.435940e+00  -2.453373e+00   1.062993e-05   4.249179e+02   3.297215e-01
    17  -3.900124e+00  -3.917953e+00   6.566051e-06   9.332149e+06   1.691511e-01            nan  -4.134503e+00  -4.145771e+00   1.378130e-06   1.025673e+07   1.689484e-01  -2.400690e+00  -2.417957e+00   1.240317e-05   3.919786e+02   3.278805e-01
    18  -3.863704e+00  -3.881532e+00   8.296829e-06   9.092041e+06   1.691284e-01            nan  -4.111617e+00  -4.122909e+00   1.608010e-06   1.019627e+07   1.689458e-01  -2.365757e+00  -2.382872e+00   1.447209e-05   3.621664e+02   3.260512e-01
    19  -3.827283e+00  -3.845112e+00   1.045762e-05   8.822783e+06   1.691058e-01            nan  -4.088675e+00  -4.099994e+00   1.876216e-06   1.012965e+07   1.689429e-01  -2.331110e+00  -2.348088e+00   1.688595e-05   3.350451e+02   3.242725e-01
    20  -3.790863e+00  -3.808691e+00   1.313822e-05   8.518455e+06   1.690832e-01            nan  -4.065669e+00  -4.077019e+00   2.189133e-06   1.005629e+07   1.689397e-01  -2.296723e+00  -2.313576e+00   1.970220e-05   3.103003e+02   3.225538e-01
    21  -3.754442e+00  -3.772271e+00   1.645253e-05   8.182411e+06   1.690607e-01            nan  -4.042593e+00  -4.053978e+00   2.554206e-06   9.975550e+06   1.689362e-01  -2.262562e+00  -2.279307e+00   2.298786e-05   2.876091e+02   3.209272e-01
    22  -3.718022e+00  -3.735850e+00   2.051409e-05   7.809859e+06   1.690382e-01            nan  -4.019438e+00  -4.030861e+00   2.980121e-06   9.886747e+06   1.689324e-01  -2.228603e+00  -2.245251e+00   2.682109e-05   2.667781e+02   3.193789e-01
    23  -3.681601e+00  -3.699430e+00   2.547466e-05   7.404514e+06   1.690156e-01            nan  -3.996196e+00  -4.007662e+00   3.477003e-06   9.789141e+06   1.689282e-01  -2.194818e+00  -2.211382e+00   3.129303e-05   2.475717e+02   3.179267e-01
    24  -3.645181e+00  -3.663009e+00   3.146657e-05   6.968933e+06   1.689933e-01            nan  -3.972856e+00  -3.984369e+00   4.056664e-06   9.681946e+06   1.689235e-01  -2.161186e+00  -2.177676e+00   3.650997e-05   2.298637e+02   3.165407e-01
    25  -3.608760e+00  -3.626589e+00   3.866020e-05   6.501114e+06   1.689713e-01            nan  -3.949407e+00  -3.960973e+00   4.732872e-06   9.564327e+06   1.689185e-01  -2.127685e+00  -2.144112e+00   4.259585e-05   2.134933e+02   3.152167e-01
    26  -3.572340e+00  -3.590168e+00   4.723269e-05   6.013890e+06   1.689501e-01            nan  -3.925836e+00  -3.937461e+00   5.521683e-06   9.435401e+06   1.689129e-01  -2.094300e+00  -2.110671e+00   4.969515e-05   1.983654e+02   3.139191e-01
    27  -3.535919e+00  -3.553748e+00   5.730520e-05   5.510404e+06   1.689302e-01            nan  -3.902128e+00  -3.913820e+00   6.441814e-06   9.294240e+06   1.689067e-01  -2.061017e+00  -2.077340e+00   5.797633e-05   1.843632e+02   3.126319e-01
    28  -3.499499e+00  -3.517327e+00   6.904593e-05   4.993822e+06   1.689124e-01            nan  -3.878269e+00  -3.890035e+00   7.515084e-06   9.139881e+06   1.689000e-01  -2.027826e+00  -2.044104e+00   6.763576e-05   1.714081e+02   3.113212e-01
    29  -3.463078e+00  -3.480907e+00   8.260388e-05   4.479329e+06   1.688975e-01            nan  -3.854240e+00  -3.866088e+00   8.766923e-06   8.971330e+06   1.688927e-01  -1.994718e+00  -2.010956e+00   7.890231e-05   1.594067e+02   3.099717e-01
    30  -3.426658e+00  -3.444486e+00   9.808714e-05   3.975093e+06   1.688865e-01            nan  -3.830020e+00  -3.841961e+00   1.022697e-05   8.787580e+06   1.688847e-01  -1.961685e+00  -1.977887e+00   9.204273e-05   1.482898e+02   3.085582e-01
    31  -3.390237e+00  -3.408066e+00   1.155676e-04   3.489199e+06   1.688808e-01            nan  -3.805588e+00  -3.817632e+00   1.192976e-05   8.587619e+06   1.688760e-01  -1.928720e+00  -1.944890e+00   1.073678e-04   1.379770e+02   3.070755e-01
    32  -3.353817e+00  -3.371645e+00   1.350769e-04   3.029165e+06   1.688818e-01            nan  -3.780916e+00  -3.793077e+00   1.391553e-05   8.370456e+06   1.688665e-01  -1.895817e+00  -1.911957e+00   1.252398e-04   1.284072e+02   3.055097e-01
    33  -3.317396e+00  -3.335225e+00   1.566079e-04   2.601458e+06   1.688915e-01            nan  -3.755977e+00  -3.768267e+00   1.623115e-05   8.135145e+06   1.688563e-01  -1.862967e+00  -1.879081e+00   1.460803e-04   1.195100e+02   3.038691e-01
    34  -3.280976e+00  -3.298804e+00   1.801243e-04   2.211079e+06   1.689120e-01            nan  -3.730736e+00  -3.743173e+00   1.893121e-05   7.880821e+06   1.688452e-01  -1.830163e+00  -1.846255e+00   1.703808e-04   1.112327e+02   3.021496e-01
    35  -3.244555e+00  -3.262384e+00   2.055795e-04   1.861263e+06   1.689455e-01            nan  -3.705156e+00  -3.717757e+00   2.207926e-05   7.606733e+06   1.688332e-01  -1.797393e+00  -1.813469e+00   1.987134e-04   1.035168e+02   3.003678e-01
    36  -3.208134e+00  -3.225963e+00   2.329422e-04   1.553339e+06   1.689943e-01            nan  -3.679193e+00  -3.691981e+00   2.574932e-05   7.312298e+06   1.688203e-01  -1.764649e+00  -1.780713e+00   2.317439e-04   9.631799e+01   2.985262e-01
    37  -3.171714e+00  -3.189543e+00   2.622255e-04   1.286775e+06   1.690602e-01            nan  -3.652799e+00  -3.665796e+00   3.002750e-05   6.997156e+06   1.688066e-01  -1.731919e+00  -1.747976e+00   2.702475e-04   8.959047e+01   2.966416e-01
    38  -3.135293e+00  -3.153122e+00   2.931777e-04   1.059380e+06   1.691441e-01            nan  -3.625916e+00  -3.639150e+00   3.501400e-05   6.661235e+06   1.687919e-01  -1.699191e+00  -1.715247e+00   3.151260e-04   8.329851e+01   2.947184e-01
    39  -3.098873e+00  -3.116701e+00   3.253138e-04   8.656260e+05   1.692562e-01            nan  -3.598479e+00  -3.611981e+00   4.082538e-05   6.304825e+06   1.687764e-01  -1.666452e+00  -1.682513e+00   3.674284e-04   7.740841e+01   2.927653e-01
    40  -3.062452e+00  -3.080281e+00   3.593626e-04   7.046021e+05   1.693921e-01            nan  -3.570413e+00  -3.584220e+00   4.759714e-05   5.928668e+06   1.687601e-01  -1.633692e+00  -1.649764e+00   4.283742e-04   7.189168e+01   2.907866e-01
    41  -3.026032e+00  -3.043860e+00   3.950009e-04   5.720150e+05   1.695493e-01   5.084585e-01  -3.541629e+00  -3.555783e+00   5.548679e-05   5.534037e+06   1.687432e-01  -1.600901e+00  -1.616987e+00   4.993811e-04   6.672449e+01   2.887776e-01
    42  -2.989611e+00  -3.007440e+00   4.314838e-04   4.626431e+05   1.697311e-01   5.083292e-01  -3.512026e+00  -3.526575e+00   6.467734e-05   5.122839e+06   1.687258e-01  -1.568067e+00  -1.584174e+00   5.820960e-04   6.188323e+01   2.867453e-01
    43  -2.953191e+00  -2.971019e+00   4.704003e-04   3.739492e+05   1.699263e-01   5.081083e-01  -3.481484e+00  -3.496486e+00   7.538125e-05   4.697698e+06   1.687083e-01  -1.535184e+00  -1.551315e+00   6.784313e-04   5.735041e+01   2.846738e-01
    44  -2.916770e+00  -2.934599e+00   5.095943e-04   3.020040e+05   1.701443e-01   5.077032e-01  -3.449862e+00  -3.465385e+00   8.784517e-05   4.262035e+06   1.686910e-01  -1.502243e+00  -1.518401e+00   7.906065e-04   5.310663e+01   2.825695e-01
    45  -2.880350e+00  -2.898178e+00   5.514424e-04   2.441071e+05   1.703775e-01   5.071059e-01  -3.416998e+00  -3.433119e+00   1.023551e-04   3.820127e+06   1.686745e-01  -1.469239e+00  -1.485428e+00   9.211963e-04   4.913713e+01   2.804163e-01
    46  -2.843929e+00  -2.861758e+00   5.940191e-04   1.974229e+05   1.706252e-01   5.062809e-01  -3.382695e+00  -3.399508e+00   1.192428e-04   3.377121e+06   1.686598e-01  -1.436168e+00  -1.452389e+00   1.073185e-03   4.542675e+01   2.782072e-01
    47  -2.807509e+00  -2.825337e+00   6.393905e-04   1.601153e+05   1.708677e-01   5.052481e-01  -3.346724e+00  -3.364337e+00   1.388921e-04   2.938998e+06   1.686481e-01  -1.403027e+00  -1.419281e+00   1.250029e-03   4.196194e+01   2.759326e-01
    48  -2.771088e+00  -2.788917e+00   6.858265e-04   1.300530e+05   1.711145e-01   5.039427e-01  -3.308815e+00  -3.327356e+00   1.617478e-04   2.512455e+06   1.686410e-01  -1.369816e+00  -1.386104e+00   1.455730e-03   3.873078e+01   2.735663e-01
    49  -2.734668e+00  -2.752496e+00   7.355478e-04   1.060513e+05   1.713252e-01   5.024562e-01  -3.268646e+00  -3.288266e+00   1.883238e-04   2.104687e+06   1.686412e-01  -1.336537e+00  -1.352858e+00   1.694914e-03   3.572083e+01   2.711031e-01
    50  -2.698247e+00  -2.716076e+00   7.868182e-04   8.672803e+04   1.715143e-01   5.007170e-01  -3.225844e+00  -3.246718e+00   2.192140e-04   1.723043e+06   1.686522e-01  -1.303194e+00  -1.319546e+00   1.972926e-03   3.292125e+01   2.685113e-01
    51  -2.661827e+00  -2.679655e+00   8.416920e-04   7.117103e+04   1.716510e-01   4.988433e-01  -3.179976e+00  -3.202305e+00   2.551039e-04   1.374554e+06   1.686792e-01  -1.269791e+00  -1.286172e+00   2.295935e-03   3.032023e+01   2.657742e-01
    52  -2.625406e+00  -2.643235e+00   8.994758e-04   5.869778e+04   1.717032e-01   4.969524e-01  -3.130556e+00  -3.154564e+00   2.967831e-04   1.065344e+06   1.687291e-01  -1.236335e+00  -1.252741e+00   2.671048e-03   2.790545e+01   2.628835e-01
    53  -2.588986e+00  -2.606814e+00   9.610779e-04   4.849141e+04   1.717291e-01   4.948398e-01  -3.077060e+00  -3.102985e+00   3.451610e-04   7.999574e+05   1.688112e-01  -1.202829e+00  -1.219259e+00   3.106449e-03   2.566473e+01   2.598244e-01
    54  -2.552565e+00  -2.570394e+00   1.027019e-03   4.035298e+04   1.715656e-01   4.931755e-01  -3.018972e+00  -3.047046e+00   4.012824e-04   5.807194e+05   1.689367e-01  -1.169278e+00  -1.185730e+00   3.611542e-03   2.358480e+01   2.566149e-01
    55  -2.516145e+00  -2.533973e+00   1.097597e-03   3.358554e+04   1.714222e-01   4.911802e-01  -2.955866e+00  -2.986274e+00   4.663463e-04   4.072608e+05   1.691161e-01  -1.135680e+00  -1.152154e+00   4.197117e-03   2.165320e+01   2.532635e-01
    56  -2.479724e+00  -2.497553e+00   1.173612e-03   2.816767e+04   1.710191e-01   4.900414e-01  -2.887538e+00  -2.920359e+00   5.417261e-04   2.763891e+05   1.693524e-01  -1.102034e+00  -1.118531e+00   4.875535e-03   1.985813e+01   2.497831e-01
    57  -2.443304e+00  -2.461132e+00   1.255923e-03   2.363897e+04   1.706210e-01   4.887695e-01  -2.814186e+00  -2.849315e+00   6.289911e-04   1.824592e+05   1.696258e-01  -1.068331e+00  -1.084856e+00   5.660920e-03   1.818738e+01   2.462190e-01
    58  -2.406883e+00  -2.424712e+00   1.344590e-03   1.993510e+04   1.700401e-01   4.882219e-01  -2.736568e+00  -2.773645e+00   7.299314e-04   1.182565e+05   1.698702e-01  -1.034562e+00  -1.051119e+00   6.569382e-03   1.663136e+01   2.425864e-01
    59  -2.370462e+00  -2.388291e+00   1.441852e-03   1.684257e+04   1.694125e-01   4.879253e-01  -2.656024e+00  -2.694431e+00   8.465830e-04   7.619800e+04   1.699528e-01  -1.000714e+00  -1.017308e+00   7.619247e-03   1.518125e+01   2.389089e-01
    60  -2.334042e+00  -2.351871e+00   1.546571e-03   1.426906e+04   1.686951e-01   4.881628e-01  -2.574280e+00  -2.613232e+00   9.812558e-04   4.946646e+04   1.696842e-01  -9.667705e-01  -9.834107e-01   8.831303e-03   1.382872e+01   2.352269e-01
    61  -2.297621e+00  -2.315450e+00   1.662439e-03   1.211197e+04   1.679294e-01   4.888166e-01  -2.493057e+00  -2.531772e+00   1.136562e-03   3.270518e+04   1.688847e-01  -9.327155e-01  -9.494092e-01   1.022906e-02   1.256787e+01   2.315467e-01
    62  -2.261201e+00  -2.279030e+00   1.787396e-03   1.029537e+04   1.671557e-01   4.898117e-01  -2.413692e+00  -2.451564e+00   1.315444e-03   2.215261e+04   1.674810e-01  -8.985333e-01  -9.152882e-01   1.183900e-02   1.139358e+01   2.278755e-01
    63  -2.224780e+00  -2.242609e+00   1.925995e-03   8.762251e+03   1.663817e-01   4.911219e-01  -2.336958e+00  -2.373632e+00   1.521208e-03   1.538379e+04   1.655614e-01  -8.642080e-01  -8.810316e-01   1.369088e-02   1.030094e+01   2.242365e-01
    64  -2.188360e+00  -2.206188e+00   2.076022e-03   7.461391e+03   1.656681e-01   4.925235e-01  -2.263093e+00  -2.298457e+00   1.757548e-03   1.092091e+04   1.633458e-01  -8.297268e-01  -8.466253e-01   1.581793e-02   9.286605e+00   2.206190e-01
    65  -2.151939e+00  -2.169768e+00   2.242027e-03   6.356791e+03   1.650124e-01   4.939728e-01  -2.191968e+00  -2.226076e+00   2.028572e-03   7.888619e+03   1.610991e-01  -7.950806e-01  -8.120583e-01   1.825715e-02   8.347479e+00   2.170086e-01
    66  -2.115519e+00  -2.133347e+00   2.422510e-03   5.415264e+03   1.644757e-01   4.951723e-01  -2.123257e+00  -2.156255e+00   2.338830e-03   5.771000e+03   1.590453e-01  -7.602633e-01  -7.773231e-01   2.104947e-02   7.480370e+00   2.134066e-01
    67  -2.079098e+00  -2.096927e+00   2.621299e-03   4.613523e+03   1.640263e-01   4.961887e-01  -2.056583e+00  -2.088642e+00   2.693323e-03   4.259566e+03   1.573127e-01  -7.252726e-01  -7.424156e-01   2.423991e-02   6.682343e+00   2.098016e-01
    68  -2.042678e+00  -2.060506e+00   2.838264e-03   3.928545e+03   1.637348e-01   4.966360e-01  -1.991607e+00  -2.022881e+00   3.097518e-03   3.164220e+03   1.559143e-01  -6.901106e-01  -7.073358e-01   2.787766e-02   5.950482e+00   2.061751e-01
    69  -2.006257e+00  -2.024086e+00   3.076164e-03   3.345556e+03   1.635192e-01   4.968150e-01  -1.928074e+00  -1.958680e+00   3.557342e-03   2.362736e+03   1.547619e-01  -6.547835e-01  -6.720879e-01   3.201608e-02   5.281709e+00   2.025105e-01
    70  -1.969837e+00  -1.987665e+00   3.336577e-03   2.847285e+03   1.634586e-01   4.963051e-01  -1.865818e+00  -1.895831e+00   4.079169e-03   1.772675e+03   1.537092e-01  -6.193004e-01  -6.366797e-01   3.671252e-02   4.672739e+00   1.988080e-01
    71  -1.933416e+00  -1.951245e+00   3.621215e-03   2.423682e+03   1.634528e-01   4.955233e-01  -1.804741e+00  -1.834207e+00   4.669785e-03   1.336087e+03   1.526115e-01  -5.836735e-01  -6.011217e-01   4.202806e-02   4.120202e+00   1.950605e-01
    72  -1.896996e+00  -1.914824e+00   3.933464e-03   2.062695e+03   1.635244e-01   4.943406e-01  -1.744772e+00  -1.773722e+00   5.336336e-03   1.011244e+03   1.513762e-01  -5.479173e-01  -5.654275e-01   4.802703e-02   3.620695e+00   1.912591e-01
    73  -1.860575e+00  -1.878404e+00   4.274522e-03   1.755783e+03   1.636224e-01   4.930009e-01  -1.685835e+00  -1.714304e+00   6.086254e-03   7.679341e+02   1.499820e-01  -5.120490e-01  -5.296130e-01   5.477629e-02   3.170806e+00   1.873959e-01
    74  -1.824155e+00  -1.841983e+00   4.648584e-03   1.494814e+03   1.637460e-01   4.914914e-01  -1.627835e+00  -1.655867e+00   6.927149e-03   5.843935e+02   1.484670e-01  -4.760883e-01  -4.936966e-01   6.234434e-02   2.767133e+00   1.834701e-01
    75  -1.787734e+00  -1.805563e+00   5.057805e-03   1.272691e+03   1.638473e-01   4.901389e-01  -1.570659e+00  -1.598307e+00   7.866679e-03   4.450451e+02   1.469004e-01  -4.400563e-01  -4.576988e-01   7.080011e-02   2.406278e+00   1.794849e-01
    76  -1.751314e+00  -1.769142e+00   5.505948e-03   1.083901e+03   1.639655e-01   4.887595e-01  -1.514187e+00  -1.541506e+00   8.912390e-03   3.387495e+02   1.453505e-01  -4.039767e-01  -4.216419e-01   8.021151e-02   2.084981e+00   1.754343e-01
    77  -1.714893e+00  -1.732722e+00   5.996923e-03   9.229255e+02   1.640496e-01   4.877104e-01  -1.458310e+00  -1.485350e+00   1.007152e-02   2.574760e+02   1.438624e-01  -3.678755e-01  -3.855511e-01   9.064369e-02   1.800076e+00   1.713124e-01
    78  -1.678473e+00  -1.696301e+00   6.534345e-03   7.857975e+02   1.641514e-01   4.867543e-01  -1.402948e+00  -1.429747e+00   1.135078e-02   1.953318e+02   1.424496e-01  -3.317813e-01  -3.494535e-01   1.021570e-01   1.548498e+00   1.671133e-01
    79  -1.642052e+00  -1.659881e+00   7.122773e-03   6.690115e+02   1.642732e-01   4.859173e-01  -1.348054e+00  -1.374634e+00   1.275612e-02   1.478915e+02   1.411023e-01  -2.957250e-01  -3.133791e-01   1.148050e-01   1.327279e+00   1.628425e-01
    80  -1.605632e+00  -1.623460e+00   7.766336e-03   5.690176e+02   1.644326e-01   4.852040e-01  -1.293616e+00  -1.319982e+00   1.429243e-02   1.117661e+02   1.398021e-01  -2.597393e-01  -2.773595e-01   1.286319e-01   1.133589e+00   1.584978e-01
    81  -1.569211e+00  -1.587040e+00   8.470893e-03   4.838842e+02   1.646568e-01   4.844284e-01  -1.239652e+00  -1.265796e+00   1.596333e-02   8.433774e+01   1.385209e-01  -2.238593e-01  -2.414289e-01   1.436700e-01   9.647463e-01   1.540763e-01
    82  -1.532791e+00  -1.550619e+00   9.239404e-03   4.111693e+02   1.649588e-01   4.835462e-01  -1.186212e+00  -1.212111e+00   1.777087e-02   6.358297e+01   1.372057e-01  -1.881225e-01  -2.056234e-01   1.599378e-01   8.182154e-01   1.495758e-01
    83  -1.496370e+00  -1.514199e+00   1.007912e-02   3.490273e+02   1.653658e-01   4.824411e-01  -1.133379e+00  -1.158993e+00   1.971527e-02   4.793345e+01   1.357712e-01  -1.525673e-01  -1.699812e-01   1.774374e-01   6.915980e-01   1.450046e-01
    84  -1.459949e+00  -1.477778e+00   1.099702e-02   2.962222e+02   1.658605e-01   4.810886e-01  -1.081251e+00  -1.106533e+00   2.179475e-02   3.616392e+01   1.341247e-01  -1.172335e-01  -1.345412e-01   1.961527e-01   5.826596e-01   1.403681e-01
    85  -1.423529e+00  -1.441358e+00   1.199472e-02   2.511711e+02   1.664704e-01   4.793944e-01  -1.029922e+00  -1.054829e+00   2.400535e-02   2.731576e+01   1.322145e-01  -8.216170e-02  -9.934366e-02   2.160481e-01   4.893388e-01   1.356698e-01
    86  -1.387108e+00  -1.404937e+00   1.308431e-02   2.128704e+02   1.671788e-01   4.773319e-01  -9.794442e-01  -1.003950e+00   2.634082e-02   2.064958e+01   1.300514e-01  -4.739293e-02  -6.442947e-02   2.370673e-01   4.097324e-01   1.309186e-01
    87  -1.350688e+00  -1.368516e+00   1.427362e-02   1.804352e+02   1.679601e-01   4.748702e-01  -9.298213e-01  -9.539244e-01   2.879262e-02   1.560852e+01   1.277009e-01  -1.296682e-02  -2.983885e-02   2.591336e-01   3.420904e-01   1.261324e-01
    88  -1.314267e+00  -1.332096e+00   1.556483e-02   1.528735e+02   1.688247e-01   4.719288e-01  -8.810053e-01  -9.047278e-01   3.134998e-02   1.178145e+01   1.252508e-01   2.107748e-02   4.388836e-03   2.821498e-01   2.848450e-01   1.213203e-01
    89  -1.277847e+00  -1.295675e+00   1.697523e-02   1.295433e+02   1.697336e-01   4.684911e-01  -8.329100e-01  -8.562922e-01   3.400006e-02   8.867840e+00   1.227906e-01   5.470261e-02   3.821539e-02   3.060005e-01   2.365786e-01   1.164986e-01
    90  -1.241426e+00  -1.259255e+00   1.851564e-02   1.098447e+02   1.706550e-01   4.645355e-01  -7.854247e-01  -8.085187e-01   3.672816e-02   6.647264e+00   1.203913e-01   8.787429e-02   7.160508e-02   3.305535e-01   1.960223e-01   1.116882e-01
    91  -1.205006e+00  -1.222834e+00   2.018911e-02   9.316907e+01   1.715653e-01   4.601254e-01  -7.384300e-01  -7.612920e-01   3.951809e-02   4.956833e+00   1.181021e-01   1.205603e-01   1.045247e-01   3.556628e-01   1.620629e-01   1.069022e-01
    92  -1.168585e+00  -1.186414e+00   2.202002e-02   7.908574e+01   1.724086e-01   4.554831e-01  -6.918089e-01  -7.144941e-01   4.235249e-02   3.674057e+00   1.159444e-01   1.527332e-01   1.369446e-01   3.811724e-01   1.337100e-01   1.021660e-01
    93  -1.132165e+00  -1.149993e+00   2.402470e-02   6.720486e+01   1.731518e-01   4.505992e-01  -6.454544e-01  -6.680135e-01   4.521329e-02   2.705337e+00   1.139153e-01   1.843685e-01   1.688388e-01   4.069196e-01   1.101098e-01   9.749428e-02
    94  -1.095744e+00  -1.113573e+00   2.620886e-02   5.716019e+01   1.737525e-01   4.458429e-01  -5.992754e-01  -6.217514e-01   4.808216e-02   1.978361e+00   1.119971e-01   2.154466e-01   2.001855e-01   4.327394e-01   9.051625e-02   9.290780e-02
    95  -1.059324e+00  -1.077152e+00   2.860322e-02   4.865357e+01   1.741845e-01   4.416152e-01  -5.531939e-01  -5.756237e-01   5.094094e-02   1.436518e+00   1.101609e-01   2.459520e-01   2.309671e-01   4.584685e-01   7.428997e-02   8.842285e-02
    96  -1.022903e+00  -1.040732e+00   3.123082e-02   4.145008e+01   1.744652e-01   4.377209e-01  -5.071396e-01  -5.295566e-01   5.377208e-02   1.035491e+00   1.083767e-01   2.758736e-01   2.611705e-01   4.839488e-01   6.088249e-02   8.405531e-02
    97  -9.864827e-01  -1.004311e+00   3.410774e-02   3.533833e+01   1.745936e-01   4.343089e-01  -4.610438e-01  -4.834804e-01   5.655903e-02   7.407855e-01   1.066219e-01   3.052049e-01   2.907868e-01   5.090312e-01   4.982690e-02   7.981939e-02
    98  -9.500622e-01  -9.678908e-01   3.725756e-02   3.011528e+01   1.745915e-01   4.317770e-01  -4.148317e-01  -4.373234e-01   5.928652e-02   5.257315e-01   1.048840e-01   3.339431e-01   3.198117e-01   5.335787e-01   4.072823e-02   7.572602e-02
    99  -9.136417e-01  -9.314703e-01   4.071457e-02   2.566406e+01   1.744964e-01   4.295842e-01  -3.684114e-01  -3.910016e-01   6.194091e-02   3.698675e-01   1.031616e-01   3.620901e-01   3.482446e-01   5.574682e-01   3.325267e-02   7.178550e-02
   100  -8.772211e-01  -8.950497e-01   4.450774e-02   2.186608e+01   1.743215e-01   4.277117e-01  -3.216665e-01  -3.444103e-01   6.451030e-02   2.576990e-01   1.014627e-01   3.896507e-01   3.760890e-01   5.805927e-01   2.712073e-02   6.800389e-02
   101  -8.408006e-01  -8.586292e-01   4.865146e-02   1.861885e+01   1.740879e-01   4.260815e-01  -2.744616e-01  -2.974230e-01   6.698469e-02   1.776371e-01   9.980012e-02   4.166337e-01   4.033517e-01   6.028622e-01   2.209775e-02   6.438718e-02
   102  -8.043801e-01  -8.222087e-01   5.318155e-02   1.583254e+01   1.738361e-01   4.244265e-01  -2.266339e-01  -2.498897e-01   6.935597e-02   1.209927e-01   9.818734e-02   4.430504e-01   4.300429e-01   6.242038e-01   1.798890e-02   6.093690e-02
   103  -7.679596e-01  -7.857882e-01   5.813882e-02   1.345473e+01   1.735286e-01   4.225443e-01  -1.779911e-01  -2.016318e-01   7.161799e-02   8.131243e-02   9.664112e-02   4.689151e-01   4.561753e-01   6.445619e-01   1.463147e-02   5.765525e-02
   104  -7.315391e-01  -7.493676e-01   6.355971e-02   1.142684e+01   1.731498e-01   4.203320e-01  -1.283252e-01  -1.524485e-01   7.376638e-02   5.385002e-02   9.517813e-02   4.942441e-01   4.817642e-01   6.638974e-01   1.189133e-02   5.453990e-02
   105  -6.951185e-01  -7.129471e-01   6.947271e-02   9.698741e+00   1.726749e-01   4.176546e-01  -7.741508e-02  -1.021246e-01   7.579851e-02   3.509992e-02   9.381211e-02   5.190559e-01   5.068272e-01   6.821866e-01   9.656897e-03   5.159009e-02
   106  -6.586980e-01  -6.765266e-01   7.590557e-02   8.222928e+00   1.721091e-01   4.143140e-01  -2.504477e-02  -5.044100e-02   7.771330e-02   2.249804e-02   9.255212e-02   5.433703e-01   5.313833e-01   6.994197e-01   7.836719e-03   4.880085e-02
   107  -6.222775e-01  -6.401061e-01   8.292441e-02   6.968373e+00   1.713880e-01   4.103849e-01   2.893915e-02   2.785447e-03   7.951106e-02   1.418725e-02   9.137245e-02   5.672089e-01   5.554532e-01   7.155996e-01   6.355065e-03   4.616881e-02
   108  -5.858570e-01  -6.036856e-01   9.057883e-02   5.903051e+00   1.704769e-01   4.058900e-01   8.457102e-02   5.764527e-02   8.119333e-02   8.819018e-03   9.020666e-02   5.905939e-01   5.790588e-01   7.307399e-01   5.149999e-03   4.368783e-02
   109  -5.494365e-01  -5.672650e-01   9.892177e-02   4.998544e+00   1.693496e-01   4.008260e-01   1.416540e-01   1.140497e-01   8.276263e-02   5.430455e-03   8.889464e-02   6.135485e-01   6.022229e-01   7.448636e-01   4.170562e-03   4.135234e-02
   110  -5.130159e-01  -5.308445e-01   1.079847e-01   4.230317e+00   1.679871e-01   3.951942e-01   1.996362e-01   1.716120e-01   8.422234e-02   3.341364e-03   8.715497e-02   6.360965e-01   6.249688e-01   7.580011e-01   3.375060e-03   3.915594e-02
   111  -4.765954e-01  -4.944240e-01   1.178337e-01   3.576895e+00   1.663908e-01   3.890330e-01   2.576020e-01   2.295855e-01   8.557652e-02   2.077462e-03   8.464665e-02   6.582618e-01   6.473205e-01   7.701887e-01   2.729404e-03   3.709159e-02
   112  -4.401749e-01  -4.580035e-01   1.285453e-01   3.022167e+00   1.645361e-01   3.823569e-01   3.144265e-01   2.869430e-01   8.682971e-02   1.319587e-03   8.112165e-02   6.800687e-01   6.693021e-01   7.814674e-01   2.205680e-03   3.515301e-02
   113  -4.037544e-01  -4.215830e-01   1.401813e-01   2.551000e+00   1.624191e-01   3.750992e-01   3.690813e-01   3.426131e-01   8.798682e-02   8.623702e-04   7.660419e-02   7.015414e-01   6.909378e-01   7.918814e-01   1.781157e-03   3.333291e-02
   114  -3.673339e-01  -3.851624e-01   1.528054e-01   2.150652e+00   1.600373e-01   3.671703e-01   4.208902e-01   3.957579e-01   8.905301e-02   5.806850e-04   7.139814e-02   7.227040e-01   7.122516e-01   8.014771e-01   1.437263e-03   3.162457e-02
   115  -3.309133e-01  -3.487419e-01   1.664382e-01   1.810299e+00   1.573988e-01   3.584566e-01   4.695838e-01   4.459191e-01   9.003354e-02   4.018084e-04   6.591490e-02   7.435803e-01   7.332676e-01   8.103019e-01   1.158868e-03   3.002135e-02
   116  -2.944928e-01  -3.123214e-01   1.811763e-01   1.521023e+00   1.545147e-01   3.488304e-01   5.152007e-01   4.929909e-01   9.093373e-02   2.844589e-04   6.050353e-02   7.641934e-01   7.540091e-01   8.184036e-01   9.336592e-04   2.851646e-02
   117  -2.580723e-01  -2.759009e-01   1.970823e-01   1.275478e+00   1.513811e-01   3.381676e-01   5.579487e-01   5.371004e-01   9.175884e-02   2.051529e-04   5.538532e-02   7.845663e-01   7.744993e-01   8.258295e-01   7.515995e-04   2.710371e-02
   118  -2.216518e-01  -2.394804e-01   2.142095e-01   1.067188e+00   1.480030e-01   3.263241e-01   5.981047e-01   5.784907e-01   9.251402e-02   1.501807e-04   5.066567e-02   8.047211e-01   7.947606e-01   8.326262e-01   6.045322e-04   2.577695e-02
   119  -1.852312e-01  -2.030598e-01   2.325706e-01   8.906553e-01   1.443874e-01   3.131346e-01   6.359589e-01   6.174441e-01   9.320429e-02   1.112642e-04   4.637741e-02   8.246792e-01   8.148148e-01   8.388386e-01   4.858252e-04   2.453021e-02
   120  -1.488107e-01  -1.666393e-01   2.522117e-01   7.411590e-01   1.405543e-01   2.983130e-01   6.717871e-01   6.542424e-01   9.383445e-02   8.323076e-05   4.251369e-02   8.444612e-01   8.346828e-01   8.445100e-01   3.900851e-04   2.335803e-02
   121  -1.123902e-01  -1.302188e-01   2.731837e-01   6.148766e-01   1.365051e-01   2.818472e-01   7.058332e-01   6.891437e-01   9.440910e-02   6.276156e-05   3.904444e-02   8.640871e-01   8.543850e-01   8.496819e-01   3.129328e-04   2.225512e-02
   122  -7.596968e-02  -9.379827e-02   2.955008e-01   5.084050e-01   1.322499e-01   2.636141e-01   7.383138e-01   7.223771e-01   9.493262e-02   4.763823e-05   3.593369e-02   8.835756e-01   8.739406e-01   8.543935e-01   2.508141e-04   2.121647e-02
   123  -3.954916e-02  -5.737775e-02   3.191018e-01   4.188171e-01   1.278067e-01   2.433801e-01   7.694174e-01   7.541440e-01   9.540910e-02   3.635701e-05   3.314415e-02   9.029447e-01   8.933681e-01   8.586819e-01   2.008439e-04   2.023739e-02
   124  -3.128643e-03  -2.095723e-02   3.440230e-01   3.436415e-01   1.231937e-01   2.211451e-01   7.993073e-01   7.846194e-01   9.584241e-02   2.787453e-05   3.063892e-02   9.222115e-01   9.126849e-01   8.625817e-01   1.606826e-04   1.931361e-02
   125   3.329188e-02   1.546329e-02   3.702321e-01   2.807576e-01   1.184244e-01   1.970578e-01   8.281260e-01   8.139556e-01   9.623618e-02   2.145258e-05   2.838573e-02   9.413919e-01   9.319076e-01   8.661256e-01   1.284352e-04   1.844101e-02
   126   6.971240e-02   5.188381e-02   3.976166e-01   2.283204e-01   1.135232e-01   1.710786e-01   8.559976e-01   8.422854e-01   9.659376e-02   1.656289e-05   2.635452e-02   9.605008e-01   9.510514e-01   8.693438e-01   1.025665e-04   1.761583e-02
   127   1.061329e-01   8.830433e-02   4.261354e-01   1.847649e-01   1.085102e-01   1.438042e-01   8.830304e-01   8.697243e-01   9.691827e-02   1.282193e-05   2.451933e-02   9.795523e-01   9.701310e-01   8.722644e-01   8.183463e-05   1.683459e-02
   128   1.425534e-01   1.247249e-01   4.556941e-01   1.487248e-01   1.034136e-01   1.153383e-01   9.093205e-01   8.963744e-01   9.721261e-02   9.947660e-06   2.285735e-02   9.985595e-01   9.891599e-01   8.749135e-01   6.523522e-05   1.609413e-02
   129   1.789740e-01   1.611454e-01   4.861085e-01   1.190402e-01   9.825992e-02   8.641917e-02   9.349514e-01   9.223250e-01   9.747945e-02   7.732057e-06   2.134806e-02   1.017534e+00   1.008151e+00   8.773151e-01   5.195729e-05   1.539148e-02
   130   2.153945e-01   1.975659e-01   5.172831e-01   9.471169e-02   9.307565e-02   5.844369e-02   9.599975e-01   9.476550e-01   9.772124e-02   6.018985e-06   1.997419e-02   1.036488e+00   1.027114e+00   8.794912e-01   4.134629e-05   1.472396e-02
   131   2.518150e-01   2.339864e-01   5.487936e-01   7.483286e-02   8.787956e-02   3.018463e-02   9.845252e-01   9.724345e-01   9.794025e-02   4.691176e-06   1.872028e-02   1.055430e+00   1.046062e+00   8.814623e-01   3.287449e-05   1.408911e-02
   132   2.882355e-01   2.704069e-01   5.806155e-01   5.869808e-02   8.269560e-02   5.147393e-03   1.008593e+00   9.967258e-01   9.813854e-02   3.659995e-06   1.757272e-02   1.074371e+00   1.065004e+00   8.832469e-01   2.611686e-05   1.348469e-02
   133   3.246560e-01   3.068275e-01   6.125642e-01   4.570629e-02   7.757887e-02  -1.789785e-02   1.032253e+00   1.020584e+00   9.831802e-02   2.857770e-06   1.651991e-02   1.093319e+00   1.083949e+00   8.848622e-01   2.073146e-05   1.290869e-02
   134   3.610766e-01   3.432480e-01   6.444061e-01   3.531735e-02   7.256190e-02  -3.948472e-02   1.055552e+00   1.044059e+00   9.848042e-02   2.232780e-06   1.555156e-02   1.112282e+00   1.102904e+00   8.863237e-01   1.644349e-05   1.235925e-02
   135   3.974971e-01   3.796685e-01   6.755523e-01   2.705564e-02   6.764876e-02  -5.568055e-02   1.078532e+00   1.067194e+00   9.862732e-02   1.745319e-06   1.465858e-02   1.131266e+00   1.121877e+00   8.876458e-01   1.303231e-05   1.183467e-02
   136   4.339176e-01   4.160890e-01   7.060557e-01   2.053163e-02   6.287301e-02  -7.015265e-02   1.101229e+00   1.090029e+00   9.876016e-02   1.364791e-06   1.383308e-02   1.150278e+00   1.140876e+00   8.888415e-01   1.032096e-05   1.133344e-02
   137   4.703381e-01   4.525095e-01   7.356814e-01   1.544451e-02   5.827883e-02  -8.232327e-02   1.123679e+00   1.112599e+00   9.888027e-02   1.067514e-06   1.306818e-02   1.169324e+00   1.159905e+00   8.899225e-01   8.167661e-06   1.085417e-02
   138   5.067586e-01   4.889301e-01   7.638264e-01   1.149739e-02   5.386508e-02  -9.165214e-02   1.145909e+00   1.134936e+00   9.898885e-02   8.351392e-07   1.235780e-02   1.188408e+00   1.178971e+00   8.908996e-01   6.458960e-06   1.039560e-02
   139   5.431792e-01   5.253506e-01   7.907554e-01   8.473118e-03   4.966284e-02  -9.843261e-02   1.167948e+00   1.157068e+00   9.908698e-02   6.534174e-07   1.169661e-02   1.207536e+00   1.198078e+00   8.917828e-01   5.104140e-06   9.956578e-03
   140   5.795997e-01   5.617711e-01   8.157476e-01   6.177665e-03   4.568516e-02  -1.036617e-01   1.189818e+00   1.179021e+00   9.917565e-02   5.112613e-07   1.107988e-02   1.226711e+00   1.217230e+00   8.925808e-01   4.030749e-06   9.536056e-03
   141   6.160202e-01   5.981916e-01   8.391326e-01   4.455555e-03   4.194366e-02  -1.073590e-01   1.211543e+00   1.200816e+00   9.925576e-02   4.000324e-07   1.050348e-02   1.245937e+00   1.236430e+00   8.933019e-01   3.180973e-06   9.133074e-03
   142   6.524407e-01   6.346121e-01   8.604628e-01   3.176792e-03   3.844371e-02  -1.096771e-01   1.233140e+00   1.222476e+00   9.932813e-02   3.129891e-07   9.963780e-03   1.265216e+00   1.255684e+00   8.939532e-01   2.508726e-06   8.746757e-03
   143   6.888613e-01   6.710327e-01   8.798372e-01   2.240947e-03   3.519204e-02  -1.106664e-01   1.254627e+00   1.244017e+00   9.939350e-02   2.448666e-07   9.457558e-03   1.284552e+00   1.274992e+00   8.945415e-01   1.977303e-06   8.376298e-03
   144   7.252818e-01   7.074532e-01   8.972837e-01   1.562297e-03   3.218419e-02  -1.104961e-01   1.276020e+00   1.265456e+00   9.945254e-02   1.915508e-07   8.981962e-03   1.303946e+00   1.294357e+00   8.950729e-01   1.557499e-06   8.020956e-03
   145   7.617023e-01   7.438737e-01   9.127109e-01   1.077316e-03   2.941818e-02  -1.091978e-01   1.297333e+00   1.286807e+00   9.950586e-02   1.498243e-07   8.534464e-03   1.323400e+00   1.313782e+00   8.955527e-01   1.226097e-06   7.680050e-03
   146   7.981228e-01   7.802942e-01   9.262202e-01   7.351647e-04   2.688535e-02  -1.068387e-01   1.318577e+00   1.308085e+00   9.955400e-02   1.171700e-07   8.112815e-03   1.342916e+00   1.333267e+00   8.959860e-01   9.646564e-07   7.352945e-03
   147   8.345433e-01   8.167147e-01   9.379802e-01   4.966532e-04   2.457422e-02  -1.034647e-01   1.339765e+00   1.329300e+00   9.959747e-02   9.161790e-08   7.715017e-03   1.362494e+00   1.352815e+00   8.963772e-01   7.585414e-07   7.039056e-03
   148   8.709639e-01   8.531353e-01   9.481148e-01   3.323062e-04   2.247168e-02  -9.915572e-02   1.360905e+00   1.350463e+00   9.963672e-02   7.162573e-08   7.339284e-03   1.382135e+00   1.372426e+00   8.967304e-01   5.961470e-07   6.737839e-03
   149   9.073844e-01   8.895558e-01   9.567699e-01   2.204095e-04   2.056294e-02  -9.408394e-02   1.382006e+00   1.371584e+00   9.967214e-02   5.598602e-08   6.984019e-03   1.401841e+00   1.392100e+00   8.970493e-01   4.682777e-07   6.448786e-03
   150   9.438049e-01   9.259763e-01   9.640962e-01   1.450843e-04   1.883131e-02  -8.838634e-02   1.403077e+00   1.392669e+00   9.970413e-02   4.375323e-08   6.647791e-03   1.421610e+00   1.411838e+00   8.973371e-01   3.676538e-07   6.171423e-03
   151   9.802254e-01   9.623968e-01   9.702599e-01   9.486851e-05   1.726033e-02  -8.226684e-02   1.424123e+00   1.413727e+00   9.973300e-02   3.418696e-08   6.329316e-03   1.441442e+00   1.431639e+00   8.975970e-01   2.885160e-07   5.905306e-03
   152   1.016646e+00   9.988174e-01   9.754021e-01   6.168738e-05   1.583419e-02  -7.587013e-02   1.445152e+00   1.434765e+00   9.975905e-02   2.670741e-08   6.027436e-03   1.461338e+00   1.451504e+00   8.978315e-01   2.263114e-07   5.650021e-03
   153   1.053066e+00   1.035238e+00   9.796791e-01   3.992507e-05   1.453795e-02  -6.944985e-02   1.466167e+00   1.455786e+00   9.978257e-02   2.086058e-08   5.741105e-03   1.481295e+00   1.471431e+00   8.980432e-01   1.774435e-07   5.405178e-03
   154   1.089487e+00   1.071658e+00   9.832267e-01   2.574545e-05   1.335793e-02  -6.309724e-02   1.487173e+00   1.476797e+00   9.980380e-02   1.629103e-08   5.469379e-03   1.501313e+00   1.491420e+00   8.982342e-01   1.390731e-07   5.170412e-03
   155   1.125908e+00   1.108079e+00   9.861636e-01   1.655449e-05   1.228191e-02  -5.698418e-02   1.508174e+00   1.497800e+00   9.982296e-02   1.272049e-08   5.211401e-03   1.521391e+00   1.511468e+00   8.984066e-01   1.089607e-07   4.945379e-03
   156   1.162328e+00   1.144499e+00   9.885872e-01   1.062231e-05   1.129906e-02  -5.121309e-02   1.529172e+00   1.518800e+00   9.984025e-02   9.931163e-09   4.966394e-03   1.541525e+00   1.531575e+00   8.985622e-01   8.534050e-08   4.729760e-03
   157   1.198749e+00   1.180920e+00   9.905855e-01   6.806146e-06   1.039983e-02  -4.580153e-02   1.550169e+00   1.539797e+00   9.985585e-02   7.752598e-09   4.733655e-03   1.561715e+00   1.551737e+00   8.987027e-01   6.682162e-08   4.523253e-03
   158   1.235169e+00   1.217340e+00   9.922323e-01   4.356975e-06   9.575972e-03  -4.085165e-02   1.571167e+00   1.560795e+00   9.986993e-02   6.051427e-09   4.512544e-03   1.581956e+00   1.571953e+00   8.988294e-01   5.230885e-08   4.325580e-03
   159   1.271590e+00   1.253761e+00   9.935874e-01   2.787918e-06   8.820232e-03  -3.633001e-02   1.592166e+00   1.581794e+00   9.988264e-02   4.723318e-09   4.302480e-03   1.602244e+00   1.592218e+00   8.989438e-01   4.094046e-08   4.136481e-03
   160   1.308010e+00   1.290182e+00   9.947032e-01   1.783839e-06   8.126157e-03  -3.222500e-02   1.613166e+00   1.602793e+00   9.989411e-02   3.686671e-09   4.102939e-03   1.622577e+00   1.612530e+00   8.990470e-01   3.203882e-08   3.955716e-03
   161   1.344431e+00   1.326602e+00   9.956224e-01   1.141658e-06   7.488184e-03  -2.854614e-02   1.634164e+00   1.623792e+00   9.990446e-02   2.877681e-09   3.913446e-03   1.642949e+00   1.632882e+00   8.991401e-01   2.507135e-08   3.783069e-03
   162   1.380851e+00   1.363023e+00   9.963775e-01   7.310113e-07   6.901385e-03  -2.526624e-02   1.655159e+00   1.644788e+00   9.991379e-02   2.246468e-09   3.733572e-03   1.663353e+00   1.653271e+00   8.992241e-01   1.961973e-08   3.618342e-03
   163   1.417272e+00   1.399443e+00   9.969976e-01   4.683874e-07   6.361381e-03  -2.233050e-02   1.676147e+00   1.665780e+00   9.992222e-02   1.754046e-09   3.562938e-03   1.683783e+00   1.673688e+00   8.993000e-01   1.535555e-08   3.461362e-03
   164   1.453692e+00   1.435864e+00   9.975100e-01   3.003594e-07   5.864294e-03  -1.970990e-02   1.697124e+00   1.686762e+00   9.992982e-02   1.369954e-09   3.401203e-03   1.704230e+00   1.694127e+00   8.993684e-01   1.202115e-08   3.311979e-03
   165   1.490113e+00   1.472284e+00   9.979338e-01   1.927875e-07   5.406680e-03  -1.739637e-02   1.718082e+00   1.707729e+00   9.993668e-02   1.070398e-09   3.248073e-03   1.724685e+00   1.714578e+00   8.994301e-01   9.414453e-09   3.170067e-03
   166   1.526533e+00   1.508705e+00   9.982845e-01   1.238741e-07   4.985460e-03  -1.533270e-02   1.739013e+00   1.728673e+00   9.994287e-02   8.367922e-10   3.103292e-03   1.745136e+00   1.735031e+00   8.994858e-01   7.377066e-09   3.035530e-03
   167   1.562954e+00   1.545125e+00   9.985749e-01   7.968341e-08   4.597874e-03  -1.348054e-02   1.759908e+00   1.749586e+00   9.994845e-02   6.546278e-10   2.966648e-03   1.765568e+00   1.755472e+00   8.995361e-01   5.784900e-09   2.908299e-03
   168   1.599374e+00   1.581546e+00   9.988142e-01   5.131720e-08   4.241467e-03  -1.180656e-02   1.780753e+00   1.770455e+00   9.995349e-02   5.125782e-10   2.837970e-03   1.785966e+00   1.775887e+00   8.995814e-01   4.540782e-09   2.788335e-03
   169   1.635795e+00   1.617966e+00   9.990126e-01   3.308990e-08   3.914086e-03  -1.031122e-02   1.801533e+00   1.791267e+00   9.995804e-02   4.018047e-10   2.717127e-03   1.806310e+00   1.796257e+00   8.996223e-01   3.568652e-09   2.675632e-03
   170   1.672215e+00   1.654387e+00   9.991777e-01   2.136484e-08   3.613804e-03  -8.933181e-03   1.822231e+00   1.812005e+00   9.996214e-02   3.154112e-10   2.604032e-03   1.826578e+00   1.816562e+00   8.996593e-01   2.809001e-09   2.570220e-03
   171   1.708636e+00   1.690807e+00   9.993153e-01   1.381506e-08   3.339135e-03  -7.595834e-03   1.842824e+00   1.832649e+00   9.996584e-02   2.480190e-10   2.498641e-03   1.846744e+00   1.836778e+00   8.996926e-01   2.215290e-09   2.472163e-03
   172   1.745056e+00   1.727228e+00   9.994301e-01   8.947509e-09   3.088731e-03  -6.260974e-03   1.863286e+00   1.853175e+00   9.996918e-02   1.954334e-10   2.400951e-03   1.866779e+00   1.856877e+00   8.997226e-01   1.751137e-09   2.381561e-03
   173   1.781477e+00   1.763648e+00   9.995251e-01   5.805345e-09   2.861525e-03  -4.945195e-03   1.883588e+00   1.873556e+00   9.997219e-02   1.543841e-10   2.311002e-03   1.886646e+00   1.876826e+00   8.997498e-01   1.388112e-09   2.298552e-03
   174   1.817897e+00   1.800069e+00   9.996047e-01   3.774416e-09   2.656770e-03  -3.528485e-03   1.903696e+00   1.893758e+00   9.997491e-02   1.223222e-10   2.228874e-03   1.906309e+00   1.896589e+00   8.997742e-01   1.104007e-09   2.223307e-03
   175   1.854318e+00   1.836489e+00   9.996717e-01   2.460026e-09   2.474167e-03  -1.901800e-03   1.923570e+00   1.913746e+00   9.997737e-02   9.726119e-11   2.154688e-03   1.925723e+00   1.916125e+00   8.997963e-01   8.814819e-10   2.156027e-03
   176   1.890738e+00   1.872910e+00   9.997280e-01   1.608427e-09   2.314537e-03   2.544157e-04   1.943167e+00   1.933479e+00   9.997958e-02   7.765199e-11   2.088634e-03   1.944842e+00   1.935388e+00   8.998162e-01   7.069971e-10   2.096947e-03
   177   1.927159e+00   1.909330e+00   9.997756e-01   1.055577e-09   2.178385e-03   2.762526e-03   1.962444e+00   1.952912e+00   9.998158e-02   6.227939e-11   2.031231e-03   1.963614e+00   1.954329e+00   8.998342e-01   5.699679e-10   2.046396e-03
   178   1.963579e+00   1.945751e+00   9.998158e-01   6.959379e-10   2.067493e-03   5.929378e-03   1.981372e+00   1.972011e+00   9.998338e-02   5.015309e-11   1.984944e-03   1.981996e+00   1.972902e+00   8.998504e-01   4.619372e-10   2.005625e-03
   179   2.000000e+00   1.982171e+00   9.998500e-01   4.601269e-10   1.991326e-03   8.192543e-03   2.000000e+00   1.990786e+00   9.998500e-02   4.038477e-11   1.959247e-03   2.000000e+00   1.991091e+00   8.998650e-01   3.752673e-10   1.981918e-03
