     i          log_r       log_rmid          m_tot        rho_tot         v2_tot            eta     lgr[heavy]    lgrm[heavy]       m[heavy]     rho[heavy]      v2[heavy]     lgr[light]    lgrm[light]       m[light]     rho[light]      v2[light]
     0  -4.557181e+00  -4.858211e+00   1.040911e-07   1.420344e+07   2.055554e-01            nan  -4.557181e+00  -4.858211e+00   9.998500e-08   1.407987e+07   2.038269e-01  -3.096887e+00  -3.397917e+00   8.998650e-07   5.271804e+03   4.109057e-01
     1  -4.520549e+00  -4.538479e+00   1.331887e-07   1.400135e+07   2.047104e-01            nan  -4.534635e+00  -4.545762e+00   1.166721e-07   1.394416e+07   2.038235e-01  -3.055068e+00  -3.075474e+00   1.050049e-06   2.627018e+03   4.127839e-01
     2  -4.483916e+00  -4.501846e+00   1.705113e-07   1.397129e+07   2.046449e-01            nan  -4.512097e+00  -4.523220e+00   1.361439e-07   1.392946e+07   2.038231e-01  -3.013858e+00  -3.033975e+00   1.225295e-06   2.335367e+03   4.130879e-01
     3  -4.447284e+00  -4.465214e+00   2.183821e-07   1.393683e+07   2.045842e-01            nan  -4.489563e+00  -4.500684e+00   1.588651e-07   1.391323e+07   2.038227e-01  -2.973131e+00  -2.993017e+00   1.429786e-06   2.077889e+03   4.133288e-01
     4  -4.410652e+00  -4.428582e+00   2.797703e-07   1.389775e+07   2.045281e-01            nan  -4.467030e+00  -4.478150e+00   1.853780e-07   1.389532e+07   2.038222e-01  -2.932803e+00  -2.952499e+00   1.668402e-06   1.850851e+03   4.134809e-01
     5  -4.374019e+00  -4.391949e+00   3.584775e-07   1.385279e+07   2.044761e-01            nan  -4.444495e+00  -4.455616e+00   2.163150e-07   1.387554e+07   2.038217e-01  -2.892840e+00  -2.912362e+00   1.946835e-06   1.651740e+03   4.134968e-01
     6  -4.337387e+00  -4.355317e+00   4.593466e-07   1.380074e+07   2.044278e-01            nan  -4.421955e+00  -4.433079e+00   2.524142e-07   1.385371e+07   2.038212e-01  -2.853224e+00  -2.872581e+00   2.271728e-06   1.477059e+03   4.133502e-01
     7  -4.300755e+00  -4.318685e+00   5.885607e-07   1.374105e+07   2.043831e-01            nan  -4.399407e+00  -4.410535e+00   2.945370e-07   1.382960e+07   2.038206e-01  -2.813957e+00  -2.833147e+00   2.650833e-06   1.324184e+03   4.130026e-01
     8  -4.264122e+00  -4.282053e+00   7.540053e-07   1.367119e+07   2.043416e-01            nan  -4.376850e+00  -4.387982e+00   3.436881e-07   1.380297e+07   2.038199e-01  -2.775046e+00  -2.794066e+00   3.093193e-06   1.190378e+03   4.124266e-01
     9  -4.227490e+00  -4.245420e+00   9.656210e-07   1.359041e+07   2.043031e-01            nan  -4.354280e+00  -4.365418e+00   4.010398e-07   1.377357e+07   2.038192e-01  -2.736506e+00  -2.755349e+00   3.609358e-06   1.073291e+03   4.115965e-01
    10  -4.190858e+00  -4.208788e+00   1.236128e-06   1.349702e+07   2.042672e-01            nan  -4.331694e+00  -4.342840e+00   4.679601e-07   1.374111e+07   2.038184e-01  -2.698353e+00  -2.717011e+00   4.211641e-06   9.707037e+02   4.104976e-01
    11  -4.154226e+00  -4.172156e+00   1.581493e-06   1.338749e+07   2.042337e-01            nan  -4.309089e+00  -4.320244e+00   5.460446e-07   1.370526e+07   2.038175e-01  -2.660599e+00  -2.679066e+00   4.914402e-06   8.807003e+02   4.091225e-01
    12  -4.117593e+00  -4.135523e+00   2.021810e-06   1.326155e+07   2.042024e-01            nan  -4.286463e+00  -4.297629e+00   6.371554e-07   1.366567e+07   2.038165e-01  -2.623252e+00  -2.641524e+00   5.734398e-06   8.015197e+02   4.074743e-01
    13  -4.080961e+00  -4.098891e+00   2.582547e-06   1.311462e+07   2.041731e-01            nan  -4.263812e+00  -4.274990e+00   7.434644e-07   1.362197e+07   2.038154e-01  -2.586315e+00  -2.604391e+00   6.691180e-06   7.316645e+02   4.055694e-01
    14  -4.044329e+00  -4.062259e+00   3.294767e-06   1.294490e+07   2.041456e-01            nan  -4.241133e+00  -4.252325e+00   8.675058e-07   1.357374e+07   2.038142e-01  -2.549786e+00  -2.567667e+00   7.807552e-06   6.698119e+02   4.034224e-01
    15  -4.007696e+00  -4.025626e+00   4.198155e-06   1.275005e+07   2.041196e-01            nan  -4.218422e+00  -4.229629e+00   1.012236e-06   1.352050e+07   2.038128e-01  -2.513655e+00  -2.531345e+00   9.110122e-06   6.147988e+02   4.010761e-01
    16  -3.971064e+00  -3.988994e+00   5.340544e-06   1.252389e+07   2.040950e-01            nan  -4.195675e+00  -4.206900e+00   1.181103e-06   1.346176e+07   2.038114e-01  -2.477909e+00  -2.495414e+00   1.062993e-05   5.656993e+02   3.985426e-01
    17  -3.934432e+00  -3.952362e+00   6.781157e-06   1.226798e+07   2.040716e-01            nan  -4.172887e+00  -4.184132e+00   1.378130e-06   1.339697e+07   2.038097e-01  -2.442526e+00  -2.459857e+00   1.240317e-05   5.216016e+02   3.958882e-01
    18  -3.897800e+00  -3.915730e+00   8.592049e-06   1.197216e+07   2.040493e-01            nan  -4.150054e+00  -4.161321e+00   1.608010e-06   1.332552e+07   2.038079e-01  -2.407487e+00  -2.424653e+00   1.447209e-05   4.818714e+02   3.931220e-01
    19  -3.861167e+00  -3.879097e+00   1.085797e-05   1.164063e+07   2.040279e-01            nan  -4.127170e+00  -4.138462e+00   1.876216e-06   1.324677e+07   2.038060e-01  -2.372763e+00  -2.389778e+00   1.688595e-05   4.458597e+02   3.902980e-01
    20  -3.824535e+00  -3.842465e+00   1.368343e-05   1.126390e+07   2.040074e-01            nan  -4.104230e+00  -4.115549e+00   2.189133e-06   1.316001e+07   2.038038e-01  -2.338328e+00  -2.355204e+00   1.970220e-05   4.131094e+02   3.874289e-01
    21  -3.787903e+00  -3.805833e+00   1.718369e-05   1.084651e+07   2.039878e-01            nan  -4.081226e+00  -4.092576e+00   2.554206e-06   1.306445e+07   2.038014e-01  -2.304152e+00  -2.320904e+00   2.298786e-05   3.831826e+02   3.845451e-01
    22  -3.751270e+00  -3.769200e+00   2.150107e-05   1.038004e+07   2.039690e-01            nan  -4.058152e+00  -4.069536e+00   2.980121e-06   1.295929e+07   2.037988e-01  -2.270209e+00  -2.286849e+00   2.682109e-05   3.557432e+02   3.816580e-01
    23  -3.714638e+00  -3.732568e+00   2.678569e-05   9.874268e+06   2.039513e-01            nan  -4.034998e+00  -4.046421e+00   3.477003e-06   1.284361e+07   2.037959e-01  -2.236469e+00  -2.253011e+00   3.129303e-05   3.305041e+02   3.787729e-01
    24  -3.678006e+00  -3.695936e+00   3.320879e-05   9.317733e+06   2.039348e-01            nan  -4.011757e+00  -4.023222e+00   4.056664e-06   1.271647e+07   2.037928e-01  -2.202907e+00  -2.219364e+00   3.650997e-05   3.072164e+02   3.758962e-01
    25  -3.641373e+00  -3.659303e+00   4.097132e-05   8.727782e+06   2.039199e-01            nan  -3.988418e+00  -3.999931e+00   4.732872e-06   1.257684e+07   2.037893e-01  -2.169499e+00  -2.185882e+00   4.259585e-05   2.856896e+02   3.730145e-01
    26  -3.604741e+00  -3.622671e+00   5.021902e-05   8.101805e+06   2.039071e-01            nan  -3.964969e+00  -3.976535e+00   5.521683e-06   1.242364e+07   2.037856e-01  -2.136220e+00  -2.152540e+00   4.969515e-05   2.657379e+02   3.701294e-01
    27  -3.568109e+00  -3.586039e+00   6.118652e-05   7.447833e+06   2.038971e-01            nan  -3.941399e+00  -3.953024e+00   6.441814e-06   1.225571e+07   2.037815e-01  -2.103050e+00  -2.119318e+00   5.797633e-05   2.472264e+02   3.672204e-01
    28  -3.531477e+00  -3.549407e+00   7.406738e-05   6.781447e+06   2.038906e-01            nan  -3.917692e+00  -3.929384e+00   7.515084e-06   1.207185e+07   2.037770e-01  -2.069970e+00  -2.086195e+00   6.763576e-05   2.300141e+02   3.642884e-01
    29  -3.494844e+00  -3.512774e+00   8.900282e-05   6.112254e+06   2.038886e-01            nan  -3.893833e+00  -3.905599e+00   8.766923e-06   1.187081e+07   2.037721e-01  -2.036962e+00  -2.053152e+00   7.890231e-05   2.139963e+02   3.613172e-01
    30  -3.458212e+00  -3.476142e+00   1.060985e-04   5.443703e+06   2.038932e-01            nan  -3.869804e+00  -3.881653e+00   1.022697e-05   1.165131e+07   2.037668e-01  -2.004007e+00  -2.020172e+00   9.204273e-05   1.990643e+02   3.583104e-01
    31  -3.421580e+00  -3.439510e+00   1.255094e-04   4.795027e+06   2.039056e-01            nan  -3.845585e+00  -3.857526e+00   1.192976e-05   1.141202e+07   2.037611e-01  -1.971090e+00  -1.987237e+00   1.073678e-04   1.851313e+02   3.552631e-01
    32  -3.384947e+00  -3.402877e+00   1.473017e-04   4.177575e+06   2.039276e-01            nan  -3.821153e+00  -3.833197e+00   1.391553e-05   1.115165e+07   2.037549e-01  -1.938195e+00  -1.954331e+00   1.252398e-04   1.721147e+02   3.521792e-01
    33  -3.348315e+00  -3.366245e+00   1.714992e-04   3.600381e+06   2.039616e-01            nan  -3.796482e+00  -3.808642e+00   1.623115e-05   1.086891e+07   2.037483e-01  -1.905306e+00  -1.921439e+00   1.460803e-04   1.599421e+02   3.490641e-01
    34  -3.311683e+00  -3.329613e+00   1.980917e-04   3.070644e+06   2.040100e-01            nan  -3.771542e+00  -3.783833e+00   1.893121e-05   1.056259e+07   2.037412e-01  -1.872409e+00  -1.888546e+00   1.703808e-04   1.485540e+02   3.459134e-01
    35  -3.275051e+00  -3.292981e+00   2.270525e-04   2.593289e+06   2.040757e-01            nan  -3.746301e+00  -3.758738e+00   2.207926e-05   1.023155e+07   2.037337e-01  -1.839490e+00  -1.855638e+00   1.987134e-04   1.378916e+02   3.427370e-01
    36  -3.238418e+00  -3.256348e+00   2.583647e-04   2.170721e+06   2.041613e-01            nan  -3.720722e+00  -3.733323e+00   2.574932e-05   9.874847e+06   2.037257e-01  -1.806538e+00  -1.822702e+00   2.317439e-04   1.279153e+02   3.395107e-01
    37  -3.201786e+00  -3.219716e+00   2.916314e-04   1.802127e+06   2.042702e-01            nan  -3.694760e+00  -3.707547e+00   3.002750e-05   9.491731e+06   2.037174e-01  -1.773542e+00  -1.789727e+00   2.702475e-04   1.185772e+02   3.362456e-01
    38  -3.165154e+00  -3.183084e+00   3.267451e-04   1.483213e+06   2.044114e-01            nan  -3.668366e+00  -3.681362e+00   3.501400e-05   9.081751e+06   2.037087e-01  -1.740495e+00  -1.756704e+00   3.151260e-04   1.098501e+02   3.328991e-01
    39  -3.128521e+00  -3.146451e+00   3.639990e-04   1.214016e+06   2.045830e-01            nan  -3.641484e+00  -3.654717e+00   4.082538e-05   8.644834e+06   2.036998e-01  -1.707390e+00  -1.723627e+00   3.674284e-04   1.016956e+02   3.294744e-01
    40  -3.091889e+00  -3.109819e+00   4.035905e-04   9.894895e+05   2.047848e-01            nan  -3.614049e+00  -3.627550e+00   4.759714e-05   8.181380e+06   2.036909e-01  -1.674226e+00  -1.690492e+00   4.283742e-04   9.408802e+01   3.259332e-01
    41  -3.055257e+00  -3.073187e+00   4.439105e-04   8.027982e+05   2.050254e-01   5.072095e-01  -3.585985e+00  -3.599790e+00   5.548679e-05   7.692375e+06   2.036821e-01  -1.641000e+00  -1.657295e+00   4.993811e-04   8.699394e+01   3.222712e-01
    42  -3.018624e+00  -3.036554e+00   4.865448e-04   6.493812e+05   2.052920e-01   5.070122e-01  -3.557204e+00  -3.571356e+00   6.467734e-05   7.179503e+06   2.036737e-01  -1.607710e+00  -1.624036e+00   5.820960e-04   8.038280e+01   3.184802e-01
    43  -2.981992e+00  -2.999922e+00   5.310482e-04   5.246676e+05   2.055820e-01   5.066790e-01  -3.527606e+00  -3.542153e+00   7.538125e-05   6.645265e+06   2.036662e-01  -1.574354e+00  -1.590712e+00   6.784313e-04   7.422306e+01   3.145587e-01
    44  -2.945360e+00  -2.963290e+00   5.766962e-04   4.233363e+05   2.059187e-01   5.061022e-01  -3.497070e+00  -3.512069e+00   8.784517e-05   6.093098e+06   2.036601e-01  -1.540929e+00  -1.557320e+00   7.906065e-04   6.847997e+01   3.105405e-01
    45  -2.908728e+00  -2.926658e+00   6.251748e-04   3.417258e+05   2.062735e-01   5.053242e-01  -3.465458e+00  -3.480976e+00   1.023551e-04   5.527468e+06   2.036562e-01  -1.507428e+00  -1.523856e+00   9.211963e-04   6.312568e+01   3.064257e-01
    46  -2.872095e+00  -2.890025e+00   6.743290e-04   2.761251e+05   2.066569e-01   5.042647e-01  -3.432605e+00  -3.448721e+00   1.192428e-04   4.953947e+06   2.036555e-01  -1.473843e+00  -1.490311e+00   1.073185e-03   5.812722e+01   3.022735e-01
    47  -2.835463e+00  -2.853393e+00   7.268985e-04   2.234721e+05   2.070471e-01   5.029510e-01  -3.398320e+00  -3.415125e+00   1.388921e-04   4.379229e+06   2.036596e-01  -1.440163e+00  -1.456677e+00   1.250029e-03   5.346145e+01   2.980911e-01
    48  -2.798831e+00  -2.816761e+00   7.805581e-04   1.813553e+05   2.074396e-01   5.013456e-01  -3.362374e+00  -3.379975e+00   1.617478e-04   3.811077e+06   2.036704e-01  -1.406378e+00  -1.422942e+00   1.455730e-03   4.910456e+01   2.939115e-01
    49  -2.762198e+00  -2.780128e+00   8.378373e-04   1.474954e+05   2.078185e-01   4.994622e-01  -3.324497e+00  -3.343023e+00   1.883238e-04   3.258167e+06   2.036908e-01  -1.372475e+00  -1.389096e+00   1.694914e-03   4.503685e+01   2.897569e-01
    50  -2.725566e+00  -2.743496e+00   8.973548e-04   1.205177e+05   2.081477e-01   4.973714e-01  -3.284374e+00  -3.303973e+00   2.192140e-04   2.729802e+06   2.037248e-01  -1.338445e+00  -1.355127e+00   1.972926e-03   4.124456e+01   2.856117e-01
    51  -2.688934e+00  -2.706864e+00   9.605914e-04   9.862289e+04   2.084608e-01   4.949403e-01  -3.241635e+00  -3.262479e+00   2.551039e-04   2.235462e+06   2.037782e-01  -1.304278e+00  -1.321025e+00   2.295935e-03   3.771017e+01   2.815124e-01
    52  -2.652301e+00  -2.670232e+00   1.027527e-03   8.127268e+04   2.086217e-01   4.925871e-01  -3.195854e+00  -3.218142e+00   2.967831e-04   1.784197e+06   2.038588e-01  -1.269967e+00  -1.286783e+00   2.671048e-03   3.442426e+01   2.774229e-01
    53  -2.615669e+00  -2.633599e+00   1.098650e-03   6.698352e+04   2.088022e-01   4.897443e-01  -3.146553e+00  -3.170504e+00   3.451610e-04   1.383861e+06   2.039775e-01  -1.235509e+00  -1.252396e+00   3.106449e-03   3.137426e+01   2.733419e-01
    54  -2.579037e+00  -2.596967e+00   1.174814e-03   5.568825e+04   2.086911e-01   4.874490e-01  -3.093222e+00  -3.119070e+00   4.012824e-04   1.040258e+06   2.041488e-01  -1.200902e+00  -1.217861e+00   3.611542e-03   2.854820e+01   2.692668e-01
    55  -2.542405e+00  -2.560335e+00   1.256419e-03   4.631547e+04   2.085919e-01   4.847115e-01  -3.035359e+00  -3.063328e+00   4.663463e-04   7.563222e+05   2.043905e-01  -1.166148e+00  -1.183178e+00   4.197117e-03   2.593561e+01   2.651684e-01
    56  -2.505772e+00  -2.523702e+00   1.344126e-03   3.876900e+04   2.082055e-01   4.825854e-01  -2.972555e+00  -3.002823e+00   5.417261e-04   5.315229e+05   2.047207e-01  -1.131248e+00  -1.148348e+00   4.875535e-03   2.352323e+01   2.610711e-01
    57  -2.469140e+00  -2.487070e+00   1.439430e-03   3.251771e+04   2.077505e-01   4.803679e-01  -2.904626e+00  -2.937264e+00   6.289911e-04   3.617111e+05   2.051490e-01  -1.096205e+00  -1.113373e+00   5.660920e-03   2.130002e+01   2.569599e-01
    58  -2.432508e+00  -2.450438e+00   1.541824e-03   2.738831e+04   2.070708e-01   4.786877e-01  -2.831782e+00  -2.866679e+00   7.299314e-04   2.396062e+05   2.056569e-01  -1.061022e+00  -1.078257e+00   6.569382e-03   1.925481e+01   2.528243e-01
    59  -2.395875e+00  -2.413805e+00   1.654619e-03   2.313212e+04   2.062558e-01   4.772824e-01  -2.754783e+00  -2.791578e+00   8.465830e-04   1.559287e+05   2.061671e-01  -1.025704e+00  -1.043004e+00   7.619247e-03   1.737501e+01   2.486960e-01
    60  -2.359243e+00  -2.377173e+00   1.775841e-03   1.958606e+04   2.052939e-01   4.762874e-01  -2.674955e+00  -2.713037e+00   9.812558e-04   1.009320e+05   2.065132e-01  -9.902528e-01  -1.007617e+00   8.831303e-03   1.565058e+01   2.445579e-01
    61  -2.322611e+00  -2.340541e+00   1.910493e-03   1.662453e+04   2.041904e-01   4.757345e-01  -2.594001e+00  -2.632594e+00   1.136562e-03   6.584522e+04   2.064471e-01  -9.546748e-01  -9.720996e-01   1.022906e-02   1.407125e+01   2.404076e-01
    62  -2.285979e+00  -2.303909e+00   2.055645e-03   1.413060e+04   2.030063e-01   4.754793e-01  -2.513620e+00  -2.551953e+00   1.315444e-03   4.375877e+04   2.057134e-01  -9.189728e-01  -9.364571e-01   1.183900e-02   1.262624e+01   2.362702e-01
    63  -2.249346e+00  -2.267276e+00   2.217131e-03   1.202913e+04   2.017338e-01   4.755826e-01  -2.435142e+00  -2.472610e+00   1.521208e-03   2.980170e+04   2.041674e-01  -8.831517e-01  -9.006931e-01   1.369088e-02   1.130671e+01   2.321297e-01
    64  -2.212714e+00  -2.230644e+00   2.392118e-03   1.024643e+04   2.004346e-01   4.758588e-01  -2.359345e+00  -2.395592e+00   1.757548e-03   2.081863e+04   2.018498e-01  -8.472172e-01  -8.648129e-01   1.581793e-02   1.010393e+01   2.279813e-01
    65  -2.176082e+00  -2.194012e+00   2.586113e-03   8.732941e+03   1.991188e-01   4.762698e-01  -2.286489e+00  -2.321391e+00   2.028572e-03   1.487664e+04   1.989614e-01  -8.111734e-01  -8.288215e-01   1.825715e-02   9.008856e+00   2.238466e-01
    66  -2.139449e+00  -2.157379e+00   2.797497e-03   7.441966e+03   1.978238e-01   4.766917e-01  -2.216460e+00  -2.250065e+00   2.338830e-03   1.082504e+04   1.957689e-01  -7.750261e-01  -7.927238e-01   2.104947e-02   8.013913e+00   2.197121e-01
    67  -2.102817e+00  -2.120747e+00   3.030495e-03   6.342148e+03   1.965620e-01   4.770421e-01  -2.148942e+00  -2.181390e+00   2.693323e-03   7.982541e+03   1.925106e-01  -7.387824e-01  -7.565263e-01   2.423991e-02   7.111825e+00   2.155655e-01
    68  -2.066185e+00  -2.084115e+00   3.285464e-03   5.399856e+03   1.953570e-01   4.772439e-01  -2.083540e+00  -2.115011e+00   3.097518e-03   5.940529e+03   1.893403e-01  -7.024487e-01  -7.202357e-01   2.787766e-02   6.295292e+00   2.114254e-01
    69  -2.029552e+00  -2.047483e+00   3.564948e-03   4.597126e+03   1.942026e-01   4.772696e-01  -2.019873e+00  -2.050541e+00   3.557342e-03   4.447154e+03   1.863161e-01  -6.660328e-01  -6.838592e-01   3.201608e-02   5.557824e+00   2.072830e-01
    70  -1.992920e+00  -2.010850e+00   3.871415e-03   3.908230e+03   1.931155e-01   4.771100e-01  -1.957604e+00  -1.987623e+00   4.079169e-03   3.341254e+03   1.834216e-01  -6.295438e-01  -6.474052e-01   3.671252e-02   4.893366e+00   2.031270e-01
    71  -1.956288e+00  -1.974218e+00   4.206125e-03   3.321112e+03   1.920800e-01   4.767981e-01  -1.896457e+00  -1.925955e+00   4.669785e-03   2.515273e+03   1.806078e-01  -5.929926e-01  -6.108838e-01   4.202806e-02   4.296170e+00   1.989542e-01
    72  -1.919656e+00  -1.937586e+00   4.572852e-03   2.819458e+03   1.911004e-01   4.763589e-01  -1.836207e+00  -1.865288e+00   5.336336e-03   1.894640e+03   1.778377e-01  -5.563900e-01  -5.743058e-01   4.802703e-02   3.760680e+00   1.947713e-01
    73  -1.883023e+00  -1.900953e+00   4.972925e-03   2.390807e+03   1.901715e-01   4.758374e-01  -1.776661e+00  -1.805415e+00   6.086254e-03   1.426246e+03   1.751122e-01  -5.197492e-01  -5.376833e-01   5.477629e-02   3.281900e+00   1.905671e-01
    74  -1.846391e+00  -1.864321e+00   5.409741e-03   2.026598e+03   1.892969e-01   4.752062e-01  -1.717654e+00  -1.746156e+00   6.927149e-03   1.071745e+03   1.724639e-01  -4.830855e-01  -5.010306e-01   6.234434e-02   2.855124e+00   1.863304e-01
    75  -1.809759e+00  -1.827689e+00   5.885576e-03   1.714551e+03   1.884871e-01   4.744772e-01  -1.659049e+00  -1.687364e+00   7.866679e-03   8.032544e+02   1.699214e-01  -4.464166e-01  -4.643642e-01   7.080011e-02   2.475896e+00   1.820579e-01
    76  -1.773126e+00  -1.791056e+00   6.404395e-03   1.449776e+03   1.877500e-01   4.735625e-01  -1.600757e+00  -1.628926e+00   8.912390e-03   6.002961e+02   1.674655e-01  -4.097611e-01  -4.277023e-01   8.021151e-02   2.139963e+00   1.777520e-01
    77  -1.736494e+00  -1.754424e+00   6.967781e-03   1.224605e+03   1.870922e-01   4.723473e-01  -1.542752e+00  -1.570787e+00   1.007152e-02   4.475226e+02   1.650077e-01  -3.731405e-01  -3.910649e-01   9.064369e-02   1.843436e+00   1.734025e-01
    78  -1.699862e+00  -1.717792e+00   7.580319e-03   1.032858e+03   1.865404e-01   4.707319e-01  -1.485072e+00  -1.512955e+00   1.135078e-02   3.331070e+02   1.624166e-01  -3.365789e-01  -3.544750e-01   1.021570e-01   1.582658e+00   1.690001e-01
    79  -1.663230e+00  -1.681160e+00   8.246311e-03   8.708338e+02   1.860661e-01   4.686781e-01  -1.427789e+00  -1.455486e+00   1.275612e-02   2.477400e+02   1.595915e-01  -3.001034e-01  -3.179583e-01   1.148050e-01   1.354191e+00   1.645406e-01
    80  -1.626597e+00  -1.644527e+00   8.966319e-03   7.332293e+02   1.856925e-01   4.661251e-01  -1.370964e+00  -1.398448e+00   1.429243e-02   1.841082e+02   1.565295e-01  -2.637422e-01  -2.815424e-01   1.286319e-01   1.154773e+00   1.600283e-01
    81  -1.589965e+00  -1.607895e+00   9.748967e-03   6.171295e+02   1.853703e-01   4.631990e-01  -1.314616e+00  -1.341877e+00   1.596333e-02   1.366113e+02   1.533310e-01  -2.275266e-01  -2.452570e-01   1.436700e-01   9.814154e-01   1.554572e-01
    82  -1.553333e+00  -1.571263e+00   1.059635e-02   5.194212e+02   1.850959e-01   4.599092e-01  -1.258714e+00  -1.285766e+00   1.777087e-02   1.010975e+02   1.501406e-01  -1.914901e-01  -2.091346e-01   1.599378e-01   8.313321e-01   1.508228e-01
    83  -1.516700e+00  -1.534630e+00   1.151344e-02   4.368893e+02   1.847956e-01   4.567381e-01  -1.203205e+00  -1.230073e+00   1.971527e-02   7.454680e+01   1.470722e-01  -1.556680e-01  -1.732098e-01   1.774374e-01   7.019265e-01   1.461288e-01
    84  -1.480068e+00  -1.497998e+00   1.251034e-02   3.676383e+02   1.844831e-01   4.536272e-01  -1.148050e+00  -1.174753e+00   2.179475e-02   5.475415e+01   1.441662e-01  -1.200965e-01  -1.375182e-01   1.961527e-01   5.907926e-01   1.413831e-01
    85  -1.443436e+00  -1.461366e+00   1.358746e-02   3.094478e+02   1.841379e-01   4.507909e-01  -1.093250e+00  -1.119787e+00   2.400535e-02   4.007511e+01   1.413904e-01  -8.481331e-02  -1.020967e-01   2.160481e-01   4.957453e-01   1.365872e-01
    86  -1.406803e+00  -1.424733e+00   1.475617e-02   2.604258e+02   1.837303e-01   4.485741e-01  -1.038848e+00  -1.065198e+00   2.634082e-02   2.925089e+01   1.386763e-01  -4.985673e-02  -6.698341e-02   2.370673e-01   4.147844e-01   1.317470e-01
    87  -1.370171e+00  -1.388101e+00   1.602712e-02   2.192512e+02   1.833315e-01   4.466233e-01  -9.849128e-01  -1.011044e+00   2.879262e-02   2.130727e+01   1.359708e-01  -1.526367e-02  -3.221586e-02   2.591336e-01   3.460757e-01   1.268815e-01
    88  -1.333539e+00  -1.351469e+00   1.739783e-02   1.845509e+02   1.829319e-01   4.450588e-01  -9.315127e-01  -9.573925e-01   3.134998e-02   1.549577e+01   1.332555e-01   1.892902e-02   2.169091e-03   2.821498e-01   2.879910e-01   1.219983e-01
    89  -1.296907e+00  -1.314837e+00   1.888690e-02   1.552563e+02   1.826020e-01   4.436761e-01  -8.787013e-01  -9.043048e-01   3.400006e-02   1.125203e+01   1.305398e-01   5.268605e-02   3.613544e-02   3.060005e-01   2.390644e-01   1.171123e-01
    90  -1.260274e+00  -1.278204e+00   2.050468e-02   1.306377e+02   1.823376e-01   4.422418e-01  -8.265104e-01  -8.518224e-01   3.672816e-02   8.156781e+00   1.278405e-01   8.597513e-02   6.964947e-02   3.305535e-01   1.979876e-01   1.122443e-01
    91  -1.223642e+00  -1.241572e+00   2.224694e-02   1.098464e+02   1.821841e-01   4.406197e-01  -7.749509e-01  -7.999660e-01   3.951809e-02   5.901562e+00   1.251747e-01   1.187657e-01   1.026798e-01   3.556628e-01   1.636179e-01   1.074065e-01
    92  -1.187010e+00  -1.204940e+00   2.413952e-02   9.234092e+01   1.821340e-01   4.386744e-01  -7.240124e-01  -7.487353e-01   4.235249e-02   4.259966e+00   1.225537e-01   1.510320e-01   1.351984e-01   3.811724e-01   1.349411e-01   1.026236e-01
    93  -1.150377e+00  -1.168307e+00   2.619386e-02   7.766342e+01   1.821392e-01   4.364365e-01  -6.736679e-01  -6.981111e-01   4.521329e-02   3.066579e+00   1.199880e-01   1.827508e-01   1.671809e-01   4.069196e-01   1.110850e-01   9.791001e-02
    94  -1.113745e+00  -1.131675e+00   2.840665e-02   6.530960e+01   1.822195e-01   4.338877e-01  -6.238713e-01  -6.480563e-01   4.808216e-02   2.200217e+00   1.174832e-01   2.139037e-01   1.986065e-01   4.327394e-01   9.128910e-02   9.328584e-02
    95  -1.077113e+00  -1.095043e+00   3.081275e-02   5.495197e+01   1.823083e-01   4.311576e-01  -5.745598e-01  -5.985161e-01   5.094094e-02   1.572410e+00   1.150441e-01   2.444764e-01   2.294590e-01   4.584685e-01   7.490272e-02   8.876693e-02
    96  -1.040481e+00  -1.058411e+00   3.342854e-02   4.628480e+01   1.823708e-01   4.283025e-01  -5.256550e-01  -5.494194e-01   5.377208e-02   1.118547e+00   1.126737e-01   2.744587e-01   2.597262e-01   4.839488e-01   6.136840e-02   8.436887e-02
    97  -1.003848e+00  -1.021778e+00   3.625210e-02   3.900758e+01   1.823979e-01   4.254659e-01  -4.770604e-01  -5.006784e-01   5.655903e-02   7.913341e-01   1.103738e-01   3.038449e-01   2.894003e-01   5.090312e-01   5.021235e-02   8.010539e-02
    98  -9.672159e-01  -9.851459e-01   3.932890e-02   3.290296e+01   1.823566e-01   4.226518e-01  -4.286626e-01  -4.521877e-01   5.928652e-02   5.562707e-01   1.081481e-01   3.326331e-01   3.184775e-01   5.335787e-01   4.103398e-02   7.598726e-02
    99  -9.305836e-01  -9.485136e-01   4.268416e-02   2.778582e+01   1.822281e-01   4.198412e-01  -3.803320e-01  -4.038253e-01   6.194091e-02   3.881537e-01   1.059980e-01   3.608257e-01   3.469581e-01   5.574682e-01   3.349524e-02   7.202433e-02
   100  -8.939513e-01  -9.118813e-01   4.631656e-02   2.348182e+01   1.820093e-01   4.170908e-01  -3.319175e-01  -3.554504e-01   6.451030e-02   2.685290e-01   1.039273e-01   3.884281e-01   3.748461e-01   5.805927e-01   2.731313e-02   6.822256e-02
   101  -8.573190e-01  -8.752491e-01   5.028097e-02   1.985628e+01   1.816904e-01   4.143408e-01  -2.832469e-01  -3.069007e-01   6.698469e-02   1.839449e-01   1.019433e-01   4.154496e-01   4.021490e-01   6.028622e-01   2.225037e-02   6.458757e-02
   102  -8.206867e-01  -8.386168e-01   5.461215e-02   1.680605e+01   1.812489e-01   4.115468e-01  -2.341311e-01  -2.579950e-01   6.935597e-02   1.246045e-01   1.000513e-01   4.419019e-01   4.288771e-01   6.242038e-01   1.810991e-02   6.112082e-02
   103  -7.840544e-01  -8.019845e-01   5.932491e-02   1.423454e+01   1.806748e-01   4.086940e-01  -1.843554e-01  -2.085305e-01   7.161799e-02   8.334016e-02   9.826190e-02   4.677998e-01   4.550439e-01   6.445619e-01   1.472741e-02   5.782421e-02
   104  -7.474221e-01  -7.653522e-01   6.446350e-02   1.205697e+01   1.799789e-01   4.057561e-01  -1.336882e-01  -1.582833e-01   7.376638e-02   5.495683e-02   9.658881e-02   4.931597e-01   4.806648e-01   6.638974e-01   1.196735e-02   5.469537e-02
   105  -7.107898e-01  -7.287199e-01   7.008285e-02   1.021818e+01   1.791252e-01   4.026717e-01  -8.189393e-02  -1.070194e-01   7.579851e-02   3.568725e-02   9.503871e-02   5.180006e-01   5.057577e-01   6.821866e-01   9.717118e-03   5.173328e-02
   106  -6.741576e-01  -6.920876e-01   7.622705e-02   8.663167e+00   1.781027e-01   3.994155e-01  -2.874130e-02  -5.450496e-02   7.771330e-02   2.279801e-02   9.361936e-02   5.423424e-01   5.303420e-01   6.994197e-01   7.884398e-03   4.893289e-02
   107  -6.375253e-01  -6.554553e-01   8.290751e-02   7.343796e+00   1.769167e-01   3.959404e-01   2.592954e-02  -5.461721e-04   7.951106e-02   1.433514e-02   9.229853e-02   5.662070e-01   5.544386e-01   7.155996e-01   6.392790e-03   4.629073e-02
   108  -6.008930e-01  -6.188230e-01   9.021126e-02   6.224022e+00   1.755527e-01   3.921763e-01   8.215808e-02   5.495317e-02   8.119333e-02   8.889214e-03   9.100740e-02   5.896167e-01   5.780696e-01   7.307399e-01   5.179831e-03   4.380053e-02
   109  -5.642607e-01  -5.821907e-01   9.819318e-02   5.274214e+00   1.739919e-01   3.880951e-01   1.397455e-01   1.119056e-01   8.276263e-02   5.463202e-03   8.957989e-02   6.125950e-01   6.012578e-01   7.448636e-01   4.194132e-03   4.145665e-02
   110  -5.276284e-01  -5.455584e-01   1.069040e-01   4.467724e+00   1.722261e-01   3.836377e-01   1.981364e-01   1.699216e-01   8.422234e-02   3.356948e-03   8.773003e-02   6.351657e-01   6.240270e-01   7.580011e-01   3.393670e-03   3.925258e-02
   111  -4.909961e-01  -5.089261e-01   1.163729e-01   3.781159e+00   1.702648e-01   3.787088e-01   2.564132e-01   2.282516e-01   8.557652e-02   2.085505e-03   8.511445e-02   6.573529e-01   6.464010e-01   7.701887e-01   2.744083e-03   3.718126e-02
   112  -4.543638e-01  -4.722938e-01   1.266973e-01   3.197201e+00   1.680909e-01   3.732204e-01   3.134573e-01   2.858712e-01   8.682971e-02   1.324275e-03   8.148895e-02   6.791810e-01   6.684041e-01   7.814674e-01   2.217247e-03   3.523629e-02
   113  -4.177315e-01  -4.356615e-01   1.379408e-01   2.700696e+00   1.656970e-01   3.671270e-01   3.682569e-01   3.417209e-01   8.798682e-02   8.654106e-04   7.688510e-02   7.006744e-01   6.900607e-01   7.918814e-01   1.790264e-03   3.341032e-02
   114  -3.810992e-01  -3.990292e-01   1.501646e-01   2.278418e+00   1.630799e-01   3.603394e-01   4.201565e-01   3.949815e-01   8.905301e-02   5.827864e-04   7.161158e-02   7.218570e-01   7.113948e-01   8.014771e-01   1.444425e-03   3.169662e-02
   115  -3.444669e-01  -3.623969e-01   1.633896e-01   1.918913e+00   1.602471e-01   3.526976e-01   4.689058e-01   4.452148e-01   9.003354e-02   4.033068e-04   6.607920e-02   7.427529e-01   7.324306e-01   8.103019e-01   1.164494e-03   3.008846e-02
   116  -3.078346e-01  -3.257646e-01   1.777226e-01   1.613156e+00   1.571924e-01   3.440597e-01   5.145568e-01   4.923308e-01   9.093373e-02   2.855455e-04   6.063298e-02   7.633852e-01   7.531916e-01   8.184036e-01   9.380730e-04   2.857902e-02
   117  -2.712023e-01  -2.891323e-01   1.932240e-01   1.353430e+00   1.539145e-01   3.343704e-01   5.573267e-01   5.364680e-01   9.175884e-02   2.059452e-04   5.549042e-02   7.837770e-01   7.737008e-01   8.258295e-01   7.550581e-04   2.716208e-02
   118  -2.345700e-01  -2.525000e-01   2.099480e-01   1.132964e+00   1.504158e-01   3.235079e-01   5.974978e-01   5.778766e-01   9.251402e-02   1.507626e-04   5.075338e-02   8.039503e-01   7.939808e-01   8.326262e-01   6.072389e-04   2.583145e-02
   119  -1.979377e-01  -2.158677e-01   2.278911e-01   9.459155e-01   1.467053e-01   3.112136e-01   6.353631e-01   6.168430e-01   9.320429e-02   1.116943e-04   4.645227e-02   8.239266e-01   8.140533e-01   8.388386e-01   4.879408e-04   2.458113e-02
   120  -1.613054e-01  -1.792354e-01   2.471490e-01   7.875096e-01   1.427862e-01   2.973159e-01   6.712003e-01   6.536512e-01   9.383445e-02   8.355056e-05   4.257861e-02   8.437267e-01   8.339395e-01   8.445100e-01   3.917364e-04   2.340563e-02
   121  -1.246731e-01  -1.426031e-01   2.677545e-01   6.536380e-01   1.386651e-01   2.818033e-01   7.052544e-01   6.885610e-01   9.440910e-02   6.299995e-05   3.910176e-02   8.633703e-01   8.536596e-01   8.496819e-01   3.142201e-04   2.229964e-02
   122  -8.804083e-02  -1.059709e-01   2.897017e-01   5.407170e-01   1.343503e-01   2.645572e-01   7.377424e-01   7.218021e-01   9.493262e-02   4.781683e-05   3.598477e-02   8.828764e-01   8.732329e-01   8.543935e-01   2.518162e-04   2.125811e-02
   123  -5.140853e-02  -6.933856e-02   3.129832e-01   4.456491e-01   1.298572e-01   2.451255e-01   7.688535e-01   7.535765e-01   9.540910e-02   3.649106e-05   3.319016e-02   9.022630e-01   8.926779e-01   8.586819e-01   2.016230e-04   2.027636e-02
   124  -1.477624e-02  -3.270626e-02   3.376167e-01   3.658623e-01   1.251992e-01   2.238248e-01   7.987509e-01   7.840594e-01   9.584241e-02   2.797549e-05   3.068060e-02   9.215469e-01   9.120119e-01   8.625817e-01   1.612876e-04   1.935007e-02
   125   2.185606e-02   3.926032e-03   3.635178e-01   2.990243e-01   1.203777e-01   2.005345e-01   8.275775e-01   8.134033e-01   9.623618e-02   2.152870e-05   2.842376e-02   9.407442e-01   9.312516e-01   8.661256e-01   1.289043e-04   1.847514e-02
   126   5.848835e-02   4.055833e-02   3.906258e-01   2.432520e-01   1.154189e-01   1.752408e-01   8.554573e-01   8.417411e-01   9.659376e-02   1.662042e-05   2.638935e-02   9.598700e-01   9.504124e-01   8.693438e-01   1.029299e-04   1.764777e-02
   127   9.512065e-02   7.719062e-02   4.189167e-01   1.969042e-01   1.103492e-01   1.484902e-01   8.824986e-01   8.691884e-01   9.691827e-02   1.286542e-05   2.455137e-02   9.789381e-01   9.695087e-01   8.722644e-01   8.211567e-05   1.686448e-02
   128   1.317529e-01   1.138229e-01   4.482615e-01   1.585390e-01   1.051928e-01   1.201549e-01   9.087976e-01   8.958472e-01   9.721261e-02   9.980583e-06   2.288689e-02   9.979616e-01   9.885540e-01   8.749135e-01   6.545233e-05   1.612209e-02
   129   1.683852e-01   1.504552e-01   4.785253e-01   1.269344e-01   9.997369e-02   9.187985e-02   9.344377e-01   9.218068e-01   9.747945e-02   7.756994e-06   2.137537e-02   1.016953e+00   1.007561e+00   8.773151e-01   5.212482e-05   1.541763e-02
   130   2.050175e-01   1.870875e-01   5.095930e-01   1.010166e-01   9.472372e-02   6.351119e-02   9.594933e-01   9.471462e-01   9.772124e-02   6.037876e-06   1.999950e-02   1.035922e+00   1.026541e+00   8.794912e-01   4.147541e-05   1.474841e-02
   131   2.416498e-01   2.237198e-01   5.412583e-01   7.987477e-02   8.947480e-02   3.527567e-02   9.840309e-01   9.719354e-01   9.794025e-02   4.705492e-06   1.874376e-02   1.054881e+00   1.045505e+00   8.814623e-01   3.297389e-05   1.411196e-02
   132   2.782821e-01   2.603521e-01   5.731957e-01   6.272858e-02   8.424564e-02   1.035762e-02   1.008109e+00   9.962366e-01   9.813854e-02   3.670846e-06   1.759453e-02   1.073837e+00   1.064462e+00   8.832469e-01   2.619330e-05   1.350605e-02
   133   3.149144e-01   2.969844e-01   6.051938e-01   4.885382e-02   7.904862e-02  -1.393499e-02   1.031779e+00   1.020105e+00   9.831802e-02   2.865992e-06   1.654018e-02   1.092800e+00   1.083422e+00   8.848622e-01   2.079018e-05   1.292863e-02
   134   3.515467e-01   3.336167e-01   6.371221e-01   3.775724e-02   7.394409e-02  -3.509820e-02   1.055088e+00   1.043590e+00   9.848042e-02   2.239010e-06   1.557042e-02   1.111778e+00   1.102393e+00   8.863237e-01   1.648855e-05   1.237786e-02
   135   3.881790e-01   3.702490e-01   6.687744e-01   2.894765e-02   6.896043e-02  -5.232511e-02   1.078079e+00   1.066736e+00   9.862732e-02   1.750039e-06   1.467612e-02   1.130777e+00   1.121381e+00   8.876458e-01   1.306685e-05   1.185204e-02
   136   4.248113e-01   4.068813e-01   6.994766e-01   2.198795e-02   6.411281e-02  -6.777498e-02   1.100787e+00   1.089582e+00   9.876016e-02   1.368367e-06   1.384940e-02   1.149804e+00   1.140394e+00   8.888415e-01   1.034740e-05   1.134964e-02
   137   4.614436e-01   4.435136e-01   7.293874e-01   1.654051e-02   5.942730e-02  -8.060170e-02   1.123247e+00   1.112163e+00   9.888027e-02   1.070222e-06   1.308337e-02   1.168864e+00   1.159438e+00   8.899225e-01   8.187887e-06   1.086927e-02
   138   4.980759e-01   4.801459e-01   7.580853e-01   1.232998e-02   5.494035e-02  -8.957555e-02   1.145489e+00   1.134510e+00   9.898885e-02   8.371888e-07   1.237194e-02   1.187962e+00   1.178518e+00   8.908996e-01   6.474415e-06   1.040966e-02
   139   5.347082e-01   5.167782e-01   7.852901e-01   9.086333e-03   5.064928e-02  -9.708891e-02   1.167538e+00   1.156653e+00   9.908698e-02   6.549684e-07   1.170976e-02   1.207104e+00   1.197639e+00   8.917828e-01   5.115939e-06   9.969668e-03
   140   5.713405e-01   5.534105e-01   8.109142e-01   6.631521e-03   4.659459e-02  -1.027131e-01   1.189420e+00   1.178617e+00   9.917565e-02   5.124346e-07   1.109211e-02   1.226293e+00   1.216804e+00   8.925808e-01   4.039747e-06   9.548234e-03
   141   6.079728e-01   5.900428e-01   8.347053e-01   4.782227e-03   4.276926e-02  -1.068185e-01   1.211155e+00   1.200423e+00   9.925576e-02   4.009196e-07   1.051485e-02   1.245532e+00   1.236019e+00   8.933019e-01   3.187829e-06   9.144399e-03
   142   6.446051e-01   6.266751e-01   8.565288e-01   3.412755e-03   3.919485e-02  -1.093316e-01   1.232763e+00   1.222093e+00   9.932813e-02   3.136597e-07   9.974346e-03   1.264824e+00   1.255285e+00   8.939532e-01   2.513944e-06   8.757280e-03
   143   6.812374e-01   6.633073e-01   8.764612e-01   2.406759e-03   3.586730e-02  -1.105593e-01   1.254261e+00   1.243645e+00   9.939350e-02   2.453733e-07   9.467371e-03   1.284172e+00   1.274606e+00   8.945415e-01   1.981271e-06   8.386072e-03
   144   7.178697e-01   6.999396e-01   8.942740e-01   1.678201e-03   3.279000e-02  -1.105458e-01   1.275665e+00   1.265095e+00   9.945254e-02   1.919335e-07   8.991073e-03   1.303579e+00   1.293984e+00   8.950729e-01   1.560513e-06   8.030028e-03
   145   7.545020e-01   7.365719e-01   9.100945e-01   1.157509e-03   2.995879e-02  -1.093869e-01   1.296988e+00   1.286457e+00   9.950586e-02   1.501132e-07   8.542918e-03   1.323045e+00   1.313421e+00   8.955527e-01   1.228385e-06   7.688464e-03
   146   7.911343e-01   7.732042e-01   9.240337e-01   7.897881e-04   2.736516e-02  -1.071746e-01   1.318243e+00   1.307745e+00   9.955400e-02   1.173879e-07   8.120656e-03   1.342573e+00   1.332919e+00   8.959860e-01   9.663916e-07   7.360745e-03
   147   8.277666e-01   8.098365e-01   9.361741e-01   5.331099e-04   2.499919e-02  -1.039540e-01   1.339440e+00   1.328971e+00   9.959747e-02   9.178222e-08   7.722284e-03   1.362163e+00   1.352478e+00   8.963772e-01   7.598561e-07   7.046282e-03
   148   8.643988e-01   8.464688e-01   9.466307e-01   3.564306e-04   2.284694e-02  -9.976540e-02   1.360590e+00   1.350144e+00   9.963672e-02   7.174957e-08   7.346014e-03   1.381816e+00   1.372100e+00   8.967304e-01   5.971420e-07   6.744528e-03
   149   9.010311e-01   8.831011e-01   9.555344e-01   2.362200e-04   2.089309e-02  -9.477589e-02   1.381702e+00   1.371274e+00   9.967214e-02   5.607929e-08   6.990249e-03   1.401532e+00   1.391786e+00   8.970493e-01   4.690302e-07   6.454973e-03
   150   9.376634e-01   9.197334e-01   9.630665e-01   1.553285e-04   1.912137e-02  -8.913696e-02   1.402782e+00   1.392370e+00   9.970413e-02   4.382344e-08   6.653555e-03   1.421312e+00   1.411535e+00   8.973371e-01   3.682223e-07   6.177142e-03
   151   9.742957e-01   9.563657e-01   9.694058e-01   1.014330e-04   1.751494e-02  -8.305159e-02   1.423838e+00   1.413438e+00   9.973300e-02   3.423977e-08   6.334643e-03   1.441155e+00   1.431347e+00   8.975970e-01   2.889451e-07   5.910588e-03
   152   1.010928e+00   9.929980e-01   9.747124e-01   6.585354e-05   1.605763e-02  -7.666205e-02   1.444876e+00   1.434485e+00   9.975905e-02   2.674711e-08   6.032356e-03   1.461061e+00   1.451222e+00   8.978315e-01   2.266349e-07   5.654895e-03
   153   1.047560e+00   1.029630e+00   9.791286e-01   4.254708e-05   1.473404e-02  -7.021437e-02   1.465900e+00   1.455515e+00   9.978257e-02   2.089040e-08   5.745646e-03   1.481028e+00   1.471159e+00   8.980432e-01   1.776872e-07   5.409672e-03
   154   1.084193e+00   1.066263e+00   9.827917e-01   2.738383e-05   1.353002e-02  -6.379780e-02   1.486916e+00   1.476535e+00   9.980380e-02   1.631340e-08   5.473565e-03   1.501056e+00   1.491158e+00   8.982342e-01   1.392565e-07   5.174551e-03
   155   1.120825e+00   1.102895e+00   9.858204e-01   1.757122e-05   1.243297e-02  -5.765987e-02   1.507925e+00   1.497548e+00   9.982296e-02   1.273726e-08   5.215255e-03   1.521144e+00   1.511216e+00   8.984066e-01   1.090984e-07   4.949187e-03
   156   1.157457e+00   1.139527e+00   9.883175e-01   1.125001e-05   1.143168e-02  -5.179766e-02   1.528932e+00   1.518556e+00   9.984025e-02   9.943725e-09   4.969939e-03   1.541287e+00   1.531332e+00   8.985622e-01   8.544386e-08   4.733258e-03
   157   1.194090e+00   1.176159e+00   9.903751e-01   7.191785e-06   1.051624e-02  -4.632620e-02   1.549938e+00   1.539562e+00   9.985585e-02   7.761993e-09   4.736911e-03   1.561486e+00   1.551504e+00   8.987027e-01   6.689905e-08   4.526463e-03
   158   1.230722e+00   1.212792e+00   9.920681e-01   4.593029e-06   9.678056e-03  -4.131120e-02   1.570945e+00   1.560569e+00   9.986993e-02   6.058443e-09   4.515529e-03   1.581736e+00   1.571729e+00   8.988294e-01   5.236676e-08   4.328519e-03
   159   1.267354e+00   1.249424e+00   9.934597e-01   2.931944e-06   8.909570e-03  -3.671656e-02   1.591952e+00   1.581576e+00   9.988264e-02   4.728547e-09   4.305211e-03   1.602033e+00   1.592003e+00   8.989438e-01   4.098368e-08   4.139167e-03
   160   1.303986e+00   1.286056e+00   9.946046e-01   1.871415e-06   8.204227e-03  -3.255099e-02   1.612960e+00   1.602583e+00   9.989411e-02   3.690560e-09   4.105432e-03   1.622375e+00   1.612323e+00   8.990470e-01   3.207100e-08   3.958164e-03
   161   1.340619e+00   1.322689e+00   9.955423e-01   1.194728e-06   7.556295e-03  -2.884041e-02   1.633967e+00   1.623590e+00   9.990446e-02   2.880565e-09   3.915713e-03   1.642755e+00   1.632684e+00   8.991401e-01   2.509523e-08   3.785293e-03
   162   1.377251e+00   1.359321e+00   9.963131e-01   7.630796e-07   6.960652e-03  -2.550792e-02   1.654970e+00   1.644595e+00   9.991379e-02   2.248599e-09   3.735627e-03   1.663167e+00   1.653081e+00   8.992241e-01   1.963739e-08   3.620355e-03
   163   1.413883e+00   1.395953e+00   9.969484e-01   4.877031e-07   6.412803e-03  -2.252773e-02   1.675966e+00   1.665595e+00   9.992222e-02   1.755615e-09   3.564791e-03   1.683606e+00   1.673507e+00   8.993000e-01   1.536855e-08   3.463175e-03
   164   1.450516e+00   1.432586e+00   9.974726e-01   3.119536e-07   5.908760e-03  -1.988051e-02   1.696951e+00   1.686585e+00   9.992982e-02   1.371103e-09   3.402864e-03   1.704061e+00   1.693954e+00   8.993684e-01   1.203066e-08   3.313601e-03
   165   1.487148e+00   1.469218e+00   9.979055e-01   1.997276e-07   5.444980e-03  -1.753765e-02   1.717917e+00   1.707560e+00   9.993668e-02   1.071232e-09   3.249549e-03   1.724524e+00   1.714413e+00   8.994301e-01   9.421359e-09   3.171507e-03
   166   1.523780e+00   1.505850e+00   9.982630e-01   1.280094e-07   5.018277e-03  -1.544503e-02   1.738856e+00   1.728513e+00   9.994287e-02   8.373930e-10   3.104590e-03   1.744983e+00   1.734874e+00   8.994858e-01   7.382030e-09   3.036794e-03
   167   1.560412e+00   1.542482e+00   9.985581e-01   8.213443e-08   4.625815e-03  -1.356980e-02   1.759759e+00   1.749433e+00   9.994845e-02   6.550546e-10   2.967772e-03   1.765424e+00   1.755324e+00   8.995361e-01   5.788418e-09   2.909391e-03
   168   1.597045e+00   1.579115e+00   9.988011e-01   5.276145e-08   4.265085e-03  -1.189062e-02   1.780613e+00   1.770311e+00   9.995349e-02   5.128760e-10   2.838923e-03   1.785830e+00   1.775747e+00   8.995814e-01   4.543228e-09   2.789259e-03
   169   1.633677e+00   1.615747e+00   9.990029e-01   3.393492e-08   3.933855e-03  -1.038129e-02   1.801402e+00   1.791132e+00   9.995804e-02   4.020072e-10   2.717910e-03   1.806184e+00   1.796126e+00   8.996223e-01   3.570304e-09   2.676390e-03
   170   1.670309e+00   1.652379e+00   9.991706e-01   2.185527e-08   3.630176e-03  -8.987509e-03   1.822109e+00   1.811879e+00   9.996214e-02   3.155435e-10   2.604646e-03   1.826461e+00   1.816441e+00   8.996593e-01   2.810068e-09   2.570811e-03
   171   1.706942e+00   1.689012e+00   9.993101e-01   1.409673e-08   3.352519e-03  -7.629465e-03   1.842712e+00   1.832533e+00   9.996584e-02   2.480998e-10   2.499083e-03   1.846637e+00   1.836666e+00   8.996926e-01   2.215929e-09   2.472585e-03
   172   1.743574e+00   1.725644e+00   9.994261e-01   9.106860e-09   3.099431e-03  -6.309185e-03   1.863185e+00   1.853069e+00   9.996918e-02   1.954766e-10   2.401216e-03   1.866682e+00   1.856775e+00   8.997226e-01   1.751465e-09   2.381812e-03
   173   1.780206e+00   1.762276e+00   9.995223e-01   5.893797e-09   2.869830e-03  -4.990409e-03   1.883498e+00   1.873460e+00   9.997219e-02   1.544003e-10   2.311085e-03   1.886561e+00   1.876735e+00   8.997498e-01   1.388216e-09   2.298625e-03
   174   1.816839e+00   1.798908e+00   9.996028e-01   3.822243e-09   2.662947e-03  -3.572241e-03   1.903618e+00   1.893674e+00   9.997491e-02   1.223192e-10   2.228767e-03   1.906235e+00   1.896509e+00   8.997742e-01   1.103952e-09   2.223195e-03
   175   1.853471e+00   1.835541e+00   9.996704e-01   2.485001e-09   2.478583e-03  -1.904581e-03   1.923505e+00   1.913675e+00   9.997737e-02   9.724462e-11   2.154382e-03   1.925662e+00   1.916057e+00   8.997963e-01   8.813155e-10   2.155723e-03
   176   1.890103e+00   1.872173e+00   9.997272e-01   1.620671e-09   2.317309e-03   2.192039e-04   1.943117e+00   1.933422e+00   9.997958e-02   7.762621e-11   2.088116e-03   1.944794e+00   1.935333e+00   8.998162e-01   7.067553e-10   2.096440e-03
   177   1.926735e+00   1.908805e+00   9.997751e-01   1.060950e-09   2.179712e-03   2.734237e-03   1.962409e+00   1.952870e+00   9.998158e-02   6.224765e-11   2.030486e-03   1.963581e+00   1.954289e+00   8.998342e-01   5.696773e-10   2.045673e-03
   178   1.963368e+00   1.945438e+00   9.998157e-01   6.977476e-10   2.067583e-03   5.917421e-03   1.981353e+00   1.971984e+00   9.998338e-02   5.011800e-11   1.983944e-03   1.981979e+00   1.972877e+00   8.998504e-01   4.616186e-10   2.004668e-03
   179   2.000000e+00   1.982070e+00   9.998500e-01   4.602100e-10   1.990346e-03   8.216582e-03   2.000000e+00   1.990777e+00   9.998500e-02   4.034792e-11   1.957979e-03   2.000000e+00   1.991083e+00   8.998650e-01   3.749355e-10   1.980709e-03
