     i          log_r       log_rmid          m_tot        rho_tot         v2_tot            eta     lgr[heavy]    lgrm[heavy]       m[heavy]     rho[heavy]      v2[heavy]     lgr[light]    lgrm[light]       m[light]     rho[light]      v2[light]
     0  -4.034716e+00  -4.335746e+00   1.017487e-07   3.849618e+05   1.674232e-01            nan  -4.034716e+00  -4.335746e+00   9.998500e-08   3.812438e+05   1.658444e-01  -2.941674e+00  -3.242704e+00   8.998650e-07   1.804343e+03   3.341099e-01
     1  -4.001002e+00  -4.017532e+00   1.282480e-07   3.828831e+05   1.671431e-01            nan  -4.012299e+00  -4.023363e+00   1.166721e-07   3.799085e+05   1.658461e-01  -2.914615e+00  -2.927933e+00   1.050049e-06   1.465206e+03   3.355050e-01
     2  -3.967289e+00  -3.983818e+00   1.616573e-07   3.825870e+05   1.671169e-01            nan  -3.989885e+00  -4.000947e+00   1.361439e-07   3.797637e+05   1.658462e-01  -2.887704e+00  -2.900951e+00   1.225295e-06   1.426802e+03   3.356890e-01
     3  -3.933575e+00  -3.950105e+00   2.037755e-07   3.822540e+05   1.670914e-01            nan  -3.967472e+00  -3.978534e+00   1.588651e-07   3.796034e+05   1.658464e-01  -2.860858e+00  -2.874074e+00   1.429786e-06   1.386095e+03   3.358945e-01
     4  -3.899862e+00  -3.916391e+00   2.568684e-07   3.818786e+05   1.670666e-01            nan  -3.945060e+00  -3.956122e+00   1.853780e-07   3.794259e+05   1.658466e-01  -2.834001e+00  -2.847222e+00   1.668402e-06   1.343080e+03   3.361243e-01
     5  -3.866148e+00  -3.882678e+00   3.237858e-07   3.814524e+05   1.670425e-01            nan  -3.922648e+00  -3.933710e+00   2.163150e-07   3.792294e+05   1.658469e-01  -2.807069e+00  -2.820326e+00   1.946835e-06   1.297782e+03   3.363815e-01
     6  -3.832435e+00  -3.848964e+00   4.081199e-07   3.809683e+05   1.670192e-01            nan  -3.900234e+00  -3.911296e+00   2.524142e-07   3.790118e+05   1.658472e-01  -2.779998e+00  -2.793323e+00   2.271728e-06   1.250267e+03   3.366698e-01
     7  -3.798721e+00  -3.815251e+00   5.143785e-07   3.804145e+05   1.669967e-01            nan  -3.877818e+00  -3.888881e+00   2.945370e-07   3.787709e+05   1.658475e-01  -2.752735e+00  -2.766153e+00   2.650833e-06   1.200643e+03   3.369929e-01
     8  -3.765008e+00  -3.781537e+00   6.482471e-07   3.797822e+05   1.669750e-01            nan  -3.855398e+00  -3.866463e+00   3.436881e-07   3.785042e+05   1.658478e-01  -2.725224e+00  -2.738761e+00   3.093193e-06   1.149063e+03   3.373554e-01
     9  -3.731294e+00  -3.747824e+00   8.168412e-07   3.790549e+05   1.669541e-01            nan  -3.832973e+00  -3.844041e+00   4.010398e-07   3.782090e+05   1.658481e-01  -2.697417e+00  -2.711098e+00   3.609358e-06   1.095763e+03   3.377612e-01
    10  -3.697581e+00  -3.714110e+00   1.029139e-06   3.782216e+05   1.669340e-01            nan  -3.810543e+00  -3.821613e+00   4.679601e-07   3.778821e+05   1.658486e-01  -2.669268e+00  -2.683114e+00   4.211641e-06   1.041010e+03   3.382149e-01
    11  -3.663867e+00  -3.680397e+00   1.296339e-06   3.772597e+05   1.669149e-01            nan  -3.788107e+00  -3.799180e+00   5.460446e-07   3.775202e+05   1.658490e-01  -2.640731e+00  -2.654765e+00   4.914402e-06   9.851134e+02   3.387214e-01
    12  -3.630154e+00  -3.646683e+00   1.632576e-06   3.761548e+05   1.668968e-01            nan  -3.765663e+00  -3.776740e+00   6.371554e-07   3.771196e+05   1.658495e-01  -2.611766e+00  -2.626007e+00   5.734398e-06   9.284258e+02   3.392857e-01
    13  -3.596440e+00  -3.612970e+00   2.055398e-06   3.748773e+05   1.668798e-01            nan  -3.743211e+00  -3.754292e+00   7.434644e-07   3.766762e+05   1.658500e-01  -2.582334e+00  -2.596801e+00   6.691180e-06   8.713327e+02   3.399128e-01
    14  -3.562727e+00  -3.579256e+00   2.586974e-06   3.734077e+05   1.668638e-01            nan  -3.720749e+00  -3.731835e+00   8.675058e-07   3.761855e+05   1.658507e-01  -2.552400e+00  -2.567109e+00   7.807552e-06   8.142422e+02   3.406079e-01
    15  -3.529013e+00  -3.545543e+00   3.254641e-06   3.717087e+05   1.668491e-01            nan  -3.698275e+00  -3.709367e+00   1.012236e-06   3.756424e+05   1.658513e-01  -2.521936e+00  -2.536901e+00   9.110122e-06   7.576994e+02   3.413695e-01
    16  -3.495300e+00  -3.511829e+00   4.092984e-06   3.697527e+05   1.668357e-01            nan  -3.675789e+00  -3.686887e+00   1.181103e-06   3.750415e+05   1.658521e-01  -2.490919e+00  -2.506151e+00   1.062993e-05   7.021511e+02   3.421978e-01
    17  -3.461586e+00  -3.478116e+00   5.144238e-06   3.674958e+05   1.668238e-01            nan  -3.653289e+00  -3.664394e+00   1.378130e-06   3.743766e+05   1.658529e-01  -2.459334e+00  -2.474840e+00   1.240317e-05   6.480169e+02   3.430913e-01
    18  -3.427873e+00  -3.444402e+00   6.461939e-06   3.648969e+05   1.668136e-01            nan  -3.630774e+00  -3.641886e+00   1.608010e-06   3.736411e+05   1.658539e-01  -2.427170e+00  -2.442955e+00   1.447209e-05   5.957011e+02   3.440449e-01
    19  -3.394159e+00  -3.410689e+00   8.110762e-06   3.619104e+05   1.668052e-01            nan  -3.608240e+00  -3.619361e+00   1.876216e-06   3.728275e+05   1.658549e-01  -2.394435e+00  -2.410494e+00   1.688595e-05   5.457078e+02   3.450351e-01
    20  -3.360446e+00  -3.376975e+00   1.017256e-05   3.584719e+05   1.667988e-01            nan  -3.585687e+00  -3.596817e+00   2.189133e-06   3.719278e+05   1.658561e-01  -2.361141e+00  -2.377469e+00   1.970220e-05   4.983148e+02   3.460442e-01
    21  -3.326732e+00  -3.343262e+00   1.274521e-05   3.545468e+05   1.667947e-01            nan  -3.563112e+00  -3.574253e+00   2.554206e-06   3.709331e+05   1.658573e-01  -2.327313e+00  -2.343898e+00   2.298786e-05   4.537450e+02   3.470470e-01
    22  -3.293019e+00  -3.309548e+00   1.595174e-05   3.500290e+05   1.667932e-01            nan  -3.540513e+00  -3.551665e+00   2.980121e-06   3.698336e+05   1.658587e-01  -2.292991e+00  -2.309813e+00   2.682109e-05   4.123130e+02   3.479863e-01
    23  -3.259305e+00  -3.275835e+00   1.993823e-05   3.449235e+05   1.667946e-01            nan  -3.517886e+00  -3.529052e+00   3.477003e-06   3.686184e+05   1.658603e-01  -2.258227e+00  -2.275262e+00   3.129303e-05   3.740551e+02   3.488196e-01
    24  -3.225592e+00  -3.242121e+00   2.488485e-05   3.390486e+05   1.667996e-01            nan  -3.495230e+00  -3.506410e+00   4.056664e-06   3.672760e+05   1.658621e-01  -2.223083e+00  -2.240300e+00   3.650997e-05   3.390333e+02   3.494800e-01
    25  -3.191878e+00  -3.208408e+00   3.100667e-05   3.324829e+05   1.668081e-01            nan  -3.472539e+00  -3.483736e+00   4.732872e-06   3.657933e+05   1.658640e-01  -2.187631e+00  -2.204995e+00   4.259585e-05   3.072245e+02   3.498941e-01
    26  -3.158165e+00  -3.174694e+00   3.855669e-05   3.249742e+05   1.668214e-01            nan  -3.449812e+00  -3.461027e+00   5.521683e-06   3.641563e+05   1.658662e-01  -2.151947e+00  -2.169423e+00   4.969515e-05   2.784822e+02   3.499973e-01
    27  -3.124451e+00  -3.140981e+00   4.784884e-05   3.166258e+05   1.668397e-01            nan  -3.427043e+00  -3.438278e+00   6.441814e-06   3.623496e+05   1.658686e-01  -2.116117e+00  -2.133663e+00   5.797633e-05   2.527057e+02   3.497060e-01
    28  -3.090738e+00  -3.107267e+00   5.921457e-05   3.072876e+05   1.668639e-01            nan  -3.404228e+00  -3.415486e+00   7.515084e-06   3.603566e+05   1.658713e-01  -2.080218e+00  -2.097797e+00   6.763576e-05   2.296372e+02   3.489729e-01
    29  -3.057024e+00  -3.073554e+00   7.308774e-05   2.969049e+05   1.668953e-01            nan  -3.381362e+00  -3.392645e+00   8.766923e-06   3.581591e+05   1.658743e-01  -2.044330e+00  -2.061903e+00   7.890231e-05   2.090934e+02   3.477461e-01
    30  -3.023311e+00  -3.039840e+00   8.992899e-05   2.855915e+05   1.669343e-01            nan  -3.358439e+00  -3.369749e+00   1.022697e-05   3.557374e+05   1.658777e-01  -2.008520e+00  -2.026056e+00   9.204273e-05   1.907910e+02   3.460136e-01
    31  -2.989597e+00  -3.006127e+00   1.102353e-04   2.730953e+05   1.669835e-01            nan  -3.335453e+00  -3.346794e+00   1.192976e-05   3.530703e+05   1.658814e-01  -1.972846e+00  -1.990317e+00   1.073678e-04   1.744961e+02   3.437875e-01
    32  -2.955884e+00  -2.972413e+00   1.346287e-04   2.596382e+05   1.670438e-01            nan  -3.312397e+00  -3.323772e+00   1.391553e-05   3.501348e+05   1.658856e-01  -1.937350e+00  -1.954736e+00   1.252398e-04   1.599514e+02   3.410990e-01
    33  -2.922170e+00  -2.938700e+00   1.637335e-04   2.453293e+05   1.671165e-01   5.070481e-01  -3.289262e+00  -3.300675e+00   1.623115e-05   3.469063e+05   1.658903e-01  -1.902061e+00  -1.919348e+00   1.460803e-04   1.469249e+02   3.380254e-01
    34  -2.888457e+00  -2.904986e+00   1.981026e-04   2.300569e+05   1.671982e-01   5.072923e-01  -3.266040e+00  -3.277496e+00   1.893121e-05   3.433586e+05   1.658955e-01  -1.866993e+00  -1.884173e+00   1.703808e-04   1.352102e+02   3.346255e-01
    35  -2.854743e+00  -2.871273e+00   2.385073e-04   2.140532e+05   1.672913e-01   5.076134e-01  -3.242721e+00  -3.254224e+00   2.207926e-05   3.394636e+05   1.659013e-01  -1.832145e+00  -1.849220e+00   1.987134e-04   1.246077e+02   3.310175e-01
    36  -2.821030e+00  -2.837559e+00   2.856262e-04   1.975906e+05   1.673995e-01   5.079820e-01  -3.219294e+00  -3.230850e+00   2.574932e-05   3.351917e+05   1.659079e-01  -1.797507e+00  -1.814481e+00   2.317439e-04   1.149716e+02   3.272556e-01
    37  -2.787316e+00  -2.803846e+00   3.401030e-04   1.808652e+05   1.675261e-01   5.083928e-01  -3.195747e+00  -3.207361e+00   3.002750e-05   3.305119e+05   1.659153e-01  -1.763057e+00  -1.779940e+00   2.702475e-04   1.061480e+02   3.234622e-01
    38  -2.753603e+00  -2.770132e+00   4.025128e-04   1.640962e+05   1.676743e-01   5.088470e-01  -3.172066e+00  -3.183745e+00   3.501400e-05   3.253917e+05   1.659236e-01  -1.728770e+00  -1.745575e+00   3.151260e-04   9.804513e+01   3.196617e-01
    39  -2.719889e+00  -2.736419e+00   4.731802e-04   1.474970e+05   1.678481e-01   5.093504e-01  -3.148234e+00  -3.159987e+00   4.082538e-05   3.197976e+05   1.659329e-01  -1.694615e+00  -1.711357e+00   3.674284e-04   9.055552e+01   3.159492e-01
    40  -2.686176e+00  -2.702705e+00   5.525767e-04   1.312850e+05   1.680527e-01   5.099024e-01  -3.124236e+00  -3.136069e+00   4.759714e-05   3.136953e+05   1.659434e-01  -1.660562e+00  -1.677255e+00   4.283742e-04   8.362573e+01   3.123137e-01
    41  -2.652462e+00  -2.668992e+00   6.410327e-04   1.157842e+05   1.682917e-01   5.104914e-01  -3.100050e+00  -3.111975e+00   5.548679e-05   3.070506e+05   1.659554e-01  -1.626579e+00  -1.643238e+00   4.993811e-04   7.718713e+01   3.088074e-01
    42  -2.618749e+00  -2.635278e+00   7.387297e-04   1.011958e+05   1.685701e-01   5.111108e-01  -3.075655e+00  -3.087682e+00   6.467734e-05   2.998294e+05   1.659688e-01  -1.592642e+00  -1.609279e+00   5.820960e-04   7.120774e+01   3.053950e-01
    43  -2.585035e+00  -2.601565e+00   8.453441e-04   8.766634e+04   1.688942e-01   5.117488e-01  -3.051027e+00  -3.063166e+00   7.538125e-05   2.919989e+05   1.659841e-01  -1.558725e+00  -1.575352e+00   6.784313e-04   6.564604e+01   3.020852e-01
    44  -2.551322e+00  -2.567851e+00   9.605798e-04   7.525458e+04   1.692754e-01   5.123766e-01  -3.026135e+00  -3.038403e+00   8.784517e-05   2.835287e+05   1.660016e-01  -1.524810e+00  -1.541437e+00   7.906065e-04   6.047897e+01   2.988355e-01
    45  -2.517608e+00  -2.534138e+00   1.084507e-03   6.409454e+04   1.697174e-01   5.129807e-01  -3.000949e+00  -3.013360e+00   1.023551e-04   2.743917e+05   1.660215e-01  -1.490884e+00  -1.507516e+00   9.211963e-04   5.568082e+01   2.956199e-01
    46  -2.483895e+00  -2.500424e+00   1.217144e-03   5.421327e+04   1.702264e-01   5.135243e-01  -2.975432e+00  -2.988003e+00   1.192428e-04   2.645658e+05   1.660443e-01  -1.456937e+00  -1.473579e+00   1.073185e-03   5.123038e+01   2.924043e-01
    47  -2.450181e+00  -2.466711e+00   1.358722e-03   4.558654e+04   1.708059e-01   5.139826e-01  -2.949543e+00  -2.962295e+00   1.388921e-04   2.540356e+05   1.660704e-01  -1.422964e+00  -1.439619e+00   1.250029e-03   4.710924e+01   2.891403e-01
    48  -2.416468e+00  -2.432998e+00   1.507624e-03   3.814531e+04   1.714563e-01   5.143308e-01  -2.923234e+00  -2.936189e+00   1.617478e-04   2.427944e+05   1.661006e-01  -1.388965e+00  -1.405632e+00   1.455730e-03   4.329502e+01   2.858165e-01
    49  -2.382754e+00  -2.399284e+00   1.662566e-03   3.171144e+04   1.722239e-01   5.143568e-01  -2.896451e+00  -2.909636e+00   1.883238e-04   2.308466e+05   1.661356e-01  -1.354939e+00  -1.371618e+00   1.694914e-03   3.977059e+01   2.823854e-01
    50  -2.349041e+00  -2.365571e+00   1.826846e-03   2.629131e+04   1.730734e-01   5.141462e-01  -2.869132e+00  -2.882577e+00   2.192140e-04   2.182100e+05   1.661764e-01  -1.320888e+00  -1.337579e+00   1.972926e-03   3.651379e+01   2.788503e-01
    51  -2.315327e+00  -2.331857e+00   1.997417e-03   2.175015e+04   1.739990e-01   5.136634e-01  -2.841206e+00  -2.854945e+00   2.551039e-04   2.049188e+05   1.662240e-01  -1.286813e+00  -1.303516e+00   2.295935e-03   3.350575e+01   2.751943e-01
    52  -2.281614e+00  -2.298144e+00   2.174058e-03   1.793888e+04   1.750599e-01   5.125936e-01  -2.812591e+00  -2.826663e+00   2.967831e-04   1.910266e+05   1.662800e-01  -1.252716e+00  -1.269430e+00   2.671048e-03   3.072662e+01   2.714194e-01
    53  -2.247900e+00  -2.264430e+00   2.361506e-03   1.479311e+04   1.761838e-01   5.111391e-01  -2.783191e+00  -2.797642e+00   3.451610e-04   1.766088e+05   1.663463e-01  -1.218592e+00  -1.235319e+00   3.106449e-03   2.815643e+01   2.675511e-01
    54  -2.214187e+00  -2.230717e+00   2.551106e-03   1.219304e+04   1.774057e-01   5.090596e-01  -2.752896e+00  -2.767779e+00   4.012824e-04   1.617656e+05   1.664254e-01  -1.184439e+00  -1.201180e+00   3.611542e-03   2.577844e+01   2.635902e-01
    55  -2.180473e+00  -2.197003e+00   2.754073e-03   1.005982e+04   1.786814e-01   5.064194e-01  -2.721579e+00  -2.736955e+00   4.663463e-04   1.466235e+05   1.665204e-01  -1.150245e+00  -1.167006e+00   4.197117e-03   2.357457e+01   2.595818e-01
    56  -2.146760e+00  -2.163290e+00   2.960340e-03   8.308386e+03   1.800131e-01   5.031124e-01  -2.689089e+00  -2.705030e+00   5.417261e-04   1.313366e+05   1.666353e-01  -1.116001e+00  -1.132786e+00   4.875535e-03   2.153056e+01   2.555433e-01
    57  -2.113046e+00  -2.129576e+00   3.180955e-03   6.879594e+03   1.813358e-01   4.992597e-01  -2.655254e+00  -2.671842e+00   6.289911e-04   1.160862e+05   1.667758e-01  -1.081694e+00  -1.098509e+00   5.660920e-03   1.963369e+01   2.514905e-01
    58  -2.079333e+00  -2.095863e+00   3.407398e-03   5.708107e+03   1.826626e-01   4.947369e-01  -2.619870e+00  -2.637202e+00   7.299314e-04   1.010777e+05   1.669489e-01  -1.047305e+00  -1.064159e+00   6.569382e-03   1.787121e+01   2.474714e-01
    59  -2.045619e+00  -2.062149e+00   3.649866e-03   4.753904e+03   1.838798e-01   4.898736e-01  -2.582704e+00  -2.600890e+00   8.465830e-04   8.653565e+04   1.671644e-01  -1.012820e+00  -1.029720e+00   7.619247e-03   1.623462e+01   2.434846e-01
    60  -2.011906e+00  -2.028436e+00   3.901485e-03   3.971463e+03   1.850145e-01   4.844645e-01  -2.543484e+00  -2.562651e+00   9.812558e-04   7.269547e+04   1.674352e-01  -9.782218e-01  -9.951762e-01   8.831303e-03   1.471590e+01   2.395383e-01
    61  -1.978192e+00  -1.994722e+00   4.171109e-03   3.330774e+03   1.859578e-01   4.789900e-01  -2.501900e+00  -2.522195e+00   1.136562e-03   5.979115e+04   1.677787e-01  -9.434965e-01  -9.605122e-01   1.022906e-02   1.330781e+01   2.356490e-01
    62  -1.944479e+00  -1.961009e+00   4.455525e-03   2.805479e+03   1.866769e-01   4.735746e-01  -2.457609e+00  -2.479190e+00   1.315444e-03   4.803980e+04   1.682181e-01  -9.086331e-01  -9.257151e-01   1.183900e-02   1.200523e+01   2.317956e-01
    63  -1.910765e+00  -1.927295e+00   4.760041e-03   2.370418e+03   1.871968e-01   4.682432e-01  -2.410236e+00  -2.433277e+00   1.521208e-03   3.762343e+04   1.687833e-01  -8.736243e-01  -8.907761e-01   1.369088e-02   1.080307e+01   2.279628e-01
    64  -1.877052e+00  -1.893582e+00   5.086454e-03   2.013201e+03   1.873271e-01   4.638017e-01  -2.359405e+00  -2.384078e+00   1.757548e-03   2.866998e+04   1.695109e-01  -8.384652e-01  -8.556891e-01   1.581793e-02   9.696011e+00   2.241539e-01
    65  -1.843338e+00  -1.859868e+00   5.436586e-03   1.713315e+03   1.873189e-01   4.594713e-01  -2.304777e+00  -2.331233e+00   2.028572e-03   2.123607e+04   1.704413e-01  -8.031555e-01  -8.204516e-01   1.825715e-02   8.679522e+00   2.203450e-01
    66  -1.809625e+00  -1.826155e+00   5.815574e-03   1.465341e+03   1.868319e-01   4.567416e-01  -2.246122e+00  -2.274460e+00   2.338830e-03   1.529633e+04   1.716075e-01  -7.676980e-01  -7.850650e-01   2.104947e-02   7.748833e+00   2.165168e-01
    67  -1.775911e+00  -1.792441e+00   6.224022e-03   1.254799e+03   1.862826e-01   4.541729e-01  -2.183429e+00  -2.213646e+00   2.693323e-03   1.074265e+04   1.730092e-01  -7.320974e-01  -7.495330e-01   2.423991e-02   6.898843e+00   2.126752e-01
    68  -1.742198e+00  -1.758728e+00   6.668364e-03   1.078246e+03   1.853241e-01   4.533600e-01  -2.117025e+00  -2.148959e+00   3.097518e-03   7.397049e+03   1.745665e-01  -6.963603e-01  -7.138613e-01   2.787766e-02   6.124670e+00   2.088138e-01
    69  -1.708484e+00  -1.725014e+00   7.149191e-03   9.272094e+02   1.843619e-01   4.528072e-01  -2.047669e+00  -2.080964e+00   3.557342e-03   5.037176e+03   1.760589e-01  -6.604955e-01  -6.780578e-01   3.201608e-02   5.421553e+00   2.049226e-01
    70  -1.674771e+00  -1.691301e+00   7.673404e-03   7.984358e+02   1.831915e-01   4.535466e-01  -1.976536e+00  -2.010648e+00   4.079169e-03   3.429183e+03   1.770944e-01  -6.245137e-01  -6.421320e-01   3.671252e-02   4.784834e+00   2.009930e-01
    71  -1.641057e+00  -1.657587e+00   8.241556e-03   6.877171e+02   1.820712e-01   4.545440e-01  -1.905029e+00  -1.939313e+00   4.669785e-03   2.358740e+03   1.771861e-01  -5.884266e-01  -6.060954e-01   4.202806e-02   4.209846e+00   1.970365e-01
    72  -1.607344e+00  -1.623874e+00   8.860904e-03   5.921660e+02   1.809612e-01   4.560816e-01  -1.834454e+00  -1.868309e+00   5.336336e-03   1.651577e+03   1.759660e-01  -5.522476e-01  -5.699605e-01   4.802703e-02   3.692213e+00   1.930455e-01
    73  -1.573630e+00  -1.590160e+00   9.532060e-03   5.096856e+02   1.799702e-01   4.576365e-01  -1.765730e+00  -1.798734e+00   6.086254e-03   1.180038e+03   1.734039e-01  -5.159925e-01  -5.337419e-01   5.477629e-02   3.227725e+00   1.890123e-01
    74  -1.539917e+00  -1.556447e+00   1.026186e-02   4.382549e+02   1.791248e-01   4.590954e-01  -1.699271e+00  -1.731230e+00   6.927149e-03   8.583520e+02   1.698344e-01  -4.796789e-01  -4.974562e-01   6.234434e-02   2.812339e+00   1.849283e-01
    75  -1.506203e+00  -1.522733e+00   1.105248e-02   3.764125e+02   1.784758e-01   4.601259e-01  -1.635059e+00  -1.665979e+00   7.866679e-03   6.324395e+02   1.657767e-01  -4.433262e-01  -4.611223e-01   7.080011e-02   2.442127e+00   1.807996e-01
    76  -1.472490e+00  -1.489020e+00   1.190862e-02   3.230817e+02   1.779936e-01   4.607480e-01  -1.572813e+00  -1.602821e+00   8.912390e-03   4.694065e+02   1.617184e-01  -4.069559e-01  -4.247604e-01   8.021151e-02   2.113361e+00   1.766208e-01
    77  -1.438776e+00  -1.455306e+00   1.283506e-02   2.768540e+02   1.777620e-01   4.604836e-01  -1.512150e+00  -1.541423e+00   1.007152e-02   3.493565e+02   1.579899e-01  -3.705920e-01  -3.883935e-01   9.064369e-02   1.822509e+00   1.723844e-01
    78  -1.405063e+00  -1.421593e+00   1.383717e-02   2.372872e+02   1.776409e-01   4.597655e-01  -1.452707e+00  -1.481413e+00   1.135078e-02   2.599466e+02   1.547401e-01  -3.342611e-01  -3.520468e-01   1.021570e-01   1.566212e+00   1.680828e-01
    79  -1.371349e+00  -1.387879e+00   1.491861e-02   2.030526e+02   1.777560e-01   4.579907e-01  -1.394205e+00  -1.422472e+00   1.275612e-02   1.931126e+02   1.519652e-01  -2.979920e-01  -3.157481e-01   1.148050e-01   1.341263e+00   1.637167e-01
    80  -1.337636e+00  -1.354166e+00   1.609081e-02   1.738572e+02   1.779314e-01   4.557442e-01  -1.336480e+00  -1.364384e+00   1.429243e-02   1.432348e+02   1.495565e-01  -2.618155e-01  -2.795272e-01   1.286319e-01   1.144620e+00   1.592872e-01
    81  -1.303922e+00  -1.320452e+00   1.735176e-02   1.488378e+02   1.782012e-01   4.528510e-01  -1.279479e+00  -1.307045e+00   1.596333e-02   1.061685e+02   1.473439e-01  -2.257646e-01  -2.434161e-01   1.436700e-01   9.734436e-01   1.547898e-01
    82  -1.270209e+00  -1.286739e+00   1.871964e-02   1.274818e+02   1.784807e-01   4.496264e-01  -1.223244e+00  -1.250452e+00   1.777087e-02   7.874439e+01   1.451411e-01  -1.898750e-01  -2.074492e-01   1.599378e-01   8.250728e-01   1.502213e-01
    83  -1.236495e+00  -1.253025e+00   2.019714e-02   1.092841e+02   1.787544e-01   4.460602e-01  -1.167860e+00  -1.194670e+00   1.971527e-02   5.850538e+01   1.427994e-01  -1.541836e-01  -1.716627e-01   1.774374e-01   6.970080e-01   1.455875e-01
    84  -1.202782e+00  -1.219312e+00   2.179666e-02   9.372549e+01   1.789531e-01   4.426844e-01  -1.113411e+00  -1.139783e+00   2.179475e-02   4.356120e+01   1.402503e-01  -1.187284e-01  -1.360943e-01   1.961527e-01   5.869277e-01   1.408953e-01
    85  -1.169069e+00  -1.185598e+00   2.353456e-02   8.047086e+01   1.790908e-01   4.392608e-01  -1.059942e+00  -1.085854e+00   2.400535e-02   3.249063e+01   1.375062e-01  -8.354846e-02  -1.007823e-01   2.160481e-01   4.927071e-01   1.361472e-01
    86  -1.135355e+00  -1.151885e+00   2.541119e-02   6.913676e+01   1.791302e-01   4.362300e-01  -1.007446e+00  -1.032901e+00   2.634082e-02   2.425106e+01   1.346357e-01  -4.868358e-02  -6.576625e-02   2.370673e-01   4.123934e-01   1.313503e-01
    87  -1.101642e+00  -1.118171e+00   2.745324e-02   5.943221e+01   1.790815e-01   4.335772e-01  -9.558626e-01  -9.808887e-01   2.879262e-02   1.808968e+01   1.317289e-01  -1.417197e-02  -3.108505e-02   2.591336e-01   3.441933e-01   1.265233e-01
    88  -1.067928e+00  -1.084458e+00   2.966990e-02   5.113359e+01   1.789621e-01   4.311513e-01  -9.050983e-01  -9.297392e-01   3.134998e-02   1.346596e+01   1.288767e-01   1.994836e-02   3.223191e-03   2.821498e-01   2.865079e-01   1.216747e-01
    89  -1.034215e+00  -1.050744e+00   3.207253e-02   4.397790e+01   1.787784e-01   4.294092e-01  -8.550371e-01  -8.793468e-01   3.400006e-02   9.990387e+00   1.261503e-01   5.364112e-02   3.712140e-02   3.060005e-01   2.378948e-01   1.168198e-01
    90  -1.000501e+00  -1.017031e+00   3.468877e-02   3.783557e+01   1.785590e-01   4.278591e-01  -8.055618e-01  -8.295953e-01   3.672816e-02   7.379797e+00   1.235903e-01   8.687301e-02   7.057485e-02   3.305535e-01   1.970645e-01   1.119797e-01
    91  -9.667875e-01  -9.833172e-01   3.752405e-02   3.255711e+01   1.783022e-01   4.265674e-01  -7.565687e-01  -7.803748e-01   3.951809e-02   5.424587e+00   1.211972e-01   1.196127e-01   1.035513e-01   3.556628e-01   1.628888e-01   1.071670e-01
    92  -9.330740e-01  -9.496037e-01   4.059971e-02   2.798653e+01   1.780688e-01   4.254636e-01  -7.079778e-01  -7.315940e-01   4.235249e-02   3.967099e+00   1.189421e-01   1.518335e-01   1.360218e-01   3.811724e-01   1.343649e-01   1.024066e-01
    93  -8.993605e-01  -9.158902e-01   4.394652e-02   2.405951e+01   1.778154e-01   4.242876e-01  -6.597313e-01  -6.831849e-01   4.521329e-02   2.886433e+00   1.167804e-01   1.835117e-01   1.679614e-01   4.069196e-01   1.106293e-01   9.771310e-02
    94  -8.656471e-01  -8.821767e-01   4.756721e-02   2.067987e+01   1.775424e-01   4.229822e-01  -6.117831e-01  -6.350958e-01   4.808216e-02   2.089351e+00   1.146731e-01   2.146283e-01   1.993486e-01   4.327394e-01   9.092854e-02   9.310705e-02
    95  -8.319336e-01  -8.484632e-01   5.149100e-02   1.775637e+01   1.773008e-01   4.213183e-01  -5.640900e-01  -5.872822e-01   5.094094e-02   1.504379e+00   1.125994e-01   2.451683e-01   2.301667e-01   4.584685e-01   7.461727e-02   8.860442e-02
    96  -7.982201e-01  -8.147498e-01   5.575577e-02   1.524785e+01   1.770006e-01   4.193164e-01  -5.165975e-01  -5.396949e-01   5.377208e-02   1.076978e+00   1.105520e-01   2.751211e-01   2.604029e-01   4.839488e-01   6.114237e-02   8.422098e-02
    97  -7.645066e-01  -7.810363e-01   6.036955e-02   1.309449e+01   1.766224e-01   4.169075e-01  -4.692333e-01  -4.922700e-01   5.655903e-02   7.660768e-01   1.085335e-01   3.044806e-01   2.900489e-01   5.090312e-01   5.003329e-02   7.997068e-02
    98  -7.307931e-01  -7.473228e-01   6.536109e-02   1.123639e+01   1.762039e-01   4.140089e-01  -4.219092e-01  -4.449270e-01   5.928652e-02   5.410637e-01   1.065515e-01   3.332446e-01   3.191007e-01   5.335787e-01   4.089213e-02   7.586438e-02
    99  -6.970796e-01  -7.136093e-01   7.078177e-02   9.644441e+00   1.756531e-01   4.107988e-01  -3.745159e-01  -3.975664e-01   6.194091e-02   3.790808e-01   1.046127e-01   3.614151e-01   3.475582e-01   5.574682e-01   3.338284e-02   7.191213e-02
   100  -6.633661e-01  -6.798958e-01   7.665453e-02   8.278932e+00   1.749447e-01   4.072353e-01  -3.269196e-01  -3.500660e-01   6.451030e-02   2.631721e-01   1.027252e-01   3.889973e-01   3.754251e-01   5.805927e-01   2.722407e-02   6.811996e-02
   101  -6.296526e-01  -6.461823e-01   8.299409e-02   7.103663e+00   1.740935e-01   4.033554e-01  -2.789661e-01  -3.022813e-01   6.698469e-02   1.808323e-01   1.008995e-01   4.160002e-01   4.027085e-01   6.028622e-01   2.217980e-02   6.449366e-02
   102  -5.959391e-01  -6.124688e-01   8.987509e-02   6.094810e+00   1.730675e-01   3.992338e-01  -2.304794e-01  -2.540465e-01   6.935597e-02   1.228249e-01   9.914512e-02   4.424353e-01   4.294188e-01   6.242038e-01   1.805402e-02   6.103473e-02
   103  -5.622256e-01  -5.787553e-01   9.734106e-02   5.228948e+00   1.718489e-01   3.948356e-01  -1.812559e-01  -2.051707e-01   7.161799e-02   8.234163e-02   9.747558e-02   4.683172e-01   4.555690e-01   6.445619e-01   1.468314e-02   5.774522e-02
   104  -5.285121e-01  -5.450418e-01   1.053920e-01   4.484189e+00   1.704418e-01   3.901417e-01  -1.310757e-01  -1.554415e-01   7.376638e-02   5.441151e-02   9.590589e-02   4.936622e-01   4.811745e-01   6.638974e-01   1.193230e-02   5.462276e-02
   105  -4.947986e-01  -5.113283e-01   1.141111e-01   3.842883e+00   1.688456e-01   3.850947e-01  -7.971052e-02  -1.046342e-01   7.579851e-02   3.539729e-02   9.444633e-02   5.184891e-01   5.062530e-01   6.821866e-01   9.689376e-03   5.166648e-02
   106  -4.610851e-01  -4.776148e-01   1.235545e-01   3.291607e+00   1.670413e-01   3.796337e-01  -2.693667e-02  -5.252248e-02   7.771330e-02   2.264934e-02   9.310526e-02   5.428178e-01   5.308238e-01   6.994197e-01   7.862451e-03   4.887136e-02
   107  -4.273716e-01  -4.439013e-01   1.337495e-01   2.817404e+00   1.650303e-01   3.737182e-01   2.740225e-02   1.082096e-03   7.951106e-02   1.426138e-02   9.185355e-02   5.666699e-01   5.549076e-01   7.155996e-01   6.375437e-03   4.623397e-02
   108  -3.936581e-01  -4.101878e-01   1.447341e-01   2.408402e+00   1.628343e-01   3.672510e-01   8.334293e-02   5.627267e-02   8.119333e-02   8.853887e-03   9.062362e-02   5.900679e-01   5.785265e-01   7.307399e-01   5.166118e-03   4.374812e-02
   109  -3.599446e-01  -3.764743e-01   1.565929e-01   2.056516e+00   1.604291e-01   3.601402e-01   1.406871e-01   1.129608e-01   8.276263e-02   5.446535e-03   8.925207e-02   6.130348e-01   6.017032e-01   7.448636e-01   4.183304e-03   4.140819e-02
   110  -3.262311e-01  -3.427608e-01   1.693766e-01   1.753805e+00   1.578142e-01   3.523119e-01   1.988806e-01   1.707578e-01   8.422234e-02   3.348934e-03   8.745517e-02   6.355947e-01   6.244613e-01   7.580011e-01   3.385126e-03   3.920772e-02
   111  -2.925176e-01  -3.090473e-01   1.830737e-01   1.493197e+00   1.550041e-01   3.436495e-01   2.570064e-01   2.289152e-01   8.557652e-02   2.081359e-03   8.489071e-02   6.577715e-01   6.468247e-01   7.701887e-01   2.737348e-03   3.713967e-02
   112  -2.588041e-01  -2.753338e-01   1.977861e-01   1.268979e+00   1.520027e-01   3.340253e-01   3.139428e-01   2.864070e-01   8.682971e-02   1.321880e-03   8.131279e-02   6.795896e-01   6.688176e-01   7.814674e-01   2.211942e-03   3.519770e-02
   113  -2.250907e-01  -2.416203e-01   2.135598e-01   1.076391e+00   1.488026e-01   3.233841e-01   3.686700e-01   3.421679e-01   8.798682e-02   8.638821e-04   7.674976e-02   7.010732e-01   6.904642e-01   7.918814e-01   1.786090e-03   3.337448e-02
   114  -1.913772e-01  -2.079068e-01   2.303683e-01   9.110166e-01   1.454065e-01   3.115774e-01   4.205231e-01   3.953700e-01   8.905301e-02   5.817472e-04   7.150819e-02   7.222464e-01   7.117888e-01   8.014771e-01   1.441143e-03   3.166329e-02
   115  -1.576637e-01  -1.741934e-01   2.482702e-01   7.689834e-01   1.418227e-01   2.982801e-01   4.692426e-01   4.455656e-01   9.003354e-02   4.025758e-04   6.599922e-02   7.431330e-01   7.328153e-01   8.103019e-01   1.161918e-03   3.005744e-02
   116  -1.239502e-01  -1.404799e-01   2.673221e-01   6.474411e-01   1.380601e-01   2.836375e-01   5.148745e-01   4.926576e-01   9.093373e-02   2.850210e-04   6.056974e-02   7.637563e-01   7.535671e-01   8.184036e-01   9.360524e-04   2.855012e-02
   117  -9.023668e-02  -1.067664e-01   2.874938e-01   5.435783e-01   1.341269e-01   2.675264e-01   5.576315e-01   5.367789e-01   9.175884e-02   2.055657e-04   5.543899e-02   7.841392e-01   7.740673e-01   8.258295e-01   7.534753e-04   2.713514e-02
   118  -5.652318e-02  -7.305287e-02   3.088035e-01   4.549551e-01   1.300370e-01   2.495625e-01   5.977932e-01   5.781764e-01   9.251402e-02   1.504856e-04   5.071046e-02   8.043039e-01   7.943386e-01   8.326262e-01   6.060007e-04   2.580631e-02
   119  -2.280969e-02  -3.933938e-02   3.312735e-01   3.795394e-01   1.257992e-01   2.300637e-01   6.356513e-01   6.171347e-01   9.320429e-02   1.114906e-04   4.641570e-02   8.242717e-01   8.144025e-01   8.388386e-01   4.869733e-04   2.455766e-02
   120   1.090381e-02  -5.625881e-03   3.548176e-01   3.155007e-01   1.214273e-01   2.088593e-01   6.714827e-01   6.539364e-01   9.383445e-02   8.339965e-05   4.254695e-02   8.440633e-01   8.342802e-01   8.445100e-01   3.909814e-04   2.338370e-02
   121   4.461730e-02   2.808761e-02   3.794468e-01   2.612742e-01   1.169339e-01   1.860246e-01   7.055316e-01   6.888408e-01   9.440910e-02   6.288782e-05   3.907388e-02   8.636987e-01   8.539920e-01   8.496819e-01   3.136318e-04   2.227915e-02
   122   7.833080e-02   6.180111e-02   4.051013e-01   2.154848e-01   1.123382e-01   1.617174e-01   7.380150e-01   7.220769e-01   9.493262e-02   4.773305e-05   3.596000e-02   8.831966e-01   8.735571e-01   8.543935e-01   2.513583e-04   2.123895e-02
   123   1.120443e-01   9.551460e-02   4.316689e-01   1.769530e-01   1.076539e-01   1.362886e-01   7.691215e-01   7.538467e-01   9.540910e-02   3.642833e-05   3.316792e-02   9.025750e-01   8.929939e-01   8.586819e-01   2.012671e-04   2.025844e-02
   124   1.457578e-01   1.292281e-01   4.591148e-01   1.446371e-01   1.029039e-01   1.101622e-01   7.990145e-01   7.843251e-01   9.584241e-02   2.792834e-05   3.066052e-02   9.218510e-01   9.123200e-01   8.625817e-01   1.610113e-04   1.933332e-02
   125   1.794713e-01   1.629416e-01   4.872739e-01   1.176376e-01   9.810970e-02   8.333890e-02   8.278366e-01   8.136646e-01   9.623618e-02   2.149321e-05   2.840550e-02   9.410405e-01   9.315517e-01   8.661256e-01   1.286901e-04   1.845947e-02
   126   2.131848e-01   1.966551e-01   5.160598e-01   9.518150e-02   9.328896e-02   5.772222e-02   8.557119e-01   8.419979e-01   9.659376e-02   1.659364e-05   2.637268e-02   9.601585e-01   9.507047e-01   8.693438e-01   1.027640e-04   1.763311e-02
   127   2.468983e-01   2.303686e-01   5.452424e-01   7.657570e-02   8.847294e-02   3.142687e-02   8.827487e-01   8.694406e-01   9.691827e-02   1.284520e-05   2.453607e-02   9.792189e-01   9.697933e-01   8.722644e-01   8.198740e-05   1.685077e-02
   128   2.806118e-01   2.640821e-01   5.746376e-01   6.121631e-02   8.365577e-02   8.650965e-03   9.090430e-01   8.960948e-01   9.721261e-02   9.965295e-06   2.287283e-02   9.982349e-01   9.888310e-01   8.749135e-01   6.535325e-05   1.610927e-02
   129   3.143253e-01   2.977956e-01   6.041407e-01   4.862465e-02   7.889199e-02  -1.363612e-02   9.346783e-01   9.220497e-01   9.747945e-02   7.745426e-06   2.136241e-02   1.017218e+00   1.007830e+00   8.773151e-01   5.204839e-05   1.540565e-02
   130   3.480388e-01   3.315091e-01   6.335429e-01   3.836692e-02   7.420020e-02  -3.316127e-02   9.597291e-01   9.473843e-01   9.772124e-02   6.029121e-06   1.998751e-02   1.036181e+00   1.026803e+00   8.794912e-01   4.141651e-05   1.473721e-02
   131   3.817523e-01   3.652226e-01   6.626819e-01   3.006245e-02   6.960436e-02  -4.962282e-02   9.842617e-01   9.721686e-01   9.794025e-02   4.698863e-06   1.873267e-02   1.055132e+00   1.045760e+00   8.814623e-01   3.292855e-05   1.410149e-02
   132   4.154657e-01   3.989361e-01   6.913617e-01   2.338397e-02   6.513163e-02  -6.491093e-02   1.008334e+00   9.964649e-01   9.813854e-02   3.665825e-06   1.758425e-02   1.074081e+00   1.064710e+00   8.832469e-01   2.615844e-05   1.349627e-02
   133   4.491792e-01   4.326496e-01   7.190741e-01   1.804146e-02   6.078414e-02  -7.622714e-02   1.032000e+00   1.020328e+00   9.831802e-02   2.862190e-06   1.653064e-02   1.093037e+00   1.083663e+00   8.848622e-01   2.076341e-05   1.291951e-02
   134   4.828927e-01   4.663630e-01   7.459135e-01   1.379926e-02   5.658649e-02  -8.592923e-02   1.055304e+00   1.043808e+00   9.848042e-02   2.236131e-06   1.556156e-02   1.112008e+00   1.102626e+00   8.863237e-01   1.646801e-05   1.236934e-02
   135   5.166062e-01   5.000765e-01   7.717490e-01   1.046900e-02   5.256738e-02  -9.406320e-02   1.078289e+00   1.066949e+00   9.862732e-02   1.747859e-06   1.466790e-02   1.131000e+00   1.121608e+00   8.876458e-01   1.305110e-05   1.184409e-02
   136   5.503197e-01   5.337900e-01   7.960859e-01   7.872203e-03   4.873170e-02  -1.002099e-01   1.100993e+00   1.089789e+00   9.876016e-02   1.366717e-06   1.384176e-02   1.150020e+00   1.140614e+00   8.888415e-01   1.033535e-05   1.134223e-02
   137   5.840332e-01   5.675035e-01   8.190592e-01   5.862043e-03   4.508588e-02  -1.045055e-01   1.123447e+00   1.112365e+00   9.888027e-02   1.068972e-06   1.307627e-02   1.169074e+00   1.159651e+00   8.899225e-01   8.178669e-06   1.086237e-02
   138   6.177467e-01   6.012170e-01   8.404658e-01   4.327887e-03   4.165015e-02  -1.075987e-01   1.145684e+00   1.134708e+00   9.898885e-02   8.362436e-07   1.236534e-02   1.188166e+00   1.178725e+00   8.908996e-01   6.467373e-06   1.040324e-02
   139   6.514602e-01   6.349305e-01   8.601822e-01   3.161611e-03   3.841799e-02  -1.096792e-01   1.167728e+00   1.156846e+00   9.908698e-02   6.542534e-07   1.170362e-02   1.207301e+00   1.197839e+00   8.917828e-01   5.110563e-06   9.963687e-03
   140   6.851737e-01   6.686440e-01   8.782261e-01   2.289712e-03   3.540131e-02  -1.105987e-01   1.189604e+00   1.178804e+00   9.917565e-02   5.118939e-07   1.108641e-02   1.226483e+00   1.216998e+00   8.925808e-01   4.035648e-06   9.542671e-03
   141   7.188872e-01   7.023575e-01   8.945710e-01   1.640838e-03   3.259290e-02  -1.105419e-01   1.211334e+00   1.200605e+00   9.925576e-02   4.005109e-07   1.050956e-02   1.245716e+00   1.236206e+00   8.933019e-01   3.184706e-06   9.139227e-03
   142   7.526007e-01   7.360710e-01   9.091669e-01   1.165550e-03   2.999345e-02  -1.094768e-01   1.232937e+00   1.222270e+00   9.932813e-02   3.133509e-07   9.969433e-03   1.265003e+00   1.255467e+00   8.939532e-01   2.511567e-06   8.752476e-03
   143   7.863142e-01   7.697845e-01   9.222180e-01   8.201188e-04   2.759521e-02  -1.075014e-01   1.254430e+00   1.243817e+00   9.939350e-02   2.451401e-07   9.462812e-03   1.284345e+00   1.274782e+00   8.945415e-01   1.979464e-06   8.381610e-03
   144   8.200277e-01   8.034980e-01   9.336437e-01   5.719624e-04   2.539068e-02  -1.046501e-01   1.275829e+00   1.265261e+00   9.945254e-02   1.917574e-07   8.986844e-03   1.303746e+00   1.294154e+00   8.950729e-01   1.559141e-06   8.025888e-03
   145   8.537412e-01   8.372115e-01   9.436236e-01   3.957075e-04   2.336891e-02  -1.010094e-01   1.297147e+00   1.286619e+00   9.950586e-02   1.499803e-07   8.538997e-03   1.323207e+00   1.313585e+00   8.955527e-01   1.227343e-06   7.684625e-03
   146   8.874547e-01   8.709250e-01   9.523049e-01   2.716204e-04   2.151889e-02  -9.663613e-02   1.318397e+00   1.307902e+00   9.955400e-02   1.172877e-07   8.117022e-03   1.342729e+00   1.333078e+00   8.959860e-01   9.656017e-07   7.357186e-03
   147   9.211682e-01   9.046385e-01   9.597820e-01   1.851172e-04   1.982806e-02  -9.164966e-02   1.339590e+00   1.329123e+00   9.959747e-02   9.170666e-08   7.718918e-03   1.362314e+00   1.352632e+00   8.963772e-01   7.592576e-07   7.042986e-03
   148   9.548817e-01   9.383520e-01   9.661288e-01   1.254030e-04   1.828293e-02  -8.620736e-02   1.360735e+00   1.350291e+00   9.963672e-02   7.169264e-08   7.342899e-03   1.381961e+00   1.372249e+00   8.967304e-01   5.966891e-07   6.741477e-03
   149   9.885952e-01   9.720655e-01   9.715455e-01   8.450196e-05   1.687056e-02  -8.044006e-02   1.381842e+00   1.371417e+00   9.967214e-02   5.603642e-08   6.987367e-03   1.401673e+00   1.391929e+00   8.970493e-01   4.686877e-07   6.452152e-03
   150   1.022309e+00   1.005779e+00   9.761432e-01   5.667180e-05   1.557908e-02  -7.453747e-02   1.402918e+00   1.392508e+00   9.970413e-02   4.379117e-08   6.650890e-03   1.421448e+00   1.411673e+00   8.973371e-01   3.679636e-07   6.174534e-03
   151   1.056022e+00   1.039492e+00   9.800310e-01   3.786221e-05   1.439674e-02  -6.856330e-02   1.423969e+00   1.413571e+00   9.973300e-02   3.421551e-08   6.332182e-03   1.441286e+00   1.431480e+00   8.975970e-01   2.887498e-07   5.908181e-03
   152   1.089736e+00   1.073206e+00   9.832749e-01   2.521934e-05   1.331249e-02  -6.271775e-02   1.445003e+00   1.434613e+00   9.975905e-02   2.672887e-08   6.030084e-03   1.461187e+00   1.451350e+00   8.978315e-01   2.264877e-07   5.652674e-03
   153   1.123449e+00   1.106919e+00   9.860003e-01   1.675844e-05   1.231679e-02  -5.706983e-02   1.466023e+00   1.455640e+00   9.978257e-02   2.087671e-08   5.743550e-03   1.481150e+00   1.471283e+00   8.980432e-01   1.775763e-07   5.407624e-03
   154   1.157163e+00   1.140633e+00   9.882865e-01   1.111603e-05   1.140113e-02  -5.171098e-02   1.487034e+00   1.476656e+00   9.980380e-02   1.630313e-08   5.471633e-03   1.501173e+00   1.491277e+00   8.982342e-01   1.391731e-07   5.172665e-03
   155   1.190876e+00   1.174346e+00   9.902050e-01   7.363482e-06   1.055818e-02  -4.666244e-02   1.508040e+00   1.497664e+00   9.982296e-02   1.272956e-08   5.213477e-03   1.521256e+00   1.511331e+00   8.984066e-01   1.090358e-07   4.947452e-03
   156   1.224590e+00   1.208060e+00   9.918022e-01   4.873730e-06   9.780903e-03  -4.199365e-02   1.529042e+00   1.518668e+00   9.984025e-02   9.937959e-09   4.968305e-03   1.541396e+00   1.531443e+00   8.985622e-01   8.539684e-08   4.731665e-03
   157   1.258303e+00   1.241773e+00   9.931311e-01   3.224373e-06   9.063381e-03  -3.768156e-02   1.550045e+00   1.539670e+00   9.985585e-02   7.757681e-09   4.735410e-03   1.561590e+00   1.551610e+00   8.987027e-01   6.686383e-08   4.525001e-03
   158   1.292017e+00   1.275487e+00   9.942446e-01   2.132813e-06   8.400455e-03  -3.377789e-02   1.571047e+00   1.560673e+00   9.986993e-02   6.055224e-09   4.514153e-03   1.581836e+00   1.571831e+00   8.988294e-01   5.234042e-08   4.327181e-03
   159   1.325730e+00   1.309200e+00   9.951778e-01   1.410975e-06   7.787510e-03  -3.019526e-02   1.592051e+00   1.581676e+00   9.988264e-02   4.726148e-09   4.303953e-03   1.602129e+00   1.592101e+00   8.989438e-01   4.096402e-08   4.137943e-03
   160   1.359444e+00   1.342914e+00   9.959542e-01   9.337284e-07   7.220376e-03  -2.698961e-02   1.613054e+00   1.602679e+00   9.989411e-02   3.688776e-09   4.104284e-03   1.622467e+00   1.612417e+00   8.990470e-01   3.205636e-08   3.957050e-03
   161   1.393157e+00   1.376627e+00   9.966008e-01   6.182030e-07   6.695334e-03  -2.408717e-02   1.634057e+00   1.623683e+00   9.990446e-02   2.879243e-09   3.914669e-03   1.642843e+00   1.632774e+00   8.991401e-01   2.508437e-08   3.784281e-03
   162   1.426871e+00   1.410341e+00   9.971447e-01   4.095531e-07   6.209118e-03  -2.147867e-02   1.655057e+00   1.644684e+00   9.991379e-02   2.247622e-09   3.734681e-03   1.663252e+00   1.653167e+00   8.992241e-01   1.962936e-08   3.619439e-03
   163   1.460584e+00   1.444054e+00   9.976009e-01   2.715348e-07   5.758794e-03  -1.914510e-02   1.676049e+00   1.665680e+00   9.992222e-02   1.754895e-09   3.563938e-03   1.683686e+00   1.673589e+00   8.993000e-01   1.536264e-08   3.462350e-03
   164   1.494298e+00   1.477768e+00   9.979790e-01   1.801727e-07   5.341647e-03  -1.703536e-02   1.697030e+00   1.686666e+00   9.992982e-02   1.370576e-09   3.402100e-03   1.704138e+00   1.694033e+00   8.993684e-01   1.202634e-08   3.312863e-03
   165   1.528011e+00   1.511481e+00   9.982982e-01   1.196529e-07   4.955299e-03  -1.516317e-02   1.717992e+00   1.707638e+00   9.993668e-02   1.070850e-09   3.248870e-03   1.724598e+00   1.714488e+00   8.994301e-01   9.418219e-09   3.170852e-03
   166   1.561725e+00   1.545195e+00   9.985672e-01   7.954350e-08   4.597641e-03  -1.345877e-02   1.738928e+00   1.728586e+00   9.994287e-02   8.371176e-10   3.103993e-03   1.745053e+00   1.734945e+00   8.994858e-01   7.379773e-09   3.036219e-03
   167   1.595438e+00   1.578908e+00   9.987906e-01   5.293091e-08   4.266687e-03  -1.191253e-02   1.759827e+00   1.749503e+00   9.994845e-02   6.548590e-10   2.967255e-03   1.765489e+00   1.755391e+00   8.995361e-01   5.786819e-09   2.908894e-03
   168   1.629152e+00   1.612622e+00   9.989796e-01   3.525794e-08   3.960683e-03  -1.052497e-02   1.780677e+00   1.770377e+00   9.995349e-02   5.127395e-10   2.838484e-03   1.785892e+00   1.775810e+00   8.995814e-01   4.542116e-09   2.788838e-03
   169   1.662865e+00   1.646335e+00   9.991395e-01   2.351434e-08   3.678264e-03  -9.191644e-03   1.801462e+00   1.791194e+00   9.995804e-02   4.019144e-10   2.717550e-03   1.806241e+00   1.796186e+00   8.996223e-01   3.569553e-09   2.676045e-03
   170   1.696579e+00   1.680049e+00   9.992727e-01   1.570064e-08   3.417980e-03  -7.967140e-03   1.822165e+00   1.811937e+00   9.996214e-02   3.154829e-10   2.604363e-03   1.826514e+00   1.816496e+00   8.996593e-01   2.809583e-09   2.570542e-03
   171   1.730292e+00   1.713762e+00   9.993859e-01   1.049675e-08   3.178638e-03  -6.791334e-03   1.842763e+00   1.832586e+00   9.996584e-02   2.480627e-10   2.498879e-03   1.846686e+00   1.836717e+00   8.996926e-01   2.215638e-09   2.472393e-03
   172   1.764006e+00   1.747476e+00   9.994819e-01   7.028666e-09   2.959706e-03  -5.515777e-03   1.863231e+00   1.853118e+00   9.996918e-02   1.954568e-10   2.401094e-03   1.866726e+00   1.856821e+00   8.997226e-01   1.751316e-09   2.381697e-03
   173   1.797719e+00   1.781189e+00   9.995624e-01   4.714011e-09   2.760180e-03  -4.277692e-03   1.883539e+00   1.873504e+00   9.997219e-02   1.543929e-10   2.311046e-03   1.886600e+00   1.876776e+00   8.997498e-01   1.388169e-09   2.298591e-03
   174   1.831433e+00   1.814903e+00   9.996312e-01   3.167617e-09   2.579654e-03  -2.869684e-03   1.903653e+00   1.893713e+00   9.997491e-02   1.223206e-10   2.228816e-03   1.906269e+00   1.896545e+00   8.997742e-01   1.103977e-09   2.223246e-03
   175   1.865146e+00   1.848616e+00   9.996897e-01   2.133681e-09   2.418680e-03  -1.161303e-03   1.923535e+00   1.913708e+00   9.997737e-02   9.725222e-11   2.154522e-03   1.925690e+00   1.916088e+00   8.997963e-01   8.813911e-10   2.155861e-03
   176   1.898860e+00   1.882330e+00   9.997393e-01   1.441119e-09   2.276939e-03   7.620356e-04   1.943140e+00   1.933448e+00   9.997958e-02   7.763803e-11   2.088353e-03   1.944816e+00   1.935358e+00   8.998162e-01   7.068652e-10   2.096670e-03
   177   1.932573e+00   1.916043e+00   9.997819e-01   9.765375e-10   2.155098e-03   3.161029e-03   1.962425e+00   1.952889e+00   9.998158e-02   6.226220e-11   2.030827e-03   1.963596e+00   1.954307e+00   8.998342e-01   5.698094e-10   2.046002e-03
   178   1.966287e+00   1.949757e+00   9.998185e-01   6.645951e-10   2.056302e-03   6.361144e-03   1.981362e+00   1.971996e+00   9.998338e-02   5.013408e-11   1.984402e-03   1.981986e+00   1.972888e+00   8.998504e-01   4.617634e-10   2.005103e-03
   179   2.000000e+00   1.983470e+00   9.998500e-01   4.531012e-10   1.989010e-03   8.243695e-03   2.000000e+00   1.990781e+00   9.998500e-02   4.036481e-11   1.958560e-03   2.000000e+00   1.991087e+00   8.998650e-01   3.750863e-10   1.981259e-03
