     i          log_r       log_rmid          m_tot        rho_tot         v2_tot            eta     lgr[heavy]    lgrm[heavy]       m[heavy]     rho[heavy]      v2[heavy]     lgr[light]    lgrm[light]       m[light]     rho[light]      v2[light]
     0  -4.293173e+00  -4.594203e+00   1.015831e-07   2.288862e+06   2.987745e-01            nan  -4.293173e+00  -4.594203e+00   9.998500e-08   2.272873e+06   2.966127e-01  -3.100913e+00  -3.401943e+00   8.998650e-07   5.420479e+03   5.844039e-01
     1  -4.258016e+00  -4.275239e+00   1.292961e-07   2.276575e+06   2.982063e-01            nan  -4.270756e+00  -4.281820e+00   1.166721e-07   2.264859e+06   2.966099e-01  -3.071857e+00  -3.086142e+00   1.050049e-06   4.070099e+03   5.787924e-01
     2  -4.222858e+00  -4.240081e+00   1.645815e-07   2.274756e+06   2.981536e-01            nan  -4.248341e+00  -4.259404e+00   1.361439e-07   2.263990e+06   2.966096e-01  -3.042999e+00  -3.057188e+00   1.225295e-06   3.914878e+03   5.779913e-01
     3  -4.187701e+00  -4.204924e+00   2.095056e-07   2.272687e+06   2.981027e-01            nan  -4.225928e+00  -4.236990e+00   1.588651e-07   2.263028e+06   2.966093e-01  -3.014219e+00  -3.028370e+00   1.429786e-06   3.753890e+03   5.770860e-01
     4  -4.152543e+00  -4.169766e+00   2.666955e-07   2.270359e+06   2.980536e-01            nan  -4.203516e+00  -4.214578e+00   1.853780e-07   2.261963e+06   2.966089e-01  -2.985417e+00  -2.999579e+00   1.668402e-06   3.587619e+03   5.760628e-01
     5  -4.117386e+00  -4.134609e+00   3.394921e-07   2.267663e+06   2.980060e-01            nan  -4.181103e+00  -4.192165e+00   2.163150e-07   2.260784e+06   2.966085e-01  -2.956506e+00  -2.970721e+00   1.946835e-06   3.416708e+03   5.749062e-01
     6  -4.082229e+00  -4.099452e+00   4.321383e-07   2.264603e+06   2.979601e-01            nan  -4.158689e+00  -4.169751e+00   2.524142e-07   2.259479e+06   2.966081e-01  -2.927409e+00  -2.941714e+00   2.271728e-06   3.241955e+03   5.735988e-01
     7  -4.047071e+00  -4.064294e+00   5.500310e-07   2.261062e+06   2.979157e-01            nan  -4.136272e+00  -4.147336e+00   2.945370e-07   2.258034e+06   2.966076e-01  -2.898055e+00  -2.912484e+00   2.650833e-06   3.064297e+03   5.721206e-01
     8  -4.011914e+00  -4.029137e+00   7.000035e-07   2.256988e+06   2.978729e-01            nan  -4.113851e+00  -4.124917e+00   3.436881e-07   2.256434e+06   2.966070e-01  -2.868383e+00  -2.882966e+00   3.093193e-06   2.884795e+03   5.704492e-01
     9  -3.976757e+00  -3.993980e+00   8.907544e-07   2.252287e+06   2.978314e-01            nan  -4.091426e+00  -4.102494e+00   4.010398e-07   2.254663e+06   2.966064e-01  -2.838338e+00  -2.853101e+00   3.609358e-06   2.704606e+03   5.685587e-01
    10  -3.941599e+00  -3.958822e+00   1.133271e-06   2.246813e+06   2.977913e-01            nan  -4.068996e+00  -4.080066e+00   4.679601e-07   2.252703e+06   2.966057e-01  -2.807870e+00  -2.822837e+00   4.211641e-06   2.524955e+03   5.664179e-01
    11  -3.906442e+00  -3.923665e+00   1.441509e-06   2.240529e+06   2.977526e-01            nan  -4.046559e+00  -4.057633e+00   5.460446e-07   2.250532e+06   2.966050e-01  -2.776939e+00  -2.792129e+00   4.914402e-06   2.347338e+03   5.640077e-01
    12  -3.871284e+00  -3.888507e+00   1.833092e-06   2.233137e+06   2.977151e-01            nan  -4.024115e+00  -4.035192e+00   6.371554e-07   2.248130e+06   2.966041e-01  -2.745509e+00  -2.760940e+00   5.734398e-06   2.173098e+03   5.613000e-01
    13  -3.836127e+00  -3.853350e+00   2.330277e-06   2.224656e+06   2.976788e-01            nan  -4.001662e+00  -4.012743e+00   7.434644e-07   2.245471e+06   2.966032e-01  -2.713555e+00  -2.729238e+00   6.691180e-06   2.003453e+03   5.582588e-01
    14  -3.800970e+00  -3.818193e+00   2.961228e-06   2.214707e+06   2.976437e-01            nan  -3.979199e+00  -3.990285e+00   8.675058e-07   2.242528e+06   2.966021e-01  -2.681054e+00  -2.697000e+00   7.807552e-06   1.839514e+03   5.548382e-01
    15  -3.765812e+00  -3.783035e+00   3.761168e-06   2.203229e+06   2.976096e-01            nan  -3.956724e+00  -3.967816e+00   1.012236e-06   2.239271e+06   2.966010e-01  -2.647999e+00  -2.664212e+00   9.110122e-06   1.682641e+03   5.510438e-01
    16  -3.730655e+00  -3.747878e+00   4.774841e-06   2.189870e+06   2.975765e-01            nan  -3.934237e+00  -3.945335e+00   1.181103e-06   2.235668e+06   2.965997e-01  -2.614390e+00  -2.630870e+00   1.062993e-05   1.533649e+03   5.468369e-01
    17  -3.695497e+00  -3.712720e+00   6.057445e-06   2.174375e+06   2.975443e-01            nan  -3.911736e+00  -3.922841e+00   1.378130e-06   2.231681e+06   2.965983e-01  -2.580233e+00  -2.596976e+00   1.240317e-05   1.393144e+03   5.421622e-01
    18  -3.660340e+00  -3.677563e+00   7.679266e-06   2.156493e+06   2.975129e-01            nan  -3.889220e+00  -3.900332e+00   1.608010e-06   2.227271e+06   2.965967e-01  -2.545548e+00  -2.562544e+00   1.447209e-05   1.261877e+03   5.370700e-01
    19  -3.625183e+00  -3.642406e+00   9.726227e-06   2.135688e+06   2.974823e-01            nan  -3.866685e+00  -3.877806e+00   1.876216e-06   2.222393e+06   2.965950e-01  -2.510361e+00  -2.527598e+00   1.688595e-05   1.140029e+03   5.315113e-01
    20  -3.590025e+00  -3.607248e+00   1.230676e-05   2.111888e+06   2.974522e-01            nan  -3.844130e+00  -3.855261e+00   2.189133e-06   2.216998e+06   2.965930e-01  -2.474708e+00  -2.492169e+00   1.970220e-05   1.027704e+03   5.254894e-01
    21  -3.554868e+00  -3.572091e+00   1.555272e-05   2.084194e+06   2.974226e-01            nan  -3.821554e+00  -3.832696e+00   2.554206e-06   2.211034e+06   2.965909e-01  -2.438632e+00  -2.456296e+00   2.298786e-05   9.248361e+02   5.190486e-01
    22  -3.519710e+00  -3.536933e+00   1.962821e-05   2.052799e+06   2.973933e-01            nan  -3.798953e+00  -3.810107e+00   2.980121e-06   2.204441e+06   2.965885e-01  -2.402177e+00  -2.420022e+00   2.682109e-05   8.311195e+02   5.121346e-01
    23  -3.484553e+00  -3.501776e+00   2.473114e-05   2.016399e+06   2.973640e-01            nan  -3.776325e+00  -3.787492e+00   3.477003e-06   2.197156e+06   2.965858e-01  -2.365396e+00  -2.383397e+00   3.129303e-05   7.461896e+02   5.048926e-01
    24  -3.449396e+00  -3.466619e+00   3.110408e-05   1.975514e+06   2.973347e-01            nan  -3.753666e+00  -3.764848e+00   4.056664e-06   2.189107e+06   2.965828e-01  -2.328342e+00  -2.346474e+00   3.650997e-05   6.695471e+02   4.972221e-01
    25  -3.414238e+00  -3.431461e+00   3.903423e-05   1.928504e+06   2.973050e-01            nan  -3.730974e+00  -3.742172e+00   4.732872e-06   2.180218e+06   2.965795e-01  -2.291065e+00  -2.309303e+00   4.259585e-05   6.005888e+02   4.893340e-01
    26  -3.379081e+00  -3.396304e+00   4.887098e-05   1.876191e+06   2.972748e-01            nan  -3.708244e+00  -3.719460e+00   5.521683e-06   2.170403e+06   2.965758e-01  -2.253618e+00  -2.271938e+00   4.969515e-05   5.387693e+02   4.811096e-01
    27  -3.343923e+00  -3.361146e+00   6.100879e-05   1.816913e+06   2.972434e-01            nan  -3.685472e+00  -3.696709e+00   6.441814e-06   2.159572e+06   2.965718e-01  -2.216047e+00  -2.234426e+00   5.797633e-05   4.833876e+02   4.727791e-01
    28  -3.308766e+00  -3.325989e+00   7.594193e-05   1.751547e+06   2.972107e-01            nan  -3.662654e+00  -3.673913e+00   7.515084e-06   2.147624e+06   2.965672e-01  -2.178398e+00  -2.196814e+00   6.763576e-05   4.339364e+02   4.642056e-01
    29  -3.273609e+00  -3.290832e+00   9.415902e-05   1.679147e+06   2.971760e-01            nan  -3.639785e+00  -3.651069e+00   8.766923e-06   2.134450e+06   2.965621e-01  -2.140705e+00  -2.159142e+00   7.890231e-05   3.897105e+02   4.556474e-01
    30  -3.238451e+00  -3.255674e+00   1.163196e-04   1.599979e+06   2.971389e-01            nan  -3.616858e+00  -3.628170e+00   1.022697e-05   2.119932e+06   2.965565e-01  -2.103006e+00  -2.121447e+00   9.204273e-05   3.502784e+02   4.469575e-01
    31  -3.203294e+00  -3.220517e+00   1.430497e-04   1.515179e+06   2.970989e-01            nan  -3.593868e+00  -3.605211e+00   1.192976e-05   2.103944e+06   2.965502e-01  -2.065325e+00  -2.083757e+00   1.073678e-04   3.150184e+02   4.383639e-01
    32  -3.168137e+00  -3.185360e+00   1.750389e-04   1.423061e+06   2.970544e-01            nan  -3.570807e+00  -3.582184e+00   1.391553e-05   2.086346e+06   2.965431e-01  -2.027689e+00  -2.046100e+00   1.252398e-04   2.835611e+02   4.297511e-01
    33  -3.132979e+00  -3.150202e+00   2.131081e-04   1.326505e+06   2.970052e-01            nan  -3.547667e+00  -3.559083e+00   1.623115e-05   2.066994e+06   2.965353e-01  -1.990111e+00  -2.008494e+00   1.460803e-04   2.554121e+02   4.212762e-01
    34  -3.097822e+00  -3.115045e+00   2.579881e-04   1.226466e+06   2.969504e-01            nan  -3.524440e+00  -3.535898e+00   1.893121e-05   2.045727e+06   2.965265e-01  -1.952608e+00  -1.970955e+00   1.703808e-04   2.302489e+02   4.128768e-01
    35  -3.062664e+00  -3.079887e+00   3.102284e-04   1.122889e+06   2.968847e-01   4.838294e-01  -3.501114e+00  -3.512620e+00   2.207926e-05   2.022381e+06   2.965166e-01  -1.915187e+00  -1.933495e+00   1.987134e-04   2.077029e+02   4.046338e-01
    36  -3.027507e+00  -3.044730e+00   3.706760e-04   1.018057e+06   2.967932e-01   4.828976e-01  -3.477680e+00  -3.489239e+00   2.574932e-05   1.996776e+06   2.965056e-01  -1.877856e+00  -1.896120e+00   2.317439e-04   1.874938e+02   3.965362e-01
    37  -2.992350e+00  -3.009573e+00   4.399211e-04   9.140544e+05   2.966828e-01   4.818245e-01  -3.454125e+00  -3.465743e+00   3.002750e-05   1.968727e+06   2.964932e-01  -1.840617e+00  -1.858837e+00   2.702475e-04   1.693567e+02   3.885992e-01
    38  -2.957192e+00  -2.974415e+00   5.184203e-04   8.124571e+05   2.965493e-01   4.805977e-01  -3.430435e+00  -3.442118e+00   3.501400e-05   1.938041e+06   2.964793e-01  -1.803470e+00  -1.821646e+00   3.151260e-04   1.530523e+02   3.808518e-01
    39  -2.922035e+00  -2.939258e+00   6.064681e-04   7.147993e+05   2.963869e-01   4.791882e-01  -3.406593e+00  -3.418350e+00   4.082538e-05   1.904516e+06   2.964636e-01  -1.766416e+00  -1.784548e+00   3.674284e-04   1.383925e+02   3.732610e-01
    40  -2.886877e+00  -2.904100e+00   7.041876e-04   6.224851e+05   2.961890e-01   4.775707e-01  -3.382584e+00  -3.394423e+00   4.759714e-05   1.867948e+06   2.964460e-01  -1.729449e+00  -1.747539e+00   4.283742e-04   1.251777e+02   3.658820e-01
    41  -2.851720e+00  -2.868943e+00   8.115447e-04   5.367035e+05   2.959484e-01   4.757565e-01  -3.358385e+00  -3.370316e+00   5.548679e-05   1.828133e+06   2.964260e-01  -1.692567e+00  -1.710616e+00   4.993811e-04   1.132729e+02   3.586521e-01
    42  -2.816563e+00  -2.833786e+00   9.283959e-04   4.583538e+05   2.956561e-01   4.737304e-01  -3.333977e+00  -3.346010e+00   6.467734e-05   1.784868e+06   2.964035e-01  -1.655762e+00  -1.673775e+00   5.820960e-04   1.025160e+02   3.516382e-01
    43  -2.781405e+00  -2.798628e+00   1.054568e-03   3.879994e+05   2.953024e-01   4.714889e-01  -3.309332e+00  -3.321479e+00   7.538125e-05   1.737957e+06   2.963779e-01  -1.619033e+00  -1.637009e+00   6.784313e-04   9.280689e+01   3.447655e-01
    44  -2.746248e+00  -2.763471e+00   1.189961e-03   3.258502e+05   2.948779e-01   4.690294e-01  -3.284422e+00  -3.296698e+00   8.784517e-05   1.687219e+06   2.963489e-01  -1.582368e+00  -1.600313e+00   7.906065e-04   8.401699e+01   3.380999e-01
    45  -2.711090e+00  -2.728313e+00   1.334660e-03   2.717760e+05   2.943754e-01   4.663157e-01  -3.259216e+00  -3.271636e+00   1.023551e-04   1.632494e+06   2.963157e-01  -1.545764e+00  -1.563680e+00   9.211963e-04   7.606886e+01   3.315687e-01
    46  -2.675933e+00  -2.693156e+00   1.485752e-03   2.251842e+05   2.937779e-01   4.633244e-01  -3.233676e+00  -3.246258e+00   1.192428e-04   1.573652e+06   2.962778e-01  -1.509211e+00  -1.527103e+00   1.073185e-03   6.886279e+01   3.252267e-01
    47  -2.640776e+00  -2.657999e+00   1.644240e-03   1.853487e+05   2.930379e-01   4.602327e-01  -3.207761e+00  -3.220525e+00   1.388921e-04   1.510603e+06   2.962343e-01  -1.472705e+00  -1.490575e+00   1.250029e-03   6.233587e+01   3.190146e-01
    48  -2.605618e+00  -2.622841e+00   1.811904e-03   1.520096e+05   2.921859e-01   4.569068e-01  -3.181422e+00  -3.194392e+00   1.617478e-04   1.443311e+06   2.961841e-01  -1.436237e+00  -1.454089e+00   1.455730e-03   5.641252e+01   3.129677e-01
    49  -2.570461e+00  -2.587684e+00   1.985370e-03   1.242917e+05   2.912360e-01   4.532832e-01  -3.154606e+00  -3.167807e+00   1.883238e-04   1.371804e+06   2.961260e-01  -1.399802e+00  -1.417638e+00   1.694914e-03   5.103932e+01   3.070490e-01
    50  -2.535303e+00  -2.552526e+00   2.164593e-03   1.012112e+05   2.900339e-01   4.498148e-01  -3.127248e+00  -3.140712e+00   2.192140e-04   1.296194e+06   2.960585e-01  -1.363391e+00  -1.381215e+00   1.972926e-03   4.616032e+01   3.012678e-01
    51  -2.500146e+00  -2.517369e+00   2.354766e-03   8.234834e+04   2.887301e-01   4.460641e-01  -3.099279e+00  -3.113038e+00   2.551039e-04   1.216691e+06   2.959795e-01  -1.326999e+00  -1.344814e+00   2.295935e-03   4.172860e+01   2.956165e-01
    52  -2.464989e+00  -2.482212e+00   2.545101e-03   6.689860e+04   2.872149e-01   4.423477e-01  -3.070613e+00  -3.084709e+00   2.967831e-04   1.133621e+06   2.958866e-01  -1.290620e+00  -1.308429e+00   2.671048e-03   3.770381e+01   2.900727e-01
    53  -2.429831e+00  -2.447054e+00   2.748226e-03   5.434209e+04   2.854950e-01   4.386683e-01  -3.041155e+00  -3.055634e+00   3.451610e-04   1.047440e+06   2.957766e-01  -1.254246e+00  -1.272053e+00   3.106449e-03   3.404372e+01   2.846653e-01
    54  -2.394674e+00  -2.411897e+00   2.953495e-03   4.414112e+04   2.836213e-01   4.348889e-01  -3.010793e+00  -3.025708e+00   4.012824e-04   9.587526e+05   2.956454e-01  -1.217874e+00  -1.235679e+00   3.611542e-03   3.072039e+01   2.793339e-01
    55  -2.359517e+00  -2.376740e+00   3.171228e-03   3.589542e+04   2.814692e-01   4.314479e-01  -2.979396e+00  -2.994811e+00   4.663463e-04   8.683221e+05   2.954877e-01  -1.181495e+00  -1.199304e+00   4.197117e-03   2.769624e+01   2.741397e-01
    56  -2.324359e+00  -2.341582e+00   3.392361e-03   2.921101e+04   2.791949e-01   4.278688e-01  -2.946815e+00  -2.962800e+00   5.417261e-04   7.770745e+05   2.952963e-01  -1.145105e+00  -1.162919e+00   4.875535e-03   2.494921e+01   2.690219e-01
    57  -2.289202e+00  -2.306425e+00   3.627507e-03   2.382121e+04   2.766424e-01   4.247770e-01  -2.912870e+00  -2.929511e+00   6.289911e-04   6.860968e+05   2.950618e-01  -1.108698e+00  -1.126520e+00   5.660920e-03   2.245188e+01   2.640034e-01
    58  -2.254044e+00  -2.271267e+00   3.866698e-03   1.945247e+04   2.739541e-01   4.216550e-01  -2.877356e+00  -2.894750e+00   7.299314e-04   5.966196e+05   2.947715e-01  -1.072271e+00  -1.090103e+00   6.569382e-03   2.018252e+01   2.590714e-01
    59  -2.218887e+00  -2.236110e+00   4.121983e-03   1.592039e+04   2.710724e-01   4.189346e-01  -2.840031e+00  -2.858293e+00   8.465830e-04   5.099856e+05   2.944079e-01  -1.035821e+00  -1.053664e+00   7.619247e-03   1.812214e+01   2.541991e-01
    60  -2.183730e+00  -2.200953e+00   4.383489e-03   1.305955e+04   2.679987e-01   4.164248e-01  -2.800616e+00  -2.819877e+00   9.812558e-04   4.275977e+05   2.939471e-01  -9.993410e-01  -1.017198e+00   8.831303e-03   1.624972e+01   2.494249e-01
    61  -2.148572e+00  -2.165795e+00   4.661354e-03   1.072906e+04   2.648744e-01   4.140909e-01  -2.758790e+00  -2.779200e+00   1.136562e-03   3.508469e+05   2.933558e-01  -9.628290e-01  -9.807014e-01   1.022906e-02   1.455069e+01   2.447095e-01
    62  -2.113415e+00  -2.130638e+00   4.951351e-03   8.844510e+03   2.614907e-01   4.123392e-01  -2.714187e+00  -2.735916e+00   1.315444e-03   2.810187e+05   2.925875e-01  -9.262824e-01  -9.441714e-01   1.183900e-02   1.300954e+01   2.400556e-01
    63  -2.078257e+00  -2.095480e+00   5.257250e-03   7.294119e+03   2.582022e-01   4.104367e-01  -2.666405e+00  -2.689639e+00   1.521208e-03   2.191847e+05   2.915773e-01  -8.896975e-01  -9.076048e-01   1.369088e-02   1.161207e+01   2.354709e-01
    64  -2.043100e+00  -2.060323e+00   5.580523e-03   6.041483e+03   2.546191e-01   4.094107e-01  -2.615020e+00  -2.639953e+00   1.757548e-03   1.660902e+05   2.902356e-01  -8.530739e-01  -8.709998e-01   1.581793e-02   1.034669e+01   2.309285e-01
    65  -2.007943e+00  -2.025166e+00   5.921064e-03   5.006178e+03   2.511477e-01   4.082438e-01  -2.559615e+00  -2.586435e+00   2.028572e-03   1.220545e+05   2.884408e-01  -8.164103e-01  -8.343553e-01   1.825715e-02   9.201647e+00   2.264368e-01
    66  -1.972785e+00  -1.990008e+00   6.283139e-03   4.159968e+03   2.475755e-01   4.075685e-01  -2.499838e+00  -2.528699e+00   2.338830e-03   8.691040e+04   2.860347e-01  -7.797055e-01  -7.976702e-01   2.104947e-02   8.166547e+00   2.219944e-01
    67  -1.937628e+00  -1.954851e+00   6.665902e-03   3.461669e+03   2.440404e-01   4.070279e-01  -2.435479e+00  -2.466468e+00   2.693323e-03   6.000483e+04   2.828248e-01  -7.429614e-01  -7.609450e-01   2.423991e-02   7.232395e+00   2.175802e-01
    68  -1.902470e+00  -1.919693e+00   7.073471e-03   2.885128e+03   2.405429e-01   4.066847e-01  -2.366569e+00  -2.399659e+00   3.097518e-03   4.027859e+04   2.786034e-01  -7.061800e-01  -7.241814e-01   2.787766e-02   6.390482e+00   2.131942e-01
    69  -1.867313e+00  -1.884536e+00   7.507062e-03   2.409210e+03   2.370615e-01   4.066129e-01  -2.293469e+00  -2.328483e+00   3.557342e-03   2.641873e+04   2.731905e-01  -6.693634e-01  -6.873817e-01   3.201608e-02   5.632742e+00   2.088405e-01
    70  -1.832156e+00  -1.849379e+00   7.969115e-03   2.013552e+03   2.336899e-01   4.065792e-01  -2.216896e+00  -2.253497e+00   4.079169e-03   1.705029e+04   2.664982e-01  -6.325162e-01  -6.505491e-01   3.671252e-02   4.952190e+00   2.045018e-01
    71  -1.796998e+00  -1.814221e+00   8.462466e-03   1.686062e+03   2.303595e-01   4.068165e-01  -2.137855e+00  -2.175580e+00   4.669785e-03   1.091397e+04   2.585903e-01  -5.956456e-01  -6.136898e-01   4.202806e-02   4.342311e+00   2.001632e-01
    72  -1.761841e+00  -1.779064e+00   8.989435e-03   1.412785e+03   2.271609e-01   4.070423e-01  -2.057479e+00  -2.095810e+00   5.336336e-03   6.981147e+03   2.497002e-01  -5.587585e-01  -5.768105e-01   4.802703e-02   3.796801e+00   1.958359e-01
    73  -1.726683e+00  -1.743906e+00   9.553051e-03   1.185531e+03   2.240548e-01   4.074447e-01  -1.976840e+00  -2.015291e+00   6.086254e-03   4.488824e+03   2.401846e-01  -5.218645e-01  -5.399199e-01   5.477629e-02   3.310128e+00   1.915060e-01
    74  -1.691526e+00  -1.708749e+00   1.015673e-02   9.956180e+02   2.210777e-01   4.078343e-01  -1.896814e+00  -1.934986e+00   6.927149e-03   2.912452e+03   2.304349e-01  -4.849759e-01  -5.030287e-01   6.234434e-02   2.877149e+00   1.871600e-01
    75  -1.656369e+00  -1.673592e+00   1.080320e-02   8.368978e+02   2.182379e-01   4.083061e-01  -1.818023e+00  -1.855634e+00   7.866679e-03   1.910408e+03   2.207952e-01  -4.481074e-01  -4.661506e-01   7.080011e-02   2.493068e+00   1.827890e-01
    76  -1.621211e+00  -1.638434e+00   1.149713e-02   7.041090e+02   2.155261e-01   4.087516e-01  -1.740854e+00  -1.777727e+00   8.912390e-03   1.267479e+03   2.115163e-01  -4.112749e-01  -4.293008e-01   8.021151e-02   2.153328e+00   1.783974e-01
    77  -1.586054e+00  -1.603277e+00   1.224135e-02   5.927843e+02   2.129689e-01   4.092280e-01  -1.665512e+00  -1.701551e+00   1.007152e-02   8.502254e+02   2.027500e-01  -3.744975e-01  -3.924970e-01   9.064369e-02   1.853827e+00   1.739733e-01
    78  -1.550897e+00  -1.568120e+00   1.304128e-02   4.994916e+02   2.105448e-01   4.096582e-01  -1.592073e+00  -1.627242e+00   1.135078e-02   5.761668e+02   1.945665e-01  -3.377972e-01  -3.557598e-01   1.021570e-01   1.590731e+00   1.695056e-01
    79  -1.515739e+00  -1.532962e+00   1.390074e-02   4.211183e+02   2.082781e-01   4.100725e-01  -1.520538e+00  -1.554834e+00   1.275612e-02   3.940536e+02   1.869784e-01  -3.011991e-01  -3.191128e-01   1.148050e-01   1.360459e+00   1.649876e-01
    80  -1.480582e+00  -1.497805e+00   1.482531e-02   3.553317e+02   2.061467e-01   4.104324e-01  -1.450865e+00  -1.484306e+00   1.429243e-02   2.717195e+02   1.799638e-01  -2.647295e-01  -2.825816e-01   1.286319e-01   1.159636e+00   1.604243e-01
    81  -1.445424e+00  -1.462647e+00   1.582058e-02   2.999753e+02   2.041692e-01   4.107335e-01  -1.382990e+00  -1.415603e+00   1.596333e-02   1.887265e+02   1.734820e-01  -2.284181e-01  -2.461945e-01   1.436700e-01   9.851868e-01   1.558085e-01
    82  -1.410267e+00  -1.427490e+00   1.689202e-02   2.534503e+02   2.023218e-01   4.109859e-01  -1.316839e+00  -1.348656e+00   1.777087e-02   1.319201e+02   1.674853e-01  -1.922971e-01  -2.099822e-01   1.599378e-01   8.342570e-01   1.511349e-01
    83  -1.375110e+00  -1.392333e+00   1.804742e-02   2.142361e+02   2.006223e-01   4.111359e-01  -1.252341e+00  -1.283394e+00   1.971527e-02   9.272656e+01   1.619249e-01  -1.564004e-01  -1.739780e-01   1.774374e-01   7.041951e-01   1.464059e-01
    84  -1.339952e+00  -1.357175e+00   1.929248e-02   1.812542e+02   1.990392e-01   4.112557e-01  -1.189421e+00  -1.219743e+00   2.179475e-02   6.549161e+01   1.567549e-01  -1.207631e-01  -1.382164e-01   1.961527e-01   5.925520e-01   1.416295e-01
    85  -1.304795e+00  -1.322018e+00   2.063691e-02   1.533990e+02   1.975974e-01   4.112311e-01  -1.128011e+00  -1.157631e+00   2.400535e-02   4.644574e+01   1.519341e-01  -8.542180e-02  -1.027331e-01   2.160481e-01   4.971104e-01   1.368067e-01
    86  -1.269637e+00  -1.286860e+00   2.208803e-02   1.299680e+02   1.962490e-01   4.112026e-01  -1.068039e+00  -1.096991e+00   2.634082e-02   3.305142e+01   1.474251e-01  -5.041389e-02  -6.756520e-02   2.370673e-01   4.158441e-01   1.319425e-01
    87  -1.234480e+00  -1.251703e+00   2.365601e-02   1.101281e+02   1.950366e-01   4.109948e-01  -1.009439e+00  -1.037752e+00   2.879262e-02   2.358453e+01   1.431951e-01  -1.577548e-02  -3.274944e-02   2.591336e-01   3.468987e-01   1.270557e-01
    88  -1.199323e+00  -1.216546e+00   2.535269e-02   9.343404e+01   1.938920e-01   4.107780e-01  -9.521403e-01  -9.798455e-01   3.134998e-02   1.686431e+01   1.392168e-01   1.845733e-02   1.678135e-03   2.821498e-01   2.886308e-01   1.221539e-01
    89  -1.164165e+00  -1.181388e+00   2.718565e-02   7.927758e+01   1.928672e-01   4.104211e-01  -8.960712e-01  -9.232016e-01   3.400006e-02   1.207606e+01   1.354653e-01   5.224987e-02   3.568219e-02   3.060005e-01   2.395621e-01   1.172512e-01
    90  -1.129008e+00  -1.146231e+00   2.917609e-02   6.733949e+01   1.918957e-01   4.099968e-01  -8.411569e-01  -8.677467e-01   3.672816e-02   8.653684e+00   1.319192e-01   8.557042e-02   6.922963e-02   3.305535e-01   1.983751e-01   1.123686e-01
    91  -1.093850e+00  -1.111073e+00   3.132400e-02   5.722845e+01   1.909982e-01   4.094703e-01  -7.873184e-01  -8.134039e-01   3.951809e-02   6.201512e+00   1.285601e-01   1.183890e-01   1.022896e-01   3.556628e-01   1.639199e-01   1.075178e-01
    92  -1.058693e+00  -1.075916e+00   3.365979e-02   4.866614e+01   1.901517e-01   4.088226e-01  -7.344714e-01  -7.600916e-01   4.235249e-02   4.441203e+00   1.253715e-01   1.506800e-01   1.348345e-01   3.811724e-01   1.351766e-01   1.027234e-01
    93  -1.023536e+00  -1.040759e+00   3.619037e-02   4.142804e+01   1.893211e-01   4.080823e-01  -6.825255e-01  -7.077223e-01   4.521329e-02   3.176058e+00   1.223391e-01   1.824210e-01   1.668404e-01   4.069196e-01   1.112689e-01   9.799952e-02
    94  -9.883783e-01  -1.005601e+00   3.893704e-02   3.526679e+01   1.885495e-01   4.072215e-01  -6.313834e-01  -6.562021e-01   4.808216e-02   2.266334e+00   1.194504e-01   2.135937e-01   1.982870e-01   4.327394e-01   9.143277e-02   9.336625e-02
    95  -9.532209e-01  -9.704439e-01   4.192950e-02   3.005530e+01   1.877568e-01   4.062496e-01  -5.809383e-01  -6.054288e-01   5.094094e-02   1.612256e+00   1.166939e-01   2.441841e-01   2.291582e-01   4.584685e-01   7.501507e-02   8.883924e-02
    96  -9.180635e-01  -9.352865e-01   4.516681e-02   2.562316e+01   1.869688e-01   4.051388e-01  -5.310768e-01  -5.552923e-01   5.377208e-02   1.142506e+00   1.140611e-01   2.741823e-01   2.594422e-01   4.839488e-01   6.145633e-02   8.443399e-02
    97  -8.829061e-01  -9.001291e-01   4.869751e-02   2.185429e+01   1.861645e-01   4.039043e-01  -4.816730e-01  -5.056728e-01   5.655903e-02   8.056966e-01   1.115436e-01   3.035828e-01   2.891313e-01   5.090312e-01   5.028121e-02   8.016410e-02
    98  -8.477487e-01  -8.649717e-01   5.254033e-02   1.865668e+01   1.852945e-01   4.025152e-01  -4.325883e-01  -4.564376e-01   5.928652e-02   5.648270e-01   1.091363e-01   3.323840e-01   3.182221e-01   5.335787e-01   4.108795e-02   7.604027e-02
    99  -8.125913e-01  -8.298143e-01   5.671250e-02   1.592468e+01   1.844033e-01   4.009450e-01  -3.836732e-01  -4.074424e-01   6.194091e-02   3.932189e-01   1.068346e-01   3.605883e-01   3.467151e-01   5.574682e-01   3.353756e-02   7.207225e-02
   100  -7.774339e-01  -7.946569e-01   6.126734e-02   1.360011e+01   1.834331e-01   3.992221e-01  -3.347603e-01  -3.585285e-01   6.451030e-02   2.715047e-01   1.046368e-01   3.882014e-01   3.746143e-01   5.805927e-01   2.734634e-02   6.826594e-02
   101  -7.422765e-01  -7.594995e-01   6.622452e-02   1.162169e+01   1.823551e-01   3.972910e-01  -2.856626e-01  -3.095180e-01   6.698469e-02   1.856714e-01   1.025457e-01   4.152327e-01   4.019273e-01   6.028622e-01   2.227643e-02   6.462689e-02
   102  -7.071191e-01  -7.243422e-01   7.161385e-02   9.926584e+00   1.812128e-01   3.951002e-01  -2.361800e-01  -2.602169e-01   6.935597e-02   1.255936e-01   1.005632e-01   4.416939e-01   4.286648e-01   6.242038e-01   1.813037e-02   6.115652e-02
   103  -6.719617e-01  -6.891848e-01   7.749635e-02   8.480576e+00   1.799430e-01   3.926892e-01  -1.860886e-01  -2.104125e-01   7.161799e-02   8.389858e-02   9.869742e-02   4.676000e-01   4.548401e-01   6.445619e-01   1.474348e-02   5.785667e-02
   104  -6.368043e-01  -6.540274e-01   8.390198e-02   7.246295e+00   1.785304e-01   3.900024e-01  -1.351484e-01  -1.598720e-01   7.376638e-02   5.526551e-02   9.695940e-02   4.929675e-01   4.804689e-01   6.638974e-01   1.197997e-02   5.472492e-02
   105  -6.016469e-01  -6.188700e-01   9.086051e-02   6.187610e+00   1.770007e-01   3.869395e-01  -8.311801e-02  -1.083545e-01   7.579851e-02   3.585445e-02   9.535401e-02   5.178154e-01   5.055691e-01   6.821866e-01   9.727031e-03   5.176022e-02
   106  -5.664896e-01  -5.837126e-01   9.844823e-02   5.282225e+00   1.753175e-01   3.835388e-01  -2.976061e-02  -5.562039e-02   7.771330e-02   2.288618e-02   9.388744e-02   5.421638e-01   5.301602e-01   6.994197e-01   7.892184e-03   4.895749e-02
   107  -5.313322e-01  -5.485552e-01   1.067160e-01   4.507728e+00   1.734649e-01   3.797527e-01   2.508695e-02  -1.471558e-03   7.951106e-02   1.438058e-02   9.252620e-02   5.660345e-01   5.542631e-01   7.155996e-01   6.398905e-03   4.631323e-02
   108  -4.961748e-01  -5.133978e-01   1.156687e-01   3.843501e+00   1.714523e-01   3.754802e-01   8.146708e-02   5.419128e-02   8.119333e-02   8.912096e-03   9.120013e-02   5.894500e-01   5.779000e-01   7.307399e-01   5.184633e-03   4.382113e-02
   109  -4.610174e-01  -4.782404e-01   1.254073e-01   3.274007e+00   1.692667e-01   3.706431e-01   1.391822e-01   1.112827e-01   8.276263e-02   5.474624e-03   8.974222e-02   6.124336e-01   6.010938e-01   7.448636e-01   4.197901e-03   4.147554e-02
   110  -4.258600e-01  -4.430830e-01   1.359885e-01   2.786342e+00   1.668915e-01   3.652339e-01   1.976778e-01   1.694141e-01   8.422234e-02   3.362704e-03   8.786520e-02   6.350094e-01   6.238682e-01   7.580011e-01   3.396627e-03   3.926993e-02
   111  -3.907026e-01  -4.079256e-01   1.474417e-01   2.368572e+00   1.643255e-01   3.591856e-01   2.560374e-01   2.278372e-01   8.557652e-02   2.088517e-03   8.522501e-02   6.572014e-01   6.462472e-01   7.701887e-01   2.746403e-03   3.719721e-02
   112  -3.555452e-01  -3.727682e-01   1.598230e-01   2.009960e+00   1.615860e-01   3.522948e-01   3.131445e-01   2.855289e-01   8.682971e-02   1.325947e-03   8.157762e-02   6.790342e-01   6.682550e-01   7.814674e-01   2.219066e-03   3.525097e-02
   113  -3.203878e-01  -3.376109e-01   1.732147e-01   1.703049e+00   1.586433e-01   3.445355e-01   3.679904e-01   3.414327e-01   8.798682e-02   8.664006e-04   7.695526e-02   7.005319e-01   6.899160e-01   7.918814e-01   1.791688e-03   3.342385e-02
   114  -2.852304e-01  -3.024535e-01   1.876713e-01   1.440449e+00   1.555012e-01   3.358368e-01   4.199241e-01   3.947331e-01   8.905301e-02   5.834056e-04   7.166696e-02   7.217187e-01   7.112545e-01   8.014771e-01   1.445539e-03   3.170911e-02
   115  -2.500730e-01  -2.672961e-01   2.031843e-01   1.215721e+00   1.521722e-01   3.260263e-01   4.686984e-01   4.449956e-01   9.003354e-02   4.037105e-04   6.612328e-02   7.426186e-01   7.322944e-01   8.103019e-01   1.165366e-03   3.010000e-02
   116  -2.149156e-01  -2.321387e-01   2.198552e-01   1.023650e+00   1.486540e-01   3.149246e-01   5.143682e-01   4.921333e-01   9.093373e-02   2.858171e-04   6.066853e-02   7.632548e-01   7.530593e-01   8.184036e-01   9.387544e-04   2.858970e-02
   117  -1.797583e-01  -1.969813e-01   2.377266e-01   8.598197e-01   1.449405e-01   3.025015e-01   5.571528e-01   5.362872e-01   9.175884e-02   2.061320e-04   5.551961e-02   7.836503e-01   7.735723e-01   8.258295e-01   7.555899e-04   2.717198e-02
   118  -1.446009e-01  -1.618239e-01   2.567904e-01   7.202348e-01   1.410421e-01   2.886338e-01   5.973357e-01   5.777088e-01   9.251402e-02   1.508934e-04   5.077772e-02   8.038272e-01   7.938559e-01   8.326262e-01   6.076537e-04   2.584062e-02
   119  -1.094435e-01  -1.266665e-01   2.770806e-01   6.014432e-01   1.369739e-01   2.729625e-01   6.352106e-01   6.166859e-01   9.320429e-02   1.117872e-04   4.647285e-02   8.238071e-01   8.139321e-01   8.388386e-01   4.882640e-04   2.458964e-02
   120  -7.428608e-02  -9.150911e-02   2.986359e-01   5.006462e-01   1.327313e-01   2.556236e-01   6.710558e-01   6.535029e-01   9.383445e-02   8.361733e-05   4.259620e-02   8.436106e-01   8.338217e-01   8.445100e-01   3.919878e-04   2.341353e-02
   121  -3.912869e-02  -5.635172e-02   3.214156e-01   4.152890e-01   1.283276e-01   2.365291e-01   7.051169e-01   6.884202e-01   9.440910e-02   6.304836e-05   3.911698e-02   8.632575e-01   8.535451e-01   8.496819e-01   3.144156e-04   2.230698e-02
   122  -3.971298e-03  -2.119433e-02   3.454033e-01   3.431685e-01   1.237824e-01   2.154010e-01   7.376110e-01   7.216678e-01   9.493262e-02   4.785221e-05   3.599804e-02   8.827669e-01   8.731217e-01   8.543935e-01   2.519680e-04   2.126493e-02
   123   3.118609e-02   1.396306e-02   3.705987e-01   2.824338e-01   1.191019e-01   1.925953e-01   7.687276e-01   7.534479e-01   9.540910e-02   3.651707e-05   3.320182e-02   9.021565e-01   8.925699e-01   8.586819e-01   2.017408e-04   2.028270e-02
   124   6.634348e-02   4.912045e-02   3.968935e-01   2.314347e-01   1.143070e-01   1.680086e-01   7.986299e-01   7.839361e-01   9.584241e-02   2.799472e-05   3.069092e-02   9.214435e-01   9.119071e-01   8.625817e-01   1.613788e-04   1.935598e-02
   125   1.015009e-01   8.427784e-02   4.242470e-01   1.887687e-01   1.094144e-01   1.422025e-01   8.274611e-01   8.132847e-01   9.623618e-02   2.154296e-05   2.843295e-02   9.406439e-01   9.311498e-01   8.661256e-01   1.289748e-04   1.848064e-02
   126   1.366583e-01   1.194352e-01   4.525714e-01   1.532010e-01   1.044478e-01   1.151613e-01   8.553450e-01   8.416268e-01   9.659376e-02   1.663104e-05   2.639757e-02   9.597725e-01   9.503135e-01   8.693438e-01   1.029844e-04   1.765289e-02
   127   1.718157e-01   1.545926e-01   4.817029e-01   1.236803e-01   9.942878e-02   8.784910e-02   8.823903e-01   8.690782e-01   9.691827e-02   1.287336e-05   2.455876e-02   9.788435e-01   9.694127e-01   8.722644e-01   8.215777e-05   1.686924e-02
   128   2.069730e-01   1.897500e-01   5.115586e-01   9.928761e-02   9.438203e-02   6.094951e-02   9.086930e-01   8.957407e-01   9.721261e-02   9.986522e-06   2.289356e-02   9.978699e-01   9.884609e-01   8.749135e-01   6.548480e-05   1.612653e-02
   129   2.421304e-01   2.249074e-01   5.419461e-01   7.922648e-02   8.933878e-02   3.379310e-02   9.343365e-01   9.217040e-01   9.747945e-02   7.761446e-06   2.138141e-02   1.016864e+00   1.007471e+00   8.773151e-01   5.214983e-05   1.542177e-02
   130   2.772878e-01   2.600648e-01   5.725794e-01   6.281859e-02   8.431187e-02   1.011385e-02   9.593955e-01   9.470467e-01   9.772124e-02   6.041219e-06   2.000498e-02   1.035836e+00   1.026453e+00   8.794912e-01   4.149466e-05   1.475226e-02
   131   3.124452e-01   2.952222e-01   6.032762e-01   4.943146e-02   7.931929e-02  -1.328918e-02   9.839363e-01   9.718392e-01   9.794025e-02   4.708006e-06   1.874875e-02   1.054797e+00   1.045420e+00   8.814623e-01   3.298869e-05   1.411554e-02
   132   3.476026e-01   3.303796e-01   6.338940e-01   3.862049e-02   7.440720e-02  -3.344292e-02   1.008017e+00   9.961436e-01   9.813854e-02   3.672737e-06   1.759908e-02   1.073756e+00   1.064380e+00   8.832469e-01   2.620466e-05   1.350938e-02
   133   3.827600e-01   3.655370e-01   6.642499e-01   2.994831e-02   6.960359e-02  -5.046778e-02   1.031690e+00   1.020015e+00   9.831802e-02   2.867415e-06   1.654434e-02   1.092722e+00   1.083342e+00   8.848622e-01   2.079889e-05   1.293173e-02
   134   4.179174e-01   4.006944e-01   6.940054e-01   2.304206e-02   6.493715e-02  -6.591513e-02   1.055003e+00   1.043503e+00   9.848042e-02   2.240082e-06   1.557422e-02   1.111702e+00   1.102315e+00   8.863237e-01   1.649522e-05   1.238074e-02
   135   4.530748e-01   4.358518e-01   7.227852e-01   1.756132e-02   6.040097e-02  -7.787702e-02   1.077996e+00   1.066651e+00   9.862732e-02   1.750847e-06   1.467961e-02   1.130703e+00   1.121306e+00   8.876458e-01   1.307196e-05   1.185472e-02
   136   4.882322e-01   4.710091e-01   7.506620e-01   1.326753e-02   5.604155e-02  -8.738990e-02   1.100707e+00   1.089500e+00   9.876016e-02   1.368976e-06   1.385260e-02   1.149732e+00   1.140322e+00   8.888415e-01   1.035131e-05   1.135213e-02
   137   5.233896e-01   5.061665e-01   7.772010e-01   9.935377e-03   5.187934e-02  -9.519487e-02   1.123170e+00   1.112084e+00   9.888027e-02   1.070681e-06   1.308631e-02   1.168795e+00   1.159368e+00   8.899225e-01   8.190872e-06   1.087158e-02
   138   5.585470e-01   5.413239e-01   8.022695e-01   7.360001e-03   4.790878e-02  -1.014541e-01   1.145414e+00   1.134434e+00   9.898885e-02   8.375346e-07   1.237465e-02   1.187896e+00   1.178450e+00   8.908996e-01   6.476693e-06   1.041181e-02
   139   5.937044e-01   5.764813e-01   8.257795e-01   5.402825e-03   4.416262e-02  -1.057982e-01   1.167466e+00   1.156580e+00   9.908698e-02   6.552290e-07   1.171225e-02   1.207039e+00   1.197573e+00   8.917828e-01   5.117676e-06   9.971664e-03
   140   6.288617e-01   6.116387e-01   8.474890e-01   3.921981e-03   4.063399e-02  -1.085897e-01   1.189350e+00   1.178545e+00   9.917565e-02   5.126310e-07   1.109440e-02   1.226230e+00   1.216741e+00   8.925808e-01   4.041070e-06   9.550087e-03
   141   6.640191e-01   6.467961e-01   8.674035e-01   2.819995e-03   3.733902e-02  -1.101779e-01   1.211087e+00   1.200354e+00   9.925576e-02   4.010676e-07   1.051696e-02   1.245471e+00   1.235957e+00   8.933019e-01   3.188836e-06   9.146117e-03
   142   6.991765e-01   6.819535e-01   8.855294e-01   2.004706e-03   3.427162e-02  -1.107288e-01   1.232697e+00   1.222027e+00   9.932813e-02   3.137712e-07   9.976286e-03   1.264766e+00   1.255226e+00   8.939532e-01   2.514710e-06   8.758874e-03
   143   7.343339e-01   7.171109e-01   9.016719e-01   1.411095e-03   3.143441e-02  -1.101821e-01   1.254198e+00   1.243581e+00   9.939350e-02   2.454573e-07   9.469158e-03   1.284116e+00   1.274549e+00   8.945415e-01   1.981852e-06   8.387548e-03
   144   7.694913e-01   7.522683e-01   9.160873e-01   9.834044e-04   2.882045e-02  -1.086340e-01   1.275604e+00   1.265033e+00   9.945254e-02   1.919967e-07   8.992718e-03   1.303524e+00   1.293929e+00   8.950729e-01   1.560955e-06   8.031395e-03
   145   8.046487e-01   7.874257e-01   9.288052e-01   6.782479e-04   2.642182e-02  -1.060427e-01   1.296929e+00   1.286397e+00   9.950586e-02   1.501608e-07   8.544433e-03   1.322993e+00   1.313368e+00   8.955527e-01   1.228720e-06   7.689730e-03
   146   8.398061e-01   8.225831e-01   9.398118e-01   4.635700e-04   2.422799e-02  -1.025558e-01   1.318186e+00   1.307687e+00   9.955400e-02   1.174238e-07   8.122051e-03   1.342522e+00   1.332867e+00   8.959860e-01   9.666453e-07   7.361916e-03
   147   8.749635e-01   8.577405e-01   9.493349e-01   3.141548e-04   2.222624e-02  -9.827783e-02   1.339385e+00   1.328915e+00   9.959747e-02   9.180916e-08   7.723568e-03   1.362114e+00   1.352428e+00   8.963772e-01   7.600481e-07   7.047364e-03
   148   9.101209e-01   8.928978e-01   9.575176e-01   2.112390e-04   2.040258e-02  -9.331833e-02   1.360537e+00   1.350090e+00   9.963672e-02   7.176982e-08   7.347197e-03   1.381768e+00   1.372052e+00   8.967304e-01   5.972873e-07   6.745528e-03
   149   9.452783e-01   9.280552e-01   9.644892e-01   1.409976e-04   1.874323e-02  -8.777346e-02   1.381650e+00   1.371222e+00   9.967214e-02   5.609451e-08   6.991337e-03   1.401487e+00   1.391739e+00   8.970493e-01   4.691400e-07   6.455897e-03
   150   9.804357e-01   9.632126e-01   9.703948e-01   9.354479e-05   1.723265e-02  -8.184459e-02   1.402733e+00   1.392319e+00   9.970413e-02   4.383487e-08   6.654556e-03   1.421268e+00   1.411490e+00   8.973371e-01   3.683052e-07   6.177994e-03
   151   1.015593e+00   9.983700e-01   9.753501e-01   6.174480e-05   1.585652e-02  -7.567654e-02   1.423791e+00   1.413389e+00   9.973300e-02   3.424835e-08   6.335564e-03   1.441113e+00   1.431304e+00   8.975970e-01   2.890076e-07   5.911374e-03
   152   1.050750e+00   1.033527e+00   9.794920e-01   4.057972e-05   1.460146e-02  -6.949495e-02   1.444830e+00   1.434438e+00   9.975905e-02   2.675354e-08   6.033202e-03   1.461020e+00   1.451181e+00   8.978315e-01   2.266820e-07   5.655620e-03
   153   1.085908e+00   1.068685e+00   9.829551e-01   2.657854e-05   1.345516e-02  -6.336039e-02   1.465856e+00   1.455470e+00   9.978257e-02   2.089522e-08   5.746423e-03   1.480989e+00   1.471119e+00   8.980432e-01   1.777226e-07   5.410339e-03
   154   1.121065e+00   1.103842e+00   9.858440e-01   1.736075e-05   1.240663e-02  -5.747845e-02   1.486873e+00   1.476492e+00   9.980380e-02   1.631702e-08   5.474278e-03   1.501019e+00   1.491119e+00   8.982342e-01   1.392831e-07   5.175164e-03
   155   1.156223e+00   1.139000e+00   9.882463e-01   1.131684e-05   1.144609e-02  -5.185778e-02   1.507884e+00   1.497506e+00   9.982296e-02   1.273997e-08   5.215910e-03   1.521107e+00   1.511179e+00   8.984066e-01   1.091184e-07   4.949750e-03
   156   1.191380e+00   1.174157e+00   9.902435e-01   7.366434e-06   1.056481e-02  -4.660268e-02   1.528893e+00   1.518516e+00   9.984025e-02   9.945747e-09   4.970539e-03   1.541253e+00   1.531297e+00   8.985622e-01   8.545886e-08   4.733775e-03
   157   1.226537e+00   1.209314e+00   9.918999e-01   4.790678e-06   9.755038e-03  -4.175320e-02   1.549901e+00   1.539524e+00   9.985585e-02   7.763503e-09   4.737460e-03   1.561452e+00   1.551470e+00   8.987027e-01   6.691028e-08   4.526936e-03
   158   1.261695e+00   1.244472e+00   9.932637e-01   3.114099e-06   9.010063e-03  -3.728152e-02   1.570909e+00   1.560532e+00   9.986993e-02   6.059568e-09   4.516030e-03   1.581704e+00   1.571696e+00   8.988294e-01   5.237515e-08   4.328952e-03
   159   1.296852e+00   1.279629e+00   9.943959e-01   2.023938e-06   8.324062e-03  -3.325796e-02   1.591917e+00   1.581540e+00   9.988264e-02   4.729385e-09   4.305669e-03   1.602003e+00   1.591972e+00   8.989438e-01   4.098994e-08   4.139562e-03
   160   1.332010e+00   1.314787e+00   9.953351e-01   1.315604e-06   7.691790e-03  -2.960609e-02   1.612926e+00   1.602549e+00   9.989411e-02   3.691182e-09   4.105848e-03   1.622345e+00   1.612293e+00   8.990470e-01   3.207565e-08   3.958525e-03
   161   1.367167e+00   1.349944e+00   9.961159e-01   8.555095e-07   7.108673e-03  -2.630285e-02   1.633935e+00   1.623557e+00   9.990446e-02   2.881026e-09   3.916091e-03   1.642726e+00   1.632655e+00   8.991401e-01   2.509869e-08   3.785620e-03
   162   1.402324e+00   1.385101e+00   9.967650e-01   5.566335e-07   6.570626e-03  -2.337283e-02   1.654939e+00   1.644564e+00   9.991379e-02   2.248940e-09   3.735968e-03   1.663140e+00   1.653053e+00   8.992241e-01   1.963994e-08   3.620651e-03
   163   1.437482e+00   1.420259e+00   9.972994e-01   3.624279e-07   6.073952e-03  -2.073824e-02   1.675937e+00   1.665565e+00   9.992222e-02   1.755865e-09   3.565098e-03   1.683580e+00   1.673480e+00   8.993000e-01   1.537043e-08   3.463441e-03
   164   1.472639e+00   1.455416e+00   9.977441e-01   2.361713e-07   5.615398e-03  -1.837424e-02   1.696923e+00   1.686556e+00   9.992982e-02   1.371286e-09   3.403138e-03   1.704037e+00   1.693929e+00   8.993684e-01   1.203204e-08   3.313839e-03
   165   1.507797e+00   1.490573e+00   9.981153e-01   1.540365e-07   5.192064e-03  -1.628700e-02   1.717890e+00   1.707533e+00   9.993668e-02   1.071365e-09   3.249792e-03   1.724501e+00   1.714389e+00   8.994301e-01   9.422357e-09   3.171719e-03
   166   1.542954e+00   1.525731e+00   9.984248e-01   1.005718e-07   4.801346e-03  -1.440334e-02   1.738831e+00   1.728487e+00   9.994287e-02   8.374884e-10   3.104804e-03   1.744961e+00   1.734852e+00   8.994858e-01   7.382746e-09   3.036980e-03
   167   1.578111e+00   1.560888e+00   9.986812e-01   6.573246e-08   4.440869e-03  -1.269721e-02   1.759735e+00   1.749409e+00   9.994845e-02   6.551223e-10   2.967957e-03   1.765403e+00   1.755302e+00   8.995361e-01   5.788926e-09   2.909552e-03
   168   1.613269e+00   1.596046e+00   9.988952e-01   4.300897e-08   4.108553e-03  -1.117884e-02   1.780591e+00   1.770288e+00   9.995349e-02   5.129232e-10   2.839080e-03   1.785811e+00   1.775727e+00   8.995814e-01   4.543580e-09   2.789394e-03
   169   1.648426e+00   1.631203e+00   9.990745e-01   2.817431e-08   3.802544e-03  -9.781938e-03   1.801381e+00   1.791110e+00   9.995804e-02   4.020392e-10   2.718040e-03   1.806165e+00   1.796107e+00   8.996223e-01   3.570542e-09   2.676501e-03
   170   1.683583e+00   1.666360e+00   9.992250e-01   1.848088e-08   3.521342e-03  -8.435316e-03   1.822090e+00   1.811859e+00   9.996214e-02   3.155644e-10   2.604748e-03   1.826444e+00   1.816423e+00   8.996593e-01   2.810222e-09   2.570898e-03
   171   1.718741e+00   1.701518e+00   9.993497e-01   1.213889e-08   3.263490e-03  -7.186886e-03   1.842694e+00   1.832514e+00   9.996584e-02   2.481125e-10   2.499156e-03   1.846622e+00   1.836650e+00   8.996926e-01   2.216021e-09   2.472648e-03
   172   1.753898e+00   1.736675e+00   9.994547e-01   7.985098e-09   3.027786e-03  -5.963674e-03   1.863169e+00   1.853052e+00   9.996918e-02   1.954834e-10   2.401262e-03   1.866668e+00   1.856760e+00   8.997226e-01   1.751512e-09   2.381849e-03
   173   1.789056e+00   1.771833e+00   9.995433e-01   5.262083e-09   2.813638e-03  -4.604094e-03   1.883484e+00   1.873445e+00   9.997219e-02   1.544028e-10   2.311101e-03   1.886548e+00   1.876722e+00   8.997498e-01   1.388231e-09   2.298637e-03
   174   1.824213e+00   1.806990e+00   9.996177e-01   3.474723e-09   2.620509e-03  -3.159725e-03   1.903605e+00   1.893661e+00   9.997491e-02   1.223186e-10   2.228753e-03   1.906224e+00   1.896498e+00   8.997742e-01   1.103944e-09   2.223180e-03
   175   1.859370e+00   1.842147e+00   9.996803e-01   2.299871e-09   2.447996e-03  -1.549577e-03   1.923495e+00   1.913664e+00   9.997737e-02   9.724195e-11   2.154335e-03   1.925653e+00   1.916047e+00   8.997963e-01   8.812913e-10   2.155680e-03
   176   1.894528e+00   1.877305e+00   9.997334e-01   1.526569e-09   2.296257e-03   3.859910e-04   1.943109e+00   1.933412e+00   9.997958e-02   7.762209e-11   2.088036e-03   1.944787e+00   1.935325e+00   8.998162e-01   7.067203e-10   2.096367e-03
   177   1.929685e+00   1.912462e+00   9.997786e-01   1.017050e-09   2.167015e-03   3.057126e-03   1.962403e+00   1.952863e+00   9.998158e-02   6.224258e-11   2.030369e-03   1.963576e+00   1.954283e+00   8.998342e-01   5.696353e-10   2.045570e-03
   178   1.964843e+00   1.947620e+00   9.998171e-01   6.805510e-10   2.061582e-03   6.153875e-03   1.981350e+00   1.971980e+00   9.998338e-02   5.011239e-11   1.983788e-03   1.981976e+00   1.972874e+00   8.998504e-01   4.615726e-10   2.004530e-03
   179   2.000000e+00   1.982777e+00   9.998500e-01   4.564390e-10   1.989250e-03   8.246916e-03   2.000000e+00   1.990775e+00   9.998500e-02   4.034204e-11   1.957780e-03   2.000000e+00   1.991082e+00   8.998650e-01   3.748875e-10   1.980536e-03
