     i          log_r       log_rmid          m_tot        rho_tot         v2_tot            eta     lgr[heavy]    lgrm[heavy]       m[heavy]     rho[heavy]      v2[heavy]     lgr[light]    lgrm[light]       m[light]     rho[light]      v2[light]
     0  -4.486956e+00  -4.787986e+00   1.043315e-07   8.751940e+06   1.785622e-01            nan  -4.486956e+00  -4.787986e+00   9.998500e-08   8.668114e+06   1.768906e-01  -3.059815e+00  -3.360845e+00   8.998650e-07   4.080776e+03   3.551177e-01
     1  -4.450716e+00  -4.468458e+00   1.331252e-07   8.625845e+06   1.777535e-01            nan  -4.464414e+00  -4.475539e+00   1.166721e-07   8.586032e+06   1.768875e-01  -3.018510e+00  -3.038671e+00   1.050049e-06   2.062614e+03   3.559587e-01
     2  -4.414476e+00  -4.432218e+00   1.699562e-07   8.607548e+06   1.776911e-01            nan  -4.441880e+00  -4.453001e+00   1.361439e-07   8.577140e+06   1.768871e-01  -2.977765e+00  -2.997660e+00   1.225295e-06   1.837994e+03   3.560953e-01
     3  -4.378236e+00  -4.395978e+00   2.170671e-07   8.586692e+06   1.776332e-01            nan  -4.419349e+00  -4.430468e+00   1.588651e-07   8.567326e+06   1.768868e-01  -2.937435e+00  -2.957132e+00   1.429786e-06   1.637649e+03   3.562013e-01
     4  -4.341996e+00  -4.359738e+00   2.773171e-07   8.563155e+06   1.775795e-01            nan  -4.396819e+00  -4.407938e+00   1.853780e-07   8.556495e+06   1.768863e-01  -2.897433e+00  -2.916973e+00   1.668402e-06   1.459892e+03   3.562540e-01
     5  -4.305756e+00  -4.323498e+00   3.543582e-07   8.536089e+06   1.775297e-01            nan  -4.374287e+00  -4.385407e+00   2.163150e-07   8.544539e+06   1.768859e-01  -2.857705e+00  -2.877115e+00   1.946835e-06   1.302451e+03   3.562343e-01
     6  -4.269516e+00  -4.287258e+00   4.528261e-07   8.504996e+06   1.774834e-01            nan  -4.351751e+00  -4.362873e+00   2.524142e-07   8.531339e+06   1.768854e-01  -2.818231e+00  -2.837520e+00   2.271728e-06   1.163504e+03   3.561170e-01
     7  -4.233276e+00  -4.251018e+00   5.786394e-07   8.469407e+06   1.774404e-01            nan  -4.329207e+00  -4.340333e+00   2.945370e-07   8.516763e+06   1.768848e-01  -2.779009e+00  -2.798177e+00   2.650833e-06   1.041224e+03   3.558765e-01
     8  -4.197036e+00  -4.214778e+00   7.392999e-07   8.427781e+06   1.774005e-01            nan  -4.306654e+00  -4.317784e+00   3.436881e-07   8.500669e+06   1.768842e-01  -2.740048e+00  -2.759091e+00   3.093193e-06   9.336923e+02   3.554898e-01
     9  -4.160796e+00  -4.178538e+00   9.442964e-07   8.380032e+06   1.773633e-01            nan  -4.284087e+00  -4.295224e+00   4.010398e-07   8.482897e+06   1.768835e-01  -2.701370e+00  -2.720279e+00   3.609358e-06   8.393707e+02   3.549326e-01
    10  -4.124556e+00  -4.142298e+00   1.205708e-06   8.324452e+06   1.773287e-01            nan  -4.261506e+00  -4.272650e+00   4.679601e-07   8.463273e+06   1.768828e-01  -2.662998e+00  -2.681760e+00   4.211641e-06   7.565567e+02   3.541861e-01
    11  -4.088316e+00  -4.106058e+00   1.538588e-06   8.260013e+06   1.772964e-01            nan  -4.238906e+00  -4.250059e+00   5.460446e-07   8.441604e+06   1.768820e-01  -2.624954e+00  -2.643559e+00   4.914402e-06   6.838978e+02   3.532381e-01
    12  -4.052076e+00  -4.069819e+00   1.962109e-06   8.185890e+06   1.772662e-01            nan  -4.216285e+00  -4.227449e+00   6.371554e-07   8.417679e+06   1.768811e-01  -2.587260e+00  -2.605698e+00   5.734398e-06   6.200296e+02   3.520769e-01
    13  -4.015836e+00  -4.033579e+00   2.500078e-06   8.099131e+06   1.772380e-01            nan  -4.193640e+00  -4.204815e+00   7.434644e-07   8.391267e+06   1.768801e-01  -2.549930e+00  -2.568194e+00   6.691180e-06   5.637990e+02   3.507070e-01
    14  -3.979596e+00  -3.997339e+00   3.182185e-06   8.000004e+06   1.772114e-01            nan  -4.170968e+00  -4.182156e+00   8.675058e-07   8.362112e+06   1.768789e-01  -2.512975e+00  -2.531060e+00   7.807552e-06   5.141677e+02   3.491289e-01
    15  -3.943356e+00  -3.961099e+00   4.045657e-06   7.884659e+06   1.771863e-01            nan  -4.148264e+00  -4.159467e+00   1.012236e-06   8.329936e+06   1.768777e-01  -2.476399e+00  -2.494302e+00   9.110122e-06   4.702145e+02   3.473590e-01
    16  -3.907117e+00  -3.924859e+00   5.135245e-06   7.752864e+06   1.771625e-01            nan  -4.125524e+00  -4.136745e+00   1.181103e-06   8.294435e+06   1.768764e-01  -2.440200e+00  -2.457922e+00   1.062993e-05   4.311566e+02   3.454141e-01
    17  -3.870877e+00  -3.888619e+00   6.507994e-06   7.601708e+06   1.771400e-01            nan  -4.102745e+00  -4.113985e+00   1.378130e-06   8.255274e+06   1.768749e-01  -2.404368e+00  -2.421915e+00   1.240317e-05   3.963109e+02   3.433129e-01
    18  -3.834637e+00  -3.852379e+00   8.229283e-06   7.429233e+06   1.771185e-01            nan  -4.079922e+00  -4.091184e+00   1.608010e-06   8.212091e+06   1.768732e-01  -2.368892e+00  -2.386268e+00   1.447209e-05   3.650777e+02   3.410892e-01
    19  -3.798397e+00  -3.816139e+00   1.038348e-05   7.234296e+06   1.770979e-01            nan  -4.057049e+00  -4.068335e+00   1.876216e-06   8.164490e+06   1.768714e-01  -2.333753e+00  -2.350967e+00   1.688595e-05   3.369852e+02   3.387533e-01
    20  -3.762157e+00  -3.779899e+00   1.306295e-05   7.013609e+06   1.770781e-01            nan  -4.034120e+00  -4.045433e+00   2.189133e-06   8.112042e+06   1.768694e-01  -2.298929e+00  -2.315992e+00   1.970220e-05   3.115660e+02   3.363534e-01
    21  -3.725917e+00  -3.743659e+00   1.638737e-05   6.767789e+06   1.770590e-01            nan  -4.011129e+00  -4.022472e+00   2.554206e-06   8.054280e+06   1.768672e-01  -2.264398e+00  -2.281320e+00   2.298786e-05   2.885115e+02   3.338858e-01
    22  -3.689677e+00  -3.707419e+00   2.047751e-05   6.493961e+06   1.770408e-01            nan  -3.988069e+00  -3.999446e+00   2.980121e-06   7.990700e+06   1.768648e-01  -2.230132e+00  -2.246927e+00   2.682109e-05   2.674630e+02   3.314028e-01
    23  -3.653437e+00  -3.671179e+00   2.549556e-05   6.193216e+06   1.770232e-01            nan  -3.964932e+00  -3.976346e+00   3.477003e-06   7.920762e+06   1.768622e-01  -2.196105e+00  -2.212785e+00   3.129303e-05   2.482117e+02   3.288941e-01
    24  -3.617197e+00  -3.634939e+00   3.158998e-05   5.867098e+06   1.770066e-01            nan  -3.941709e+00  -3.953165e+00   4.056664e-06   7.843883e+06   1.768592e-01  -2.162290e+00  -2.178869e+00   3.650997e-05   2.305104e+02   3.263943e-01
    25  -3.580957e+00  -3.598699e+00   3.895207e-05   5.513452e+06   1.769911e-01            nan  -3.918389e+00  -3.929893e+00   4.732872e-06   7.759441e+06   1.768560e-01  -2.128660e+00  -2.145150e+00   4.259585e-05   2.142053e+02   3.238946e-01
    26  -3.544717e+00  -3.562459e+00   4.778410e-05   5.141278e+06   1.769769e-01            nan  -3.894963e+00  -3.906518e+00   5.521683e-06   7.666774e+06   1.768525e-01  -2.095188e+00  -2.111602e+00   4.969515e-05   1.991267e+02   3.214146e-01
    27  -3.508477e+00  -3.526219e+00   5.822594e-05   4.749851e+06   1.769646e-01            nan  -3.871418e+00  -3.883031e+00   6.441814e-06   7.565184e+06   1.768487e-01  -2.061851e+00  -2.078200e+00   5.797633e-05   1.851603e+02   3.189456e-01
    28  -3.472237e+00  -3.489979e+00   7.051207e-05   4.344780e+06   1.769548e-01            nan  -3.847739e+00  -3.859417e+00   7.515084e-06   7.453935e+06   1.768445e-01  -2.028624e+00  -2.044920e+00   6.763576e-05   1.721860e+02   3.164997e-01
    29  -3.435997e+00  -3.453739e+00   8.482438e-05   3.935672e+06   1.769479e-01            nan  -3.823911e+00  -3.835662e+00   8.766923e-06   7.332264e+06   1.768399e-01  -1.995484e+00  -2.011738e+00   7.890231e-05   1.601189e+02   3.140685e-01
    30  -3.399757e+00  -3.417499e+00   1.013203e-04   3.528658e+06   1.769449e-01            nan  -3.799917e+00  -3.811749e+00   1.022697e-05   7.199380e+06   1.768349e-01  -1.962410e+00  -1.978632e+00   9.204273e-05   1.488695e+02   3.116637e-01
    31  -3.363517e+00  -3.381259e+00   1.200966e-04   3.130136e+06   1.769469e-01            nan  -3.775737e+00  -3.787659e+00   1.192976e-05   7.054481e+06   1.768295e-01  -1.929383e+00  -1.945583e+00   1.073678e-04   1.383747e+02   3.092777e-01
    32  -3.327277e+00  -3.345019e+00   1.412060e-04   2.744708e+06   1.769555e-01            nan  -3.751349e+00  -3.763372e+00   1.391553e-05   6.896761e+06   1.768237e-01  -1.896381e+00  -1.912568e+00   1.252398e-04   1.285651e+02   3.069260e-01
    33  -3.291037e+00  -3.308779e+00   1.647485e-04   2.380903e+06   1.769719e-01            nan  -3.726727e+00  -3.738864e+00   1.623115e-05   6.725425e+06   1.768173e-01  -1.863388e+00  -1.879571e+00   1.460803e-04   1.193949e+02   3.045982e-01
    34  -3.254797e+00  -3.272539e+00   1.907422e-04   2.044131e+06   1.769979e-01            nan  -3.701843e+00  -3.714107e+00   1.893121e-05   6.539713e+06   1.768105e-01  -1.830386e+00  -1.846573e+00   1.703808e-04   1.108101e+02   3.023129e-01
    35  -3.218557e+00  -3.236299e+00   2.191524e-04   1.737926e+06   1.770350e-01            nan  -3.676665e+00  -3.689071e+00   2.207926e-05   6.338925e+06   1.768031e-01  -1.797361e+00  -1.813559e+00   1.987134e-04   1.027793e+02   3.000491e-01
    36  -3.182317e+00  -3.200059e+00   2.496882e-04   1.462836e+06   1.770866e-01            nan  -3.651155e+00  -3.663723e+00   2.574932e-05   6.122448e+06   1.767952e-01  -1.764299e+00  -1.780515e+00   2.317439e-04   9.526115e+01   2.978230e-01
    37  -3.146077e+00  -3.163819e+00   2.824105e-04   1.220427e+06   1.771552e-01            nan  -3.625273e+00  -3.638021e+00   3.002750e-05   5.889795e+06   1.767869e-01  -1.731190e+00  -1.747429e+00   2.702475e-04   8.823340e+01   2.956032e-01
    38  -3.109837e+00  -3.127579e+00   3.173151e-04   1.010750e+06   1.772424e-01            nan  -3.598969e+00  -3.611922e+00   3.501400e-05   5.640651e+06   1.767780e-01  -1.698027e+00  -1.714292e+00   3.151260e-04   8.166766e+01   2.933853e-01
    39  -3.073597e+00  -3.091339e+00   3.544835e-04   8.320931e+05   1.773496e-01            nan  -3.572189e+00  -3.585373e+00   4.082538e-05   5.374922e+06   1.767688e-01  -1.664807e+00  -1.681100e+00   3.674284e-04   7.554447e+01   2.911357e-01
    40  -3.037357e+00  -3.055099e+00   3.933855e-04   6.817083e+05   1.774774e-01   5.042333e-01  -3.544870e+00  -3.558315e+00   4.759714e-05   5.092794e+06   1.767591e-01  -1.631529e+00  -1.647849e+00   4.283742e-04   6.984143e+01   2.888342e-01
    41  -3.001117e+00  -3.018859e+00   4.337112e-04   5.548891e+05   1.776303e-01   5.041102e-01  -3.516937e+00  -3.530679e+00   5.548679e-05   4.794799e+06   1.767492e-01  -1.598194e+00  -1.614542e+00   4.993811e-04   6.453801e+01   2.864549e-01
    42  -2.964877e+00  -2.982619e+00   4.765214e-04   4.506697e+05   1.777964e-01   5.039423e-01  -3.488307e+00  -3.502386e+00   6.467734e-05   4.481886e+06   1.767392e-01  -1.564808e+00  -1.581180e+00   5.820960e-04   5.961216e+01   2.839754e-01
    43  -2.928637e+00  -2.946379e+00   5.203728e-04   3.651905e+05   1.779833e-01   5.036657e-01  -3.458881e+00  -3.473345e+00   7.538125e-05   4.155490e+06   1.767292e-01  -1.531373e+00  -1.547769e+00   6.784313e-04   5.504020e+01   2.813926e-01
    44  -2.892397e+00  -2.910139e+00   5.662498e-04   2.954193e+05   1.781987e-01   5.032211e-01  -3.428543e+00  -3.443447e+00   8.784517e-05   3.817610e+06   1.767197e-01  -1.497895e+00  -1.514311e+00   7.906065e-04   5.079893e+01   2.786924e-01
    45  -2.856157e+00  -2.873899e+00   6.140795e-04   2.389231e+05   1.784284e-01   5.026356e-01  -3.397158e+00  -3.412567e+00   1.023551e-04   3.470868e+06   1.767111e-01  -1.464375e+00  -1.480812e+00   9.211963e-04   4.686269e+01   2.759014e-01
    46  -2.819917e+00  -2.837659e+00   6.633600e-04   1.933611e+05   1.786798e-01   5.018394e-01  -3.364569e+00  -3.380558e+00   1.192428e-04   3.118557e+06   1.767039e-01  -1.430814e+00  -1.447270e+00   1.073185e-03   4.320862e+01   2.730226e-01
    47  -2.783677e+00  -2.801419e+00   7.151914e-04   1.565760e+05   1.789415e-01   5.008203e-01  -3.330588e+00  -3.347246e+00   1.388921e-04   2.764660e+06   1.766990e-01  -1.397209e+00  -1.413686e+00   1.250029e-03   3.981310e+01   2.700884e-01
    48  -2.747437e+00  -2.765179e+00   7.686939e-04   1.271760e+05   1.792018e-01   4.995943e-01  -3.294996e+00  -3.312428e+00   1.617478e-04   2.413829e+06   1.766975e-01  -1.363554e+00  -1.380055e+00   1.455730e-03   3.665528e+01   2.671219e-01
    49  -2.711197e+00  -2.728939e+00   8.250073e-04   1.033623e+05   1.794710e-01   4.980923e-01  -3.257532e+00  -3.275860e+00   1.883238e-04   2.071302e+06   1.767011e-01  -1.329842e+00  -1.346371e+00   1.694914e-03   3.371666e+01   2.641436e-01
    50  -2.674957e+00  -2.692699e+00   8.838938e-04   8.447319e+04   1.796923e-01   4.964800e-01  -3.217891e+00  -3.237259e+00   2.192140e-04   1.742740e+06   1.767121e-01  -1.296063e+00  -1.312624e+00   1.972926e-03   3.097958e+01   2.611886e-01
    51  -2.638717e+00  -2.656459e+00   9.457596e-04   6.904417e+04   1.799310e-01   4.944956e-01  -3.175713e+00  -3.196290e+00   2.551039e-04   1.433976e+06   1.767338e-01  -1.262208e+00  -1.278806e+00   2.295935e-03   2.843152e+01   2.582533e-01
    52  -2.602477e+00  -2.620219e+00   1.011378e-03   5.685197e+04   1.800497e-01   4.926166e-01  -3.130585e+00  -3.152563e+00   2.967831e-04   1.150657e+06   1.767706e-01  -1.228269e+00  -1.244907e+00   2.671048e-03   2.605931e+01   2.553616e-01
    53  -2.566237e+00  -2.583979e+00   1.080518e-03   4.684217e+04   1.801777e-01   4.903498e-01  -3.082038e+00  -3.105634e+00   3.451610e-04   8.977942e+05   1.768288e-01  -1.194238e+00  -1.210920e+00   3.106449e-03   2.385392e+01   2.524979e-01
    54  -2.529997e+00  -2.547739e+00   1.154406e-03   3.883746e+04   1.801562e-01   4.882860e-01  -3.029567e+00  -3.055011e+00   4.012824e-04   6.792421e+05   1.769168e-01  -1.160112e+00  -1.176840e+00   3.611542e-03   2.180669e+01   2.496472e-01
    55  -2.493757e+00  -2.511499e+00   1.233188e-03   3.228284e+04   1.800882e-01   4.860362e-01  -2.972661e+00  -3.000183e+00   4.663463e-04   4.971858e+05   1.770444e-01  -1.125890e+00  -1.142664e+00   4.197117e-03   1.990903e+01   2.468040e-01
    56  -2.457517e+00  -2.475259e+00   1.317429e-03   2.694504e+04   1.798925e-01   4.839351e-01  -2.910882e+00  -2.940674e+00   5.417261e-04   3.517362e+05   1.772219e-01  -1.091574e+00  -1.108393e+00   4.875535e-03   1.815403e+01   2.439317e-01
    57  -2.421277e+00  -2.439019e+00   1.408709e-03   2.258869e+04   1.795593e-01   4.820401e-01  -2.843979e+00  -2.876143e+00   6.289911e-04   2.407755e+05   1.774540e-01  -1.057171e+00  -1.074032e+00   5.660920e-03   1.653364e+01   2.410189e-01
    58  -2.385037e+00  -2.402779e+00   1.506559e-03   1.897592e+04   1.791568e-01   4.801402e-01  -2.772057e+00  -2.806531e+00   7.299314e-04   1.601722e+05   1.777277e-01  -1.022688e+00  -1.039588e+00   6.569382e-03   1.504011e+01   2.380460e-01
    59  -2.348797e+00  -2.366540e+00   1.613354e-03   1.602399e+04   1.785338e-01   4.788636e-01  -2.695738e+00  -2.732223e+00   8.465830e-04   1.044030e+05   1.779925e-01  -9.881353e-01  -1.005068e+00   7.619247e-03   1.366582e+01   2.349859e-01
    60  -2.312557e+00  -2.330300e+00   1.728726e-03   1.354231e+04   1.778989e-01   4.774643e-01  -2.616216e+00  -2.654159e+00   9.812558e-04   6.746302e+04   1.781373e-01  -9.535216e-01  -9.704837e-01   8.831303e-03   1.240252e+01   2.318414e-01
    61  -2.276317e+00  -2.294060e+00   1.854960e-03   1.149855e+04   1.770178e-01   4.769198e-01  -2.535125e+00  -2.573781e+00   1.136562e-03   4.378676e+04   1.779881e-01  -9.188574e-01  -9.358437e-01   1.022906e-02   1.124253e+01   2.285972e-01
    62  -2.240077e+00  -2.257820e+00   1.992377e-03   9.766615e+03   1.761564e-01   4.762492e-01  -2.454187e+00  -2.492773e+00   1.315444e-03   2.887525e+04   1.773482e-01  -8.841525e-01  -9.011583e-01   1.183900e-02   1.017841e+01   2.252376e-01
    63  -2.203838e+00  -2.221580e+00   2.142989e-03   8.322138e+03   1.750938e-01   4.763934e-01  -2.374844e+00  -2.412706e+00   1.521208e-03   1.948803e+04   1.760785e-01  -8.494148e-01  -8.664364e-01   1.369088e-02   9.202475e+00   2.217775e-01
    64  -2.167598e+00  -2.185340e+00   2.307620e-03   7.093295e+03   1.740595e-01   4.764812e-01  -2.298024e+00  -2.334737e+00   1.757548e-03   1.349159e+04   1.741643e-01  -8.146505e-01  -8.316849e-01   1.581793e-02   8.307779e+00   2.182129e-01
    65  -2.131358e+00  -2.149100e+00   2.488465e-03   6.054865e+03   1.729121e-01   4.771305e-01  -2.224124e+00  -2.259504e+00   2.028572e-03   9.564610e+03   1.717188e-01  -7.798641e-01  -7.969091e-01   1.825715e-02   7.487776e+00   2.145425e-01
    66  -2.095118e+00  -2.112860e+00   2.686196e-03   5.169555e+03   1.717958e-01   4.777864e-01  -2.153133e+00  -2.187180e+00   2.338830e-03   6.915846e+03   1.689297e-01  -7.450560e-01  -7.621114e-01   2.104947e-02   6.736020e+00   2.107911e-01
    67  -2.058878e+00  -2.076620e+00   2.903900e-03   4.414165e+03   1.706555e-01   4.787028e-01  -2.084788e+00  -2.117617e+00   2.693323e-03   5.076234e+03   1.659908e-01  -7.102235e-01  -7.272906e-01   2.423991e-02   6.046757e+00   2.069743e-01
    68  -2.022638e+00  -2.040380e+00   3.141431e-03   3.768820e+03   1.695564e-01   4.796316e-01  -2.018711e+00  -2.050494e+00   3.097518e-03   3.765386e+03   1.630547e-01  -6.753612e-01  -6.924427e-01   2.787766e-02   5.414896e+00   2.031045e-01
    69  -1.986398e+00  -2.004140e+00   3.403271e-03   3.215825e+03   1.684945e-01   4.806119e-01  -1.954498e+00  -1.985419e+00   3.557342e-03   2.811972e+03   1.602165e-01  -6.404609e-01  -6.575606e-01   3.201608e-02   4.835827e+00   1.992031e-01
    70  -1.950158e+00  -1.967900e+00   3.688648e-03   2.742170e+03   1.674946e-01   4.815656e-01  -1.891770e+00  -1.922002e+00   4.079169e-03   2.107942e+03   1.575204e-01  -6.055110e-01  -6.226345e-01   3.671252e-02   4.305381e+00   1.952998e-01
    71  -1.913918e+00  -1.931660e+00   4.002115e-03   2.336658e+03   1.665601e-01   4.824960e-01  -1.830195e+00  -1.859892e+00   4.669785e-03   1.582575e+03   1.549820e-01  -5.705001e-01  -5.876529e-01   4.202806e-02   3.820205e+00   1.914043e-01
    72  -1.877678e+00  -1.895420e+00   4.344038e-03   1.988275e+03   1.657178e-01   4.833378e-01  -1.769492e+00  -1.798784e+00   5.336336e-03   1.187839e+03   1.526133e-01  -5.354177e-01  -5.526047e-01   4.802703e-02   3.377427e+00   1.875199e-01
    73  -1.841438e+00  -1.859180e+00   4.717726e-03   1.691306e+03   1.649467e-01   4.841756e-01  -1.709425e+00  -1.738420e+00   6.086254e-03   8.900732e+02   1.504379e-01  -5.002563e-01  -5.174812e-01   5.477629e-02   2.974529e+00   1.836484e-01
    74  -1.805198e+00  -1.822940e+00   5.125132e-03   1.435500e+03   1.643083e-01   4.848075e-01  -1.649805e+00  -1.678593e+00   6.927149e-03   6.651514e+02   1.484862e-01  -4.650120e-01  -4.822767e-01   6.234434e-02   2.609217e+00   1.797899e-01
    75  -1.768958e+00  -1.786700e+00   5.569352e-03   1.217787e+03   1.637647e-01   4.853656e-01  -1.590501e+00  -1.619142e+00   7.866679e-03   4.954926e+02   1.467688e-01  -4.296873e-01  -4.469906e-01   7.080011e-02   2.279453e+00   1.759264e-01
    76  -1.732718e+00  -1.750460e+00   6.052025e-03   1.031663e+03   1.633524e-01   4.856756e-01  -1.531453e+00  -1.559975e+00   8.912390e-03   3.680583e+02   1.452406e-01  -3.942913e-01  -4.116288e-01   8.021151e-02   1.983223e+00   1.720369e-01
    77  -1.696478e+00  -1.714220e+00   6.577118e-03   8.727946e+02   1.630924e-01   4.856126e-01  -1.472692e+00  -1.501080e+00   1.007152e-02   2.729390e+02   1.437841e-01  -3.588403e-01  -3.762042e-01   9.064369e-02   1.718474e+00   1.681002e-01
    78  -1.660238e+00  -1.677980e+00   7.147296e-03   7.381254e+02   1.629407e-01   4.852308e-01  -1.414328e+00  -1.442531e+00   1.135078e-02   2.023927e+02   1.422406e-01  -3.233564e-01  -3.407360e-01   1.021570e-01   1.483076e+00   1.641049e-01
    79  -1.623998e+00  -1.641740e+00   7.764844e-03   6.230124e+02   1.629959e-01   4.840641e-01  -1.356513e+00  -1.384459e+00   1.275612e-02   1.502806e+02   1.404830e-01  -2.878669e-01  -3.052492e-01   1.148050e-01   1.274837e+00   1.600404e-01
    80  -1.587758e+00  -1.605500e+00   8.436316e-03   5.258290e+02   1.631560e-01   4.824228e-01  -1.299381e+00  -1.327008e+00   1.429243e-02   1.117904e+02   1.384796e-01  -2.524037e-01  -2.697734e-01   1.286319e-01   1.091565e+00   1.558964e-01
    81  -1.551518e+00  -1.569260e+00   9.160954e-03   4.435774e+02   1.634487e-01   4.801246e-01  -1.243006e+00  -1.270279e+00   1.596333e-02   8.327020e+01   1.362979e-01  -2.170025e-01  -2.343425e-01   1.436700e-01   9.310807e-01   1.516662e-01
    82  -1.515278e+00  -1.533020e+00   9.947685e-03   3.741157e+02   1.638327e-01   4.773313e-01  -1.187399e+00  -1.214313e+00   1.777087e-02   6.204177e+01   1.340598e-01  -1.817020e-01  -1.989937e-01   1.599378e-01   7.912492e-01   1.473474e-01
    83  -1.479038e+00  -1.496780e+00   1.080101e-02   3.157100e+02   1.642720e-01   4.741568e-01  -1.132522e+00  -1.159095e+00   1.971527e-02   4.618147e+01   1.318879e-01  -1.465425e-01  -1.637665e-01   1.774374e-01   6.699924e-01   1.429488e-01
    84  -1.442798e+00  -1.460540e+00   1.172388e-02   2.665115e+02   1.647198e-01   4.709420e-01  -1.078321e+00  -1.104577e+00   2.179475e-02   3.431334e+01   1.298668e-01  -1.115662e-01  -1.287024e-01   1.961527e-01   5.653486e-01   1.384726e-01
    85  -1.406558e+00  -1.424300e+00   1.272835e-02   2.251905e+02   1.651501e-01   4.678281e-01  -1.024757e+00  -1.050714e+00   2.400535e-02   2.544252e+01   1.280185e-01  -7.681670e-02  -9.384401e-02   2.160481e-01   4.754660e-01   1.339231e-01
    86  -1.370318e+00  -1.388060e+00   1.381734e-02   1.904638e+02   1.655642e-01   4.648916e-01  -9.718281e-01  -9.974866e-01   2.634082e-02   1.883335e+01   1.263020e-01  -4.233742e-02  -5.923498e-02   2.370673e-01   3.986097e-01   1.293111e-01
    87  -1.334078e+00  -1.351820e+00   1.500148e-02   1.612038e+02   1.659013e-01   4.626582e-01  -9.195750e-01  -9.449162e-01   2.879262e-02   1.392861e+01   1.246413e-01  -8.170998e-03  -2.491831e-02   2.591336e-01   3.331715e-01   1.246528e-01
    88  -1.297838e+00  -1.315580e+00   1.629297e-02   1.365607e+02   1.662417e-01   4.607279e-01  -8.680628e-01  -8.930556e-01   3.134998e-02   1.029992e+01   1.229597e-01   2.564060e-02   9.063764e-03   2.821498e-01   2.776915e-01   1.199588e-01
    89  -1.261598e+00  -1.279340e+00   1.769392e-02   1.157514e+02   1.665663e-01   4.593107e-01  -8.173588e-01  -8.419713e-01   3.400006e-02   7.619320e+00   1.212074e-01   5.905741e-02   4.267033e-02   3.060005e-01   2.308392e-01   1.152460e-01
    90  -1.225358e+00  -1.243100e+00   1.922189e-02   9.811814e+01   1.669284e-01   4.582566e-01  -7.675145e-01  -7.917220e-01   3.672816e-02   5.638921e+00   1.193576e-01   9.204255e-02   7.586306e-02   3.305535e-01   1.914171e-01   1.105356e-01
    91  -1.189118e+00  -1.206860e+00   2.088950e-02   8.321848e+01   1.673398e-01   4.573121e-01  -7.185555e-01  -7.423454e-01   3.951809e-02   4.174285e+00   1.174023e-01   1.245614e-01   1.086063e-01   3.556628e-01   1.583671e-01   1.058417e-01
    92  -1.152878e+00  -1.170620e+00   2.269846e-02   7.056517e+01   1.678364e-01   4.563264e-01  -6.704776e-01  -6.938516e-01   4.235249e-02   3.089261e+00   1.153433e-01   1.565843e-01   1.408680e-01   3.811724e-01   1.307444e-01   1.011896e-01
    93  -1.116638e+00  -1.134380e+00   2.467337e-02   5.983316e+01   1.684343e-01   4.550357e-01  -6.232443e-01  -6.462191e-01   4.521329e-02   2.283924e+00   1.131935e-01   1.880848e-01   1.726201e-01   4.069196e-01   1.077301e-01   9.659536e-02
    94  -1.080398e+00  -1.098140e+00   2.682910e-02   5.076308e+01   1.690882e-01   4.533723e-01  -5.767874e-01  -5.993949e-01   4.808216e-02   1.685120e+00   1.109775e-01   2.190413e-01   2.038388e-01   4.327394e-01   8.860739e-02   9.207942e-02
    95  -1.044158e+00  -1.061900e+00   2.916786e-02   4.306454e+01   1.698291e-01   4.510961e-01  -5.310052e-01  -5.532933e-01   5.094094e-02   1.239224e+00   1.087298e-01   2.494366e-01   2.345048e-01   4.584685e-01   7.275897e-02   8.765938e-02
    96  -1.007918e+00  -1.025660e+00   3.172416e-02   3.655348e+01   1.705925e-01   4.482616e-01  -4.857648e-01  -5.077962e-01   5.377208e-02   9.070039e-01   1.064938e-01   2.792582e-01   2.646033e-01   4.839488e-01   5.965522e-02   8.335085e-02
    97  -9.716782e-01  -9.894203e-01   3.452078e-02   3.106046e+01   1.713173e-01   4.449162e-01  -4.409060e-01  -4.627565e-01   5.655903e-02   6.596810e-01   1.043165e-01   3.084981e-01   2.941242e-01   5.090312e-01   4.884338e-02   7.916928e-02
    98  -9.354383e-01  -9.531804e-01   3.755992e-02   2.641394e+01   1.719836e-01   4.410993e-01  -3.962420e-01  -4.180001e-01   5.928652e-02   4.759831e-01   1.022416e-01   3.371525e-01   3.230616e-01   5.335787e-01   3.994060e-02   7.512530e-02
    99  -8.991983e-01  -9.169404e-01   4.089036e-02   2.248538e+01   1.725276e-01   4.369776e-01  -3.515641e-01  -3.733288e-01   6.194091e-02   3.401286e-01   1.003045e-01   3.652222e-01   3.514141e-01   5.574682e-01   3.262216e-02   7.123030e-02
   100  -8.629583e-01  -8.807004e-01   4.454384e-02   1.916722e+01   1.729046e-01   4.325552e-01  -3.066526e-01  -3.285281e-01   6.451030e-02   2.403490e-01   9.852700e-02   3.927110e-01   3.791840e-01   5.805927e-01   2.661641e-02   6.749006e-02
   101  -8.267183e-01  -8.444604e-01   4.853907e-02   1.635817e+01   1.730886e-01   4.279215e-01  -2.612816e-01  -2.833749e-01   6.698469e-02   1.677249e-01   9.691011e-02   4.196270e-01   4.063774e-01   6.028622e-01   2.169457e-02   6.391150e-02
   102  -7.904783e-01  -8.082204e-01   5.292058e-02   1.396986e+01   1.730576e-01   4.233240e-01  -2.152212e-01  -2.376411e-01   6.935597e-02   1.154424e-01   9.543960e-02   4.459806e-01   4.330036e-01   6.242038e-01   1.766687e-02   6.049594e-02
   103  -7.542384e-01  -7.719805e-01   5.773848e-02   1.194126e+01   1.727916e-01   4.186342e-01  -1.682402e-01  -1.910957e-01   7.161799e-02   7.827887e-02   9.409560e-02   4.717858e-01   4.590748e-01   6.445619e-01   1.437442e-02   5.724630e-02
   104  -7.179984e-01  -7.357405e-01   6.303807e-02   1.021385e+01   1.722859e-01   4.139322e-01  -1.201156e-01  -1.435116e-01   7.376638e-02   5.224762e-02   9.285651e-02   4.970581e-01   4.846057e-01   6.638974e-01   1.168634e-02   5.416018e-02
   105  -6.817584e-01  -6.995005e-01   6.884118e-02   8.736804e+00   1.715456e-01   4.094145e-01  -7.062184e-02  -9.466405e-02   7.579851e-02   3.429082e-02   9.171324e-02   5.218157e-01   5.096133e-01   6.821866e-01   9.493561e-03   5.123724e-02
   106  -6.455184e-01  -6.632605e-01   7.522119e-02   7.470584e+00   1.705847e-01   4.051552e-01  -1.954666e-02  -4.433385e-02   7.771330e-02   2.211558e-02   9.066191e-02   5.460780e-01   5.341163e-01   6.994197e-01   7.706679e-03   4.847276e-02
   107  -6.092785e-01  -6.270205e-01   8.223205e-02   6.384886e+00   1.694161e-01   4.010899e-01   3.326658e-02   7.662271e-03   7.951106e-02   1.402133e-02   8.967791e-02   5.698662e-01   5.581349e-01   7.155996e-01   6.251646e-03   4.586336e-02
   108  -5.730385e-01  -5.907806e-01   8.992814e-02   5.452332e+00   1.680554e-01   3.972351e-01   8.786188e-02   6.142156e-02   8.119333e-02   8.755070e-03   8.869892e-02   5.932022e-01   5.816909e-01   7.307399e-01   5.067824e-03   4.340331e-02
   109  -5.367985e-01  -5.545406e-01   9.834548e-02   4.650057e+00   1.665188e-01   3.935658e-01   1.440619e-01   1.168703e-01   8.276263e-02   5.409343e-03   8.757500e-02   6.161089e-01   6.048066e-01   7.448636e-01   4.105344e-03   4.108698e-02
   110  -5.005585e-01  -5.183006e-01   1.075438e-01   3.958128e+00   1.648410e-01   3.899788e-01   2.013420e-01   1.736456e-01   8.422234e-02   3.335136e-03   8.603548e-02   6.386100e-01   6.275052e-01   7.580011e-01   3.323354e-03   3.890830e-02
   111  -4.643185e-01  -4.820606e-01   1.175871e-01   3.363194e+00   1.630115e-01   3.861894e-01   2.588074e-01   2.310245e-01   8.557652e-02   2.074828e-03   8.374202e-02   6.607291e-01   6.498104e-01   7.701887e-01   2.688461e-03   3.686026e-02
   112  -4.280786e-01  -4.458207e-01   1.285321e-01   2.852018e+00   1.610221e-01   3.819527e-01   3.153280e-01   2.879865e-01   8.682971e-02   1.317150e-03   8.043191e-02   6.824905e-01   6.717461e-01   7.814674e-01   2.173298e-03   3.493674e-02
   113  -3.918386e-01  -4.095807e-01   1.404359e-01   2.413631e+00   1.588620e-01   3.770031e-01   3.698397e-01   3.434386e-01   8.798682e-02   8.597189e-04   7.610321e-02   7.039181e-01   6.933364e-01   7.918814e-01   1.755577e-03   3.313058e-02
   114  -3.555986e-01  -3.733407e-01   1.533357e-01   2.038316e+00   1.565146e-01   3.710626e-01   4.216145e-01   3.964982e-01   8.905301e-02   5.781036e-04   7.104150e-02   7.250359e-01   7.146053e-01   8.014771e-01   1.417085e-03   3.143511e-02
   115  -3.193586e-01  -3.371007e-01   1.672819e-01   1.717127e+00   1.539877e-01   3.636924e-01   4.703365e-01   4.466584e-01   9.003354e-02   3.995275e-04   6.565752e-02   7.458675e-01   7.355766e-01   8.103019e-01   1.142972e-03   2.984383e-02
   116  -2.831186e-01  -3.008607e-01   1.823486e-01   1.443393e+00   1.512418e-01   3.548954e-01   5.160110e-01   4.937739e-01   9.093373e-02   2.825680e-04   6.031133e-02   7.664362e-01   7.562736e-01   8.184036e-01   9.211532e-04   2.835004e-02
   117  -2.468787e-01  -2.646208e-01   1.985881e-01   1.210514e+00   1.482638e-01   3.445714e-01   5.588249e-01   5.379453e-01   9.175884e-02   2.036449e-04   5.523326e-02   7.867648e-01   7.767194e-01   8.258295e-01   7.417753e-04   2.694757e-02
   118  -2.106387e-01  -2.283808e-01   2.160487e-01   1.012730e+00   1.450458e-01   3.326406e-01   5.990457e-01   5.794007e-01   9.251402e-02   1.489996e-04   5.053886e-02   8.068753e-01   7.969364e-01   8.326262e-01   5.968255e-04   2.563041e-02
   119  -1.743987e-01  -1.921408e-01   2.347421e-01   8.450189e-01   1.415887e-01   3.190285e-01   6.369591e-01   6.184160e-01   9.320429e-02   1.103469e-04   4.626723e-02   8.267891e-01   8.169463e-01   8.388386e-01   4.797883e-04   2.439263e-02
   120  -1.381587e-01  -1.559008e-01   2.547074e-01   7.029960e-01   1.379065e-01   3.035742e-01   6.728389e-01   6.552694e-01   9.383445e-02   8.252362e-05   4.241536e-02   8.465269e-01   8.367701e-01   8.445100e-01   3.853633e-04   2.322880e-02
   121  -1.019188e-01  -1.196608e-01   2.759921e-01   5.830572e-01   1.339963e-01   2.863759e-01   7.069282e-01   6.902180e-01   9.440910e-02   6.221856e-05   3.895422e-02   8.661085e-01   8.564280e-01   8.496819e-01   3.092450e-04   2.213372e-02
   122  -6.567878e-02  -8.342087e-02   2.986076e-01   4.819679e-01   1.298697e-01   2.673459e-01   7.394445e-01   7.234906e-01   9.493262e-02   4.722126e-05   3.584998e-02   8.855527e-01   8.759394e-01   8.543935e-01   2.479378e-04   2.110241e-02
   123  -2.943880e-02  -4.718089e-02   3.225067e-01   3.969469e-01   1.255459e-01   2.463721e-01   7.705764e-01   7.552893e-01   9.540910e-02   3.603778e-05   3.306556e-02   9.048776e-01   8.953227e-01   8.586819e-01   1.986039e-04   2.013022e-02
   124   6.801179e-03  -1.094091e-02   3.476893e-01   3.256267e-01   1.210443e-01   2.233404e-01   8.004880e-01   7.857897e-01   9.584241e-02   2.762996e-05   3.056488e-02   9.241002e-01   9.145953e-01   8.625817e-01   1.589406e-04   1.921292e-02
   125   4.304116e-02   2.529907e-02   3.741372e-01   2.659899e-01   1.163801e-01   1.984878e-01   8.293225e-01   8.151445e-01   9.623618e-02   2.126552e-05   2.831560e-02   9.432365e-01   9.337737e-01   8.661256e-01   1.270823e-04   1.834643e-02
   126   7.928114e-02   6.153905e-02   4.017555e-01   2.162745e-01   1.115798e-01   1.717714e-01   8.572046e-01   8.434873e-01   9.659376e-02   1.641975e-05   2.628807e-02   9.623015e-01   9.528736e-01   8.693438e-01   1.015173e-04   1.752701e-02
   127   1.155211e-01   9.777902e-02   4.304588e-01   1.749952e-01   1.066632e-01   1.438421e-01   8.842431e-01   8.709343e-01   9.691827e-02   1.271252e-05   2.445620e-02   9.813092e-01   9.719093e-01   8.722644e-01   8.102194e-05   1.675120e-02
   128   1.517611e-01   1.340190e-01   4.601736e-01   1.408484e-01   1.016603e-01   1.149828e-01   9.105347e-01   8.975878e-01   9.721261e-02   9.864078e-06   2.279746e-02   1.000273e+00   9.908944e-01   8.749135e-01   6.460656e-05   1.601586e-02
   129   1.880011e-01   1.702590e-01   4.907290e-01   1.127251e-01   9.660071e-02   8.524031e-02   9.361633e-01   9.235380e-01   9.747945e-02   7.668221e-06   2.129120e-02   1.019204e+00   1.009842e+00   8.773151e-01   5.147161e-05   1.531806e-02
   130   2.242411e-01   2.064990e-01   5.217956e-01   8.964707e-02   9.148965e-02   5.705467e-02   9.612037e-01   9.488640e-01   9.772124e-02   5.970274e-06   1.992022e-02   1.038115e+00   1.028762e+00   8.794912e-01   4.097152e-05   1.465511e-02
   131   2.604810e-01   2.427389e-01   5.533582e-01   7.080161e-02   8.636805e-02   2.901533e-02   9.857229e-01   9.736363e-01   9.794025e-02   4.654024e-06   1.866913e-02   1.057014e+00   1.047667e+00   8.814623e-01   3.258565e-05   1.402458e-02
   132   2.967210e-01   2.789789e-01   5.851911e-01   5.553545e-02   8.127900e-02   3.034060e-03   1.009779e+00   9.979177e-01   9.813854e-02   3.631672e-06   1.752426e-02   1.075913e+00   1.066566e+00   8.832469e-01   2.589451e-05   1.342425e-02
   133   3.329610e-01   3.152189e-01   6.171176e-01   4.324751e-02   7.625172e-02  -1.938683e-02   1.033426e+00   1.021764e+00   9.831802e-02   2.836193e-06   1.647404e-02   1.094819e+00   1.085469e+00   8.848622e-01   2.056050e-05   1.285211e-02
   134   3.692010e-01   3.514589e-01   6.487306e-01   3.342112e-02   7.132322e-02  -4.029134e-02   1.056709e+00   1.045224e+00   9.848042e-02   2.216354e-06   1.550819e-02   1.113740e+00   1.104382e+00   8.863237e-01   1.631218e-05   1.230631e-02
   135   4.054409e-01   3.876989e-01   6.797393e-01   2.558319e-02   6.648144e-02  -5.753255e-02   1.079672e+00   1.068342e+00   9.862732e-02   1.732821e-06   1.461764e-02   1.132683e+00   1.123314e+00   8.876458e-01   1.293157e-05   1.178517e-02
   136   4.416809e-01   4.239388e-01   7.101265e-01   1.941862e-02   6.179356e-02  -7.132298e-02   1.102351e+00   1.091160e+00   9.876016e-02   1.355287e-06   1.379446e-02   1.151654e+00   1.142272e+00   8.888415e-01   1.024375e-05   1.128719e-02
   137   4.779209e-01   4.601788e-01   7.393858e-01   1.460804e-02   5.728181e-02  -8.303652e-02   1.124780e+00   1.113711e+00   9.888027e-02   1.060291e-06   1.303180e-02   1.170660e+00   1.161261e+00   8.899225e-01   8.108551e-06   1.081098e-02
   138   5.141609e-01   4.964188e-01   7.673756e-01   1.087075e-02   5.294365e-02  -9.270381e-02   1.146990e+00   1.136027e+00   9.898885e-02   8.296535e-07   1.232357e-02   1.189705e+00   1.180287e+00   8.908996e-01   6.413754e-06   1.035529e-02
   139   5.504009e-01   5.326588e-01   7.939284e-01   8.014651e-03   4.882280e-02  -9.939511e-02   1.169006e+00   1.158138e+00   9.908698e-02   6.492535e-07   1.166444e-02   1.208794e+00   1.199355e+00   8.917828e-01   5.069603e-06   9.918986e-03
   140   5.866408e-01   5.688987e-01   8.187313e-01   5.841076e-03   4.491475e-02  -1.044291e-01   1.190854e+00   1.180068e+00   9.917565e-02   5.081026e-07   1.104969e-02   1.227931e+00   1.218468e+00   8.925808e-01   4.004389e-06   9.501020e-03
   141   6.228808e-01   6.051387e-01   8.417407e-01   4.214890e-03   4.124633e-02  -1.079078e-01   1.212556e+00   1.201841e+00   9.925576e-02   3.976374e-07   1.047517e-02   1.247119e+00   1.237631e+00   8.933019e-01   3.160874e-06   9.100444e-03
   142   6.591208e-01   6.413787e-01   8.628889e-01   3.004860e-03   3.781164e-02  -1.101490e-01   1.234129e+00   1.223476e+00   9.932813e-02   3.111743e-07   9.937262e-03   1.266362e+00   1.256847e+00   8.939532e-01   2.493416e-06   8.716387e-03
   143   6.953608e-01   6.776187e-01   8.819196e-01   2.119600e-03   3.462223e-02  -1.110691e-01   1.255593e+00   1.244993e+00   9.939350e-02   2.434923e-07   9.432747e-03   1.285661e+00   1.276119e+00   8.945415e-01   1.965651e-06   8.348051e-03
   144   7.316008e-01   7.138587e-01   8.990538e-01   1.478927e-03   3.167398e-02  -1.108087e-01   1.276961e+00   1.266408e+00   9.945254e-02   1.905106e-07   8.958773e-03   1.305020e+00   1.295448e+00   8.950729e-01   1.548641e-06   7.994703e-03
   145   7.678407e-01   7.500986e-01   9.142816e-01   1.020064e-03   2.896188e-02  -1.094583e-01   1.298249e+00   1.287736e+00   9.950586e-02   1.490375e-07   8.512813e-03   1.324439e+00   1.314838e+00   8.955527e-01   1.219369e-06   7.655665e-03
   146   8.040807e-01   7.863386e-01   9.275698e-01   6.963703e-04   2.647880e-02  -1.070285e-01   1.319469e+00   1.308989e+00   9.955400e-02   1.165753e-07   8.092622e-03   1.343920e+00   1.334289e+00   8.959860e-01   9.595509e-07   7.330313e-03
   147   8.403207e-01   8.225786e-01   9.390997e-01   4.706954e-04   2.421290e-02  -1.035380e-01   1.340632e+00   1.330180e+00   9.959747e-02   9.116857e-08   7.696202e-03   1.363465e+00   1.353803e+00   8.963772e-01   7.546709e-07   7.018066e-03
   148   8.765607e-01   8.588186e-01   9.490374e-01   3.152182e-04   2.215117e-02  -9.919404e-02   1.361748e+00   1.351318e+00   9.963672e-02   7.128650e-08   7.321770e-03   1.383074e+00   1.373380e+00   8.967304e-01   5.932154e-07   6.718386e-03
   149   9.128006e-01   8.950586e-01   9.575233e-01   2.093097e-04   2.027866e-02  -9.409898e-02   1.382825e+00   1.372414e+00   9.967214e-02   5.573008e-08   6.967732e-03   1.402747e+00   1.393022e+00   8.970493e-01   4.660595e-07   6.430771e-03
   150   9.490406e-01   9.312985e-01   9.647078e-01   1.379068e-04   1.857990e-02  -8.837048e-02   1.403871e+00   1.393475e+00   9.970413e-02   4.356026e-08   6.632661e-03   1.422485e+00   1.412728e+00   8.973371e-01   3.659770e-07   6.154753e-03
   151   9.852806e-01   9.675385e-01   9.707548e-01   9.027597e-05   1.703824e-02  -8.221394e-02   1.424894e+00   1.414510e+00   9.973300e-02   3.404159e-08   6.315275e-03   1.442287e+00   1.432499e+00   8.975970e-01   2.872497e-07   5.889895e-03
   152   1.021521e+00   1.003778e+00   9.758090e-01   5.877225e-05   1.563812e-02  -7.582077e-02   1.445898e+00   1.435523e+00   9.975905e-02   2.659797e-08   6.014419e-03   1.462153e+00   1.452334e+00   8.978315e-01   2.253561e-07   5.635786e-03
   153   1.057761e+00   1.040018e+00   9.800198e-01   3.809011e-05   1.436492e-02  -6.937115e-02   1.466890e+00   1.456521e+00   9.978257e-02   2.077827e-08   5.729051e-03   1.482081e+00   1.472231e+00   8.980432e-01   1.767236e-07   5.392041e-03
   154   1.094001e+00   1.076258e+00   9.835034e-01   2.459737e-05   1.320533e-02  -6.303855e-02   1.487873e+00   1.477508e+00   9.980380e-02   1.622918e-08   5.458230e-03   1.502071e+00   1.492191e+00   8.982342e-01   1.385313e-07   5.158302e-03
   155   1.130241e+00   1.112498e+00   9.863822e-01   1.584073e-05   1.214738e-02  -5.690517e-02   1.508850e+00   1.498488e+00   9.982296e-02   1.267406e-08   5.201103e-03   1.522120e+00   1.512211e+00   8.984066e-01   1.085533e-07   4.934229e-03
   156   1.166480e+00   1.148738e+00   9.887603e-01   1.018055e-05   1.118058e-02  -5.115980e-02   1.529826e+00   1.519465e+00   9.984025e-02   9.896354e-09   4.956896e-03   1.542228e+00   1.532290e+00   8.985622e-01   8.503472e-08   4.719507e-03
   157   1.202720e+00   1.184978e+00   9.907211e-01   6.533938e-06   1.029559e-02  -4.577163e-02   1.550801e+00   1.540440e+00   9.985585e-02   7.726536e-09   4.724909e-03   1.562390e+00   1.552426e+00   8.987027e-01   6.659242e-08   4.513841e-03
   158   1.238960e+00   1.221218e+00   9.923381e-01   4.189965e-06   9.484339e-03  -4.081114e-02   1.571777e+00   1.561415e+00   9.986993e-02   6.031944e-09   4.504506e-03   1.582605e+00   1.572615e+00   8.988294e-01   5.213737e-08   4.316954e-03
   159   1.275200e+00   1.257458e+00   9.936703e-01   2.685760e-06   8.739780e-03  -3.631569e-02   1.592753e+00   1.582392e+00   9.988264e-02   4.708781e-09   4.295110e-03   1.602868e+00   1.592855e+00   8.989438e-01   4.081243e-08   4.128593e-03
   160   1.311440e+00   1.293698e+00   9.947673e-01   1.721544e-06   8.055697e-03  -3.222751e-02   1.613731e+00   1.603369e+00   9.989411e-02   3.675849e-09   4.096199e-03   1.623176e+00   1.613141e+00   8.990470e-01   3.194347e-08   3.948522e-03
   161   1.347680e+00   1.329938e+00   9.956718e-01   1.103806e-06   7.426605e-03  -2.854169e-02   1.634708e+00   1.624346e+00   9.990446e-02   2.869647e-09   3.907302e-03   1.643523e+00   1.633468e+00   8.991401e-01   2.500055e-08   3.776528e-03
   162   1.383920e+00   1.366178e+00   9.964180e-01   7.080817e-07   6.847721e-03  -2.527452e-02   1.655681e+00   1.645321e+00   9.991379e-02   2.240524e-09   3.727995e-03   1.663902e+00   1.653832e+00   8.992241e-01   1.956736e-08   3.612419e-03
   163   1.420160e+00   1.402418e+00   9.970297e-01   4.545451e-07   6.314755e-03  -2.234831e-02   1.676648e+00   1.666291e+00   9.992222e-02   1.749667e-09   3.557900e-03   1.684308e+00   1.674225e+00   8.993000e-01   1.531699e-08   3.456025e-03
   164   1.456400e+00   1.438658e+00   9.975344e-01   2.920345e-07   5.823929e-03  -1.973456e-02   1.697602e+00   1.687252e+00   9.992982e-02   1.366747e-09   3.396683e-03   1.704731e+00   1.694640e+00   8.993684e-01   1.199293e-08   3.307201e-03
   165   1.492640e+00   1.474898e+00   9.979522e-01   1.878022e-07   5.371880e-03  -1.741579e-02   1.718538e+00   1.708197e+00   9.993668e-02   1.068065e-09   3.244051e-03   1.725161e+00   1.715066e+00   8.994301e-01   9.393955e-09   3.165827e-03
   166   1.528880e+00   1.511138e+00   9.982984e-01   1.208992e-07   4.955602e-03  -1.535897e-02   1.739448e+00   1.729119e+00   9.994287e-02   8.351120e-10   3.099754e-03   1.745587e+00   1.735494e+00   8.994858e-01   7.362331e-09   3.031808e-03
   167   1.565120e+00   1.547378e+00   9.985853e-01   7.792031e-08   4.572427e-03  -1.350974e-02   1.760319e+00   1.750009e+00   9.994845e-02   6.534330e-10   2.963583e-03   1.765995e+00   1.755911e+00   8.995361e-01   5.774454e-09   2.905082e-03
   168   1.601360e+00   1.583618e+00   9.988226e-01   5.027950e-08   4.219948e-03  -1.183571e-02   1.781141e+00   1.770855e+00   9.995349e-02   5.117438e-10   2.835372e-03   1.786367e+00   1.776300e+00   8.995814e-01   4.533520e-09   2.785614e-03
   169   1.637600e+00   1.619858e+00   9.990187e-01   3.248430e-08   3.896065e-03  -1.033230e-02   1.801897e+00   1.791643e+00   9.995804e-02   4.012370e-10   2.714993e-03   1.806684e+00   1.796644e+00   8.996223e-01   3.563746e-09   2.673403e-03
   170   1.673840e+00   1.656098e+00   9.991821e-01   2.101518e-08   3.598911e-03  -8.952472e-03   1.822569e+00   1.812356e+00   9.996214e-02   3.150402e-10   2.602366e-03   1.826925e+00   1.816923e+00   8.996593e-01   2.805830e-09   2.568483e-03
   171   1.710080e+00   1.692338e+00   9.993184e-01   1.361561e-08   3.326993e-03  -7.624117e-03   1.843134e+00   1.832973e+00   9.996584e-02   2.477922e-10   2.497450e-03   1.847062e+00   1.837110e+00   8.996926e-01   2.213390e-09   2.470925e-03
   172   1.746320e+00   1.728578e+00   9.994323e-01   8.835971e-09   3.079091e-03  -6.271887e-03   1.863568e+00   1.853471e+00   9.996918e-02   1.953116e-10   2.400248e-03   1.867066e+00   1.857179e+00   8.997226e-01   1.750162e-09   2.380833e-03
   173   1.782560e+00   1.764818e+00   9.995268e-01   5.744542e-09   2.854152e-03  -4.951421e-03   1.883838e+00   1.873821e+00   9.997219e-02   1.543383e-10   2.310804e-03   1.886901e+00   1.877097e+00   8.997498e-01   1.387804e-09   2.298350e-03
   174   1.818800e+00   1.801058e+00   9.996058e-01   3.742486e-09   2.651457e-03  -3.529282e-03   1.903912e+00   1.893991e+00   9.997491e-02   1.223305e-10   2.229204e-03   1.906529e+00   1.896826e+00   8.997742e-01   1.104174e-09   2.223651e-03
   175   1.855040e+00   1.837298e+00   9.996724e-01   2.444197e-09   2.470699e-03  -1.910786e-03   1.923750e+00   1.913944e+00   9.997737e-02   9.730742e-11   2.155574e-03   1.925905e+00   1.916325e+00   8.997963e-01   8.819786e-10   2.156945e-03
   176   1.891280e+00   1.873538e+00   9.997284e-01   1.601383e-09   2.312793e-03   2.648160e-04   1.943307e+00   1.933639e+00   9.997958e-02   7.772411e-11   2.090110e-03   1.944983e+00   1.935549e+00   8.998162e-01   7.077181e-10   2.098468e-03
   177   1.927520e+00   1.909778e+00   9.997758e-01   1.053158e-09   2.178304e-03   2.776368e-03   1.962541e+00   1.953031e+00   9.998158e-02   6.236820e-11   2.033345e-03   1.963711e+00   1.954448e+00   8.998342e-01   5.708337e-10   2.048559e-03
   178   1.963760e+00   1.946018e+00   9.998159e-01   6.958084e-10   2.069024e-03   5.939604e-03   1.981422e+00   1.972084e+00   9.998338e-02   5.025117e-11   1.987776e-03   1.982046e+00   1.972975e+00   8.998504e-01   4.628856e-10   2.008486e-03
   179   2.000000e+00   1.982258e+00   9.998500e-01   4.610035e-10   1.994522e-03   8.182642e-03   2.000000e+00   1.990810e+00   9.998500e-02   4.048791e-11   1.962828e-03   2.000000e+00   1.991116e+00   8.998650e-01   3.762554e-10   1.985527e-03
