     i          log_r       log_rmid          m_tot        rho_tot         v2_tot            eta     lgr[heavy]    lgrm[heavy]       m[heavy]     rho[heavy]      v2[heavy]     lgr[light]    lgrm[light]       m[light]     rho[light]      v2[light]
     0  -4.582011e+00  -4.883041e+00   1.035892e-07   1.683558e+07   1.951114e-01            nan  -4.582011e+00  -4.883041e+00   9.998500e-08   1.671439e+07   1.936102e-01  -3.068582e+00  -3.369612e+00   8.998650e-07   4.335556e+03   3.867834e-01
     1  -4.545240e+00  -4.563237e+00   1.327010e-07   1.658974e+07   1.943444e-01            nan  -4.559444e+00  -4.570581e+00   1.166721e-07   1.653607e+07   1.936029e-01  -3.026266e+00  -3.046909e+00   1.050049e-06   2.131201e+03   3.835862e-01
     2  -4.508469e+00  -4.526466e+00   1.700796e-07   1.655165e+07   1.942857e-01            nan  -4.536885e+00  -4.548018e+00   1.361439e-07   1.651674e+07   1.936021e-01  -2.984591e+00  -3.004929e+00   1.225295e-06   1.889531e+03   3.828623e-01
     3  -4.471698e+00  -4.489695e+00   2.180680e-07   1.650761e+07   1.942314e-01            nan  -4.514330e+00  -4.525461e+00   1.588651e-07   1.649540e+07   1.936013e-01  -2.943475e+00  -2.963547e+00   1.429786e-06   1.679111e+03   3.819760e-01
     4  -4.434927e+00  -4.452924e+00   2.796611e-07   1.645732e+07   1.941811e-01            nan  -4.491777e+00  -4.502907e+00   1.853780e-07   1.647185e+07   1.936003e-01  -2.902857e+00  -2.922691e+00   1.668402e-06   1.495708e+03   3.808974e-01
     5  -4.398156e+00  -4.416153e+00   3.586949e-07   1.639922e+07   1.941344e-01            nan  -4.469221e+00  -4.480352e+00   2.163150e-07   1.644585e+07   1.935992e-01  -2.862716e+00  -2.882323e+00   1.946835e-06   1.336252e+03   3.796132e-01
     6  -4.361385e+00  -4.379382e+00   4.600572e-07   1.633157e+07   1.940910e-01            nan  -4.446659e+00  -4.457793e+00   2.524142e-07   1.641713e+07   1.935980e-01  -2.823036e+00  -2.842423e+00   2.271728e-06   1.197346e+03   3.780949e-01
     7  -4.324614e+00  -4.342611e+00   5.899833e-07   1.625370e+07   1.940505e-01            nan  -4.424090e+00  -4.435228e+00   2.945370e-07   1.638543e+07   1.935967e-01  -2.783814e+00  -2.802982e+00   2.650833e-06   1.076363e+03   3.763384e-01
     8  -4.287843e+00  -4.305840e+00   7.564302e-07   1.616246e+07   1.940127e-01            nan  -4.401508e+00  -4.412652e+00   3.436881e-07   1.635042e+07   1.935953e-01  -2.745048e+00  -2.763998e+00   3.093193e-06   9.707411e+02   3.743252e-01
     9  -4.251072e+00  -4.269069e+00   9.694135e-07   1.605654e+07   1.939771e-01            nan  -4.378913e+00  -4.390064e+00   4.010398e-07   1.631175e+07   1.935937e-01  -2.706738e+00  -2.725471e+00   3.609358e-06   8.783789e+02   3.720700e-01
    10  -4.214301e+00  -4.232298e+00   1.241739e-06   1.593420e+07   1.939435e-01            nan  -4.356300e+00  -4.367459e+00   4.679601e-07   1.626906e+07   1.935919e-01  -2.668883e+00  -2.687399e+00   4.211641e-06   7.973609e+02   3.695632e-01
    11  -4.177530e+00  -4.195527e+00   1.589487e-06   1.579025e+07   1.939115e-01            nan  -4.333666e+00  -4.344836e+00   5.460446e-07   1.622192e+07   1.935899e-01  -2.631476e+00  -2.649777e+00   4.914402e-06   7.260414e+02   3.668491e-01
    12  -4.140759e+00  -4.158756e+00   2.032784e-06   1.562464e+07   1.938809e-01            nan  -4.311009e+00  -4.322190e+00   6.371554e-07   1.616988e+07   1.935878e-01  -2.594506e+00  -2.612598e+00   5.734398e-06   6.630494e+02   3.639229e-01
    13  -4.103988e+00  -4.121985e+00   2.597170e-06   1.543199e+07   1.938513e-01            nan  -4.288323e+00  -4.299518e+00   7.434644e-07   1.611243e+07   1.935854e-01  -2.557957e+00  -2.575847e+00   6.691180e-06   6.070962e+02   3.608585e-01
    14  -4.067217e+00  -4.085214e+00   3.313708e-06   1.520903e+07   1.938225e-01            nan  -4.265606e+00  -4.276816e+00   8.675058e-07   1.604903e+07   1.935827e-01  -2.521808e+00  -2.539506e+00   7.807552e-06   5.572157e+02   3.576667e-01
    15  -4.030446e+00  -4.048443e+00   4.221803e-06   1.495408e+07   1.937941e-01            nan  -4.242853e+00  -4.254081e+00   1.012236e-06   1.597908e+07   1.935798e-01  -2.486034e+00  -2.503553e+00   9.110122e-06   5.124729e+02   3.544159e-01
    16  -3.993675e+00  -4.011672e+00   5.369046e-06   1.465793e+07   1.937658e-01            nan  -4.220060e+00  -4.231307e+00   1.181103e-06   1.590191e+07   1.935766e-01  -2.450605e+00  -2.467958e+00   1.062993e-05   4.721562e+02   3.511437e-01
    17  -3.956904e+00  -3.974901e+00   6.813508e-06   1.432360e+07   1.937375e-01            nan  -4.197222e+00  -4.208491e+00   1.378130e-06   1.581681e+07   1.935730e-01  -2.415489e+00  -2.432692e+00   1.240317e-05   4.356361e+02   3.478989e-01
    18  -3.920133e+00  -3.938130e+00   8.626283e-06   1.393931e+07   1.937085e-01            nan  -4.174333e+00  -4.185627e+00   1.608010e-06   1.572301e+07   1.935691e-01  -2.380650e+00  -2.397720e+00   1.447209e-05   4.023735e+02   3.447391e-01
    19  -3.883362e+00  -3.901359e+00   1.088899e-05   1.350934e+07   1.936789e-01            nan  -4.151387e+00  -4.162708e+00   1.876216e-06   1.561966e+07   1.935648e-01  -2.346056e+00  -2.363009e+00   1.688595e-05   3.719756e+02   3.416840e-01
    20  -3.846591e+00  -3.864588e+00   1.370331e-05   1.302386e+07   1.936482e-01            nan  -4.128377e+00  -4.139730e+00   2.189133e-06   1.550584e+07   1.935600e-01  -2.311667e+00  -2.328521e+00   1.970220e-05   3.440355e+02   3.387972e-01
    21  -3.809820e+00  -3.827817e+00   1.717782e-05   1.248831e+07   1.936164e-01            nan  -4.105297e+00  -4.116684e+00   2.554206e-06   1.538056e+07   1.935547e-01  -2.277453e+00  -2.294223e+00   2.298786e-05   3.183262e+02   3.360654e-01
    22  -3.773049e+00  -3.791046e+00   2.144747e-05   1.189390e+07   1.935831e-01            nan  -4.082137e+00  -4.093563e+00   2.980121e-06   1.524276e+07   1.935489e-01  -2.243378e+00  -2.260081e+00   2.682109e-05   2.945506e+02   3.335411e-01
    23  -3.736278e+00  -3.754275e+00   2.665139e-05   1.125456e+07   1.935484e-01            nan  -4.058889e+00  -4.070358e+00   3.477003e-06   1.509130e+07   1.935424e-01  -2.209417e+00  -2.226066e+00   3.129303e-05   2.725784e+02   3.311848e-01
    24  -3.699507e+00  -3.717504e+00   3.294250e-05   1.055602e+07   1.935120e-01            nan  -4.035543e+00  -4.047059e+00   4.056664e-06   1.492495e+07   1.935353e-01  -2.175542e+00  -2.192149e+00   3.650997e-05   2.522123e+02   3.290174e-01
    25  -3.662736e+00  -3.680733e+00   4.050284e-05   9.821807e+06   1.934741e-01            nan  -4.012086e+00  -4.023656e+00   4.732872e-06   1.474241e+07   1.935275e-01  -2.141735e+00  -2.158309e+00   4.259585e-05   2.333637e+02   3.269865e-01
    26  -3.625965e+00  -3.643962e+00   4.946221e-05   9.054513e+06   1.934349e-01            nan  -3.988507e+00  -4.000137e+00   5.521683e-06   1.454233e+07   1.935190e-01  -2.107981e+00  -2.124530e+00   4.969515e-05   2.159034e+02   3.250811e-01
    27  -3.589194e+00  -3.607191e+00   6.000192e-05   8.258052e+06   1.933944e-01            nan  -3.964790e+00  -3.976487e+00   6.441814e-06   1.432326e+07   1.935095e-01  -2.074270e+00  -2.090798e+00   5.797633e-05   1.997572e+02   3.232458e-01
    28  -3.552423e+00  -3.570420e+00   7.228631e-05   7.455893e+06   1.933531e-01            nan  -3.940920e+00  -3.952691e+00   7.515084e-06   1.408372e+07   1.934992e-01  -2.040596e+00  -2.057107e+00   6.763576e-05   1.848274e+02   3.214559e-01
    29  -3.515652e+00  -3.533649e+00   8.644699e-05   6.660474e+06   1.933114e-01            nan  -3.916879e+00  -3.928733e+00   8.766923e-06   1.382216e+07   1.934878e-01  -2.006958e+00  -2.023452e+00   7.890231e-05   1.710427e+02   3.196624e-01
    30  -3.478881e+00  -3.496877e+00   1.025814e-04   5.884634e+06   1.932698e-01            nan  -3.892646e+00  -3.904594e+00   1.022697e-05   1.353702e+07   1.934753e-01  -1.973357e+00  -1.989833e+00   9.204273e-05   1.583174e+02   3.178431e-01
    31  -3.442110e+00  -3.460106e+00   1.206888e-04   5.139030e+06   1.932290e-01            nan  -3.868198e+00  -3.880250e+00   1.192976e-05   1.322675e+07   1.934616e-01  -1.939793e+00  -1.956251e+00   1.073678e-04   1.465806e+02   3.159616e-01
    32  -3.405339e+00  -3.423335e+00   1.408661e-04   4.437153e+06   1.931895e-01            nan  -3.843509e+00  -3.855678e+00   1.391553e-05   1.288981e+07   1.934466e-01  -1.906271e+00  -1.922709e+00   1.252398e-04   1.357522e+02   3.140076e-01
    33  -3.368568e+00  -3.386564e+00   1.631211e-04   3.790969e+06   1.931523e-01            nan  -3.818550e+00  -3.830850e+00   1.623115e-05   1.252475e+07   1.934302e-01  -1.872793e+00  -1.889209e+00   1.460803e-04   1.257645e+02   3.119577e-01
    34  -3.331797e+00  -3.349793e+00   1.873649e-04   3.206748e+06   1.931179e-01            nan  -3.793286e+00  -3.805734e+00   1.893121e-05   1.213024e+07   1.934123e-01  -1.839359e+00  -1.855754e+00   1.703808e-04   1.165426e+02   3.098178e-01
    35  -3.295026e+00  -3.313022e+00   2.134236e-04   2.684445e+06   1.930875e-01            nan  -3.767681e+00  -3.780295e+00   2.207926e-05   1.170515e+07   1.933928e-01  -1.805972e+00  -1.822345e+00   1.987134e-04   1.080253e+02   3.075754e-01
    36  -3.258255e+00  -3.276251e+00   2.413126e-04   2.227955e+06   1.930617e-01            nan  -3.741689e+00  -3.754491e+00   2.574932e-05   1.124857e+07   1.933715e-01  -1.772628e+00  -1.788980e+00   2.317439e-04   1.001436e+02   3.052545e-01
    37  -3.221484e+00  -3.239480e+00   2.710337e-04   1.835694e+06   1.930409e-01            nan  -3.715262e+00  -3.728275e+00   3.002750e-05   1.075999e+07   1.933483e-01  -1.739324e+00  -1.755657e+00   2.702475e-04   9.284523e+01   3.028519e-01
    38  -3.184713e+00  -3.202709e+00   3.026666e-04   1.503615e+06   1.930254e-01            nan  -3.688341e+00  -3.701593e+00   3.501400e-05   1.023933e+07   1.933230e-01  -1.706052e+00  -1.722370e+00   3.151260e-04   8.606997e+01   3.004041e-01
    39  -3.147942e+00  -3.165938e+00   3.355416e-04   1.225240e+06   1.930160e-01            nan  -3.660861e+00  -3.674384e+00   4.082538e-05   9.687073e+06   1.932957e-01  -1.672804e+00  -1.689110e+00   3.674284e-04   7.977465e+01   2.979161e-01
    40  -3.111171e+00  -3.129167e+00   3.697872e-04   9.927175e+05   1.930110e-01            nan  -3.632744e+00  -3.646575e+00   4.759714e-05   9.104419e+06   1.932660e-01  -1.639567e+00  -1.655867e+00   4.283742e-04   7.391138e+01   2.954249e-01
    41  -3.074400e+00  -3.092396e+00   4.061636e-04   8.027120e+05   1.930101e-01            nan  -3.603903e+00  -3.618084e+00   5.548679e-05   8.493401e+06   1.932338e-01  -1.606329e+00  -1.622630e+00   4.993811e-04   6.844606e+01   2.929382e-01
    42  -3.037629e+00  -3.055625e+00   4.430584e-04   6.475178e+05   1.930130e-01   4.979910e-01  -3.574234e+00  -3.588815e+00   6.467734e-05   7.857032e+06   1.931991e-01  -1.573078e+00  -1.589385e+00   5.820960e-04   6.334463e+01   2.904784e-01
    43  -3.000858e+00  -3.018854e+00   4.820344e-04   5.217595e+05   1.929950e-01   4.972762e-01  -3.543615e+00  -3.558654e+00   7.538125e-05   7.199450e+06   1.931615e-01  -1.539799e+00  -1.556120e+00   6.784313e-04   5.858152e+01   2.880481e-01
    44  -2.964087e+00  -2.982083e+00   5.222275e-04   4.202679e+05   1.929747e-01   4.962851e-01  -3.511904e+00  -3.527470e+00   8.784517e-05   6.526032e+06   1.931210e-01  -1.506482e+00  -1.522821e+00   7.906065e-04   5.413530e+01   2.856402e-01
    45  -2.927316e+00  -2.945312e+00   5.641331e-04   3.389542e+05   1.929156e-01   4.951865e-01  -3.478936e+00  -3.495107e+00   1.023551e-04   5.843478e+06   1.930774e-01  -1.473118e+00  -1.489480e+00   9.211963e-04   4.998662e+01   2.832488e-01
    46  -2.890545e+00  -2.908541e+00   6.077055e-04   2.734195e+05   1.928626e-01   4.937791e-01  -3.444511e+00  -3.461383e+00   1.192428e-04   5.159838e+06   1.930304e-01  -1.439702e+00  -1.456089e+00   1.073185e-03   4.612260e+01   2.808331e-01
    47  -2.853774e+00  -2.871770e+00   6.532460e-04   2.214595e+05   1.927249e-01   4.923558e-01  -3.408398e+00  -3.426080e+00   1.388921e-04   4.484440e+06   1.929798e-01  -1.406233e+00  -1.422645e+00   1.250029e-03   4.252699e+01   2.783813e-01
    48  -2.817003e+00  -2.834999e+00   7.006865e-04   1.794094e+05   1.925968e-01   4.905312e-01  -3.370321e+00  -3.388942e+00   1.617478e-04   3.827702e+06   1.929255e-01  -1.372713e+00  -1.389150e+00   1.455730e-03   3.918860e+01   2.758430e-01
    49  -2.780232e+00  -2.798228e+00   7.508123e-04   1.462057e+05   1.923310e-01   4.888126e-01  -3.329954e+00  -3.349669e+00   1.883238e-04   3.200778e+06   1.928670e-01  -1.339146e+00  -1.355605e+00   1.694914e-03   3.609298e+01   2.731944e-01
    50  -2.743461e+00  -2.761457e+00   8.031122e-04   1.192401e+05   1.920618e-01   4.866718e-01  -3.286917e+00  -3.307903e+00   2.192140e-04   2.615018e+06   1.928040e-01  -1.305539e+00  -1.322018e+00   1.972926e-03   3.322593e+01   2.704094e-01
    51  -2.706690e+00  -2.724686e+00   8.589061e-04   9.782205e+04   1.916231e-01   4.847176e-01  -3.240771e+00  -3.263232e+00   2.551039e-04   2.081218e+06   1.927358e-01  -1.271900e+00  -1.288394e+00   2.295935e-03   3.057280e+01   2.674640e-01
    52  -2.669919e+00  -2.687915e+00   9.175891e-04   8.044033e+04   1.911292e-01   4.824867e-01  -3.191022e+00  -3.215185e+00   2.967831e-04   1.608696e+06   1.926612e-01  -1.238233e+00  -1.254741e+00   2.671048e-03   2.811698e+01   2.643696e-01
    53  -2.633148e+00  -2.651144e+00   9.803217e-04   6.642818e+04   1.904858e-01   4.803931e-01  -3.137139e+00  -3.163246e+00   3.451610e-04   1.204256e+06   1.925773e-01  -1.204543e+00  -1.221062e+00   3.106449e-03   2.584375e+01   2.611163e-01
    54  -2.596377e+00  -2.614373e+00   1.047412e-03   5.509936e+04   1.896876e-01   4.784380e-01  -3.078600e+00  -3.106884e+00   4.012824e-04   8.712021e+05   1.924781e-01  -1.170830e+00  -1.187360e+00   3.611542e-03   2.373767e+01   2.577228e-01
    55  -2.559606e+00  -2.577602e+00   1.119154e-03   4.579616e+04   1.888131e-01   4.764593e-01  -3.014974e+00  -3.045623e+00   4.663463e-04   6.086399e+05   1.923503e-01  -1.137092e+00  -1.153633e+00   4.197117e-03   2.178412e+01   2.542108e-01
    56  -2.522835e+00  -2.540831e+00   1.196737e-03   3.828790e+04   1.876693e-01   4.751981e-01  -2.946060e+00  -2.979151e+00   5.417261e-04   4.113264e+05   1.921654e-01  -1.103322e+00  -1.119879e+00   4.875535e-03   1.997050e+01   2.505898e-01
    57  -2.486064e+00  -2.504060e+00   1.280222e-03   3.202308e+04   1.865373e-01   4.737345e-01  -2.872060e+00  -2.907485e+00   6.289911e-04   2.703044e+05   1.918666e-01  -1.069510e+00  -1.086087e+00   5.660920e-03   1.828362e+01   2.469073e-01
    58  -2.449293e+00  -2.467289e+00   1.370785e-03   2.694200e+04   1.850760e-01   4.734614e-01  -2.793734e+00  -2.831133e+00   7.299314e-04   1.743207e+05   1.913515e-01  -1.035644e+00  -1.052247e+00   6.569382e-03   1.671337e+01   2.431787e-01
    59  -2.412522e+00  -2.430518e+00   1.469171e-03   2.267059e+04   1.836493e-01   4.731201e-01  -2.712419e+00  -2.751176e+00   8.465830e-04   1.116962e+05   1.904629e-01  -1.001708e+00  -1.018345e+00   7.619247e-03   1.525090e+01   2.394196e-01
    60  -2.375751e+00  -2.393747e+00   1.575917e-03   1.914519e+04   1.820088e-01   4.738347e-01  -2.629822e+00  -2.669160e+00   9.812558e-04   7.204275e+04   1.890085e-01  -9.676846e-01  -9.843633e-01   8.831303e-03   1.388728e+01   2.356745e-01
    61  -2.338980e+00  -2.356976e+00   1.692728e-03   1.617748e+04   1.803799e-01   4.748216e-01  -2.547642e+00  -2.586791e+00   1.136562e-03   4.726987e+04   1.868265e-01  -9.335555e-01  -9.502849e-01   1.022906e-02   1.261667e+01   2.319451e-01
    62  -2.302209e+00  -2.320205e+00   1.819518e-03   1.369041e+04   1.786905e-01   4.765243e-01  -2.467196e+00  -2.505559e+00   1.315444e-03   3.173466e+04   1.838719e-01  -8.993044e-01  -9.160924e-01   1.183900e-02   1.143399e+01   2.282313e-01
    63  -2.265438e+00  -2.283434e+00   1.958607e-03   1.159134e+04   1.770257e-01   4.786496e-01  -2.389244e+00  -2.426474e+00   1.521208e-03   2.181492e+04   1.802688e-01  -8.649145e-01  -8.817692e-01   1.369088e-02   1.033410e+01   2.245579e-01
    64  -2.228667e+00  -2.246663e+00   2.109763e-03   9.813724e+03   1.754491e-01   4.810271e-01  -2.314011e+00  -2.350000e+00   1.757548e-03   1.530785e+04   1.762888e-01  -8.303727e-01  -8.473003e-01   1.581793e-02   9.313630e+00   2.209112e-01
    65  -2.191896e+00  -2.209892e+00   2.275307e-03   8.309896e+03   1.739348e-01   4.837492e-01  -2.241330e+00  -2.276152e+00   2.028572e-03   1.091021e+04   1.722771e-01  -7.956697e-01  -8.126747e-01   1.825715e-02   8.369370e+00   2.172752e-01
    66  -2.155125e+00  -2.173121e+00   2.455413e-03   7.028207e+03   1.726490e-01   4.860982e-01  -2.170817e+00  -2.204644e+00   2.338830e-03   7.855558e+03   1.685662e-01  -7.607994e-01  -7.778847e-01   2.104947e-02   7.498042e+00   2.136481e-01
    67  -2.118354e+00  -2.136350e+00   2.651960e-03   5.944233e+03   1.714460e-01   4.886178e-01  -2.102017e+00  -2.135056e+00   2.693323e-03   5.688124e+03   1.654054e-01  -7.257595e-01  -7.429262e-01   2.423991e-02   6.696543e+00   2.100203e-01
    68  -2.081583e+00  -2.099579e+00   2.865839e-03   5.018100e+03   1.705843e-01   4.900899e-01  -2.034513e+00  -2.066954e+00   3.097518e-03   4.129662e+03   1.629092e-01  -6.905521e-01  -7.077991e-01   2.787766e-02   5.961854e+00   2.063730e-01
    69  -2.044812e+00  -2.062808e+00   3.098484e-03   4.236260e+03   1.698197e-01   4.914720e-01  -1.968015e+00  -1.999992e+00   3.557342e-03   3.002954e+03   1.610308e-01  -6.551833e-01  -6.725077e-01   3.201608e-02   5.290800e+00   2.026890e-01
    70  -2.008040e+00  -2.026037e+00   3.351497e-03   3.571175e+03   1.693735e-01   4.916622e-01  -1.902392e+00  -1.933965e+00   4.079169e-03   2.188522e+03   1.595788e-01  -6.196622e-01  -6.370597e-01   3.671252e-02   4.679999e+00   1.989675e-01
    71  -1.971269e+00  -1.989266e+00   3.626255e-03   3.010625e+03   1.690402e-01   4.914782e-01  -1.837656e+00  -1.868819e+00   4.669785e-03   1.601055e+03   1.582918e-01  -5.840006e-01  -6.014654e-01   4.202806e-02   4.125985e+00   1.952030e-01
    72  -1.934498e+00  -1.952495e+00   3.924947e-03   2.537045e+03   1.689070e-01   4.904053e-01  -1.773905e+00  -1.804612e+00   5.336336e-03   1.177526e+03   1.569358e-01  -5.482130e-01  -5.657382e-01   4.802703e-02   3.625291e+00   1.913865e-01
    73  -1.897727e+00  -1.915724e+00   4.249363e-03   2.138733e+03   1.688603e-01   4.889157e-01  -1.711249e+00  -1.741448e+00   6.086254e-03   8.713177e+02   1.553661e-01  -5.123163e-01  -5.298939e-01   5.477629e-02   3.174452e+00   1.875099e-01
    74  -1.860956e+00  -1.878953e+00   4.602210e-03   1.803687e+03   1.689002e-01   4.869513e-01  -1.649756e+00  -1.679415e+00   6.927149e-03   6.485648e+02   1.535367e-01  -4.763300e-01  -4.939506e-01   6.234434e-02   2.770020e+00   1.835717e-01
    75  -1.824185e+00  -1.842182e+00   4.986035e-03   1.522451e+03   1.689490e-01   4.848627e-01  -1.589435e+00  -1.618549e+00   7.866679e-03   4.851463e+02   1.514865e-01  -4.402750e-01  -4.579285e-01   7.080011e-02   2.408558e+00   1.795756e-01
    76  -1.787414e+00  -1.805411e+00   5.404041e-03   1.285986e+03   1.690325e-01   4.825325e-01  -1.530223e+00  -1.558820e+00   8.912390e-03   3.641229e+02   1.493179e-01  -4.041746e-01  -4.218498e-01   8.021151e-02   2.086780e+00   1.755154e-01
    77  -1.750643e+00  -1.768640e+00   5.859803e-03   1.087557e+03   1.690304e-01   4.805694e-01  -1.472005e+00  -1.500139e+00   1.007152e-02   2.737010e+02   1.471671e-01  -3.680549e-01  -3.857393e-01   9.064369e-02   1.801493e+00   1.713850e-01
    78  -1.713872e+00  -1.731869e+00   6.356783e-03   9.204360e+02   1.690348e-01   4.786063e-01  -1.414638e+00  -1.442375e+00   1.135078e-02   2.056910e+02   1.451649e-01  -3.319441e-01  -3.496243e-01   1.021570e-01   1.549612e+00   1.671784e-01
    79  -1.677101e+00  -1.695098e+00   6.899955e-03   7.797004e+02   1.689712e-01   4.770812e-01  -1.357992e+00  -1.385392e+00   1.275612e-02   1.543732e+02   1.433932e-01  -2.958729e-01  -3.135341e-01   1.148050e-01   1.328155e+00   1.629008e-01
    80  -1.640330e+00  -1.658327e+00   7.493069e-03   6.608327e+02   1.688836e-01   4.759118e-01  -1.301982e+00  -1.329085e+00   1.429243e-02   1.156778e+02   1.418479e-01  -2.598740e-01  -2.775006e-01   1.286319e-01   1.134277e+00   1.585501e-01
    81  -1.603559e+00  -1.621556e+00   8.141652e-03   5.604285e+02   1.687977e-01   4.750281e-01  -1.246598e+00  -1.273407e+00   1.596333e-02   8.661141e+01   1.404295e-01  -2.239823e-01  -2.415575e-01   1.436700e-01   9.652867e-01   1.541232e-01
    82  -1.566788e+00  -1.584785e+00   8.850485e-03   4.751624e+02   1.687044e-01   4.746625e-01  -1.191907e+00  -1.218392e+00   1.777087e-02   6.488397e+01   1.389784e-01  -1.882350e-01  -2.057409e-01   1.599378e-01   8.186397e-01   1.496179e-01
    83  -1.530017e+00  -1.548014e+00   9.625840e-03   4.029424e+02   1.686778e-01   4.744147e-01  -1.138023e+00  -1.164130e+00   1.971527e-02   4.869661e+01   1.373425e-01  -1.526705e-01  -1.700888e-01   1.774374e-01   6.919311e-01   1.450424e-01
    84  -1.493246e+00  -1.511243e+00   1.047212e-02   3.415484e+02   1.687295e-01   4.742857e-01  -1.085056e+00  -1.110732e+00   2.179475e-02   3.663812e+01   1.354373e-01  -1.173284e-01  -1.346400e-01   1.961527e-01   5.829212e-01   1.404021e-01
    85  -1.456475e+00  -1.474472e+00   1.139686e-02   2.892854e+02   1.689204e-01   4.739211e-01  -1.033079e+00  -1.058290e+00   2.400535e-02   2.762807e+01   1.332599e-01  -8.224924e-02  -9.943473e-02   2.160481e-01   4.895442e-01   1.357004e-01
    86  -1.419704e+00  -1.437701e+00   1.240715e-02   2.450146e+02   1.692260e-01   4.732589e-01  -9.821073e-01  -1.006846e+00   2.634082e-02   2.086269e+01   1.308625e-01  -4.747397e-02  -6.451363e-02   2.370673e-01   4.098939e-01   1.309461e-01
    87  -1.382933e+00  -1.400930e+00   1.350676e-02   2.072708e+02   1.697264e-01   4.718439e-01  -9.321045e-01  -9.563867e-01   2.879262e-02   1.575567e+01   1.283269e-01  -1.304207e-02  -2.991688e-02   2.591336e-01   3.422174e-01   1.261571e-01
    88  -1.346162e+00  -1.364159e+00   1.470808e-02   1.753146e+02   1.703624e-01   4.696977e-01  -8.829885e-01  -9.068525e-01   3.134998e-02   1.188260e+01   1.257397e-01   2.100735e-02   4.316245e-03   2.821498e-01   2.849450e-01   1.213426e-01
    89  -1.309391e+00  -1.327388e+00   1.601791e-02   1.483305e+02   1.710963e-01   4.668029e-01  -8.346472e-01  -8.581456e-01   3.400006e-02   8.936395e+00   1.231825e-01   5.463703e-02   3.814763e-02   3.060005e-01   2.366573e-01   1.165187e-01
    90  -1.272620e+00  -1.290617e+00   1.744372e-02   1.254567e+02   1.719349e-01   4.630308e-01  -7.869522e-01  -8.101453e-01   3.672816e-02   6.692817e+00   1.207173e-01   8.781276e-02   7.154161e-02   3.305535e-01   1.960843e-01   1.117064e-01
    91  -1.235849e+00  -1.253846e+00   1.900318e-02   1.062120e+02   1.727622e-01   4.587819e-01  -7.397726e-01  -7.627220e-01   3.951809e-02   4.986434e+00   1.183831e-01   1.205024e-01   1.044651e-01   3.556628e-01   1.621118e-01   1.069187e-01
    92  -1.199078e+00  -1.217075e+00   2.070593e-02   9.001855e+01   1.735492e-01   4.540070e-01  -6.929855e-01  -7.157493e-01   4.235249e-02   3.692902e+00   1.161932e-01   1.526785e-01   1.368883e-01   3.811724e-01   1.337486e-01   1.021809e-01
    93  -1.162307e+00  -1.180304e+00   2.256522e-02   7.636054e+01   1.742097e-01   4.494045e-01  -6.464811e-01  -6.691111e-01   4.521329e-02   2.717136e+00   1.141388e-01   1.843167e-01   1.687856e-01   4.069196e-01   1.101403e-01   9.750776e-02
    94  -1.125536e+00  -1.143533e+00   2.460480e-02   6.485979e+01   1.747337e-01   4.449138e-01  -6.001669e-01  -6.227069e-01   4.808216e-02   1.985650e+00   1.121979e-01   2.153974e-01   2.001350e-01   4.327394e-01   9.054035e-02   9.292002e-02
    95  -1.088765e+00  -1.106762e+00   2.684158e-02   5.516135e+01   1.751125e-01   4.405914e-01  -5.539648e-01  -5.764517e-01   5.094094e-02   1.440985e+00   1.103400e-01   2.459051e-01   2.309191e-01   4.584685e-01   7.430902e-02   8.843394e-02
    96  -1.051994e+00  -1.069991e+00   2.928995e-02   4.694301e+01   1.753111e-01   4.370338e-01  -5.078041e-01  -5.302714e-01   5.377208e-02   1.038218e+00   1.085348e-01   2.758288e-01   2.611246e-01   4.839488e-01   6.089756e-02   8.406539e-02
    97  -1.015223e+00  -1.033220e+00   3.198132e-02   3.996994e+01   1.753714e-01   4.339617e-01  -4.616153e-01  -4.840959e-01   5.655903e-02   7.424443e-01   1.067597e-01   3.051619e-01   2.907429e-01   5.090312e-01   4.983882e-02   7.982855e-02
    98  -9.784521e-01  -9.964486e-01   3.494095e-02   3.404769e+01   1.753153e-01   4.313246e-01  -4.153226e-01  -4.378524e-01   5.928652e-02   5.267366e-01   1.050031e-01   3.339018e-01   3.197695e-01   5.335787e-01   4.073767e-02   7.573437e-02
    99  -9.416811e-01  -9.596775e-01   3.818342e-02   2.900162e+01   1.751595e-01   4.292306e-01  -3.688324e-01  -3.914557e-01   6.194091e-02   3.704725e-01   1.032641e-01   3.620503e-01   3.482041e-01   5.574682e-01   3.326014e-02   7.179312e-02
   100  -9.049101e-01  -9.229065e-01   4.174079e-02   2.468082e+01   1.749487e-01   4.275872e-01  -3.220272e-01  -3.447996e-01   6.451030e-02   2.580595e-01   1.015508e-01   3.896124e-01   3.760500e-01   5.805927e-01   2.712664e-02   6.801084e-02
   101  -8.681391e-01  -8.861355e-01   4.564684e-02   2.099424e+01   1.746942e-01   4.261170e-01  -2.747698e-01  -2.977560e-01   6.698469e-02   1.778484e-01   9.987599e-02   4.165967e-01   4.033141e-01   6.028622e-01   2.210243e-02   6.439353e-02
   102  -8.313681e-01  -8.493645e-01   4.993320e-02   1.784786e+01   1.743971e-01   4.247096e-01  -2.268964e-01  -2.501738e-01   6.935597e-02   1.211145e-01   9.825274e-02   4.430146e-01   4.300065e-01   6.242038e-01   1.799260e-02   6.094271e-02
   103  -7.945970e-01  -8.125935e-01   5.461385e-02   1.515946e+01   1.740632e-01   4.231735e-01  -1.782136e-01  -2.018732e-01   7.161799e-02   8.138138e-02   9.669753e-02   4.688804e-01   4.561401e-01   6.445619e-01   1.463440e-02   5.766058e-02
   104  -7.578260e-01  -7.758225e-01   5.972939e-02   1.285699e+01   1.737156e-01   4.212671e-01  -1.285127e-01  -1.526526e-01   7.376638e-02   5.388800e-02   9.522685e-02   4.942104e-01   4.817301e-01   6.638974e-01   1.189364e-02   5.454479e-02
   105  -7.210550e-01  -7.390515e-01   6.532557e-02   1.089740e+01   1.732957e-01   4.189259e-01  -7.757193e-02  -1.022959e-01   7.579851e-02   3.512030e-02   9.385418e-02   5.190232e-01   5.067940e-01   6.821866e-01   9.658729e-03   5.159458e-02
   106  -6.842840e-01  -7.022805e-01   7.144360e-02   9.231307e+00   1.727700e-01   4.160486e-01  -2.517461e-02  -5.058354e-02   7.771330e-02   2.250859e-02   9.258846e-02   5.433386e-01   5.313511e-01   6.994197e-01   7.838167e-03   4.880499e-02
   107  -6.475130e-01  -6.655094e-01   7.812427e-02   7.815997e+00   1.721053e-01   4.125606e-01   2.883290e-02   2.668130e-03   7.951106e-02   1.419255e-02   9.140378e-02   5.671780e-01   5.554219e-01   7.155996e-01   6.356209e-03   4.617262e-02
   108  -6.107420e-01  -6.287384e-01   8.538696e-02   6.612429e+00   1.712964e-01   4.084147e-01   8.448520e-02   5.754988e-02   8.119333e-02   8.821591e-03   9.023359e-02   5.905639e-01   5.790283e-01   7.307399e-01   5.150903e-03   4.369135e-02
   109  -5.739710e-01  -5.919674e-01   9.331214e-02   5.591093e+00   1.702972e-01   4.036829e-01   1.415854e-01   1.139731e-01   8.276263e-02   5.431688e-03   8.891758e-02   6.135192e-01   6.021932e-01   7.448636e-01   4.171275e-03   4.135559e-02
   110  -5.371999e-01  -5.551964e-01   1.019556e-01   4.725599e+00   1.690680e-01   3.984021e-01   1.995817e-01   1.715510e-01   8.422234e-02   3.341964e-03   8.717419e-02   6.360680e-01   6.249399e-01   7.580011e-01   3.375622e-03   3.915894e-02
   111  -5.004289e-01  -5.184254e-01   1.113764e-01   3.992016e+00   1.675906e-01   3.925708e-01   2.575583e-01   2.295367e-01   8.557652e-02   2.077774e-03   8.466232e-02   6.582339e-01   6.472923e-01   7.701887e-01   2.729847e-03   3.709437e-02
   112  -4.636579e-01  -4.816544e-01   1.216273e-01   3.370024e+00   1.658564e-01   3.862005e-01   3.143906e-01   2.869035e-01   8.682971e-02   1.319766e-03   8.113403e-02   6.800416e-01   6.692746e-01   7.814674e-01   2.206028e-03   3.515559e-02
   113  -4.268869e-01  -4.448834e-01   1.327472e-01   2.841808e+00   1.638747e-01   3.792957e-01   3.690508e-01   3.425801e-01   8.798682e-02   8.624823e-04   7.661375e-02   7.015150e-01   6.909110e-01   7.918814e-01   1.781431e-03   3.333530e-02
   114  -3.901159e-01  -4.081123e-01   1.448324e-01   2.393643e+00   1.616310e-01   3.717699e-01   4.208633e-01   3.957293e-01   8.905301e-02   5.807599e-04   7.140549e-02   7.226782e-01   7.122255e-01   8.014771e-01   1.437479e-03   3.162680e-02
   115  -3.533449e-01  -3.713413e-01   1.579478e-01   2.013504e+00   1.591199e-01   3.635075e-01   4.695592e-01   4.458934e-01   9.003354e-02   4.018603e-04   6.592061e-02   7.435551e-01   7.332421e-01   8.103019e-01   1.159038e-03   3.002342e-02
   116  -3.165739e-01  -3.345703e-01   1.721576e-01   1.691064e+00   1.563458e-01   3.544027e-01   5.151777e-01   4.929671e-01   9.093373e-02   2.844957e-04   6.050806e-02   7.641688e-01   7.539842e-01   8.184036e-01   9.337919e-04   2.851838e-02
   117  -2.798028e-01  -2.977993e-01   1.875003e-01   1.417630e+00   1.533174e-01   3.443536e-01   5.579268e-01   5.370780e-01   9.175884e-02   2.051793e-04   5.538901e-02   7.845423e-01   7.744750e-01   8.258295e-01   7.517034e-04   2.710550e-02
   118  -2.430318e-01  -2.610283e-01   2.040293e-01   1.185649e+00   1.500511e-01   3.331264e-01   5.980837e-01   5.784692e-01   9.251402e-02   1.501999e-04   5.066875e-02   8.046977e-01   7.947369e-01   8.326262e-01   6.046135e-04   2.577862e-02
   119  -2.062608e-01  -2.242573e-01   2.218226e-01   9.892815e-01   1.465384e-01   3.205956e-01   6.359384e-01   6.174234e-01   9.320429e-02   1.112782e-04   4.638003e-02   8.246563e-01   8.147916e-01   8.388386e-01   4.858887e-04   2.453177e-02
   120  -1.694898e-01  -1.874863e-01   2.409253e-01   8.232467e-01   1.427888e-01   3.066258e-01   6.717673e-01   6.542222e-01   9.383445e-02   8.324108e-05   4.251595e-02   8.444390e-01   8.346603e-01   8.445100e-01   3.901346e-04   2.335948e-02
   121  -1.327188e-01  -1.507152e-01   2.613538e-01   6.830542e-01   1.388159e-01   2.911012e-01   7.058138e-01   6.891241e-01   9.440910e-02   6.276920e-05   3.904643e-02   8.640654e-01   8.543630e-01   8.496819e-01   3.129714e-04   2.225648e-02
   122  -9.594778e-02  -1.139442e-01   2.831085e-01   5.648415e-01   1.346360e-01   2.736694e-01   7.382948e-01   7.223579e-01   9.493262e-02   4.764392e-05   3.593544e-02   8.835544e-01   8.739192e-01   8.543935e-01   2.508441e-04   2.121774e-02
   123  -5.917676e-02  -7.717322e-02   3.062402e-01   4.654427e-01   1.302542e-01   2.543246e-01   7.693988e-01   7.541252e-01   9.540910e-02   3.636126e-05   3.314572e-02   9.029241e-01   8.933473e-01   8.586819e-01   2.008673e-04   2.023858e-02
   124  -2.240575e-02  -4.040221e-02   3.307415e-01   3.820634e-01   1.256895e-01   2.330801e-01   7.992891e-01   7.846011e-01   9.584241e-02   2.787772e-05   3.064033e-02   9.221914e-01   9.126646e-01   8.625817e-01   1.607007e-04   1.931472e-02
   125   1.436526e-02  -3.631192e-03   3.565304e-01   3.123103e-01   1.209607e-01   2.097975e-01   8.281082e-01   8.139376e-01   9.623618e-02   2.145497e-05   2.838701e-02   9.413723e-01   9.318877e-01   8.661256e-01   1.284492e-04   1.844205e-02
   126   5.113628e-02   3.313982e-02   3.836076e-01   2.541514e-01   1.160854e-01   1.846102e-01   8.559801e-01   8.422677e-01   9.659376e-02   1.656470e-05   2.635569e-02   9.604818e-01   9.510321e-01   8.693438e-01   1.025774e-04   1.761680e-02
   127   8.790729e-02   6.991084e-02   4.119100e-01   2.058259e-01   1.110891e-01   1.577951e-01   8.830133e-01   8.697070e-01   9.691827e-02   1.282328e-05   2.452039e-02   9.795338e-01   9.701123e-01   8.722644e-01   8.184304e-05   1.683550e-02
   128   1.246783e-01   1.066818e-01   4.411694e-01   1.657771e-01   1.059774e-01   1.293818e-01   9.093038e-01   8.963575e-01   9.721261e-02   9.948686e-06   2.285833e-02   9.985415e-01   9.891416e-01   8.749135e-01   6.524171e-05   1.609498e-02
   129   1.614493e-01   1.434529e-01   4.714020e-01   1.327441e-01   1.007806e-01   1.006560e-01   9.349350e-01   9.223084e-01   9.747945e-02   7.732832e-06   2.134896e-02   1.017517e+00   1.008133e+00   8.773151e-01   5.196230e-05   1.539228e-02
   130   1.982203e-01   1.802239e-01   5.024615e-01   1.056530e-01   9.554261e-02   7.127845e-02   9.599815e-01   9.476388e-01   9.772124e-02   6.019572e-06   1.997501e-02   1.036471e+00   1.027097e+00   8.794912e-01   4.135015e-05   1.472470e-02
   131   2.349913e-01   2.169949e-01   5.341399e-01   8.355783e-02   9.029130e-02   4.302372e-02   9.845096e-01   9.724187e-01   9.794025e-02   4.691620e-06   1.872104e-02   1.055414e+00   1.046046e+00   8.814623e-01   3.287746e-05   1.408980e-02
   132   2.717624e-01   2.537659e-01   5.662928e-01   6.563859e-02   8.505825e-02   1.676790e-02   1.008578e+00   9.967103e-01   9.813854e-02   3.660331e-06   1.757343e-02   1.074355e+00   1.064988e+00   8.832469e-01   2.611914e-05   1.348534e-02
   133   3.085334e-01   2.905369e-01   5.985511e-01   5.119196e-02   7.988169e-02  -8.743098e-03   1.032238e+00   1.020569e+00   9.831802e-02   2.858024e-06   1.652056e-02   1.093304e+00   1.083933e+00   8.848622e-01   2.073322e-05   1.290929e-02
   134   3.453044e-01   3.273079e-01   6.306123e-01   3.957454e-02   7.474625e-02  -2.989099e-02   1.055537e+00   1.044044e+00   9.848042e-02   2.232972e-06   1.555216e-02   1.112267e+00   1.102889e+00   8.863237e-01   1.644484e-05   1.235981e-02
   135   3.820754e-01   3.640789e-01   6.624292e-01   3.034607e-02   6.972929e-02  -4.859352e-02   1.078517e+00   1.067179e+00   9.862732e-02   1.745464e-06   1.465914e-02   1.131251e+00   1.121863e+00   8.876458e-01   1.303334e-05   1.183519e-02
   136   4.188464e-01   4.008500e-01   6.936621e-01   2.307474e-02   6.486058e-02  -6.511126e-02   1.101216e+00   1.090015e+00   9.876016e-02   1.364902e-06   1.383360e-02   1.150264e+00   1.140861e+00   8.888415e-01   1.032175e-05   1.133393e-02
   137   4.556174e-01   4.376210e-01   7.237931e-01   1.736855e-02   6.013544e-02  -7.778075e-02   1.123665e+00   1.112585e+00   9.888027e-02   1.067597e-06   1.306866e-02   1.169310e+00   1.159891e+00   8.899225e-01   8.168265e-06   1.085463e-02
   138   4.923884e-01   4.743920e-01   7.529704e-01   1.294838e-02   5.560112e-02  -8.773857e-02   1.145896e+00   1.134923e+00   9.898885e-02   8.352022e-07   1.235825e-02   1.188395e+00   1.178957e+00   8.908996e-01   6.459421e-06   1.039602e-02
   139   5.291595e-01   5.111630e-01   7.805210e-01   9.555029e-03   5.127563e-02  -9.578458e-02   1.167935e+00   1.157055e+00   9.908698e-02   6.534650e-07   1.169702e-02   1.207523e+00   1.198064e+00   8.917828e-01   5.104493e-06   9.956972e-03
   140   5.659305e-01   5.479340e-01   8.066525e-01   6.973458e-03   4.716932e-02  -1.019876e-01   1.189806e+00   1.179008e+00   9.917565e-02   5.112973e-07   1.108027e-02   1.226699e+00   1.217217e+00   8.925808e-01   4.031018e-06   9.536422e-03
   141   6.027015e-01   5.847050e-01   8.307721e-01   5.034553e-03   4.330179e-02  -1.063739e-01   1.211531e+00   1.200804e+00   9.925576e-02   4.000596e-07   1.050384e-02   1.245925e+00   1.236418e+00   8.933019e-01   3.181178e-06   9.133414e-03
   142   6.394725e-01   6.214760e-01   8.531267e-01   3.593964e-03   3.967924e-02  -1.091751e-01   1.233128e+00   1.222464e+00   9.932813e-02   3.130096e-07   9.964112e-03   1.265205e+00   1.255672e+00   8.939532e-01   2.508882e-06   8.747073e-03
   143   6.762435e-01   6.582471e-01   8.734011e-01   2.535443e-03   3.630540e-02  -1.106181e-01   1.254616e+00   1.244005e+00   9.939350e-02   2.448822e-07   9.457865e-03   1.284541e+00   1.274980e+00   8.945415e-01   1.977421e-06   8.376591e-03
   144   7.130145e-01   6.950181e-01   8.916060e-01   1.769067e-03   3.318410e-02  -1.107612e-01   1.276009e+00   1.265444e+00   9.945254e-02   1.915625e-07   8.982246e-03   1.303935e+00   1.294346e+00   8.950729e-01   1.557589e-06   8.021229e-03
   145   7.497855e-01   7.317891e-01   9.078505e-01   1.220390e-03   3.031002e-02  -1.097590e-01   1.297322e+00   1.286797e+00   9.950586e-02   1.498332e-07   8.534727e-03   1.323389e+00   1.313771e+00   8.955527e-01   1.226165e-06   7.680302e-03
   146   7.865565e-01   7.685601e-01   9.221638e-01   8.323376e-04   2.767659e-02  -1.076843e-01   1.318567e+00   1.308075e+00   9.955400e-02   1.171767e-07   8.113059e-03   1.342905e+00   1.333257e+00   8.959860e-01   9.647082e-07   7.353179e-03
   147   8.233276e-01   8.053311e-01   9.345943e-01   5.618396e-04   2.527382e-02  -1.045846e-01   1.339755e+00   1.329290e+00   9.959747e-02   9.162292e-08   7.715243e-03   1.362484e+00   1.352805e+00   8.963772e-01   7.585807e-07   7.039273e-03
   148   8.600986e-01   8.421021e-01   9.452772e-01   3.755648e-04   2.308813e-02  -1.005448e-01   1.360895e+00   1.350453e+00   9.963672e-02   7.162951e-08   7.339493e-03   1.382126e+00   1.372416e+00   8.967304e-01   5.961766e-07   6.738040e-03
   149   8.968696e-01   8.788731e-01   9.544124e-01   2.487789e-04   2.110403e-02  -9.563205e-02   1.381997e+00   1.371574e+00   9.967214e-02   5.598886e-08   6.984212e-03   1.401832e+00   1.392090e+00   8.970493e-01   4.683002e-07   6.448971e-03
   150   9.336406e-01   9.156441e-01   9.621613e-01   1.634665e-04   1.930549e-02  -9.005633e-02   1.403068e+00   1.392660e+00   9.970413e-02   4.375537e-08   6.647970e-03   1.421601e+00   1.411829e+00   8.973371e-01   3.676708e-07   6.171594e-03
   151   9.704116e-01   9.524152e-01   9.686791e-01   1.066493e-04   1.767560e-02  -8.397953e-02   1.424114e+00   1.413719e+00   9.973300e-02   3.418857e-08   6.329481e-03   1.441434e+00   1.431630e+00   8.975970e-01   2.885288e-07   5.905465e-03
   152   1.007183e+00   9.891862e-01   9.741334e-01   6.915975e-05   1.619776e-02  -7.760241e-02   1.445143e+00   1.434756e+00   9.975905e-02   2.670862e-08   6.027588e-03   1.461329e+00   1.451495e+00   8.978315e-01   2.263210e-07   5.650167e-03
   153   1.043954e+00   1.025957e+00   9.786689e-01   4.462253e-05   1.485654e-02  -7.108798e-02   1.466158e+00   1.455778e+00   9.978257e-02   2.086149e-08   5.741245e-03   1.481287e+00   1.471423e+00   8.980432e-01   1.774507e-07   5.405313e-03
   154   1.080725e+00   1.062728e+00   9.824298e-01   2.867626e-05   1.363717e-02  -6.463828e-02   1.487165e+00   1.476789e+00   9.980380e-02   1.629171e-08   5.469508e-03   1.501306e+00   1.491412e+00   8.982342e-01   1.390786e-07   5.170536e-03
   155   1.117496e+00   1.099499e+00   9.855350e-01   1.837154e-05   1.252670e-02  -5.840744e-02   1.508166e+00   1.497792e+00   9.982296e-02   1.272100e-08   5.211519e-03   1.521384e+00   1.511461e+00   8.984066e-01   1.089648e-07   4.945493e-03
   156   1.154267e+00   1.136270e+00   9.880947e-01   1.174310e-05   1.151361e-02  -5.245423e-02   1.529164e+00   1.518792e+00   9.984025e-02   9.931546e-09   4.966503e-03   1.541518e+00   1.531568e+00   8.985622e-01   8.534358e-08   4.729864e-03
   157   1.191038e+00   1.173041e+00   9.902018e-01   7.493979e-06   1.058788e-02  -4.693855e-02   1.550162e+00   1.539790e+00   9.985585e-02   7.752884e-09   4.733755e-03   1.561708e+00   1.551730e+00   8.987027e-01   6.682392e-08   4.523349e-03
   158   1.227809e+00   1.209812e+00   9.919328e-01   4.777531e-06   9.740646e-03  -4.183781e-02   1.571160e+00   1.560788e+00   9.986993e-02   6.051641e-09   4.512636e-03   1.581949e+00   1.571946e+00   8.988294e-01   5.231057e-08   4.325668e-03
   159   1.264580e+00   1.246583e+00   9.933531e-01   3.044164e-06   8.964224e-03  -3.716455e-02   1.592160e+00   1.581787e+00   9.988264e-02   4.723477e-09   4.302564e-03   1.602238e+00   1.592212e+00   8.989438e-01   4.094175e-08   4.136561e-03
   160   1.301351e+00   1.283354e+00   9.945171e-01   1.939417e-06   8.251923e-03  -3.295595e-02   1.613159e+00   1.602786e+00   9.989411e-02   3.686790e-09   4.103016e-03   1.622571e+00   1.612524e+00   8.990470e-01   3.203978e-08   3.955789e-03
   161   1.338122e+00   1.320125e+00   9.954739e-01   1.235823e-06   7.597834e-03  -2.917961e-02   1.634158e+00   1.623786e+00   9.990446e-02   2.877769e-09   3.913515e-03   1.642943e+00   1.632877e+00   8.991401e-01   2.507206e-08   3.783135e-03
   162   1.374893e+00   1.356896e+00   9.962606e-01   7.878408e-07   6.996750e-03  -2.579041e-02   1.655153e+00   1.644783e+00   9.991379e-02   2.246532e-09   3.733635e-03   1.663348e+00   1.653265e+00   8.992241e-01   1.962025e-08   3.618402e-03
   163   1.411664e+00   1.393667e+00   9.969084e-01   5.025784e-07   6.444087e-03  -2.276185e-02   1.676142e+00   1.665774e+00   9.992222e-02   1.754093e-09   3.562994e-03   1.683778e+00   1.673683e+00   8.993000e-01   1.535594e-08   3.461416e-03
   164   1.448435e+00   1.430438e+00   9.974422e-01   3.208671e-07   5.935797e-03  -2.008614e-02   1.697118e+00   1.686757e+00   9.992982e-02   1.369989e-09   3.401254e-03   1.704225e+00   1.694122e+00   8.993684e-01   1.202144e-08   3.312027e-03
   165   1.485206e+00   1.467209e+00   9.978824e-01   2.050529e-07   5.468244e-03  -1.770563e-02   1.718077e+00   1.707724e+00   9.993668e-02   1.070423e-09   3.248118e-03   1.724680e+00   1.714573e+00   8.994301e-01   9.414659e-09   3.170110e-03
   166   1.521977e+00   1.503980e+00   9.982456e-01   1.311770e-07   5.038188e-03  -1.558245e-02   1.739008e+00   1.728669e+00   9.994287e-02   8.368105e-10   3.103332e-03   1.745131e+00   1.735026e+00   8.994858e-01   7.377214e-09   3.035568e-03
   167   1.558748e+00   1.540751e+00   9.985437e-01   8.401053e-08   4.642754e-03  -1.368169e-02   1.759903e+00   1.749581e+00   9.994845e-02   6.546407e-10   2.966683e-03   1.765564e+00   1.755467e+00   8.995361e-01   5.785005e-09   2.908332e-03
   168   1.595519e+00   1.577522e+00   9.987904e-01   5.386707e-08   4.279395e-03  -1.199262e-02   1.780748e+00   1.770451e+00   9.995349e-02   5.125872e-10   2.837999e-03   1.785962e+00   1.775882e+00   8.995814e-01   4.540855e-09   2.788362e-03
   169   1.632290e+00   1.614293e+00   9.989949e-01   3.458259e-08   3.945829e-03  -1.046729e-02   1.801529e+00   1.791263e+00   9.995804e-02   4.018108e-10   2.717151e-03   1.806306e+00   1.796253e+00   8.996223e-01   3.568701e-09   2.675655e-03
   170   1.669061e+00   1.651064e+00   9.991647e-01   2.223263e-08   3.640139e-03  -9.049412e-03   1.822227e+00   1.812002e+00   9.996214e-02   3.154152e-10   2.604051e-03   1.826575e+00   1.816559e+00   8.996593e-01   2.809033e-09   2.570238e-03
   171   1.705832e+00   1.687835e+00   9.993059e-01   1.431427e-08   3.360670e-03  -7.678376e-03   1.842820e+00   1.832646e+00   9.996584e-02   2.480214e-10   2.498655e-03   1.846741e+00   1.836775e+00   8.996926e-01   2.215309e-09   2.472175e-03
   172   1.742603e+00   1.724606e+00   9.994228e-01   9.230866e-09   3.105998e-03  -6.367866e-03   1.863283e+00   1.853172e+00   9.996918e-02   1.954347e-10   2.400959e-03   1.866776e+00   1.856874e+00   8.997226e-01   1.751146e-09   2.381568e-03
   173   1.779374e+00   1.761377e+00   9.995199e-01   5.963457e-09   2.875008e-03  -5.045392e-03   1.883585e+00   1.873553e+00   9.997219e-02   1.543846e-10   2.311005e-03   1.886644e+00   1.876823e+00   8.997498e-01   1.388115e-09   2.298554e-03
   174   1.816145e+00   1.798148e+00   9.996012e-01   3.860626e-09   2.666924e-03  -3.625786e-03   1.903693e+00   1.893756e+00   9.997491e-02   1.223221e-10   2.228871e-03   1.906307e+00   1.896587e+00   8.997742e-01   1.104006e-09   2.223303e-03
   175   1.852916e+00   1.834919e+00   9.996693e-01   2.505677e-09   2.481656e-03  -1.922874e-03   1.923568e+00   1.913744e+00   9.997737e-02   9.726068e-11   2.154679e-03   1.925721e+00   1.916123e+00   8.997963e-01   8.814769e-10   2.156018e-03
   176   1.889687e+00   1.871691e+00   9.997266e-01   1.631367e-09   2.319579e-03   1.711923e-04   1.943166e+00   1.933477e+00   9.997958e-02   7.765121e-11   2.088618e-03   1.944840e+00   1.935386e+00   8.998162e-01   7.069899e-10   2.096932e-03
   177   1.926458e+00   1.908462e+00   9.997748e-01   1.066162e-09   2.181371e-03   2.687549e-03   1.962443e+00   1.952911e+00   9.998158e-02   6.227842e-11   2.031208e-03   1.963613e+00   1.954328e+00   8.998342e-01   5.699592e-10   2.046375e-03
   178   1.963229e+00   1.945233e+00   9.998155e-01   7.000323e-10   2.068867e-03   5.875664e-03   1.981371e+00   1.972010e+00   9.998338e-02   5.015202e-11   1.984914e-03   1.981995e+00   1.972901e+00   8.998504e-01   4.619277e-10   2.005597e-03
   179   2.000000e+00   1.982004e+00   9.998500e-01   4.609975e-10   1.991513e-03   8.188704e-03   2.000000e+00   1.990785e+00   9.998500e-02   4.038365e-11   1.959209e-03   2.000000e+00   1.991091e+00   8.998650e-01   3.752574e-10   1.981882e-03
