     i          log_r       log_rmid          m_tot        rho_tot         v2_tot            eta     lgr[heavy]    lgrm[heavy]       m[heavy]     rho[heavy]      v2[heavy]     lgr[light]    lgrm[light]       m[light]     rho[light]      v2[light]
     0  -3.042103e+00  -3.343133e+00   1.173249e-07   4.703031e+02   1.424101e-01            nan  -3.042103e+00  -3.343133e+00   9.998500e-08   4.012037e+02   1.245556e-01  -2.468387e+00  -2.769417e+00   8.998650e-07   6.862143e+01   2.460397e-01
     1  -3.013935e+00  -3.027791e+00   1.425000e-07   4.698181e+02   1.423574e-01            nan  -3.019748e+00  -3.030781e+00   1.166721e-07   4.009850e+02   1.245554e-01  -2.445965e+00  -2.457031e+00   1.050049e-06   6.836258e+01   2.460195e-01
     2  -2.985767e+00  -2.999622e+00   1.730776e-07   4.697638e+02   1.423531e-01            nan  -2.997393e+00  -3.008426e+00   1.361439e-07   4.009613e+02   1.245554e-01  -2.423545e+00  -2.434610e+00   1.225295e-06   6.833450e+01   2.460173e-01
     3  -2.957598e+00  -2.971454e+00   2.102168e-07   4.697054e+02   1.423489e-01            nan  -2.975039e+00  -2.986072e+00   1.588651e-07   4.009351e+02   1.245554e-01  -2.401127e+00  -2.412192e+00   1.429786e-06   6.830339e+01   2.460148e-01
     4  -2.929430e+00  -2.943286e+00   2.553251e-07   4.696424e+02   1.423450e-01            nan  -2.952685e+00  -2.963718e+00   1.853780e-07   4.009059e+02   1.245554e-01  -2.378710e+00  -2.389774e+00   1.668402e-06   6.826894e+01   2.460121e-01
     5  -2.901262e+00  -2.915118e+00   3.101119e-07   4.695736e+02   1.423412e-01            nan  -2.930331e+00  -2.941364e+00   2.163150e-07   4.008737e+02   1.245554e-01  -2.356292e+00  -2.367357e+00   1.946835e-06   6.823079e+01   2.460091e-01
     6  -2.873094e+00  -2.886950e+00   3.766528e-07   4.694984e+02   1.423377e-01            nan  -2.907978e+00  -2.919011e+00   2.524142e-07   4.008379e+02   1.245553e-01  -2.333873e+00  -2.344938e+00   2.271728e-06   6.818854e+01   2.460058e-01
     7  -2.844926e+00  -2.858781e+00   4.574686e-07   4.694163e+02   1.423345e-01            nan  -2.885624e+00  -2.896657e+00   2.945370e-07   4.007983e+02   1.245553e-01  -2.311450e+00  -2.322517e+00   2.650833e-06   6.814176e+01   2.460021e-01
     8  -2.816758e+00  -2.830613e+00   5.556199e-07   4.693266e+02   1.423315e-01            nan  -2.863271e+00  -2.874304e+00   3.436881e-07   4.007544e+02   1.245553e-01  -2.289024e+00  -2.300093e+00   3.093193e-06   6.808996e+01   2.459980e-01
     9  -2.788589e+00  -2.802445e+00   6.748223e-07   4.692268e+02   1.423289e-01            nan  -2.840917e+00  -2.851950e+00   4.010398e-07   4.007058e+02   1.245553e-01  -2.266593e+00  -2.277664e+00   3.609358e-06   6.803261e+01   2.459934e-01
    10  -2.760421e+00  -2.774277e+00   8.195884e-07   4.691166e+02   1.423267e-01            nan  -2.818562e+00  -2.829596e+00   4.679601e-07   4.006519e+02   1.245552e-01  -2.244156e+00  -2.255230e+00   4.211641e-06   6.796913e+01   2.459884e-01
    11  -2.732253e+00  -2.746109e+00   9.953963e-07   4.689950e+02   1.423250e-01            nan  -2.796207e+00  -2.807241e+00   5.460446e-07   4.005922e+02   1.245552e-01  -2.221713e+00  -2.232789e+00   4.914402e-06   6.789886e+01   2.459828e-01
    12  -2.704085e+00  -2.717941e+00   1.208895e-06   4.688605e+02   1.423237e-01            nan  -2.773852e+00  -2.784886e+00   6.371554e-07   4.005260e+02   1.245551e-01  -2.199260e+00  -2.210341e+00   5.734398e-06   6.782110e+01   2.459766e-01
    13  -2.675917e+00  -2.689772e+00   1.468155e-06   4.687088e+02   1.423230e-01            nan  -2.751496e+00  -2.762530e+00   7.434644e-07   4.004526e+02   1.245551e-01  -2.176799e+00  -2.187885e+00   6.691180e-06   6.773505e+01   2.459697e-01
    14  -2.647749e+00  -2.661604e+00   1.782977e-06   4.685400e+02   1.423230e-01            nan  -2.729139e+00  -2.740174e+00   8.675058e-07   4.003714e+02   1.245550e-01  -2.154327e+00  -2.165418e+00   7.807552e-06   6.763985e+01   2.459621e-01
    15  -2.619580e+00  -2.633436e+00   2.165251e-06   4.683522e+02   1.423237e-01            nan  -2.706782e+00  -2.717817e+00   1.012236e-06   4.002813e+02   1.245550e-01  -2.131843e+00  -2.142939e+00   9.110122e-06   6.753455e+01   2.459536e-01
    16  -2.591412e+00  -2.605268e+00   2.629402e-06   4.681423e+02   1.423253e-01            nan  -2.684423e+00  -2.695458e+00   1.181103e-06   4.001816e+02   1.245549e-01  -2.109345e+00  -2.120448e+00   1.062993e-05   6.741811e+01   2.459442e-01
    17  -2.563244e+00  -2.577100e+00   3.192936e-06   4.679040e+02   1.423279e-01            nan  -2.662063e+00  -2.673099e+00   1.378130e-06   4.000710e+02   1.245549e-01  -2.086832e+00  -2.097943e+00   1.240317e-05   6.728936e+01   2.459338e-01
    18  -2.535076e+00  -2.548932e+00   3.877098e-06   4.676373e+02   1.423316e-01            nan  -2.639702e+00  -2.650738e+00   1.608010e-06   3.999486e+02   1.245548e-01  -2.064302e+00  -2.075421e+00   1.447209e-05   6.714706e+01   2.459222e-01
    19  -2.506908e+00  -2.520763e+00   4.707654e-06   4.673389e+02   1.423364e-01            nan  -2.617339e+00  -2.628376e+00   1.876216e-06   3.998129e+02   1.245547e-01  -2.041753e+00  -2.052881e+00   1.688595e-05   6.698982e+01   2.459093e-01
    20  -2.478739e+00  -2.492595e+00   5.715812e-06   4.670027e+02   1.423427e-01            nan  -2.594974e+00  -2.606013e+00   2.189133e-06   3.996625e+02   1.245546e-01  -2.019182e+00  -2.030321e+00   1.970220e-05   6.681613e+01   2.458951e-01
    21  -2.450571e+00  -2.464427e+00   6.939461e-06   4.666201e+02   1.423508e-01   4.910038e-01  -2.572608e+00  -2.583647e+00   2.554206e-06   3.994960e+02   1.245545e-01  -1.996589e+00  -2.007739e+00   2.298786e-05   6.662434e+01   2.458792e-01
    22  -2.422403e+00  -2.436259e+00   8.424551e-06   4.661816e+02   1.423586e-01   4.909979e-01  -2.550240e+00  -2.561280e+00   2.980121e-06   3.993115e+02   1.245544e-01  -1.973969e+00  -1.985131e+00   2.682109e-05   6.641265e+01   2.458616e-01
    23  -2.394235e+00  -2.408091e+00   1.022674e-05   4.656830e+02   1.423666e-01   4.909906e-01  -2.527869e+00  -2.538910e+00   3.477003e-06   3.991072e+02   1.245542e-01  -1.951320e+00  -1.962496e+00   3.129303e-05   6.617910e+01   2.458421e-01
    24  -2.366067e+00  -2.379923e+00   1.241326e-05   4.651147e+02   1.423759e-01   4.909821e-01  -2.505496e+00  -2.516538e+00   4.056664e-06   3.988808e+02   1.245541e-01  -1.928638e+00  -1.939831e+00   3.650997e-05   6.592155e+01   2.458204e-01
    25  -2.337899e+00  -2.351754e+00   1.506577e-05   4.644652e+02   1.423866e-01   4.909726e-01  -2.483120e+00  -2.494164e+00   4.732872e-06   3.986301e+02   1.245539e-01  -1.905922e+00  -1.917131e+00   4.259585e-05   6.563770e+01   2.457963e-01
    26  -2.309730e+00  -2.323586e+00   1.828302e-05   4.637313e+02   1.423987e-01   4.909619e-01  -2.460740e+00  -2.471786e+00   5.521683e-06   3.983525e+02   1.245537e-01  -1.883165e+00  -1.894394e+00   4.969515e-05   6.532505e+01   2.457695e-01
    27  -2.281562e+00  -2.295418e+00   2.218444e-05   4.629016e+02   1.424122e-01   4.909494e-01  -2.438357e+00  -2.449405e+00   6.441814e-06   3.980450e+02   1.245535e-01  -1.860365e+00  -1.871615e+00   5.797633e-05   6.498091e+01   2.457397e-01
    28  -2.253394e+00  -2.267250e+00   2.691376e-05   4.619555e+02   1.424277e-01   4.909353e-01  -2.415971e+00  -2.427020e+00   7.515084e-06   3.977046e+02   1.245533e-01  -1.837516e+00  -1.848791e+00   6.763576e-05   6.460239e+01   2.457065e-01
    29  -2.225226e+00  -2.239082e+00   3.264574e-05   4.608778e+02   1.424457e-01   4.909194e-01  -2.393579e+00  -2.404631e+00   8.766923e-06   3.973276e+02   1.245531e-01  -1.814614e+00  -1.825914e+00   7.890231e-05   6.418639e+01   2.456696e-01
    30  -2.197058e+00  -2.210914e+00   3.959083e-05   4.596621e+02   1.424661e-01   4.909013e-01  -2.371183e+00  -2.382237e+00   1.022697e-05   3.969103e+02   1.245528e-01  -1.791653e+00  -1.802982e+00   9.204273e-05   6.372961e+01   2.456285e-01
    31  -2.168890e+00  -2.182745e+00   4.800276e-05   4.582899e+02   1.424886e-01   4.908804e-01  -2.348782e+00  -2.359838e+00   1.192976e-05   3.964483e+02   1.245525e-01  -1.768626e+00  -1.779987e+00   1.073678e-04   6.322856e+01   2.455828e-01
    32  -2.140721e+00  -2.154577e+00   5.818535e-05   4.567263e+02   1.425147e-01   4.908567e-01  -2.326375e+00  -2.337434e+00   1.391553e-05   3.959370e+02   1.245522e-01  -1.745527e+00  -1.756923e+00   1.252398e-04   6.267955e+01   2.455318e-01
    33  -2.112553e+00  -2.126409e+00   7.050781e-05   4.549520e+02   1.425448e-01   4.908300e-01  -2.303961e+00  -2.315023e+00   1.623115e-05   3.953712e+02   1.245518e-01  -1.722348e+00  -1.733783e+00   1.460803e-04   6.207872e+01   2.454750e-01
    34  -2.084385e+00  -2.098241e+00   8.541230e-05   4.529557e+02   1.425788e-01   4.907997e-01  -2.281540e+00  -2.292606e+00   1.893121e-05   3.947451e+02   1.245514e-01  -1.699080e+00  -1.710558e+00   1.703808e-04   6.142205e+01   2.454117e-01
    35  -2.056217e+00  -2.070073e+00   1.034292e-04   4.507087e+02   1.426165e-01   4.907646e-01  -2.259111e+00  -2.270180e+00   2.207926e-05   3.940525e+02   1.245510e-01  -1.675715e+00  -1.687241e+00   1.987134e-04   6.070541e+01   2.453409e-01
    36  -2.028049e+00  -2.041904e+00   1.251875e-04   4.481569e+02   1.426601e-01   4.907249e-01  -2.236672e+00  -2.247747e+00   2.574932e-05   3.932865e+02   1.245504e-01  -1.652243e+00  -1.663820e+00   2.317439e-04   5.992460e+01   2.452620e-01
    37  -1.999881e+00  -2.013736e+00   1.514518e-04   4.452732e+02   1.427104e-01   4.906800e-01  -2.214224e+00  -2.225303e+00   3.002750e-05   3.924394e+02   1.245499e-01  -1.628652e+00  -1.640287e+00   2.702475e-04   5.907537e+01   2.451738e-01
    38  -1.971712e+00  -1.985568e+00   1.831290e-04   4.420423e+02   1.427672e-01   4.906292e-01  -2.191765e+00  -2.202850e+00   3.501400e-05   3.915029e+02   1.245493e-01  -1.604931e+00  -1.616630e+00   3.151260e-04   5.815355e+01   2.450751e-01
    39  -1.943544e+00  -1.957400e+00   2.212996e-04   4.384231e+02   1.428301e-01   4.905704e-01  -2.169294e+00  -2.180384e+00   4.082538e-05   3.904680e+02   1.245486e-01  -1.581066e+00  -1.592835e+00   3.674284e-04   5.715508e+01   2.449647e-01
    40  -1.915376e+00  -1.929232e+00   2.672194e-04   4.343429e+02   1.429026e-01   4.905038e-01  -2.146809e+00  -2.157906e+00   4.759714e-05   3.893244e+02   1.245478e-01  -1.557044e+00  -1.568889e+00   4.283742e-04   5.607613e+01   2.448410e-01
    41  -1.887208e+00  -1.901064e+00   3.224210e-04   4.297543e+02   1.429862e-01   4.904286e-01  -2.124309e+00  -2.135413e+00   5.548679e-05   3.880615e+02   1.245470e-01  -1.532848e+00  -1.544777e+00   4.993811e-04   5.491323e+01   2.447023e-01
    42  -1.859040e+00  -1.872895e+00   3.886930e-04   4.246481e+02   1.430807e-01   4.903435e-01  -2.101792e+00  -2.112905e+00   6.467734e-05   3.866671e+02   1.245460e-01  -1.508462e+00  -1.520484e+00   5.820960e-04   5.366339e+01   2.445468e-01
    43  -1.830872e+00  -1.844727e+00   4.681360e-04   4.189733e+02   1.431857e-01   4.902453e-01  -2.079257e+00  -2.090379e+00   7.538125e-05   3.851282e+02   1.245450e-01  -1.483867e+00  -1.495991e+00   6.784313e-04   5.232425e+01   2.443720e-01
    44  -1.802703e+00  -1.816559e+00   5.631486e-04   4.126635e+02   1.433046e-01   4.901337e-01  -2.056702e+00  -2.067833e+00   8.784517e-05   3.834307e+02   1.245438e-01  -1.459045e+00  -1.471279e+00   7.906065e-04   5.089426e+01   2.441756e-01
    45  -1.774535e+00  -1.788391e+00   6.765944e-04   4.056075e+02   1.434429e-01   4.900078e-01  -2.034124e+00  -2.045266e+00   1.023551e-04   3.815592e+02   1.245425e-01  -1.433973e+00  -1.446328e+00   9.211963e-04   4.937286e+01   2.439545e-01
    46  -1.746367e+00  -1.760223e+00   8.118009e-04   3.978406e+02   1.435990e-01   4.898654e-01  -2.011521e+00  -2.022675e+00   1.192428e-04   3.794971e+02   1.245411e-01  -1.408629e+00  -1.421116e+00   1.073185e-03   4.776063e+01   2.437054e-01
    47  -1.718199e+00  -1.732055e+00   9.725590e-04   3.893182e+02   1.437738e-01   4.897030e-01  -1.988890e+00  -2.000058e+00   1.388921e-04   3.772262e+02   1.245395e-01  -1.382989e+00  -1.395620e+00   1.250029e-03   4.605955e+01   2.434246e-01
    48  -1.690031e+00  -1.703886e+00   1.163215e-03   3.800000e+02   1.439682e-01   4.895165e-01  -1.966228e+00  -1.977411e+00   1.617478e-04   3.747274e+02   1.245377e-01  -1.357028e+00  -1.369815e+00   1.455730e-03   4.427307e+01   2.431076e-01
    49  -1.661862e+00  -1.675718e+00   1.388370e-03   3.697835e+02   1.441912e-01   4.893060e-01  -1.943532e+00  -1.954731e+00   1.883238e-04   3.719797e+02   1.245358e-01  -1.330719e+00  -1.343674e+00   1.694914e-03   4.240637e+01   2.427494e-01
    50  -1.633694e+00  -1.647550e+00   1.653734e-03   3.586558e+02   1.444459e-01   4.890684e-01  -1.920798e+00  -1.932016e+00   2.192140e-04   3.689611e+02   1.245336e-01  -1.304034e+00  -1.317171e+00   1.972926e-03   4.046638e+01   2.423445e-01
    51  -1.605526e+00  -1.619382e+00   1.965427e-03   3.466761e+02   1.447324e-01   4.888000e-01  -1.898022e+00  -1.909261e+00   2.551039e-04   3.656479e+02   1.245311e-01  -1.276944e+00  -1.290278e+00   2.295935e-03   3.846191e+01   2.418863e-01
    52  -1.577358e+00  -1.591214e+00   2.330123e-03   3.338476e+02   1.450520e-01   4.884944e-01  -1.875200e+00  -1.886461e+00   2.967831e-04   3.620152e+02   1.245284e-01  -1.249421e+00  -1.262965e+00   2.671048e-03   3.640362e+01   2.413675e-01
    53  -1.549190e+00  -1.563046e+00   2.755164e-03   3.201921e+02   1.454069e-01   4.881447e-01  -1.852326e+00  -1.863612e+00   3.451610e-04   3.580368e+02   1.245253e-01  -1.221435e+00  -1.235203e+00   3.106449e-03   3.430397e+01   2.407800e-01
    54  -1.521022e+00  -1.534877e+00   3.248077e-03   3.057658e+02   1.458043e-01   4.877497e-01  -1.829395e+00  -1.840709e+00   4.012824e-04   3.536854e+02   1.245219e-01  -1.192958e+00  -1.206963e+00   3.611542e-03   3.217700e+01   2.401146e-01
    55  -1.492853e+00  -1.506709e+00   3.816465e-03   2.905164e+02   1.462574e-01   4.873055e-01  -1.806401e+00  -1.817745e+00   4.663463e-04   3.489328e+02   1.245182e-01  -1.163961e+00  -1.178218e+00   4.197117e-03   3.003810e+01   2.393611e-01
    56  -1.464685e+00  -1.478541e+00   4.469388e-03   2.746349e+02   1.467650e-01   4.868053e-01  -1.783336e+00  -1.794715e+00   5.417261e-04   3.437500e+02   1.245139e-01  -1.134419e+00  -1.148939e+00   4.875535e-03   2.790366e+01   2.385081e-01
    57  -1.436517e+00  -1.450373e+00   5.215478e-03   2.582634e+02   1.473301e-01   4.862419e-01  -1.760194e+00  -1.771611e+00   6.289911e-04   3.381078e+02   1.245092e-01  -1.104309e+00  -1.119103e+00   5.660920e-03   2.579059e+01   2.375436e-01
    58  -1.408349e+00  -1.422205e+00   6.063303e-03   2.415376e+02   1.479577e-01   4.856083e-01  -1.736966e+00  -1.748425e+00   7.299314e-04   3.319773e+02   1.245039e-01  -1.073610e+00  -1.088689e+00   6.569382e-03   2.371584e+01   2.364543e-01
    59  -1.380181e+00  -1.394036e+00   7.020986e-03   2.246019e+02   1.486489e-01   4.848904e-01  -1.713642e+00  -1.725148e+00   8.465830e-04   3.253301e+02   1.244980e-01  -1.042309e+00  -1.057678e+00   7.619247e-03   2.169609e+01   2.352270e-01
    60  -1.352013e+00  -1.365868e+00   8.096571e-03   2.076260e+02   1.494097e-01   4.840809e-01  -1.690213e+00  -1.701770e+00   9.812558e-04   3.181394e+02   1.244913e-01  -1.010395e+00  -1.026059e+00   8.831303e-03   1.974701e+01   2.338492e-01
    61  -1.323844e+00  -1.337700e+00   9.297286e-03   1.907882e+02   1.502472e-01   4.831745e-01  -1.666667e+00  -1.678281e+00   1.136562e-03   3.103805e+02   1.244838e-01  -9.778658e-01  -9.938257e-01   1.022906e-02   1.788227e+01   2.323073e-01
    62  -1.295676e+00  -1.309532e+00   1.062955e-02   1.742623e+02   1.511653e-01   4.821616e-01  -1.642991e+00  -1.654668e+00   1.315444e-03   3.020319e+02   1.244754e-01  -9.447262e-01  -9.609800e-01   1.183900e-02   1.611344e+01   2.305884e-01
    63  -1.267508e+00  -1.281364e+00   1.209885e-02   1.582159e+02   1.521674e-01   4.810324e-01  -1.619172e+00  -1.630918e+00   1.521208e-03   2.930767e+02   1.244659e-01  -9.109877e-01  -9.275294e-01   1.369088e-02   1.444971e+01   2.286803e-01
    64  -1.239340e+00  -1.253196e+00   1.370975e-02   1.428030e+02   1.532555e-01   4.797766e-01  -1.595194e+00  -1.607018e+00   1.757548e-03   2.835033e+02   1.244553e-01  -8.766697e-01  -8.934898e-01   1.581793e-02   1.289764e+01   2.265725e-01
    65  -1.211172e+00  -1.225027e+00   1.546590e-02   1.281586e+02   1.544301e-01   4.783841e-01  -1.571040e+00  -1.582949e+00   2.028572e-03   2.733071e+02   1.244432e-01  -8.417989e-01  -8.588844e-01   1.825715e-02   1.146114e+01   2.242560e-01
    66  -1.183004e+00  -1.196859e+00   1.737022e-02   1.143928e+02   1.556899e-01   4.768446e-01  -1.546691e+00  -1.558695e+00   2.338830e-03   2.624921e+02   1.244296e-01  -8.064095e-01  -8.237438e-01   2.104947e-02   1.014161e+01   2.217241e-01
    67  -1.154835e+00  -1.168691e+00   1.942515e-02   1.015876e+02   1.570314e-01   4.751482e-01  -1.522127e+00  -1.534236e+00   2.693323e-03   2.510722e+02   1.244141e-01  -7.705416e-01  -7.881053e-01   2.423991e-02   8.938094e+00   2.189729e-01
    68  -1.126667e+00  -1.140523e+00   2.163291e-02   8.979537e+01   1.584485e-01   4.732853e-01  -1.497325e+00  -1.509549e+00   3.097518e-03   2.390727e+02   1.243965e-01  -7.342412e-01  -7.520122e-01   2.787766e-02   7.847715e+00   2.160036e-01
    69  -1.098499e+00  -1.112355e+00   2.399589e-02   7.903905e+01   1.599325e-01   4.712468e-01  -1.472259e+00  -1.484611e+00   3.557342e-03   2.265320e+02   1.243764e-01  -6.975591e-01  -7.155130e-01   3.201608e-02   6.866004e+00   2.128255e-01
    70  -1.070331e+00  -1.084187e+00   2.651698e-02   6.931452e+01   1.614723e-01   4.690240e-01  -1.446902e+00  -1.459396e+00   4.079169e-03   2.135025e+02   1.243535e-01  -6.605488e-01  -6.786598e-01   3.671252e-02   5.987020e+00   2.094437e-01
    71  -1.042163e+00  -1.056018e+00   2.918459e-02   6.058683e+01   1.630590e-01   4.666151e-01  -1.421224e+00  -1.433873e+00   4.669785e-03   2.000520e+02   1.243273e-01  -6.232652e-01  -6.415071e-01   4.202806e-02   5.203975e+00   2.058651e-01
    72  -1.013994e+00  -1.027850e+00   3.199932e-02   5.277698e+01   1.646919e-01   4.640249e-01  -1.395191e+00  -1.408012e+00   5.336336e-03   1.862635e+02   1.242972e-01  -5.857633e-01  -6.041096e-01   4.802703e-02   4.509585e+00   2.020986e-01
    73  -9.858263e-01  -9.996821e-01   3.497748e-02   4.587544e+01   1.663233e-01   4.612147e-01  -1.368766e+00  -1.381778e+00   6.086254e-03   1.722358e+02   1.242624e-01  -5.480975e-01  -5.665222e-01   5.477629e-02   3.896370e+00   1.981542e-01
    74  -9.576581e-01  -9.715139e-01   3.812640e-02   3.981464e+01   1.679395e-01   4.582016e-01  -1.341911e+00  -1.355131e+00   6.927149e-03   1.580821e+02   1.242223e-01  -5.103207e-01  -5.287985e-01   6.234434e-02   3.356899e+00   1.940491e-01
    75  -9.294900e-01  -9.433457e-01   4.145483e-02   3.451759e+01   1.695189e-01   4.549799e-01  -1.314581e+00  -1.328031e+00   7.866679e-03   1.439287e+02   1.241757e-01  -4.724838e-01  -4.909903e-01   7.080011e-02   2.883990e+00   1.898011e-01
    76  -9.013218e-01  -9.151776e-01   4.492228e-02   2.989301e+01   1.710564e-01   4.515955e-01  -1.286729e+00  -1.300432e+00   8.912390e-03   1.299117e+02   1.241215e-01  -4.346360e-01  -4.531477e-01   8.021151e-02   2.470819e+00   1.854190e-01
    77  -8.731536e-01  -8.870094e-01   4.858315e-02   2.587314e+01   1.725245e-01   4.480697e-01  -1.258307e+00  -1.272286e+00   1.007152e-02   1.161738e+02   1.240581e-01  -3.968241e-01  -4.153186e-01   9.064369e-02   2.110993e+00   1.809119e-01
    78  -8.449855e-01  -8.588412e-01   5.244792e-02   2.239859e+01   1.738835e-01   4.443521e-01  -1.229259e+00  -1.243540e+00   1.135078e-02   1.028598e+02   1.239837e-01  -3.590929e-01  -3.775488e-01   1.021570e-01   1.798593e+00   1.762879e-01
    79  -8.168173e-01  -8.306730e-01   5.649728e-02   1.939504e+01   1.750801e-01   4.402962e-01  -1.199528e+00  -1.214139e+00   1.275612e-02   9.011076e+01   1.238962e-01  -3.214849e-01  -3.398819e-01   1.148050e-01   1.528170e+00   1.715659e-01
    80  -7.886491e-01  -8.025049e-01   6.074568e-02   1.679461e+01   1.761472e-01   4.361980e-01  -1.169055e+00  -1.184024e+00   1.429243e-02   7.805848e+01   1.237927e-01  -2.840411e-01  -3.023595e-01   1.286319e-01   1.294810e+00   1.667547e-01
    81  -7.604809e-01  -7.743367e-01   6.524742e-02   1.455707e+01   1.770382e-01   4.319046e-01  -1.137777e+00  -1.153134e+00   1.596333e-02   6.681957e+01   1.236700e-01  -2.468018e-01  -2.650224e-01   1.436700e-01   1.094069e+00   1.618592e-01
    82  -7.323128e-01  -7.461685e-01   6.998731e-02   1.263109e+01   1.777413e-01   4.274062e-01  -1.105632e+00  -1.121407e+00   1.777087e-02   5.648979e+01   1.235241e-01  -2.098066e-01  -2.279104e-01   1.599378e-01   9.219316e-01   1.568850e-01
    83  -7.041446e-01  -7.180003e-01   7.495995e-02   1.096622e+01   1.782477e-01   4.228923e-01  -1.072555e+00  -1.088778e+00   1.971527e-02   4.713947e+01   1.233499e-01  -1.730930e-01  -1.910619e-01   1.774374e-01   7.747682e-01   1.518500e-01
    84  -6.759764e-01  -6.898322e-01   8.024116e-02   9.530484e+00   1.785098e-01   4.180686e-01  -1.038486e+00  -1.055187e+00   2.179475e-02   3.881037e+01   1.231416e-01  -1.366985e-01  -1.545146e-01   1.961527e-01   6.493669e-01   1.467619e-01
    85  -6.478082e-01  -6.616640e-01   8.580147e-02   8.292019e+00   1.785530e-01   4.130806e-01  -1.003370e+00  -1.020573e+00   2.400535e-02   3.151396e+01   1.228923e-01  -1.006601e-01  -1.183056e-01   2.160481e-01   5.428613e-01   1.416270e-01
    86  -6.196401e-01  -6.334958e-01   9.169480e-02   7.220544e+00   1.783796e-01   4.081074e-01  -9.671563e-01  -9.848858e-01   2.634082e-02   2.523151e+01   1.225936e-01  -6.501342e-02  -8.247115e-02   2.370673e-01   4.526840e-01   1.364615e-01
    87  -5.914719e-01  -6.053277e-01   9.795578e-02   6.294411e+00   1.779715e-01   4.028822e-01  -9.298064e-01  -9.480800e-01   2.879262e-02   1.991687e+01   1.222361e-01  -2.979245e-02  -4.704599e-02   2.591336e-01   3.765729e-01   1.312806e-01
    88  -5.633037e-01  -5.771595e-01   1.045320e-01   5.489606e+00   1.772962e-01   3.974048e-01  -8.912948e-01  -9.101239e-01   3.134998e-02   1.550091e+01   1.218090e-01   4.969464e-03  -1.206378e-02   2.821498e-01   3.125411e-01   1.260938e-01
    89  -5.351356e-01  -5.489913e-01   1.115520e-01   4.791263e+00   1.764004e-01   3.918018e-01  -8.516120e-01  -8.710003e-01   3.400006e-02   1.189712e+01   1.213007e-01   3.924223e-02   2.244384e-02   3.060005e-01   2.588243e-01   1.209239e-01
    90  -5.069674e-01  -5.208231e-01   1.189962e-01   4.185013e+00   1.752853e-01   3.859561e-01  -8.107670e-01  -8.307095e-01   3.672816e-02   9.008157e+00   1.206988e-01   7.299765e-02   5.644781e-02   3.305535e-01   2.138953e-01   1.157859e-01
    91  -4.787992e-01  -4.926550e-01   1.268762e-01   3.656373e+00   1.739609e-01   3.800677e-01  -7.687886e-01  -7.892708e-01   3.951809e-02   6.732294e+00   1.199908e-01   1.062103e-01   8.992137e-02   3.556628e-01   1.764218e-01   1.106962e-01
    92  -4.506310e-01  -4.644868e-01   1.352666e-01   3.194690e+00   1.723844e-01   3.736842e-01  -7.257249e-01  -7.467232e-01   4.235249e-02   4.969399e+00   1.191655e-01   1.388587e-01   1.228412e-01   3.811724e-01   1.452451e-01   1.056776e-01
    93  -4.224629e-01  -4.363186e-01   1.441377e-01   2.791607e+00   1.706158e-01   3.671223e-01  -6.816429e-01  -7.031248e-01   4.521329e-02   3.625651e+00   1.182136e-01   1.709239e-01   1.551872e-01   4.069196e-01   1.193766e-01   1.007423e-01
    94  -3.942947e-01  -4.081504e-01   1.536114e-01   2.439500e+00   1.686613e-01   3.602633e-01  -6.366216e-01  -6.585491e-01   4.808216e-02   2.616527e+00   1.171290e-01   2.023923e-01   1.869431e-01   4.327394e-01   9.795675e-02   9.591470e-02
    95  -3.661265e-01  -3.799823e-01   1.636063e-01   2.131342e+00   1.665118e-01   3.530003e-01  -5.907451e-01  -6.130779e-01   5.094094e-02   1.869001e+00   1.159093e-01   2.332526e-01   2.180965e-01   4.584685e-01   8.026368e-02   9.120459e-02
    96  -3.379583e-01  -3.518141e-01   1.742215e-01   1.860366e+00   1.641588e-01   3.452366e-01  -5.440941e-01  -5.667935e-01   5.377208e-02   1.322107e+00   1.145574e-01   2.634989e-01   2.486390e-01   4.839488e-01   6.567482e-02   8.663185e-02
    97  -3.097902e-01  -3.236459e-01   1.854918e-01   1.623267e+00   1.616415e-01   3.370143e-01  -4.967392e-01  -5.197716e-01   5.655903e-02   9.265359e-01   1.130809e-01   2.931281e-01   2.785661e-01   5.090312e-01   5.367061e-02   8.220468e-02
    98  -2.816220e-01  -2.954778e-01   1.974336e-01   1.415282e+00   1.589832e-01   3.283436e-01  -4.487330e-01  -4.720731e-01   5.928652e-02   6.433848e-01   1.114933e-01   3.221418e-01   3.078772e-01   5.335787e-01   4.380823e-02   7.793723e-02
    99  -2.534538e-01  -2.673096e-01   2.100588e-01   1.232868e+00   1.561632e-01   3.190416e-01  -4.000992e-01  -4.237357e-01   6.194091e-02   4.426081e-01   1.098129e-01   3.505444e-01   3.365753e-01   5.574682e-01   3.571979e-02   7.383469e-02
   100  -2.252857e-01  -2.391414e-01   2.233541e-01   1.072196e+00   1.531648e-01   3.088893e-01  -3.508258e-01  -3.747641e-01   6.451030e-02   3.015051e-01   1.080628e-01   3.783441e-01   3.646666e-01   5.805927e-01   2.909488e-02   6.990559e-02
   101  -1.971175e-01  -2.109732e-01   2.374556e-01   9.314201e-01   1.500398e-01   2.980435e-01  -3.008668e-01  -3.251283e-01   6.698469e-02   2.032466e-01   1.062680e-01   4.055517e-01   3.921610e-01   6.028622e-01   2.367666e-02   6.615174e-02
   102  -1.689493e-01  -1.828051e-01   2.522904e-01   8.080745e-01   1.467981e-01   2.864555e-01  -2.501371e-01  -2.747616e-01   6.935597e-02   1.354541e-01   1.044580e-01   4.321812e-01   4.190705e-01   6.242038e-01   1.925031e-02   6.257650e-02
   103  -1.407811e-01  -1.546369e-01   2.679129e-01   7.000359e-01   1.434466e-01   2.740012e-01  -1.985078e-01  -2.235557e-01   7.161799e-02   8.913576e-02   1.026660e-01   4.582483e-01   4.454103e-01   6.445619e-01   1.563862e-02   5.917876e-02
   104  -1.126130e-01  -1.264687e-01   2.842472e-01   6.049445e-01   1.399291e-01   2.603862e-01  -1.458266e-01  -1.713689e-01   7.376638e-02   5.785612e-02   1.009193e-01   4.837713e-01   4.711972e-01   6.638974e-01   1.269453e-02   5.595749e-02
   105  -8.444479e-02  -9.830054e-02   3.014226e-01   5.218177e-01   1.363166e-01   2.457407e-01  -9.191984e-02  -1.180374e-01   7.579851e-02   3.700033e-02   9.924706e-02   5.087700e-01   4.964505e-01   6.821866e-01   1.029698e-02   5.290939e-02
   106  -5.627662e-02  -7.013237e-02   3.193867e-01   4.492415e-01   1.326142e-01   2.301755e-01  -3.662913e-02  -6.339519e-02   7.771330e-02   2.330453e-02   9.765896e-02   5.332655e-01   5.211904e-01   6.994197e-01   8.346220e-03   5.003009e-02
   107  -2.810844e-02  -4.196420e-02   3.381845e-01   3.859366e-01   1.288312e-01   2.135224e-01   2.013943e-02  -7.317952e-03   7.951106e-02   1.446656e-02   9.613647e-02   5.572805e-01   5.454390e-01   7.155996e-01   6.760227e-03   4.731485e-02
   108   5.972841e-05  -1.379603e-02   3.576495e-01   3.307246e-01   1.249576e-01   1.958017e-01   7.831644e-02   5.020136e-02   8.119333e-02   8.878191e-03   9.458194e-02   5.808379e-01   5.692189e-01   7.307399e-01   5.471863e-03   4.475694e-02
   109   2.822790e-02   1.437215e-02   3.778664e-01   2.825311e-01   1.209824e-01   1.769704e-01   1.375745e-01   1.089554e-01   8.276263e-02   5.418489e-03   9.280244e-02   6.039621e-01   5.925539e-01   7.448636e-01   4.425932e-03   4.235079e-02
   110   5.639607e-02   4.254032e-02   3.987964e-01   2.407172e-01   1.169522e-01   1.571549e-01   1.972334e-01   1.684276e-01   8.422234e-02   3.319686e-03   9.049437e-02   6.266773e-01   6.154682e-01   7.580011e-01   3.577463e-03   4.008879e-02
   111   8.456425e-02   7.070849e-02   4.204476e-01   2.045172e-01   1.128722e-01   1.368785e-01   2.562801e-01   2.277595e-01   8.557652e-02   2.065322e-03   8.732140e-02   6.490081e-01   6.379862e-01   7.701887e-01   2.889605e-03   3.796416e-02
   112   1.127324e-01   9.887667e-02   4.427197e-01   1.732294e-01   1.087562e-01   1.157307e-01   3.136025e-01   2.858863e-01   8.682971e-02   1.317709e-03   8.311246e-02   6.709794e-01   6.601327e-01   7.814674e-01   2.332327e-03   3.596963e-02
   113   1.409006e-01   1.270448e-01   4.656056e-01   1.462579e-01   1.046102e-01   9.476001e-02   3.682985e-01   3.418110e-01   8.798682e-02   8.665078e-04   7.799941e-02   6.926157e-01   6.819323e-01   7.918814e-01   1.881149e-03   3.409762e-02
   114   1.690688e-01   1.552130e-01   4.889137e-01   1.230589e-01   1.004455e-01   7.331949e-02   4.198637e-01   3.948460e-01   8.905301e-02   5.871168e-04   7.235112e-02   7.139415e-01   7.034095e-01   8.014771e-01   1.516095e-03   3.234134e-02
   115   1.972369e-01   1.833812e-01   5.126223e-01   1.030993e-01   9.625132e-02   5.242409e-02   4.681752e-01   4.446909e-01   9.003354e-02   4.084360e-04   6.657786e-02   7.349808e-01   7.245885e-01   8.103019e-01   1.220936e-03   3.069348e-02
   116   2.254051e-01   2.115494e-01   5.366500e-01   8.604652e-02   9.206563e-02   3.198487e-02   5.133667e-01   4.913585e-01   9.093373e-02   2.903929e-04   6.098999e-02   7.557570e-01   7.454931e-01   8.184036e-01   9.824568e-04   2.914709e-02
   117   2.535733e-01   2.397175e-01   5.609487e-01   7.152101e-02   8.790369e-02   1.245031e-02   5.557006e-01   5.350493e-01   9.175884e-02   2.101154e-04   5.576711e-02   7.762933e-01   7.661465e-01   8.258295e-01   7.899071e-04   2.769576e-02
   118   2.817415e-01   2.678857e-01   5.853726e-01   5.919397e-02   8.377433e-02  -5.453785e-03   5.954828e-01   5.760471e-01   9.251402e-02   1.541728e-04   5.098882e-02   7.966118e-01   7.865713e-01   8.326262e-01   6.345621e-04   2.633295e-02
   119   3.099096e-01   2.960539e-01   6.098368e-01   4.876828e-02   7.969456e-02  -2.253783e-02   6.330099e-01   6.146516e-01   9.320429e-02   1.144196e-04   4.666693e-02   8.167339e-01   8.067894e-01   8.388386e-01   5.093312e-04   2.505252e-02
   120   3.380778e-01   3.242220e-01   6.341992e-01   3.998886e-02   7.567236e-02  -3.719636e-02   6.685562e-01   6.511466e-01   9.383445e-02   8.570453e-05   4.278134e-02   8.366805e-01   8.268217e-01   8.445100e-01   4.084565e-04   2.384887e-02
   121   3.662460e-01   3.523902e-01   6.583567e-01   3.262553e-02   7.172510e-02  -5.097295e-02   7.023662e-01   6.857901e-01   9.440910e-02   6.468098e-05   3.929898e-02   8.564712e-01   8.466886e-01   8.496819e-01   3.272708e-04   2.271641e-02
   122   3.944141e-01   3.805584e-01   6.821698e-01   2.647984e-02   6.786134e-02  -6.242438e-02   7.346504e-01   7.188082e-01   9.493262e-02   4.912425e-05   3.617779e-02   8.761249e-01   8.664092e-01   8.543935e-01   2.619879e-04   2.164999e-02
   123   4.225823e-01   4.087266e-01   7.055332e-01   2.137504e-02   6.409538e-02  -7.258612e-02   7.655944e-01   7.503979e-01   9.540910e-02   3.750254e-05   3.337971e-02   8.956594e-01   8.860020e-01   8.586819e-01   2.095390e-04   2.064486e-02
   124   4.507505e-01   4.368947e-01   7.283178e-01   1.715753e-02   6.043778e-02  -8.134455e-02   7.953563e-01   7.807302e-01   9.584241e-02   2.875665e-05   3.086668e-02   9.150916e-01   9.054842e-01   8.625817e-01   1.674395e-04   1.969652e-02
   125   4.789187e-01   4.650629e-01   7.504238e-01   1.369220e-02   5.689697e-02  -8.814699e-02   8.240758e-01   8.099534e-01   9.623618e-02   2.213011e-05   2.860614e-02   9.344373e-01   9.248722e-01   8.661256e-01   1.336786e-04   1.880077e-02
   126   5.070868e-01   4.932311e-01   7.717476e-01   1.086184e-02   5.348545e-02  -9.460563e-02   8.518728e-01   8.381967e-01   9.659376e-02   1.708313e-05   2.656737e-02   9.537114e-01   9.441813e-01   8.693438e-01   1.066301e-04   1.795373e-02
   127   5.352550e-01   5.213993e-01   7.921055e-01   8.563551e-03   5.020538e-02  -9.883199e-02   8.788533e-01   8.655725e-01   9.691827e-02   1.322056e-05   2.472489e-02   9.729276e-01   9.634258e-01   8.722644e-01   8.497956e-05   1.715187e-02
   128   5.634232e-01   5.495674e-01   8.114219e-01   6.704871e-03   4.706174e-02  -1.026389e-01   9.051101e-01   8.921801e-01   9.721261e-02   1.025308e-05   2.305513e-02   9.920989e-01   9.826190e-01   8.749135e-01   6.766611e-05   1.639191e-02
   129   5.915914e-01   5.777356e-01   8.297141e-01   5.216364e-03   4.406543e-02  -1.057885e-01   9.307247e-01   9.181062e-01   9.747945e-02   7.965734e-06   2.153816e-02   1.011237e+00   1.001773e+00   8.773151e-01   5.383392e-05   1.567084e-02
   130   6.197595e-01   6.059038e-01   8.469358e-01   4.032225e-03   4.121810e-02  -1.075515e-01   9.557699e-01   9.434278e-01   9.772124e-02   6.197556e-06   2.015657e-02   1.030353e+00   1.020900e+00   8.794912e-01   4.279327e-05   1.498590e-02
   131   6.479277e-01   6.340719e-01   8.630628e-01   3.096989e-03   3.852265e-02  -1.086832e-01   9.803098e-01   9.682132e-01   9.794025e-02   4.827592e-06   1.889471e-02   1.049457e+00   1.040010e+00   8.814623e-01   3.398885e-05   1.433458e-02
   132   6.760959e-01   6.622401e-01   8.778799e-01   2.362673e-03   3.597816e-02  -1.092166e-01   1.004401e+00   9.925226e-01   9.813854e-02   3.764099e-06   1.773930e-02   1.068558e+00   1.059112e+00   8.832469e-01   2.697406e-05   1.371461e-02
   133   7.042640e-01   6.904083e-01   8.915481e-01   1.789849e-03   3.358302e-02  -1.091153e-01   1.028095e+00   1.016410e+00   9.831802e-02   2.937140e-06   1.667868e-02   1.087664e+00   1.078216e+00   8.848622e-01   2.139010e-05   1.312390e-02
   134   7.324322e-01   7.185765e-01   9.041243e-01   1.347552e-03   3.133685e-02  -1.082964e-01   1.051437e+00   1.039923e+00   9.848042e-02   2.293244e-06   1.570257e-02   1.106783e+00   1.097329e+00   8.863237e-01   1.694901e-05   1.256056e-02
   135   7.606004e-01   7.467446e-01   9.154809e-01   1.008248e-03   2.923489e-02  -1.067575e-01   1.074468e+00   1.063105e+00   9.862732e-02   1.791359e-06   1.480191e-02   1.125922e+00   1.116458e+00   8.876458e-01   1.341988e-05   1.202288e-02
   136   7.887686e-01   7.749128e-01   9.257423e-01   7.493081e-04   2.727328e-02  -1.046430e-01   1.097223e+00   1.085995e+00   9.876016e-02   1.399820e-06   1.396890e-02   1.145087e+00   1.135610e+00   8.888415e-01   1.061778e-05   1.150928e-02
   137   8.169367e-01   8.030810e-01   9.350342e-01   5.538244e-04   2.544580e-02  -1.019914e-01   1.119735e+00   1.108625e+00   9.888027e-02   1.094145e-06   1.319666e-02   1.164284e+00   1.154792e+00   8.899225e-01   8.394750e-06   1.101834e-02
   138   8.451049e-01   8.312492e-01   9.432143e-01   4.069814e-04   2.374663e-02  -9.880762e-02   1.142034e+00   1.131028e+00   9.898885e-02   8.553712e-07   1.247914e-02   1.183518e+00   1.174007e+00   8.908996e-01   6.632518e-06   1.054878e-02
   139   8.732731e-01   8.594173e-01   9.505593e-01   2.974961e-04   2.216843e-02  -9.515843e-02   1.164145e+00   1.153230e+00   9.908698e-02   6.687783e-07   1.181101e-02   1.202792e+00   1.193262e+00   8.917828e-01   5.236653e-06   1.009940e-02
   140   9.014413e-01   8.875855e-01   9.570118e-01   2.164668e-04   2.070315e-02  -9.111923e-02   1.186091e+00   1.175257e+00   9.917565e-02   5.229167e-07   1.118757e-02   1.222111e+00   1.212559e+00   8.925808e-01   4.131823e-06   9.669136e-03
   141   9.296094e-01   9.157537e-01   9.627077e-01   1.567634e-04   1.934449e-02  -8.671607e-02   1.207894e+00   1.197130e+00   9.925576e-02   4.088710e-07   1.060471e-02   1.241479e+00   1.231903e+00   8.933019e-01   3.257992e-06   9.256992e-03
   142   9.577776e-01   9.439219e-01   9.677001e-01   1.131212e-04   1.808292e-02  -8.210705e-02   1.229573e+00   1.218869e+00   9.932813e-02   3.196873e-07   1.005880e-02   1.260898e+00   1.251297e+00   8.939532e-01   2.567357e-06   8.862064e-03
   143   9.859458e-01   9.720900e-01   9.720490e-01   8.131398e-05   1.691301e-02  -7.730674e-02   1.251143e+00   1.240491e+00   9.939350e-02   2.499396e-07   9.546642e-03   1.280370e+00   1.270743e+00   8.945415e-01   2.021894e-06   8.483519e-03
   144   1.014114e+00   1.000258e+00   9.758543e-01   5.829013e-05   1.582574e-02  -7.246472e-02   1.272620e+00   1.262014e+00   9.945254e-02   1.953905e-07   9.065373e-03   1.299898e+00   1.290244e+00   8.950729e-01   1.591380e-06   8.120589e-03
   145   1.042282e+00   1.028426e+00   9.791382e-01   4.167012e-05   1.481577e-02  -6.759208e-02   1.294018e+00   1.283451e+00   9.950586e-02   1.527287e-07   8.612468e-03   1.319484e+00   1.309801e+00   8.955527e-01   1.251817e-06   7.772566e-03
   146   1.070450e+00   1.056595e+00   9.820085e-01   2.972851e-05   1.387579e-02  -6.279854e-02   1.315348e+00   1.304814e+00   9.955400e-02   1.193656e-07   8.185678e-03   1.339128e+00   1.329417e+00   8.959860e-01   9.841626e-07   7.438793e-03
   147   1.098618e+00   1.084763e+00   9.844669e-01   2.116968e-05   1.300080e-02  -5.810002e-02   1.336621e+00   1.326115e+00   9.959747e-02   9.327653e-08   7.782998e-03   1.358833e+00   1.349092e+00   8.963772e-01   7.733212e-07   7.118658e-03
   148   1.126787e+00   1.112931e+00   9.866143e-01   1.505378e-05   1.218510e-02  -5.362553e-02   1.357848e+00   1.347364e+00   9.963672e-02   7.287791e-08   7.402640e-03   1.378598e+00   1.368827e+00   8.967304e-01   6.073351e-07   6.811594e-03
   149   1.154955e+00   1.141099e+00   9.884431e-01   1.069253e-05   1.142420e-02  -4.935303e-02   1.379035e+00   1.368571e+00   9.967214e-02   5.693070e-08   7.043000e-03   1.398423e+00   1.388624e+00   8.970493e-01   4.767391e-07   6.517072e-03
   150   1.183123e+00   1.169267e+00   9.900432e-01   7.588550e-06   1.071363e-02  -4.529743e-02   1.400192e+00   1.389743e+00   9.970413e-02   4.446542e-08   6.702638e-03   1.418310e+00   1.408481e+00   8.973371e-01   3.740469e-07   6.234594e-03
   151   1.211291e+00   1.197435e+00   9.914009e-01   5.382493e-06   1.004957e-02  -4.147348e-02   1.421324e+00   1.410886e+00   9.973300e-02   3.472348e-08   6.380263e-03   1.438258e+00   1.428399e+00   8.975970e-01   2.933415e-07   5.963698e-03
   152   1.239459e+00   1.225604e+00   9.925847e-01   3.816197e-06   9.428594e-03  -3.794737e-02   1.442437e+00   1.432009e+00   9.975905e-02   2.711126e-08   6.074706e-03   1.458266e+00   1.448378e+00   8.978315e-01   2.299500e-07   5.703946e-03
   153   1.267628e+00   1.253772e+00   9.935953e-01   2.705199e-06   8.847392e-03  -3.465929e-02   1.463536e+00   1.453115e+00   9.978257e-02   2.116431e-08   5.784911e-03   1.478334e+00   1.468416e+00   8.980432e-01   1.801842e-07   5.454930e-03
   154   1.295796e+00   1.281940e+00   9.944711e-01   1.917593e-06   8.303215e-03  -3.159637e-02   1.484626e+00   1.474209e+00   9.980380e-02   1.651924e-08   5.509924e-03   1.498460e+00   1.488513e+00   8.982342e-01   1.411352e-07   5.216265e-03
   155   1.323964e+00   1.310108e+00   9.952231e-01   1.359385e-06   7.793368e-03  -2.880637e-02   1.505709e+00   1.495296e+00   9.982296e-02   1.289178e-08   5.248876e-03   1.518642e+00   1.508668e+00   8.984066e-01   1.105102e-07   4.987590e-03
   156   1.352132e+00   1.338276e+00   9.958703e-01   9.639071e-07   7.315593e-03  -2.623143e-02   1.526789e+00   1.516377e+00   9.984025e-02   1.005958e-08   5.000980e-03   1.538880e+00   1.528879e+00   8.985622e-01   8.650325e-08   4.768566e-03
   157   1.380300e+00   1.366444e+00   9.964319e-01   6.836730e-07   6.867616e-03  -2.386026e-02   1.547868e+00   1.537456e+00   9.985585e-02   7.848742e-09   4.765520e-03   1.559169e+00   1.549143e+00   8.987027e-01   6.769280e-08   4.558875e-03
   158   1.408468e+00   1.394613e+00   9.969101e-01   4.851072e-07   6.447560e-03  -2.170333e-02   1.568946e+00   1.558535e+00   9.986993e-02   6.123295e-09   4.541844e-03   1.579509e+00   1.569458e+00   8.988294e-01   5.296043e-08   4.358220e-03
   159   1.436637e+00   1.422781e+00   9.973277e-01   3.443629e-07   6.053582e-03  -1.973134e-02   1.590024e+00   1.579613e+00   9.988264e-02   4.776938e-09   4.329362e-03   1.599894e+00   1.589821e+00   8.989438e-01   4.142679e-08   4.166325e-03
   160   1.464805e+00   1.450949e+00   9.976843e-01   2.445740e-07   5.684027e-03  -1.791771e-02   1.611102e+00   1.600691e+00   9.989411e-02   3.726587e-09   4.127534e-03   1.620322e+00   1.610228e+00   8.990470e-01   3.240091e-08   3.982934e-03
   161   1.492973e+00   1.479117e+00   9.979935e-01   1.738023e-07   5.337423e-03  -1.627024e-02   1.632179e+00   1.621769e+00   9.990446e-02   2.907314e-09   3.935874e-03   1.640787e+00   1.630675e+00   8.991401e-01   2.534014e-08   3.807813e-03
   162   1.521141e+00   1.507285e+00   9.982615e-01   1.235760e-07   5.012329e-03  -1.476604e-02   1.653253e+00   1.642844e+00   9.991379e-02   2.268391e-09   3.753942e-03   1.661284e+00   1.651156e+00   8.992241e-01   1.981852e-08   3.640749e-03
   163   1.549309e+00   1.535453e+00   9.984912e-01   8.792404e-08   4.707531e-03  -1.336923e-02   1.674319e+00   1.663914e+00   9.992222e-02   1.770196e-09   3.581344e-03   1.681806e+00   1.671666e+00   8.993000e-01   1.550191e-08   3.481551e-03
   164   1.577477e+00   1.563622e+00   9.986918e-01   6.259670e-08   4.421826e-03  -1.210002e-02   1.695374e+00   1.684974e+00   9.992982e-02   1.381786e-09   3.417727e-03   1.702345e+00   1.692197e+00   8.993684e-01   1.212826e-08   3.330054e-03
   165   1.605646e+00   1.591790e+00   9.988640e-01   4.459479e-08   4.154147e-03  -1.092769e-02   1.716412e+00   1.706021e+00   9.993668e-02   1.079004e-09   3.262781e-03   1.722891e+00   1.712739e+00   8.994301e-01   9.492248e-09   3.186116e-03
   166   1.633814e+00   1.619958e+00   9.990135e-01   3.179440e-08   3.903604e-03  -9.806862e-03   1.737424e+00   1.727045e+00   9.994287e-02   8.429938e-10   3.116239e-03   1.743434e+00   1.733284e+00   8.994858e-01   7.432999e-09   3.049622e-03
   167   1.661982e+00   1.648126e+00   9.991440e-01   2.268410e-08   3.669216e-03  -8.785298e-03   1.758402e+00   1.748040e+00   9.994845e-02   6.590396e-10   2.977871e-03   1.763960e+00   1.753818e+00   8.995361e-01   5.824565e-09   2.920485e-03
   168   1.690150e+00   1.676294e+00   9.992557e-01   1.619784e-08   3.450344e-03  -7.790690e-03   1.779333e+00   1.768993e+00   9.995349e-02   5.156613e-10   2.847491e-03   1.784454e+00   1.774328e+00   8.995814e-01   4.568374e-09   2.798651e-03
   169   1.718318e+00   1.704463e+00   9.993536e-01   1.157626e-08   3.246256e-03  -6.787440e-03   1.800202e+00   1.789893e+00   9.995804e-02   4.039045e-10   2.724954e-03   1.804898e+00   1.794796e+00   8.996223e-01   3.587313e-09   2.684095e-03
   170   1.746486e+00   1.732631e+00   9.994386e-01   8.280575e-09   3.056248e-03  -5.867388e-03   1.820994e+00   1.810722e+00   9.996214e-02   3.167862e-10   2.610154e-03   1.825270e+00   1.815203e+00   8.996593e-01   2.821083e-09   2.576827e-03
   171   1.774655e+00   1.760799e+00   9.995121e-01   5.929947e-09   2.880287e-03  -4.833470e-03   1.841686e+00   1.831463e+00   9.996584e-02   2.488622e-10   2.503029e-03   1.845545e+00   1.835525e+00   8.996926e-01   2.222552e-09   2.476892e-03
   172   1.802823e+00   1.788967e+00   9.995767e-01   4.251304e-09   2.717582e-03  -3.717798e-03   1.862254e+00   1.852091e+00   9.996918e-02   1.958890e-10   2.403559e-03   1.865694e+00   1.855736e+00   8.997226e-01   1.754893e-09   2.384372e-03
   173   1.830991e+00   1.817135e+00   9.996326e-01   3.051856e-09   2.568060e-03  -2.635366e-03   1.882670e+00   1.872582e+00   9.997219e-02   1.545598e-10   2.311764e-03   1.885685e+00   1.875805e+00   8.997498e-01   1.389341e-09   2.299384e-03
   174   1.859159e+00   1.845303e+00   9.996816e-01   2.194444e-09   2.432093e-03  -1.231464e-03   1.902900e+00   1.892903e+00   9.997491e-02   1.222981e-10   2.227707e-03   1.905480e+00   1.895695e+00   8.997742e-01   1.103440e-09   2.222080e-03
   175   1.887327e+00   1.873472e+00   9.997246e-01   1.580568e-09   2.309001e-03   3.402210e-04   1.922908e+00   1.913019e+00   9.997737e-02   9.709692e-11   2.151488e-03   1.925036e+00   1.915368e+00   8.997963e-01   8.796595e-10   2.152644e-03
   176   1.915495e+00   1.901640e+00   9.997620e-01   1.141031e-09   2.200226e-03   2.162341e-03   1.942651e+00   1.932892e+00   9.997958e-02   7.739197e-11   2.083273e-03   1.944308e+00   1.934779e+00   8.998162e-01   7.043226e-10   2.091290e-03
   177   1.943664e+00   1.929808e+00   9.997952e-01   8.257461e-10   2.105560e-03   4.505189e-03   1.962086e+00   1.952478e+00   9.998158e-02   6.195747e-11   2.023532e-03   1.963246e+00   1.953880e+00   8.998342e-01   5.667416e-10   2.038323e-03
   178   1.971832e+00   1.957976e+00   9.998242e-01   5.992755e-10   2.026881e-03   6.899819e-03   1.981185e+00   1.971741e+00   9.998338e-02   4.979675e-11   1.974606e-03   1.981805e+00   1.972624e+00   8.998504e-01   4.583944e-10   1.994917e-03
   179   2.000000e+00   1.986144e+00   9.998500e-01   4.349361e-10   1.973173e-03   8.235699e-03   2.000000e+00   1.990695e+00   9.998500e-02   4.001013e-11   1.946121e-03   2.000000e+00   1.990998e+00   8.998650e-01   3.715752e-10   1.968368e-03
