     i          log_r       log_rmid          m_tot        rho_tot         v2_tot            eta     lgr[heavy]    lgrm[heavy]       m[heavy]     rho[heavy]      v2[heavy]     lgr[light]    lgrm[light]       m[light]     rho[light]      v2[light]
     0  -4.719161e+00  -5.020191e+00   1.032926e-07   4.338244e+07   3.249426e-01            nan  -4.719161e+00  -5.020191e+00   9.998500e-08   4.310606e+07   3.218287e-01  -3.172595e+00  -3.473625e+00   8.998650e-07   8.893735e+03   6.090814e-01
     1  -4.681624e+00  -4.699987e+00   1.331030e-07   4.284919e+07   3.232168e-01            nan  -4.696633e+00  -4.707751e+00   1.166721e-07   4.272766e+07   3.218170e-01  -3.130015e+00  -3.150783e+00   1.050049e-06   4.340551e+03   5.738020e-01
     2  -4.644086e+00  -4.662449e+00   1.715990e-07   4.276560e+07   3.230896e-01            nan  -4.674113e+00  -4.685227e+00   1.361439e-07   4.268665e+07   3.218158e-01  -3.087960e+00  -3.108478e+00   1.225295e-06   3.828725e+03   5.668820e-01
     3  -4.606549e+00  -4.624912e+00   2.213086e-07   4.266868e+07   3.229734e-01            nan  -4.651596e+00  -4.662708e+00   1.588651e-07   4.264136e+07   3.218143e-01  -3.046336e+00  -3.066649e+00   1.429786e-06   3.381166e+03   5.594349e-01
     4  -4.569012e+00  -4.587375e+00   2.854836e-07   4.255741e+07   3.228671e-01            nan  -4.629080e+00  -4.640192e+00   1.853780e-07   4.259134e+07   3.218128e-01  -3.005082e+00  -3.025219e+00   1.668402e-06   2.989993e+03   5.515024e-01
     5  -4.531475e+00  -4.549838e+00   3.683138e-07   4.242940e+07   3.227697e-01            nan  -4.606562e+00  -4.617675e+00   2.163150e-07   4.253609e+07   3.218111e-01  -2.964158e+00  -2.984138e+00   1.946835e-06   2.648194e+03   5.432319e-01
     6  -4.493937e+00  -4.512301e+00   4.751876e-07   4.227877e+07   3.226802e-01            nan  -4.584039e+00  -4.595155e+00   2.524142e-07   4.247506e+07   3.218091e-01  -2.923544e+00  -2.943377e+00   2.271728e-06   2.349534e+03   5.345385e-01
     7  -4.456400e+00  -4.474763e+00   6.129951e-07   4.210409e+07   3.225978e-01            nan  -4.561510e+00  -4.572629e+00   2.945370e-07   4.240764e+07   3.218070e-01  -2.883225e+00  -2.902917e+00   2.650833e-06   2.088216e+03   5.257012e-01
     8  -4.418863e+00  -4.437226e+00   7.906070e-07   4.190168e+07   3.225217e-01            nan  -4.538972e+00  -4.550095e+00   3.436881e-07   4.233315e+07   3.218046e-01  -2.843195e+00  -2.862749e+00   3.093193e-06   1.859638e+03   5.165604e-01
     9  -4.381326e+00  -4.399689e+00   1.019359e-06   4.166198e+07   3.224509e-01            nan  -4.516422e+00  -4.527551e+00   4.010398e-07   4.225085e+07   3.218020e-01  -2.803447e+00  -2.822866e+00   3.609358e-06   1.659028e+03   5.074323e-01
    10  -4.343789e+00  -4.362152e+00   1.313620e-06   4.138353e+07   3.223847e-01            nan  -4.493858e+00  -4.504993e+00   4.679601e-07   4.215992e+07   3.217991e-01  -2.763981e+00  -2.783266e+00   4.211641e-06   1.483060e+03   4.981544e-01
    11  -4.306251e+00  -4.324615e+00   1.691837e-06   4.106005e+07   3.223225e-01            nan  -4.471276e+00  -4.482420e+00   5.460446e-07   4.205947e+07   3.217959e-01  -2.724788e+00  -2.743942e+00   4.914402e-06   1.328036e+03   4.889842e-01
    12  -4.268714e+00  -4.287077e+00   2.177307e-06   4.067803e+07   3.222632e-01            nan  -4.448676e+00  -4.459829e+00   6.371554e-07   4.194851e+07   3.217923e-01  -2.685866e+00  -2.704891e+00   5.734398e-06   1.191454e+03   4.798248e-01
    13  -4.231177e+00  -4.249540e+00   2.799240e-06   4.023599e+07   3.222063e-01            nan  -4.426052e+00  -4.437217e+00   7.434644e-07   4.182595e+07   3.217884e-01  -2.647206e+00  -2.666106e+00   6.691180e-06   1.070676e+03   4.708098e-01
    14  -4.193640e+00  -4.212003e+00   3.594874e-06   3.972255e+07   3.221510e-01            nan  -4.403403e+00  -4.414580e+00   8.675058e-07   4.169060e+07   3.217840e-01  -2.608801e+00  -2.627579e+00   7.807552e-06   9.636842e+02   4.619501e-01
    15  -4.156103e+00  -4.174466e+00   4.610120e-06   3.912292e+07   3.220962e-01            nan  -4.380725e+00  -4.391916e+00   1.012236e-06   4.154116e+07   3.217791e-01  -2.570642e+00  -2.589302e+00   9.110122e-06   8.687565e+02   4.532322e-01
    16  -4.118565e+00  -4.136929e+00   5.902166e-06   3.843622e+07   3.220413e-01            nan  -4.358013e+00  -4.369221e+00   1.181103e-06   4.137619e+07   3.217737e-01  -2.532714e+00  -2.551264e+00   1.062993e-05   7.841689e+02   4.447835e-01
    17  -4.081028e+00  -4.099391e+00   7.542657e-06   3.763980e+07   3.219851e-01            nan  -4.335265e+00  -4.346490e+00   1.378130e-06   4.119413e+07   3.217677e-01  -2.495015e+00  -2.513456e+00   1.240317e-05   7.088996e+02   4.364542e-01
    18  -4.043491e+00  -4.061854e+00   9.615067e-06   3.673043e+07   3.219267e-01            nan  -4.312476e+00  -4.323721e+00   1.608010e-06   4.099326e+07   3.217610e-01  -2.457521e+00  -2.475863e+00   1.447209e-05   6.414479e+02   4.284710e-01
    19  -4.005954e+00  -4.024317e+00   1.222675e-05   3.569907e+07   3.218651e-01            nan  -4.289640e+00  -4.300908e+00   1.876216e-06   4.077173e+07   3.217536e-01  -2.420227e+00  -2.438474e+00   1.688595e-05   5.811291e+02   4.206725e-01
    20  -3.968417e+00  -3.986780e+00   1.549821e-05   3.452477e+07   3.217986e-01            nan  -4.266752e+00  -4.278045e+00   2.189133e-06   4.052751e+07   3.217454e-01  -2.383114e+00  -2.401274e+00   1.970220e-05   5.269265e+02   4.131779e-01
    21  -3.930879e+00  -3.949242e+00   1.957820e-05   3.322201e+07   3.217266e-01            nan  -4.243807e+00  -4.255128e+00   2.554206e-06   4.025840e+07   3.217363e-01  -2.346170e+00  -2.364249e+00   2.298786e-05   4.781998e+02   4.059401e-01
    22  -3.893342e+00  -3.911705e+00   2.463143e-05   3.175593e+07   3.216462e-01            nan  -4.220797e+00  -4.232150e+00   2.980121e-06   3.996201e+07   3.217261e-01  -2.309384e+00  -2.327387e+00   2.682109e-05   4.343401e+02   3.989440e-01
    23  -3.855805e+00  -3.874168e+00   3.085299e-05   3.016435e+07   3.215573e-01            nan  -4.197716e+00  -4.209103e+00   3.477003e-06   3.963578e+07   3.217148e-01  -2.272740e+00  -2.290675e+00   3.129303e-05   3.947366e+02   3.922466e-01
    24  -3.818268e+00  -3.836631e+00   3.844254e-05   2.841374e+07   3.214557e-01            nan  -4.174555e+00  -4.185981e+00   4.056664e-06   3.927693e+07   3.217022e-01  -2.236233e+00  -2.254103e+00   3.650997e-05   3.590373e+02   3.857381e-01
    25  -3.780730e+00  -3.799094e+00   4.765428e-05   2.655222e+07   3.213409e-01            nan  -4.151304e+00  -4.162774e+00   4.732872e-06   3.888250e+07   3.216882e-01  -2.199846e+00  -2.217659e+00   4.259585e-05   3.266905e+02   3.795431e-01
    26  -3.743193e+00  -3.761556e+00   5.866562e-05   2.457921e+07   3.212089e-01            nan  -4.127954e+00  -4.139472e+00   5.521683e-06   3.844933e+07   3.216726e-01  -2.163575e+00  -2.181332e+00   4.969515e-05   2.974645e+02   3.735267e-01
    27  -3.705656e+00  -3.724019e+00   7.176577e-05   2.251914e+07   3.210559e-01            nan  -4.104493e+00  -4.116066e+00   6.441814e-06   3.797405e+07   3.216552e-01  -2.127405e+00  -2.145114e+00   5.797633e-05   2.709352e+02   3.677978e-01
    28  -3.668119e+00  -3.686482e+00   8.719327e-05   2.042525e+07   3.208801e-01            nan  -4.080909e+00  -4.092541e+00   7.515084e-06   3.745313e+07   3.216357e-01  -2.091330e+00  -2.108993e+00   6.763576e-05   2.468912e+02   3.622732e-01
    29  -3.630582e+00  -3.648945e+00   1.050673e-04   1.832089e+07   3.206755e-01            nan  -4.057186e+00  -4.068886e+00   8.766923e-06   3.688286e+07   3.216141e-01  -2.055340e+00  -2.072962e+00   7.890231e-05   2.250550e+02   3.569831e-01
    30  -3.593044e+00  -3.611408e+00   1.255869e-04   1.622981e+07   3.204333e-01            nan  -4.033309e+00  -4.045084e+00   1.022697e-05   3.625937e+07   3.215898e-01  -2.019430e+00  -2.037014e+00   9.204273e-05   2.052175e+02   3.519084e-01
    31  -3.555507e+00  -3.573870e+00   1.488988e-04   1.421386e+07   3.201501e-01            nan  -4.009259e+00  -4.021118e+00   1.192976e-05   3.557872e+07   3.215627e-01  -1.983593e+00  -2.001142e+00   1.073678e-04   1.871921e+02   3.470288e-01
    32  -3.517970e+00  -3.536333e+00   1.750666e-04   1.230551e+07   3.198176e-01            nan  -3.985017e+00  -3.996969e+00   1.391553e-05   3.483690e+07   3.215324e-01  -1.947823e+00  -1.965340e+00   1.252398e-04   1.707878e+02   3.423646e-01
    33  -3.480433e+00  -3.498796e+00   2.040966e-04   1.053266e+07   3.194259e-01            nan  -3.960558e+00  -3.972615e+00   1.623115e-05   3.402989e+07   3.214983e-01  -1.912118e+00  -1.929604e+00   1.460803e-04   1.558747e+02   3.378634e-01
    34  -3.442896e+00  -3.461259e+00   2.359476e-04   8.916812e+06   3.189632e-01            nan  -3.935857e+00  -3.948032e+00   1.893121e-05   3.315381e+07   3.214601e-01  -1.876471e+00  -1.893929e+00   1.703808e-04   1.422863e+02   3.335680e-01
    35  -3.405358e+00  -3.423722e+00   2.705545e-04   7.471768e+06   3.184169e-01            nan  -3.910883e+00  -3.923190e+00   2.207926e-05   3.220495e+07   3.214171e-01  -1.840883e+00  -1.858313e+00   1.987134e-04   1.299276e+02   3.294076e-01
    36  -3.367821e+00  -3.386184e+00   3.078621e-04   6.203084e+06   3.177742e-01            nan  -3.885604e+00  -3.898060e+00   2.574932e-05   3.117996e+07   3.213685e-01  -1.805348e+00  -1.822752e+00   2.317439e-04   1.186578e+02   3.254352e-01
    37  -3.330284e+00  -3.348647e+00   3.478649e-04   5.108314e+06   3.170253e-01            nan  -3.859981e+00  -3.872604e+00   3.002750e-05   3.007599e+07   3.213137e-01  -1.769868e+00  -1.787246e+00   2.702475e-04   1.084041e+02   3.215708e-01
    38  -3.292747e+00  -3.311110e+00   3.896881e-04   4.174050e+06   3.161433e-01            nan  -3.833970e+00  -3.846781e+00   3.501400e-05   2.889089e+07   3.212515e-01  -1.734440e+00  -1.751793e+00   3.151260e-04   9.904962e+01   3.178686e-01
    39  -3.255210e+00  -3.273573e+00   4.336918e-04   3.386154e+06   3.150785e-01            nan  -3.807520e+00  -3.820544e+00   4.082538e-05   2.762343e+07   3.211808e-01  -1.699067e+00  -1.716394e+00   3.674284e-04   9.053563e+01   3.142466e-01
    40  -3.217672e+00  -3.236035e+00   4.802837e-04   2.735475e+06   3.138603e-01            nan  -3.780575e+00  -3.793839e+00   4.759714e-05   2.627359e+07   3.211001e-01  -1.663748e+00  -1.681048e+00   4.283742e-04   8.276681e+01   3.107528e-01
    41  -3.180135e+00  -3.198498e+00   5.286372e-04   2.202621e+06   3.125159e-01            nan  -3.753067e+00  -3.766603e+00   5.548679e-05   2.484287e+07   3.210077e-01  -1.628486e+00  -1.645759e+00   4.993811e-04   7.569378e+01   3.073086e-01
    42  -3.142598e+00  -3.160961e+00   5.784665e-04   1.765579e+06   3.108344e-01   4.451067e-01  -3.724921e+00  -3.738766e+00   6.467734e-05   2.333456e+07   3.209012e-01  -1.593282e+00  -1.610527e+00   5.820960e-04   6.923934e+01   3.039521e-01
    43  -3.105061e+00  -3.123424e+00   6.314904e-04   1.414047e+06   3.089933e-01   4.425555e-01  -3.696046e+00  -3.710244e+00   7.538125e-05   2.175418e+07   3.207780e-01  -1.558141e+00  -1.575356e+00   6.784313e-04   6.336120e+01   3.006091e-01
    44  -3.067523e+00  -3.085887e+00   6.845536e-04   1.130864e+06   3.068785e-01   4.394518e-01  -3.666340e+00  -3.680939e+00   8.784517e-05   2.010978e+07   3.206343e-01  -1.523064e+00  -1.540248e+00   7.906065e-04   5.799652e+01   2.973086e-01
    45  -3.029986e+00  -3.048349e+00   7.412605e-04   9.045097e+05   3.044753e-01   4.363919e-01  -3.635681e+00  -3.650740e+00   1.023551e-04   1.841231e+07   3.204657e-01  -1.488057e+00  -1.505207e+00   9.211963e-04   5.310841e+01   2.939837e-01
    46  -2.992449e+00  -3.010812e+00   7.986174e-04   7.235434e+05   3.018739e-01   4.332360e-01  -3.603926e+00  -3.619513e+00   1.192428e-04   1.667591e+07   3.202662e-01  -1.453122e+00  -1.470238e+00   1.073185e-03   4.864606e+01   2.906529e-01
    47  -2.954912e+00  -2.973275e+00   8.596269e-04   5.797380e+05   2.989055e-01   4.304382e-01  -3.570910e+00  -3.587104e+00   1.388921e-04   1.491809e+07   3.200279e-01  -1.418264e+00  -1.435343e+00   1.250029e-03   4.457638e+01   2.872623e-01
    48  -2.917375e+00  -2.935738e+00   9.215816e-04   4.649387e+05   2.957648e-01   4.275290e-01  -3.536434e+00  -3.553330e+00   1.617478e-04   1.315979e+07   3.197402e-01  -1.383485e+00  -1.400526e+00   1.455730e-03   4.085850e+01   2.838208e-01
    49  -2.879837e+00  -2.898201e+00   9.878006e-04   3.738283e+05   2.922901e-01   4.251194e-01  -3.500265e+00  -3.517973e+00   1.883238e-04   1.142512e+07   3.193888e-01  -1.348788e+00  -1.365790e+00   1.694914e-03   3.746221e+01   2.802937e-01
    50  -2.842300e+00  -2.860663e+00   1.055143e-03   3.011259e+05   2.886032e-01   4.227727e-01  -3.462128e+00  -3.480778e+00   2.192140e-04   9.740879e+06   3.189538e-01  -1.314173e+00  -1.331135e+00   1.972926e-03   3.435495e+01   2.766821e-01
    51  -2.804763e+00  -2.823126e+00   1.127100e-03   2.430960e+05   2.847290e-01   4.207880e-01  -3.421699e+00  -3.441443e+00   2.551039e-04   8.135595e+06   3.184078e-01  -1.279638e+00  -1.296562e+00   2.295935e-03   3.150881e+01   2.729781e-01
    52  -2.767226e+00  -2.785589e+00   1.201581e-03   1.968931e+05   2.805531e-01   4.192382e-01  -3.378597e+00  -3.399613e+00   2.967831e-04   6.638091e+06   3.177120e-01  -1.245181e+00  -1.262068e+00   2.671048e-03   2.889849e+01   2.691752e-01
    53  -2.729689e+00  -2.748052e+00   1.280470e-03   1.595932e+05   2.763898e-01   4.176894e-01  -3.332381e+00  -3.354874e+00   3.451610e-04   5.275565e+06   3.168114e-01  -1.210794e+00  -1.227647e+00   3.106449e-03   2.649807e+01   2.653003e-01
    54  -2.692151e+00  -2.710515e+00   1.363636e-03   1.299959e+05   2.718462e-01   4.170605e-01  -3.282556e+00  -3.306754e+00   4.012824e-04   4.071229e+06   3.156274e-01  -1.176468e+00  -1.193292e+00   3.611542e-03   2.428872e+01   2.613388e-01
    55  -2.654614e+00  -2.672977e+00   1.451303e-03   1.058985e+05   2.673966e-01   4.162860e-01  -3.228580e+00  -3.254730e+00   4.663463e-04   3.041720e+06   3.140491e-01  -1.142187e+00  -1.158989e+00   4.197117e-03   2.224817e+01   2.573398e-01
    56  -2.617077e+00  -2.635440e+00   1.544539e-03   8.661560e+04   2.627312e-01   4.162448e-01  -3.169909e+00  -3.198254e+00   5.417261e-04   2.194700e+06   3.119218e-01  -1.107938e+00  -1.124725e+00   4.875535e-03   2.036132e+01   2.533023e-01
    57  -2.579540e+00  -2.597903e+00   1.643163e-03   7.092479e+04   2.580901e-01   4.163042e-01  -3.106058e+00  -3.136811e+00   6.289911e-04   1.527208e+06   3.090388e-01  -1.073701e+00  -1.090482e+00   5.660920e-03   1.861289e+01   2.492516e-01
    58  -2.542003e+00  -2.560366e+00   1.748168e-03   5.818622e+04   2.534482e-01   4.167021e-01  -3.036722e+00  -3.070008e+00   7.299314e-04   1.025456e+06   3.051444e-01  -1.039453e+00  -1.056239e+00   6.569382e-03   1.698932e+01   2.452220e-01
    59  -2.504465e+00  -2.522828e+00   1.860150e-03   4.784753e+04   2.487831e-01   4.173873e-01  -2.961910e+00  -2.997707e+00   8.465830e-04   6.665475e+05   2.999599e-01  -1.005173e+00  -1.021975e+00   7.619247e-03   1.548107e+01   2.412121e-01
    60  -2.466928e+00  -2.485291e+00   1.979461e-03   3.936356e+04   2.442221e-01   4.182502e-01  -2.882079e+00  -2.920163e+00   9.812558e-04   4.220717e+05   2.932521e-01  -9.708367e-01  -9.876656e-01   8.831303e-03   1.407833e+01   2.372529e-01
    61  -2.429391e+00  -2.447754e+00   2.107058e-03   3.247317e+04   2.396814e-01   4.194372e-01  -2.798166e+00  -2.838099e+00   1.136562e-03   2.626937e+05   2.849352e-01  -9.364215e-01  -9.532883e-01   1.022906e-02   1.277407e+01   2.333488e-01
    62  -2.391854e+00  -2.410217e+00   2.243595e-03   2.679348e+04   2.352589e-01   4.207865e-01  -2.711468e+00  -2.752657e+00   1.315444e-03   1.623009e+05   2.751588e-01  -9.019075e-01  -9.188217e-01   1.183900e-02   1.156285e+01   2.294878e-01
    63  -2.354316e+00  -2.372680e+00   2.389480e-03   2.214535e+04   2.309556e-01   4.222904e-01  -2.623382e+00  -2.665195e+00   1.521208e-03   1.004252e+05   2.643151e-01  -8.672758e-01  -8.842465e-01   1.369088e-02   1.043909e+01   2.256822e-01
    64  -2.316779e+00  -2.335142e+00   2.546454e-03   1.831456e+04   2.267700e-01   4.239465e-01  -2.535145e+00  -2.577026e+00   1.757548e-03   6.262670e+04   2.529391e-01  -8.325113e-01  -8.495458e-01   1.581793e-02   9.398617e+00   2.219222e-01
    65  -2.279242e+00  -2.297605e+00   2.714005e-03   1.515913e+04   2.227434e-01   4.257151e-01  -2.447676e+00  -2.489212e+00   2.028572e-03   3.949847e+04   2.415636e-01  -7.976032e-01  -8.147066e-01   1.825715e-02   8.437822e+00   2.181864e-01
    66  -2.241705e+00  -2.260068e+00   2.894888e-03   1.255744e+04   2.188689e-01   4.274895e-01  -2.361550e+00  -2.402481e+00   2.338830e-03   2.522463e+04   2.306097e-01  -7.625450e-01  -7.797205e-01   2.104947e-02   7.553030e+00   2.144638e-01
    67  -2.204168e+00  -2.222531e+00   3.088321e-03   1.040693e+04   2.151490e-01   4.294463e-01  -2.277067e+00  -2.317257e+00   2.693323e-03   1.630818e+04   2.203489e-01  -7.273332e-01  -7.445824e-01   2.423991e-02   6.740525e+00   2.107510e-01
    68  -2.166630e+00  -2.184994e+00   3.296847e-03   8.631092e+03   2.116306e-01   4.312397e-01  -2.194341e+00  -2.233738e+00   3.097518e-03   1.066482e+04   2.109185e-01  -6.919691e-01  -7.092913e-01   2.787766e-02   5.996936e+00   2.070267e-01
    69  -2.129093e+00  -2.147456e+00   3.520608e-03   7.160671e+03   2.082448e-01   4.332986e-01  -2.113379e+00  -2.151976e+00   3.557342e-03   7.047395e+03   2.023596e-01  -6.564581e-01  -6.738508e-01   3.201608e-02   5.318729e+00   2.032728e-01
    70  -2.091556e+00  -2.109919e+00   3.761574e-03   5.944341e+03   2.051067e-01   4.350746e-01  -2.034139e+00  -2.071954e+00   4.079169e-03   4.701455e+03   1.946551e-01  -6.208085e-01  -6.382676e-01   3.671252e-02   4.702202e+00   1.994854e-01
    71  -2.054019e+00  -2.072382e+00   4.020816e-03   4.936361e+03   2.020796e-01   4.371516e-01  -1.956566e+00  -1.993623e+00   4.669785e-03   3.164129e+03   1.877570e-01  -5.850310e-01  -6.025514e-01   4.202806e-02   4.143589e+00   1.956626e-01
    72  -2.016482e+00  -2.034845e+00   4.299889e-03   4.101327e+03   1.993303e-01   4.388611e-01  -1.880614e+00  -1.916932e+00   5.336336e-03   2.147242e+03   1.816042e-01  -5.491392e-01  -5.667144e-01   4.802703e-02   3.639220e+00   1.917944e-01
    73  -1.978944e+00  -1.997308e+00   4.600669e-03   3.408986e+03   1.966916e-01   4.408247e-01  -1.806253e+00  -1.841844e+00   6.086254e-03   1.468887e+03   1.761318e-01  -5.131490e-01  -5.307714e-01   5.477629e-02   3.185451e+00   1.878724e-01
    74  -1.941407e+00  -1.959770e+00   4.924564e-03   2.834814e+03   1.943196e-01   4.424547e-01  -1.733471e+00  -1.768339e+00   6.927149e-03   1.012806e+03   1.712736e-01  -4.770789e-01  -4.947396e-01   6.234434e-02   2.778690e+00   1.838928e-01
    75  -1.903870e+00  -1.922233e+00   5.274095e-03   2.358529e+03   1.920723e-01   4.442528e-01  -1.662277e+00  -1.696417e+00   7.866679e-03   7.038840e+02   1.669625e-01  -4.409489e-01  -4.586383e-01   7.080011e-02   2.415376e+00   1.798606e-01
    76  -1.866333e+00  -1.884696e+00   5.650831e-03   1.963251e+03   1.900825e-01   4.457200e-01  -1.592692e+00  -1.626092e+00   8.912390e-03   4.931291e+02   1.631279e-01  -4.047816e-01  -4.224889e-01   8.021151e-02   2.092133e+00   1.757687e-01
    77  -1.828795e+00  -1.847159e+00   6.057800e-03   1.635178e+03   1.882247e-01   4.473021e-01  -1.524751e+00  -1.557394e+00   1.007152e-02   3.483171e+02   1.596934e-01  -3.686022e-01  -3.863152e-01   9.064369e-02   1.805690e+00   1.716104e-01
    78  -1.791258e+00  -1.809621e+00   6.497043e-03   1.362737e+03   1.866183e-01   4.485157e-01  -1.458497e+00  -1.490362e+00   1.135078e-02   2.480942e+02   1.565750e-01  -3.324383e-01  -3.501439e-01   1.021570e-01   1.552900e+00   1.673792e-01
    79  -1.753721e+00  -1.772084e+00   6.972011e-03   1.136472e+03   1.851432e-01   4.498168e-01  -1.393970e+00  -1.425036e+00   1.275612e-02   1.782126e+02   1.536819e-01  -2.963199e-01  -3.140037e-01   1.148050e-01   1.330728e+00   1.630795e-01
    80  -1.716184e+00  -1.734547e+00   7.485539e-03   9.484549e+02   1.839147e-01   4.506766e-01  -1.331209e+00  -1.361457e+00   1.429243e-02   1.291054e+02   1.509194e-01  -2.602790e-01  -2.779257e-01   1.286319e-01   1.136289e+00   1.587093e-01
    81  -1.678647e+00  -1.697010e+00   8.041472e-03   7.921881e+02   1.828091e-01   4.516122e-01  -1.270236e+00  -1.299653e+00   1.596333e-02   9.431018e+01   1.481971e-01  -2.243501e-01  -2.419431e-01   1.436700e-01   9.668583e-01   1.542653e-01
    82  -1.641109e+00  -1.659473e+00   8.643781e-03   6.622366e+02   1.819427e-01   4.520112e-01  -1.211053e+00  -1.239637e+00   1.777087e-02   6.943684e+01   1.454380e-01  -1.885697e-01  -2.060915e-01   1.599378e-01   8.198675e-01   1.497449e-01
    83  -1.603572e+00  -1.621935e+00   9.296743e-03   5.541311e+02   1.811956e-01   4.524142e-01  -1.153634e+00  -1.181396e+00   1.971527e-02   5.148788e+01   1.425903e-01  -1.529760e-01  -1.704083e-01   1.774374e-01   6.928903e-01   1.451558e-01
    84  -1.566035e+00  -1.584398e+00   1.000585e-02   4.641464e+02   1.806473e-01   4.523095e-01  -1.097919e+00  -1.124884e+00   2.179475e-02   3.840727e+01   1.396350e-01  -1.176080e-01  -1.349321e-01   1.961527e-01   5.836705e-01   1.405035e-01
    85  -1.528498e+00  -1.546861e+00   1.077593e-02   3.892032e+02   1.802190e-01   4.520637e-01  -1.043809e+00  -1.070021e+00   2.400535e-02   2.877937e+01   1.365870e-01  -8.250592e-02  -9.970241e-02   2.160481e-01   4.901298e-01   1.357913e-01
    86  -1.490961e+00  -1.509324e+00   1.161443e-02   3.267474e+02   1.799370e-01   4.513700e-01  -9.911726e-01  -1.016694e+00   2.634082e-02   2.162510e+01   1.334916e-01  -4.771034e-02  -6.475974e-02   2.370673e-01   4.103518e-01   1.310275e-01
    87  -1.453423e+00  -1.471787e+00   1.252720e-02   2.746551e+02   1.797601e-01   4.504111e-01  -9.398516e-01  -9.647545e-01   2.879262e-02   1.626443e+01   1.304123e-01  -1.326046e-02  -3.014390e-02   2.591336e-01   3.425755e-01   1.262301e-01
    88  -1.415886e+00  -1.434249e+00   1.352342e-02   2.311792e+02   1.796747e-01   4.490404e-01  -8.896681e-01  -9.140354e-01   3.134998e-02   1.222147e+01   1.274149e-01   2.080490e-02   4.106140e-03   2.821498e-01   2.852253e-01   1.214081e-01
    89  -1.378349e+00  -1.396712e+00   1.461122e-02   1.948443e+02   1.796521e-01   4.473551e-01  -8.404392e-01  -8.643565e-01   3.400006e-02   9.159936e+00   1.245564e-01   5.444872e-02   3.795252e-02   3.060005e-01   2.368769e-01   1.165775e-01
    90  -1.340812e+00  -1.359175e+00   1.580118e-02   1.644652e+02   1.796715e-01   4.452795e-01  -7.919866e-01  -8.155375e-01   3.672816e-02   6.838214e+00   1.218725e-01   8.763700e-02   7.135981e-02   3.305535e-01   1.962565e-01   1.117592e-01
    91  -1.303275e+00  -1.321638e+00   1.710467e-02   1.390048e+02   1.796901e-01   4.430146e-01  -7.441474e-01  -7.674086e-01   3.951809e-02   5.079481e+00   1.193763e-01   1.203378e-01   1.042951e-01   3.556628e-01   1.622469e-01   1.069662e-01
    92  -1.265737e+00  -1.284101e+00   1.853449e-02   1.176562e+02   1.796948e-01   4.404912e-01  -6.967794e-01  -7.198179e-01   4.235249e-02   3.751581e+00   1.170602e-01   1.525238e-01   1.367289e-01   3.811724e-01   1.338547e-01   1.022237e-01
    93  -1.228200e+00  -1.246563e+00   2.010492e-02   9.972559e+01   1.796604e-01   4.377947e-01  -6.497618e-01  -6.726346e-01   4.521329e-02   2.753701e+00   1.149010e-01   1.841709e-01   1.686355e-01   4.069196e-01   1.102236e-01   9.754638e-02
    94  -1.190663e+00  -1.209026e+00   2.183176e-02   8.461352e+01   1.795465e-01   4.352261e-01  -6.029952e-01  -6.257493e-01   4.808216e-02   2.008202e+00   1.128680e-01   2.152595e-01   1.999933e-01   4.327394e-01   9.060590e-02   9.295489e-02
    95  -1.153126e+00  -1.171489e+00   2.373396e-02   7.188027e+01   1.793691e-01   4.326013e-01  -5.563964e-01  -5.790711e-01   5.094094e-02   1.454807e+00   1.109266e-01   2.457743e-01   2.307849e-01   4.584685e-01   7.436060e-02   8.846545e-02
    96  -1.115588e+00  -1.133952e+00   2.582761e-02   6.110982e+01   1.791012e-01   4.302475e-01  -5.098908e-01  -5.325214e-01   5.377208e-02   1.046660e+00   1.090444e-01   2.757044e-01   2.609971e-01   4.839488e-01   6.093817e-02   8.409390e-02
    97  -1.078051e+00  -1.096414e+00   2.813620e-02   5.197021e+01   1.787510e-01   4.282471e-01  -4.634037e-01  -4.860255e-01   5.655903e-02   7.475778e-01   1.071989e-01   3.050433e-01   2.906215e-01   5.090312e-01   4.987081e-02   7.985438e-02
    98  -1.040514e+00  -1.058877e+00   3.068441e-02   4.422000e+01   1.783381e-01   4.264953e-01  -4.168540e-01  -4.395054e-01   5.928652e-02   5.298448e-01   1.053794e-01   3.337885e-01   3.196536e-01   5.335787e-01   4.076288e-02   7.575780e-02
    99  -1.002977e+00  -1.021340e+00   3.348957e-02   3.762426e+01   1.778640e-01   4.251151e-01  -3.701428e-01  -3.928707e-01   6.194091e-02   3.723413e-01   1.035859e-01   3.619417e-01   3.480932e-01   5.574682e-01   3.328002e-02   7.181440e-02
   100  -9.654397e-01  -9.838028e-01   3.658006e-02   3.198098e+01   1.773740e-01   4.241541e-01  -3.231474e-01  -3.460097e-01   6.451030e-02   2.591724e-01   1.018261e-01   3.895081e-01   3.759436e-01   5.805927e-01   2.714231e-02   6.803020e-02
   101  -9.279024e-01  -9.462656e-01   3.998680e-02   2.717269e+01   1.768727e-01   4.233662e-01  -2.757254e-01  -2.987895e-01   6.698469e-02   1.785012e-01   1.001117e-01   4.164964e-01   4.032118e-01   6.028622e-01   2.211479e-02   6.441116e-02
   102  -8.903652e-01  -9.087284e-01   4.373950e-02   2.307358e+01   1.763605e-01   4.226686e-01  -2.277095e-01  -2.510542e-01   6.935597e-02   1.214916e-01   9.845472e-02   4.429179e-01   4.299080e-01   6.242038e-01   1.800235e-02   6.095879e-02
   103  -8.528280e-01  -8.711912e-01   4.785048e-02   1.956539e+01   1.758825e-01   4.219351e-01  -1.789030e-01  -2.026210e-01   7.161799e-02   8.159541e-02   9.687079e-02   4.687872e-01   4.560451e-01   6.445619e-01   1.464209e-02   5.767526e-02
   104  -8.152908e-01  -8.336540e-01   5.236727e-02   1.656920e+01   1.754306e-01   4.209231e-01  -1.290941e-01  -1.532849e-01   7.376638e-02   5.400659e-02   9.537552e-02   4.941203e-01   4.816384e-01   6.638974e-01   1.189971e-02   5.455822e-02
   105  -7.777536e-01  -7.961168e-01   5.732618e-02   1.402062e+01   1.749571e-01   4.195220e-01  -7.805917e-02  -1.028274e-01   7.579851e-02   3.518446e-02   9.398175e-02   5.189360e-01   5.067053e-01   6.821866e-01   9.663514e-03   5.160688e-02
   106  -7.402164e-01  -7.585796e-01   6.276598e-02   1.185495e+01   1.744399e-01   4.176517e-01  -2.557951e-02  -5.102712e-02   7.771330e-02   2.254225e-02   9.269790e-02   5.432541e-01   5.312652e-01   6.994197e-01   7.841939e-03   4.881626e-02
   107  -7.026792e-01  -7.210424e-01   6.871046e-02   1.001589e+01   1.738545e-01   4.152018e-01   2.849959e-02   2.301247e-03   7.951106e-02   1.420973e-02   9.149752e-02   5.670961e-01   5.553387e-01   7.155996e-01   6.359182e-03   4.618297e-02
   108  -6.651420e-01  -6.835051e-01   7.520738e-02   8.452530e+00   1.731899e-01   4.120145e-01   8.421365e-02   5.724942e-02   8.119333e-02   8.830120e-03   9.031362e-02   5.904843e-01   5.789476e-01   7.307399e-01   5.153245e-03   4.370087e-02
   109  -6.276048e-01  -6.459679e-01   8.231742e-02   7.130348e+00   1.723649e-01   4.082060e-01   1.413661e-01   1.137293e-01   8.276263e-02   5.435875e-03   8.898542e-02   6.134420e-01   6.021148e-01   7.448636e-01   4.173119e-03   4.136435e-02
   110  -5.900675e-01  -6.084307e-01   9.009438e-02   6.012574e+00   1.713511e-01   4.038067e-01   1.994050e-01   1.713543e-01   8.422234e-02   3.344046e-03   8.723088e-02   6.359928e-01   6.248637e-01   7.580011e-01   3.377074e-03   3.916702e-02
   111  -5.525303e-01  -5.708935e-01   9.859588e-02   5.067764e+00   1.701201e-01   3.988259e-01   2.574150e-01   2.293778e-01   8.557652e-02   2.078861e-03   8.470863e-02   6.581609e-01   6.472183e-01   7.701887e-01   2.730989e-03   3.710183e-02
   112  -5.149931e-01  -5.333563e-01   1.078624e-01   4.268966e+00   1.686497e-01   3.932691e-01   3.142720e-01   2.867733e-01   8.682971e-02   1.320377e-03   8.117091e-02   6.799705e-01   6.692026e-01   7.814674e-01   2.206926e-03   3.516249e-02
   113  -4.774559e-01  -4.958191e-01   1.179617e-01   3.592577e+00   1.669392e-01   3.871564e-01   3.689499e-01   3.424709e-01   8.798682e-02   8.628542e-04   7.664260e-02   7.014458e-01   6.908409e-01   7.918814e-01   1.782136e-03   3.334168e-02
   114  -4.399187e-01  -4.582819e-01   1.289713e-01   3.020783e+00   1.649639e-01   3.804952e-01   4.207747e-01   3.956349e-01   8.905301e-02   5.809998e-04   7.142796e-02   7.226109e-01   7.121573e-01   8.014771e-01   1.438031e-03   3.163271e-02
   115  -4.023815e-01  -4.207447e-01   1.409613e-01   2.537075e+00   1.627160e-01   3.731911e-01   4.694793e-01   4.458094e-01   9.003354e-02   4.020214e-04   6.593829e-02   7.434895e-01   7.331757e-01   8.103019e-01   1.159471e-03   3.002890e-02
   116  -3.648443e-01  -3.832075e-01   1.540024e-01   2.127979e+00   1.601974e-01   3.651560e-01   5.151041e-01   4.928906e-01   9.093373e-02   2.846069e-04   6.052221e-02   7.641050e-01   7.539196e-01   8.184036e-01   9.341312e-04   2.852347e-02
   117  -3.273071e-01  -3.456702e-01   1.681438e-01   1.781981e+00   1.574086e-01   3.562706e-01   5.578580e-01   5.370069e-01   9.175884e-02   2.052574e-04   5.540058e-02   7.844801e-01   7.744121e-01   8.258295e-01   7.519688e-04   2.711023e-02
   118  -2.897699e-01  -3.081330e-01   1.834446e-01   1.489130e+00   1.543706e-01   3.463703e-01   5.980185e-01   5.784023e-01   9.251402e-02   1.502556e-04   5.067840e-02   8.046371e-01   7.946756e-01   8.326262e-01   6.048208e-04   2.578301e-02
   119  -2.522326e-01  -2.705958e-01   1.999913e-01   1.241738e+00   1.510750e-01   3.353256e-01   6.358763e-01   6.173598e-01   9.320429e-02   1.113183e-04   4.638822e-02   8.245974e-01   8.147319e-01   8.388386e-01   4.860505e-04   2.453586e-02
   120  -2.146954e-01  -2.330586e-01   2.178411e-01   1.032931e+00   1.475256e-01   3.229713e-01   6.717076e-01   6.541613e-01   9.383445e-02   8.327033e-05   4.252298e-02   8.443816e-01   8.346021e-01   8.445100e-01   3.902607e-04   2.336329e-02
   121  -1.771582e-01  -1.955214e-01   2.370438e-01   8.568937e-01   1.437300e-01   3.091506e-01   7.057563e-01   6.890655e-01   9.440910e-02   6.279064e-05   3.905255e-02   8.640095e-01   8.543064e-01   8.496819e-01   3.130696e-04   2.226003e-02
   122  -1.396210e-01  -1.579842e-01   2.575918e-01   7.086635e-01   1.397052e-01   2.936577e-01   7.382392e-01   7.223014e-01   9.493262e-02   4.765975e-05   3.594082e-02   8.835001e-01   8.738641e-01   8.543935e-01   2.509205e-04   2.122105e-02
   123  -1.020838e-01  -1.204470e-01   2.795501e-01   5.840868e-01   1.354626e-01   2.762510e-01   7.693449e-01   7.540705e-01   9.540910e-02   3.637299e-05   3.315049e-02   9.028712e-01   8.932936e-01   8.586819e-01   2.009265e-04   2.024167e-02
   124  -6.454659e-02  -8.290977e-02   3.029402e-01   4.796691e-01   1.310086e-01   2.569042e-01   7.992368e-01   7.845480e-01   9.584241e-02   2.788647e-05   3.064458e-02   9.221399e-01   9.126124e-01   8.625817e-01   1.607467e-04   1.931760e-02
   125  -2.700938e-02  -4.537256e-02   3.277513e-01   3.923575e-01   1.263628e-01   2.355577e-01   8.280573e-01   8.138861e-01   9.623618e-02   2.146150e-05   2.839083e-02   9.413222e-01   9.318370e-01   8.661256e-01   1.284848e-04   1.844474e-02
   126   1.052783e-02  -7.835347e-03   3.539077e-01   3.195520e-01   1.215465e-01   2.120386e-01   8.559307e-01   8.422176e-01   9.659376e-02   1.656959e-05   2.635913e-02   9.604331e-01   9.509828e-01   8.693438e-01   1.026050e-04   1.761931e-02
   127   4.806504e-02   2.970186e-02   3.814228e-01   2.590572e-01   1.165761e-01   1.865666e-01   8.829653e-01   8.696583e-01   9.691827e-02   1.282696e-05   2.452351e-02   9.794865e-01   9.700643e-01   8.722644e-01   8.186434e-05   1.683784e-02
   128   8.560225e-02   6.723907e-02   4.102241e-01   2.089677e-01   1.114791e-01   1.593353e-01   9.092570e-01   8.963101e-01   9.721261e-02   9.951451e-06   2.286117e-02   9.984955e-01   9.890950e-01   8.749135e-01   6.525815e-05   1.609716e-02
   129   1.231395e-01   1.047763e-01   4.400727e-01   1.676549e-01   1.062745e-01   1.305778e-01   9.348895e-01   9.222623e-01   9.747945e-02   7.734915e-06   2.135155e-02   1.017472e+00   1.008087e+00   8.773151e-01   5.197497e-05   1.539432e-02
   130   1.606767e-01   1.423135e-01   4.708907e-01   1.336521e-01   1.009647e-01   1.012567e-01   9.599372e-01   9.475939e-01   9.772124e-02   6.021141e-06   1.997738e-02   1.036427e+00   1.027053e+00   8.794912e-01   4.135991e-05   1.472660e-02
   131   1.982139e-01   1.798507e-01   5.025783e-01   1.058811e-01   9.561296e-02   7.128518e-02   9.844665e-01   9.723750e-01   9.794025e-02   4.692804e-06   1.872322e-02   1.055372e+00   1.046003e+00   8.814623e-01   3.288497e-05   1.409157e-02
   132   2.357511e-01   2.173879e-01   5.349211e-01   8.332963e-02   9.024923e-02   4.246523e-02   1.008536e+00   9.966679e-01   9.813854e-02   3.661225e-06   1.757542e-02   1.074314e+00   1.064946e+00   8.832469e-01   2.612491e-05   1.348699e-02
   133   2.732883e-01   2.549251e-01   5.677649e-01   6.512417e-02   8.490681e-02   1.579055e-02   1.032197e+00   1.020528e+00   9.831802e-02   2.858699e-06   1.652240e-02   1.093264e+00   1.083893e+00   8.848622e-01   2.073765e-05   1.291084e-02
   134   3.108255e-01   2.924623e-01   6.006299e-01   5.050142e-02   7.961592e-02  -9.974850e-03   1.055498e+00   1.044004e+00   9.848042e-02   2.233482e-06   1.555386e-02   1.112228e+00   1.102850e+00   8.863237e-01   1.644824e-05   1.236124e-02
   135   3.483627e-01   3.299995e-01   6.333644e-01   3.881271e-02   7.438035e-02  -3.167561e-02   1.078479e+00   1.067140e+00   9.862732e-02   1.745849e-06   1.466070e-02   1.131214e+00   1.121825e+00   8.876458e-01   1.303595e-05   1.183653e-02
   136   3.858999e-01   3.675368e-01   6.658464e-01   2.958111e-02   6.927170e-02  -5.023353e-02   1.101178e+00   1.089977e+00   9.876016e-02   1.365192e-06   1.383504e-02   1.150228e+00   1.140825e+00   8.888415e-01   1.032374e-05   1.133518e-02
   137   4.234371e-01   4.050740e-01   6.975031e-01   2.234180e-02   6.431451e-02  -6.650869e-02   1.123629e+00   1.112549e+00   9.888027e-02   1.067817e-06   1.306999e-02   1.169275e+00   1.159856e+00   8.899225e-01   8.169787e-06   1.085579e-02
   138   4.609744e-01   4.426112e-01   7.282060e-01   1.669405e-02   5.951119e-02  -7.973014e-02   1.145861e+00   1.134887e+00   9.898885e-02   8.353681e-07   1.235948e-02   1.188361e+00   1.178923e+00   8.908996e-01   6.460584e-06   1.039710e-02
   139   4.985116e-01   4.801484e-01   7.577030e-01   1.235675e-02   5.491726e-02  -8.923353e-02   1.167901e+00   1.157021e+00   9.908698e-02   6.535903e-07   1.169816e-02   1.207490e+00   1.198031e+00   8.917828e-01   5.105380e-06   9.957975e-03
   140   5.360488e-01   5.176856e-01   7.856057e-01   9.038810e-03   5.052997e-02  -9.703127e-02   1.189773e+00   1.178974e+00   9.917565e-02   5.113919e-07   1.108132e-02   1.226667e+00   1.217184e+00   8.925808e-01   4.031694e-06   9.537354e-03
   141   5.735860e-01   5.552228e-01   8.118229e-01   6.544530e-03   4.638874e-02  -1.027980e-01   1.211499e+00   1.200772e+00   9.925576e-02   4.001310e-07   1.050481e-02   1.245894e+00   1.236387e+00   8.933019e-01   3.181693e-06   9.134280e-03
   142   6.111232e-01   5.927600e-01   8.361772e-01   4.678720e-03   4.248679e-02  -1.069706e-01   1.233097e+00   1.222432e+00   9.932813e-02   3.130635e-07   9.965010e-03   1.265175e+00   1.255641e+00   8.939532e-01   2.509273e-06   8.747876e-03
   143   6.486604e-01   6.302972e-01   8.583703e-01   3.307714e-03   3.884727e-02  -1.094947e-01   1.254586e+00   1.243974e+00   9.939350e-02   2.449228e-07   9.458695e-03   1.284512e+00   1.274951e+00   8.945415e-01   1.977719e-06   8.377336e-03
   144   6.861976e-01   6.678344e-01   8.785515e-01   2.310936e-03   3.546882e-02  -1.106353e-01   1.275980e+00   1.265415e+00   9.945254e-02   1.915932e-07   8.983013e-03   1.303907e+00   1.294318e+00   8.950729e-01   1.557815e-06   8.021920e-03
   145   7.237348e-01   7.053717e-01   8.966482e-01   1.594517e-03   3.235021e-02  -1.105313e-01   1.297294e+00   1.286768e+00   9.950586e-02   1.498563e-07   8.535436e-03   1.323363e+00   1.313744e+00   8.955527e-01   1.226337e-06   7.680942e-03
   146   7.612720e-01   7.429089e-01   9.125707e-01   1.087664e-03   2.948912e-02  -1.092290e-01   1.318540e+00   1.308047e+00   9.955400e-02   1.171941e-07   8.113714e-03   1.342880e+00   1.333231e+00   8.959860e-01   9.648382e-07   7.353772e-03
   147   7.988093e-01   7.804461e-01   9.264916e-01   7.336565e-04   2.687594e-02  -1.068103e-01   1.339728e+00   1.329263e+00   9.959747e-02   9.163602e-08   7.715847e-03   1.362459e+00   1.352780e+00   8.963772e-01   7.586791e-07   7.039822e-03
   148   8.363465e-01   8.179833e-01   9.385444e-01   4.895766e-04   2.449829e-02  -1.033007e-01   1.360869e+00   1.350427e+00   9.963672e-02   7.163937e-08   7.340051e-03   1.382102e+00   1.372391e+00   8.967304e-01   5.962511e-07   6.738547e-03
   149   8.738837e-01   8.555205e-01   9.488748e-01   3.234339e-04   2.234153e-02  -9.882182e-02   1.381972e+00   1.371549e+00   9.967214e-02   5.599628e-08   6.984727e-03   1.401808e+00   1.392067e+00   8.970493e-01   4.683565e-07   6.449440e-03
   150   9.114209e-01   8.930577e-01   9.576452e-01   2.117339e-04   2.038924e-02  -9.355053e-02   1.403044e+00   1.392636e+00   9.970413e-02   4.376095e-08   6.648445e-03   1.421578e+00   1.411806e+00   8.973371e-01   3.677133e-07   6.172027e-03
   151   9.489581e-01   9.305949e-01   9.650252e-01   1.374811e-04   1.862373e-02  -8.762598e-02   1.424091e+00   1.413695e+00   9.973300e-02   3.419276e-08   6.329918e-03   1.441412e+00   1.431608e+00   8.975970e-01   2.885609e-07   5.905864e-03
   152   9.864953e-01   9.681321e-01   9.711972e-01   8.865523e-05   1.702678e-02  -8.125461e-02   1.445121e+00   1.434733e+00   9.975905e-02   2.671177e-08   6.027991e-03   1.461309e+00   1.451474e+00   8.978315e-01   2.263452e-07   5.650536e-03
   153   1.024033e+00   1.005669e+00   9.763237e-01   5.683797e-05   1.558113e-02  -7.466667e-02   1.466137e+00   1.455756e+00   9.978257e-02   2.086385e-08   5.741616e-03   1.481267e+00   1.471403e+00   8.980432e-01   1.774690e-07   5.405652e-03
   154   1.061570e+00   1.043207e+00   9.805650e-01   3.626900e-05   1.427061e-02  -6.800736e-02   1.487144e+00   1.476768e+00   9.980380e-02   1.629348e-08   5.469849e-03   1.501286e+00   1.491392e+00   8.982342e-01   1.390923e-07   5.170848e-03
   155   1.099107e+00   1.080744e+00   9.840603e-01   2.305698e-05   1.308061e-02  -6.154395e-02   1.508146e+00   1.497772e+00   9.982296e-02   1.272233e-08   5.211833e-03   1.521365e+00   1.511442e+00   8.984066e-01   1.089751e-07   4.945780e-03
   156   1.136644e+00   1.118281e+00   9.869310e-01   1.461709e-05   1.199804e-02  -5.531574e-02   1.529145e+00   1.518773e+00   9.984025e-02   9.932538e-09   4.966791e-03   1.541500e+00   1.531549e+00   8.985622e-01   8.535130e-08   4.730128e-03
   157   1.174181e+00   1.155818e+00   9.892860e-01   9.247976e-06   1.101145e-02  -4.945026e-02   1.550144e+00   1.539771e+00   9.985585e-02   7.753626e-09   4.734019e-03   1.561691e+00   1.551713e+00   8.987027e-01   6.682971e-08   4.523591e-03
   158   1.211719e+00   1.193355e+00   9.912152e-01   5.843089e-06   1.011087e-02  -4.405851e-02   1.571143e+00   1.560770e+00   9.986993e-02   6.052194e-09   4.512877e-03   1.581932e+00   1.571929e+00   8.988294e-01   5.231489e-08   4.325889e-03
   159   1.249256e+00   1.230893e+00   9.927927e-01   3.689003e-06   9.287538e-03  -3.910471e-02   1.592143e+00   1.581769e+00   9.988264e-02   4.723889e-09   4.302785e-03   1.602222e+00   1.592196e+00   8.989438e-01   4.094497e-08   4.136763e-03
   160   1.286793e+00   1.268430e+00   9.940836e-01   2.328339e-06   8.533886e-03  -3.460468e-02   1.613143e+00   1.602770e+00   9.989411e-02   3.687096e-09   4.103217e-03   1.622556e+00   1.612508e+00   8.990470e-01   3.204218e-08   3.955974e-03
   161   1.324330e+00   1.305967e+00   9.951401e-01   1.469647e-06   7.843304e-03  -3.056897e-02   1.634142e+00   1.623769e+00   9.990446e-02   2.877996e-09   3.913698e-03   1.642928e+00   1.632862e+00   8.991401e-01   2.507384e-08   3.783303e-03
   162   1.361867e+00   1.343504e+00   9.960038e-01   9.279839e-07   7.209988e-03  -2.697463e-02   1.655138e+00   1.644767e+00   9.991379e-02   2.246700e-09   3.733801e-03   1.663334e+00   1.653251e+00   8.992241e-01   1.962157e-08   3.618554e-03
   163   1.399405e+00   1.381041e+00   9.967090e-01   5.863207e-07   6.628807e-03  -2.376666e-02   1.676127e+00   1.665760e+00   9.992222e-02   1.754217e-09   3.563143e-03   1.683765e+00   1.673669e+00   8.993000e-01   1.535691e-08   3.461552e-03
   164   1.436942e+00   1.418579e+00   9.972873e-01   3.707460e-07   6.095247e-03  -2.091319e-02   1.697105e+00   1.686743e+00   9.992982e-02   1.370079e-09   3.401387e-03   1.704213e+00   1.694109e+00   8.993684e-01   1.202214e-08   3.312149e-03
   165   1.474479e+00   1.456116e+00   9.977622e-01   2.346527e-07   5.605304e-03  -1.837950e-02   1.718064e+00   1.707711e+00   9.993668e-02   1.070489e-09   3.248236e-03   1.724668e+00   1.714561e+00   8.994301e-01   9.415174e-09   3.170219e-03
   166   1.512016e+00   1.493653e+00   9.981525e-01   1.486719e-07   5.155428e-03  -1.615014e-02   1.738996e+00   1.728656e+00   9.994287e-02   8.368576e-10   3.103436e-03   1.745120e+00   1.735014e+00   8.994858e-01   7.377584e-09   3.035663e-03
   167   1.549553e+00   1.531190e+00   9.984737e-01   9.430395e-08   4.742438e-03  -1.416786e-02   1.759891e+00   1.749569e+00   9.994845e-02   6.546742e-10   2.966773e-03   1.765553e+00   1.755456e+00   8.995361e-01   5.785267e-09   2.908414e-03
   168   1.587091e+00   1.568728e+00   9.987381e-01   5.989345e-08   4.363559e-03  -1.238873e-02   1.780737e+00   1.770439e+00   9.995349e-02   5.126105e-10   2.838075e-03   1.785952e+00   1.775872e+00   8.995814e-01   4.541037e-09   2.788432e-03
   169   1.624628e+00   1.606265e+00   9.989562e-01   3.808836e-08   4.016293e-03  -1.077584e-02   1.801519e+00   1.791253e+00   9.995804e-02   4.018267e-10   2.717214e-03   1.806297e+00   1.796243e+00   8.996223e-01   3.568824e-09   2.675712e-03
   170   1.662165e+00   1.643802e+00   9.991359e-01   2.425522e-08   3.698479e-03  -9.292558e-03   1.822218e+00   1.811992e+00   9.996214e-02   3.154256e-10   2.604100e-03   1.826566e+00   1.816550e+00   8.996593e-01   2.809112e-09   2.570282e-03
   171   1.699702e+00   1.681339e+00   9.992839e-01   1.546911e-08   3.408265e-03  -7.924982e-03   1.842811e+00   1.832637e+00   9.996584e-02   2.480277e-10   2.498690e-03   1.846733e+00   1.836767e+00   8.996926e-01   2.215356e-09   2.472207e-03
   172   1.737240e+00   1.718876e+00   9.994067e-01   9.881783e-09   3.144085e-03  -6.601616e-03   1.863275e+00   1.853164e+00   9.996918e-02   1.954380e-10   2.400981e-03   1.866768e+00   1.856866e+00   8.997226e-01   1.751171e-09   2.381587e-03
   173   1.774777e+00   1.756414e+00   9.995086e-01   6.324161e-09   2.904706e-03  -5.264448e-03   1.883578e+00   1.873545e+00   9.997219e-02   1.543858e-10   2.311012e-03   1.886637e+00   1.876817e+00   8.997498e-01   1.388123e-09   2.298560e-03
   174   1.812314e+00   1.793951e+00   9.995935e-01   4.056271e-09   2.689515e-03  -3.762491e-03   1.903687e+00   1.893749e+00   9.997491e-02   1.223219e-10   2.228863e-03   1.906301e+00   1.896581e+00   8.997742e-01   1.104002e-09   2.223295e-03
   175   1.849851e+00   1.831488e+00   9.996642e-01   2.608419e-09   2.498121e-03  -2.017172e-03   1.923563e+00   1.913739e+00   9.997737e-02   9.725937e-11   2.154655e-03   1.925717e+00   1.916118e+00   8.997963e-01   8.814644e-10   2.155996e-03
   176   1.887388e+00   1.869025e+00   9.997234e-01   1.682638e-09   2.330638e-03  -1.040488e-05   1.943162e+00   1.933473e+00   9.997958e-02   7.764917e-11   2.088578e-03   1.944837e+00   1.935382e+00   8.998162e-01   7.069719e-10   2.096894e-03
   177   1.924926e+00   1.906562e+00   9.997729e-01   1.089659e-09   2.187911e-03   2.524201e-03   1.962440e+00   1.952908e+00   9.998158e-02   6.227592e-11   2.031150e-03   1.963610e+00   1.954325e+00   8.998342e-01   5.699375e-10   2.046321e-03
   178   1.962463e+00   1.944100e+00   9.998147e-01   7.090583e-10   2.071866e-03   5.759098e-03   1.981370e+00   1.972008e+00   9.998338e-02   5.014925e-11   1.984836e-03   1.981994e+00   1.972899e+00   8.998504e-01   4.619039e-10   2.005525e-03
   179   2.000000e+00   1.981637e+00   9.998500e-01   4.629007e-10   1.991910e-03   8.181565e-03   2.000000e+00   1.990785e+00   9.998500e-02   4.038075e-11   1.959110e-03   2.000000e+00   1.991090e+00   8.998650e-01   3.752327e-10   1.981792e-03
