     i          log_r       log_rmid          m_tot        rho_tot         v2_tot            eta     lgr[heavy]    lgrm[heavy]       m[heavy]     rho[heavy]      v2[heavy]     lgr[light]    lgrm[light]       m[light]     rho[light]      v2[light]
     0  -4.214747e+00  -4.515777e+00   1.017151e-07   1.332594e+06   2.355789e-01            nan  -4.214747e+00  -4.515777e+00   9.998500e-08   1.322199e+06   2.337171e-01  -3.045843e+00  -3.346873e+00   8.998650e-07   3.705338e+03   4.635253e-01
     1  -4.180028e+00  -4.197040e+00   1.290634e-07   1.324942e+06   2.351148e-01            nan  -4.192325e+00  -4.203391e+00   1.166721e-07   1.317248e+06   2.337158e-01  -3.016995e+00  -3.031180e+00   1.050049e-06   2.804342e+03   4.611604e-01
     2  -4.145308e+00  -4.162321e+00   1.637769e-07   1.323826e+06   2.350720e-01            nan  -4.169906e+00  -4.180971e+00   1.361439e-07   1.316711e+06   2.337157e-01  -2.988340e+00  -3.002431e+00   1.225295e-06   2.701030e+03   4.608238e-01
     3  -4.110589e+00  -4.127602e+00   2.078364e-07   1.322561e+06   2.350306e-01            nan  -4.147489e+00  -4.158553e+00   1.588651e-07   1.316117e+06   2.337155e-01  -2.959764e+00  -2.973817e+00   1.429786e-06   2.593603e+03   4.604434e-01
     4  -4.075870e+00  -4.092883e+00   2.637527e-07   1.321139e+06   2.349906e-01            nan  -4.125072e+00  -4.136136e+00   1.853780e-07   1.315459e+06   2.337154e-01  -2.931168e+00  -2.945230e+00   1.668402e-06   2.482357e+03   4.600134e-01
     5  -4.041151e+00  -4.058163e+00   3.347070e-07   1.319501e+06   2.349519e-01            nan  -4.102655e+00  -4.113719e+00   2.163150e-07   1.314730e+06   2.337152e-01  -2.902465e+00  -2.916579e+00   1.946835e-06   2.367693e+03   4.595270e-01
     6  -4.006431e+00  -4.023444e+00   4.247302e-07   1.317651e+06   2.349144e-01            nan  -4.080236e+00  -4.091301e+00   2.524142e-07   1.313924e+06   2.337150e-01  -2.873580e+00  -2.887783e+00   2.271728e-06   2.250118e+03   4.589767e-01
     7  -3.971712e+00  -3.988725e+00   5.389269e-07   1.315500e+06   2.348783e-01            nan  -4.057814e+00  -4.068881e+00   2.945370e-07   1.313032e+06   2.337148e-01  -2.844445e+00  -2.858769e+00   2.650833e-06   2.130240e+03   4.583538e-01
     8  -3.936993e+00  -3.954006e+00   6.837507e-07   1.313050e+06   2.348434e-01            nan  -4.035389e+00  -4.046457e+00   3.436881e-07   1.312044e+06   2.337145e-01  -2.814998e+00  -2.829472e+00   3.093193e-06   2.008756e+03   4.576485e-01
     9  -3.902274e+00  -3.919286e+00   8.673790e-07   1.310205e+06   2.348098e-01            nan  -4.012959e+00  -4.024029e+00   4.010398e-07   1.310950e+06   2.337142e-01  -2.785183e+00  -2.799834e+00   3.609358e-06   1.886437e+03   4.568494e-01
    10  -3.867554e+00  -3.884567e+00   1.100108e-06   1.306934e+06   2.347774e-01            nan  -3.990523e+00  -4.001596e+00   4.679601e-07   1.309740e+06   2.337139e-01  -2.754950e+00  -2.769804e+00   4.211641e-06   1.764109e+03   4.559427e-01
    11  -3.832835e+00  -3.849848e+00   1.395002e-06   1.303144e+06   2.347461e-01            nan  -3.968080e+00  -3.979157e+00   5.460446e-07   1.308400e+06   2.337136e-01  -2.724258e+00  -2.739333e+00   4.914402e-06   1.642724e+03   4.549161e-01
    12  -3.798116e+00  -3.815129e+00   1.768417e-06   1.298753e+06   2.347160e-01            nan  -3.945629e+00  -3.956709e+00   6.371554e-07   1.306916e+06   2.337132e-01  -2.693072e+00  -2.708385e+00   5.734398e-06   1.523287e+03   4.537594e-01
    13  -3.763397e+00  -3.780409e+00   2.241121e-06   1.293685e+06   2.346871e-01            nan  -3.923169e+00  -3.934254e+00   7.434644e-07   1.305275e+06   2.337128e-01  -2.661362e+00  -2.676927e+00   6.691180e-06   1.406660e+03   4.524557e-01
    14  -3.728677e+00  -3.745690e+00   2.839005e-06   1.287779e+06   2.346593e-01            nan  -3.900698e+00  -3.911788e+00   8.675058e-07   1.303458e+06   2.337123e-01  -2.629108e+00  -2.644935e+00   7.807552e-06   1.293638e+03   4.509838e-01
    15  -3.693958e+00  -3.710971e+00   3.594819e-06   1.280994e+06   2.346327e-01            nan  -3.878215e+00  -3.889311e+00   1.012236e-06   1.301448e+06   2.337118e-01  -2.596298e+00  -2.612393e+00   9.110122e-06   1.185119e+03   4.493349e-01
    16  -3.659239e+00  -3.676252e+00   4.549292e-06   1.273056e+06   2.346072e-01            nan  -3.855719e+00  -3.866822e+00   1.181103e-06   1.299225e+06   2.337112e-01  -2.562932e+00  -2.579295e+00   1.062993e-05   1.081818e+03   4.474980e-01
    17  -3.624520e+00  -3.641532e+00   5.753590e-06   1.263988e+06   2.345828e-01            nan  -3.833208e+00  -3.844318e+00   1.378130e-06   1.296764e+06   2.337106e-01  -2.529016e+00  -2.545643e+00   1.240317e-05   9.841960e+02   4.454460e-01
    18  -3.589800e+00  -3.606813e+00   7.271190e-06   1.253359e+06   2.345595e-01            nan  -3.810679e+00  -3.821797e+00   1.608010e-06   1.294043e+06   2.337099e-01  -2.494570e+00  -2.511452e+00   1.447209e-05   8.927709e+02   4.431799e-01
    19  -3.555081e+00  -3.572094e+00   9.181045e-06   1.241282e+06   2.345374e-01            nan  -3.788132e+00  -3.799259e+00   1.876216e-06   1.291034e+06   2.337091e-01  -2.459622e+00  -2.476745e+00   1.688595e-05   8.078057e+02   4.406914e-01
    20  -3.520362e+00  -3.537375e+00   1.158080e-05   1.227155e+06   2.345164e-01            nan  -3.765564e+00  -3.776701e+00   2.189133e-06   1.287706e+06   2.337082e-01  -2.424207e+00  -2.441554e+00   1.970220e-05   7.293403e+02   4.379497e-01
    21  -3.485642e+00  -3.502655e+00   1.459032e-05   1.211175e+06   2.344965e-01            nan  -3.742972e+00  -3.754121e+00   2.554206e-06   1.284028e+06   2.337072e-01  -2.388374e+00  -2.405921e+00   2.298786e-05   6.574865e+02   4.349953e-01
    22  -3.450923e+00  -3.467936e+00   1.835696e-05   1.192602e+06   2.344779e-01            nan  -3.720354e+00  -3.731516e+00   2.980121e-06   1.279963e+06   2.337061e-01  -2.352174e+00  -2.369897e+00   2.682109e-05   5.920042e+02   4.317865e-01
    23  -3.416204e+00  -3.433217e+00   2.305913e-05   1.171727e+06   2.344603e-01            nan  -3.697707e+00  -3.708883e+00   3.477003e-06   1.275471e+06   2.337049e-01  -2.315665e+00  -2.333536e+00   3.129303e-05   5.327082e+02   4.283677e-01
    24  -3.381485e+00  -3.398497e+00   2.891291e-05   1.147625e+06   2.344441e-01            nan  -3.675027e+00  -3.686219e+00   4.056664e-06   1.270509e+06   2.337036e-01  -2.278907e+00  -2.296897e+00   3.650997e-05   4.792338e+02   4.247132e-01
    25  -3.346765e+00  -3.363778e+00   3.617798e-05   1.120764e+06   2.344291e-01            nan  -3.652311e+00  -3.663521e+00   4.732872e-06   1.265031e+06   2.337021e-01  -2.241963e+00  -2.260043e+00   4.259585e-05   4.312136e+02   4.208605e-01
    26  -3.312046e+00  -3.329059e+00   4.515700e-05   1.090113e+06   2.344154e-01            nan  -3.629556e+00  -3.640784e+00   5.521683e-06   1.258984e+06   2.337005e-01  -2.204893e+00  -2.223033e+00   4.969515e-05   3.882196e+02   4.167960e-01
    27  -3.277327e+00  -3.294340e+00   5.622154e-05   1.056209e+06   2.344031e-01            nan  -3.606755e+00  -3.618006e+00   6.441814e-06   1.252312e+06   2.336986e-01  -2.167756e+00  -2.185928e+00   5.797633e-05   3.498194e+02   4.125559e-01
    28  -3.242608e+00  -3.259620e+00   6.976200e-05   1.018323e+06   2.343922e-01            nan  -3.583906e+00  -3.595180e+00   7.515084e-06   1.244954e+06   2.336966e-01  -2.130604e+00  -2.148783e+00   6.763576e-05   3.155816e+02   4.081229e-01
    29  -3.207888e+00  -3.224901e+00   8.628840e-05   9.766672e+05   2.343829e-01            nan  -3.561001e+00  -3.572302e+00   8.766923e-06   1.236844e+06   2.336943e-01  -2.093488e+00  -2.111650e+00   7.890231e-05   2.850787e+02   4.035396e-01
    30  -3.173169e+00  -3.190182e+00   1.062988e-04   9.315146e+05   2.343752e-01            nan  -3.538035e+00  -3.549366e+00   1.022697e-05   1.227909e+06   2.336917e-01  -2.056452e+00  -2.074576e+00   9.204273e-05   2.579261e+02   3.987713e-01
    31  -3.138450e+00  -3.155463e+00   1.303830e-04   8.820942e+05   2.343695e-01            nan  -3.515001e+00  -3.526365e+00   1.192976e-05   1.218073e+06   2.336889e-01  -2.019532e+00  -2.037600e+00   1.073678e-04   2.337327e+02   3.938744e-01
    32  -3.103731e+00  -3.120743e+00   1.592147e-04   8.297042e+05   2.343658e-01            nan  -3.491891e+00  -3.503293e+00   1.391553e-05   1.207252e+06   2.336857e-01  -1.982760e+00  -2.000757e+00   1.252398e-04   2.121866e+02   3.887905e-01
    33  -3.069011e+00  -3.086024e+00   1.933777e-04   7.746759e+05   2.343643e-01            nan  -3.468698e+00  -3.480140e+00   1.623115e-05   1.195357e+06   2.336822e-01  -1.946160e+00  -1.964075e+00   1.460803e-04   1.929435e+02   3.835966e-01
    34  -3.034292e+00  -3.051305e+00   2.335150e-04   7.165961e+05   2.343657e-01            nan  -3.445410e+00  -3.456898e+00   1.893121e-05   1.182292e+06   2.336782e-01  -1.909753e+00  -1.927575e+00   1.703808e-04   1.757669e+02   3.782134e-01
    35  -2.999573e+00  -3.016586e+00   2.803513e-04   6.571993e+05   2.343639e-01   4.909302e-01  -3.422018e+00  -3.433556e+00   2.207926e-05   1.167958e+06   2.336738e-01  -1.873546e+00  -1.891272e+00   1.987134e-04   1.603609e+02   3.727429e-01
    36  -2.964854e+00  -2.981866e+00   3.344982e-04   5.972531e+05   2.343538e-01   4.904136e-01  -3.398509e+00  -3.410105e+00   2.574932e-05   1.152247e+06   2.336688e-01  -1.837551e+00  -1.855176e+00   2.317439e-04   1.465484e+02   3.671061e-01
    37  -2.930134e+00  -2.947147e+00   3.964818e-04   5.376255e+05   2.343405e-01   4.898193e-01  -3.374871e+00  -3.386529e+00   3.002750e-05   1.135048e+06   2.336633e-01  -1.801762e+00  -1.819288e+00   2.702475e-04   1.340912e+02   3.614087e-01
    38  -2.895415e+00  -2.912428e+00   4.667091e-04   4.791991e+05   2.343226e-01   4.891262e-01  -3.351088e+00  -3.362817e+00   3.501400e-05   1.116247e+06   2.336570e-01  -1.766177e+00  -1.783605e+00   3.151260e-04   1.228512e+02   3.555979e-01
    39  -2.860696e+00  -2.877709e+00   5.453832e-04   4.228463e+05   2.342988e-01   4.883316e-01  -3.327143e+00  -3.338950e+00   4.082538e-05   1.095724e+06   2.336500e-01  -1.730782e+00  -1.748119e+00   3.674284e-04   1.126465e+02   3.497728e-01
    40  -2.825977e+00  -2.842989e+00   6.327415e-04   3.693335e+05   2.342678e-01   4.874345e-01  -3.303017e+00  -3.314913e+00   4.759714e-05   1.073360e+06   2.336420e-01  -1.695563e+00  -1.712815e+00   4.283742e-04   1.033695e+02   3.439080e-01
    41  -2.791257e+00  -2.808270e+00   7.286974e-04   3.194918e+05   2.342275e-01   4.864251e-01  -3.278690e+00  -3.290683e+00   5.548679e-05   1.049036e+06   2.336331e-01  -1.660494e+00  -1.677674e+00   4.993811e-04   9.488356e+01   3.381006e-01
    42  -2.756538e+00  -2.773551e+00   8.330277e-04   2.737362e+05   2.341749e-01   4.852965e-01  -3.254136e+00  -3.266239e+00   6.467734e-05   1.022636e+06   2.336230e-01  -1.625555e+00  -1.642673e+00   5.820960e-04   8.711042e+01   3.323344e-01
    43  -2.721819e+00  -2.738832e+00   9.455871e-04   2.324743e+05   2.341066e-01   4.840393e-01  -3.229328e+00  -3.241555e+00   7.538125e-05   9.940506e+05   2.336115e-01  -1.590712e+00  -1.607784e+00   6.784313e-04   7.994930e+01   3.267025e-01
    44  -2.687100e+00  -2.704112e+00   1.066244e-03   1.958720e+05   2.340188e-01   4.826361e-01  -3.204236e+00  -3.216601e+00   8.784517e-05   9.631794e+05   2.335984e-01  -1.555941e+00  -1.572979e+00   7.906065e-04   7.335000e+01   3.211729e-01
    45  -2.652380e+00  -2.669393e+00   1.195030e-03   1.639012e+05   2.339088e-01   4.810948e-01  -3.178825e+00  -3.191345e+00   1.023551e-04   9.299386e+05   2.335835e-01  -1.521207e+00  -1.538227e+00   9.211963e-04   6.723905e+01   3.158309e-01
    46  -2.617661e+00  -2.634674e+00   1.332224e-03   1.363587e+05   2.337756e-01   4.793973e-01  -3.153054e+00  -3.165748e+00   1.192428e-04   8.942647e+05   2.335665e-01  -1.486486e+00  -1.503500e+00   1.073185e-03   6.158876e+01   3.106139e-01
    47  -2.582942e+00  -2.599955e+00   1.474029e-03   1.127793e+05   2.336108e-01   4.775754e-01  -3.126878e+00  -3.139769e+00   1.388921e-04   8.561219e+05   2.335469e-01  -1.451748e+00  -1.468770e+00   1.250029e-03   5.634794e+01   3.055843e-01
    48  -2.548223e+00  -2.565235e+00   1.623066e-03   9.278823e+04   2.333969e-01   4.756718e-01  -3.100245e+00  -3.113357e+00   1.617478e-04   8.155094e+05   2.335244e-01  -1.416973e+00  -1.434013e+00   1.455730e-03   5.149871e+01   3.006701e-01
    49  -2.513503e+00  -2.530516e+00   1.781055e-03   7.614514e+04   2.331523e-01   4.736022e-01  -3.073095e+00  -3.086458e+00   1.883238e-04   7.724706e+05   2.334982e-01  -1.382143e+00  -1.399209e+00   1.694914e-03   4.700950e+01   2.958838e-01
    50  -2.478784e+00  -2.495797e+00   1.941143e-03   6.229444e+04   2.328594e-01   4.714424e-01  -3.045360e+00  -3.059006e+00   2.192140e-04   7.271019e+05   2.334678e-01  -1.347244e+00  -1.364343e+00   1.972926e-03   4.286153e+01   2.911805e-01
    51  -2.444065e+00  -2.461078e+00   2.110138e-03   5.086585e+04   2.324934e-01   4.692487e-01  -3.016960e+00  -3.030928e+00   2.551039e-04   6.795631e+05   2.334321e-01  -1.312268e+00  -1.329404e+00   2.295935e-03   3.903349e+01   2.865364e-01
    52  -2.409346e+00  -2.426358e+00   2.284593e-03   4.150596e+04   2.321139e-01   4.668378e-01  -2.987805e+00  -3.002138e+00   2.967831e-04   6.300871e+05   2.333901e-01  -1.277207e+00  -1.294384e+00   2.671048e-03   3.550321e+01   2.819531e-01
    53  -2.374626e+00  -2.391639e+00   2.465103e-03   3.384939e+04   2.315988e-01   4.646213e-01  -2.957788e+00  -2.972537e+00   3.451610e-04   5.789892e+05   2.333402e-01  -1.242057e+00  -1.259276e+00   3.106449e-03   3.225431e+01   2.773843e-01
    54  -2.339907e+00  -2.356920e+00   2.653540e-03   2.761344e+04   2.310905e-01   4.621312e-01  -2.926785e+00  -2.942010e+00   4.012824e-04   5.266752e+05   2.332804e-01  -1.206816e+00  -1.224079e+00   3.611542e-03   2.926405e+01   2.728667e-01
    55  -2.305188e+00  -2.322201e+00   2.847544e-03   2.255924e+04   2.304267e-01   4.599140e-01  -2.894653e+00  -2.910422e+00   4.663463e-04   4.736460e+05   2.332084e-01  -1.171480e+00  -1.188788e+00   4.197117e-03   2.651684e+01   2.683683e-01
    56  -2.270469e+00  -2.287481e+00   3.050717e-03   1.844014e+04   2.297798e-01   4.574166e-01  -2.861224e+00  -2.877617e+00   5.417261e-04   4.204987e+05   2.331205e-01  -1.136050e+00  -1.153404e+00   4.875535e-03   2.399510e+01   2.638910e-01
    57  -2.235749e+00  -2.252762e+00   3.261365e-03   1.512208e+04   2.289499e-01   4.552909e-01  -2.826301e+00  -2.843412e+00   6.289911e-04   3.679198e+05   2.330122e-01  -1.100524e+00  -1.117924e+00   5.660920e-03   2.168171e+01   2.594506e-01
    58  -2.201030e+00  -2.218043e+00   3.481524e-03   1.240490e+04   2.281662e-01   4.528211e-01  -2.789656e+00  -2.807592e+00   7.299314e-04   3.166712e+05   2.328773e-01  -1.064903e+00  -1.082349e+00   6.569382e-03   1.956297e+01   2.550206e-01
    59  -2.166311e+00  -2.183324e+00   3.712642e-03   1.022596e+04   2.271605e-01   4.508568e-01  -2.751022e+00  -2.769909e+00   8.465830e-04   2.675648e+05   2.327071e-01  -1.029187e+00  -1.046678e+00   7.619247e-03   1.762331e+01   2.506272e-01
    60  -2.131591e+00  -2.148604e+00   3.953703e-03   8.433667e+03   2.262017e-01   4.485554e-01  -2.710090e+00  -2.730074e+00   9.812558e-04   2.214252e+05   2.324895e-01  -9.933761e-01  -1.010913e+00   8.831303e-03   1.584994e+01   2.462611e-01
    61  -2.096872e+00  -2.113885e+00   4.209523e-03   6.988057e+03   2.250657e-01   4.466202e-01  -2.666510e+00  -2.687754e+00   1.136562e-03   1.790393e+05   2.322076e-01  -9.574727e-01  -9.750535e-01   1.022906e-02   1.423115e+01   2.419023e-01
    62  -2.062153e+00  -2.079166e+00   4.477069e-03   5.799396e+03   2.239243e-01   4.444894e-01  -2.619891e+00  -2.642575e+00   1.315444e-03   1.410957e+05   2.318375e-01  -9.214768e-01  -9.391020e-01   1.183900e-02   1.275406e+01   2.375843e-01
    63  -2.027434e+00  -2.044446e+00   4.762326e-03   4.829648e+03   2.226758e-01   4.425428e-01  -2.569813e+00  -2.594130e+00   1.521208e-03   1.081178e+05   2.313458e-01  -8.853906e-01  -9.030590e-01   1.369088e-02   1.140860e+01   2.332876e-01
    64  -1.992714e+00  -2.009727e+00   5.063625e-03   4.034061e+03   2.213493e-01   4.406008e-01  -2.515855e+00  -2.541996e+00   1.757548e-03   8.039988e+04   2.306860e-01  -8.492177e-01  -8.669277e-01   1.581793e-02   1.018505e+01   2.289967e-01
    65  -1.957995e+00  -1.975008e+00   5.384853e-03   3.376279e+03   2.199940e-01   4.385957e-01  -2.457645e+00  -2.485775e+00   2.028572e-03   5.795931e+04   2.297951e-01  -8.129597e-01  -8.307105e-01   1.825715e-02   9.073252e+00   2.247383e-01
    66  -1.923276e+00  -1.940289e+00   5.728125e-03   2.837332e+03   2.184793e-01   4.368357e-01  -2.394938e+00  -2.425161e+00   2.338830e-03   4.052058e+04   2.285921e-01  -7.766202e-01  -7.944100e-01   2.104947e-02   8.064918e+00   2.204962e-01
    67  -1.888557e+00  -1.905569e+00   6.094879e-03   2.386431e+03   2.170097e-01   4.347607e-01  -2.327722e+00  -2.360031e+00   2.693323e-03   2.754323e+04   2.269806e-01  -7.402043e-01  -7.580307e-01   2.423991e-02   7.152142e+00   2.162559e-01
    68  -1.853837e+00  -1.870850e+00   6.488816e-03   2.016228e+03   2.153019e-01   4.332323e-01  -2.256325e+00  -2.290558e+00   3.097518e-03   1.829681e+04   2.248607e-01  -7.037168e-01  -7.215775e-01   2.787766e-02   6.327119e+00   2.120307e-01
    69  -1.819118e+00  -1.836131e+00   6.912307e-03   1.704490e+03   2.136632e-01   4.313011e-01  -2.181480e+00  -2.217292e+00   3.557342e-03   1.196993e+04   2.221503e-01  -6.671634e-01  -6.850556e-01   3.201608e-02   5.582877e+00   2.078151e-01
    70  -1.784399e+00  -1.801412e+00   7.368084e-03   1.445849e+03   2.118011e-01   4.299855e-01  -2.104280e+00  -2.141167e+00   4.079169e-03   7.784006e+03   2.188101e-01  -6.305518e-01  -6.484719e-01   3.671252e-02   4.913041e+00   2.035959e-01
    71  -1.749680e+00  -1.766692e+00   7.861270e-03   1.227672e+03   2.099748e-01   4.284350e-01  -2.026026e+00  -2.063393e+00   4.669785e-03   5.078855e+03   2.148560e-01  -5.938913e-01  -6.118348e-01   4.202806e-02   4.311604e+00   1.993659e-01
    72  -1.714960e+00  -1.731973e+00   8.392808e-03   1.044621e+03   2.079831e-01   4.274762e-01  -1.947995e+00  -1.985261e+00   5.336336e-03   3.350732e+03   2.103474e-01  -5.571915e-01  -5.751539e-01   4.802703e-02   3.772760e+00   1.951333e-01
    73  -1.680241e+00  -1.697254e+00   8.970506e-03   8.898405e+02   2.060008e-01   4.265306e-01  -1.871252e+00  -1.907931e+00   6.086254e-03   2.246743e+03   2.053577e-01  -5.204644e-01  -5.384398e-01   5.477629e-02   3.291338e+00   1.908859e-01
    74  -1.645522e+00  -1.662535e+00   9.594328e-03   7.588084e+02   2.039173e-01   4.261906e-01  -1.796542e+00  -1.832292e+00   6.927149e-03   1.534715e+03   1.999539e-01  -4.837241e-01  -5.017058e-01   6.234434e-02   2.862487e+00   1.866118e-01
    75  -1.610803e+00  -1.627815e+00   1.027324e-02   6.476178e+02   2.018554e-01   4.260446e-01  -1.724283e+00  -1.758911e+00   7.866679e-03   1.067931e+03   1.942015e-01  -4.469872e-01  -4.649673e-01   7.080011e-02   2.481635e+00   1.823055e-01
    76  -1.576083e+00  -1.593096e+00   1.100791e-02   5.527582e+02   1.997734e-01   4.264748e-01  -1.654610e+00  -1.688051e+00   8.912390e-03   7.555925e+02   1.881899e-01  -4.102715e-01  -4.282415e-01   8.021151e-02   2.144428e+00   1.779703e-01
    77  -1.541364e+00  -1.558377e+00   1.180658e-02   4.720500e+02   1.977539e-01   4.271494e-01  -1.587437e+00  -1.619726e+00   1.007152e-02   5.418772e+02   1.820565e-01  -3.735976e-01  -3.915476e-01   9.064369e-02   1.846905e+00   1.735954e-01
    78  -1.506645e+00  -1.523658e+00   1.267183e-02   4.027011e+02   1.958237e-01   4.281989e-01  -1.522522e+00  -1.553768e+00   1.135078e-02   3.923807e+02   1.759866e-01  -3.369889e-01  -3.549076e-01   1.021570e-01   1.585352e+00   1.691708e-01
    79  -1.471926e+00  -1.488938e+00   1.361055e-02   3.436943e+02   1.939944e-01   4.294208e-01  -1.459533e+00  -1.489886e+00   1.275612e-02   2.857301e+02   1.701856e-01  -3.004718e-01  -3.183467e-01   1.148050e-01   1.356282e+00   1.646913e-01
    80  -1.437206e+00  -1.454219e+00   1.462661e-02   2.927166e+02   1.923833e-01   4.305659e-01  -1.398100e+00  -1.427731e+00   1.429243e-02   2.084790e+02   1.648318e-01  -2.640739e-01  -2.818917e-01   1.286319e-01   1.156394e+00   1.601617e-01
    81  -1.402487e+00  -1.419500e+00   1.572764e-02   2.493239e+02   1.909159e-01   4.316561e-01  -1.337881e+00  -1.366947e+00   1.596333e-02   1.519993e+02   1.600271e-01  -2.278258e-01  -2.455718e-01   1.436700e-01   9.826715e-01   1.555754e-01
    82  -1.367768e+00  -1.384781e+00   1.691531e-02   2.120097e+02   1.897011e-01   4.323133e-01  -1.278601e+00  -1.307230e+00   1.777087e-02   1.105762e+02   1.557658e-01  -1.917607e-01  -2.094190e-01   1.599378e-01   8.323056e-01   1.509277e-01
    83  -1.333049e+00  -1.350061e+00   1.820167e-02   1.801747e+02   1.886816e-01   4.325633e-01  -1.220094e+00  -1.248363e+00   1.971527e-02   8.025049e+01   1.519418e-01  -1.559134e-01  -1.734673e-01   1.774374e-01   7.026809e-01   1.462218e-01
    84  -1.298329e+00  -1.315342e+00   1.958598e-02   1.530356e+02   1.878522e-01   4.323548e-01  -1.162292e+00  -1.190232e+00   2.179475e-02   5.814251e+01   1.484020e-01  -1.203196e-01  -1.377520e-01   1.961527e-01   5.913771e-01   1.414657e-01
    85  -1.263610e+00  -1.280623e+00   2.108172e-02   1.298542e+02   1.872369e-01   4.315233e-01  -1.105202e+00  -1.132809e+00   2.400535e-02   4.208853e+01   1.450156e-01  -8.501675e-02  -1.023096e-01   2.160481e-01   4.961983e-01   1.366608e-01
    86  -1.228891e+00  -1.245904e+00   2.269617e-02   1.102476e+02   1.867146e-01   4.304026e-01  -1.048860e+00  -1.076118e+00   2.634082e-02   3.045666e+01   1.417147e-01  -5.004282e-02  -6.717782e-02   2.370673e-01   4.151358e-01   1.318125e-01
    87  -1.194172e+00  -1.211184e+00   2.443314e-02   9.353248e+01   1.863517e-01   4.288325e-01  -9.933023e-01  -1.020193e+00   2.879262e-02   2.203475e+01   1.384822e-01  -1.543443e-02  -3.239398e-02   2.591336e-01   3.463482e-01   1.269398e-01
    88  -1.159452e+00  -1.176465e+00   2.631585e-02   7.941831e+01   1.860268e-01   4.271173e-01  -9.385522e-01  -9.650651e-01   3.134998e-02   1.593631e+01   1.353211e-01   1.877181e-02   2.005376e-03   2.821498e-01   2.882027e-01   1.220503e-01
    89  -1.124733e+00  -1.141746e+00   2.833803e-02   6.746809e+01   1.857462e-01   4.252534e-01  -8.846176e-01  -9.107482e-01   3.400006e-02   1.151919e+01   1.322401e-01   5.254084e-02   3.598446e-02   3.060005e-01   2.392289e-01   1.171587e-01
    90  -1.090014e+00  -1.107027e+00   3.052878e-02   5.734014e+01   1.854872e-01   4.233743e-01  -8.314910e-01  -8.572424e-01   3.672816e-02   8.318811e+00   1.292436e-01   8.584055e-02   6.950978e-02   3.305535e-01   1.981155e-01   1.122857e-01
    91  -1.055295e+00  -1.072307e+00   3.289970e-02   4.878862e+01   1.852109e-01   4.214178e-01  -7.791507e-01  -8.045328e-01   3.951809e-02   5.999848e+00   1.263360e-01   1.186406e-01   1.025501e-01   3.556628e-01   1.637174e-01   1.074436e-01
    92  -1.020575e+00  -1.037588e+00   3.545637e-02   4.152330e+01   1.849368e-01   4.195224e-01  -7.275599e-01  -7.525896e-01   4.235249e-02   4.319594e+00   1.235180e-01   1.509152e-01   1.350776e-01   3.811724e-01   1.350186e-01   1.026569e-01
    93  -9.858560e-01  -1.002869e+00   3.823509e-02   3.537298e+01   1.846288e-01   4.175892e-01  -6.766691e-01  -7.013695e-01   4.521329e-02   3.102719e+00   1.207909e-01   1.826415e-01   1.670680e-01   4.069196e-01   1.111454e-01   9.793979e-02
    94  -9.511368e-01  -9.681495e-01   4.123840e-02   3.016266e+01   1.842686e-01   4.155920e-01  -6.264143e-01  -6.508152e-01   4.808216e-02   2.222105e+00   1.181538e-01   2.138011e-01   1.985007e-01   4.327394e-01   9.133629e-02   9.331257e-02
    95  -9.164175e-01  -9.334303e-01   4.449432e-02   2.572357e+01   1.838862e-01   4.136306e-01  -5.767173e-01  -6.008554e-01   5.094094e-02   1.585631e+00   1.156055e-01   2.443798e-01   2.293595e-01   4.584685e-01   7.493958e-02   8.879094e-02
    96  -8.816983e-01  -8.987110e-01   4.803876e-02   2.195973e+01   1.834265e-01   4.115828e-01  -5.274877e-01  -5.514053e-01   5.377208e-02   1.126513e+00   1.131451e-01   2.743674e-01   2.596324e-01   4.839488e-01   6.139721e-02   8.439048e-02
    97  -8.469790e-01  -8.639918e-01   5.186960e-02   1.875753e+01   1.828884e-01   4.094337e-01  -4.786186e-01  -5.023661e-01   5.655903e-02   7.961176e-01   1.107708e-01   3.037585e-01   2.893115e-01   5.090312e-01   5.023489e-02   8.012485e-02
    98  -8.122598e-01  -8.292725e-01   5.603687e-02   1.602544e+01   1.822863e-01   4.072417e-01  -4.299880e-01  -4.536230e-01   5.928652e-02   5.591248e-01   1.084830e-01   3.325511e-01   3.183933e-01   5.335787e-01   4.105163e-02   7.600481e-02
    99  -7.775405e-01  -7.945533e-01   6.057735e-02   1.370147e+01   1.815712e-01   4.049243e-01  -3.814596e-01  -4.050463e-01   6.194091e-02   3.898456e-01   1.062812e-01   3.607475e-01   3.468781e-01   5.574682e-01   3.350907e-02   7.204019e-02
   100  -7.428212e-01  -7.598340e-01   6.548880e-02   1.171700e+01   1.807420e-01   4.024339e-01  -3.328765e-01  -3.564891e-01   6.451030e-02   2.695243e-01   1.041671e-01   3.883536e-01   3.747699e-01   5.805927e-01   2.732397e-02   6.823690e-02
   101  -7.081020e-01  -7.251148e-01   7.083738e-02   1.001992e+01   1.798073e-01   3.997957e-01  -2.840617e-01  -3.077836e-01   6.698469e-02   1.845232e-01   1.021467e-01   4.153784e-01   4.020761e-01   6.028622e-01   2.225886e-02   6.460056e-02
   102  -6.733827e-01  -6.903955e-01   7.666646e-02   8.571802e+00   1.787280e-01   3.969687e-01  -2.348221e-01  -2.587444e-01   6.935597e-02   1.249362e-01   1.002240e-01   4.418337e-01   4.288074e-01   6.242038e-01   1.811658e-02   6.113260e-02
   103  -6.386635e-01  -6.556762e-01   8.298240e-02   7.332858e+00   1.775042e-01   3.939039e-01  -1.849399e-01  -2.091652e-01   7.161799e-02   8.352772e-02   9.840863e-02   4.677343e-01   4.549770e-01   6.445619e-01   1.473264e-02   5.783491e-02
   104  -6.039442e-01  -6.209570e-01   8.985253e-02   6.270329e+00   1.761415e-01   3.905467e-01  -1.341807e-01  -1.588192e-01   7.376638e-02   5.506069e-02   9.671352e-02   4.930968e-01   4.806006e-01   6.638974e-01   1.197145e-02   5.470510e-02
   105  -5.692250e-01  -5.862377e-01   9.733320e-02   5.361294e+00   1.746074e-01   3.868893e-01  -8.230701e-02  -1.074698e-01   7.579851e-02   3.574362e-02   9.514470e-02   5.179400e-01   5.056960e-01   6.821866e-01   9.720337e-03   5.174214e-02
   106  -5.345057e-01  -5.515185e-01   1.054497e-01   4.582745e+00   1.728951e-01   3.828878e-01  -2.908551e-02  -5.488150e-02   7.771330e-02   2.282781e-02   9.370936e-02   5.422841e-01   5.302826e-01   6.994197e-01   7.886925e-03   4.894098e-02
   107  -4.997864e-01  -5.167992e-01   1.142494e-01   3.913237e+00   1.710305e-01   3.784407e-01   2.564471e-02  -8.588293e-04   7.951106e-02   1.435054e-02   9.237486e-02   5.661507e-01   5.543813e-01   7.155996e-01   6.394773e-03   4.629812e-02
   108  -4.650672e-01  -4.820800e-01   1.238104e-01   3.339519e+00   1.689705e-01   3.735003e-01   8.192416e-02   5.469544e-02   8.119333e-02   8.896999e-03   9.107195e-02   5.895623e-01   5.780143e-01   7.307399e-01   5.181387e-03   4.380729e-02
   109  -4.303479e-01  -4.473607e-01   1.341859e-01   2.847553e+00   1.667157e-01   3.680289e-01   1.395545e-01   1.116946e-01   8.276263e-02   5.467102e-03   8.963421e-02   6.125424e-01   6.012044e-01   7.448636e-01   4.195353e-03   4.146285e-02
   110  -3.956287e-01  -4.126414e-01   1.453783e-01   2.424950e+00   1.642802e-01   3.619297e-01   1.979806e-01   1.697493e-01   8.422234e-02   3.358919e-03   8.777524e-02   6.351148e-01   6.239752e-01   7.580011e-01   3.394627e-03   3.925827e-02
   111  -3.609094e-01  -3.779222e-01   1.574942e-01   2.062162e+00   1.616547e-01   3.550912e-01   2.562853e-01   2.281107e-01   8.557652e-02   2.086537e-03   8.515145e-02   6.573036e-01   6.463509e-01   7.701887e-01   2.744833e-03   3.718648e-02
   112  -3.261902e-01  -3.432029e-01   1.705886e-01   1.751151e+00   1.588249e-01   3.474468e-01   3.133507e-01   2.857546e-01   8.682971e-02   1.324847e-03   8.151867e-02   6.791333e-01   6.683556e-01   7.814674e-01   2.217835e-03   3.524109e-02
   113  -2.914709e-01  -3.084837e-01   1.846825e-01   1.484551e+00   1.557951e-01   3.389149e-01   3.681661e-01   3.416227e-01   8.798682e-02   8.657479e-04   7.690867e-02   7.006281e-01   6.900136e-01   7.918814e-01   1.790724e-03   3.341474e-02
   114  -2.567517e-01  -2.737644e-01   1.998268e-01   1.255815e+00   1.525863e-01   3.292627e-01   4.200774e-01   3.948969e-01   8.905301e-02   5.829963e-04   7.163023e-02   7.218121e-01   7.113493e-01   8.014771e-01   1.444785e-03   3.170070e-02
   115  -2.220324e-01  -2.390452e-01   2.160961e-01   1.060113e+00   1.491795e-01   3.184825e-01   4.688353e-01   4.451402e-01   9.003354e-02   4.034429e-04   6.609407e-02   7.427093e-01   7.323864e-01   8.103019e-01   1.164776e-03   3.009223e-02
   116  -1.873131e-01  -2.043259e-01   2.335202e-01   8.928295e-01   1.455775e-01   3.064682e-01   5.144928e-01   4.922638e-01   9.093373e-02   2.856367e-04   6.064499e-02   7.633429e-01   7.531487e-01   8.184036e-01   9.382929e-04   2.858250e-02
   117  -1.525939e-01  -1.696067e-01   2.520842e-01   7.499072e-01   1.417963e-01   2.929206e-01   5.572679e-01   5.364068e-01   9.175884e-02   2.060077e-04   5.550029e-02   7.837359e-01   7.736591e-01   8.258295e-01   7.552296e-04   2.716531e-02
   118  -1.178746e-01  -1.348874e-01   2.718688e-01   6.280673e-01   1.378391e-01   2.778151e-01   5.974431e-01   5.778199e-01   9.251402e-02   1.508062e-04   5.076160e-02   8.039104e-01   7.939403e-01   8.326262e-01   6.073727e-04   2.583444e-02
   119  -8.315537e-02  -1.001681e-01   2.928831e-01   5.244188e-01   1.337078e-01   2.611364e-01   6.353118e-01   6.167901e-01   9.320429e-02   1.117251e-04   4.645923e-02   8.238879e-01   8.140140e-01   8.388386e-01   4.880450e-04   2.458390e-02
   120  -4.843612e-02  -6.544889e-02   3.150605e-01   4.363946e-01   1.294153e-01   2.425569e-01   6.711518e-01   6.536014e-01   9.383445e-02   8.357270e-05   4.258455e-02   8.436891e-01   8.339014e-01   8.445100e-01   3.918174e-04   2.340820e-02
   121  -1.371686e-02  -3.072963e-02   3.384571e-01   3.618319e-01   1.249768e-01   2.221941e-01   7.052083e-01   6.885138e-01   9.440910e-02   6.301597e-05   3.910689e-02   8.633338e-01   8.536225e-01   8.496819e-01   3.142831e-04   2.230202e-02
   122   2.100240e-02   3.989627e-03   3.630232e-01   2.988493e-01   1.204005e-01   2.001230e-01   7.376985e-01   7.217572e-01   9.493262e-02   4.782851e-05   3.598924e-02   8.828410e-01   8.731969e-01   8.543935e-01   2.518651e-04   2.126032e-02
   123   5.572165e-02   3.870888e-02   3.886706e-01   2.458000e-01   1.157037e-01   1.762535e-01   7.688115e-01   7.535336e-01   9.540910e-02   3.649964e-05   3.319408e-02   9.022285e-01   8.926430e-01   8.586819e-01   2.016609e-04   2.027842e-02
   124   9.044091e-02   7.342814e-02   4.153887e-01   2.012663e-01   1.109054e-01   1.510495e-01   7.987107e-01   7.840183e-01   9.584241e-02   2.798182e-05   3.068406e-02   9.215135e-01   9.119780e-01   8.625817e-01   1.613169e-04   1.935199e-02
   125   1.251602e-01   1.081474e-01   4.430422e-01   1.640122e-01   1.060243e-01   1.243578e-01   8.275388e-01   8.133639e-01   9.623618e-02   2.153339e-05   2.842684e-02   9.407118e-01   9.312187e-01   8.661256e-01   1.289270e-04   1.847692e-02
   126   1.598794e-01   1.428667e-01   4.715450e-01   1.329802e-01   1.010809e-01   9.771004e-02   8.554201e-01   8.417031e-01   9.659376e-02   1.662391e-05   2.639210e-02   9.598385e-01   9.503805e-01   8.693438e-01   1.029474e-04   1.764943e-02
   127   1.945987e-01   1.775859e-01   5.007775e-01   1.072306e-01   9.610351e-02   7.029795e-02   8.824628e-01   8.691519e-01   9.691827e-02   1.286802e-05   2.455384e-02   9.789076e-01   9.694777e-01   8.722644e-01   8.212921e-05   1.686602e-02
   128   2.293179e-01   2.123052e-01   5.305571e-01   8.597292e-02   9.111276e-02   4.406344e-02   9.087630e-01   8.958119e-01   9.721261e-02   9.982529e-06   2.288912e-02   9.979320e-01   9.885240e-01   8.749135e-01   6.546277e-05   1.612353e-02
   129   2.640372e-01   2.470244e-01   5.607609e-01   6.850903e-02   8.613689e-02   1.911446e-02   9.344043e-01   9.217728e-01   9.747945e-02   7.758451e-06   2.137738e-02   1.016924e+00   1.007532e+00   8.773151e-01   5.213287e-05   1.541897e-02
   130   2.987564e-01   2.817437e-01   5.911800e-01   5.423942e-02   8.120610e-02  -5.088224e-03   9.594611e-01   9.471134e-01   9.772124e-02   6.038969e-06   2.000132e-02   1.035894e+00   1.026513e+00   8.794912e-01   4.148160e-05   1.474966e-02
   131   3.334757e-01   3.164629e-01   6.215984e-01   4.265402e-02   7.633749e-02  -2.491087e-02   9.839998e-01   9.719037e-01   9.794025e-02   4.706314e-06   1.874542e-02   1.054854e+00   1.045477e+00   8.814623e-01   3.297865e-05   1.411312e-02
   132   3.681950e-01   3.511822e-01   6.516017e-01   3.327682e-02   7.154865e-02  -4.400638e-02   1.008079e+00   9.962060e-01   9.813854e-02   3.671463e-06   1.759604e-02   1.073811e+00   1.064436e+00   8.832469e-01   2.619695e-05   1.350712e-02
   133   4.029142e-01   3.859014e-01   6.811861e-01   2.575633e-02   6.686994e-02  -5.977194e-02   1.031750e+00   1.020075e+00   9.831802e-02   2.866456e-06   1.654156e-02   1.092775e+00   1.083396e+00   8.848622e-01   2.079298e-05   1.292964e-02
   134   4.376335e-01   4.206207e-01   7.101705e-01   1.977870e-02   6.233473e-02  -7.241610e-02   1.055060e+00   1.043561e+00   9.848042e-02   2.239359e-06   1.557167e-02   1.111753e+00   1.102368e+00   8.863237e-01   1.649069e-05   1.237879e-02
   135   4.723527e-01   4.553400e-01   7.381430e-01   1.506379e-02   5.796545e-02  -8.342449e-02   1.078052e+00   1.066708e+00   9.862732e-02   1.750303e-06   1.467728e-02   1.130753e+00   1.121357e+00   8.876458e-01   1.306849e-05   1.185290e-02
   136   5.070720e-01   4.900592e-01   7.649113e-01   1.135780e-02   5.375603e-02  -9.239964e-02   1.100761e+00   1.089555e+00   9.876016e-02   1.368565e-06   1.385046e-02   1.149781e+00   1.140371e+00   8.888415e-01   1.034865e-05   1.135044e-02
   137   5.417912e-01   5.247785e-01   7.905260e-01   8.489263e-03   4.974653e-02  -9.858330e-02   1.123222e+00   1.112137e+00   9.888027e-02   1.070371e-06   1.308434e-02   1.168841e+00   1.159416e+00   8.899225e-01   8.188845e-06   1.087001e-02
   138   5.765105e-01   5.594977e-01   8.143800e-01   6.283133e-03   4.594162e-02  -1.035111e-01   1.145464e+00   1.134485e+00   9.898885e-02   8.373014e-07   1.237283e-02   1.187941e+00   1.178496e+00   8.908996e-01   6.475147e-06   1.041035e-02
   139   6.112298e-01   5.942170e-01   8.368143e-01   4.603792e-03   4.235059e-02  -1.071238e-01   1.167514e+00   1.156629e+00   9.908698e-02   6.550532e-07   1.171058e-02   1.207083e+00   1.197618e+00   8.917828e-01   5.116496e-06   9.970311e-03
   140   6.459490e-01   6.289362e-01   8.573186e-01   3.339939e-03   3.898232e-02  -1.094282e-01   1.189397e+00   1.178593e+00   9.917565e-02   5.124985e-07   1.109286e-02   1.226273e+00   1.216784e+00   8.925808e-01   4.040172e-06   9.548831e-03
   141   6.806683e-01   6.636555e-01   8.762012e-01   2.398208e-03   3.583758e-02  -1.105593e-01   1.211133e+00   1.200401e+00   9.925576e-02   4.009678e-07   1.051554e-02   1.245512e+00   1.235999e+00   8.933019e-01   3.188152e-06   9.144952e-03
   142   7.153875e-01   6.983748e-01   8.931275e-01   1.704313e-03   3.291701e-02  -1.105783e-01   1.232742e+00   1.222072e+00   9.932813e-02   3.136960e-07   9.974982e-03   1.264805e+00   1.255266e+00   8.939532e-01   2.514190e-06   8.757794e-03
   143   7.501068e-01   7.330940e-01   9.083196e-01   1.199655e-03   3.021784e-02  -1.095460e-01   1.254240e+00   1.243624e+00   9.939350e-02   2.454006e-07   9.467957e-03   1.284154e+00   1.274588e+00   8.945415e-01   1.981457e-06   8.386547e-03
   144   7.848260e-01   7.678133e-01   9.218363e-01   8.356512e-04   2.773283e-02  -1.075569e-01   1.275645e+00   1.265074e+00   9.945254e-02   1.919540e-07   8.991612e-03   1.303561e+00   1.293966e+00   8.950729e-01   1.560655e-06   8.030468e-03
   145   8.195453e-01   8.025325e-01   9.336110e-01   5.768071e-04   2.545393e-02  -1.046427e-01   1.296969e+00   1.286438e+00   9.950586e-02   1.501286e-07   8.543414e-03   1.323028e+00   1.313404e+00   8.955527e-01   1.228493e-06   7.688871e-03
   146   8.542645e-01   8.372518e-01   9.438692e-01   3.947246e-04   2.336935e-02  -1.008938e-01   1.318224e+00   1.307726e+00   9.955400e-02   1.173996e-07   8.121112e-03   1.342557e+00   1.332902e+00   8.959860e-01   9.664730e-07   7.361122e-03
   147   8.889838e-01   8.719710e-01   9.527411e-01   2.679089e-04   2.146664e-02  -9.637613e-02   1.339422e+00   1.328952e+00   9.959747e-02   9.179096e-08   7.722704e-03   1.362147e+00   1.352462e+00   8.963772e-01   7.599177e-07   7.046630e-03
   148   9.237031e-01   9.066903e-01   9.603532e-01   1.804533e-04   1.973256e-02  -9.121188e-02   1.360573e+00   1.350126e+00   9.963672e-02   7.175614e-08   7.346401e-03   1.381801e+00   1.372085e+00   8.967304e-01   5.971886e-07   6.744849e-03
   149   9.584223e-01   9.414095e-01   9.668163e-01   1.207742e-04   1.815226e-02  -8.556632e-02   1.381685e+00   1.371257e+00   9.967214e-02   5.608423e-08   6.990605e-03   1.401517e+00   1.391771e+00   8.970493e-01   4.690654e-07   6.455270e-03
   150   9.931416e-01   9.761288e-01   9.722612e-01   8.038261e-05   1.671157e-02  -7.961460e-02   1.402766e+00   1.392353e+00   9.970413e-02   4.382714e-08   6.653881e-03   1.421298e+00   1.411520e+00   8.973371e-01   3.682489e-07   6.177416e-03
   151   1.027861e+00   1.010848e+00   9.768575e-01   5.324647e-05   1.539713e-02  -7.352021e-02   1.423823e+00   1.413422e+00   9.973300e-02   3.424256e-08   6.334944e-03   1.441141e+00   1.431333e+00   8.975970e-01   2.889651e-07   5.910841e-03
   152   1.062580e+00   1.045567e+00   9.807176e-01   3.513473e-05   1.419640e-02  -6.739588e-02   1.444861e+00   1.434469e+00   9.975905e-02   2.674920e-08   6.032632e-03   1.461048e+00   1.451209e+00   8.978315e-01   2.266500e-07   5.655128e-03
   153   1.097299e+00   1.080287e+00   9.839503e-01   2.310819e-05   1.309838e-02  -6.142367e-02   1.465886e+00   1.455501e+00   9.978257e-02   2.089196e-08   5.745899e-03   1.481016e+00   1.471147e+00   8.980432e-01   1.776985e-07   5.409886e-03
   154   1.132019e+00   1.115006e+00   9.866485e-01   1.516287e-05   1.209223e-02  -5.564869e-02   1.486902e+00   1.476521e+00   9.980380e-02   1.631458e-08   5.473797e-03   1.501044e+00   1.491146e+00   8.982342e-01   1.392650e-07   5.174748e-03
   155   1.166738e+00   1.149725e+00   9.888866e-01   9.931833e-06   1.116893e-02  -5.022712e-02   1.507912e+00   1.497534e+00   9.982296e-02   1.273814e-08   5.215468e-03   1.521132e+00   1.511204e+00   8.984066e-01   1.091048e-07   4.949368e-03
   156   1.201457e+00   1.184444e+00   9.907432e-01   6.497585e-06   1.032043e-02  -4.515360e-02   1.528920e+00   1.518543e+00   9.984025e-02   9.944380e-09   4.970135e-03   1.541276e+00   1.531321e+00   8.985622e-01   8.544867e-08   4.733424e-03
   157   1.236176e+00   1.219164e+00   9.922905e-01   4.247583e-06   9.539687e-03  -4.046427e-02   1.549926e+00   1.539550e+00   9.985585e-02   7.762482e-09   4.737090e-03   1.561475e+00   1.551493e+00   8.987027e-01   6.690265e-08   4.526615e-03
   158   1.270896e+00   1.253883e+00   9.935778e-01   2.775618e-06   8.820566e-03  -3.619429e-02   1.570933e+00   1.560557e+00   9.986993e-02   6.058807e-09   4.515692e-03   1.581725e+00   1.571718e+00   8.988294e-01   5.236945e-08   4.328658e-03
   159   1.305615e+00   1.288602e+00   9.946489e-01   1.813689e-06   8.157523e-03  -3.228327e-02   1.591941e+00   1.581564e+00   9.988264e-02   4.728818e-09   4.305360e-03   1.602023e+00   1.591993e+00   8.989438e-01   4.098569e-08   4.139294e-03
   160   1.340334e+00   1.323321e+00   9.955359e-01   1.185364e-06   7.545683e-03  -2.877618e-02   1.612949e+00   1.602572e+00   9.989411e-02   3.690762e-09   4.105567e-03   1.622365e+00   1.612313e+00   8.990470e-01   3.207249e-08   3.958280e-03
   161   1.375053e+00   1.358041e+00   9.962702e-01   7.750322e-07   6.980730e-03  -2.561579e-02   1.633956e+00   1.623580e+00   9.990446e-02   2.880715e-09   3.915836e-03   1.642746e+00   1.632675e+00   8.991401e-01   2.509634e-08   3.785398e-03
   162   1.409773e+00   1.392760e+00   9.968831e-01   5.070347e-07   6.458829e-03  -2.276512e-02   1.654960e+00   1.644585e+00   9.991379e-02   2.248710e-09   3.735738e-03   1.663159e+00   1.653072e+00   8.992241e-01   1.963821e-08   3.620450e-03
   163   1.444492e+00   1.427479e+00   9.973950e-01   3.319550e-07   5.976613e-03  -2.023711e-02   1.675957e+00   1.665585e+00   9.992222e-02   1.755696e-09   3.564891e-03   1.683598e+00   1.673498e+00   8.993000e-01   1.536915e-08   3.463261e-03
   164   1.479211e+00   1.462198e+00   9.978201e-01   2.175116e-07   5.530961e-03  -1.796374e-02   1.696941e+00   1.686576e+00   9.992982e-02   1.371162e-09   3.402953e-03   1.704054e+00   1.693946e+00   8.993684e-01   1.203110e-08   3.313678e-03
   165   1.513930e+00   1.496918e+00   9.981727e-01   1.426505e-07   5.119115e-03  -1.592062e-02   1.717908e+00   1.707551e+00   9.993668e-02   1.071275e-09   3.249628e-03   1.724517e+00   1.714406e+00   8.994301e-01   9.421679e-09   3.171575e-03
   166   1.548650e+00   1.531637e+00   9.984684e-01   9.364337e-08   4.738616e-03  -1.411231e-02   1.738848e+00   1.728504e+00   9.994287e-02   8.374238e-10   3.104659e-03   1.744976e+00   1.734867e+00   8.994858e-01   7.382259e-09   3.036854e-03
   167   1.583369e+00   1.566356e+00   9.987161e-01   6.154083e-08   4.387300e-03  -1.246326e-02   1.759751e+00   1.749426e+00   9.994845e-02   6.550765e-10   2.967832e-03   1.765417e+00   1.755317e+00   8.995361e-01   5.788581e-09   2.909443e-03
   168   1.618088e+00   1.601075e+00   9.989219e-01   4.048737e-08   4.063149e-03  -1.095717e-02   1.780606e+00   1.770304e+00   9.995349e-02   5.128913e-10   2.838974e-03   1.785824e+00   1.775741e+00   8.995814e-01   4.543340e-09   2.789303e-03
   169   1.652807e+00   1.635795e+00   9.990943e-01   2.666673e-08   3.764404e-03  -9.602545e-03   1.801396e+00   1.791125e+00   9.995804e-02   4.020175e-10   2.717953e-03   1.806178e+00   1.796120e+00   8.996223e-01   3.570380e-09   2.676426e-03
   170   1.687527e+00   1.670514e+00   9.992395e-01   1.758624e-08   3.489600e-03  -8.310802e-03   1.822103e+00   1.811873e+00   9.996214e-02   3.155502e-10   2.604679e-03   1.826456e+00   1.816435e+00   8.996593e-01   2.810118e-09   2.570839e-03
   171   1.722246e+00   1.705233e+00   9.993612e-01   1.161397e-08   3.237519e-03  -7.038266e-03   1.842706e+00   1.832527e+00   9.996584e-02   2.481039e-10   2.499107e-03   1.846632e+00   1.836661e+00   8.996926e-01   2.215959e-09   2.472605e-03
   172   1.756965e+00   1.739952e+00   9.994630e-01   7.681160e-09   3.006980e-03  -5.826120e-03   1.863180e+00   1.853064e+00   9.996918e-02   1.954788e-10   2.401231e-03   1.866677e+00   1.856770e+00   8.997226e-01   1.751480e-09   2.381824e-03
   173   1.791684e+00   1.774672e+00   9.995491e-01   5.088644e-09   2.797159e-03  -4.548285e-03   1.883494e+00   1.873455e+00   9.997219e-02   1.544011e-10   2.311090e-03   1.886557e+00   1.876731e+00   8.997498e-01   1.388221e-09   2.298629e-03
   174   1.826404e+00   1.809391e+00   9.996221e-01   3.378217e-09   2.608029e-03  -3.038880e-03   1.903614e+00   1.893670e+00   9.997491e-02   1.223190e-10   2.228763e-03   1.906232e+00   1.896505e+00   8.997742e-01   1.103950e-09   2.223191e-03
   175   1.861123e+00   1.844110e+00   9.996832e-01   2.247934e-09   2.439047e-03  -1.430578e-03   1.923502e+00   1.913672e+00   9.997737e-02   9.724376e-11   2.154367e-03   1.925659e+00   1.916054e+00   8.997963e-01   8.813077e-10   2.155709e-03
   176   1.895842e+00   1.878829e+00   9.997352e-01   1.499998e-09   2.290348e-03   5.011974e-04   1.943114e+00   1.933419e+00   9.997958e-02   7.762488e-11   2.088090e-03   1.944792e+00   1.935331e+00   8.998162e-01   7.067441e-10   2.096416e-03
   177   1.930561e+00   1.913549e+00   9.997796e-01   1.004499e-09   2.163328e-03   3.148442e-03   1.962407e+00   1.952868e+00   9.998158e-02   6.224601e-11   2.030448e-03   1.963580e+00   1.954287e+00   8.998342e-01   5.696639e-10   2.045640e-03
   178   1.965281e+00   1.948268e+00   9.998175e-01   6.756159e-10   2.059911e-03   6.217572e-03   1.981352e+00   1.971983e+00   9.998338e-02   5.011618e-11   1.983894e-03   1.981978e+00   1.972876e+00   8.998504e-01   4.616038e-10   2.004624e-03
   179   2.000000e+00   1.982987e+00   9.998500e-01   4.553872e-10   1.989082e-03   8.246743e-03   2.000000e+00   1.990776e+00   9.998500e-02   4.034601e-11   1.957915e-03   2.000000e+00   1.991082e+00   8.998650e-01   3.749201e-10   1.980654e-03
