     i          log_r       log_rmid          m_tot        rho_tot         v2_tot            eta     lgr[heavy]    lgrm[heavy]       m[heavy]     rho[heavy]      v2[heavy]     lgr[light]    lgrm[light]       m[light]     rho[light]      v2[light]
     0  -4.704696e+00  -5.005726e+00   1.018134e-07   3.913191e+07   2.133033e-01            nan  -4.704696e+00  -5.005726e+00   9.998500e-08   3.900702e+07   2.123952e-01  -3.049182e+00  -3.350212e+00   8.998650e-07   3.791790e+03   4.188243e-01
     1  -4.667239e+00  -4.685564e+00   1.312276e-07   3.855959e+07   2.128200e-01            nan  -4.682087e+00  -4.693244e+00   1.166721e-07   3.851424e+07   2.123784e-01  -3.007960e+00  -3.028082e+00   1.050049e-06   1.921012e+03   4.051188e-01
     2  -4.629783e+00  -4.648107e+00   1.691929e-07   3.846049e+07   2.127814e-01            nan  -4.659488e+00  -4.670640e+00   1.361439e-07   3.846072e+07   2.123766e-01  -2.967399e+00  -2.987206e+00   1.225295e-06   1.717652e+03   4.024257e-01
     3  -4.592326e+00  -4.610651e+00   2.181821e-07   3.834329e+07   2.127451e-01            nan  -4.636893e+00  -4.648044e+00   1.588651e-07   3.840161e+07   2.123745e-01  -2.927459e+00  -2.946970e+00   1.429786e-06   1.541567e+03   3.994423e-01
     4  -4.554870e+00  -4.573194e+00   2.813647e-07   3.820707e+07   2.127110e-01            nan  -4.614300e+00  -4.625450e+00   1.853780e-07   3.833631e+07   2.123723e-01  -2.888113e+00  -2.907340e+00   1.668402e-06   1.388677e+03   3.962170e-01
     5  -4.517414e+00  -4.535738e+00   3.628136e-07   3.804852e+07   2.126785e-01            nan  -4.591704e+00  -4.602855e+00   2.163150e-07   3.826417e+07   2.123698e-01  -2.849334e+00  -2.868291e+00   1.946835e-06   1.255411e+03   3.927370e-01
     6  -4.479957e+00  -4.498282e+00   4.677431e-07   3.786055e+07   2.126474e-01            nan  -4.569101e+00  -4.580255e+00   2.524142e-07   3.818447e+07   2.123671e-01  -2.811096e+00  -2.829794e+00   2.271728e-06   1.138719e+03   3.890658e-01
     7  -4.442501e+00  -4.460825e+00   6.027887e-07   3.764174e+07   2.126174e-01            nan  -4.546488e+00  -4.557647e+00   2.945370e-07   3.809642e+07   2.123641e-01  -2.773373e+00  -2.791825e+00   2.650833e-06   1.036118e+03   3.852155e-01
     8  -4.405044e+00  -4.423369e+00   7.764601e-07   3.738638e+07   2.125881e-01            nan  -4.523861e+00  -4.535027e+00   3.436881e-07   3.799916e+07   2.123607e-01  -2.736134e+00  -2.754354e+00   3.093193e-06   9.454131e+02   3.812433e-01
     9  -4.367588e+00  -4.385912e+00   9.995315e-07   3.708473e+07   2.125589e-01            nan  -4.501217e+00  -4.512391e+00   4.010398e-07   3.789171e+07   2.123570e-01  -2.699346e+00  -2.717351e+00   3.609358e-06   8.648240e+02   3.771958e-01
    10  -4.330132e+00  -4.348456e+00   1.285598e-06   3.673489e+07   2.125298e-01            nan  -4.478551e+00  -4.489736e+00   4.679601e-07   3.777303e+07   2.123529e-01  -2.662978e+00  -2.680782e+00   4.211641e-06   7.928759e+02   3.731055e-01
    11  -4.292675e+00  -4.311000e+00   1.651979e-06   3.632648e+07   2.125001e-01            nan  -4.455860e+00  -4.467057e+00   5.460446e-07   3.764198e+07   2.123484e-01  -2.626990e+00  -2.644611e+00   4.914402e-06   7.282267e+02   3.690542e-01
    12  -4.255219e+00  -4.273543e+00   2.120136e-06   3.584908e+07   2.124694e-01            nan  -4.433140e+00  -4.444352e+00   6.371554e-07   3.749728e+07   2.123434e-01  -2.591348e+00  -2.608804e+00   5.734398e-06   6.699635e+02   3.650384e-01
    13  -4.217762e+00  -4.236087e+00   2.717034e-06   3.530049e+07   2.124374e-01            nan  -4.410387e+00  -4.421614e+00   7.434644e-07   3.733755e+07   2.123379e-01  -2.556010e+00  -2.573320e+00   6.691180e-06   6.170408e+02   3.611666e-01
    14  -4.180306e+00  -4.198630e+00   3.476403e-06   3.466058e+07   2.124033e-01            nan  -4.387594e+00  -4.398841e+00   8.675058e-07   3.716129e+07   2.123318e-01  -2.520940e+00  -2.538121e+00   7.807552e-06   5.688853e+02   3.574213e-01
    15  -4.142850e+00  -4.161174e+00   4.438320e-06   3.392767e+07   2.123668e-01            nan  -4.364759e+00  -4.376027e+00   1.012236e-06   3.696684e+07   2.123250e-01  -2.486099e+00  -2.503170e+00   9.110122e-06   5.248029e+02   3.538736e-01
    16  -4.105393e+00  -4.123718e+00   5.654047e-06   3.309134e+07   2.123273e-01            nan  -4.341874e+00  -4.353166e+00   1.181103e-06   3.675241e+07   2.123175e-01  -2.451450e+00  -2.468429e+00   1.062993e-05   4.843715e+02   3.505199e-01
    17  -4.067937e+00  -4.086261e+00   7.182379e-06   3.213382e+07   2.122840e-01            nan  -4.318935e+00  -4.330253e+00   1.378130e-06   3.651605e+07   2.123093e-01  -2.416962e+00  -2.433864e+00   1.240317e-05   4.471726e+02   3.473813e-01
    18  -4.030480e+00  -4.048805e+00   9.096005e-06   3.106460e+07   2.122369e-01            nan  -4.295933e+00  -4.307282e+00   1.608010e-06   3.625564e+07   2.123001e-01  -2.382604e+00  -2.399443e+00   1.447209e-05   4.128788e+02   3.444630e-01
    19  -3.993024e+00  -4.011348e+00   1.147782e-05   2.985056e+07   2.121845e-01            nan  -4.272863e+00  -4.284245e+00   1.876216e-06   3.596891e+07   2.122900e-01  -2.348350e+00  -2.365139e+00   1.688595e-05   3.812428e+02   3.417464e-01
    20  -3.955568e+00  -3.973892e+00   1.442475e-05   2.852349e+07   2.121274e-01            nan  -4.249715e+00  -4.261134e+00   2.189133e-06   3.565338e+07   2.122789e-01  -2.314177e+00  -2.330927e+00   1.970220e-05   3.520104e+02   3.392359e-01
    21  -3.918111e+00  -3.936436e+00   1.804386e-05   2.704419e+07   2.120637e-01            nan  -4.226480e+00  -4.237942e+00   2.554206e-06   3.530642e+07   2.122665e-01  -2.280069e+00  -2.296788e+00   2.298786e-05   3.250254e+02   3.368884e-01
    22  -3.880655e+00  -3.898979e+00   2.246001e-05   2.546021e+07   2.119943e-01            nan  -4.203149e+00  -4.214658e+00   2.980121e-06   3.492519e+07   2.122529e-01  -2.246011e+00  -2.262706e+00   2.682109e-05   3.000874e+02   3.347036e-01
    23  -3.843198e+00  -3.861523e+00   2.778636e-05   2.374901e+07   2.119177e-01            nan  -4.179709e+00  -4.191271e+00   3.477003e-06   3.450669e+07   2.122379e-01  -2.211995e+00  -2.228670e+00   3.129303e-05   2.770802e+02   3.326290e-01
    24  -3.805742e+00  -3.824066e+00   3.417652e-05   2.195101e+07   2.118342e-01            nan  -4.156149e+00  -4.167769e+00   4.056664e-06   3.404774e+07   2.122213e-01  -2.178013e+00  -2.194672e+00   3.650997e-05   2.558406e+02   3.306608e-01
    25  -3.768286e+00  -3.786610e+00   4.174502e-05   2.009853e+07   2.117440e-01            nan  -4.132454e+00  -4.144140e+00   4.732872e-06   3.354500e+07   2.122030e-01  -2.144064e+00  -2.160707e+00   4.259585e-05   2.362669e+02   3.287479e-01
    26  -3.730829e+00  -3.749154e+00   5.060286e-05   1.818198e+07   2.116455e-01            nan  -4.108608e+00  -4.120367e+00   5.521683e-06   3.299497e+07   2.121828e-01  -2.110146e+00  -2.126774e+00   4.969515e-05   2.182215e+02   3.268848e-01
    27  -3.693373e+00  -3.711697e+00   6.088531e-05   1.627079e+07   2.115400e-01            nan  -4.084594e+00  -4.096435e+00   6.441814e-06   3.239408e+07   2.121606e-01  -2.076263e+00  -2.092874e+00   5.797633e-05   2.016097e+02   3.250258e-01
    28  -3.655916e+00  -3.674241e+00   7.268211e-05   1.439728e+07   2.114274e-01            nan  -4.060390e+00  -4.072323e+00   7.515084e-06   3.173864e+07   2.121361e-01  -2.042416e+00  -2.059010e+00   6.763576e-05   1.863120e+02   3.231658e-01
    29  -3.618460e+00  -3.636784e+00   8.605227e-05   1.259275e+07   2.113076e-01            nan  -4.035975e+00  -4.048011e+00   8.766923e-06   3.102499e+07   2.121091e-01  -2.008610e+00  -2.025184e+00   7.890231e-05   1.722403e+02   3.212652e-01
    30  -3.581004e+00  -3.599328e+00   1.010193e-04   1.088629e+07   2.111807e-01            nan  -4.011323e+00  -4.023474e+00   1.022697e-05   3.024950e+07   2.120793e-01  -1.974849e+00  -1.991401e+00   9.204273e-05   1.592884e+02   3.193219e-01
    31  -3.543547e+00  -3.561872e+00   1.175712e-04   9.302933e+06   2.110465e-01            nan  -3.986405e+00  -3.998685e+00   1.192976e-05   2.940869e+07   2.120466e-01  -1.941139e+00  -1.957667e+00   1.073678e-04   1.473760e+02   3.173024e-01
    32  -3.506091e+00  -3.524415e+00   1.356671e-04   7.861927e+06   2.109049e-01            nan  -3.961186e+00  -3.973612e+00   1.391553e-05   2.849936e+07   2.120106e-01  -1.907482e+00  -1.923984e+00   1.252398e-04   1.364076e+02   3.152118e-01
    33  -3.468634e+00  -3.486959e+00   1.552521e-04   6.575610e+06   2.107557e-01            nan  -3.935631e+00  -3.948221e+00   1.623115e-05   2.751870e+07   2.119710e-01  -1.873883e+00  -1.890358e+00   1.460803e-04   1.263113e+02   3.130245e-01
    34  -3.431178e+00  -3.449502e+00   1.762786e-04   5.448859e+06   2.105983e-01            nan  -3.909695e+00  -3.922469e+00   1.893121e-05   2.646447e+07   2.119275e-01  -1.840342e+00  -1.856789e+00   1.703808e-04   1.170013e+02   3.107568e-01
    35  -3.393722e+00  -3.412046e+00   1.987326e-04   4.479295e+06   2.104322e-01            nan  -3.883329e+00  -3.896312e+00   2.207926e-05   2.533522e+07   2.118797e-01  -1.806860e+00  -1.823278e+00   1.987134e-04   1.084143e+02   3.083937e-01
    36  -3.356265e+00  -3.374590e+00   2.226557e-04   3.658156e+06   2.102572e-01            nan  -3.856477e+00  -3.869696e+00   2.574932e-05   2.413051e+07   2.118271e-01  -1.773431e+00  -1.789824e+00   2.317439e-04   1.004749e+02   3.059636e-01
    37  -3.318809e+00  -3.337133e+00   2.475071e-04   2.969854e+06   2.100722e-01            nan  -3.829073e+00  -3.842559e+00   3.002750e-05   2.285119e+07   2.117694e-01  -1.740053e+00  -1.756422e+00   2.702475e-04   9.312891e+01   3.034635e-01
    38  -3.281352e+00  -3.299677e+00   2.734521e-04   2.396509e+06   2.098672e-01            nan  -3.801042e+00  -3.814831e+00   3.501400e-05   2.149969e+07   2.117059e-01  -1.706715e+00  -1.723064e+00   3.151260e-04   8.631314e+01   3.009304e-01
    39  -3.243896e+00  -3.262220e+00   3.009841e-04   1.929135e+06   2.096487e-01            nan  -3.772295e+00  -3.786431e+00   4.082538e-05   2.008035e+07   2.116362e-01  -1.673408e+00  -1.689742e+00   3.674284e-04   7.998273e+01   2.983705e-01
    40  -3.206440e+00  -3.224764e+00   3.289869e-04   1.548779e+06   2.094129e-01            nan  -3.742731e+00  -3.757262e+00   4.759714e-05   1.859979e+07   2.115595e-01  -1.640118e+00  -1.656444e+00   4.283742e-04   7.408875e+01   2.958189e-01
    41  -3.168983e+00  -3.187308e+00   3.584444e-04   1.241600e+06   2.091367e-01            nan  -3.712230e+00  -3.727213e+00   5.548679e-05   1.706721e+07   2.114750e-01  -1.606833e+00  -1.623157e+00   4.993811e-04   6.859597e+01   2.932847e-01
    42  -3.131527e+00  -3.149851e+00   3.889690e-04   9.949498e+05   2.088553e-01            nan  -3.680651e+00  -3.696153e+00   6.467734e-05   1.549468e+07   2.113817e-01  -1.573537e+00  -1.589866e+00   5.820960e-04   6.347045e+01   2.907860e-01
    43  -3.094070e+00  -3.112395e+00   4.205653e-04   7.981023e+05   2.084871e-01            nan  -3.647828e+00  -3.663929e+00   7.538125e-05   1.389743e+07   2.112787e-01  -1.540216e+00  -1.556557e+00   6.784313e-04   5.868580e+01   2.883265e-01
    44  -3.056614e+00  -3.074938e+00   4.536197e-04   6.404177e+05   2.081192e-01            nan  -3.613565e+00  -3.630358e+00   8.784517e-05   1.229387e+07   2.111643e-01  -1.506861e+00  -1.523218e+00   7.906065e-04   5.422122e+01   2.858937e-01
    45  -3.019158e+00  -3.037482e+00   4.878870e-04   5.157812e+05   2.076231e-01   4.855163e-01  -3.577629e+00  -3.595225e+00   1.023551e-04   1.070553e+07   2.110370e-01  -1.473460e+00  -1.489840e+00   9.211963e-04   5.005652e+01   2.834831e-01
    46  -2.981701e+00  -3.000026e+00   5.237896e-04   4.154354e+05   2.071209e-01   4.835775e-01  -3.539747e+00  -3.558275e+00   1.192428e-04   9.156656e+06   2.108943e-01  -1.440011e+00  -1.456414e+00   1.073185e-03   4.617926e+01   2.810493e-01
    47  -2.944245e+00  -2.962569e+00   5.614775e-04   3.367465e+05   2.064001e-01   4.816155e-01  -3.499590e+00  -3.519205e+00   1.388921e-04   7.673454e+06   2.107332e-01  -1.406510e+00  -1.422938e+00   1.250029e-03   4.257279e+01   2.785803e-01
    48  -2.906788e+00  -2.925113e+00   6.009375e-04   2.729804e+05   2.056920e-01   4.791426e-01  -3.456776e+00  -3.477656e+00   1.617478e-04   6.282890e+06   2.105498e-01  -1.372961e+00  -1.389412e+00   1.455730e-03   3.922569e+01   2.760247e-01
    49  -2.869332e+00  -2.887656e+00   6.428943e-04   2.228231e+05   2.047299e-01   4.770711e-01  -3.410858e+00  -3.433211e+00   1.883238e-04   5.010984e+06   2.103382e-01  -1.339368e+00  -1.355839e+00   1.694914e-03   3.612321e+01   2.733578e-01
    50  -2.831876e+00  -2.850200e+00   6.870311e-04   1.821166e+05   2.037363e-01   4.746548e-01  -3.361328e+00  -3.385388e+00   2.192140e-04   3.880646e+06   2.100902e-01  -1.305737e+00  -1.322227e+00   1.972926e-03   3.325067e+01   2.705554e-01
    51  -2.794419e+00  -2.812744e+00   7.342137e-04   1.496436e+05   2.025178e-01   4.726137e-01  -3.307633e+00  -3.333651e+00   2.551039e-04   2.909204e+06   2.097934e-01  -1.272077e+00  -1.288581e+00   2.295935e-03   3.059326e+01   2.675923e-01
    52  -2.756963e+00  -2.775287e+00   7.845295e-04   1.233690e+05   2.011716e-01   4.706540e-01  -3.249211e+00  -3.277440e+00   2.967831e-04   2.105962e+06   2.094285e-01  -1.238392e+00  -1.254908e+00   2.671048e-03   2.813395e+01   2.644819e-01
    53  -2.719506e+00  -2.737831e+00   8.383234e-04   1.020084e+05   1.996917e-01   4.688894e-01  -3.185575e+00  -3.216228e+00   3.451610e-04   1.470329e+06   2.089642e-01  -1.204685e+00  -1.221212e+00   3.106449e-03   2.585792e+01   2.612140e-01
    54  -2.682050e+00  -2.700374e+00   8.964853e-04   8.476359e+04   1.979743e-01   4.677714e-01  -3.116445e+00  -3.149636e+00   4.012824e-04   9.912023e+05   2.083492e-01  -1.170958e+00  -1.187494e+00   3.611542e-03   2.374956e+01   2.578071e-01
    55  -2.644594e+00  -2.662918e+00   9.589066e-04   7.050285e+04   1.962318e-01   4.666645e-01  -3.041936e+00  -3.077595e+00   4.663463e-04   6.481930e+05   2.075000e-01  -1.137207e+00  -1.153754e+00   4.197117e-03   2.179410e+01   2.542836e-01
    56  -2.607137e+00  -2.625462e+00   1.026684e-03   5.894782e+04   1.941999e-01   4.666353e-01  -2.962729e+00  -3.000530e+00   5.417261e-04   4.148293e+05   2.062883e-01  -1.103425e+00  -1.119988e+00   4.875535e-03   1.997889e+01   2.506527e-01
    57  -2.569681e+00  -2.588005e+00   1.100042e-03   4.929191e+04   1.922073e-01   4.666326e-01  -2.880125e+00  -2.919466e+00   6.289911e-04   2.630444e+05   2.045419e-01  -1.069604e+00  -1.086186e+00   5.660920e-03   1.829067e+01   2.469615e-01
    58  -2.532224e+00  -2.550549e+00   1.179692e-03   4.137485e+04   1.899997e-01   4.677230e-01  -2.795856e+00  -2.835950e+00   7.299314e-04   1.675095e+05   2.020765e-01  -1.035729e+00  -1.052336e+00   6.569382e-03   1.671926e+01   2.432258e-01
    59  -2.494768e+00  -2.513092e+00   1.266534e-03   3.473692e+04   1.878324e-01   4.690800e-01  -2.711690e+00  -2.751737e+00   8.465830e-04   1.083319e+05   1.987703e-01  -1.001785e+00  -1.018425e+00   7.619247e-03   1.525582e+01   2.394606e-01
    60  -2.457312e+00  -2.475636e+00   1.360773e-03   2.920780e+04   1.856282e-01   4.710865e-01  -2.629025e+00  -2.668393e+00   9.812558e-04   7.160248e+04   1.946478e-01  -9.677542e-01  -9.844364e-01   8.831303e-03   1.389135e+01   2.357104e-01
    61  -2.419855e+00  -2.438180e+00   1.463852e-03   2.456713e+04   1.834630e-01   4.735275e-01  -2.548679e+00  -2.586997e+00   1.136562e-03   4.841818e+04   1.899113e-01  -9.336186e-01  -9.503511e-01   1.022906e-02   1.262002e+01   2.319769e-01
    62  -2.382399e+00  -2.400723e+00   1.575726e-03   2.066248e+04   1.814147e-01   4.761462e-01  -2.470913e+00  -2.508058e+00   1.315444e-03   3.339953e+04   1.848937e-01  -8.993615e-01  -9.161524e-01   1.183900e-02   1.143674e+01   2.282595e-01
    63  -2.344942e+00  -2.363267e+00   1.698003e-03   1.738024e+04   1.794340e-01   4.791511e-01  -2.395578e+00  -2.431614e+00   1.521208e-03   2.338873e+04   1.799679e-01  -8.649662e-01  -8.818234e-01   1.369088e-02   1.033634e+01   2.245830e-01
    64  -2.307486e+00  -2.325810e+00   1.830764e-03   1.460378e+04   1.776966e-01   4.818299e-01  -2.322305e+00  -2.357398e+00   1.757548e-03   1.654129e+04   1.754608e-01  -8.304194e-01  -8.473493e-01   1.581793e-02   9.315440e+00   2.209337e-01
    65  -2.270030e+00  -2.288354e+00   1.975459e-03   1.227025e+04   1.760470e-01   4.847229e-01  -2.250652e+00  -2.285002e+00   2.028572e-03   1.176450e+04   1.715958e-01  -7.957118e-01  -8.127190e-01   1.825715e-02   8.370829e+00   2.172953e-01
    66  -2.232573e+00  -2.250898e+00   2.132563e-03   1.029360e+04   1.747318e-01   4.867618e-01  -2.180228e+00  -2.214014e+00   2.338830e-03   8.391316e+03   1.684642e-01  -7.608373e-01  -7.779246e-01   2.104947e-02   7.499212e+00   2.136660e-01
    67  -2.195117e+00  -2.213441e+00   2.303290e-03   8.635602e+03   1.734998e-01   4.889048e-01  -2.110757e+00  -2.144105e+00   2.693323e-03   5.996604e+03   1.660225e-01  -7.257936e-01  -7.429621e-01   2.423991e-02   6.697479e+00   2.100363e-01
    68  -2.157660e+00  -2.175985e+00   2.488592e-03   7.234445e+03   1.726312e-01   4.898813e-01  -2.042112e+00  -2.075080e+00   3.097518e-03   4.295473e+03   1.641219e-01  -6.905828e-01  -7.078315e-01   2.787766e-02   5.962601e+00   2.063873e-01
    69  -2.120204e+00  -2.138528e+00   2.689602e-03   6.061451e+03   1.718506e-01   4.907926e-01  -1.974302e+00  -2.006885e+00   3.557342e-03   3.088448e+03   1.625620e-01  -6.552108e-01  -6.725368e-01   3.201608e-02   5.291393e+00   2.027017e-01
    70  -2.082748e+00  -2.101072e+00   2.907745e-03   5.076004e+03   1.713387e-01   4.907603e-01  -1.907425e+00  -1.939578e+00   4.079169e-03   2.232401e+03   1.611443e-01  -6.196869e-01  -6.370857e-01   3.671252e-02   4.680471e+00   1.989788e-01
    71  -2.045291e+00  -2.063616e+00   3.144281e-03   4.252067e+03   1.709255e-01   4.904745e-01  -1.841619e+00  -1.873277e+00   4.669785e-03   1.624270e+03   1.597025e-01  -5.840227e-01  -6.014888e-01   4.202806e-02   4.126358e+00   1.952130e-01
    72  -2.007835e+00  -2.026159e+00   3.401183e-03   3.562898e+03   1.706723e-01   4.895630e-01  -1.777015e+00  -1.808117e+00   5.336336e-03   1.190455e+03   1.581125e-01  -5.482329e-01  -5.657592e-01   4.802703e-02   3.625587e+00   1.913953e-01
    73  -1.970378e+00  -1.988703e+00   3.679968e-03   2.987476e+03   1.704960e-01   4.883515e-01  -1.713706e+00  -1.744208e+00   6.086254e-03   8.789425e+02   1.563008e-01  -5.123342e-01  -5.299127e-01   5.477629e-02   3.174685e+00   1.875177e-01
    74  -1.932922e+00  -1.951246e+00   3.983237e-03   2.506845e+03   1.703980e-01   4.867482e-01  -1.651727e+00  -1.681612e+00   6.927149e-03   6.533037e+02   1.542539e-01  -4.763461e-01  -4.939675e-01   6.234434e-02   2.770204e+00   1.835786e-01
    75  -1.895466e+00  -1.913790e+00   4.312986e-03   2.105926e+03   1.703250e-01   4.849830e-01  -1.591043e+00  -1.620326e+00   7.866679e-03   4.882052e+02   1.520231e-01  -4.402894e-01  -4.579437e-01   7.080011e-02   2.408702e+00   1.795818e-01
    76  -1.858009e+00  -1.876334e+00   4.672250e-03   1.770593e+03   1.702919e-01   4.829544e-01  -1.531558e+00  -1.560283e+00   8.912390e-03   3.661296e+02   1.497151e-01  -4.041876e-01  -4.218635e-01   8.021151e-02   2.086893e+00   1.755209e-01
    77  -1.820553e+00  -1.838877e+00   5.064044e-03   1.490861e+03   1.702105e-01   4.810668e-01  -1.473125e+00  -1.501360e+00   1.007152e-02   2.750077e+02   1.474656e-01  -3.680665e-01  -3.857516e-01   9.064369e-02   1.801581e+00   1.713898e-01
    78  -1.783096e+00  -1.801421e+00   5.491403e-03   1.256368e+03   1.701462e-01   4.790535e-01  -1.415583e+00  -1.443402e+00   1.135078e-02   2.065192e+02   1.454005e-01  -3.319546e-01  -3.496354e-01   1.021570e-01   1.549682e+00   1.671827e-01
    79  -1.745640e+00  -1.763964e+00   5.959055e-03   1.060099e+03   1.700108e-01   4.773657e-01  -1.358784e+00  -1.386255e+00   1.275612e-02   1.548780e+02   1.435927e-01  -2.958825e-01  -3.135441e-01   1.148050e-01   1.328209e+00   1.629046e-01
    80  -1.708184e+00  -1.726508e+00   6.469848e-03   8.952085e+02   1.698556e-01   4.758656e-01  -1.302638e+00  -1.329804e+00   1.429243e-02   1.159738e+02   1.420265e-01  -2.598826e-01  -2.775096e-01   1.286319e-01   1.134319e+00   1.585534e-01
    81  -1.670727e+00  -1.689052e+00   7.029704e-03   7.566066e+02   1.696754e-01   4.746403e-01  -1.247135e+00  -1.274000e+00   1.596333e-02   8.678132e+01   1.405913e-01  -2.239901e-01  -2.415657e-01   1.436700e-01   9.653197e-01   1.541262e-01
    82  -1.633271e+00  -1.651595e+00   7.642463e-03   6.396992e+02   1.694532e-01   4.739463e-01  -1.192345e+00  -1.218877e+00   1.777087e-02   6.498238e+01   1.391208e-01  -1.882420e-01  -2.057484e-01   1.599378e-01   8.186654e-01   1.496206e-01
    83  -1.595814e+00  -1.614139e+00   8.313765e-03   5.411102e+02   1.692639e-01   4.734707e-01  -1.138379e+00  -1.164524e+00   1.971527e-02   4.875574e+01   1.374624e-01  -1.526769e-01  -1.700955e-01   1.774374e-01   6.919512e-01   1.450448e-01
    84  -1.558358e+00  -1.576682e+00   9.049233e-03   4.575978e+02   1.690959e-01   4.734297e-01  -1.085348e+00  -1.111054e+00   2.179475e-02   3.667523e+01   1.355345e-01  -1.173343e-01  -1.346462e-01   1.961527e-01   5.829368e-01   1.404042e-01
    85  -1.520902e+00  -1.539226e+00   9.854636e-03   3.868570e+02   1.690203e-01   4.734669e-01  -1.033320e+00  -1.058555e+00   2.400535e-02   2.765215e+01   1.333372e-01  -8.225465e-02  -9.944037e-02   2.160481e-01   4.895564e-01   1.357023e-01
    86  -1.483445e+00  -1.501770e+00   1.073641e-02   3.270631e+02   1.690345e-01   4.735492e-01  -9.823101e-01  -1.007067e+00   2.634082e-02   2.087861e+01   1.309235e-01  -4.747894e-02  -6.451881e-02   2.370673e-01   4.099035e-01   1.309478e-01
    87  -1.445989e+00  -1.464313e+00   1.170007e-02   2.760695e+02   1.692405e-01   4.731949e-01  -9.322766e-01  -9.565732e-01   2.879262e-02   1.576628e+01   1.283752e-01  -1.304666e-02  -2.992165e-02   2.591336e-01   3.422248e-01   1.261587e-01
    88  -1.408532e+00  -1.426857e+00   1.275501e-02   2.329913e+02   1.695926e-01   4.723886e-01  -8.831357e-01  -9.070115e-01   3.134998e-02   1.188967e+01   1.257783e-01   2.100310e-02   4.311834e-03   2.821498e-01   2.849508e-01   1.213440e-01
    89  -1.371076e+00  -1.389400e+00   1.390612e-02   1.965750e+02   1.700972e-01   4.709085e-01  -8.347741e-01  -8.582821e-01   3.400006e-02   8.941062e+00   1.232140e-01   5.463309e-02   3.814354e-02   3.060005e-01   2.366619e-01   1.165200e-01
    90  -1.333620e+00  -1.351944e+00   1.516261e-02   1.656847e+02   1.707958e-01   4.683511e-01  -7.870619e-01  -8.102631e-01   3.672816e-02   6.695860e+00   1.207434e-01   8.780909e-02   7.153781e-02   3.305535e-01   1.960879e-01   1.117075e-01
    91  -1.296163e+00  -1.314488e+00   1.653784e-02   1.397210e+02   1.715703e-01   4.650654e-01  -7.398676e-01  -7.628240e-01   3.951809e-02   4.988388e+00   1.184054e-01   1.204989e-01   1.044615e-01   3.556628e-01   1.621146e-01   1.069197e-01
    92  -1.258707e+00  -1.277031e+00   1.803764e-02   1.178852e+02   1.724043e-01   4.609738e-01  -6.930677e-01  -7.158376e-01   4.235249e-02   3.694138e+00   1.162125e-01   1.526753e-01   1.368850e-01   3.811724e-01   1.337508e-01   1.021818e-01
    93  -1.221250e+00  -1.239575e+00   1.967740e-02   9.951274e+01   1.732225e-01   4.564864e-01  -6.465519e-01  -6.691874e-01   4.521329e-02   2.717909e+00   1.141555e-01   1.843136e-01   1.687825e-01   4.069196e-01   1.101420e-01   9.750856e-02
    94  -1.183794e+00  -1.202118e+00   2.147595e-02   8.411592e+01   1.739586e-01   4.517514e-01  -6.002279e-01  -6.227726e-01   4.808216e-02   1.986127e+00   1.122125e-01   2.153945e-01   2.001321e-01   4.327394e-01   9.054170e-02   9.292075e-02
    95  -1.146338e+00  -1.164662e+00   2.344559e-02   7.119930e+01   1.745883e-01   4.468880e-01  -5.540172e-01  -5.765082e-01   5.094094e-02   1.441279e+00   1.103528e-01   2.459024e-01   2.309163e-01   4.584685e-01   7.431008e-02   8.843460e-02
    96  -1.108881e+00  -1.127206e+00   2.560514e-02   6.032281e+01   1.750213e-01   4.426549e-01  -5.078490e-01  -5.303199e-01   5.377208e-02   1.038398e+00   1.085458e-01   2.758262e-01   2.611219e-01   4.839488e-01   6.089839e-02   8.406598e-02
    97  -1.071425e+00  -1.089749e+00   2.798114e-02   5.116575e+01   1.753065e-01   4.387260e-01  -4.616537e-01  -4.841374e-01   5.655903e-02   7.425534e-01   1.067692e-01   3.051594e-01   2.907404e-01   5.090312e-01   4.983947e-02   7.982909e-02
    98  -1.033968e+00  -1.052293e+00   3.059656e-02   4.344041e+01   1.754421e-01   4.351971e-01  -4.153555e-01  -4.378879e-01   5.928652e-02   5.268027e-01   1.050112e-01   3.338995e-01   3.197672e-01   5.335787e-01   4.073818e-02   7.573485e-02
    99  -9.965120e-01  -1.014836e+00   3.346421e-02   3.688854e+01   1.754189e-01   4.323411e-01  -3.688605e-01  -3.914861e-01   6.194091e-02   3.705123e-01   1.032710e-01   3.620481e-01   3.482018e-01   5.574682e-01   3.326054e-02   7.179356e-02
   100  -9.590556e-01  -9.773801e-01   3.662148e-02   3.131876e+01   1.752987e-01   4.300974e-01  -3.220512e-01  -3.448255e-01   6.451030e-02   2.580832e-01   1.015567e-01   3.896102e-01   3.760478e-01   5.805927e-01   2.712695e-02   6.801124e-02
   101  -9.215992e-01  -9.399237e-01   4.009726e-02   2.658708e+01   1.750985e-01   4.282064e-01  -2.747903e-01  -2.977782e-01   6.698469e-02   1.778624e-01   9.988105e-02   4.165946e-01   4.033120e-01   6.028622e-01   2.210268e-02   6.439390e-02
   102  -8.841428e-01  -9.024673e-01   4.392066e-02   2.256250e+01   1.748310e-01   4.266122e-01  -2.269138e-01  -2.501926e-01   6.935597e-02   1.211226e-01   9.825706e-02   4.430126e-01   4.300045e-01   6.242038e-01   1.799280e-02   6.094305e-02
   103  -8.466864e-01  -8.650109e-01   4.810527e-02   1.912516e+01   1.745429e-01   4.252264e-01  -1.782284e-01  -2.018892e-01   7.161799e-02   8.138595e-02   9.670124e-02   4.688785e-01   4.561381e-01   6.445619e-01   1.463456e-02   5.766088e-02
   104  -8.092300e-01  -8.275545e-01   5.269973e-02   1.619384e+01   1.742367e-01   4.237263e-01  -1.285252e-01  -1.526662e-01   7.376638e-02   5.389054e-02   9.523003e-02   4.942086e-01   4.817282e-01   6.638974e-01   1.189377e-02   5.454507e-02
   105  -7.717736e-01  -7.900981e-01   5.774037e-02   1.370163e+01   1.738840e-01   4.219530e-01  -7.758239e-02  -1.023073e-01   7.579851e-02   3.512168e-02   9.385690e-02   5.190215e-01   5.067922e-01   6.821866e-01   9.658826e-03   5.159484e-02
   106  -7.343172e-01  -7.526417e-01   6.326606e-02   1.158448e+01   1.734683e-01   4.197964e-01  -2.518331e-02  -5.059306e-02   7.771330e-02   2.250932e-02   9.259079e-02   5.433369e-01   5.313493e-01   6.994197e-01   7.838243e-03   4.880522e-02
   107  -6.968608e-01  -7.151853e-01   6.930663e-02   9.787765e+00   1.729614e-01   4.171213e-01   2.882573e-02   2.660240e-03   7.951106e-02   1.419292e-02   9.140577e-02   5.671764e-01   5.554202e-01   7.155996e-01   6.356269e-03   4.617283e-02
   108  -6.594044e-01  -6.777289e-01   7.589905e-02   8.260175e+00   1.723636e-01   4.137323e-01   8.447934e-02   5.754341e-02   8.119333e-02   8.821778e-03   9.023529e-02   5.905622e-01   5.790267e-01   7.307399e-01   5.150950e-03   4.369154e-02
   109  -6.219480e-01  -6.402725e-01   8.310909e-02   6.967847e+00   1.716010e-01   4.097237e-01   1.415807e-01   1.139678e-01   8.276263e-02   5.431780e-03   8.891902e-02   6.135177e-01   6.021916e-01   7.448636e-01   4.171312e-03   4.135577e-02
   110  -5.844916e-01  -6.028161e-01   9.099061e-02   5.875354e+00   1.706405e-01   4.051219e-01   1.995778e-01   1.715467e-01   8.422234e-02   3.342010e-03   8.717539e-02   6.360664e-01   6.249384e-01   7.580011e-01   3.375651e-03   3.915910e-02
   111  -5.470352e-01  -5.653597e-01   9.959751e-02   4.951845e+00   1.694519e-01   3.999263e-01   2.575552e-01   2.295333e-01   8.557652e-02   2.077798e-03   8.466329e-02   6.582325e-01   6.472908e-01   7.701887e-01   2.729870e-03   3.709452e-02
   112  -5.095788e-01  -5.279033e-01   1.089850e-01   4.170925e+00   1.680079e-01   3.941284e-01   3.143880e-01   2.869006e-01   8.682971e-02   1.319779e-03   8.113481e-02   6.800401e-01   6.692732e-01   7.814674e-01   2.206047e-03   3.515573e-02
   113  -4.721224e-01  -4.904469e-01   1.191952e-01   3.509968e+00   1.663136e-01   3.877729e-01   3.690486e-01   3.425777e-01   8.798682e-02   8.624904e-04   7.661437e-02   7.015136e-01   6.909095e-01   7.918814e-01   1.781445e-03   3.333543e-02
   114  -4.346660e-01  -4.529905e-01   1.303232e-01   2.951034e+00   1.643542e-01   3.808731e-01   4.208613e-01   3.957272e-01   8.905301e-02   5.807651e-04   7.140597e-02   7.226768e-01   7.122241e-01   8.014771e-01   1.437490e-03   3.162692e-02
   115  -3.972096e-01  -4.155341e-01   1.424374e-01   2.478454e+00   1.621200e-01   3.733455e-01   4.695574e-01   4.458915e-01   9.003354e-02   4.018638e-04   6.592099e-02   7.435538e-01   7.332407e-01   8.103019e-01   1.159046e-03   3.002353e-02
   116  -3.597532e-01  -3.780777e-01   1.556062e-01   2.078784e+00   1.596096e-01   3.650837e-01   5.151761e-01   4.929655e-01   9.093373e-02   2.844981e-04   6.050837e-02   7.641675e-01   7.539829e-01   8.184036e-01   9.337988e-04   2.851849e-02
   117  -3.222968e-01  -3.406213e-01   1.698966e-01   1.740766e+00   1.568256e-01   3.559721e-01   5.579253e-01   5.370765e-01   9.175884e-02   2.051809e-04   5.538926e-02   7.845411e-01   7.744738e-01   8.258295e-01   7.517088e-04   2.710560e-02
   118  -2.848404e-01  -3.031649e-01   1.853309e-01   1.454798e+00   1.537842e-01   3.458730e-01   5.980823e-01   5.784678e-01   9.251402e-02   1.502011e-04   5.066896e-02   8.046965e-01   7.947357e-01   8.326262e-01   6.046177e-04   2.577871e-02
   119  -2.473840e-01  -2.657085e-01   2.020129e-01   1.213088e+00   1.504878e-01   3.346053e-01   6.359371e-01   6.174220e-01   9.320429e-02   1.112790e-04   4.638021e-02   8.246551e-01   8.147904e-01   8.388386e-01   4.858920e-04   2.453185e-02
   120  -2.099276e-01  -2.282521e-01   2.199990e-01   1.009076e+00   1.469360e-01   3.220140e-01   6.717660e-01   6.542209e-01   9.383445e-02   8.324169e-05   4.251610e-02   8.444378e-01   8.346591e-01   8.445100e-01   3.901371e-04   2.335956e-02
   121  -1.724712e-01  -1.907957e-01   2.393376e-01   8.370824e-01   1.431376e-01   3.079469e-01   7.058126e-01   6.891229e-01   9.440910e-02   6.276965e-05   3.904656e-02   8.640642e-01   8.543619e-01   8.496819e-01   3.129734e-04   2.225655e-02
   122  -1.350148e-01  -1.533393e-01   2.600379e-01   6.922860e-01   1.391075e-01   2.922665e-01   7.382937e-01   7.223567e-01   9.493262e-02   4.764425e-05   3.593556e-02   8.835533e-01   8.739181e-01   8.543935e-01   2.508457e-04   2.121780e-02
   123  -9.755838e-02  -1.158829e-01   2.821269e-01   5.705635e-01   1.348625e-01   2.746064e-01   7.693977e-01   7.541241e-01   9.540910e-02   3.636150e-05   3.314582e-02   9.029231e-01   8.933462e-01   8.586819e-01   2.008684e-04   2.023864e-02
   124  -6.010198e-02  -7.842649e-02   3.056431e-01   4.685412e-01   1.304069e-01   2.549987e-01   7.992880e-01   7.845999e-01   9.584241e-02   2.787790e-05   3.064042e-02   9.221904e-01   9.126636e-01   8.625817e-01   1.607017e-04   1.931478e-02
   125  -2.264558e-02  -4.097009e-02   3.305802e-01   3.832351e-01   1.257615e-01   2.334113e-01   8.281071e-01   8.139366e-01   9.623618e-02   2.145510e-05   2.838709e-02   9.413713e-01   9.318867e-01   8.661256e-01   1.284499e-04   1.844210e-02
   126   1.481082e-02  -3.513695e-03   3.568577e-01   3.121066e-01   1.209465e-01   2.097118e-01   8.559791e-01   8.422667e-01   9.659376e-02   1.656480e-05   2.635576e-02   9.604808e-01   9.510311e-01   8.693438e-01   1.025780e-04   1.761685e-02
   127   5.226722e-02   3.394271e-02   3.844740e-01   2.530051e-01   1.159802e-01   1.840426e-01   8.830123e-01   8.697060e-01   9.691827e-02   1.282336e-05   2.452046e-02   9.795329e-01   9.701113e-01   8.722644e-01   8.184347e-05   1.683555e-02
   128   8.972362e-02   7.139910e-02   4.133101e-01   2.040725e-01   1.108898e-01   1.567105e-01   9.093028e-01   8.963565e-01   9.721261e-02   9.948743e-06   2.285839e-02   9.985405e-01   9.891407e-01   8.749135e-01   6.524204e-05   1.609502e-02
   129   1.271800e-01   1.088555e-01   4.431793e-01   1.636197e-01   1.056674e-01   1.275906e-01   9.349340e-01   9.223075e-01   9.747945e-02   7.732875e-06   2.134901e-02   1.017516e+00   1.008132e+00   8.773151e-01   5.196255e-05   1.539232e-02
   130   1.646364e-01   1.463119e-01   4.740489e-01   1.304250e-01   1.003707e-01   9.833179e-02   9.599806e-01   9.476378e-01   9.772124e-02   6.019604e-06   1.997506e-02   1.036470e+00   1.027096e+00   8.794912e-01   4.135035e-05   1.472474e-02
   131   2.020928e-01   1.837683e-01   5.057752e-01   1.033166e-01   9.503481e-02   6.863153e-02   9.845087e-01   9.724178e-01   9.794025e-02   4.691644e-06   1.872109e-02   1.055413e+00   1.046045e+00   8.814623e-01   3.287761e-05   1.408983e-02
   132   2.395492e-01   2.212247e-01   5.381410e-01   8.130297e-02   8.969164e-02   3.965254e-02   1.008577e+00   9.967094e-01   9.813854e-02   3.660349e-06   1.757347e-02   1.074354e+00   1.064987e+00   8.832469e-01   2.611926e-05   1.348537e-02
   133   2.770056e-01   2.586811e-01   5.709364e-01   6.353569e-02   8.437035e-02   1.344814e-02   1.032237e+00   1.020568e+00   9.831802e-02   2.858037e-06   1.652060e-02   1.093303e+00   1.083932e+00   8.848622e-01   2.073331e-05   1.290933e-02
   134   3.144620e-01   2.961375e-01   6.036818e-01   4.923532e-02   7.908428e-02  -1.190431e-02   1.055536e+00   1.044043e+00   9.848042e-02   2.232982e-06   1.555220e-02   1.112266e+00   1.102888e+00   8.863237e-01   1.644491e-05   1.235984e-02
   135   3.519184e-01   3.335939e-01   6.363730e-01   3.783642e-02   7.387832e-02  -3.374754e-02   1.078517e+00   1.067179e+00   9.862732e-02   1.745472e-06   1.465917e-02   1.131250e+00   1.121862e+00   8.876458e-01   1.303340e-05   1.183522e-02
   136   3.893748e-01   3.710503e-01   6.687948e-01   2.883556e-02   6.879857e-02  -5.170830e-02   1.101215e+00   1.090014e+00   9.876016e-02   1.364907e-06   1.383363e-02   1.150263e+00   1.140861e+00   8.888415e-01   1.032179e-05   1.133396e-02
   137   4.268312e-01   4.085067e-01   7.002164e-01   2.176399e-02   6.385941e-02  -6.760519e-02   1.123664e+00   1.112585e+00   9.888027e-02   1.067602e-06   1.306869e-02   1.169309e+00   1.159891e+00   8.899225e-01   8.168295e-06   1.085465e-02
   138   4.642876e-01   4.459631e-01   7.308276e-01   1.626195e-02   5.909000e-02  -8.093025e-02   1.145895e+00   1.134922e+00   9.898885e-02   8.352055e-07   1.235828e-02   1.188394e+00   1.178957e+00   8.908996e-01   6.459445e-06   1.039605e-02
   139   5.017440e-01   4.834195e-01   7.600669e-01   1.203302e-02   5.452408e-02  -9.008211e-02   1.167934e+00   1.157054e+00   9.908698e-02   6.534676e-07   1.169705e-02   1.207523e+00   1.198064e+00   8.917828e-01   5.104510e-06   9.956992e-03
   140   5.392004e-01   5.208759e-01   7.878541e-01   8.799833e-03   5.016640e-02  -9.760351e-02   1.189805e+00   1.179007e+00   9.917565e-02   5.112992e-07   1.108029e-02   1.226698e+00   1.217216e+00   8.925808e-01   4.031031e-06   9.536440e-03
   141   5.766568e-01   5.583323e-01   8.138095e-01   6.368333e-03   4.605289e-02  -1.032008e-01   1.211530e+00   1.200803e+00   9.925576e-02   4.000610e-07   1.050386e-02   1.245924e+00   1.236417e+00   8.933019e-01   3.181188e-06   9.133432e-03
   142   6.141132e-01   5.957887e-01   8.380134e-01   4.553211e-03   4.218279e-02  -1.071851e-01   1.233128e+00   1.222463e+00   9.932813e-02   3.130107e-07   9.964130e-03   1.265204e+00   1.255671e+00   8.939532e-01   2.508889e-06   8.747089e-03
   143   6.515696e-01   6.332451e-01   8.599835e-01   3.217743e-03   3.857103e-02  -1.096188e-01   1.254615e+00   1.244004e+00   9.939350e-02   2.448830e-07   9.457882e-03   1.284540e+00   1.274980e+00   8.945415e-01   1.977427e-06   8.376606e-03
   144   6.890260e-01   6.707015e-01   8.799339e-01   2.247986e-03   3.522080e-02  -1.106604e-01   1.276009e+00   1.265444e+00   9.945254e-02   1.915632e-07   8.982262e-03   1.303934e+00   1.294345e+00   8.950729e-01   1.557593e-06   8.021243e-03
   145   7.264824e-01   7.081579e-01   8.978204e-01   1.551140e-03   3.212865e-02  -1.104776e-01   1.297322e+00   1.286796e+00   9.950586e-02   1.498336e-07   8.534742e-03   1.323389e+00   1.313771e+00   8.955527e-01   1.226169e-06   7.680315e-03
   146   7.639388e-01   7.456143e-01   9.136385e-01   1.057957e-03   2.929210e-02  -1.091125e-01   1.318566e+00   1.308074e+00   9.955400e-02   1.171771e-07   8.113073e-03   1.342905e+00   1.333256e+00   8.959860e-01   9.647108e-07   7.353191e-03
   147   8.013952e-01   7.830707e-01   9.273803e-01   7.136218e-04   2.670181e-02  -1.066292e-01   1.339754e+00   1.329289e+00   9.959747e-02   9.162319e-08   7.715255e-03   1.362484e+00   1.352805e+00   8.963772e-01   7.585826e-07   7.039284e-03
   148   8.388516e-01   8.205271e-01   9.392785e-01   4.762572e-04   2.434498e-02  -1.030283e-01   1.360894e+00   1.350453e+00   9.963672e-02   7.162971e-08   7.339504e-03   1.382125e+00   1.372416e+00   8.967304e-01   5.961781e-07   6.738050e-03
   149   8.763080e-01   8.579835e-01   9.494766e-01   3.147128e-04   2.220715e-02  -9.850626e-02   1.381996e+00   1.371573e+00   9.967214e-02   5.598901e-08   6.984223e-03   1.401831e+00   1.392090e+00   8.970493e-01   4.683013e-07   6.448981e-03
   150   9.137644e-01   8.954399e-01   9.581331e-01   2.061055e-04   2.027164e-02  -9.320002e-02   1.403067e+00   1.392659e+00   9.970413e-02   4.375548e-08   6.647979e-03   1.421600e+00   1.411828e+00   8.973371e-01   3.676716e-07   6.171603e-03
   151   9.512208e-01   9.328963e-01   9.654195e-01   1.338996e-04   1.852069e-02  -8.726552e-02   1.424114e+00   1.413718e+00   9.973300e-02   3.418866e-08   6.329490e-03   1.441433e+00   1.431630e+00   8.975970e-01   2.885294e-07   5.905473e-03
   152   9.886772e-01   9.703527e-01   9.715124e-01   8.639855e-05   1.693664e-02  -8.088605e-02   1.445143e+00   1.434756e+00   9.975905e-02   2.670868e-08   6.027596e-03   1.461329e+00   1.451495e+00   8.978315e-01   2.263215e-07   5.650175e-03
   153   1.026134e+00   1.007809e+00   9.765755e-01   5.542627e-05   1.550238e-02  -7.431360e-02   1.466158e+00   1.455777e+00   9.978257e-02   2.086154e-08   5.741253e-03   1.481287e+00   1.471423e+00   8.980432e-01   1.774511e-07   5.405319e-03
   154   1.063590e+00   1.045265e+00   9.807641e-01   3.539322e-05   1.420185e-02  -6.767028e-02   1.487165e+00   1.476788e+00   9.980380e-02   1.629175e-08   5.469515e-03   1.501305e+00   1.491411e+00   8.982342e-01   1.390789e-07   5.170542e-03
   155   1.101046e+00   1.082722e+00   9.842179e-01   2.251783e-05   1.302056e-02  -6.122350e-02   1.508166e+00   1.497792e+00   9.982296e-02   1.272103e-08   5.211526e-03   1.521383e+00   1.511460e+00   8.984066e-01   1.089650e-07   4.945499e-03
   156   1.138503e+00   1.120178e+00   9.870545e-01   1.428718e-05   1.194560e-02  -5.503152e-02   1.529164e+00   1.518792e+00   9.984025e-02   9.931566e-09   4.966509e-03   1.541518e+00   1.531567e+00   8.985622e-01   8.534374e-08   4.729870e-03
   157   1.175959e+00   1.157635e+00   9.893823e-01   9.047291e-06   1.096564e-02  -4.918779e-02   1.550162e+00   1.539790e+00   9.985585e-02   7.752899e-09   4.733761e-03   1.561707e+00   1.551730e+00   8.987027e-01   6.682404e-08   4.523354e-03
   158   1.213416e+00   1.195091e+00   9.912901e-01   5.721564e-06   1.007088e-02  -4.382636e-02   1.571160e+00   1.560788e+00   9.986993e-02   6.051652e-09   4.512641e-03   1.581949e+00   1.571946e+00   8.988294e-01   5.231066e-08   4.325672e-03
   159   1.250872e+00   1.232547e+00   9.928511e-01   3.615707e-06   9.252666e-03  -3.890735e-02   1.592159e+00   1.581787e+00   9.988264e-02   4.723486e-09   4.302569e-03   1.602238e+00   1.592212e+00   8.989438e-01   4.094181e-08   4.136565e-03
   160   1.288328e+00   1.270004e+00   9.941287e-01   2.284294e-06   8.503509e-03  -3.443853e-02   1.613159e+00   1.602786e+00   9.989411e-02   3.686796e-09   4.103020e-03   1.622571e+00   1.612523e+00   8.990470e-01   3.203983e-08   3.955793e-03
   161   1.325785e+00   1.307460e+00   9.951747e-01   1.443277e-06   7.816877e-03  -3.041809e-02   1.634158e+00   1.623785e+00   9.990446e-02   2.877774e-09   3.913519e-03   1.642943e+00   1.632876e+00   8.991401e-01   2.507210e-08   3.783139e-03
   162   1.363241e+00   1.344917e+00   9.960315e-01   9.122417e-07   7.187055e-03  -2.684957e-02   1.655153e+00   1.644782e+00   9.991379e-02   2.246536e-09   3.733639e-03   1.663347e+00   1.653265e+00   8.992241e-01   1.962028e-08   3.618405e-03
   163   1.400698e+00   1.382373e+00   9.967315e-01   5.769531e-07   6.608961e-03  -2.366362e-02   1.676142e+00   1.665774e+00   9.992222e-02   1.754096e-09   3.562997e-03   1.683778e+00   1.673683e+00   8.993000e-01   1.535596e-08   3.461419e-03
   164   1.438154e+00   1.419829e+00   9.973044e-01   3.651903e-07   6.078131e-03  -2.082876e-02   1.697118e+00   1.686756e+00   9.992982e-02   1.369991e-09   3.401257e-03   1.704225e+00   1.694122e+00   8.993684e-01   1.202145e-08   3.312030e-03
   165   1.475610e+00   1.457286e+00   9.977751e-01   2.313696e-07   5.590602e-03  -1.831070e-02   1.718076e+00   1.707724e+00   9.993668e-02   1.070424e-09   3.248120e-03   1.724680e+00   1.714573e+00   8.994301e-01   9.414669e-09   3.170113e-03
   166   1.513067e+00   1.494742e+00   9.981622e-01   1.467397e-07   5.142859e-03  -1.608876e-02   1.739008e+00   1.728668e+00   9.994287e-02   8.368114e-10   3.103334e-03   1.745131e+00   1.735026e+00   8.994858e-01   7.377221e-09   3.035570e-03
   167   1.550523e+00   1.532199e+00   9.984810e-01   9.317144e-08   4.731757e-03  -1.411828e-02   1.759903e+00   1.749581e+00   9.994845e-02   6.546414e-10   2.966684e-03   1.765563e+00   1.755467e+00   8.995361e-01   5.785010e-09   2.908333e-03
   168   1.587980e+00   1.569655e+00   9.987435e-01   5.923294e-08   4.354541e-03  -1.235015e-02   1.780748e+00   1.770451e+00   9.995349e-02   5.125877e-10   2.838000e-03   1.785961e+00   1.775882e+00   8.995814e-01   4.540859e-09   2.788364e-03
   169   1.625436e+00   1.607111e+00   9.989602e-01   3.770604e-08   4.008754e-03  -1.074525e-02   1.801529e+00   1.791263e+00   9.995804e-02   4.018111e-10   2.717152e-03   1.806306e+00   1.796253e+00   8.996223e-01   3.568704e-09   2.675656e-03
   170   1.662892e+00   1.644568e+00   9.991392e-01   2.403571e-08   3.692243e-03  -9.261872e-03   1.822227e+00   1.812001e+00   9.996214e-02   3.154155e-10   2.604052e-03   1.826574e+00   1.816558e+00   8.996593e-01   2.809034e-09   2.570238e-03
   171   1.700349e+00   1.682024e+00   9.992863e-01   1.534436e-08   3.403185e-03  -7.898376e-03   1.842820e+00   1.832646e+00   9.996584e-02   2.480216e-10   2.498655e-03   1.846741e+00   1.836775e+00   8.996926e-01   2.215310e-09   2.472176e-03
   172   1.737805e+00   1.719481e+00   9.994084e-01   9.811811e-09   3.140026e-03  -6.577715e-03   1.863283e+00   1.853172e+00   9.996918e-02   1.954347e-10   2.400960e-03   1.866776e+00   1.856874e+00   8.997226e-01   1.751147e-09   2.381569e-03
   173   1.775262e+00   1.756937e+00   9.995098e-01   6.285586e-09   2.901546e-03  -5.242119e-03   1.883585e+00   1.873553e+00   9.997219e-02   1.543846e-10   2.311005e-03   1.886644e+00   1.876823e+00   8.997498e-01   1.388115e-09   2.298554e-03
   174   1.812718e+00   1.794393e+00   9.995943e-01   4.035438e-09   2.687097e-03  -3.755259e-03   1.903693e+00   1.893755e+00   9.997491e-02   1.223221e-10   2.228871e-03   1.906307e+00   1.896586e+00   8.997742e-01   1.104006e-09   2.223303e-03
   175   1.850174e+00   1.831850e+00   9.996648e-01   2.597562e-09   2.496382e-03  -1.998118e-03   1.923568e+00   1.913744e+00   9.997737e-02   9.726066e-11   2.154678e-03   1.925721e+00   1.916122e+00   8.997963e-01   8.814766e-10   2.156018e-03
   176   1.887631e+00   1.869306e+00   9.997237e-01   1.677265e-09   2.329486e-03   7.510323e-06   1.943165e+00   1.933477e+00   9.997958e-02   7.765117e-11   2.088617e-03   1.944840e+00   1.935386e+00   8.998162e-01   7.069896e-10   2.096931e-03
   177   1.925087e+00   1.906763e+00   9.997731e-01   1.087226e-09   2.187251e-03   2.539795e-03   1.962443e+00   1.952911e+00   9.998158e-02   6.227837e-11   2.031207e-03   1.963613e+00   1.954328e+00   8.998342e-01   5.699588e-10   2.046374e-03
   178   1.962544e+00   1.944219e+00   9.998148e-01   7.081459e-10   2.071598e-03   5.769171e-03   1.981371e+00   1.972010e+00   9.998338e-02   5.015196e-11   1.984912e-03   1.981995e+00   1.972901e+00   8.998504e-01   4.619272e-10   2.005595e-03
   179   2.000000e+00   1.981675e+00   9.998500e-01   4.627294e-10   1.991941e-03   8.179240e-03   2.000000e+00   1.990785e+00   9.998500e-02   4.038359e-11   1.959207e-03   2.000000e+00   1.991091e+00   8.998650e-01   3.752570e-10   1.981881e-03
