     i          log_r       log_rmid          m_tot        rho_tot         v2_tot            eta     lgr[heavy]    lgrm[heavy]       m[heavy]     rho[heavy]      v2[heavy]     lgr[light]    lgrm[light]       m[light]     rho[light]      v2[light]
     0  -4.703329e+00  -5.004359e+00   1.029167e-07   3.884996e+07   2.526495e-01            nan  -4.703329e+00  -5.004359e+00   9.998500e-08   3.864042e+07   2.507584e-01  -3.114284e+00  -3.415314e+00   8.998650e-07   5.944980e+03   4.755253e-01
     1  -4.665880e+00  -4.684201e+00   1.325284e-07   3.830983e+07   2.516050e-01            nan  -4.680759e+00  -4.691897e+00   1.166721e-07   3.822305e+07   2.507440e-01  -3.071455e+00  -3.092342e+00   1.050049e-06   2.882040e+03   4.533642e-01
     2  -4.628431e+00  -4.646752e+00   1.707374e-07   3.822174e+07   2.515269e-01            nan  -4.658197e+00  -4.669331e+00   1.361439e-07   3.817778e+07   2.507425e-01  -3.029226e+00  -3.049828e+00   1.225295e-06   2.542760e+03   4.490842e-01
     3  -4.590982e+00  -4.609303e+00   2.200328e-07   3.811872e+07   2.514551e-01            nan  -4.635639e+00  -4.646772e+00   1.588651e-07   3.812779e+07   2.507407e-01  -2.987531e+00  -3.007879e+00   1.429786e-06   2.249118e+03   4.446382e-01
     4  -4.553534e+00  -4.571854e+00   2.836100e-07   3.799991e+07   2.513889e-01            nan  -4.613083e+00  -4.624215e+00   1.853780e-07   3.807260e+07   2.507388e-01  -2.946326e+00  -2.966440e+00   1.668402e-06   1.994594e+03   4.400188e-01
     5  -4.516085e+00  -4.534406e+00   3.655785e-07   3.786254e+07   2.513278e-01            nan  -4.590524e+00  -4.601657e+00   2.163150e-07   3.801164e+07   2.507367e-01  -2.905582e+00  -2.925476e+00   1.946835e-06   1.773629e+03   4.353462e-01
     6  -4.478636e+00  -4.496957e+00   4.712094e-07   3.770042e+07   2.512709e-01            nan  -4.567960e+00  -4.579095e+00   2.524142e-07   3.794432e+07   2.507344e-01  -2.865277e+00  -2.884962e+00   2.271728e-06   1.581468e+03   4.305763e-01
     7  -4.441187e+00  -4.459508e+00   6.072249e-07   3.751229e+07   2.512179e-01            nan  -4.545387e+00  -4.556527e+00   2.945370e-07   3.786995e+07   2.507318e-01  -2.825396e+00  -2.844879e+00   2.650833e-06   1.413873e+03   4.258422e-01
     8  -4.403738e+00  -4.422059e+00   7.822584e-07   3.729346e+07   2.511680e-01            nan  -4.522802e+00  -4.533948e+00   3.436881e-07   3.778781e+07   2.507289e-01  -2.785926e+00  -2.805213e+00   3.093193e-06   1.267446e+03   4.211022e-01
     9  -4.366290e+00  -4.384611e+00   1.007285e-06   3.703500e+07   2.511207e-01            nan  -4.500203e+00  -4.511356e+00   4.010398e-07   3.769709e+07   2.507257e-01  -2.746852e+00  -2.765950e+00   3.609358e-06   1.139048e+03   4.164526e-01
    10  -4.328841e+00  -4.347162e+00   1.296186e-06   3.673524e+07   2.510755e-01            nan  -4.477586e+00  -4.488748e+00   4.679601e-07   3.759689e+07   2.507222e-01  -2.708164e+00  -2.727077e+00   4.211641e-06   1.026209e+03   4.118852e-01
    11  -4.291392e+00  -4.309713e+00   1.666702e-06   3.638583e+07   2.510317e-01            nan  -4.454948e+00  -4.466120e+00   5.460446e-07   3.748623e+07   2.507183e-01  -2.669847e+00  -2.688583e+00   4.914402e-06   9.267224e+02   4.074316e-01
    12  -4.253943e+00  -4.272264e+00   2.141008e-06   3.597603e+07   2.509887e-01            nan  -4.432286e+00  -4.443469e+00   6.371554e-07   3.736404e+07   2.507140e-01  -2.631886e+00  -2.650452e+00   5.734398e-06   8.387176e+02   4.031295e-01
    13  -4.216495e+00  -4.234816e+00   2.746955e-06   3.550379e+07   2.509460e-01            nan  -4.409595e+00  -4.420792e+00   7.434644e-07   3.722913e+07   2.507092e-01  -2.594269e+00  -2.612671e+00   6.691180e-06   7.607279e+02   3.989421e-01
    14  -4.179046e+00  -4.197367e+00   3.519707e-06   3.495335e+07   2.509028e-01            nan  -4.386872e+00  -4.398085e+00   8.675058e-07   3.708023e+07   2.507039e-01  -2.556978e+00  -2.575224e+00   7.807552e-06   6.912817e+02   3.949479e-01
    15  -4.141597e+00  -4.159918e+00   4.501635e-06   3.431810e+07   2.508584e-01            nan  -4.364113e+00  -4.375344e+00   1.012236e-06   3.691591e+07   2.506980e-01  -2.520001e+00  -2.538096e+00   9.110122e-06   6.294317e+02   3.910625e-01
    16  -4.104148e+00  -4.122469e+00   5.746525e-06   3.359339e+07   2.508123e-01            nan  -4.341312e+00  -4.352563e+00   1.181103e-06   3.673463e+07   2.506915e-01  -2.483319e+00  -2.501273e+00   1.062993e-05   5.740291e+02   3.873768e-01
    17  -4.066700e+00  -4.085020e+00   7.318571e-06   3.275461e+07   2.507633e-01            nan  -4.318466e+00  -4.329739e+00   1.378130e-06   3.653471e+07   2.506843e-01  -2.446918e+00  -2.464737e+00   1.240317e-05   5.243895e+02   3.838203e-01
    18  -4.029251e+00  -4.047572e+00   9.294888e-06   3.181214e+07   2.507111e-01            nan  -4.295567e+00  -4.306866e+00   1.608010e-06   3.631432e+07   2.506763e-01  -2.410783e+00  -2.428475e+00   1.447209e-05   4.797574e+02   3.804099e-01
    19  -3.991802e+00  -4.010123e+00   1.176982e-05   3.073822e+07   2.506541e-01            nan  -4.272611e+00  -4.283938e+00   1.876216e-06   3.607148e+07   2.506675e-01  -2.374900e+00  -2.392471e+00   1.688595e-05   4.395561e+02   3.771226e-01
    20  -3.954353e+00  -3.972674e+00   1.484713e-05   2.954516e+07   2.505919e-01            nan  -4.249590e+00  -4.260948e+00   2.189133e-06   3.580403e+07   2.506577e-01  -2.339256e+00  -2.356712e+00   1.970220e-05   4.032905e+02   3.739259e-01
    21  -3.916905e+00  -3.935225e+00   1.865792e-05   2.821464e+07   2.505230e-01            nan  -4.226497e+00  -4.237890e+00   2.554206e-06   3.550966e+07   2.506468e-01  -2.303840e+00  -2.321187e+00   2.298786e-05   3.704769e+02   3.708253e-01
    22  -3.879456e+00  -3.897777e+00   2.333239e-05   2.676419e+07   2.504468e-01            nan  -4.203323e+00  -4.214755e+00   2.980121e-06   3.518587e+07   2.506347e-01  -2.268642e+00  -2.285884e+00   2.682109e-05   3.407870e+02   3.677584e-01
    23  -3.842007e+00  -3.860328e+00   2.903458e-05   2.517938e+07   2.503612e-01            nan  -4.180058e+00  -4.191535e+00   3.477003e-06   3.482998e+07   2.506214e-01  -2.233649e+00  -2.250793e+00   3.129303e-05   3.138187e+02   3.647466e-01
    24  -3.804558e+00  -3.822879e+00   3.592510e-05   2.350337e+07   2.502661e-01            nan  -4.156694e+00  -4.168219e+00   4.056664e-06   3.443914e+07   2.506065e-01  -2.198855e+00  -2.215904e+00   3.650997e-05   2.893417e+02   3.617172e-01
    25  -3.767109e+00  -3.785430e+00   4.416139e-05   2.171196e+07   2.501578e-01            nan  -4.133216e+00  -4.144796e+00   4.732872e-06   3.401030e+07   2.505901e-01  -2.164248e+00  -2.181207e+00   4.259585e-05   2.670331e+02   3.586973e-01
    26  -3.729661e+00  -3.747982e+00   5.394094e-05   1.986522e+07   2.500365e-01            nan  -4.109614e+00  -4.121255e+00   5.521683e-06   3.354029e+07   2.505718e-01  -2.129821e+00  -2.146694e+00   4.969515e-05   2.467079e+02   3.556284e-01
    27  -3.692212e+00  -3.710533e+00   6.541207e-05   1.799204e+07   2.499004e-01            nan  -4.085872e+00  -4.097581e+00   6.441814e-06   3.302574e+07   2.505516e-01  -2.095563e+00  -2.112354e+00   5.797633e-05   2.281272e+02   3.525249e-01
    28  -3.654763e+00  -3.673084e+00   7.866707e-05   1.609896e+07   2.497447e-01            nan  -4.061973e+00  -4.073758e+00   7.515084e-06   3.246318e+07   2.505291e-01  -2.061465e+00  -2.078180e+00   6.763576e-05   2.111293e+02   3.493545e-01
    29  -3.617314e+00  -3.635635e+00   9.386965e-05   1.423875e+07   2.495678e-01            nan  -4.037899e+00  -4.049769e+00   8.766923e-06   3.184904e+07   2.505041e-01  -2.027516e+00  -2.044159e+00   7.890231e-05   1.955318e+02   3.461307e-01
    30  -3.579866e+00  -3.598187e+00   1.110989e-04   1.244984e+07   2.493668e-01            nan  -4.013630e+00  -4.025595e+00   1.022697e-05   3.117970e+07   2.504764e-01  -1.993703e+00  -2.010280e+00   9.204273e-05   1.811974e+02   3.428428e-01
    31  -3.542417e+00  -3.560738e+00   1.303916e-04   1.076082e+07   2.491377e-01            nan  -3.989140e+00  -4.001212e+00   1.192976e-05   3.045156e+07   2.504456e-01  -1.960012e+00  -1.976531e+00   1.073678e-04   1.679837e+02   3.395114e-01
    32  -3.504968e+00  -3.523289e+00   1.517432e-04   9.195932e+06   2.488752e-01            nan  -3.964405e+00  -3.976597e+00   1.391553e-05   2.966108e+07   2.504113e-01  -1.926428e+00  -1.942895e+00   1.252398e-04   1.557783e+02   3.361423e-01
    33  -3.467519e+00  -3.485840e+00   1.751171e-04   7.773534e+06   2.485737e-01            nan  -3.939394e+00  -3.951719e+00   1.623115e-05   2.880496e+07   2.503731e-01  -1.892932e+00  -1.909357e+00   1.460803e-04   1.444695e+02   3.327652e-01
    34  -3.430071e+00  -3.448391e+00   2.004639e-04   6.504996e+06   2.482266e-01            nan  -3.914071e+00  -3.926548e+00   1.893121e-05   2.788015e+07   2.503305e-01  -1.859506e+00  -1.875898e+00   1.703808e-04   1.339702e+02   3.293935e-01
    35  -3.392622e+00  -3.410943e+00   2.277472e-04   5.394280e+06   2.478279e-01            nan  -3.888399e+00  -3.901045e+00   2.207926e-05   2.688412e+07   2.502830e-01  -1.826128e+00  -1.842496e+00   1.987134e-04   1.241941e+02   3.260634e-01
    36  -3.355173e+00  -3.373494e+00   2.569741e-04   4.438249e+06   2.473730e-01            nan  -3.862331e+00  -3.875169e+00   2.574932e-05   2.581493e+07   2.502298e-01  -1.792778e+00  -1.809133e+00   2.317439e-04   1.150795e+02   3.227825e-01
    37  -3.317724e+00  -3.336045e+00   2.874444e-04   3.623797e+06   2.468470e-01            nan  -3.835818e+00  -3.848872e+00   3.002750e-05   2.467153e+07   2.501703e-01  -1.759432e+00  -1.775785e+00   2.702475e-04   1.065617e+02   3.195869e-01
    38  -3.280276e+00  -3.298596e+00   3.195103e-04   2.938448e+06   2.462244e-01            nan  -3.808800e+00  -3.822099e+00   3.501400e-05   2.345392e+07   2.501034e-01  -1.726072e+00  -1.742432e+00   3.151260e-04   9.860259e+01   3.164642e-01
    39  -3.242827e+00  -3.261148e+00   3.534875e-04   2.373477e+06   2.455238e-01            nan  -3.781208e+00  -3.794785e+00   4.082538e-05   2.216352e+07   2.500280e-01  -1.692676e+00  -1.709053e+00   3.674284e-04   9.115429e+01   3.134442e-01
    40  -3.205378e+00  -3.223699e+00   3.885221e-04   1.910672e+06   2.447493e-01            nan  -3.752964e+00  -3.766856e+00   4.759714e-05   2.080339e+07   2.499428e-01  -1.659231e+00  -1.675632e+00   4.283742e-04   8.419636e+01   3.104859e-01
    41  -3.167929e+00  -3.186250e+00   4.248664e-04   1.532336e+06   2.438062e-01            nan  -3.723977e+00  -3.738229e+00   5.548679e-05   1.937860e+07   2.498461e-01  -1.625723e+00  -1.642154e+00   4.993811e-04   7.769510e+01   3.076024e-01
    42  -3.130481e+00  -3.148801e+00   4.632872e-04   1.228066e+06   2.427998e-01            nan  -3.694140e+00  -3.708802e+00   6.467734e-05   1.789657e+07   2.497357e-01  -1.592144e+00  -1.608609e+00   5.820960e-04   7.163625e+01   3.047387e-01
    43  -3.093032e+00  -3.111353e+00   5.019851e-04   9.830501e+05   2.416266e-01   4.579261e-01  -3.663327e+00  -3.678460e+00   7.538125e-05   1.636735e+07   2.496090e-01  -1.558491e+00  -1.574992e+00   6.784313e-04   6.599693e+01   3.018786e-01
    44  -3.055583e+00  -3.073904e+00   5.434943e-04   7.872651e+05   2.403336e-01   4.570574e-01  -3.631392e+00  -3.647066e+00   8.784517e-05   1.480392e+07   2.494623e-01  -1.524765e+00  -1.541301e+00   7.906065e-04   6.076025e+01   2.989774e-01
    45  -3.018134e+00  -3.036455e+00   5.850357e-04   6.308286e+05   2.388802e-01   4.555190e-01  -3.598163e+00  -3.614460e+00   1.023551e-04   1.322233e+07   2.492912e-01  -1.490970e+00  -1.507539e+00   9.211963e-04   5.590621e+01   2.960031e-01
    46  -2.980685e+00  -2.999006e+00   6.297601e-04   5.063232e+05   2.372908e-01   4.541077e-01  -3.563434e+00  -3.580452e+00   1.192428e-04   1.164175e+07   2.490895e-01  -1.457113e+00  -1.473712e+00   1.073185e-03   5.141357e+01   2.929355e-01
    47  -2.943237e+00  -2.961558e+00   6.748586e-04   4.071666e+05   2.355477e-01   4.528925e-01  -3.526964e+00  -3.544816e+00   1.388921e-04   1.008429e+07   2.488489e-01  -1.423202e+00  -1.439827e+00   1.250029e-03   4.726201e+01   2.897375e-01
    48  -2.905788e+00  -2.924109e+00   7.231487e-04   3.281002e+05   2.337051e-01   4.518436e-01  -3.488466e+00  -3.507289e+00   1.617478e-04   8.574424e+06   2.485582e-01  -1.389245e+00  -1.405891e+00   1.455730e-03   4.342708e+01   2.864204e-01
    49  -2.868339e+00  -2.886660e+00   7.728732e-04   2.653176e+05   2.316762e-01   4.511577e-01  -3.447601e+00  -3.467553e+00   1.883238e-04   7.138189e+06   2.482017e-01  -1.355249e+00  -1.371914e+00   1.694914e-03   3.988780e+01   2.829585e-01
    50  -2.830890e+00  -2.849211e+00   8.255755e-04   2.147810e+05   2.296319e-01   4.505170e-01  -3.403974e+00  -3.425240e+00   2.192140e-04   5.801789e+06   2.477574e-01  -1.321222e+00  -1.337902e+00   1.972926e-03   3.662084e+01   2.793645e-01
    51  -2.793442e+00  -2.811763e+00   8.809708e-04   1.748502e+05   2.273637e-01   4.505208e-01  -3.357123e+00  -3.379917e+00   2.551039e-04   4.589809e+06   2.471938e-01  -1.287167e+00  -1.303861e+00   2.295935e-03   3.360455e+01   2.756422e-01
    52  -2.755993e+00  -2.774314e+00   9.393669e-04   1.423557e+05   2.251346e-01   4.504915e-01  -3.306533e+00  -3.331092e+00   2.967831e-04   3.522994e+06   2.464664e-01  -1.253086e+00  -1.269792e+00   2.671048e-03   3.081871e+01   2.717952e-01
    53  -2.718544e+00  -2.736865e+00   1.001495e-03   1.165887e+05   2.227474e-01   4.510608e-01  -3.251644e+00  -3.278222e+00   3.451610e-04   2.615850e+06   2.455121e-01  -1.218977e+00  -1.235697e+00   3.106449e-03   2.824170e+01   2.678638e-01
    54  -2.681095e+00  -2.699416e+00   1.067250e-03   9.558003e+04   2.203750e-01   4.517446e-01  -3.191901e+00  -3.220746e+00   4.012824e-04   1.874432e+06   2.442429e-01  -1.184835e+00  -1.201570e+00   3.611542e-03   2.585683e+01   2.638492e-01
    55  -2.643647e+00  -2.661967e+00   1.137367e-03   7.863010e+04   2.179810e-01   4.527236e-01  -3.126837e+00  -3.158152e+00   4.663463e-04   1.294902e+06   2.425415e-01  -1.150650e+00  -1.167406e+00   4.197117e-03   2.364603e+01   2.597946e-01
    56  -2.606198e+00  -2.624519e+00   1.212452e-03   6.487224e+04   2.155800e-01   4.539427e-01  -3.056199e+00  -3.090083e+00   5.417261e-04   8.634875e+05   2.402634e-01  -1.116412e+00  -1.133194e+00   4.875535e-03   2.159461e+01   2.557236e-01
    57  -2.568749e+00  -2.587070e+00   1.292581e-03   5.359357e+04   2.132266e-01   4.553232e-01  -2.980120e+00  -3.016496e+00   6.289911e-04   5.582799e+05   2.372557e-01  -1.082105e+00  -1.098920e+00   5.660920e-03   1.969042e+01   2.516460e-01
    58  -2.531300e+00  -2.549621e+00   1.378893e-03   4.445508e+04   2.109125e-01   4.568249e-01  -2.899252e+00  -2.937806e+00   7.299314e-04   3.527740e+05   2.334011e-01  -1.047714e+00  -1.064569e+00   6.569382e-03   1.792041e+01   2.476144e-01
    59  -2.493852e+00  -2.512172e+00   1.471561e-03   3.688002e+04   2.086519e-01   4.585179e-01  -2.814780e+00  -2.854965e+00   8.465830e-04   2.202247e+05   2.286826e-01  -1.013221e+00  -1.030125e+00   7.619247e-03   1.627654e+01   2.436233e-01
    60  -2.456403e+00  -2.474724e+00   1.571362e-03   3.071978e+04   2.065143e-01   4.600891e-01  -2.728242e+00  -2.769359e+00   9.812558e-04   1.373868e+05   2.232359e-01  -9.786115e-01  -9.955715e-01   8.831303e-03   1.475122e+01   2.396738e-01
    61  -2.418954e+00  -2.437275e+00   1.679465e-03   2.559663e+04   2.044330e-01   4.618110e-01  -2.641212e+00  -2.682551e+00   1.136562e-03   8.648981e+04   2.173450e-01  -9.438711e-01  -9.608940e-01   1.022906e-02   1.333710e+01   2.357851e-01
    62  -2.381505e+00  -2.399826e+00   1.795670e-03   2.138075e+04   2.024983e-01   4.633145e-01  -2.555005e+00  -2.595973e+00   1.315444e-03   5.530151e+04   2.113674e-01  -9.089894e-01  -9.260801e-01   1.183900e-02   1.202926e+01   2.319327e-01
    63  -2.344056e+00  -2.362377e+00   1.922569e-03   1.787710e+04   2.006488e-01   4.647848e-01  -2.470535e+00  -2.510720e+00   1.521208e-03   3.602606e+04   2.056326e-01  -8.739606e-01  -8.911219e-01   1.369088e-02   1.082273e+01   2.280967e-01
    64  -2.306608e+00  -2.324929e+00   2.058829e-03   1.497145e+04   1.989321e-01   4.660353e-01  -2.388328e+00  -2.427489e+00   1.757548e-03   2.392704e+04   2.003690e-01  -8.387805e-01  -8.560144e-01   1.581793e-02   9.712020e+00   2.242829e-01
    65  -2.269159e+00  -2.287480e+00   2.208494e-03   1.255345e+04   1.973242e-01   4.670482e-01  -2.308620e+00  -2.346648e+00   2.028572e-03   1.618982e+04   1.956775e-01  -8.034494e-01  -8.207558e-01   1.825715e-02   8.692522e+00   2.204675e-01
    66  -2.231710e+00  -2.250031e+00   2.369326e-03   1.053819e+04   1.958219e-01   4.678582e-01  -2.231463e+00  -2.268330e+00   2.338830e-03   1.114616e+04   1.915433e-01  -7.679708e-01  -7.853479e-01   2.104947e-02   7.759368e+00   2.166318e-01
    67  -2.194261e+00  -2.212582e+00   2.546494e-03   8.857310e+03   1.944254e-01   4.683069e-01  -2.156809e+00  -2.192534e+00   2.693323e-03   7.797289e+03   1.878641e-01  -7.323498e-01  -7.497952e-01   2.423991e-02   6.907395e+00   2.127807e-01
    68  -2.156813e+00  -2.175134e+00   2.737341e-03   7.451846e+03   1.931035e-01   4.685532e-01  -2.084562e+00  -2.119185e+00   3.097518e-03   5.535014e+03   1.844857e-01  -6.965932e-01  -7.141036e-01   2.787766e-02   6.131582e+00   2.089106e-01
    69  -2.119364e+00  -2.137685e+00   2.947845e-03   6.276381e+03   1.918584e-01   4.684705e-01  -2.014604e+00  -2.048176e+00   3.557342e-03   3.981679e+03   1.812395e-01  -6.607099e-01  -6.782810e-01   3.201608e-02   5.427118e+00   2.050113e-01
    70  -2.081915e+00  -2.100236e+00   3.175449e-03   5.291211e+03   1.906517e-01   4.682145e-01  -1.946791e+00  -1.979375e+00   4.079169e-03   2.898216e+03   1.779805e-01  -6.247106e-01  -6.423373e-01   3.671252e-02   4.789301e+00   2.010740e-01
    71  -2.044466e+00  -2.062787e+00   3.426313e-03   4.464827e+03   1.894840e-01   4.677365e-01  -1.880957e+00  -1.912628e+00   4.669785e-03   2.130691e+03   1.746197e-01  -5.886072e-01  -6.062839e-01   4.202806e-02   4.213428e+00   1.971099e-01
    72  -2.007018e+00  -2.025338e+00   3.698859e-03   3.770711e+03   1.883107e-01   4.672298e-01  -1.816896e+00  -1.847746e+00   5.336336e-03   1.578597e+03   1.711439e-01  -5.524131e-01  -5.701332e-01   4.802703e-02   3.695075e+00   1.931123e-01
    73  -1.969569e+00  -1.987890e+00   3.998647e-03   3.186720e+03   1.871541e-01   4.666212e-01  -1.754370e+00  -1.784509e+00   6.086254e-03   1.175613e+03   1.676169e-01  -5.161440e-01  -5.339001e-01   5.477629e-02   3.230006e+00   1.890731e-01
    74  -1.932120e+00  -1.950441e+00   4.325974e-03   2.694804e+03   1.859450e-01   4.662513e-01  -1.693106e+00  -1.722659e+00   6.927149e-03   8.776085e+02   1.641613e-01  -4.798175e-01  -4.976010e-01   6.234434e-02   2.814153e+00   1.849837e-01
    75  -1.894671e+00  -1.912992e+00   4.684995e-03   2.279928e+03   1.847632e-01   4.658583e-01  -1.632820e+00  -1.661918e+00   7.866679e-03   6.549870e+02   1.609243e-01  -4.434530e-01  -4.612547e-01   7.080011e-02   2.443569e+00   1.808498e-01
    76  -1.857223e+00  -1.875543e+00   5.078615e-03   1.928901e+03   1.835016e-01   4.660097e-01  -1.573240e+00  -1.602009e+00   8.912390e-03   4.876718e+02   1.580357e-01  -4.070719e-01  -4.248816e-01   8.021151e-02   2.114504e+00   1.766663e-01
    77  -1.819774e+00  -1.838095e+00   5.509072e-03   1.632107e+03   1.822796e-01   4.663013e-01  -1.514147e+00  -1.542689e+00   1.007152e-02   3.617807e+02   1.555629e-01  -3.706982e-01  -3.885044e-01   9.064369e-02   1.823414e+00   1.724258e-01
    78  -1.782325e+00  -1.800646e+00   5.981943e-03   1.380294e+03   1.810562e-01   4.670376e-01  -1.455407e+00  -1.483785e+00   1.135078e-02   2.674041e+02   1.534762e-01  -3.343584e-01  -3.521484e-01   1.021570e-01   1.566927e+00   1.681204e-01
    79  -1.744876e+00  -1.763197e+00   6.498530e-03   1.166443e+03   1.799021e-01   4.680249e-01  -1.397004e+00  -1.425225e+00   1.275612e-02   1.971544e+02   1.516419e-01  -2.980813e-01  -3.158412e-01   1.148050e-01   1.341830e+00   1.637508e-01
    80  -1.707428e+00  -1.725748e+00   7.064056e-03   9.853251e+02   1.788245e-01   4.692564e-01  -1.339033e+00  -1.367052e+00   1.429243e-02   1.452814e+02   1.498625e-01  -2.618975e-01  -2.796127e-01   1.286319e-01   1.145068e+00   1.593181e-01
    81  -1.669979e+00  -1.688300e+00   7.681287e-03   8.305109e+02   1.779187e-01   4.704260e-01  -1.281661e+00  -1.309400e+00   1.596333e-02   1.072094e+02   1.479510e-01  -2.258402e-01  -2.434948e-01   1.436700e-01   9.737973e-01   1.548179e-01
    82  -1.632530e+00  -1.650851e+00   8.355522e-03   6.995850e+02   1.771659e-01   4.715043e-01  -1.225068e+00  -1.252443e+00   1.777087e-02   7.933037e+01   1.457940e-01  -1.899447e-01  -2.075217e-01   1.599378e-01   8.253523e-01   1.502468e-01
    83  -1.595081e+00  -1.613402e+00   9.088164e-03   5.882816e+02   1.766368e-01   4.721404e-01  -1.169401e+00  -1.196343e+00   1.971527e-02   5.888550e+01   1.433624e-01  -1.542481e-01  -1.717298e-01   1.774374e-01   6.972290e-01   1.456106e-01
    84  -1.557632e+00  -1.575953e+00   9.885984e-03   4.938777e+02   1.763686e-01   4.720504e-01  -1.114751e+00  -1.141217e+00   2.179475e-02   4.383253e+01   1.406850e-01  -1.187882e-01  -1.361564e-01   1.961527e-01   5.871025e-01   1.409163e-01
    85  -1.520184e+00  -1.538505e+00   1.075366e-02   4.144373e+02   1.762808e-01   4.713639e-01  -1.061143e+00  -1.087120e+00   2.400535e-02   3.269095e+01   1.378236e-01  -8.360418e-02  -1.008400e-01   2.160481e-01   4.928453e-01   1.361662e-01
    86  -1.482735e+00  -1.501056e+00   1.169263e-02   3.472018e+02   1.764791e-01   4.695021e-01  -1.008548e+00  -1.034050e+00   2.634082e-02   2.439846e+01   1.348626e-01  -4.873560e-02  -6.582004e-02   2.370673e-01   4.125029e-01   1.313676e-01
    87  -1.445286e+00  -1.463607e+00   1.271454e-02   2.908860e+02   1.768240e-01   4.669111e-01  -9.568878e-01  -9.819501e-01   2.879262e-02   1.819566e+01   1.318944e-01  -1.422069e-02  -3.113536e-02   2.591336e-01   3.442800e-01   1.265390e-01
    88  -1.407837e+00  -1.426158e+00   1.382213e-02   2.437929e+02   1.772886e-01   4.635552e-01  -9.060536e-01  -9.307274e-01   3.134998e-02   1.353953e+01   1.290083e-01   1.990258e-02   3.175997e-03   2.821498e-01   2.865767e-01   1.216890e-01
    89  -1.370389e+00  -1.388710e+00   1.502371e-02   2.043700e+02   1.778273e-01   4.596417e-01  -8.559201e-01  -8.802638e-01   3.400006e-02   1.003939e+01   1.262696e-01   5.359795e-02   3.707697e-02   3.060005e-01   2.379493e-01   1.168328e-01
    90  -1.332940e+00  -1.351261e+00   1.633363e-02   1.715489e+02   1.783516e-01   4.554126e-01  -8.063669e-01  -8.304371e-01   3.672816e-02   7.411156e+00   1.237105e-01   8.683218e-02   7.053289e-02   3.305535e-01   1.971078e-01   1.119915e-01
    91  -1.295491e+00  -1.313812e+00   1.775588e-02   1.441915e+02   1.788368e-01   4.509586e-01  -7.572913e-01  -7.811363e-01   3.951809e-02   5.444044e+00   1.213217e-01   1.195739e-01   1.035115e-01   3.556628e-01   1.629232e-01   1.071777e-01
    92  -1.258042e+00  -1.276363e+00   1.930709e-02   1.213636e+02   1.791885e-01   4.468008e-01  -7.086177e-01  -7.322730e-01   4.235249e-02   3.978973e+00   1.190673e-01   1.517966e-01   1.359840e-01   3.811724e-01   1.343922e-01   1.024163e-01
    93  -1.220594e+00  -1.238914e+00   2.100408e-02   1.023044e+02   1.794476e-01   4.427019e-01  -6.602925e-01  -6.837833e-01   4.521329e-02   2.893673e+00   1.168999e-01   1.834765e-01   1.679253e-01   4.069196e-01   1.106510e-01   9.772202e-02
    94  -1.183145e+00  -1.201466e+00   2.285475e-02   8.635970e+01   1.795779e-01   4.388814e-01  -6.122727e-01  -6.356193e-01   4.808216e-02   2.093790e+00   1.147821e-01   2.145945e-01   1.993142e-01   4.327394e-01   9.094582e-02   9.311519e-02
    95  -1.145696e+00  -1.164017e+00   2.488082e-02   7.295940e+01   1.795598e-01   4.356982e-01  -5.645159e-01  -5.877382e-01   5.094094e-02   1.507112e+00   1.126960e-01   2.451359e-01   2.301336e-01   4.584685e-01   7.463102e-02   8.861186e-02
    96  -1.108247e+00  -1.126568e+00   2.710363e-02   6.169885e+01   1.794514e-01   4.328308e-01  -5.169674e-01  -5.400913e-01   5.377208e-02   1.078659e+00   1.106366e-01   2.750899e-01   2.603711e-01   4.839488e-01   6.115330e-02   8.422778e-02
    97  -1.070799e+00  -1.089119e+00   2.953606e-02   5.221552e+01   1.792494e-01   4.304148e-01  -4.695542e-01  -4.926141e-01   5.655903e-02   7.671058e-01   1.086073e-01   3.044505e-01   2.900183e-01   5.090312e-01   5.004199e-02   7.997690e-02
    98  -1.033350e+00  -1.051671e+00   3.220021e-02   4.417382e+01   1.789912e-01   4.287114e-01  -4.221871e-01  -4.452252e-01   5.928652e-02   5.416868e-01   1.066160e-01   3.332155e-01   3.190711e-01   5.335787e-01   4.089905e-02   7.587008e-02
    99  -9.959010e-01  -1.014222e+00   3.512447e-02   3.737709e+01   1.787035e-01   4.272641e-01  -3.747560e-01  -3.978243e-01   6.194091e-02   3.794542e-01   1.046689e-01   3.613869e-01   3.475296e-01   5.574682e-01   3.338834e-02   7.191736e-02
   100  -9.584523e-01  -9.767731e-01   3.833242e-02   3.162712e+01   1.783924e-01   4.260607e-01  -3.271264e-01  -3.502886e-01   6.451030e-02   2.633932e-01   1.027743e-01   3.889700e-01   3.753974e-01   5.805927e-01   2.722845e-02   6.812476e-02
   101  -9.210035e-01  -9.393244e-01   4.183290e-02   2.673908e+01   1.781032e-01   4.249633e-01  -2.791436e-01  -3.024727e-01   6.698469e-02   1.809609e-01   1.009425e-01   4.159736e-01   4.026816e-01   6.028622e-01   2.218328e-02   6.449808e-02
   102  -8.835547e-01  -9.018756e-01   4.566933e-02   2.259174e+01   1.778320e-01   4.236409e-01  -2.306310e-01  -2.542103e-01   6.935597e-02   1.228983e-01   9.918281e-02   4.424095e-01   4.293927e-01   6.242038e-01   1.805678e-02   6.103880e-02
   103  -8.461060e-01  -8.644268e-01   4.987312e-02   1.908341e+01   1.775452e-01   4.220148e-01  -1.813846e-01  -2.053101e-01   7.161799e-02   8.238264e-02   9.750853e-02   4.682920e-01   4.555435e-01   6.445619e-01   1.468534e-02   5.774896e-02
   104  -8.086572e-01  -8.269781e-01   5.447264e-02   1.611681e+01   1.772189e-01   4.199703e-01  -1.311840e-01  -1.555594e-01   7.376638e-02   5.443373e-02   9.593477e-02   4.936377e-01   4.811497e-01   6.638974e-01   1.193404e-02   5.462622e-02
   105  -7.712085e-01  -7.895293e-01   5.948390e-02   1.360170e+01   1.768574e-01   4.173041e-01  -7.980072e-02  -1.047329e-01   7.579851e-02   3.540896e-02   9.447159e-02   5.184652e-01   5.062288e-01   6.821866e-01   9.690760e-03   5.166967e-02
   106  -7.337597e-01  -7.520806e-01   6.496878e-02   1.147740e+01   1.763963e-01   4.141421e-01  -2.701078e-02  -5.260415e-02   7.771330e-02   2.265521e-02   9.312738e-02   5.427945e-01   5.308002e-01   6.994197e-01   7.863548e-03   4.887431e-02
   107  -6.963109e-01  -7.146318e-01   7.097141e-02   9.686027e+00   1.757873e-01   4.105713e-01   2.734233e-02   1.015522e-03   7.951106e-02   1.426422e-02   9.187286e-02   5.666472e-01   5.548846e-01   7.155996e-01   6.376307e-03   4.623670e-02
   108  -6.588622e-01  -6.771830e-01   7.753802e-02   8.174605e+00   1.749947e-01   4.065947e-01   8.329536e-02   5.621932e-02   8.119333e-02   8.855194e-03   9.064041e-02   5.900456e-01   5.785039e-01   7.307399e-01   5.166807e-03   4.375065e-02
   109  -6.214134e-01  -6.397343e-01   8.469108e-02   6.897683e+00   1.740032e-01   4.022507e-01   1.406500e-01   1.129188e-01   8.276263e-02   5.447123e-03   8.926650e-02   6.130131e-01   6.016812e-01   7.448636e-01   4.183850e-03   4.141053e-02
   110  -5.839646e-01  -6.022855e-01   9.251029e-02   5.818128e+00   1.728083e-01   3.976277e-01   1.988519e-01   1.707252e-01   8.422234e-02   3.349205e-03   8.746731e-02   6.355734e-01   6.244397e-01   7.580011e-01   3.385557e-03   3.920990e-02
   111  -5.465159e-01  -5.648367e-01   1.010597e-01   4.906420e+00   1.713790e-01   3.926675e-01   2.569840e-01   2.288899e-01   8.557652e-02   2.081497e-03   8.490055e-02   6.577507e-01   6.468036e-01   7.701887e-01   2.737688e-03   3.714170e-02
   112  -5.090671e-01  -5.273880e-01   1.104016e-01   4.135760e+00   1.697049e-01   3.873010e-01   3.139247e-01   2.863869e-01   8.682971e-02   1.321963e-03   8.132047e-02   6.795692e-01   6.687970e-01   7.814674e-01   2.212211e-03   3.519959e-02
   113  -4.716184e-01  -4.899392e-01   1.205928e-01   3.483810e+00   1.677795e-01   3.814553e-01   3.686547e-01   3.421512e-01   8.798682e-02   8.639385e-04   7.675556e-02   7.010533e-01   6.904441e-01   7.918814e-01   1.786301e-03   3.337623e-02
   114  -4.341696e-01  -4.524905e-01   1.316755e-01   2.931240e+00   1.656202e-01   3.750699e-01   4.205093e-01   3.953554e-01   8.905301e-02   5.817880e-04   7.151254e-02   7.222269e-01   7.117691e-01   8.014771e-01   1.441310e-03   3.166493e-02
   115  -3.967208e-01  -4.150417e-01   1.437488e-01   2.463293e+00   1.632137e-01   3.680272e-01   4.692296e-01   4.455523e-01   9.003354e-02   4.026059e-04   6.600253e-02   7.431140e-01   7.327960e-01   8.103019e-01   1.162049e-03   3.005897e-02
   116  -3.592721e-01  -3.775929e-01   1.568813e-01   2.067158e+00   1.605519e-01   3.602048e-01   5.148620e-01   4.926449e-01   9.093373e-02   2.850434e-04   6.057233e-02   7.637377e-01   7.535482e-01   8.184036e-01   9.361552e-04   2.855155e-02
   117  -3.218233e-01  -3.401442e-01   1.711407e-01   1.731840e+00   1.576350e-01   3.514790e-01   5.576191e-01   5.367665e-01   9.175884e-02   2.055824e-04   5.544108e-02   7.841210e-01   7.740489e-01   8.258295e-01   7.535559e-04   2.713647e-02
   118  -2.843745e-01  -3.026954e-01   1.865691e-01   1.448080e+00   1.544698e-01   3.417403e-01   5.977810e-01   5.781642e-01   9.251402e-02   1.504981e-04   5.071221e-02   8.042860e-01   7.943205e-01   8.326262e-01   6.060638e-04   2.580756e-02
   119  -2.469258e-01  -2.652466e-01   2.032251e-01   1.207872e+00   1.510731e-01   3.307520e-01   6.356391e-01   6.171225e-01   9.320429e-02   1.114999e-04   4.641719e-02   8.242543e-01   8.143849e-01   8.388386e-01   4.870227e-04   2.455883e-02
   120  -2.094770e-01  -2.277979e-01   2.211885e-01   1.005014e+00   1.474337e-01   3.184049e-01   6.714705e-01   6.539243e-01   9.383445e-02   8.340662e-05   4.254825e-02   8.440463e-01   8.342630e-01   8.445100e-01   3.910200e-04   2.338479e-02
   121  -1.720282e-01  -1.903491e-01   2.405075e-01   8.339117e-01   1.435587e-01   3.045489e-01   7.055195e-01   6.888286e-01   9.440910e-02   6.289306e-05   3.907504e-02   8.636821e-01   8.539752e-01   8.496819e-01   3.136618e-04   2.228017e-02
   122  -1.345795e-01  -1.529003e-01   2.612052e-01   6.898075e-01   1.394612e-01   2.890628e-01   7.380028e-01   7.220648e-01   9.493262e-02   4.773700e-05   3.596104e-02   8.831804e-01   8.735406e-01   8.543935e-01   2.513818e-04   2.123991e-02
   123  -9.713072e-02  -1.154516e-01   2.832781e-01   5.686236e-01   1.351572e-01   2.716037e-01   7.691094e-01   7.538346e-01   9.540910e-02   3.643131e-05   3.316887e-02   9.025592e-01   8.929779e-01   8.586819e-01   2.012853e-04   2.025934e-02
   124  -5.968196e-02  -7.800282e-02   3.067800e-01   4.670084e-01   1.306513e-01   2.521323e-01   7.990025e-01   7.843131e-01   9.584241e-02   2.793060e-05   3.066138e-02   9.218356e-01   9.123043e-01   8.625817e-01   1.610254e-04   1.933416e-02
   125  -2.223320e-02  -4.055406e-02   3.317042e-01   3.820217e-01   1.259624e-01   2.306867e-01   8.278247e-01   8.136527e-01   9.623618e-02   2.149491e-05   2.840629e-02   9.410254e-01   9.315365e-01   8.661256e-01   1.287011e-04   1.846026e-02
   126   1.521557e-02  -3.105295e-03   3.579776e-01   3.111449e-01   1.211094e-01   2.071530e-01   8.557001e-01   8.419860e-01   9.659376e-02   1.659493e-05   2.637341e-02   9.601438e-01   9.506898e-01   8.693438e-01   1.027725e-04   1.763385e-02
   127   5.266433e-02   3.434347e-02   3.855813e-01   2.522405e-01   1.161107e-01   1.816176e-01   8.827370e-01   8.694289e-01   9.691827e-02   1.284618e-05   2.453675e-02   9.792046e-01   9.697788e-01   8.722644e-01   8.199398e-05   1.685146e-02
   128   9.011309e-02   7.179223e-02   4.143658e-01   2.034282e-01   1.109832e-01   1.543973e-01   9.090314e-01   8.960832e-01   9.721261e-02   9.966039e-06   2.287346e-02   9.982210e-01   9.888169e-01   8.749135e-01   6.535834e-05   1.610991e-02
   129   1.275619e-01   1.092410e-01   4.442247e-01   1.631036e-01   1.057370e-01   1.254087e-01   9.346669e-01   9.220383e-01   9.747945e-02   7.745991e-06   2.136299e-02   1.017205e+00   1.007817e+00   8.773151e-01   5.205231e-05   1.540625e-02
   130   1.650106e-01   1.466898e-01   4.750781e-01   1.300155e-01   1.004208e-01   9.636429e-02   9.597179e-01   9.473730e-01   9.772124e-02   6.029550e-06   1.998806e-02   1.036167e+00   1.026790e+00   8.794912e-01   4.141954e-05   1.473778e-02
   131   2.024594e-01   1.841385e-01   5.067868e-01   1.029924e-01   9.506857e-02   6.693202e-02   9.842507e-01   9.721575e-01   9.794025e-02   4.699189e-06   1.873318e-02   1.055119e+00   1.045747e+00   8.814623e-01   3.293089e-05   1.410202e-02
   132   2.399081e-01   2.215873e-01   5.391349e-01   8.104649e-02   8.971241e-02   3.808136e-02   1.008324e+00   9.964540e-01   9.813854e-02   3.666072e-06   1.758472e-02   1.074069e+00   1.064697e+00   8.832469e-01   2.616023e-05   1.349677e-02
   133   2.773569e-01   2.590360e-01   5.718634e-01   6.333405e-02   8.438010e-02   1.217147e-02   1.031989e+00   1.020318e+00   9.831802e-02   2.862378e-06   1.653109e-02   1.093025e+00   1.083650e+00   8.848622e-01   2.076478e-05   1.291997e-02
   134   3.148057e-01   2.964848e-01   6.045834e-01   4.906846e-02   7.907967e-02  -1.293499e-02   1.055294e+00   1.043798e+00   9.848042e-02   2.236273e-06   1.556197e-02   1.111996e+00   1.102614e+00   8.863237e-01   1.646907e-05   1.236978e-02
   135   3.522544e-01   3.339336e-01   6.372474e-01   3.770675e-02   7.386801e-02  -3.466780e-02   1.078279e+00   1.066938e+00   9.862732e-02   1.747967e-06   1.466828e-02   1.130989e+00   1.121596e+00   8.876458e-01   1.305191e-05   1.184450e-02
   136   3.897032e-01   3.713823e-01   6.696045e-01   2.873563e-02   6.878369e-02  -5.237478e-02   1.100983e+00   1.089779e+00   9.876016e-02   1.366798e-06   1.384212e-02   1.150009e+00   1.140603e+00   8.888415e-01   1.033597e-05   1.134261e-02
   137   4.271520e-01   4.088311e-01   7.009820e-01   2.168371e-02   6.383794e-02  -6.809794e-02   1.123438e+00   1.112355e+00   9.888027e-02   1.069035e-06   1.307660e-02   1.169063e+00   1.159640e+00   8.899225e-01   8.179144e-06   1.086272e-02
   138   4.646007e-01   4.462799e-01   7.315583e-01   1.620127e-02   5.906712e-02  -8.124886e-02   1.145674e+00   1.134698e+00   9.898885e-02   8.362906e-07   1.236565e-02   1.188155e+00   1.178714e+00   8.908996e-01   6.467736e-06   1.040356e-02
   139   5.020495e-01   4.837286e-01   7.607184e-01   1.198554e-02   5.449863e-02  -9.038574e-02   1.167719e+00   1.156836e+00   9.908698e-02   6.542890e-07   1.170392e-02   1.207291e+00   1.197829e+00   8.917828e-01   5.110840e-06   9.963992e-03
   140   5.394982e-01   5.211774e-01   7.884678e-01   8.764782e-03   5.014148e-02  -9.778739e-02   1.189595e+00   1.178795e+00   9.917565e-02   5.119209e-07   1.108669e-02   1.226474e+00   1.216988e+00   8.925808e-01   4.035860e-06   9.542955e-03
   141   5.769470e-01   5.586261e-01   8.143467e-01   6.341718e-03   4.602772e-02  -1.033150e-01   1.211325e+00   1.200596e+00   9.925576e-02   4.005313e-07   1.050982e-02   1.245707e+00   1.236197e+00   8.933019e-01   3.184867e-06   9.139491e-03
   142   6.143958e-01   5.960749e-01   8.384785e-01   4.534065e-03   4.215932e-02  -1.072276e-01   1.232929e+00   1.222261e+00   9.932813e-02   3.133663e-07   9.969671e-03   1.264994e+00   1.255457e+00   8.939532e-01   2.511690e-06   8.752721e-03
   143   6.518445e-01   6.335237e-01   8.604127e-01   3.203678e-03   3.854878e-02  -1.096195e-01   1.254422e+00   1.243808e+00   9.939350e-02   2.451517e-07   9.463034e-03   1.284336e+00   1.274773e+00   8.945415e-01   1.979557e-06   8.381838e-03
   144   6.892933e-01   6.709724e-01   8.802987e-01   2.237840e-03   3.520036e-02  -1.106244e-01   1.275821e+00   1.265253e+00   9.945254e-02   1.917662e-07   8.987050e-03   1.303737e+00   1.294145e+00   8.950729e-01   1.559212e-06   8.026100e-03
   145   7.267421e-01   7.084212e-01   8.981274e-01   1.544153e-03   3.211048e-02  -1.104055e-01   1.297139e+00   1.286611e+00   9.950586e-02   1.499869e-07   8.539188e-03   1.323199e+00   1.313577e+00   8.955527e-01   1.227397e-06   7.684821e-03
   146   7.641908e-01   7.458700e-01   9.139015e-01   1.053088e-03   2.927603e-02  -1.090149e-01   1.318389e+00   1.307894e+00   9.955400e-02   1.172927e-07   8.117200e-03   1.342721e+00   1.333069e+00   8.959860e-01   9.656425e-07   7.357369e-03
   147   8.016396e-01   7.833187e-01   9.276094e-01   7.102896e-04   2.668787e-02  -1.065073e-01   1.339582e+00   1.329115e+00   9.959747e-02   9.171045e-08   7.719083e-03   1.362306e+00   1.352624e+00   8.963772e-01   7.592886e-07   7.043155e-03
   148   8.390883e-01   8.207675e-01   9.394662e-01   4.740150e-04   2.433306e-02  -1.028798e-01   1.360728e+00   1.350284e+00   9.963672e-02   7.169549e-08   7.343052e-03   1.381954e+00   1.372241e+00   8.967304e-01   5.967125e-07   6.741634e-03
   149   8.765371e-01   8.582163e-01   9.496291e-01   3.132309e-04   2.219709e-02  -9.834336e-02   1.381835e+00   1.371410e+00   9.967214e-02   5.603857e-08   6.987509e-03   1.401665e+00   1.391921e+00   8.970493e-01   4.687054e-07   6.452297e-03
   150   9.139859e-01   8.956650e-01   9.582556e-01   2.051415e-04   2.026323e-02  -9.302632e-02   1.402911e+00   1.392501e+00   9.970413e-02   4.379279e-08   6.651021e-03   1.421441e+00   1.411666e+00   8.973371e-01   3.679770e-07   6.174668e-03
   151   9.514346e-01   9.331138e-01   9.655175e-01   1.332811e-04   1.851369e-02  -8.708768e-02   1.423963e+00   1.413565e+00   9.973300e-02   3.421673e-08   6.332303e-03   1.441279e+00   1.431473e+00   8.975970e-01   2.887599e-07   5.908304e-03
   152   9.888834e-01   9.705625e-01   9.715901e-01   8.600727e-05   1.693082e-02  -8.070737e-02   1.444997e+00   1.434607e+00   9.975905e-02   2.672979e-08   6.030196e-03   1.461180e+00   1.451344e+00   8.978315e-01   2.264953e-07   5.652788e-03
   153   1.026332e+00   1.008011e+00   9.766369e-01   5.518242e-05   1.549749e-02  -7.414566e-02   1.466017e+00   1.455634e+00   9.978257e-02   2.087739e-08   5.743653e-03   1.481144e+00   1.471277e+00   8.980432e-01   1.775820e-07   5.407729e-03
   154   1.063781e+00   1.045460e+00   9.808122e-01   3.524225e-05   1.419774e-02  -6.751571e-02   1.487028e+00   1.476650e+00   9.980380e-02   1.630365e-08   5.471729e-03   1.501167e+00   1.491271e+00   8.982342e-01   1.391774e-07   5.172762e-03
   155   1.101230e+00   1.082909e+00   9.842555e-01   2.242501e-05   1.301711e-02  -6.107717e-02   1.508034e+00   1.497658e+00   9.982296e-02   1.272995e-08   5.213566e-03   1.521250e+00   1.511325e+00   8.984066e-01   1.090390e-07   4.947541e-03
   156   1.138678e+00   1.120358e+00   9.870837e-01   1.423050e-05   1.194270e-02  -5.490049e-02   1.529037e+00   1.518662e+00   9.984025e-02   9.938250e-09   4.968386e-03   1.541390e+00   1.531437e+00   8.985622e-01   8.539928e-08   4.731747e-03
   157   1.176127e+00   1.157806e+00   9.894050e-01   9.012886e-06   1.096320e-02  -4.907228e-02   1.550039e+00   1.539665e+00   9.985585e-02   7.757899e-09   4.735485e-03   1.561585e+00   1.551605e+00   8.987027e-01   6.686565e-08   4.525076e-03
   158   1.213576e+00   1.195255e+00   9.913075e-01   5.700801e-06   1.006880e-02  -4.372141e-02   1.571042e+00   1.560668e+00   9.986993e-02   6.055386e-09   4.514222e-03   1.581831e+00   1.571826e+00   8.988294e-01   5.234178e-08   4.327250e-03
   159   1.251025e+00   1.232704e+00   9.928646e-01   3.603222e-06   9.250888e-03  -3.881679e-02   1.592046e+00   1.581671e+00   9.988264e-02   4.726269e-09   4.304016e-03   1.602124e+00   1.592096e+00   8.989438e-01   4.096504e-08   4.138006e-03
   160   1.288474e+00   1.270153e+00   9.941390e-01   2.276814e-06   8.501988e-03  -3.436103e-02   1.613050e+00   1.602675e+00   9.989411e-02   3.688866e-09   4.104341e-03   1.622462e+00   1.612412e+00   8.990470e-01   3.205712e-08   3.957107e-03
   161   1.325922e+00   1.307601e+00   9.951826e-01   1.438811e-06   7.815571e-03  -3.034955e-02   1.634053e+00   1.623678e+00   9.990446e-02   2.879309e-09   3.914721e-03   1.642838e+00   1.632770e+00   8.991401e-01   2.508493e-08   3.784333e-03
   162   1.363371e+00   1.345050e+00   9.960375e-01   9.095805e-07   7.185935e-03  -2.679161e-02   1.655052e+00   1.644680e+00   9.991379e-02   2.247671e-09   3.734729e-03   1.663248e+00   1.653163e+00   8.992241e-01   1.962977e-08   3.619486e-03
   163   1.400820e+00   1.382499e+00   9.967366e-01   5.753714e-07   6.608001e-03  -2.361481e-02   1.676045e+00   1.665676e+00   9.992222e-02   1.754932e-09   3.563981e-03   1.683682e+00   1.673585e+00   8.993000e-01   1.536295e-08   3.462392e-03
   164   1.438269e+00   1.419948e+00   9.973082e-01   3.642523e-07   6.077310e-03  -2.078782e-02   1.697026e+00   1.686662e+00   9.992982e-02   1.370603e-09   3.402138e-03   1.704134e+00   1.694029e+00   8.993684e-01   1.202656e-08   3.312901e-03
   165   1.475717e+00   1.457396e+00   9.977780e-01   2.308146e-07   5.589902e-03  -1.827646e-02   1.717989e+00   1.707634e+00   9.993668e-02   1.070869e-09   3.248904e-03   1.724594e+00   1.714484e+00   8.994301e-01   9.418382e-09   3.170886e-03
   166   1.513166e+00   1.494845e+00   9.981644e-01   1.464121e-07   5.142265e-03  -1.605893e-02   1.738925e+00   1.728583e+00   9.994287e-02   8.371315e-10   3.104023e-03   1.745049e+00   1.734942e+00   8.994858e-01   7.379890e-09   3.036249e-03
   167   1.550615e+00   1.532294e+00   9.984826e-01   9.297846e-08   4.731256e-03  -1.409323e-02   1.759824e+00   1.749500e+00   9.994845e-02   6.548689e-10   2.967281e-03   1.765486e+00   1.755388e+00   8.995361e-01   5.786902e-09   2.908920e-03
   168   1.588064e+00   1.569743e+00   9.987448e-01   5.911934e-08   4.354116e-03  -1.232974e-02   1.780674e+00   1.770374e+00   9.995349e-02   5.127464e-10   2.838506e-03   1.785889e+00   1.775807e+00   8.995814e-01   4.542173e-09   2.788860e-03
   169   1.625512e+00   1.607192e+00   9.989612e-01   3.763950e-08   4.008398e-03  -1.072833e-02   1.801459e+00   1.791191e+00   9.995804e-02   4.019191e-10   2.717568e-03   1.806238e+00   1.796183e+00   8.996223e-01   3.569592e-09   2.676063e-03
   170   1.662961e+00   1.644640e+00   9.991399e-01   2.399686e-08   3.691944e-03  -9.246354e-03   1.822162e+00   1.811934e+00   9.996214e-02   3.154860e-10   2.604378e-03   1.826512e+00   1.816493e+00   8.996593e-01   2.809608e-09   2.570556e-03
   171   1.700410e+00   1.682089e+00   9.992868e-01   1.532177e-08   3.402933e-03  -7.884868e-03   1.842761e+00   1.832584e+00   9.996584e-02   2.480646e-10   2.498889e-03   1.846683e+00   1.836715e+00   8.996926e-01   2.215653e-09   2.472403e-03
   172   1.737859e+00   1.719538e+00   9.994088e-01   9.798729e-09   3.139808e-03  -6.565643e-03   1.863229e+00   1.853115e+00   9.996918e-02   1.954578e-10   2.401100e-03   1.866723e+00   1.856819e+00   8.997226e-01   1.751323e-09   2.381703e-03
   173   1.775307e+00   1.756987e+00   9.995101e-01   6.278047e-09   2.901351e-03  -5.230956e-03   1.883537e+00   1.873502e+00   9.997219e-02   1.543933e-10   2.311048e-03   1.886598e+00   1.876774e+00   8.997498e-01   1.388171e-09   2.298593e-03
   174   1.812756e+00   1.794435e+00   9.995945e-01   4.031099e-09   2.686897e-03  -3.748403e-03   1.903652e+00   1.893711e+00   9.997491e-02   1.223205e-10   2.228813e-03   1.906267e+00   1.896544e+00   8.997742e-01   1.103976e-09   2.223243e-03
   175   1.850205e+00   1.831884e+00   9.996649e-01   2.595082e-09   2.496167e-03  -1.988429e-03   1.923533e+00   1.913706e+00   9.997737e-02   9.725184e-11   2.154514e-03   1.925688e+00   1.916086e+00   8.997963e-01   8.813871e-10   2.155854e-03
   176   1.887654e+00   1.869333e+00   9.997238e-01   1.675853e-09   2.329235e-03   1.736301e-05   1.943139e+00   1.933447e+00   9.997958e-02   7.763743e-11   2.088341e-03   1.944815e+00   1.935357e+00   8.998162e-01   7.068595e-10   2.096658e-03
   177   1.925102e+00   1.906782e+00   9.997732e-01   1.086423e-09   2.186932e-03   2.550110e-03   1.962424e+00   1.952888e+00   9.998158e-02   6.226146e-11   2.030809e-03   1.963595e+00   1.954306e+00   8.998342e-01   5.698025e-10   2.045985e-03
   178   1.962551e+00   1.944230e+00   9.998148e-01   7.076882e-10   2.071169e-03   5.780363e-03   1.981361e+00   1.971996e+00   9.998338e-02   5.013327e-11   1.984378e-03   1.981986e+00   1.972888e+00   8.998504e-01   4.617559e-10   2.005080e-03
   179   2.000000e+00   1.981679e+00   9.998500e-01   4.624668e-10   1.991341e-03   8.191936e-03   2.000000e+00   1.990781e+00   9.998500e-02   4.036395e-11   1.958530e-03   2.000000e+00   1.991086e+00   8.998650e-01   3.750785e-10   1.981230e-03
