     i          log_r       log_rmid          m_tot        rho_tot         v2_tot            eta     lgr[heavy]    lgrm[heavy]       m[heavy]     rho[heavy]      v2[heavy]     lgr[light]    lgrm[light]       m[light]     rho[light]      v2[light]
     0  -5.044884e+00  -5.345914e+00   1.003450e-07   4.091979e+08   4.151496e-01            nan  -5.044884e+00  -5.345914e+00   9.998500e-08   4.089860e+08   4.146701e-01  -3.127930e+00  -3.428960e+00   8.998650e-07   6.532657e+03   7.495275e-01
     1  -5.005527e+00  -5.024760e+00   1.311918e-07   4.031766e+08   4.148519e-01            nan  -5.022248e+00  -5.033419e+00   1.166721e-07   4.032952e+08   4.146188e-01  -3.090114e+00  -3.108611e+00   1.050049e-06   3.652234e+03   6.801388e-01
     2  -4.966170e+00  -4.985403e+00   1.715486e-07   4.020100e+08   4.148218e-01            nan  -4.999623e+00  -5.010788e+00   1.361439e-07   4.026763e+08   4.146132e-01  -3.052771e+00  -3.071041e+00   1.225295e-06   3.329297e+03   6.689452e-01
     3  -4.926813e+00  -4.946046e+00   2.243209e-07   4.006180e+08   4.147915e-01            nan  -4.977003e+00  -4.988165e+00   1.588651e-07   4.019922e+08   4.146070e-01  -3.015866e+00  -3.033927e+00   1.429786e-06   3.041971e+03   6.575838e-01
     4  -4.887457e+00  -4.906689e+00   2.932852e-07   3.989576e+08   4.147603e-01            nan  -4.954383e+00  -4.965546e+00   1.853780e-07   4.012361e+08   4.146002e-01  -2.979350e+00  -2.997224e+00   1.668402e-06   2.783969e+03   6.463397e-01
     5  -4.848100e+00  -4.867332e+00   3.833301e-07   3.969925e+08   4.147278e-01            nan  -4.931761e+00  -4.942925e+00   2.163150e-07   4.004002e+08   4.145926e-01  -2.943183e+00  -2.960890e+00   1.946835e-06   2.551961e+03   6.351105e-01
     6  -4.808743e+00  -4.827976e+00   5.007982e-07   3.946717e+08   4.146933e-01            nan  -4.909131e+00  -4.920298e+00   2.524142e-07   3.994763e+08   4.145843e-01  -2.907319e+00  -2.924881e+00   2.271728e-06   2.341572e+03   6.241255e-01
     7  -4.769386e+00  -4.788619e+00   6.538778e-07   3.919026e+08   4.146559e-01            nan  -4.886489e+00  -4.897662e+00   2.945370e-07   3.984552e+08   4.145750e-01  -2.871716e+00  -2.889153e+00   2.650833e-06   2.150366e+03   6.133496e-01
     8  -4.730029e+00  -4.749262e+00   8.530817e-07   3.886243e+08   4.146149e-01            nan  -4.863832e+00  -4.875013e+00   3.436881e-07   3.973266e+08   4.145648e-01  -2.836332e+00  -2.853664e+00   3.093193e-06   1.975827e+03   6.028482e-01
     9  -4.690672e+00  -4.709905e+00   1.111864e-06   3.847711e+08   4.145696e-01            nan  -4.841155e+00  -4.852345e+00   4.010398e-07   3.960795e+08   4.145535e-01  -2.801127e+00  -2.818373e+00   3.609358e-06   1.815883e+03   5.926803e-01
    10  -4.651315e+00  -4.670548e+00   1.447482e-06   3.802515e+08   4.145188e-01            nan  -4.818454e+00  -4.829656e+00   4.679601e-07   3.947017e+08   4.145410e-01  -2.766069e+00  -2.783244e+00   4.211641e-06   1.669251e+03   5.827702e-01
    11  -4.611958e+00  -4.631191e+00   1.881842e-06   3.748916e+08   4.144607e-01            nan  -4.795725e+00  -4.806941e+00   5.460446e-07   3.931799e+08   4.145272e-01  -2.731119e+00  -2.748242e+00   4.914402e-06   1.534164e+03   5.732397e-01
    12  -4.572601e+00  -4.591834e+00   2.442121e-06   3.686531e+08   4.143948e-01            nan  -4.772963e+00  -4.784195e+00   6.371554e-07   3.914993e+08   4.145119e-01  -2.696255e+00  -2.713337e+00   5.734398e-06   1.410063e+03   5.639050e-01
    13  -4.533244e+00  -4.552477e+00   3.163002e-06   3.614381e+08   4.143198e-01            nan  -4.750163e+00  -4.761414e+00   7.434644e-07   3.896440e+08   4.144949e-01  -2.661447e+00  -2.678502e+00   6.691180e-06   1.295454e+03   5.549265e-01
    14  -4.493888e+00  -4.513120e+00   4.087461e-06   3.530045e+08   4.142328e-01            nan  -4.727321e+00  -4.738592e+00   8.675058e-07   3.875966e+08   4.144762e-01  -2.626678e+00  -2.643715e+00   7.807552e-06   1.189997e+03   5.461086e-01
    15  -4.454531e+00  -4.473763e+00   5.266583e-06   3.433267e+08   4.141330e-01            nan  -4.704429e+00  -4.715724e+00   1.012236e-06   3.853381e+08   4.144554e-01  -2.591928e+00  -2.608955e+00   9.110122e-06   1.092680e+03   5.375423e-01
    16  -4.415174e+00  -4.434407e+00   6.764613e-06   3.323653e+08   4.140191e-01            nan  -4.681483e+00  -4.692805e+00   1.181103e-06   3.828478e+08   4.144325e-01  -2.557185e+00  -2.574209e+00   1.062993e-05   1.003081e+03   5.291044e-01
    17  -4.375817e+00  -4.395050e+00   8.657593e-06   3.197840e+08   4.138869e-01            nan  -4.658474e+00  -4.669826e+00   1.378130e-06   3.801034e+08   4.144071e-01  -2.522438e+00  -2.539464e+00   1.240317e-05   9.205119e+02   5.208236e-01
    18  -4.336460e+00  -4.355693e+00   1.103015e-05   3.057872e+08   4.137365e-01            nan  -4.635396e+00  -4.646782e+00   1.608010e-06   3.770807e+08   4.143790e-01  -2.487679e+00  -2.504711e+00   1.447209e-05   8.444973e+02   5.126469e-01
    19  -4.297103e+00  -4.316336e+00   1.399048e-05   2.902343e+08   4.135648e-01            nan  -4.612241e+00  -4.623664e+00   1.876216e-06   3.737536e+08   4.143479e-01  -2.452903e+00  -2.469943e+00   1.688595e-05   7.745323e+02   5.045660e-01
    20  -4.257746e+00  -4.276979e+00   1.763933e-05   2.731779e+08   4.133696e-01            nan  -4.588998e+00  -4.600464e+00   2.189133e-06   3.700942e+08   4.143135e-01  -2.418103e+00  -2.435154e+00   1.970220e-05   7.101345e+02   4.965846e-01
    21  -4.218389e+00  -4.237622e+00   2.211820e-05   2.548073e+08   4.131496e-01            nan  -4.565657e+00  -4.577171e+00   2.554206e-06   3.660725e+08   4.142755e-01  -2.383277e+00  -2.400341e+00   2.298786e-05   6.509216e+02   4.886653e-01
    22  -4.179032e+00  -4.198265e+00   2.752596e-05   2.352402e+08   4.129021e-01            nan  -4.542208e+00  -4.553774e+00   2.980121e-06   3.616568e+08   4.142335e-01  -2.348420e+00  -2.365499e+00   2.682109e-05   5.964328e+02   4.808556e-01
    23  -4.139676e+00  -4.158908e+00   3.402366e-05   2.147708e+08   4.126253e-01            nan  -4.518636e+00  -4.530262e+00   3.477003e-06   3.568133e+08   4.141870e-01  -2.313533e+00  -2.330627e+00   3.129303e-05   5.463777e+02   4.730900e-01
    24  -4.100319e+00  -4.119551e+00   4.171613e-05   1.939586e+08   4.123202e-01            nan  -4.494929e+00  -4.506621e+00   4.056664e-06   3.515068e+08   4.141356e-01  -2.278610e+00  -2.295721e+00   3.650997e-05   5.003285e+02   4.654503e-01
    25  -4.060962e+00  -4.080195e+00   5.069494e-05   1.727550e+08   4.119791e-01            nan  -4.471069e+00  -4.482835e+00   4.732872e-06   3.457003e+08   4.140788e-01  -2.243654e+00  -2.260781e+00   4.259585e-05   4.580662e+02   4.578434e-01
    26  -4.021605e+00  -4.040838e+00   6.108086e-05   1.519805e+08   4.116053e-01            nan  -4.447038e+00  -4.458887e+00   5.521683e-06   3.393560e+08   4.140161e-01  -2.208660e+00  -2.225805e+00   4.969515e-05   4.191989e+02   4.503791e-01
    27  -3.982248e+00  -4.001481e+00   7.293551e-05   1.320252e+08   4.111969e-01            nan  -4.422817e+00  -4.434759e+00   6.441814e-06   3.324351e+08   4.139467e-01  -2.173632e+00  -2.190793e+00   5.797633e-05   3.835628e+02   4.429385e-01
    28  -3.942891e+00  -3.962124e+00   8.628332e-05   1.132307e+08   4.107510e-01            nan  -4.398381e+00  -4.410427e+00   7.515084e-06   3.248988e+08   4.138701e-01  -2.138564e+00  -2.155744e+00   6.763576e-05   3.508036e+02   4.356524e-01
    29  -3.903534e+00  -3.922767e+00   1.011098e-04   9.588649e+07   4.102644e-01            nan  -4.373705e+00  -4.385868e+00   8.766923e-06   3.167088e+08   4.137855e-01  -2.103463e+00  -2.120659e+00   7.890231e-05   3.207902e+02   4.283929e-01
    30  -3.864177e+00  -3.883410e+00   1.173663e-04   8.020975e+07   4.097327e-01            nan  -4.348759e+00  -4.361053e+00   1.022697e-05   3.078285e+08   4.136921e-01  -2.068322e+00  -2.085537e+00   9.204273e-05   2.932192e+02   4.212857e-01
    31  -3.824820e+00  -3.844053e+00   1.349837e-04   6.633210e+07   4.091507e-01            nan  -4.323509e+00  -4.335951e+00   1.192976e-05   2.982243e+08   4.135888e-01  -2.033147e+00  -2.050378e+00   1.073678e-04   2.679709e+02   4.142170e-01
    32  -3.785463e+00  -3.804696e+00   1.538936e-04   5.429478e+07   4.085122e-01            nan  -4.297918e+00  -4.310525e+00   1.391553e-05   2.878666e+08   4.134748e-01  -1.997934e+00  -2.015183e+00   1.252398e-04   2.447968e+02   4.072911e-01
    33  -3.746107e+00  -3.765339e+00   1.740549e-04   4.405309e+07   4.078104e-01            nan  -4.271940e+00  -4.284735e+00   1.623115e-05   2.767323e+08   4.133488e-01  -1.962687e+00  -1.979953e+00   1.460803e-04   2.235834e+02   4.004152e-01
    34  -3.706750e+00  -3.725982e+00   1.954794e-04   3.548913e+07   4.070396e-01            nan  -4.245527e+00  -4.258533e+00   1.893121e-05   2.648066e+08   4.132097e-01  -1.927405e+00  -1.944688e+00   1.703808e-04   2.041277e+02   3.936735e-01
    35  -3.667393e+00  -3.686626e+00   2.181447e-04   2.843058e+07   4.061998e-01            nan  -4.218619e+00  -4.231865e+00   2.207926e-05   2.520853e+08   4.130558e-01  -1.892089e+00  -1.909388e+00   1.987134e-04   1.863247e+02   3.869903e-01
    36  -3.628036e+00  -3.647269e+00   2.413125e-04   2.263940e+07   4.052469e-01            nan  -4.191151e+00  -4.204668e+00   2.574932e-05   2.385782e+08   4.128856e-01  -1.856739e+00  -1.874055e+00   2.317439e-04   1.700079e+02   3.804344e-01
    37  -3.588679e+00  -3.607912e+00   2.658141e-04   1.797133e+07   4.041733e-01            nan  -4.163045e+00  -4.176871e+00   3.002750e-05   2.243121e+08   4.126972e-01  -1.821357e+00  -1.838688e+00   2.702475e-04   1.550827e+02   3.739420e-01
    38  -3.549322e+00  -3.568555e+00   2.914090e-04   1.424244e+07   4.030224e-01            nan  -4.134211e+00  -4.148389e+00   3.501400e-05   2.093343e+08   4.124884e-01  -1.785940e+00  -1.803288e+00   3.151260e-04   1.414110e+02   3.675722e-01
    39  -3.509965e+00  -3.529198e+00   3.175449e-04   1.126881e+07   4.016481e-01            nan  -4.104544e+00  -4.119124e+00   4.082538e-05   1.937163e+08   4.122564e-01  -1.750493e+00  -1.767855e+00   3.674284e-04   1.289102e+02   3.612675e-01
    40  -3.470608e+00  -3.489841e+00   3.454800e-04   8.920363e+06   4.001489e-01            nan  -4.073922e+00  -4.088963e+00   4.759714e-05   1.775570e+08   4.119983e-01  -1.715012e+00  -1.732390e+00   4.283742e-04   1.174641e+02   3.550834e-01
    41  -3.431251e+00  -3.450484e+00   3.735056e-04   7.066999e+06   3.984368e-01            nan  -4.042199e+00  -4.057771e+00   5.548679e-05   1.609867e+08   4.117102e-01  -1.679501e+00  -1.696893e+00   4.993811e-04   1.070028e+02   3.489623e-01
    42  -3.391895e+00  -3.411127e+00   4.036682e-04   5.611028e+06   3.964854e-01            nan  -4.009206e+00  -4.025390e+00   6.467734e-05   1.441685e+08   4.113873e-01  -1.643955e+00  -1.661364e+00   5.820960e-04   9.742675e+01   3.429625e-01
    43  -3.352538e+00  -3.371770e+00   4.343095e-04   4.464605e+06   3.943054e-01            nan  -3.974740e+00  -3.991631e+00   7.538125e-05   1.273001e+08   4.110236e-01  -1.608379e+00  -1.625803e+00   6.784313e-04   8.867894e+01   3.370198e-01
    44  -3.313181e+00  -3.332414e+00   4.672571e-04   3.564840e+06   3.918057e-01            nan  -3.938561e+00  -3.956274e+00   8.784517e-05   1.106117e+08   4.106114e-01  -1.572768e+00  -1.590209e+00   7.906065e-04   8.067284e+01   3.312016e-01
    45  -3.273824e+00  -3.293057e+00   5.011221e-04   2.856123e+06   3.890018e-01            nan  -3.900383e+00  -3.919053e+00   1.023551e-04   9.436245e+07   4.101405e-01  -1.537126e+00  -1.554582e+00   9.211963e-04   7.336322e+01   3.254315e-01
    46  -3.234467e+00  -3.253700e+00   5.374457e-04   2.296094e+06   3.858877e-01            nan  -3.859868e+00  -3.879653e+00   1.192428e-04   7.883153e+07   4.095972e-01  -1.501448e+00  -1.518921e+00   1.073185e-03   6.667434e+01   3.197894e-01
    47  -3.195110e+00  -3.214343e+00   5.756061e-04   1.855187e+06   3.823077e-01            nan  -3.816617e+00  -3.837704e+00   1.388921e-04   6.430518e+07   4.089625e-01  -1.465738e+00  -1.483226e+00   1.250029e-03   6.056998e+01   3.141897e-01
    48  -3.155753e+00  -3.174986e+00   6.163552e-04   1.502017e+06   3.785458e-01            nan  -3.770163e+00  -3.792769e+00   1.617478e-04   5.105794e+07   4.082099e-01  -1.429990e+00  -1.447496e+00   1.455730e-03   5.498658e+01   3.087120e-01
    49  -3.116396e+00  -3.135629e+00   6.599083e-04   1.224103e+06   3.740962e-01            nan  -3.719976e+00  -3.744345e+00   1.883238e-04   3.932919e+07   4.073014e-01  -1.394207e+00  -1.411730e+00   1.694914e-03   4.989138e+01   3.032844e-01
    50  -3.077039e+00  -3.096272e+00   7.065047e-04   9.979935e+05   3.696553e-01   4.380289e-01  -3.665474e+00  -3.691871e+00   2.192140e-04   2.929631e+07   4.061815e-01  -1.358384e+00  -1.375926e+00   1.972926e-03   4.523519e+01   2.979590e-01
    51  -3.037682e+00  -3.056915e+00   7.567253e-04   8.193964e+05   3.643146e-01   4.359959e-01  -3.606072e+00  -3.634758e+00   2.551039e-04   2.104873e+07   4.047680e-01  -1.322524e+00  -1.340084e+00   2.295935e-03   4.098570e+01   2.926977e-01
    52  -2.998326e+00  -3.017558e+00   8.108779e-04   6.727905e+05   3.590609e-01   4.335031e-01  -3.541259e+00  -3.572457e+00   2.967831e-04   1.456856e+07   4.029382e-01  -1.286623e+00  -1.304202e+00   2.671048e-03   3.710633e+01   2.875157e-01
    53  -2.958969e+00  -2.978201e+00   8.693683e-04   5.550706e+05   3.531285e-01   4.322622e-01  -3.470750e+00  -3.504575e+00   3.451610e-04   9.725607e+06   4.005114e-01  -1.250679e+00  -1.268279e+00   3.106449e-03   3.356537e+01   2.824140e-01
    54  -2.919612e+00  -2.938845e+00   9.329946e-04   4.582625e+05   3.472050e-01   4.310138e-01  -3.394677e+00  -3.431050e+00   4.012824e-04   6.292759e+06   3.972294e-01  -1.214694e+00  -1.232314e+00   3.611542e-03   3.033677e+01   2.773652e-01
    55  -2.880255e+00  -2.899488e+00   1.001723e-03   3.792132e+05   3.409096e-01   4.307107e-01  -3.313770e+00  -3.352342e+00   4.663463e-04   3.982637e+06   3.927531e-01  -1.178661e+00  -1.196304e+00   4.197117e-03   2.738971e+01   2.724132e-01
    56  -2.840898e+00  -2.860131e+00   1.076890e-03   3.140393e+05   3.345931e-01   4.307185e-01  -3.229389e+00  -3.269533e+00   5.417261e-04   2.496890e+06   3.867008e-01  -1.142583e+00  -1.160248e+00   4.875535e-03   2.470459e+01   2.675071e-01
    57  -2.801541e+00  -2.820774e+00   1.158108e-03   2.601972e+05   3.281692e-01   4.313743e-01  -3.143305e+00  -3.184217e+00   6.289911e-04   1.571680e+06   3.787562e-01  -1.106455e+00  -1.124144e+00   5.660920e-03   2.225663e+01   2.626813e-01
    58  -2.762184e+00  -2.781417e+00   1.246986e-03   2.156414e+05   3.217827e-01   4.323488e-01  -3.057277e+00  -3.098164e+00   7.299314e-04   1.003940e+06   3.688255e-01  -1.070278e+00  -1.087990e+00   6.569382e-03   2.002720e+01   2.579137e-01
    59  -2.722827e+00  -2.742060e+00   1.343082e-03   1.785755e+05   3.154960e-01   4.336760e-01  -2.972642e+00  -3.012901e+00   8.465830e-04   6.543865e+05   3.571517e-01  -1.034050e+00  -1.051786e+00   7.619247e-03   1.799849e+01   2.531909e-01
    60  -2.683470e+00  -2.702703e+00   1.447916e-03   1.478344e+05   3.093328e-01   4.351420e-01  -2.890131e+00  -2.929430e+00   9.812558e-04   4.353631e+05   3.442838e-01  -9.977688e-01  -1.015531e+00   8.831303e-03   1.615162e+01   2.485444e-01
    61  -2.644114e+00  -2.663346e+00   1.561289e-03   1.221804e+05   3.034194e-01   4.365613e-01  -2.809916e+00  -2.848174e+00   1.136562e-03   2.946063e+05   3.309229e-01  -9.614341e-01  -9.792215e-01   1.022906e-02   1.447299e+01   2.439397e-01
    62  -2.604757e+00  -2.623989e+00   1.684406e-03   1.009197e+05   2.976830e-01   4.379703e-01  -2.731771e+00  -2.769088e+00   1.315444e-03   2.017091e+05   3.177395e-01  -9.250452e-01  -9.428586e-01   1.183900e-02   1.294800e+01   2.393858e-01
    63  -2.565400e+00  -2.584633e+00   1.817442e-03   8.317754e+04   2.922813e-01   4.389596e-01  -2.655264e+00  -2.691835e+00   1.521208e-03   1.389835e+05   3.052425e-01  -8.886008e-01  -9.064409e-01   1.369088e-02   1.156347e+01   2.348868e-01
    64  -2.526043e+00  -2.545276e+00   1.961314e-03   6.852227e+04   2.870557e-01   4.398459e-01  -2.579901e+00  -2.615950e+00   1.757548e-03   9.594427e+04   2.937156e-01  -8.521021e-01  -8.699682e-01   1.581793e-02   1.030837e+01   2.304183e-01
    65  -2.486686e+00  -2.505919e+00   2.116504e-03   5.632348e+04   2.821745e-01   4.401491e-01  -2.505239e+00  -2.540968e+00   2.028572e-03   6.616046e+04   2.832138e-01  -8.155493e-01  -8.334412e-01   1.825715e-02   9.171457e+00   2.259929e-01
    66  -2.447329e+00  -2.466562e+00   2.283884e-03   4.628961e+04   2.774343e-01   4.403287e-01  -2.430948e+00  -2.466507e+00   2.338830e-03   4.550905e+04   2.736085e-01  -7.789429e-01  -7.968605e-01   2.104947e-02   8.142820e+00   2.216073e-01
    67  -2.407972e+00  -2.427205e+00   2.464040e-03   3.797136e+04   2.729824e-01   4.399969e-01  -2.356840e+00  -2.392315e+00   2.693323e-03   3.122289e+04   2.646772e-01  -7.422860e-01  -7.602278e-01   2.423991e-02   7.213777e+00   2.172421e-01
    68  -2.368615e+00  -2.387848e+00   2.658128e-03   3.114848e+04   2.686479e-01   4.395555e-01  -2.282848e+00  -2.318270e+00   3.097518e-03   2.137995e+04   2.562032e-01  -7.055818e-01  -7.235463e-01   2.787766e-02   6.375890e+00   2.128999e-01
    69  -2.329258e+00  -2.348491e+00   2.866618e-03   2.552506e+04   2.644964e-01   4.388493e-01  -2.208998e+00  -2.244355e+00   3.557342e-03   1.462487e+04   2.480369e-01  -6.688335e-01  -6.868191e-01   3.201608e-02   5.621331e+00   2.085838e-01
    70  -2.289901e+00  -2.309134e+00   3.091238e-03   2.091725e+04   2.604544e-01   4.380702e-01  -2.135365e+00  -2.170623e+00   4.079169e-03   1.000270e+04   2.401024e-01  -6.320468e-01  -6.500508e-01   3.671252e-02   4.943280e+00   2.042775e-01
    71  -2.250545e+00  -2.269777e+00   3.332168e-03   1.713390e+04   2.565311e-01   4.371734e-01  -2.062055e+00  -2.097165e+00   4.669785e-03   6.845831e+03   2.323751e-01  -5.952296e-01  -6.132482e-01   4.202806e-02   4.335367e+00   1.999675e-01
    72  -2.211188e+00  -2.230420e+00   3.591914e-03   1.403588e+04   2.527073e-01   4.362894e-01  -1.989180e+00  -2.024091e+00   5.336336e-03   4.691559e+03   2.248571e-01  -5.583897e-01  -5.764191e-01   4.802703e-02   3.791396e+00   1.956650e-01
    73  -2.171831e+00  -2.191064e+00   3.870252e-03   1.149738e+04   2.489771e-01   4.353193e-01  -1.916854e+00  -1.951513e+00   6.086254e-03   3.221406e+03   2.175612e-01  -5.215373e-01  -5.395727e-01   5.477629e-02   3.305928e+00   1.913566e-01
    74  -2.132474e+00  -2.151707e+00   4.170452e-03   9.419298e+03   2.453398e-01   4.344453e-01  -1.845185e+00  -1.879543e+00   6.927149e-03   2.217305e+03   2.105024e-01  -4.846854e-01  -5.027206e-01   6.234434e-02   2.873889e+00   1.870292e-01
    75  -2.093117e+00  -2.112350e+00   4.492322e-03   7.718093e+03   2.417946e-01   4.335067e-01  -1.774273e+00  -1.808283e+00   7.866679e-03   1.530500e+03   2.036939e-01  -4.478492e-01  -4.658768e-01   7.080011e-02   2.490541e+00   1.826745e-01
    76  -2.053760e+00  -2.072993e+00   4.839352e-03   6.325382e+03   2.383401e-01   4.326643e-01  -1.704211e+00  -1.737831e+00   8.912390e-03   1.059759e+03   1.971454e-01  -4.110451e-01  -4.290574e-01   8.021151e-02   2.151372e+00   1.782971e-01
    77  -2.014403e+00  -2.033636e+00   5.212044e-03   5.185619e+03   2.349866e-01   4.318043e-01  -1.635078e+00  -1.668271e+00   1.007152e-02   7.362892e+02   1.908627e-01  -3.742927e-01  -3.922803e-01   9.064369e-02   1.852315e+00   1.738852e-01
    78  -1.975046e+00  -1.994279e+00   5.613644e-03   4.252217e+03   2.317255e-01   4.310118e-01  -1.566946e+00  -1.599677e+00   1.135078e-02   5.133629e+02   1.848475e-01  -3.376145e-01  -3.555665e-01   1.021570e-01   1.589562e+00   1.694282e-01
    79  -1.935689e+00  -1.954922e+00   6.045700e-03   3.488387e+03   2.285765e-01   4.302263e-01  -1.499873e+00  -1.532116e+00   1.275612e-02   3.592261e+02   1.790985e-01  -3.010357e-01  -3.189401e-01   1.148050e-01   1.359558e+00   1.649196e-01
    80  -1.896333e+00  -1.915565e+00   6.511094e-03   2.862451e+03   2.255244e-01   4.294832e-01  -1.433909e+00  -1.465640e+00   1.429243e-02   2.522779e+02   1.736114e-01  -2.645832e-01  -2.824271e-01   1.286319e-01   1.158941e+00   1.603645e-01
    81  -1.856976e+00  -1.876208e+00   7.012727e-03   2.350137e+03   2.225929e-01   4.287665e-01  -1.369092e+00  -1.400292e+00   1.596333e-02   1.777983e+02   1.683797e-01  -2.282868e-01  -2.460559e-01   1.436700e-01   9.846509e-01   1.557558e-01
    82  -1.817619e+00  -1.836852e+00   7.552921e-03   1.930067e+03   2.197681e-01   4.280548e-01  -1.305451e+00  -1.336107e+00   1.777087e-02   1.257343e+02   1.633952e-01  -1.921789e-01  -2.098577e-01   1.599378e-01   8.338441e-01   1.510884e-01
    83  -1.778262e+00  -1.797495e+00   8.136389e-03   1.586021e+03   2.170674e-01   4.273816e-01  -1.243003e+00  -1.273105e+00   1.971527e-02   8.920084e+01   1.586485e-01  -1.562939e-01  -1.738659e-01   1.774374e-01   7.038771e-01   1.463648e-01
    84  -1.738905e+00  -1.758138e+00   8.764572e-03   1.303861e+03   2.144851e-01   4.266969e-01  -1.181756e+00  -1.211300e+00   2.179475e-02   6.346855e+01   1.541294e-01  -1.206668e-01  -1.381151e-01   1.961527e-01   5.923071e-01   1.415933e-01
    85  -1.699548e+00  -1.718781e+00   9.444155e-03   1.072502e+03   2.120294e-01   4.260379e-01  -1.121708e+00  -1.150695e+00   2.400535e-02   4.527737e+01   1.498273e-01  -8.533440e-02  -1.026414e-01   2.160481e-01   4.969217e-01   1.367746e-01
    86  -1.660191e+00  -1.679424e+00   1.017672e-02   8.827449e+02   2.096992e-01   4.253709e-01  -1.062847e+00  -1.091281e+00   2.634082e-02   3.237250e+01   1.457316e-01  -5.033440e-02  -6.748191e-02   2.370673e-01   4.156989e-01   1.319141e-01
    87  -1.620834e+00  -1.640067e+00   1.096948e-02   7.269075e+02   2.074989e-01   4.247045e-01  -1.005152e+00  -1.033042e+00   2.879262e-02   2.318778e+01   1.418306e-01  -1.570295e-02  -3.267357e-02   2.591336e-01   3.467868e-01   1.270306e-01
    88  -1.581477e+00  -1.600710e+00   1.182653e-02   5.991148e+02   2.054255e-01   4.240452e-01  -9.485918e-01  -9.759517e-01   3.134998e-02   1.663122e+01   1.381141e-01   1.852370e-02   1.747459e-03   2.821498e-01   2.885445e-01   1.221316e-01
    89  -1.542120e+00  -1.561353e+00   1.275359e-02   4.939458e+02   2.034859e-01   4.233469e-01  -8.931269e-01  -9.199745e-01   3.400006e-02   1.193848e+01   1.345715e-01   5.231080e-02   3.574574e-02   3.060005e-01   2.394955e-01   1.172314e-01
    90  -1.502764e+00  -1.521996e+00   1.375927e-02   4.076367e+02   2.016737e-01   4.226892e-01  -8.387074e-01  -8.650653e-01   3.672816e-02   8.572127e+00   1.311921e-01   8.562654e-02   6.928806e-02   3.305535e-01   1.983237e-01   1.123510e-01
    91  -1.463407e+00  -1.482639e+00   1.484630e-02   3.366145e+02   1.999882e-01   4.219389e-01  -7.852754e-01  -8.111702e-01   3.951809e-02   6.153005e+00   1.279666e-01   1.184408e-01   1.023435e-01   3.556628e-01   1.638801e-01   1.075021e-01
    92  -1.424050e+00  -1.443283e+00   1.602779e-02   2.781768e+02   1.984316e-01   4.212441e-01  -7.327629e-01  -7.582260e-01   4.235249e-02   4.412266e+00   1.248852e-01   1.507281e-01   1.348844e-01   3.811724e-01   1.351459e-01   1.027094e-01
    93  -1.384693e+00  -1.403926e+00   1.730880e-02   2.301281e+02   1.969866e-01   4.204641e-01  -6.810933e-01  -7.061601e-01   4.521329e-02   3.158767e+00   1.219393e-01   1.824657e-01   1.668867e-01   4.069196e-01   1.112451e-01   9.798705e-02
    94  -1.345336e+00  -1.364569e+00   1.870031e-02   1.904581e+02   1.956726e-01   4.196900e-01  -6.301799e-01  -6.548909e-01   4.808216e-02   2.255989e+00   1.191203e-01   2.136354e-01   1.983301e-01   4.327394e-01   9.141436e-02   9.335512e-02
    95  -1.305979e+00  -1.325212e+00   2.021681e-02   1.578184e+02   1.944576e-01   4.188595e-01  -5.799248e-01  -6.043258e-01   5.094094e-02   1.606070e+00   1.164206e-01   2.442231e-01   2.291985e-01   4.584685e-01   7.500079e-02   8.882929e-02
    96  -1.266622e+00  -1.285855e+00   2.186120e-02   1.308715e+02   1.933507e-01   4.180036e-01  -5.302217e-01  -5.543626e-01   5.377208e-02   1.138810e+00   1.138340e-01   2.742189e-01   2.594799e-01   4.839488e-01   6.144525e-02   8.442509e-02
    97  -1.227265e+00  -1.246498e+00   2.365622e-02   1.086148e+02   1.923404e-01   4.170826e-01  -4.809504e-01  -5.048877e-01   5.655903e-02   8.034928e-01   1.113542e-01   3.036173e-01   2.891668e-01   5.090312e-01   5.027261e-02   8.015612e-02
    98  -1.187908e+00  -1.207141e+00   2.561465e-02   9.025958e+01   1.914022e-01   4.161397e-01  -4.319768e-01  -4.557737e-01   5.928652e-02   5.635191e-01   1.089780e-01   3.324165e-01   3.182555e-01   5.335787e-01   4.108126e-02   7.603311e-02
    99  -1.148552e+00  -1.167784e+00   2.774686e-02   7.504455e+01   1.905513e-01   4.151202e-01  -3.831554e-01  -4.068805e-01   6.194091e-02   3.924468e-01   1.067020e-01   3.606190e-01   3.467466e-01   5.574682e-01   3.353236e-02   7.206582e-02
   100  -1.109195e+00  -1.128427e+00   3.008103e-02   6.246154e+01   1.897562e-01   4.140577e-01  -3.343216e-01  -3.580525e-01   6.451030e-02   2.710519e-01   1.045253e-01   3.882305e-01   3.746441e-01   5.805927e-01   2.734228e-02   6.826016e-02
   101  -1.069838e+00  -1.089071e+00   3.263317e-02   5.205559e+01   1.889899e-01   4.129251e-01  -2.852911e-01  -3.091148e-01   6.698469e-02   1.854087e-01   1.024519e-01   4.152603e-01   4.019556e-01   6.028622e-01   2.227327e-02   6.462168e-02
   102  -1.030481e+00  -1.049714e+00   3.542003e-02   4.339939e+01   1.882684e-01   4.116617e-01  -2.358657e-01  -2.598757e-01   6.935597e-02   1.254429e-01   1.004843e-01   4.417202e-01   4.286917e-01   6.242038e-01   1.812791e-02   6.115182e-02
   103  -9.911240e-01  -1.010357e+00   3.847856e-02   3.622022e+01   1.875535e-01   4.103562e-01  -1.858231e-01  -2.101240e-01   7.161799e-02   8.381325e-02   9.863084e-02   4.676251e-01   4.548658e-01   6.445619e-01   1.474156e-02   5.785242e-02
   104  -9.517671e-01  -9.709999e-01   4.183464e-02   3.026375e+01   1.868119e-01   4.089163e-01  -1.349248e-01  -1.596287e-01   7.376638e-02   5.521809e-02   9.690326e-02   4.929914e-01   4.804934e-01   6.638974e-01   1.197847e-02   5.472107e-02
   105  -9.124102e-01  -9.316430e-01   4.550502e-02   2.529746e+01   1.860625e-01   4.073602e-01  -8.293034e-02  -1.081499e-01   7.579851e-02   3.582856e-02   9.530666e-02   5.178383e-01   5.055926e-01   6.821866e-01   9.725861e-03   5.175674e-02
   106  -8.730533e-01  -8.922861e-01   4.954149e-02   2.116116e+01   1.852677e-01   4.056704e-01  -2.960385e-02  -5.544912e-02   7.771330e-02   2.287238e-02   9.384755e-02   5.421858e-01   5.301827e-01   6.994197e-01   7.891271e-03   4.895432e-02
   107  -8.336964e-01  -8.529292e-01   5.398367e-02   1.771688e+01   1.843902e-01   4.038052e-01   2.521720e-02  -1.328890e-03   7.951106e-02   1.437336e-02   9.249262e-02   5.660556e-01   5.542847e-01   7.155996e-01   6.398191e-03   4.631035e-02
   108  -7.943395e-01  -8.135723e-01   5.885675e-02   1.484221e+01   1.834238e-01   4.017765e-01   8.157470e-02   5.430949e-02   8.119333e-02   8.908397e-03   9.117196e-02   5.894702e-01   5.779207e-01   7.307399e-01   5.184075e-03   4.381851e-02
   109  -7.549826e-01  -7.742154e-01   6.421271e-02   1.243372e+01   1.823741e-01   3.995204e-01   1.392708e-01   1.113802e-01   8.276263e-02   5.472743e-03   8.971865e-02   6.124531e-01   6.011137e-01   7.448636e-01   4.197466e-03   4.147316e-02
   110  -7.156257e-01  -7.348585e-01   7.011182e-02   1.042104e+01   1.811852e-01   3.970064e-01   1.977508e-01   1.694944e-01   8.422234e-02   3.361743e-03   8.784564e-02   6.350282e-01   6.238873e-01   7.580011e-01   3.396288e-03   3.926775e-02
   111  -6.762688e-01  -6.955016e-01   7.660954e-02   8.736518e+00   1.798456e-01   3.942325e-01   2.560978e-01   2.279034e-01   8.557652e-02   2.088012e-03   8.520898e-02   6.572195e-01   6.462656e-01   7.701887e-01   2.746137e-03   3.719522e-02
   112  -6.369119e-01  -6.561447e-01   8.374653e-02   7.324356e+00   1.783403e-01   3.911369e-01   3.131950e-01   2.855840e-01   8.682971e-02   1.325670e-03   8.156465e-02   6.790516e-01   6.682727e-01   7.814674e-01   2.218859e-03   3.524915e-02
   113  -5.975550e-01  -6.167878e-01   9.158983e-02   6.136791e+00   1.766738e-01   3.876136e-01   3.680335e-01   3.414792e-01   8.798682e-02   8.662405e-04   7.694485e-02   7.005487e-01   6.899332e-01   7.918814e-01   1.791527e-03   3.342218e-02
   114  -5.581981e-01  -5.774309e-01   1.002196e-01   5.140106e+00   1.748110e-01   3.836753e-01   4.199614e-01   3.947731e-01   8.905301e-02   5.833084e-04   7.165862e-02   7.217350e-01   7.112710e-01   8.014771e-01   1.445414e-03   3.170758e-02
   115  -5.188412e-01  -5.380740e-01   1.097007e-01   4.302426e+00   1.727330e-01   3.792257e-01   4.687313e-01   4.450306e-01   9.003354e-02   4.036490e-04   6.611656e-02   7.426343e-01   7.323104e-01   8.103019e-01   1.165268e-03   3.009859e-02
   116  -4.794843e-01  -4.987171e-01   1.201129e-01   3.597993e+00   1.704260e-01   3.741618e-01   5.143978e-01   4.921645e-01   9.093373e-02   2.857768e-04   6.066307e-02   7.632700e-01   7.530747e-01   8.184036e-01   9.386780e-04   2.858840e-02
   117  -4.401275e-01  -4.593602e-01   1.315021e-01   3.005149e+00   1.678935e-01   3.683860e-01   5.571797e-01   5.363153e-01   9.175884e-02   2.061050e-04   5.551511e-02   7.836650e-01   7.735872e-01   8.258295e-01   7.555305e-04   2.717078e-02
   118  -4.007706e-01  -4.200033e-01   1.439704e-01   2.506011e+00   1.651392e-01   3.618122e-01   5.973603e-01   5.777345e-01   9.251402e-02   1.508748e-04   5.077397e-02   8.038415e-01   7.938704e-01   8.326262e-01   6.076075e-04   2.583952e-02
   119  -3.614137e-01  -3.806464e-01   1.576026e-01   2.086346e+00   1.621403e-01   3.543266e-01   6.352334e-01   6.167096e-01   9.320429e-02   1.117742e-04   4.646969e-02   8.238208e-01   8.139460e-01   8.388386e-01   4.882280e-04   2.458862e-02
   120  -3.220568e-01  -3.412895e-01   1.724772e-01   1.733600e+00   1.588914e-01   3.457775e-01   6.710771e-01   6.535249e-01   9.383445e-02   8.360821e-05   4.259351e-02   8.436239e-01   8.338352e-01   8.445100e-01   3.919600e-04   2.341259e-02
   121  -2.826999e-01  -3.019326e-01   1.886705e-01   1.437259e+00   1.553952e-01   3.360373e-01   7.051368e-01   6.884408e-01   9.440910e-02   6.304184e-05   3.911467e-02   8.632704e-01   8.535582e-01   8.496819e-01   3.143940e-04   2.230611e-02
   122  -2.433430e-01  -2.625758e-01   2.062215e-01   1.188463e+00   1.516597e-01   3.249447e-01   7.376298e-01   7.216871e-01   9.493262e-02   4.784751e-05   3.599604e-02   8.827793e-01   8.731344e-01   8.543935e-01   2.519513e-04   2.126413e-02
   123  -2.039861e-01  -2.232189e-01   2.252137e-01   9.798106e-01   1.476887e-01   3.122070e-01   7.687453e-01   7.534662e-01   9.540910e-02   3.651366e-05   3.320008e-02   9.021686e-01   8.925821e-01   8.586819e-01   2.017278e-04   2.028196e-02
   124  -1.646292e-01  -1.838620e-01   2.457140e-01   8.052547e-01   1.434785e-01   2.977219e-01   7.986468e-01   7.839534e-01   9.584241e-02   2.799222e-05   3.068939e-02   9.214552e-01   9.119189e-01   8.625817e-01   1.613687e-04   1.935529e-02
   125  -1.252723e-01  -1.445051e-01   2.677660e-01   6.594910e-01   1.390424e-01   2.813617e-01   8.274771e-01   8.133012e-01   9.623618e-02   2.154113e-05   2.843160e-02   9.406552e-01   9.311613e-01   8.661256e-01   1.289671e-04   1.848000e-02
   126  -8.591540e-02  -1.051482e-01   2.913855e-01   5.380505e-01   1.343909e-01   2.629747e-01   8.553603e-01   8.416425e-01   9.659376e-02   1.662969e-05   2.639638e-02   9.597835e-01   9.503246e-01   8.693438e-01   1.029784e-04   1.765229e-02
   127  -4.655851e-02  -6.579128e-02   3.164783e-01   4.370337e-01   1.295270e-01   2.420980e-01   8.824049e-01   8.690931e-01   9.691827e-02   1.287235e-05   2.455770e-02   9.788541e-01   9.694235e-01   8.722644e-01   8.215317e-05   1.686869e-02
   128  -7.201615e-03  -2.643439e-02   3.431119e-01   3.532498e-01   1.244621e-01   2.188741e-01   9.087070e-01   8.957550e-01   9.721261e-02   9.985776e-06   2.289261e-02   9.978801e-01   9.884713e-01   8.749135e-01   6.548125e-05   1.612602e-02
   129   3.215528e-02   1.292251e-02   3.712565e-01   2.841198e-01   1.192301e-01   1.934611e-01   9.343499e-01   9.217177e-01   9.747945e-02   7.760891e-06   2.138056e-02   1.016874e+00   1.007481e+00   8.773151e-01   5.214711e-05   1.542129e-02
   130   7.151217e-02   5.227940e-02   4.008101e-01   2.272960e-01   1.138594e-01   1.658506e-01   9.594084e-01   9.470599e-01   9.772124e-02   6.040804e-06   2.000421e-02   1.035846e+00   1.026463e+00   8.794912e-01   4.149256e-05   1.475182e-02
   131   1.108691e-01   9.163630e-02   4.316911e-01   1.808035e-01   1.083748e-01   1.367409e-01   9.839486e-01   9.718518e-01   9.794025e-02   4.707695e-06   1.874806e-02   1.054806e+00   1.045429e+00   8.814623e-01   3.298708e-05   1.411513e-02
   132   1.502260e-01   1.309932e-01   4.637961e-01   1.429403e-01   1.028102e-01   1.066145e-01   1.008029e+00   9.961557e-01   9.813854e-02   3.672504e-06   1.759845e-02   1.073765e+00   1.064389e+00   8.832469e-01   2.620342e-05   1.350900e-02
   133   1.895829e-01   1.703501e-01   4.966930e-01   1.122036e-01   9.717841e-02   7.528481e-02   1.031702e+00   1.020027e+00   9.831802e-02   2.867241e-06   1.654378e-02   1.092730e+00   1.083351e+00   8.848622e-01   2.079795e-05   1.293138e-02
   134   2.289398e-01   2.097070e-01   5.303706e-01   8.740597e-02   9.150460e-02   4.580182e-02   1.055014e+00   1.043514e+00   9.848042e-02   2.239951e-06   1.557371e-02   1.111710e+00   1.102324e+00   8.863237e-01   1.649450e-05   1.238042e-02
   135   2.682966e-01   2.490639e-01   5.646510e-01   6.757398e-02   8.586091e-02   1.751807e-02   1.078006e+00   1.066662e+00   9.862732e-02   1.750749e-06   1.467915e-02   1.130711e+00   1.121315e+00   8.876458e-01   1.307140e-05   1.185442e-02
   136   3.076535e-01   2.884208e-01   5.991096e-01   5.182413e-02   8.028732e-02  -9.490455e-03   1.100717e+00   1.089510e+00   9.876016e-02   1.368902e-06   1.385218e-02   1.149740e+00   1.140330e+00   8.888415e-01   1.035088e-05   1.135185e-02
   137   3.470104e-01   3.277777e-01   6.333516e-01   3.934748e-02   7.476579e-02  -3.182802e-02   1.123180e+00   1.112094e+00   9.888027e-02   1.070625e-06   1.308593e-02   1.168802e+00   1.159376e+00   8.899225e-01   8.190549e-06   1.087132e-02
   138   3.863673e-01   3.671346e-01   6.673644e-01   2.960242e-02   6.938745e-02  -5.113999e-02   1.145423e+00   1.134444e+00   9.898885e-02   8.374931e-07   1.237429e-02   1.187903e+00   1.178458e+00   8.908996e-01   6.476448e-06   1.041157e-02
   139   4.257242e-01   4.064915e-01   7.003817e-01   2.204387e-02   6.417260e-02  -6.777646e-02   1.167475e+00   1.156589e+00   9.908698e-02   6.551978e-07   1.171192e-02   1.207046e+00   1.197580e+00   8.917828e-01   5.117489e-06   9.971442e-03
   140   4.650811e-01   4.458483e-01   7.324934e-01   1.623130e-02   5.914278e-02  -8.145607e-02   1.189358e+00   1.178554e+00   9.917565e-02   5.126076e-07   1.109411e-02   1.226237e+00   1.216748e+00   8.925808e-01   4.040928e-06   9.549882e-03
   141   5.044380e-01   4.852052e-01   7.629978e-01   1.181979e-02   5.433732e-02  -9.107154e-02   1.211095e+00   1.200363e+00   9.925576e-02   4.010500e-07   1.051669e-02   1.245478e+00   1.235964e+00   8.933019e-01   3.188728e-06   9.145927e-03
   142   5.437949e-01   5.245621e-01   7.919987e-01   8.502292e-03   4.977317e-02  -9.857277e-02   1.232705e+00   1.222035e+00   9.932813e-02   3.137580e-07   9.976039e-03   1.264772e+00   1.255232e+00   8.939532e-01   2.514627e-06   8.758698e-03
   143   5.831518e-01   5.639190e-01   8.188693e-01   6.039703e-03   4.547286e-02  -1.041192e-01   1.254206e+00   1.243589e+00   9.939350e-02   2.454474e-07   9.468932e-03   1.284122e+00   1.274555e+00   8.945415e-01   1.981790e-06   8.387385e-03
   144   6.225087e-01   6.032759e-01   8.436589e-01   4.237851e-03   4.145310e-02  -1.078229e-01   1.275611e+00   1.265040e+00   9.945254e-02   1.919892e-07   8.992511e-03   1.303530e+00   1.293935e+00   8.950729e-01   1.560908e-06   8.031245e-03
   145   6.618656e-01   6.426328e-01   8.662473e-01   2.933623e-03   3.771603e-02  -1.099970e-01   1.296936e+00   1.286404e+00   9.950586e-02   1.501551e-07   8.544243e-03   1.322998e+00   1.313373e+00   8.955527e-01   1.228684e-06   7.689591e-03
   146   7.012225e-01   6.819897e-01   8.865277e-01   2.004153e-03   3.426830e-02  -1.107286e-01   1.318192e+00   1.307694e+00   9.955400e-02   1.174195e-07   8.121877e-03   1.342528e+00   1.332873e+00   8.959860e-01   9.666182e-07   7.361787e-03
   147   7.405794e-01   7.213466e-01   9.044076e-01   1.351702e-03   3.110763e-02  -1.101091e-01   1.339392e+00   1.328921e+00   9.959747e-02   9.180599e-08   7.723409e-03   1.362119e+00   1.352434e+00   8.963772e-01   7.600276e-07   7.047246e-03
   148   7.799363e-01   7.607035e-01   9.200379e-01   9.001634e-04   2.822538e-02  -1.080572e-01   1.360544e+00   1.350096e+00   9.963672e-02   7.176744e-08   7.347051e-03   1.381774e+00   1.372058e+00   8.967304e-01   5.972718e-07   6.745418e-03
   149   8.192932e-01   8.000604e-01   9.335509e-01   5.922213e-04   2.561018e-02  -1.048641e-01   1.381657e+00   1.371228e+00   9.967214e-02   5.609272e-08   6.991203e-03   1.401491e+00   1.391744e+00   8.970493e-01   4.691283e-07   6.455796e-03
   150   8.586501e-01   8.394173e-01   9.450960e-01   3.852164e-04   2.324627e-02  -1.006184e-01   1.402739e+00   1.392326e+00   9.970413e-02   4.383353e-08   6.654433e-03   1.421273e+00   1.411495e+00   8.973371e-01   3.682963e-07   6.177901e-03
   151   8.980070e-01   8.787742e-01   9.548524e-01   2.479589e-04   2.111487e-02  -9.537922e-02   1.423796e+00   1.413395e+00   9.973300e-02   3.424735e-08   6.335451e-03   1.441117e+00   1.431308e+00   8.975970e-01   2.890009e-07   5.911289e-03
   152   9.373639e-01   9.181311e-01   9.630256e-01   1.581406e-04   1.919608e-02  -8.937193e-02   1.444836e+00   1.434443e+00   9.975905e-02   2.675279e-08   6.033099e-03   1.461025e+00   1.451185e+00   8.978315e-01   2.266770e-07   5.655541e-03
   153   9.767207e-01   9.574880e-01   9.698129e-01   1.000509e-04   1.746902e-02  -8.283157e-02   1.465861e+00   1.455476e+00   9.978257e-02   2.089466e-08   5.746328e-03   1.480993e+00   1.471124e+00   8.980432e-01   1.777188e-07   5.410266e-03
   154   1.016078e+00   9.968449e-01   9.754138e-01   6.287854e-05   1.591350e-02  -7.594086e-02   1.486878e+00   1.476497e+00   9.980380e-02   1.631660e-08   5.474192e-03   1.501023e+00   1.491124e+00   8.982342e-01   1.392803e-07   5.175097e-03
   155   1.055435e+00   1.036202e+00   9.800045e-01   3.930094e-05   1.451052e-02  -6.902145e-02   1.507889e+00   1.497511e+00   9.982296e-02   1.273966e-08   5.215831e-03   1.521111e+00   1.511183e+00   8.984066e-01   1.091163e-07   4.949689e-03
   156   1.094791e+00   1.075559e+00   9.837463e-01   2.446018e-05   1.324282e-02  -6.220523e-02   1.528898e+00   1.518520e+00   9.984025e-02   9.945512e-09   4.970467e-03   1.541256e+00   1.531301e+00   8.985622e-01   8.545726e-08   4.733719e-03
   157   1.134148e+00   1.114916e+00   9.867955e-01   1.517503e-05   1.209510e-02  -5.565022e-02   1.549905e+00   1.539528e+00   9.985585e-02   7.763328e-09   4.737394e-03   1.561456e+00   1.551474e+00   8.987027e-01   6.690909e-08   4.526885e-03
   158   1.173505e+00   1.154272e+00   9.892744e-01   9.392980e-06   1.105398e-02  -4.951612e-02   1.570913e+00   1.560536e+00   9.986993e-02   6.059438e-09   4.515970e-03   1.581707e+00   1.571699e+00   8.988294e-01   5.237426e-08   4.328906e-03
   159   1.212862e+00   1.193629e+00   9.912862e-01   5.805267e-06   1.010784e-02  -4.387062e-02   1.591921e+00   1.581544e+00   9.988264e-02   4.729288e-09   4.305614e-03   1.602006e+00   1.591975e+00   8.989438e-01   4.098928e-08   4.139519e-03
   160   1.252219e+00   1.232986e+00   9.929168e-01   3.584891e-06   9.246607e-03  -3.871669e-02   1.612930e+00   1.602553e+00   9.989411e-02   3.691110e-09   4.105798e-03   1.622348e+00   1.612296e+00   8.990470e-01   3.207516e-08   3.958486e-03
   161   1.291576e+00   1.272343e+00   9.942380e-01   2.213067e-06   8.461587e-03  -3.406613e-02   1.633938e+00   1.623561e+00   9.990446e-02   2.880973e-09   3.916046e-03   1.642730e+00   1.632658e+00   8.991401e-01   2.509832e-08   3.785585e-03
   162   1.330933e+00   1.311700e+00   9.953089e-01   1.366352e-06   7.745224e-03  -2.990586e-02   1.654943e+00   1.644567e+00   9.991379e-02   2.248900e-09   3.735928e-03   1.663143e+00   1.653056e+00   8.992241e-01   1.963967e-08   3.620619e-03
   163   1.370290e+00   1.351057e+00   9.961771e-01   8.439686e-07   7.090933e-03  -2.620799e-02   1.675940e+00   1.665568e+00   9.992222e-02   1.755836e-09   3.565061e-03   1.683583e+00   1.673483e+00   8.993000e-01   1.537023e-08   3.463413e-03
   164   1.409647e+00   1.390414e+00   9.968815e-01   5.216725e-07   6.492957e-03  -2.294777e-02   1.696926e+00   1.686560e+00   9.992982e-02   1.371265e-09   3.403106e-03   1.704039e+00   1.693932e+00   8.993684e-01   1.203189e-08   3.313814e-03
   165   1.449003e+00   1.429771e+00   9.974536e-01   3.227510e-07   5.946218e-03  -2.007431e-02   1.717893e+00   1.707536e+00   9.993668e-02   1.071350e-09   3.249764e-03   1.724504e+00   1.714392e+00   8.994301e-01   9.422251e-09   3.171696e-03
   166   1.488360e+00   1.469128e+00   9.979186e-01   1.998956e-07   5.446242e-03  -1.754014e-02   1.738834e+00   1.728490e+00   9.994287e-02   8.374774e-10   3.104778e-03   1.744963e+00   1.734854e+00   8.994858e-01   7.382670e-09   3.036960e-03
   167   1.527717e+00   1.508484e+00   9.982969e-01   1.239529e-07   4.989075e-03  -1.530328e-02   1.759738e+00   1.749412e+00   9.994845e-02   6.551145e-10   2.967935e-03   1.765405e+00   1.755305e+00   8.995361e-01   5.788872e-09   2.909534e-03
   168   1.567074e+00   1.547841e+00   9.986052e-01   7.696089e-08   4.571226e-03  -1.332121e-02   1.780593e+00   1.770291e+00   9.995349e-02   5.129178e-10   2.839061e-03   1.785813e+00   1.775729e+00   8.995814e-01   4.543543e-09   2.789380e-03
   169   1.606431e+00   1.587198e+00   9.988568e-01   4.784995e-08   4.189620e-03  -1.155015e-02   1.801384e+00   1.791113e+00   9.995804e-02   4.020355e-10   2.718025e-03   1.806167e+00   1.796109e+00   8.996223e-01   3.570517e-09   2.676489e-03
   170   1.645788e+00   1.626555e+00   9.990624e-01   2.979410e-08   3.841572e-03  -9.943430e-03   1.822092e+00   1.811861e+00   9.996214e-02   3.155620e-10   2.604736e-03   1.826446e+00   1.816425e+00   8.996593e-01   2.810206e-09   2.570888e-03
   171   1.685145e+00   1.665912e+00   9.992307e-01   1.858080e-08   3.524773e-03  -8.448650e-03   1.842696e+00   1.832516e+00   9.996584e-02   2.481110e-10   2.499148e-03   1.846623e+00   1.836652e+00   8.996926e-01   2.216012e-09   2.472641e-03
   172   1.724502e+00   1.705269e+00   9.993687e-01   1.160779e-08   3.237300e-03  -7.036116e-03   1.863171e+00   1.853054e+00   9.996918e-02   1.954827e-10   2.401256e-03   1.866669e+00   1.856762e+00   8.997226e-01   1.751507e-09   2.381845e-03
   173   1.763859e+00   1.744626e+00   9.994817e-01   7.265695e-09   2.977613e-03  -5.628155e-03   1.883485e+00   1.873447e+00   9.997219e-02   1.544026e-10   2.311099e-03   1.886549e+00   1.876723e+00   8.997498e-01   1.388229e-09   2.298635e-03
   174   1.803216e+00   1.783983e+00   9.995748e-01   4.558049e-09   2.744611e-03  -4.138086e-03   1.903607e+00   1.893663e+00   9.997491e-02   1.223187e-10   2.228754e-03   1.906225e+00   1.896499e+00   8.997742e-01   1.103945e-09   2.223182e-03
   175   1.842572e+00   1.823340e+00   9.996517e-01   2.867103e-09   2.537703e-03  -2.455269e-03   1.923496e+00   1.913665e+00   9.997737e-02   9.724226e-11   2.154341e-03   1.925654e+00   1.916048e+00   8.997963e-01   8.812939e-10   2.155685e-03
   176   1.881929e+00   1.862697e+00   9.997154e-01   1.809399e-09   2.356931e-03  -4.283934e-04   1.943110e+00   1.933413e+00   9.997958e-02   7.762256e-11   2.088045e-03   1.944788e+00   1.935326e+00   8.998162e-01   7.067241e-10   2.096375e-03
   177   1.921286e+00   1.902053e+00   9.997684e-01   1.146600e-09   2.203156e-03   2.150767e-03   1.962404e+00   1.952864e+00   9.998158e-02   6.224317e-11   2.030382e-03   1.963577e+00   1.954284e+00   8.998342e-01   5.696398e-10   2.045580e-03
   178   1.960643e+00   1.941410e+00   9.998128e-01   7.303563e-10   2.078404e-03   5.499127e-03   1.981351e+00   1.971981e+00   9.998338e-02   5.011304e-11   1.983805e-03   1.981976e+00   1.972874e+00   8.998504e-01   4.615774e-10   2.004545e-03
   179   2.000000e+00   1.980767e+00   9.998500e-01   4.670576e-10   1.991927e-03   8.186297e-03   2.000000e+00   1.990775e+00   9.998500e-02   4.034271e-11   1.957803e-03   2.000000e+00   1.991082e+00   8.998650e-01   3.748926e-10   1.980554e-03
