     i          log_r       log_rmid          m_tot        rho_tot         v2_tot            eta     lgr[heavy]    lgrm[heavy]       m[heavy]     rho[heavy]      v2[heavy]     lgr[light]    lgrm[light]       m[light]     rho[light]      v2[light]
     0  -3.876101e+00  -4.177131e+00   1.017038e-07   1.289732e+05   1.508202e-01            nan  -3.876101e+00  -4.177131e+00   9.998500e-08   1.274560e+05   1.490685e-01  -2.856545e+00  -3.157575e+00   8.998650e-07   1.002150e+03   3.001776e-01
     1  -3.843274e+00  -3.859378e+00   1.274667e-07   1.284356e+05   1.506225e-01            nan  -3.853701e+00  -3.864757e+00   1.166721e-07   1.271113e+05   1.490696e-01  -2.831409e+00  -2.843795e+00   1.050049e-06   8.820619e+02   3.008583e-01
     2  -3.810447e+00  -3.826550e+00   1.597604e-07   1.283603e+05   1.506037e-01            nan  -3.831303e+00  -3.842358e+00   1.361439e-07   1.270740e+05   1.490697e-01  -2.806365e+00  -2.818706e+00   1.225295e-06   8.686484e+02   3.009415e-01
     3  -3.777619e+00  -3.793723e+00   2.002381e-07   1.282762e+05   1.505853e-01            nan  -3.808907e+00  -3.819961e+00   1.588651e-07   1.270326e+05   1.490699e-01  -2.781363e+00  -2.793684e+00   1.429786e-06   8.541593e+02   3.010342e-01
     4  -3.744792e+00  -3.760895e+00   2.509705e-07   1.281810e+05   1.505673e-01            nan  -3.786510e+00  -3.797564e+00   1.853780e-07   1.269867e+05   1.490700e-01  -2.756359e+00  -2.768681e+00   1.668402e-06   8.385370e+02   3.011374e-01
     5  -3.711964e+00  -3.728068e+00   3.145489e-07   1.280743e+05   1.505496e-01            nan  -3.764114e+00  -3.775168e+00   2.163150e-07   1.269360e+05   1.490702e-01  -2.731313e+00  -2.743655e+00   1.946835e-06   8.217288e+02   3.012525e-01
     6  -3.679137e+00  -3.695241e+00   3.942188e-07   1.279523e+05   1.505324e-01            nan  -3.741716e+00  -3.752771e+00   2.524142e-07   1.268797e+05   1.490704e-01  -2.706186e+00  -2.718568e+00   2.271728e-06   8.036886e+02   3.013811e-01
     7  -3.646310e+00  -3.662413e+00   4.940391e-07   1.278151e+05   1.505157e-01            nan  -3.719317e+00  -3.730372e+00   2.945370e-07   1.268175e+05   1.490706e-01  -2.680942e+00  -2.693380e+00   2.650833e-06   7.843794e+02   3.015248e-01
     8  -3.613482e+00  -3.629586e+00   6.190891e-07   1.276566e+05   1.504994e-01            nan  -3.696915e+00  -3.707971e+00   3.436881e-07   1.267485e+05   1.490708e-01  -2.655546e+00  -2.668058e+00   3.093193e-06   7.637752e+02   3.016855e-01
     9  -3.580655e+00  -3.596759e+00   7.757194e-07   1.274779e+05   1.504836e-01            nan  -3.674509e+00  -3.685567e+00   4.010398e-07   1.266722e+05   1.490710e-01  -2.629963e+00  -2.642566e+00   3.609358e-06   7.418638e+02   3.018655e-01
    10  -3.547828e+00  -3.563931e+00   9.718618e-07   1.272707e+05   1.504685e-01            nan  -3.652100e+00  -3.663160e+00   4.679601e-07   1.265876e+05   1.490713e-01  -2.604160e+00  -2.616870e+00   4.211641e-06   7.186495e+02   3.020670e-01
    11  -3.515000e+00  -3.531104e+00   1.217438e-06   1.270358e+05   1.504539e-01            nan  -3.629686e+00  -3.640748e+00   5.460446e-07   1.264939e+05   1.490716e-01  -2.578102e+00  -2.590935e+00   4.914402e-06   6.941554e+02   3.022928e-01
    12  -3.482173e+00  -3.498276e+00   1.524798e-06   1.267637e+05   1.504400e-01            nan  -3.607266e+00  -3.618331e+00   6.371554e-07   1.263902e+05   1.490720e-01  -2.551755e+00  -2.564728e+00   5.734398e-06   6.684260e+02   3.025458e-01
    13  -3.449345e+00  -3.465449e+00   1.909412e-06   1.264532e+05   1.504268e-01            nan  -3.584839e+00  -3.595908e+00   7.434644e-07   1.262754e+05   1.490723e-01  -2.525085e+00  -2.538215e+00   6.691180e-06   6.415293e+02   3.028295e-01
    14  -3.416518e+00  -3.432622e+00   2.390430e-06   1.260947e+05   1.504144e-01            nan  -3.562406e+00  -3.573478e+00   8.675058e-07   1.261483e+05   1.490728e-01  -2.498056e+00  -2.511360e+00   7.807552e-06   6.135575e+02   3.031476e-01
    15  -3.383691e+00  -3.399794e+00   2.991896e-06   1.256831e+05   1.504030e-01            nan  -3.539963e+00  -3.551040e+00   1.012236e-06   1.260076e+05   1.490732e-01  -2.470636e+00  -2.484130e+00   9.110122e-06   5.846544e+02   3.035031e-01
    16  -3.350863e+00  -3.366967e+00   3.743399e-06   1.252103e+05   1.503925e-01            nan  -3.517512e+00  -3.528592e+00   1.181103e-06   1.258518e+05   1.490737e-01  -2.442789e+00  -2.456489e+00   1.062993e-05   5.549730e+02   3.038999e-01
    17  -3.318036e+00  -3.334139e+00   4.682061e-06   1.246642e+05   1.503832e-01            nan  -3.495050e+00  -3.506135e+00   1.378130e-06   1.256793e+05   1.490743e-01  -2.414484e+00  -2.428406e+00   1.240317e-05   5.246911e+02   3.043417e-01
    18  -3.285209e+00  -3.301312e+00   5.853449e-06   1.240411e+05   1.503750e-01            nan  -3.472575e+00  -3.483667e+00   1.608010e-06   1.254885e+05   1.490749e-01  -2.385688e+00  -2.399847e+00   1.447209e-05   4.940081e+02   3.048324e-01
    19  -3.252381e+00  -3.268485e+00   7.314358e-06   1.233173e+05   1.503685e-01            nan  -3.450088e+00  -3.461186e+00   1.876216e-06   1.252773e+05   1.490757e-01  -2.356370e+00  -2.370782e+00   1.688595e-05   4.631402e+02   3.053756e-01
    20  -3.219554e+00  -3.235657e+00   9.134596e-06   1.224977e+05   1.503633e-01            nan  -3.427586e+00  -3.438691e+00   2.189133e-06   1.250437e+05   1.490764e-01  -2.326504e+00  -2.341181e+00   1.970220e-05   4.323355e+02   3.059733e-01
    21  -3.186726e+00  -3.202830e+00   1.140002e-05   1.215426e+05   1.503602e-01            nan  -3.405067e+00  -3.416181e+00   2.554206e-06   1.247852e+05   1.490773e-01  -2.296069e+00  -2.311020e+00   2.298786e-05   4.018788e+02   3.066232e-01
    22  -3.153899e+00  -3.170003e+00   1.421693e-05   1.204621e+05   1.503591e-01            nan  -3.382530e+00  -3.393652e+00   2.980121e-06   1.244993e+05   1.490783e-01  -2.265049e+00  -2.280282e+00   2.682109e-05   3.720104e+02   3.073238e-01
    23  -3.121072e+00  -3.137175e+00   1.771281e-05   1.192173e+05   1.503604e-01            nan  -3.359973e+00  -3.371105e+00   3.477003e-06   1.241832e+05   1.490794e-01  -2.233434e+00  -2.248954e+00   3.129303e-05   3.429568e+02   3.080711e-01
    24  -3.088244e+00  -3.104348e+00   2.204775e-05   1.178023e+05   1.503645e-01            nan  -3.337392e+00  -3.348536e+00   4.056664e-06   1.238337e+05   1.490805e-01  -2.201221e+00  -2.217029e+00   3.650997e-05   3.149652e+02   3.088534e-01
    25  -3.055417e+00  -3.071520e+00   2.740862e-05   1.161959e+05   1.503717e-01            nan  -3.314787e+00  -3.325943e+00   4.732872e-06   1.234474e+05   1.490819e-01  -2.168423e+00  -2.184513e+00   4.259585e-05   2.882706e+02   3.096493e-01
    26  -3.022589e+00  -3.038693e+00   3.402931e-05   1.143608e+05   1.503827e-01            nan  -3.292154e+00  -3.303323e+00   5.521683e-06   1.230205e+05   1.490833e-01  -2.135059e+00  -2.151421e+00   4.969515e-05   2.630170e+02   3.104383e-01
    27  -2.989762e+00  -3.005866e+00   4.218464e-05   1.123104e+05   1.503975e-01            nan  -3.269489e+00  -3.280674e+00   6.441814e-06   1.225490e+05   1.490850e-01  -2.101160e+00  -2.117779e+00   5.797633e-05   2.393445e+02   3.111868e-01
    28  -2.956935e+00  -2.973038e+00   5.219871e-05   1.099684e+05   1.504178e-01            nan  -3.246790e+00  -3.257992e+00   7.515084e-06   1.220283e+05   1.490868e-01  -2.066773e+00  -2.083626e+00   6.763576e-05   2.173807e+02   3.118442e-01
    29  -2.924107e+00  -2.940211e+00   6.447165e-05   1.073637e+05   1.504434e-01            nan  -3.224053e+00  -3.235273e+00   8.766923e-06   1.214535e+05   1.490888e-01  -2.031952e+00  -2.049014e+00   7.890231e-05   1.971388e+02   3.123663e-01
    30  -2.891280e+00  -2.907384e+00   7.943670e-05   1.044651e+05   1.504756e-01            nan  -3.201273e+00  -3.212513e+00   1.022697e-05   1.208193e+05   1.490911e-01  -1.996765e+00  -2.014002e+00   9.204273e-05   1.786580e+02   3.126845e-01
    31  -2.858453e+00  -2.874556e+00   9.763335e-05   1.012231e+05   1.505159e-01            nan  -3.178445e+00  -3.189709e+00   1.192976e-05   1.201199e+05   1.490936e-01  -1.961288e+00  -1.978665e+00   1.073678e-04   1.618961e+02   3.127364e-01
    32  -2.825625e+00  -2.841729e+00   1.196810e-04   9.768302e+04   1.505643e-01   5.059518e-01  -3.155565e+00  -3.166855e+00   1.391553e-05   1.193490e+05   1.490964e-01  -1.925600e+00  -1.943078e+00   1.252398e-04   1.467785e+02   3.124598e-01
    33  -2.792798e+00  -2.808901e+00   1.461955e-04   9.380032e+04   1.506141e-01   5.061181e-01  -3.132627e+00  -3.143944e+00   1.623115e-05   1.184997e+05   1.490996e-01  -1.889784e+00  -1.907323e+00   1.460803e-04   1.332270e+02   3.117924e-01
    34  -2.759970e+00  -2.776074e+00   1.779758e-04   8.956231e+04   1.506730e-01   5.063045e-01  -3.109623e+00  -3.120972e+00   1.893121e-05   1.175647e+05   1.491031e-01  -1.853918e+00  -1.871481e+00   1.703808e-04   1.211047e+02   3.106962e-01
    35  -2.727143e+00  -2.743247e+00   2.158661e-04   8.503594e+04   1.507410e-01   5.065155e-01  -3.086547e+00  -3.097932e+00   2.207926e-05   1.165360e+05   1.491070e-01  -1.818078e+00  -1.835628e+00   1.987134e-04   1.103002e+02   3.091463e-01
    36  -2.694316e+00  -2.710419e+00   2.606995e-04   8.024363e+04   1.508190e-01   5.067631e-01  -3.063390e+00  -3.074814e+00   2.574932e-05   1.154053e+05   1.491114e-01  -1.782323e+00  -1.799832e+00   2.317439e-04   1.006619e+02   3.071444e-01
    37  -2.661488e+00  -2.677592e+00   3.132964e-04   7.514581e+04   1.509118e-01   5.070368e-01  -3.040144e+00  -3.051612e+00   3.002750e-05   1.141635e+05   1.491163e-01  -1.746705e+00  -1.764149e+00   2.702475e-04   9.205942e+01   3.047274e-01
    38  -2.628661e+00  -2.644764e+00   3.746805e-04   6.985253e+04   1.510199e-01   5.073414e-01  -3.016798e+00  -3.028314e+00   3.501400e-05   1.128010e+05   1.491217e-01  -1.711260e+00  -1.728621e+00   3.151260e-04   8.435725e+01   3.019370e-01
    39  -2.595833e+00  -2.611937e+00   4.457574e-04   6.443202e+04   1.511448e-01   5.076893e-01  -2.993341e+00  -3.004911e+00   4.082538e-05   1.113077e+05   1.491279e-01  -1.676005e+00  -1.693275e+00   3.674284e-04   7.743178e+01   2.988610e-01
    40  -2.563006e+00  -2.579110e+00   5.273736e-04   5.894910e+04   1.512896e-01   5.080779e-01  -2.969760e+00  -2.981391e+00   4.759714e-05   1.096731e+05   1.491348e-01  -1.640950e+00  -1.658124e+00   4.283742e-04   7.117723e+01   2.955597e-01
    41  -2.530179e+00  -2.546282e+00   6.202720e-04   5.347498e+04   1.514580e-01   5.085034e-01  -2.946042e+00  -2.957739e+00   5.548679e-05   1.078863e+05   1.491425e-01  -1.606085e+00  -1.623167e+00   4.993811e-04   6.549362e+01   2.921371e-01
    42  -2.497351e+00  -2.513455e+00   7.250543e-04   4.808429e+04   1.516540e-01   5.089652e-01  -2.922169e+00  -2.933941e+00   6.467734e-05   1.059360e+05   1.491513e-01  -1.571397e+00  -1.588394e+00   5.820960e-04   6.030749e+01   2.886413e-01
    43  -2.464524e+00  -2.480628e+00   8.421498e-04   4.285150e+04   1.518813e-01   5.094692e-01  -2.898124e+00  -2.909980e+00   7.538125e-05   1.038110e+05   1.491611e-01  -1.536862e+00  -1.553786e+00   6.784313e-04   5.554790e+01   2.851547e-01
    44  -2.431697e+00  -2.447800e+00   9.718141e-04   3.784755e+04   1.521453e-01   5.100050e-01  -2.873887e+00  -2.885836e+00   8.784517e-05   1.014998e+05   1.491723e-01  -1.502455e+00  -1.519318e+00   7.906065e-04   5.116807e+01   2.816952e-01
    45  -2.398869e+00  -2.414973e+00   1.114137e-03   3.313547e+04   1.524518e-01   5.105572e-01  -2.849434e+00  -2.861488e+00   1.023551e-04   9.899154e+04   1.491849e-01  -1.468151e+00  -1.484964e+00   9.211963e-04   4.712266e+01   2.783028e-01
    46  -2.366042e+00  -2.382145e+00   1.269094e-03   2.876666e+04   1.528066e-01   5.111136e-01  -2.824741e+00  -2.836912e+00   1.192428e-04   9.627578e+04   1.491993e-01  -1.433922e+00  -1.450699e+00   1.073185e-03   4.338148e+01   2.749713e-01
    47  -2.333214e+00  -2.349318e+00   1.436629e-03   2.477821e+04   1.532156e-01   5.116582e-01  -2.799779e+00  -2.812081e+00   1.388921e-04   9.334309e+04   1.492156e-01  -1.399746e+00  -1.416498e+00   1.250029e-03   3.991667e+01   2.717016e-01
    48  -2.300387e+00  -2.316491e+00   1.616767e-03   2.119123e+04   1.536840e-01   5.121656e-01  -2.774513e+00  -2.786962e+00   1.617478e-04   9.018542e+04   1.492342e-01  -1.365603e+00  -1.382339e+00   1.455730e-03   3.670519e+01   2.684877e-01
    49  -2.267560e+00  -2.283663e+00   1.809728e-03   1.801036e+04   1.542160e-01   5.126138e-01  -2.748907e+00  -2.761522e+00   1.883238e-04   8.679668e+04   1.492556e-01  -1.331474e+00  -1.348203e+00   1.694914e-03   3.372880e+01   2.653086e-01
    50  -2.234732e+00  -2.250836e+00   2.012726e-03   1.521934e+04   1.548178e-01   5.129728e-01  -2.722919e+00  -2.735719e+00   2.192140e-04   8.317336e+04   1.492801e-01  -1.297341e+00  -1.314072e+00   1.972926e-03   3.096680e+01   2.621803e-01
    51  -2.201905e+00  -2.218008e+00   2.225712e-03   1.277564e+04   1.555183e-01   5.131142e-01  -2.696500e+00  -2.709509e+00   2.551039e-04   7.931523e+04   1.493083e-01  -1.263191e+00  -1.279931e+00   2.295935e-03   2.840555e+01   2.590784e-01
    52  -2.169078e+00  -2.185181e+00   2.451546e-03   1.068769e+04   1.562966e-01   5.130629e-01  -2.669594e+00  -2.682838e+00   2.967831e-04   7.522615e+04   1.493411e-01  -1.229009e+00  -1.245764e+00   2.671048e-03   2.602816e+01   2.560250e-01
    53  -2.136250e+00  -2.152354e+00   2.687424e-03   8.916958e+03   1.571490e-01   5.127990e-01  -2.642137e+00  -2.655649e+00   3.451610e-04   7.091492e+04   1.493793e-01  -1.194784e+00  -1.211559e+00   3.106449e-03   2.382304e+01   2.530064e-01
    54  -2.103423e+00  -2.119526e+00   2.930893e-03   7.409699e+03   1.581244e-01   5.120788e-01  -2.614058e+00  -2.627871e+00   4.012824e-04   6.639619e+04   1.494239e-01  -1.160504e+00  -1.177306e+00   3.611542e-03   2.177891e+01   2.500150e-01
    55  -2.070595e+00  -2.086699e+00   3.189593e-03   6.152248e+03   1.591736e-01   5.109997e-01  -2.585272e+00  -2.599427e+00   4.663463e-04   6.169138e+04   1.494764e-01  -1.126163e+00  -1.142994e+00   4.197117e-03   1.988536e+01   2.470507e-01
    56  -2.037768e+00  -2.053872e+00   3.452449e-03   5.102267e+03   1.603138e-01   5.094328e-01  -2.555683e+00  -2.570226e+00   5.417261e-04   5.682952e+04   1.495386e-01  -1.091757e+00  -1.108619e+00   4.875535e-03   1.813443e+01   2.440806e-01
    57  -2.004941e+00  -2.021044e+00   3.730780e-03   4.231719e+03   1.615345e-01   5.073041e-01  -2.525177e+00  -2.540162e+00   6.289911e-04   5.184795e+04   1.496128e-01  -1.057285e+00  -1.074179e+00   5.660920e-03   1.651729e+01   2.410968e-01
    58  -1.972113e+00  -1.988217e+00   4.017510e-03   3.510735e+03   1.628212e-01   5.045913e-01  -2.493626e+00  -2.509115e+00   7.299314e-04   4.679274e+04   1.497018e-01  -1.022750e+00  -1.039674e+00   6.569382e-03   1.502633e+01   2.380738e-01
    59  -1.939286e+00  -1.955389e+00   4.318636e-03   2.918387e+03   1.641393e-01   5.013132e-01  -2.460879e+00  -2.476944e+00   8.465830e-04   4.171877e+04   1.498097e-01  -9.881571e-01  -1.005109e+00   7.619247e-03   1.365407e+01   2.349798e-01
    60  -1.906458e+00  -1.922562e+00   4.631530e-03   2.427943e+03   1.655083e-01   4.973237e-01  -2.426761e+00  -2.443485e+00   9.812558e-04   3.668914e+04   1.499413e-01  -9.535131e-01  -9.704897e-01   8.831303e-03   1.239221e+01   2.318161e-01
    61  -1.873631e+00  -1.889735e+00   4.960787e-03   2.028218e+03   1.667977e-01   4.930335e-01  -2.391071e+00  -2.408549e+00   1.136562e-03   3.177391e+04   1.501035e-01  -9.188256e-01  -9.358231e-01   1.022906e-02   1.123340e+01   2.285603e-01
    62  -1.840804e+00  -1.856907e+00   5.304797e-03   1.696024e+03   1.681246e-01   4.879377e-01  -2.353575e+00  -2.371918e+00   1.315444e-03   2.704786e+04   1.503051e-01  -8.841027e-01  -9.011172e-01   1.183900e-02   1.017024e+01   2.251948e-01
    63  -1.807976e+00  -1.824080e+00   5.669420e-03   1.426069e+03   1.692294e-01   4.830296e-01  -2.314010e+00  -2.333342e+00   1.521208e-03   2.258729e+04   1.505578e-01  -8.493507e-01  -8.663792e-01   1.369088e-02   9.195044e+00   2.217346e-01
    64  -1.775149e+00  -1.791253e+00   6.052651e-03   1.200799e+03   1.703385e-01   4.773836e-01  -2.272076e+00  -2.292537e+00   1.757548e-03   1.846564e+04   1.508773e-01  -8.145749e-01  -8.316148e-01   1.581793e-02   8.301012e+00   2.181717e-01
    65  -1.742322e+00  -1.758425e+00   6.461768e-03   1.016898e+03   1.711155e-01   4.724362e-01  -2.227446e+00  -2.249188e+00   2.028572e-03   1.474814e+04   1.512835e-01  -7.797792e-01  -7.968287e-01   1.825715e-02   7.481611e+00   2.145042e-01
    66  -1.709494e+00  -1.725598e+00   6.895591e-03   8.629976e+02   1.718269e-01   4.671086e-01  -2.179780e+00  -2.202959e+00   2.338830e-03   1.148604e+04   1.518016e-01  -7.449633e-01  -7.620224e-01   2.104947e-02   6.730377e+00   2.107579e-01
    67  -1.676667e+00  -1.692770e+00   7.360795e-03   7.359261e+02   1.721857e-01   4.627905e-01  -2.128745e+00  -2.153513e+00   2.693323e-03   8.710949e+03   1.524604e-01  -7.101245e-01  -7.271946e-01   2.423991e-02   6.041653e+00   2.069451e-01
    68  -1.643839e+00  -1.659943e+00   7.859552e-03   6.292589e+02   1.723953e-01   4.586532e-01  -2.074070e+00  -2.100547e+00   3.097518e-03   6.430270e+03   1.532875e-01  -6.752573e-01  -6.923411e-01   2.787766e-02   5.410343e+00   2.030781e-01
    69  -1.611012e+00  -1.627116e+00   8.395654e-03   5.398898e+02   1.723214e-01   4.555901e-01  -2.015615e+00  -2.043860e+00   3.557342e-03   4.625268e+03   1.542966e-01  -6.403534e-01  -6.574548e-01   3.201608e-02   4.831796e+00   1.991795e-01
    70  -1.578185e+00  -1.594288e+00   8.975947e-03   4.644162e+02   1.720665e-01   4.532518e-01  -1.953472e+00  -1.983433e+00   4.079169e-03   3.252531e+03   1.554617e-01  -6.054013e-01  -6.225258e-01   3.671252e-02   4.301881e+00   1.952771e-01
    71  -1.545357e+00  -1.561461e+00   9.601019e-03   4.002994e+02   1.716419e-01   4.518355e-01  -1.888066e+00  -1.919539e+00   4.669785e-03   2.249509e+03   1.566760e-01  -5.703897e-01  -5.875428e-01   4.202806e-02   3.817225e+00   1.913808e-01
    72  -1.512530e+00  -1.528633e+00   1.028111e-02   3.456562e+02   1.710899e-01   4.512293e-01  -1.820208e+00  -1.852813e+00   5.336336e-03   1.543338e+03   1.577105e-01  -5.353081e-01  -5.524947e-01   4.802703e-02   3.374935e+00   1.874947e-01
    73  -1.479702e+00  -1.495806e+00   1.101559e-02   2.987181e+02   1.704872e-01   4.512384e-01  -1.751043e+00  -1.784250e+00   6.086254e-03   1.060873e+03   1.582142e-01  -5.001487e-01  -5.173726e-01   5.477629e-02   2.972467e+00   1.836217e-01
    74  -1.446875e+00  -1.462979e+00   1.181510e-02   2.583670e+02   1.698613e-01   4.517556e-01  -1.681843e+00  -1.715066e+00   6.927149e-03   7.372621e+02   1.578121e-01  -4.649075e-01  -4.821707e-01   6.234434e-02   2.607534e+00   1.797614e-01
    75  -1.414048e+00  -1.430151e+00   1.268053e-02   2.234222e+02   1.692931e-01   4.524654e-01  -1.613726e+00  -1.646451e+00   7.866679e-03   5.209523e+02   1.562897e-01  -4.295866e-01  -4.468881e-01   7.080011e-02   2.278090e+00   1.758965e-01
    76  -1.381220e+00  -1.397324e+00   1.362069e-02   1.932578e+02   1.687843e-01   4.532996e-01  -1.547431e+00  -1.579315e+00   8.912390e-03   3.746802e+02   1.537308e-01  -3.941951e-01  -4.115304e-01   8.021151e-02   1.982124e+00   1.720065e-01
    77  -1.348393e+00  -1.364497e+00   1.463930e-02   1.669912e+02   1.684198e-01   4.538988e-01  -1.483254e+00  -1.514158e+00   1.007152e-02   2.735349e+02   1.504819e-01  -3.587488e-01  -3.761104e-01   9.064369e-02   1.717589e+00   1.680698e-01
    78  -1.315566e+00  -1.331669e+00   1.574386e-02   1.443518e+02   1.681343e-01   4.544387e-01  -1.421143e+00  -1.451089e+00   1.135078e-02   2.017667e+02   1.469766e-01  -3.232696e-01  -3.406470e-01   1.021570e-01   1.482360e+00   1.640755e-01
    79  -1.282738e+00  -1.298842e+00   1.693951e-02   1.245774e+02   1.680438e-01   4.545004e-01  -1.360855e+00  -1.389954e+00   1.275612e-02   1.496916e+02   1.435649e-01  -2.877847e-01  -3.051648e-01   1.148050e-01   1.274259e+00   1.600122e-01
    80  -1.249911e+00  -1.266014e+00   1.823607e-02   1.075624e+02   1.680286e-01   4.544632e-01  -1.302093e+00  -1.330481e+00   1.429243e-02   1.113302e+02   1.404317e-01  -2.523259e-01  -2.696935e-01   1.286319e-01   1.091098e+00   1.558697e-01
    81  -1.217083e+00  -1.233187e+00   1.963611e-02   9.278225e+01   1.681644e-01   4.541059e-01  -1.244599e+00  -1.272395e+00   1.596333e-02   8.285083e+01   1.376067e-01  -2.169288e-01  -2.342668e-01   1.436700e-01   9.307029e-01   1.516410e-01
    82  -1.184256e+00  -1.200360e+00   2.115567e-02   8.004033e+01   1.683849e-01   4.536103e-01  -1.188186e+00  -1.215477e+00   1.777087e-02   6.164889e+01   1.350322e-01  -1.816321e-01  -1.989220e-01   1.599378e-01   7.909434e-01   1.473238e-01
    83  -1.151429e+00  -1.167532e+00   2.279485e-02   6.904742e+01   1.686916e-01   4.529427e-01  -1.132731e+00  -1.159574e+00   1.971527e-02   4.585191e+01   1.326444e-01  -1.464762e-01  -1.636985e-01   1.774374e-01   6.697450e-01   1.429268e-01
    84  -1.118601e+00  -1.134705e+00   2.457138e-02   5.953995e+01   1.690984e-01   4.520379e-01  -1.078149e+00  -1.104583e+00   2.179475e-02   3.407517e+01   1.304188e-01  -1.115032e-01  -1.286377e-01   1.961527e-01   5.651484e-01   1.384521e-01
    85  -1.085774e+00  -1.101878e+00   2.649515e-02   5.137737e+01   1.695394e-01   4.509401e-01  -1.024374e+00  -1.050430e+00   2.400535e-02   2.529303e+01   1.283585e-01  -7.675656e-02  -9.378246e-02   2.160481e-01   4.753041e-01   1.339040e-01
    86  -1.052947e+00  -1.069050e+00   2.857197e-02   4.430918e+01   1.700772e-01   4.494145e-01  -9.713639e-01  -9.970605e-01   2.634082e-02   1.874929e+01   1.264539e-01  -4.227994e-02  -5.917622e-02   2.370673e-01   3.984787e-01   1.292933e-01
    87  -1.020119e+00  -1.036223e+00   3.082876e-02   3.823891e+01   1.706295e-01   4.475434e-01  -9.191102e-01  -9.444516e-01   2.879262e-02   1.388381e+01   1.246616e-01  -8.115917e-03  -2.486207e-02   2.591336e-01   3.330655e-01   1.246363e-01
    88  -9.872918e-01  -1.003395e+00   3.326355e-02   3.301621e+01   1.711879e-01   4.451986e-01  -8.676346e-01  -8.926102e-01   3.134998e-02   1.027559e+01   1.229100e-01   2.569351e-02   9.117719e-03   2.821498e-01   2.776058e-01   1.199434e-01
    89  -9.544644e-01  -9.705680e-01   3.590559e-02   2.851178e+01   1.717491e-01   4.423921e-01  -8.169775e-01  -8.415679e-01   3.400006e-02   7.605138e+00   1.211314e-01   5.910838e-02   4.272224e-02   3.060005e-01   2.307699e-01   1.152318e-01
    90  -9.216370e-01  -9.377406e-01   3.877693e-02   2.464788e+01   1.722302e-01   4.391646e-01  -7.671774e-01  -7.913640e-01   3.672816e-02   5.629994e+00   1.192778e-01   9.209176e-02   7.591312e-02   3.305535e-01   1.913611e-01   1.105224e-01
    91  -8.888096e-01  -9.049132e-01   4.187831e-02   2.131778e+01   1.726318e-01   4.355339e-01  -7.182557e-01  -7.420280e-01   3.951809e-02   4.168317e+00   1.173283e-01   1.246091e-01   1.086547e-01   3.556628e-01   1.583219e-01   1.058295e-01
    92  -8.559822e-01  -8.720858e-01   4.525707e-02   1.845299e+01   1.729078e-01   4.316790e-01  -6.702072e-01  -6.935673e-01   4.235249e-02   3.085088e+00   1.152788e-01   1.566305e-01   1.409149e-01   3.811724e-01   1.307079e-01   1.011783e-01
    93  -8.231549e-01  -8.392585e-01   4.892952e-02   1.599048e+01   1.730259e-01   4.275263e-01  -6.229960e-01  -6.459604e-01   4.521329e-02   2.280916e+00   1.131401e-01   1.881298e-01   1.726657e-01   4.069196e-01   1.077006e-01   9.658482e-02
    94  -7.903275e-01  -8.064311e-01   5.291418e-02   1.386109e+01   1.729776e-01   4.233774e-01  -5.765553e-01  -5.991552e-01   4.808216e-02   1.682917e+00   1.109352e-01   2.190851e-01   2.038832e-01   4.327394e-01   8.858357e-02   9.206964e-02
    95  -7.575001e-01  -7.736037e-01   5.726187e-02   1.202414e+01   1.727398e-01   4.191388e-01  -5.307850e-01  -5.530675e-01   5.094094e-02   1.237614e+00   1.086972e-01   2.494794e-01   2.345481e-01   4.584685e-01   7.273976e-02   8.765031e-02
    96  -7.246727e-01  -7.407763e-01   6.199307e-02   1.043747e+01   1.723043e-01   4.148126e-01  -4.855544e-01  -5.075811e-01   5.377208e-02   9.058514e-01   1.064686e-01   2.793000e-01   2.646456e-01   4.839488e-01   5.963975e-02   8.334243e-02
    97  -6.918453e-01  -7.079489e-01   6.713525e-02   9.057742e+00   1.716861e-01   4.107743e-01  -4.407048e-01  -4.625509e-01   5.655903e-02   6.588819e-01   1.042955e-01   3.085390e-01   2.941655e-01   5.090312e-01   4.883092e-02   7.916147e-02
    98  -6.590179e-01  -6.751215e-01   7.274569e-02   7.861010e+00   1.708763e-01   4.067858e-01  -3.960513e-01  -4.178044e-01   5.928652e-02   4.754520e-01   1.022218e-01   3.371926e-01   3.231021e-01   5.335787e-01   3.993059e-02   7.511803e-02
    99  -6.261906e-01  -6.422942e-01   7.885577e-02   6.821448e+00   1.698831e-01   4.028964e-01  -3.513860e-01  -3.731447e-01   6.194091e-02   3.397926e-01   1.002836e-01   3.652615e-01   3.514538e-01   5.574682e-01   3.261411e-02   7.122355e-02
   100  -5.933632e-01  -6.094668e-01   8.548311e-02   5.913659e+00   1.687405e-01   3.993481e-01  -3.064898e-01  -3.283580e-01   6.451030e-02   2.401482e-01   9.850333e-02   3.927495e-01   3.792230e-01   5.805927e-01   2.660995e-02   6.748378e-02
   101  -5.605358e-01  -5.766394e-01   9.269705e-02   5.122031e+00   1.674504e-01   3.959428e-01  -2.611361e-01  -2.832212e-01   6.698469e-02   1.676110e-01   9.688378e-02   4.196649e-01   4.064157e-01   6.028622e-01   2.168939e-02   6.390566e-02
   102  -5.277084e-01  -5.438120e-01   1.005403e-01   4.432104e+00   1.660132e-01   3.925856e-01  -2.150943e-01  -2.375053e-01   6.935597e-02   1.153806e-01   9.541181e-02   4.460179e-01   4.330412e-01   6.242038e-01   1.766272e-02   6.049049e-02
   103  -4.948810e-01  -5.109846e-01   1.090219e-01   3.829897e+00   1.644467e-01   3.892548e-01  -1.681318e-01  -1.909786e-01   7.161799e-02   7.824663e-02   9.406785e-02   4.718225e-01   4.591118e-01   6.445619e-01   1.437110e-02   5.724123e-02
   104  -4.620537e-01  -4.781573e-01   1.182032e-01   3.303513e+00   1.627757e-01   3.857642e-01  -1.200252e-01  -1.434128e-01   7.376638e-02   5.223141e-02   9.283012e-02   4.970941e-01   4.846421e-01   6.638974e-01   1.168368e-02   5.415545e-02
   105  -4.292263e-01  -4.453299e-01   1.281381e-01   2.845291e+00   1.609707e-01   3.818897e-01  -7.054812e-02  -9.458247e-02   7.579851e-02   3.428306e-02   9.168896e-02   5.218512e-01   5.096490e-01   6.821866e-01   9.491437e-03   5.123283e-02
   106  -3.963989e-01  -4.125025e-01   1.388553e-01   2.446586e+00   1.590179e-01   3.774627e-01  -1.948828e-02  -4.426825e-02   7.771330e-02   2.211220e-02   9.063982e-02   5.461129e-01   5.341515e-01   6.994197e-01   7.704983e-03   4.846864e-02
   107  -3.635715e-01  -3.796751e-01   1.503534e-01   2.099431e+00   1.569194e-01   3.721491e-01   3.331113e-02   7.713318e-03   7.951106e-02   1.402006e-02   8.965801e-02   5.699005e-01   5.581696e-01   7.155996e-01   6.250295e-03   4.585951e-02
   108  -3.307441e-01  -3.468477e-01   1.627250e-01   1.798177e+00   1.546667e-01   3.657573e-01   8.789418e-02   6.145961e-02   8.119333e-02   8.754732e-03   8.868111e-02   5.932360e-01   5.817250e-01   7.307399e-01   5.066748e-03   4.339971e-02
   109  -2.979167e-01  -3.140203e-01   1.760128e-01   1.537511e+00   1.522346e-01   3.582822e-01   1.440838e-01   1.168971e-01   8.276263e-02   5.409340e-03   8.755936e-02   6.161422e-01   6.048401e-01   7.448636e-01   4.104489e-03   4.108362e-02
   110  -2.650894e-01  -2.811930e-01   1.902381e-01   1.312250e+00   1.496149e-01   3.496307e-01   2.013558e-01   1.736632e-01   8.422234e-02   3.335203e-03   8.602220e-02   6.386428e-01   6.275382e-01   7.580011e-01   3.322675e-03   3.890515e-02
   111  -2.322620e-01  -2.483656e-01   2.054134e-01   1.117582e+00   1.468172e-01   3.394824e-01   2.588156e-01   2.310353e-01   8.557652e-02   2.074875e-03   8.373135e-02   6.607613e-01   6.498429e-01   7.701887e-01   2.687922e-03   3.685730e-02
   112  -1.994346e-01  -2.155382e-01   2.216170e-01   9.498706e-01   1.438205e-01   3.280015e-01   3.153332e-01   2.879931e-01   8.682971e-02   1.317162e-03   8.042391e-02   6.825222e-01   6.717780e-01   7.814674e-01   2.172871e-03   3.493397e-02
   113  -1.666072e-01  -1.827108e-01   2.388801e-01   8.055935e-01   1.406269e-01   3.152096e-01   3.698438e-01   3.434432e-01   8.798682e-02   8.597078e-04   7.609758e-02   7.039492e-01   6.933678e-01   7.918814e-01   1.755240e-03   3.312798e-02
   114  -1.337798e-01  -1.498834e-01   2.571614e-01   6.815823e-01   1.372483e-01   3.009650e-01   4.216189e-01   3.965025e-01   8.905301e-02   5.780829e-04   7.103764e-02   7.250665e-01   7.146362e-01   8.014771e-01   1.416818e-03   3.143267e-02
   115  -1.009525e-01  -1.170560e-01   2.765352e-01   5.751673e-01   1.336891e-01   2.851710e-01   4.703421e-01   4.466634e-01   9.003354e-02   3.995049e-04   6.565487e-02   7.458976e-01   7.356069e-01   8.103019e-01   1.142762e-03   2.984154e-02
   116  -6.812507e-02  -8.422867e-02   2.970171e-01   4.840491e-01   1.299524e-01   2.679198e-01   5.160179e-01   4.937802e-01   9.093373e-02   2.825475e-04   6.030943e-02   7.664658e-01   7.563035e-01   8.184036e-01   9.209875e-04   2.834788e-02
   117  -3.529769e-02  -5.140128e-02   3.185342e-01   4.061438e-01   1.260542e-01   2.490428e-01   5.588332e-01   5.379529e-01   9.175884e-02   2.036277e-04   5.523180e-02   7.867938e-01   7.767487e-01   8.258295e-01   7.416450e-04   2.694555e-02
   118  -2.470305e-03  -1.857390e-02   3.411302e-01   3.396794e-01   1.220080e-01   2.285138e-01   5.990552e-01   5.794097e-01   9.251402e-02   1.489857e-04   5.053764e-02   8.069037e-01   7.969651e-01   8.326262e-01   5.967232e-04   2.562850e-02
   119   3.035708e-02   1.425348e-02   3.647729e-01   2.831151e-01   1.178235e-01   2.064685e-01   6.369697e-01   6.184261e-01   9.320429e-02   1.103359e-04   4.626616e-02   8.268170e-01   8.169745e-01   8.388386e-01   4.797081e-04   2.439084e-02
   120   6.318446e-02   4.708086e-02   3.893606e-01   2.350944e-01   1.135182e-01   1.828529e-01   6.728506e-01   6.552806e-01   9.383445e-02   8.251495e-05   4.241438e-02   8.465542e-01   8.367977e-01   8.445100e-01   3.853005e-04   2.322711e-02
   121   9.601184e-02   7.990824e-02   4.149021e-01   1.944449e-01   1.091090e-01   1.580569e-01   7.069407e-01   6.902301e-01   9.440910e-02   6.221182e-05   3.895330e-02   8.661353e-01   8.564551e-01   8.496819e-01   3.091959e-04   2.213213e-02
   122   1.288392e-01   1.127356e-01   4.412662e-01   1.601378e-01   1.046136e-01   1.319136e-01   7.394577e-01   7.235035e-01   9.493262e-02   4.721604e-05   3.584910e-02   8.855790e-01   8.759659e-01   8.543935e-01   2.478995e-04   2.110092e-02
   123   1.616666e-01   1.455630e-01   4.683847e-01   1.312925e-01   1.000498e-01   1.058283e-01   7.705902e-01   7.553029e-01   9.540910e-02   3.603375e-05   3.306472e-02   9.049033e-01   8.953486e-01   8.586819e-01   1.985741e-04   2.012882e-02
   124   1.944940e-01   1.783904e-01   4.961452e-01   1.071168e-01   9.544384e-02   7.881479e-02   8.005023e-01   7.858037e-01   9.584241e-02   2.762685e-05   3.056406e-02   9.241254e-01   9.146207e-01   8.625817e-01   1.589174e-04   1.921160e-02
   125   2.273214e-01   2.112178e-01   5.243970e-01   8.694970e-02   9.081064e-02   5.326618e-02   8.293371e-01   8.151590e-01   9.623618e-02   2.126313e-05   2.831481e-02   9.432611e-01   9.337986e-01   8.661256e-01   1.270642e-04   1.834519e-02
   126   2.601488e-01   2.440452e-01   5.530329e-01   7.019231e-02   8.617945e-02   2.816467e-02   8.572195e-01   8.435020e-01   9.659376e-02   1.641792e-05   2.628730e-02   9.623255e-01   9.528979e-01   8.693438e-01   1.015033e-04   1.752584e-02
   127   2.929761e-01   2.768725e-01   5.818549e-01   5.633867e-02   8.157114e-02   4.659764e-03   8.842582e-01   8.709493e-01   9.691827e-02   1.271111e-05   2.445547e-02   9.813326e-01   9.719330e-01   8.722644e-01   8.101108e-05   1.675010e-02
   128   3.258035e-01   3.096999e-01   6.107338e-01   4.494548e-02   7.700752e-02  -1.610189e-02   9.105499e-01   8.976030e-01   9.721261e-02   9.862996e-06   2.279675e-02   1.000296e+00   9.909176e-01   8.749135e-01   6.459816e-05   1.601483e-02
   129   3.586309e-01   3.425273e-01   6.394777e-01   3.562586e-02   7.251831e-02  -3.631599e-02   9.361786e-01   9.235533e-01   9.747945e-02   7.667392e-06   2.129052e-02   1.019226e+00   1.009864e+00   8.773151e-01   5.146511e-05   1.531709e-02
   130   3.914583e-01   3.753547e-01   6.679156e-01   2.805207e-02   6.811390e-02  -5.138411e-02   9.612191e-01   9.488793e-01   9.772124e-02   5.969640e-06   1.991956e-02   1.038136e+00   1.028784e+00   8.794912e-01   4.096650e-05   1.465420e-02
   131   4.242857e-01   4.081821e-01   6.956572e-01   2.192631e-02   6.382015e-02  -6.571337e-02   9.857382e-01   9.736516e-01   9.794025e-02   4.653540e-06   1.866850e-02   1.057036e+00   1.047689e+00   8.814623e-01   3.258178e-05   1.402373e-02
   132   4.571130e-01   4.410094e-01   7.226434e-01   1.700022e-02   5.964395e-02  -7.767646e-02   1.009795e+00   9.979329e-01   9.813854e-02   3.631301e-06   1.752367e-02   1.075934e+00   1.066587e+00   8.832469e-01   2.589153e-05   1.342345e-02
   133   4.899404e-01   4.738368e-01   7.487846e-01   1.308076e-02   5.561760e-02  -8.664968e-02   1.033441e+00   1.021779e+00   9.831802e-02   2.835911e-06   1.647347e-02   1.094839e+00   1.085489e+00   8.848622e-01   2.055821e-05   1.285136e-02
   134   5.227678e-01   5.066642e-01   7.738932e-01   9.986603e-03   5.175859e-02  -9.437637e-02   1.056724e+00   1.045239e+00   9.848042e-02   2.216139e-06   1.550765e-02   1.113759e+00   1.104402e+00   8.863237e-01   1.631042e-05   1.230560e-02
   135   5.555952e-01   5.394916e-01   7.975212e-01   7.556025e-03   4.806709e-02  -1.007205e-01   1.079687e+00   1.068357e+00   9.862732e-02   1.732656e-06   1.461713e-02   1.132702e+00   1.123334e+00   8.876458e-01   1.293022e-05   1.178451e-02
   136   5.884226e-01   5.723190e-01   8.199047e-01   5.666958e-03   4.455833e-02  -1.049151e-01   1.102366e+00   1.091174e+00   9.876016e-02   1.355162e-06   1.379398e-02   1.151673e+00   1.142291e+00   8.888415e-01   1.024271e-05   1.128657e-02
   137   6.212500e-01   6.051464e-01   8.407433e-01   4.215015e-03   4.124550e-02  -1.079085e-01   1.124795e+00   1.113725e+00   9.888027e-02   1.060196e-06   1.303134e-02   1.170678e+00   1.161279e+00   8.899225e-01   8.107757e-06   1.081040e-02
   138   6.540773e-01   6.379737e-01   8.599894e-01   3.103501e-03   3.812366e-02  -1.099902e-01   1.147004e+00   1.136041e+00   9.898885e-02   8.295812e-07   1.232314e-02   1.189723e+00   1.180305e+00   8.908996e-01   6.413146e-06   1.035475e-02
   139   6.869047e-01   6.708011e-01   8.776571e-01   2.266343e-03   3.520449e-02  -1.109712e-01   1.169020e+00   1.158152e+00   9.908698e-02   6.491985e-07   1.166403e-02   1.208811e+00   1.199372e+00   8.917828e-01   5.069139e-06   9.918484e-03
   140   7.197321e-01   7.036285e-01   8.936569e-01   1.638592e-03   3.248154e-02  -1.110064e-01   1.190868e+00   1.180082e+00   9.917565e-02   5.080608e-07   1.104930e-02   1.227947e+00   1.218485e+00   8.925808e-01   4.004034e-06   9.500552e-03
   141   7.525595e-01   7.364559e-01   9.080500e-01   1.174987e-03   2.995545e-02  -1.100713e-01   1.212569e+00   1.201854e+00   9.925576e-02   3.976057e-07   1.047481e-02   1.247135e+00   1.237647e+00   8.933019e-01   3.160604e-06   9.100008e-03
   142   7.853869e-01   7.692833e-01   9.209366e-01   8.345790e-04   2.761928e-02  -1.082577e-01   1.234142e+00   1.223489e+00   9.932813e-02   3.111502e-07   9.936920e-03   1.266377e+00   1.256863e+00   8.939532e-01   2.493209e-06   8.715980e-03
   143   8.182142e-01   8.021106e-01   9.322332e-01   5.880388e-04   2.546640e-02  -1.055950e-01   1.255605e+00   1.245006e+00   9.939350e-02   2.434741e-07   9.432426e-03   1.285676e+00   1.276134e+00   8.945415e-01   1.965495e-06   8.347673e-03
   144   8.510416e-01   8.349380e-01   9.422069e-01   4.110564e-04   2.348721e-02  -1.021640e-01   1.276974e+00   1.266421e+00   9.945254e-02   1.904968e-07   8.958472e-03   1.305034e+00   1.295463e+00   8.950729e-01   1.548521e-06   7.994351e-03
   145   8.838690e-01   8.677654e-01   9.508917e-01   2.851182e-04   2.167223e-02  -9.800359e-02   1.298261e+00   1.287748e+00   9.950586e-02   1.490271e-07   8.512532e-03   1.324453e+00   1.314852e+00   8.955527e-01   1.219278e-06   7.655338e-03
   146   9.166964e-01   9.005928e-01   9.583489e-01   1.964750e-04   2.000874e-02  -9.325642e-02   1.319481e+00   1.309001e+00   9.955400e-02   1.165674e-07   8.092359e-03   1.343934e+00   1.334303e+00   8.959860e-01   9.594821e-07   7.330009e-03
   147   9.495238e-01   9.334202e-01   9.647897e-01   1.345813e-04   1.848508e-02  -8.804246e-02   1.340643e+00   1.330191e+00   9.959747e-02   9.116260e-08   7.695956e-03   1.363478e+00   1.353816e+00   8.963772e-01   7.546187e-07   7.017784e-03
   148   9.823512e-01   9.662476e-01   9.703165e-01   9.166863e-05   1.709056e-02  -8.244906e-02   1.361759e+00   1.351329e+00   9.963672e-02   7.128199e-08   7.321541e-03   1.383087e+00   1.373393e+00   8.967304e-01   5.931759e-07   6.718125e-03
   149   1.015179e+00   9.990749e-01   9.749804e-01   6.216487e-05   1.581227e-02  -7.664814e-02   1.382836e+00   1.372425e+00   9.967214e-02   5.572667e-08   6.967519e-03   1.402760e+00   1.393035e+00   8.970493e-01   4.660296e-07   6.430529e-03
   150   1.048006e+00   1.031902e+00   9.789396e-01   4.199765e-05   1.463943e-02  -7.084052e-02   1.403882e+00   1.393486e+00   9.970413e-02   4.355769e-08   6.632463e-03   1.422497e+00   1.412741e+00   8.973371e-01   3.659544e-07   6.154529e-03
   151   1.080833e+00   1.064730e+00   9.822993e-01   2.828400e-05   1.356229e-02  -6.504413e-02   1.424904e+00   1.414520e+00   9.973300e-02   3.403965e-08   6.315090e-03   1.442299e+00   1.432511e+00   8.975970e-01   2.872326e-07   5.889688e-03
   152   1.113661e+00   1.097557e+00   9.851368e-01   1.899977e-05   1.257181e-02  -5.942028e-02   1.445908e+00   1.435533e+00   9.975905e-02   2.659652e-08   6.014248e-03   1.462164e+00   1.452345e+00   8.978315e-01   2.253432e-07   5.635594e-03
   153   1.146488e+00   1.130384e+00   9.875009e-01   1.273966e-05   1.165931e-02  -5.403888e-02   1.466899e+00   1.456530e+00   9.978257e-02   2.077717e-08   5.728893e-03   1.482092e+00   1.472242e+00   8.980432e-01   1.767139e-07   5.391865e-03
   154   1.179315e+00   1.163212e+00   9.894943e-01   8.530438e-06   1.081759e-02  -4.896589e-02   1.487882e+00   1.477517e+00   9.980380e-02   1.622835e-08   5.458083e-03   1.502081e+00   1.492201e+00   8.982342e-01   1.385240e-07   5.158139e-03
   155   1.212143e+00   1.196039e+00   9.911759e-01   5.706353e-06   1.004039e-02  -4.422520e-02   1.508859e+00   1.498497e+00   9.982296e-02   1.267344e-08   5.200967e-03   1.522130e+00   1.512221e+00   8.984066e-01   1.085478e-07   4.934079e-03
   156   1.244970e+00   1.228867e+00   9.925816e-01   3.815077e-06   9.321827e-03  -3.983511e-02   1.529834e+00   1.519474e+00   9.984025e-02   9.895889e-09   4.956771e-03   1.542237e+00   1.532300e+00   8.985622e-01   8.503059e-08   4.719369e-03
   157   1.277798e+00   1.261694e+00   9.937559e-01   2.549998e-06   8.656754e-03  -3.581145e-02   1.550809e+00   1.540448e+00   9.985585e-02   7.726187e-09   4.724794e-03   1.562399e+00   1.552435e+00   8.987027e-01   6.658933e-08   4.513714e-03
   158   1.310625e+00   1.294521e+00   9.947449e-01   1.704415e-06   8.040727e-03  -3.214699e-02   1.571785e+00   1.561424e+00   9.986993e-02   6.031684e-09   4.504400e-03   1.582614e+00   1.572624e+00   8.988294e-01   5.213505e-08   4.316838e-03
   159   1.343452e+00   1.327349e+00   9.955780e-01   1.139521e-06   7.469775e-03  -2.880321e-02   1.592761e+00   1.582400e+00   9.988264e-02   4.708587e-09   4.295012e-03   1.602877e+00   1.592863e+00   8.989438e-01   4.081070e-08   4.128486e-03
   160   1.376280e+00   1.360176e+00   9.962689e-01   7.621435e-07   6.940249e-03  -2.579949e-02   1.613739e+00   1.603377e+00   9.989411e-02   3.675705e-09   4.096110e-03   1.623184e+00   1.613149e+00   8.990470e-01   3.194218e-08   3.948425e-03
   161   1.409107e+00   1.393004e+00   9.968532e-01   5.100121e-07   6.448924e-03  -2.306807e-02   1.634715e+00   1.624353e+00   9.990446e-02   2.869540e-09   3.907220e-03   1.643530e+00   1.633476e+00   8.991401e-01   2.499959e-08   3.776440e-03
   162   1.441935e+00   1.425831e+00   9.973463e-01   3.415337e-07   5.993008e-03  -2.063309e-02   1.655688e+00   1.645328e+00   9.991379e-02   2.240444e-09   3.727921e-03   1.663910e+00   1.653840e+00   8.992241e-01   1.956665e-08   3.612339e-03
   163   1.474762e+00   1.458658e+00   9.977558e-01   2.288781e-07   5.569814e-03  -1.842207e-02   1.676655e+00   1.666298e+00   9.992222e-02   1.749609e-09   3.557833e-03   1.684315e+00   1.674232e+00   8.993000e-01   1.531647e-08   3.455953e-03
   164   1.507589e+00   1.491486e+00   9.981034e-01   1.535040e-07   5.177030e-03  -1.645103e-02   1.697609e+00   1.687258e+00   9.992982e-02   1.366704e-09   3.396623e-03   1.704738e+00   1.694647e+00   8.993684e-01   1.199255e-08   3.307137e-03
   165   1.540417e+00   1.524313e+00   9.983963e-01   1.030508e-07   4.812581e-03  -1.465949e-02   1.718545e+00   1.708203e+00   9.993668e-02   1.068034e-09   3.243998e-03   1.725168e+00   1.715073e+00   8.994301e-01   9.393677e-09   3.165770e-03
   166   1.573244e+00   1.557140e+00   9.986415e-01   6.924250e-08   4.474512e-03  -1.304357e-02   1.739453e+00   1.729125e+00   9.994287e-02   8.350895e-10   3.099707e-03   1.745593e+00   1.735501e+00   8.994858e-01   7.362131e-09   3.031758e-03
   167   1.606071e+00   1.589968e+00   9.988499e-01   4.657209e-08   4.161139e-03  -1.158007e-02   1.760325e+00   1.750014e+00   9.994845e-02   6.534170e-10   2.963543e-03   1.766000e+00   1.755917e+00   8.995361e-01   5.774313e-09   2.905038e-03
   168   1.638899e+00   1.622795e+00   9.990252e-01   3.135815e-08   3.870991e-03  -1.020720e-02   1.781146e+00   1.770860e+00   9.995349e-02   5.117326e-10   2.835337e-03   1.786372e+00   1.776306e+00   8.995814e-01   4.533422e-09   2.785577e-03
   169   1.671726e+00   1.655623e+00   9.991734e-01   2.113647e-08   3.602617e-03  -8.973209e-03   1.801902e+00   1.791648e+00   9.995804e-02   4.012294e-10   2.714965e-03   1.806690e+00   1.796650e+00   8.996223e-01   3.563679e-09   2.673373e-03
   170   1.704554e+00   1.688450e+00   9.992998e-01   1.426466e-08   3.355032e-03  -7.734387e-03   1.822573e+00   1.812360e+00   9.996214e-02   3.150352e-10   2.602344e-03   1.826930e+00   1.816928e+00   8.996593e-01   2.805787e-09   2.568460e-03
   171   1.737381e+00   1.721277e+00   9.994057e-01   9.639346e-09   3.127170e-03  -6.574616e-03   1.843138e+00   1.832978e+00   9.996584e-02   2.477891e-10   2.497434e-03   1.847067e+00   1.837115e+00   8.996926e-01   2.213365e-09   2.470908e-03
   172   1.770208e+00   1.754105e+00   9.994963e-01   6.522981e-09   2.918156e-03  -5.389770e-03   1.863571e+00   1.853475e+00   9.996918e-02   1.953100e-10   2.400239e-03   1.867070e+00   1.857183e+00   8.997226e-01   1.750149e-09   2.380823e-03
   173   1.803036e+00   1.786932e+00   9.995733e-01   4.421853e-09   2.727872e-03  -4.069040e-03   1.883842e+00   1.873825e+00   9.997219e-02   1.543376e-10   2.310801e-03   1.886904e+00   1.877100e+00   8.997498e-01   1.387800e-09   2.298347e-03
   174   1.835863e+00   1.819759e+00   9.996386e-01   3.002999e-09   2.555475e-03  -2.719816e-03   1.903915e+00   1.893994e+00   9.997491e-02   1.223306e-10   2.229209e-03   1.906532e+00   1.896829e+00   8.997742e-01   1.104176e-09   2.223656e-03
   175   1.868690e+00   1.852587e+00   9.996948e-01   2.044188e-09   2.401472e-03  -9.631772e-04   1.923752e+00   1.913947e+00   9.997737e-02   9.730804e-11   2.155586e-03   1.925908e+00   1.916328e+00   8.997963e-01   8.819854e-10   2.156958e-03
   176   1.901518e+00   1.885414e+00   9.997426e-01   1.395377e-09   2.266279e-03   9.585853e-04   1.943309e+00   1.933641e+00   9.997958e-02   7.772508e-11   2.090130e-03   1.944985e+00   1.935551e+00   8.998162e-01   7.077279e-10   2.098489e-03
   177   1.934345e+00   1.918242e+00   9.997837e-01   9.555201e-10   2.150101e-03   3.335858e-03   1.962542e+00   1.953032e+00   9.998158e-02   6.236939e-11   2.033374e-03   1.963712e+00   1.954449e+00   8.998342e-01   5.708455e-10   2.048588e-03
   178   1.967173e+00   1.951069e+00   9.998193e-01   6.569948e-10   2.055642e-03   6.472271e-03   1.981423e+00   1.972085e+00   9.998338e-02   5.025249e-11   1.987814e-03   1.982047e+00   1.972976e+00   8.998504e-01   4.628985e-10   2.008525e-03
   179   2.000000e+00   1.983896e+00   9.998500e-01   4.524652e-10   1.992485e-03   8.230685e-03   2.000000e+00   1.990811e+00   9.998500e-02   4.048929e-11   1.962877e-03   2.000000e+00   1.991116e+00   8.998650e-01   3.762688e-10   1.985576e-03
