     i          log_r       log_rmid          m_tot        rho_tot         v2_tot            eta     lgr[heavy]    lgrm[heavy]       m[heavy]     rho[heavy]      v2[heavy]     lgr[light]    lgrm[light]       m[light]     rho[light]      v2[light]
     0  -4.346089e+00  -4.647119e+00   1.022885e-07   3.301674e+06   2.519916e-01            nan  -4.346089e+00  -4.647119e+00   9.998500e-08   3.275842e+06   2.498720e-01  -3.096233e+00  -3.397263e+00   8.998650e-07   5.248050e+03   4.923088e-01
     1  -4.310636e+00  -4.328001e+00   1.303226e-07   3.276944e+06   2.512515e-01            nan  -4.323646e+00  -4.334722e+00   1.166721e-07   3.260254e+06   2.498689e-01  -3.063908e+00  -3.079770e+00   1.050049e-06   3.500849e+03   4.853240e-01
     2  -4.275183e+00  -4.292548e+00   1.660650e-07   3.273357e+06   2.511872e-01            nan  -4.301207e+00  -4.312281e+00   1.361439e-07   3.258565e+06   2.498686e-01  -3.031853e+00  -3.047585e+00   1.225295e-06   3.298310e+03   4.842113e-01
     3  -4.239730e+00  -4.257095e+00   2.116331e-07   3.269285e+06   2.511259e-01            nan  -4.278769e+00  -4.289843e+00   1.588651e-07   3.256695e+06   2.498682e-01  -2.999904e+00  -3.015585e+00   1.429786e-06   3.095682e+03   4.829462e-01
     4  -4.204277e+00  -4.221642e+00   2.697212e-07   3.264712e+06   2.510674e-01            nan  -4.256333e+00  -4.267406e+00   1.853780e-07   3.254627e+06   2.498678e-01  -2.967928e+00  -2.983622e+00   1.668402e-06   2.894159e+03   4.815135e-01
     5  -4.168824e+00  -4.186189e+00   3.437604e-07   3.259438e+06   2.510117e-01            nan  -4.233895e+00  -4.244969e+00   2.163150e-07   3.252339e+06   2.498673e-01  -2.935815e+00  -2.951575e+00   1.946835e-06   2.694962e+03   4.798941e-01
     6  -4.133371e+00  -4.150736e+00   4.381094e-07   3.253442e+06   2.509586e-01            nan  -4.211456e+00  -4.222531e+00   2.524142e-07   3.249807e+06   2.498668e-01  -2.903476e+00  -2.919344e+00   2.271728e-06   2.499350e+03   4.780670e-01
     7  -4.097918e+00  -4.115283e+00   5.583209e-07   3.246534e+06   2.509079e-01            nan  -4.189012e+00  -4.200089e+00   2.945370e-07   3.247006e+06   2.498663e-01  -2.870836e+00  -2.886849e+00   2.650833e-06   2.308557e+03   4.760085e-01
     8  -4.062465e+00  -4.079830e+00   7.114245e-07   3.238555e+06   2.508596e-01            nan  -4.166564e+00  -4.177643e+00   3.436881e-07   3.243907e+06   2.498656e-01  -2.837835e+00  -2.854022e+00   3.093193e-06   2.123752e+03   4.736895e-01
     9  -4.027012e+00  -4.044377e+00   9.063715e-07   3.229399e+06   2.508134e-01            nan  -4.144110e+00  -4.155192e+00   4.010398e-07   3.240478e+06   2.498649e-01  -2.804430e+00  -2.820811e+00   3.609358e-06   1.946213e+03   4.710934e-01
    10  -3.991559e+00  -4.008924e+00   1.154481e-06   3.218683e+06   2.507694e-01            nan  -4.121648e+00  -4.132734e+00   4.679601e-07   3.236684e+06   2.498642e-01  -2.770590e+00  -2.787180e+00   4.211641e-06   1.777057e+03   4.682086e-01
    11  -3.956106e+00  -3.973471e+00   1.470088e-06   3.206399e+06   2.507273e-01            nan  -4.099178e+00  -4.110268e+00   5.460446e-07   3.232487e+06   2.498633e-01  -2.736298e+00  -2.753106e+00   4.914402e-06   1.617012e+03   4.650028e-01
    12  -3.920653e+00  -3.938018e+00   1.871356e-06   3.192002e+06   2.506870e-01            nan  -4.076697e+00  -4.087792e+00   6.371554e-07   3.227843e+06   2.498624e-01  -2.701547e+00  -2.718575e+00   5.734398e-06   1.466734e+03   4.614567e-01
    13  -3.885200e+00  -3.902565e+00   2.381057e-06   3.175398e+06   2.506484e-01            nan  -4.054204e+00  -4.065305e+00   7.434644e-07   3.222707e+06   2.498613e-01  -2.666345e+00  -2.683589e+00   6.691180e-06   1.326807e+03   4.575894e-01
    14  -3.849747e+00  -3.867112e+00   3.028157e-06   3.156104e+06   2.506113e-01            nan  -4.031697e+00  -4.042805e+00   8.675058e-07   3.217025e+06   2.498602e-01  -2.630710e+00  -2.648162e+00   7.807552e-06   1.197295e+03   4.533582e-01
    15  -3.814294e+00  -3.831659e+00   3.848545e-06   3.133683e+06   2.505757e-01            nan  -4.009175e+00  -4.020290e+00   1.012236e-06   3.210742e+06   2.498589e-01  -2.594670e+00  -2.612316e+00   9.110122e-06   1.078316e+03   4.488045e-01
    16  -3.778841e+00  -3.796206e+00   4.887820e-06   3.107873e+06   2.505413e-01            nan  -3.986636e+00  -3.997759e+00   1.181103e-06   3.203794e+06   2.498575e-01  -2.558260e+00  -2.576084e+00   1.062993e-05   9.696361e+02   4.439228e-01
    17  -3.743388e+00  -3.760753e+00   6.202195e-06   3.077728e+06   2.505080e-01            nan  -3.964077e+00  -3.975210e+00   1.378130e-06   3.196112e+06   2.498559e-01  -2.521524e+00  -2.539504e+00   1.240317e-05   8.708948e+02   4.387246e-01
    18  -3.707935e+00  -3.725300e+00   7.862119e-06   3.043372e+06   2.504756e-01            nan  -3.941496e+00  -3.952640e+00   1.608010e-06   3.187621e+06   2.498541e-01  -2.484507e+00  -2.502621e+00   1.447209e-05   7.816235e+02   4.332676e-01
    19  -3.672482e+00  -3.689847e+00   9.954486e-06   3.003170e+06   2.504439e-01            nan  -3.918891e+00  -3.930046e+00   1.876216e-06   3.178235e+06   2.498522e-01  -2.447260e+00  -2.465485e+00   1.688595e-05   7.012278e+02   4.275388e-01
    20  -3.637029e+00  -3.654394e+00   1.258586e-05   2.957630e+06   2.504127e-01            nan  -3.896259e+00  -3.907427e+00   2.189133e-06   3.167865e+06   2.498500e-01  -2.409833e+00  -2.428143e+00   1.970220e-05   6.290580e+02   4.216401e-01
    21  -3.601576e+00  -3.618941e+00   1.588791e-05   2.904858e+06   2.503817e-01            nan  -3.873596e+00  -3.884780e+00   2.554206e-06   3.156410e+06   2.498476e-01  -2.372273e+00  -2.390647e+00   2.298786e-05   5.644557e+02   4.155502e-01
    22  -3.566123e+00  -3.583488e+00   2.001747e-05   2.845366e+06   2.503508e-01            nan  -3.850900e+00  -3.862100e+00   2.980121e-06   3.143759e+06   2.498449e-01  -2.334627e+00  -2.353042e+00   2.682109e-05   5.067081e+02   4.093800e-01
    23  -3.530670e+00  -3.548035e+00   2.516818e-05   2.777168e+06   2.503194e-01            nan  -3.828166e+00  -3.839384e+00   3.477003e-06   3.129792e+06   2.498419e-01  -2.296938e+00  -2.315374e+00   3.129303e-05   4.551807e+02   4.031223e-01
    24  -3.495217e+00  -3.512582e+00   3.156349e-05   2.701068e+06   2.502874e-01            nan  -3.805390e+00  -3.816629e+00   4.056664e-06   3.114379e+06   2.498386e-01  -2.259242e+00  -2.277681e+00   3.650997e-05   4.092124e+02   3.968585e-01
    25  -3.459764e+00  -3.477129e+00   3.947488e-05   2.614746e+06   2.502541e-01            nan  -3.782568e+00  -3.793829e+00   4.732872e-06   3.097376e+06   2.498349e-01  -2.221572e+00  -2.239999e+00   4.259585e-05   3.682221e+02   3.906168e-01
    26  -3.424311e+00  -3.441675e+00   4.921154e-05   2.520017e+06   2.502193e-01            nan  -3.759694e+00  -3.770980e+00   5.521683e-06   3.078629e+06   2.498307e-01  -2.183957e+00  -2.202357e+00   4.969515e-05   3.316704e+02   3.844209e-01
    27  -3.388858e+00  -3.406222e+00   6.112280e-05   2.413857e+06   2.501820e-01            nan  -3.736762e+00  -3.748077e+00   6.441814e-06   3.057969e+06   2.498261e-01  -2.146416e+00  -2.164781e+00   5.797633e-05   2.990347e+02   3.783460e-01
    28  -3.353405e+00  -3.370769e+00   7.563676e-05   2.299022e+06   2.501420e-01            nan  -3.713767e+00  -3.725113e+00   7.515084e-06   3.035213e+06   2.498210e-01  -2.108973e+00  -2.127291e+00   6.763576e-05   2.699166e+02   3.723479e-01
    29  -3.317952e+00  -3.335316e+00   9.312478e-05   2.174385e+06   2.500982e-01            nan  -3.690700e+00  -3.702081e+00   8.766923e-06   3.010166e+06   2.498153e-01  -2.071634e+00  -2.089902e+00   7.890231e-05   2.438525e+02   3.665481e-01
    30  -3.282499e+00  -3.299863e+00   1.141233e-04   2.040702e+06   2.500495e-01            nan  -3.667554e+00  -3.678973e+00   1.022697e-05   2.982617e+06   2.498089e-01  -2.034418e+00  -2.052628e+00   9.204273e-05   2.205692e+02   3.608398e-01
    31  -3.247046e+00  -3.264410e+00   1.391444e-04   1.900609e+06   2.499952e-01            nan  -3.644320e+00  -3.655782e+00   1.192976e-05   2.952338e+06   2.498018e-01  -1.997323e+00  -2.015475e+00   1.073678e-04   1.996640e+02   3.553793e-01
    32  -3.211593e+00  -3.228957e+00   1.685387e-04   1.754193e+06   2.499336e-01            nan  -3.620988e+00  -3.632498e+00   1.391553e-05   2.919091e+06   2.497938e-01  -1.960359e+00  -1.978448e+00   1.252398e-04   1.809326e+02   3.500607e-01
    33  -3.176140e+00  -3.193504e+00   2.028964e-04   1.603299e+06   2.498626e-01            nan  -3.597546e+00  -3.609109e+00   1.623115e-05   2.882620e+06   2.497849e-01  -1.923523e+00  -1.941550e+00   1.460803e-04   1.640857e+02   3.449697e-01
    34  -3.140687e+00  -3.158051e+00   2.426712e-04   1.451520e+06   2.497811e-01            nan  -3.573982e+00  -3.585605e+00   1.893121e-05   2.842657e+06   2.497749e-01  -1.886817e+00  -1.904782e+00   1.703808e-04   1.489407e+02   3.400549e-01
    35  -3.105234e+00  -3.122598e+00   2.882451e-04   1.301103e+06   2.496869e-01            nan  -3.550282e+00  -3.561971e+00   2.207926e-05   2.798921e+06   2.497636e-01  -1.850240e+00  -1.868143e+00   1.987134e-04   1.352977e+02   3.353387e-01
    36  -3.069781e+00  -3.087145e+00   3.399058e-04   1.154354e+06   2.495773e-01   4.820670e-01  -3.526430e+00  -3.538193e+00   2.574932e-05   2.751123e+06   2.497510e-01  -1.813789e+00  -1.831632e+00   2.317439e-04   1.229965e+02   3.308092e-01
    37  -3.034328e+00  -3.051692e+00   3.978292e-04   1.013460e+06   2.494354e-01   4.809353e-01  -3.502409e+00  -3.514253e+00   3.002750e-05   2.698966e+06   2.497368e-01  -1.777464e+00  -1.795247e+00   2.702475e-04   1.118974e+02   3.264464e-01
    38  -2.998875e+00  -3.016239e+00   4.620698e-04   8.804986e+05   2.492609e-01   4.795349e-01  -3.478197e+00  -3.490134e+00   3.501400e-05   2.642150e+06   2.497207e-01  -1.741261e+00  -1.758985e+00   3.151260e-04   1.018652e+02   3.222608e-01
    39  -2.963422e+00  -2.980786e+00   5.325718e-04   7.572023e+05   2.490495e-01   4.779269e-01  -3.453773e+00  -3.465813e+00   4.082538e-05   2.580378e+06   2.497026e-01  -1.705178e+00  -1.722845e+00   3.674284e-04   9.279920e+01   3.182072e-01
    40  -2.927969e+00  -2.945333e+00   6.092050e-04   6.448651e+05   2.487939e-01   4.761219e-01  -3.429111e+00  -3.441267e+00   4.759714e-05   2.513362e+06   2.496821e-01  -1.669212e+00  -1.686823e+00   4.283742e-04   8.458821e+01   3.143049e-01
    41  -2.892515e+00  -2.909880e+00   6.918226e-04   5.442806e+05   2.484856e-01   4.741210e-01  -3.404181e+00  -3.416467e+00   5.548679e-05   2.440832e+06   2.496588e-01  -1.633364e+00  -1.650919e+00   4.993811e-04   7.715712e+01   3.104961e-01
    42  -2.857062e+00  -2.874427e+00   7.803391e-04   4.557183e+05   2.481165e-01   4.719147e-01  -3.378953e+00  -3.391384e+00   6.467734e-05   2.362546e+06   2.496323e-01  -1.597630e+00  -1.615130e+00   5.820960e-04   7.041621e+01   3.068000e-01
    43  -2.821609e+00  -2.838974e+00   8.748108e-04   3.789465e+05   2.476801e-01   4.694910e-01  -3.353387e+00  -3.365982e+00   7.538125e-05   2.278303e+06   2.496020e-01  -1.562011e+00  -1.579456e+00   6.784313e-04   6.430686e+01   3.031553e-01
    44  -2.786156e+00  -2.803521e+00   9.746913e-04   3.132989e+05   2.471760e-01   4.668411e-01  -3.327441e+00  -3.340220e+00   8.784517e-05   2.187958e+06   2.495673e-01  -1.526505e+00  -1.543895e+00   7.906065e-04   5.875770e+01   2.995756e-01
    45  -2.750703e+00  -2.768068e+00   1.077910e-03   2.572216e+05   2.465531e-01   4.641019e-01  -3.301068e+00  -3.314054e+00   1.023551e-04   2.091438e+06   2.495274e-01  -1.491114e+00  -1.508449e+00   9.211963e-04   5.372099e+01   2.960036e-01
    46  -2.715250e+00  -2.732615e+00   1.187063e-03   2.103465e+05   2.458238e-01   4.612009e-01  -3.274210e+00  -3.287431e+00   1.192428e-04   1.988765e+06   2.494813e-01  -1.455836e+00  -1.473117e+00   1.073185e-03   4.914036e+01   2.924448e-01
    47  -2.679797e+00  -2.697162e+00   1.301313e-03   1.715707e+05   2.450188e-01   4.580621e-01  -3.246805e+00  -3.260292e+00   1.388921e-04   1.880075e+06   2.494278e-01  -1.420672e+00  -1.437898e+00   1.250029e-03   4.497544e+01   2.888530e-01
    48  -2.644344e+00  -2.661709e+00   1.417811e-03   1.394069e+05   2.440264e-01   4.550116e-01  -3.218779e+00  -3.232566e+00   1.617478e-04   1.765646e+06   2.493654e-01  -1.385621e+00  -1.402793e+00   1.455730e-03   4.118192e+01   2.852259e-01
    49  -2.608891e+00  -2.626256e+00   1.541753e-03   1.131633e+05   2.429243e-01   4.518296e-01  -3.190045e+00  -3.204174e+00   1.883238e-04   1.645920e+06   2.492921e-01  -1.350684e+00  -1.367801e+00   1.694914e-03   3.772455e+01   2.815356e-01
    50  -2.573438e+00  -2.590803e+00   1.666484e-03   9.174867e+04   2.416854e-01   4.486272e-01  -3.160506e+00  -3.175024e+00   2.192140e-04   1.521531e+06   2.492055e-01  -1.315856e+00  -1.332921e+00   1.972926e-03   3.456883e+01   2.777736e-01
    51  -2.537985e+00  -2.555350e+00   1.798899e-03   7.438416e+04   2.402497e-01   4.455941e-01  -3.130046e+00  -3.145009e+00   2.551039e-04   1.393327e+06   2.491023e-01  -1.281133e+00  -1.298148e+00   2.295935e-03   3.168328e+01   2.739383e-01
    52  -2.502532e+00  -2.519897e+00   1.933299e-03   6.030933e+04   2.387206e-01   4.424760e-01  -3.098531e+00  -3.114003e+00   2.967831e-04   1.262391e+06   2.489784e-01  -1.246511e+00  -1.263477e+00   2.671048e-03   2.904167e+01   2.700144e-01
    53  -2.467079e+00  -2.484444e+00   2.075543e-03   4.896704e+04   2.369487e-01   4.397532e-01  -3.065803e+00  -3.081859e+00   3.451610e-04   1.130049e+06   2.488282e-01  -1.211977e+00  -1.228901e+00   3.106449e-03   2.661556e+01   2.660347e-01
    54  -2.431626e+00  -2.448991e+00   2.220227e-03   3.978606e+04   2.350986e-01   4.369893e-01  -3.031680e+00  -3.048406e+00   4.012824e-04   9.978689e+05   2.486444e-01  -1.177522e+00  -1.194408e+00   3.611542e-03   2.438532e+01   2.619810e-01
    55  -2.396173e+00  -2.413538e+00   2.374260e-03   3.240289e+04   2.330293e-01   4.346787e-01  -2.995943e+00  -3.013444e+00   4.663463e-04   8.676425e+05   2.484171e-01  -1.143129e+00  -1.159985e+00   4.197117e-03   2.232775e+01   2.578995e-01
    56  -2.360720e+00  -2.378085e+00   2.530856e-03   2.642921e+04   2.308549e-01   4.325175e-01  -2.958340e+00  -2.976734e+00   5.417261e-04   7.413405e+05   2.481323e-01  -1.108779e+00  -1.125614e+00   4.875535e-03   2.042681e+01   2.537912e-01
    57  -2.325267e+00  -2.342632e+00   2.697945e-03   2.160444e+04   2.285570e-01   4.306632e-01  -2.918574e+00  -2.938002e+00   6.289911e-04   6.210419e+05   2.477713e-01  -1.074453e+00  -1.091277e+00   5.660920e-03   1.866684e+01   2.496774e-01
    58  -2.289814e+00  -2.307179e+00   2.870037e-03   1.770927e+04   2.260949e-01   4.292726e-01  -2.876302e+00  -2.896924e+00   7.299314e-04   5.088278e+05   2.473073e-01  -1.040126e+00  -1.056950e+00   6.569382e-03   1.703358e+01   2.455944e-01
    59  -2.254361e+00  -2.271726e+00   3.052292e-03   1.453178e+04   2.236413e-01   4.279106e-01  -2.831132e+00  -2.853130e+00   8.465830e-04   4.066441e+05   2.467030e-01  -1.005775e+00  -1.022611e+00   7.619247e-03   1.551729e+01   2.415390e-01
    60  -2.218908e+00  -2.236273e+00   3.243659e-03   1.197589e+04   2.209706e-01   4.273374e-01  -2.782626e+00  -2.806202e+00   9.812558e-04   3.161358e+05   2.459060e-01  -9.713758e-01  -9.882349e-01   8.831303e-03   1.410789e+01   2.375396e-01
    61  -2.183455e+00  -2.200820e+00   3.445021e-03   9.872541e+03   2.183768e-01   4.266720e-01  -2.730315e+00  -2.755683e+00   1.136562e-03   2.384714e+05   2.448427e-01  -9.369040e-01  -9.537979e-01   1.022906e-02   1.279808e+01   2.336012e-01
    62  -2.148002e+00  -2.165367e+00   3.658731e-03   8.172046e+03   2.156504e-01   4.267054e-01  -2.673736e+00  -2.701105e+00   1.315444e-03   1.741833e+05   2.434129e-01  -9.023391e-01  -9.192778e-01   1.183900e-02   1.158227e+01   2.297107e-01
    63  -2.112549e+00  -2.129914e+00   3.883956e-03   6.771788e+03   2.129686e-01   4.268123e-01  -2.612484e+00  -2.642031e+00   1.521208e-03   1.230628e+05   2.414845e-01  -8.676617e-01  -8.846544e-01   1.369088e-02   1.045475e+01   2.258787e-01
    64  -2.077096e+00  -2.094461e+00   4.123607e-03   5.624000e+03   2.103033e-01   4.272971e-01  -2.546311e+00  -2.578138e+00   1.757548e-03   8.415129e+04   2.388959e-01  -8.328561e-01  -8.499103e-01   1.581793e-02   9.411181e+00   2.220957e-01
    65  -2.041643e+00  -2.059008e+00   4.378220e-03   4.681669e+03   2.076532e-01   4.280050e-01  -2.475240e+00  -2.509323e+00   2.028572e-03   5.585651e+04   2.354737e-01  -7.979111e-01  -8.150322e-01   1.825715e-02   8.447871e+00   2.183398e-01
    66  -2.006190e+00  -2.023555e+00   4.649244e-03   3.900611e+03   2.050939e-01   4.289504e-01  -2.399667e+00  -2.435812e+00   2.338830e-03   3.618917e+04   2.310721e-01  -7.628196e-01  -7.800110e-01   2.104947e-02   7.561041e+00   2.145990e-01
    67  -1.970737e+00  -1.988102e+00   4.938664e-03   3.259410e+03   2.025880e-01   4.301060e-01  -2.320398e+00  -2.358227e+00   2.693323e-03   2.306630e+04   2.256338e-01  -7.275780e-01  -7.448415e-01   2.423991e-02   6.746890e+00   2.108701e-01
    68  -1.935284e+00  -1.952649e+00   5.247807e-03   2.724878e+03   2.001857e-01   4.314701e-01  -2.238568e+00  -2.277559e+00   3.097518e-03   1.459300e+04   2.192451e-01  -6.921873e-01  -7.095223e-01   2.787766e-02   6.001981e+00   2.071316e-01
    69  -1.899831e+00  -1.917196e+00   5.578245e-03   2.283290e+03   1.979103e-01   4.328632e-01  -2.155442e+00  -2.195019e+00   3.557342e-03   9.240728e+03   2.121472e-01  -6.566524e-01  -6.740565e-01   3.201608e-02   5.322720e+00   2.033651e-01
    70  -1.864378e+00  -1.881743e+00   5.933144e-03   1.914874e+03   1.957444e-01   4.344338e-01  -2.072201e+00  -2.111830e+00   4.079169e-03   5.894772e+03   2.046858e-01  -6.209815e-01  -6.384508e-01   3.671252e-02   4.705351e+00   1.995665e-01
    71  -1.828925e+00  -1.846290e+00   6.312376e-03   1.608207e+03   1.937364e-01   4.359704e-01  -1.989783e+00  -2.029040e+00   4.669785e-03   3.803605e+03   1.972232e-01  -5.851851e-01  -6.027146e-01   4.202806e-02   4.146067e+00   1.957337e-01
    72  -1.793472e+00  -1.810837e+00   6.721818e-03   1.352251e+03   1.918683e-01   4.375369e-01  -1.908842e+00  -1.947430e+00   5.336336e-03   2.487408e+03   1.900626e-01  -5.492764e-01  -5.668597e-01   4.802703e-02   3.641167e+00   1.918569e-01
    73  -1.758019e+00  -1.775384e+00   7.160053e-03   1.138190e+03   1.901559e-01   4.390834e-01  -1.829776e+00  -1.867512e+00   6.086254e-03   1.649490e+03   1.834107e-01  -5.132713e-01  -5.309008e-01   5.477629e-02   3.186977e+00   1.879274e-01
    74  -1.722566e+00  -1.739931e+00   7.633662e-03   9.592092e+02   1.886196e-01   4.404649e-01  -1.752793e+00  -1.789581e+00   6.927149e-03   1.108872e+03   1.773765e-01  -4.771879e-01  -4.948550e-01   6.234434e-02   2.779883e+00   1.839411e-01
    75  -1.687113e+00  -1.704478e+00   8.142379e-03   8.090891e+02   1.872247e-01   4.418475e-01  -1.677983e+00  -1.713779e+00   7.866679e-03   7.552204e+02   1.719894e-01  -4.410462e-01  -4.587412e-01   7.080011e-02   2.416308e+00   1.799030e-01
    76  -1.651660e+00  -1.669025e+00   8.692521e-03   6.832846e+02   1.860285e-01   4.428925e-01  -1.605365e+00  -1.640158e+00   8.912390e-03   5.207496e+02   1.672208e-01  -4.048685e-01  -4.225807e-01   8.021151e-02   2.092859e+00   1.758060e-01
    77  -1.616207e+00  -1.633572e+00   9.285365e-03   5.775629e+02   1.849587e-01   4.439221e-01  -1.534927e+00  -1.568720e+00   1.007152e-02   3.633087e+02   1.630028e-01  -3.686798e-01  -3.863973e-01   9.064369e-02   1.806255e+00   1.716433e-01
    78  -1.580754e+00  -1.598119e+00   9.927285e-03   4.887623e+02   1.840869e-01   4.445059e-01  -1.466646e+00  -1.499446e+00   1.135078e-02   2.563197e+02   1.592414e-01  -3.325078e-01  -3.502173e-01   1.021570e-01   1.553339e+00   1.674082e-01
    79  -1.545301e+00  -1.562666e+00   1.062087e-02   4.140254e+02   1.833283e-01   4.450062e-01  -1.400492e+00  -1.432310e+00   1.275612e-02   1.827855e+02   1.558273e-01  -2.963823e-01  -3.140695e-01   1.148050e-01   1.331068e+00   1.631051e-01
    80  -1.509848e+00  -1.527213e+00   1.137329e-02   3.511159e+02   1.827422e-01   4.450297e-01  -1.336434e+00  -1.367283e+00   1.429243e-02   1.316881e+02   1.526455e-01  -2.603350e-01  -2.779848e-01   1.286319e-01   1.136552e+00   1.587319e-01
    81  -1.474395e+00  -1.491760e+00   1.218812e-02   2.980938e+02   1.822542e-01   4.448681e-01  -1.274436e+00  -1.304330e+00   1.596333e-02   9.579608e+01   1.495859e-01  -2.244005e-01  -2.419962e-01   1.436700e-01   9.670627e-01   1.542853e-01
    82  -1.438942e+00  -1.456307e+00   1.307419e-02   2.533723e+02   1.818937e-01   4.442652e-01  -1.214447e+00  -1.243406e+00   1.777087e-02   7.030978e+01   1.465551e-01  -1.886152e-01  -2.061394e-01   1.599378e-01   8.200258e-01   1.497626e-01
    83  -1.403489e+00  -1.420854e+00   1.403579e-02   2.156179e+02   1.816074e-01   4.433897e-01  -1.156394e+00  -1.184451e+00   1.971527e-02   5.201223e+01   1.434879e-01  -1.530172e-01  -1.704516e-01   1.774374e-01   6.930128e-01   1.451715e-01
    84  -1.368036e+00  -1.385401e+00   1.508425e-02   1.837104e+02   1.813944e-01   4.421446e-01  -1.100181e+00  -1.127379e+00   2.179475e-02   3.872920e+01   1.403554e-01  -1.176453e-01  -1.349712e-01   1.961527e-01   5.837652e-01   1.405174e-01
    85  -1.332583e+00  -1.349948e+00   1.622506e-02   1.567149e+02   1.812172e-01   4.406212e-01  -1.045679e+00  -1.072076e+00   2.400535e-02   2.898086e+01   1.371649e-01  -8.253987e-02  -9.973798e-02   2.160481e-01   4.902030e-01   1.358036e-01
    86  -1.297130e+00  -1.314495e+00   1.747121e-02   1.338554e+02   1.810630e-01   4.387951e-01  -9.927326e-01  -1.018399e+00   2.634082e-02   2.175306e+01   1.339559e-01  -4.774131e-02  -6.479215e-02   2.370673e-01   4.104085e-01   1.310384e-01
    87  -1.261677e+00  -1.279042e+00   1.883144e-02   1.144530e+02   1.808931e-01   4.368324e-01  -9.411626e-01  -9.661826e-01   2.879262e-02   1.634638e+01   1.307871e-01  -1.328879e-02  -3.017350e-02   2.591336e-01   3.426194e-01   1.262398e-01
    88  -1.226224e+00  -1.243589e+00   2.031937e-02   9.799532e+01   1.807118e-01   4.345916e-01  -8.907769e-01  -9.152395e-01   3.134998e-02   1.227408e+01   1.277201e-01   2.077890e-02   4.079016e-03   2.821498e-01   2.852593e-01   1.214167e-01
    89  -1.190771e+00  -1.208136e+00   2.194783e-02   8.395764e+01   1.804629e-01   4.325453e-01  -8.413812e-01  -8.653772e-01   3.400006e-02   9.193608e+00   1.248076e-01   5.442477e-02   3.792758e-02   3.060005e-01   2.369032e-01   1.165852e-01
    90  -1.155318e+00  -1.172683e+00   2.373261e-02   7.200955e+01   1.801726e-01   4.304011e-01  -7.927893e-01  -8.164060e-01   3.672816e-02   6.859628e+00   1.220818e-01   8.761488e-02   7.133681e-02   3.305535e-01   1.962769e-01   1.117661e-01
    91  -1.119865e+00  -1.137230e+00   2.568813e-02   6.180190e+01   1.798165e-01   4.284449e-01  -7.448322e-01  -7.681491e-01   3.951809e-02   5.092985e+00   1.195523e-01   1.203173e-01   1.042738e-01   3.556628e-01   1.622627e-01   1.069724e-01
    92  -1.084412e+00  -1.101777e+00   2.783339e-02   5.305257e+01   1.793992e-01   4.267737e-01  -6.973639e-01  -7.204498e-01   4.235249e-02   3.760030e+00   1.172094e-01   1.525047e-01   1.367091e-01   3.811724e-01   1.338670e-01   1.022292e-01
    93  -1.048959e+00  -1.066324e+00   3.018873e-02   4.556833e+01   1.789328e-01   4.252610e-01  -6.502606e-01  -6.731740e-01   4.521329e-02   2.758949e+00   1.150281e-01   1.841531e-01   1.686171e-01   4.069196e-01   1.102332e-01   9.755127e-02
    94  -1.013506e+00  -1.030871e+00   3.276779e-02   3.912163e+01   1.784280e-01   4.241704e-01  -6.034206e-01  -6.262094e-01   4.808216e-02   2.011438e+00   1.129763e-01   2.152429e-01   1.999761e-01   4.327394e-01   9.061332e-02   9.295927e-02
    95  -9.780529e-01  -9.954177e-01   3.559850e-02   3.357375e+01   1.779107e-01   4.233219e-01  -5.567591e-01  -5.794634e-01   5.094094e-02   1.456793e+00   1.110190e-01   2.457587e-01   2.307687e-01   4.584685e-01   7.436638e-02   8.846937e-02
    96  -9.425999e-01  -9.599647e-01   3.870499e-02   2.880797e+01   1.773761e-01   4.226629e-01  -5.101999e-01  -5.328558e-01   5.377208e-02   1.047874e+00   1.091230e-01   2.756897e-01   2.609820e-01   4.839488e-01   6.094267e-02   8.409742e-02
    97  -9.071469e-01  -9.245117e-01   4.209586e-02   2.469005e+01   1.768627e-01   4.221377e-01  -4.636671e-01  -4.863106e-01   5.655903e-02   7.483158e-01   1.072656e-01   3.050294e-01   2.906073e-01   5.090312e-01   4.987432e-02   7.985754e-02
    98  -8.716939e-01  -8.890587e-01   4.580984e-02   2.113796e+01   1.763809e-01   4.215620e-01  -4.170784e-01  -4.397483e-01   5.928652e-02   5.302911e-01   1.054359e-01   3.337753e-01   3.196402e-01   5.335787e-01   4.076561e-02   7.576064e-02
    99  -8.362409e-01  -8.536057e-01   4.987613e-02   1.808571e+01   1.758995e-01   4.208627e-01  -3.703341e-01  -3.930777e-01   6.194091e-02   3.726093e-01   1.036337e-01   3.619293e-01   3.480804e-01   5.574682e-01   3.328215e-02   7.181696e-02
   100  -8.007879e-01  -8.181527e-01   5.430737e-02   1.546154e+01   1.754129e-01   4.198964e-01  -3.233103e-01  -3.461861e-01   6.451030e-02   2.593319e-01   1.018666e-01   3.894963e-01   3.759315e-01   5.805927e-01   2.714398e-02   6.803251e-02
   101  -7.653348e-01  -7.826997e-01   5.913614e-02   1.319714e+01   1.749573e-01   4.184038e-01  -2.758641e-01  -2.989396e-01   6.698469e-02   1.785949e-01   1.001461e-01   4.164851e-01   4.032003e-01   6.028622e-01   2.211609e-02   6.441325e-02
   102  -7.298818e-01  -7.472467e-01   6.440702e-02   1.125853e+01   1.744482e-01   4.164772e-01  -2.278272e-01  -2.511818e-01   6.935597e-02   1.215459e-01   9.848389e-02   4.429072e-01   4.298970e-01   6.242038e-01   1.800337e-02   6.096068e-02
   103  -6.944288e-01  -7.117937e-01   7.015720e-02   9.600136e+00   1.738544e-01   4.140405e-01  -1.790028e-01  -2.027292e-01   7.161799e-02   8.162642e-02   9.689558e-02   4.687769e-01   4.560346e-01   6.445619e-01   1.464289e-02   5.767697e-02
   104  -6.589758e-01  -6.763407e-01   7.639742e-02   8.180809e+00   1.731571e-01   4.109881e-01  -1.291784e-01  -1.533765e-01   7.376638e-02   5.402394e-02   9.539656e-02   4.941104e-01   4.816283e-01   6.638974e-01   1.190033e-02   5.455977e-02
   105  -6.235228e-01  -6.408876e-01   8.318554e-02   6.965453e+00   1.723446e-01   4.072976e-01  -7.813004e-02  -1.029046e-01   7.579851e-02   3.519397e-02   9.399961e-02   5.189265e-01   5.066957e-01   6.821866e-01   9.664002e-03   5.160829e-02
   106  -5.880698e-01  -6.054346e-01   9.057706e-02   5.928961e+00   1.713551e-01   4.031035e-01  -2.563877e-02  -5.109184e-02   7.771330e-02   2.254733e-02   9.271304e-02   5.432450e-01   5.312559e-01   6.994197e-01   7.842322e-03   4.881754e-02
   107  -5.526168e-01  -5.699816e-01   9.862127e-02   5.044917e+00   1.701664e-01   3.983967e-01   2.845035e-02   2.247310e-03   7.951106e-02   1.421239e-02   9.151033e-02   5.670873e-01   5.553297e-01   7.155996e-01   6.359482e-03   4.618414e-02
   108  -5.171638e-01  -5.345286e-01   1.073419e-01   4.290442e+00   1.687641e-01   3.931703e-01   8.417300e-02   5.720476e-02   8.119333e-02   8.831482e-03   9.032443e-02   5.904759e-01   5.789390e-01   7.307399e-01   5.153480e-03   4.370193e-02
   109  -4.817108e-01  -4.990756e-01   1.168028e-01   3.645430e+00   1.671512e-01   3.874428e-01   1.413327e-01   1.136925e-01   8.276263e-02   5.436567e-03   8.899451e-02   6.134338e-01   6.021065e-01   7.448636e-01   4.173303e-03   4.136532e-02
   110  -4.462577e-01  -4.636226e-01   1.270767e-01   3.095234e+00   1.653019e-01   3.812277e-01   1.993776e-01   1.713241e-01   8.422234e-02   3.344399e-03   8.723844e-02   6.359850e-01   6.248558e-01   7.580011e-01   3.377218e-03   3.916791e-02
   111  -4.108047e-01  -4.281696e-01   1.382216e-01   2.625702e+00   1.632131e-01   3.744631e-01   2.573923e-01   2.293530e-01   8.557652e-02   2.079046e-03   8.471483e-02   6.581533e-01   6.472106e-01   7.701887e-01   2.731101e-03   3.710264e-02
   112  -3.753517e-01  -3.927166e-01   1.502736e-01   2.224887e+00   1.608826e-01   3.670742e-01   3.142531e-01   2.867526e-01   8.682971e-02   1.320479e-03   8.117593e-02   6.799632e-01   6.691951e-01   7.814674e-01   2.207014e-03   3.516323e-02
   113  -3.398987e-01  -3.572636e-01   1.632833e-01   1.882164e+00   1.583266e-01   3.589234e-01   3.689338e-01   3.424535e-01   8.798682e-02   8.629137e-04   7.664660e-02   7.014387e-01   6.908337e-01   7.918814e-01   1.782205e-03   3.334237e-02
   114  -3.044457e-01  -3.218105e-01   1.773356e-01   1.589758e+00   1.555336e-01   3.499223e-01   4.207607e-01   3.956199e-01   8.905301e-02   5.810363e-04   7.143115e-02   7.226040e-01   7.121503e-01   8.014771e-01   1.438085e-03   3.163334e-02
   115  -2.689927e-01  -2.863575e-01   1.924850e-01   1.340363e+00   1.525086e-01   3.399730e-01   4.694669e-01   4.457963e-01   9.003354e-02   4.020448e-04   6.594085e-02   7.434829e-01   7.331689e-01   8.103019e-01   1.159513e-03   3.002948e-02
   116  -2.335397e-01  -2.509045e-01   2.087560e-01   1.127773e+00   1.492559e-01   3.289610e-01   5.150930e-01   4.928788e-01   9.093373e-02   2.846224e-04   6.052429e-02   7.640986e-01   7.539131e-01   8.184036e-01   9.341639e-04   2.852401e-02
   117  -1.980867e-01  -2.154515e-01   2.261861e-01   9.465340e-01   1.457912e-01   3.165815e-01   5.578478e-01   5.369963e-01   9.175884e-02   2.052678e-04   5.540229e-02   7.844739e-01   7.744057e-01   8.258295e-01   7.519943e-04   2.711073e-02
   118  -1.626337e-01  -1.799985e-01   2.448463e-01   7.924199e-01   1.421113e-01   3.028160e-01   5.980091e-01   5.783925e-01   9.251402e-02   1.502628e-04   5.067982e-02   8.046311e-01   7.946695e-01   8.326262e-01   6.048407e-04   2.578347e-02
   119  -1.271807e-01  -1.445455e-01   2.647663e-01   6.615454e-01   1.382272e-01   2.875744e-01   6.358675e-01   6.173507e-01   9.320429e-02   1.113234e-04   4.638942e-02   8.245915e-01   8.147260e-01   8.388386e-01   4.860660e-04   2.453629e-02
   120  -9.172764e-02  -1.090925e-01   2.859058e-01   5.505655e-01   1.341513e-01   2.706279e-01   6.716993e-01   6.541529e-01   9.383445e-02   8.327394e-05   4.252400e-02   8.443759e-01   8.345964e-01   8.445100e-01   3.902727e-04   2.336369e-02
   121  -5.627463e-02  -7.363947e-02   3.083210e-01   4.566585e-01   1.298940e-01   2.517699e-01   7.057485e-01   6.890575e-01   9.440910e-02   6.279323e-05   3.905343e-02   8.640040e-01   8.543008e-01   8.496819e-01   3.130789e-04   2.226040e-02
   122  -2.082162e-02  -3.818645e-02   3.320115e-01   3.774048e-01   1.254691e-01   2.311692e-01   7.382318e-01   7.222938e-01   9.493262e-02   4.766163e-05   3.594158e-02   8.834947e-01   8.738587e-01   8.543935e-01   2.509277e-04   2.122139e-02
   123   1.463139e-02  -2.733444e-03   3.568983e-01   3.106843e-01   1.208930e-01   2.086896e-01   7.693379e-01   7.540633e-01   9.540910e-02   3.637437e-05   3.315116e-02   9.028660e-01   8.932884e-01   8.586819e-01   2.009321e-04   2.024198e-02
   124   5.008440e-02   3.271957e-02   3.829739e-01   2.546883e-01   1.161815e-01   1.844131e-01   7.992301e-01   7.845412e-01   9.584241e-02   2.788747e-05   3.064517e-02   9.221349e-01   9.126073e-01   8.625817e-01   1.607510e-04   1.931789e-02
   125   8.553741e-02   6.817258e-02   4.101909e-01   2.078429e-01   1.113573e-01   1.586088e-01   8.280510e-01   8.138796e-01   9.623618e-02   2.146224e-05   2.839135e-02   9.413174e-01   9.318321e-01   8.661256e-01   1.284882e-04   1.844501e-02
   126   1.209904e-01   1.036256e-01   4.383791e-01   1.687992e-01   1.064384e-01   1.314404e-01   8.559246e-01   8.422114e-01   9.659376e-02   1.657014e-05   2.635959e-02   9.604284e-01   9.509780e-01   8.693438e-01   1.026075e-04   1.761956e-02
   127   1.564434e-01   1.390786e-01   4.674259e-01   1.363389e-01   1.014345e-01   1.038328e-01   8.829594e-01   8.696524e-01   9.691827e-02   1.282737e-05   2.452392e-02   9.794819e-01   9.700596e-01   8.722644e-01   8.186633e-05   1.683807e-02
   128   1.918964e-01   1.745316e-01   4.972354e-01   1.094903e-01   9.638340e-02   7.520886e-02   9.092514e-01   8.963044e-01   9.721261e-02   9.951756e-06   2.286154e-02   9.984911e-01   9.890905e-01   8.749135e-01   6.525968e-05   1.609738e-02
   129   2.273495e-01   2.099846e-01   5.276421e-01   8.741317e-02   9.131027e-02   4.831765e-02   9.348841e-01   9.222568e-01   9.747945e-02   7.735142e-06   2.135188e-02   1.017468e+00   1.008083e+00   8.773151e-01   5.197616e-05   1.539452e-02
   130   2.628025e-01   2.454376e-01   5.585037e-01   6.934594e-02   8.625013e-02   2.215789e-02   9.599320e-01   9.475886e-01   9.772124e-02   6.021312e-06   1.997768e-02   1.036423e+00   1.027049e+00   8.794912e-01   4.136082e-05   1.472679e-02
   131   2.982555e-01   2.808906e-01   5.896025e-01   5.464620e-02   8.123181e-02  -2.715998e-03   9.844615e-01   9.723699e-01   9.794025e-02   4.692932e-06   1.872349e-02   1.055368e+00   1.045999e+00   8.814623e-01   3.288567e-05   1.409175e-02
   132   3.337085e-01   3.163437e-01   6.207599e-01   4.276320e-02   7.627717e-02  -2.348640e-02   1.008531e+00   9.966630e-01   9.813854e-02   3.661321e-06   1.757567e-02   1.074311e+00   1.064942e+00   8.832469e-01   2.612545e-05   1.348716e-02
   133   3.691615e-01   3.517967e-01   6.514358e-01   3.319397e-02   7.140685e-02  -4.322583e-02   1.032193e+00   1.020523e+00   9.831802e-02   2.858770e-06   1.652263e-02   1.093260e+00   1.083889e+00   8.848622e-01   2.073806e-05   1.291099e-02
   134   4.046145e-01   3.872497e-01   6.816835e-01   2.554982e-02   6.664473e-02  -5.953480e-02   1.055493e+00   1.043999e+00   9.848042e-02   2.233536e-06   1.555406e-02   1.112224e+00   1.102846e+00   8.863237e-01   1.644855e-05   1.236138e-02
   135   4.400675e-01   4.227027e-01   7.113148e-01   1.950607e-02   6.203217e-02  -7.248953e-02   1.078475e+00   1.067136e+00   9.862732e-02   1.745890e-06   1.466089e-02   1.131210e+00   1.121821e+00   8.876458e-01   1.303619e-05   1.183666e-02
   136   4.755205e-01   4.581557e-01   7.398057e-01   1.476056e-02   5.758767e-02  -8.367958e-02   1.101174e+00   1.089973e+00   9.876016e-02   1.365223e-06   1.383521e-02   1.150224e+00   1.140821e+00   8.888415e-01   1.032392e-05   1.133530e-02
   137   5.109735e-01   4.936087e-01   7.671232e-01   1.105651e-02   5.331578e-02  -9.295626e-02   1.123625e+00   1.112545e+00   9.888027e-02   1.067840e-06   1.307015e-02   1.169272e+00   1.159852e+00   8.899225e-01   8.169927e-06   1.085590e-02
   138   5.464266e-01   5.290617e-01   7.930951e-01   8.207736e-03   4.925237e-02  -9.916194e-02   1.145857e+00   1.134883e+00   9.898885e-02   8.353854e-07   1.235962e-02   1.188358e+00   1.178920e+00   8.908996e-01   6.460691e-06   1.039721e-02
   139   5.818796e-01   5.645147e-01   8.173483e-01   6.026779e-03   4.539629e-02  -1.040554e-01   1.167897e+00   1.157017e+00   9.908698e-02   6.536033e-07   1.169829e-02   1.207487e+00   1.198028e+00   8.917828e-01   5.105461e-06   9.958071e-03
   140   6.173326e-01   5.999677e-01   8.399842e-01   4.382644e-03   4.176971e-02  -1.074984e-01   1.189769e+00   1.178971e+00   9.917565e-02   5.114017e-07   1.108144e-02   1.226664e+00   1.217181e+00   8.925808e-01   4.031756e-06   9.537442e-03
   141   6.527856e-01   6.354208e-01   8.607211e-01   3.151279e-03   3.837003e-02  -1.097138e-01   1.211495e+00   1.200768e+00   9.925576e-02   4.001383e-07   1.050492e-02   1.245891e+00   1.236384e+00   8.933019e-01   3.181740e-06   9.134362e-03
   142   6.882386e-01   6.708738e-01   8.795772e-01   2.243454e-03   3.520674e-02  -1.106602e-01   1.233094e+00   1.222429e+00   9.932813e-02   3.130690e-07   9.965110e-03   1.265172e+00   1.255639e+00   8.939532e-01   2.509309e-06   8.747952e-03
   143   7.236916e-01   7.063268e-01   8.966323e-01   1.579303e-03   3.227439e-02  -1.105104e-01   1.254583e+00   1.243971e+00   9.939350e-02   2.449270e-07   9.458787e-03   1.284509e+00   1.274948e+00   8.945415e-01   1.977746e-06   8.377407e-03
   144   7.591446e-01   7.417798e-01   9.117021e-01   1.100410e-03   2.957159e-02  -1.092810e-01   1.275977e+00   1.265412e+00   9.945254e-02   1.915963e-07   8.983098e-03   1.303905e+00   1.294315e+00   8.950729e-01   1.557836e-06   8.021985e-03
   145   7.945976e-01   7.772328e-01   9.250112e-01   7.592135e-04   2.709013e-02  -1.070457e-01   1.297291e+00   1.286765e+00   9.950586e-02   1.498586e-07   8.535514e-03   1.323360e+00   1.313741e+00   8.955527e-01   1.226353e-06   7.681002e-03
   146   8.300506e-01   8.126858e-01   9.366615e-01   5.186886e-04   2.482008e-02  -1.038713e-01   1.318537e+00   1.308044e+00   9.955400e-02   1.171959e-07   8.113786e-03   1.342877e+00   1.333228e+00   8.959860e-01   9.648501e-07   7.353827e-03
   147   8.655037e-01   8.481388e-01   9.467521e-01   3.510962e-04   2.274939e-02  -9.976495e-02   1.339725e+00   1.329260e+00   9.959747e-02   9.163736e-08   7.715913e-03   1.362457e+00   1.352777e+00   8.963772e-01   7.586881e-07   7.039873e-03
   148   9.009567e-01   8.835918e-01   9.553779e-01   2.357284e-04   2.086388e-02  -9.492737e-02   1.360867e+00   1.350425e+00   9.963672e-02   7.164038e-08   7.340111e-03   1.382100e+00   1.372389e+00   8.967304e-01   5.962580e-07   6.738595e-03
   149   9.364097e-01   9.190448e-01   9.627117e-01   1.571138e-04   1.914869e-02  -8.948045e-02   1.381970e+00   1.371546e+00   9.967214e-02   5.599703e-08   6.984782e-03   1.401806e+00   1.392065e+00   8.970493e-01   4.683616e-07   6.449484e-03
   150   9.718627e-01   9.544978e-01   9.689230e-01   1.040382e-04   1.758865e-02  -8.360243e-02   1.403041e+00   1.392633e+00   9.970413e-02   4.376151e-08   6.648495e-03   1.421576e+00   1.411804e+00   8.973371e-01   3.677172e-07   6.172068e-03
   151   1.007316e+00   9.899509e-01   9.741580e-01   6.851157e-05   1.616907e-02  -7.744460e-02   1.424089e+00   1.413693e+00   9.973300e-02   3.419319e-08   6.329965e-03   1.441410e+00   1.431606e+00   8.975970e-01   2.885638e-07   5.905901e-03
   152   1.042769e+00   1.025404e+00   9.785426e-01   4.490437e-05   1.487625e-02  -7.116553e-02   1.445119e+00   1.434731e+00   9.975905e-02   2.671208e-08   6.028034e-03   1.461307e+00   1.451472e+00   8.978315e-01   2.263474e-07   5.650570e-03
   153   1.078222e+00   1.060857e+00   9.822057e-01   2.932140e-05   1.369698e-02  -6.494846e-02   1.466135e+00   1.455754e+00   9.978257e-02   2.086409e-08   5.741656e-03   1.481265e+00   1.471401e+00   8.980432e-01   1.774706e-07   5.405684e-03
   154   1.113675e+00   1.096310e+00   9.852517e-01   1.909088e-05   1.261945e-02  -5.891249e-02   1.487142e+00   1.476766e+00   9.980380e-02   1.629366e-08   5.469885e-03   1.501285e+00   1.491390e+00   8.982342e-01   1.390935e-07   5.170877e-03
   155   1.149128e+00   1.131763e+00   9.877759e-01   1.240285e-05   1.163330e-02  -5.315391e-02   1.508144e+00   1.497770e+00   9.982296e-02   1.272246e-08   5.211866e-03   1.521363e+00   1.511440e+00   8.984066e-01   1.089760e-07   4.945807e-03
   156   1.184581e+00   1.167216e+00   9.898608e-01   8.045115e-06   1.072941e-02  -4.778209e-02   1.529143e+00   1.518771e+00   9.984025e-02   9.932637e-09   4.966821e-03   1.541499e+00   1.531548e+00   8.985622e-01   8.535200e-08   4.730153e-03
   157   1.220034e+00   1.202669e+00   9.915892e-01   5.213189e-06   9.899694e-03  -4.276743e-02   1.550142e+00   1.539769e+00   9.985585e-02   7.753700e-09   4.734047e-03   1.561689e+00   1.551711e+00   8.987027e-01   6.683023e-08   4.523613e-03
   158   1.255487e+00   1.238122e+00   9.930220e-01   3.376087e-06   9.137170e-03  -3.820324e-02   1.571141e+00   1.560768e+00   9.986993e-02   6.052249e-09   4.512902e-03   1.581931e+00   1.571928e+00   8.988294e-01   5.231529e-08   4.325910e-03
   159   1.290940e+00   1.273575e+00   9.942076e-01   2.185932e-06   8.435632e-03  -3.403991e-02   1.592141e+00   1.581768e+00   9.988264e-02   4.723930e-09   4.302808e-03   1.602221e+00   1.592194e+00   8.989438e-01   4.094527e-08   4.136782e-03
   160   1.326393e+00   1.309028e+00   9.951902e-01   1.415514e-06   7.789595e-03  -3.025594e-02   1.613141e+00   1.602768e+00   9.989411e-02   3.687126e-09   4.103238e-03   1.622555e+00   1.612507e+00   8.990470e-01   3.204240e-08   3.955991e-03
   161   1.361846e+00   1.344481e+00   9.960034e-01   9.169391e-07   7.194239e-03  -2.688472e-02   1.634141e+00   1.623768e+00   9.990446e-02   2.878019e-09   3.913717e-03   1.642927e+00   1.632860e+00   8.991401e-01   2.507400e-08   3.783318e-03
   162   1.397299e+00   1.379934e+00   9.966718e-01   5.943007e-07   6.645262e-03  -2.385540e-02   1.655137e+00   1.644766e+00   9.991379e-02   2.246717e-09   3.733818e-03   1.663332e+00   1.653250e+00   8.992241e-01   1.962169e-08   3.618567e-03
   163   1.432752e+00   1.415387e+00   9.972273e-01   3.854572e-07   6.138865e-03  -2.113650e-02   1.676126e+00   1.665758e+00   9.992222e-02   1.754229e-09   3.563158e-03   1.683763e+00   1.673668e+00   8.993000e-01   1.535700e-08   3.461565e-03
   164   1.468205e+00   1.450840e+00   9.976893e-01   2.502084e-07   5.671672e-03  -1.872707e-02   1.697103e+00   1.686741e+00   9.992982e-02   1.370088e-09   3.401401e-03   1.704212e+00   1.694108e+00   8.993684e-01   1.202221e-08   3.312160e-03
   165   1.503658e+00   1.486293e+00   9.980735e-01   1.625739e-07   5.240653e-03  -1.657203e-02   1.718062e+00   1.707709e+00   9.993668e-02   1.070495e-09   3.248248e-03   1.724667e+00   1.714560e+00   8.994301e-01   9.415220e-09   3.170228e-03
   166   1.539111e+00   1.521746e+00   9.983914e-01   1.057384e-07   4.843061e-03  -1.463543e-02   1.738995e+00   1.728654e+00   9.994287e-02   8.368623e-10   3.103446e-03   1.745119e+00   1.735013e+00   8.994858e-01   7.377617e-09   3.035672e-03
   167   1.574564e+00   1.557199e+00   9.986553e-01   6.884508e-08   4.476468e-03  -1.290587e-02   1.759890e+00   1.749568e+00   9.994845e-02   6.546775e-10   2.966782e-03   1.765552e+00   1.755455e+00   8.995361e-01   5.785291e-09   2.908421e-03
   168   1.610017e+00   1.592652e+00   9.988757e-01   4.487429e-08   4.138689e-03  -1.135530e-02   1.780736e+00   1.770438e+00   9.995349e-02   5.126128e-10   2.838083e-03   1.785951e+00   1.775871e+00   8.995814e-01   4.541054e-09   2.788438e-03
   169   1.645470e+00   1.628105e+00   9.990601e-01   2.928704e-08   3.827911e-03  -9.910890e-03   1.801518e+00   1.791251e+00   9.995804e-02   4.018282e-10   2.717220e-03   1.806296e+00   1.796242e+00   8.996223e-01   3.568835e-09   2.675717e-03
   170   1.680923e+00   1.663558e+00   9.992134e-01   1.913851e-08   3.542406e-03  -8.560099e-03   1.822217e+00   1.811991e+00   9.996214e-02   3.154266e-10   2.604105e-03   1.826565e+00   1.816549e+00   8.996593e-01   2.809119e-09   2.570286e-03
   171   1.716376e+00   1.699011e+00   9.993412e-01   1.252382e-08   3.280723e-03  -7.305230e-03   1.842811e+00   1.832636e+00   9.996584e-02   2.480284e-10   2.498694e-03   1.846732e+00   1.836766e+00   8.996926e-01   2.215360e-09   2.472210e-03
   172   1.751829e+00   1.734464e+00   9.994486e-01   8.207778e-09   3.041652e-03  -6.063227e-03   1.863274e+00   1.853163e+00   9.996918e-02   1.954384e-10   2.400983e-03   1.866768e+00   1.856866e+00   8.997226e-01   1.751173e-09   2.381589e-03
   173   1.787282e+00   1.769917e+00   9.995390e-01   5.389101e-09   2.824662e-03  -4.666116e-03   1.883578e+00   1.873544e+00   9.997219e-02   1.543860e-10   2.311013e-03   1.886637e+00   1.876816e+00   8.997498e-01   1.388123e-09   2.298560e-03
   174   1.822735e+00   1.805370e+00   9.996145e-01   3.545548e-09   2.628944e-03  -3.257180e-03   1.903686e+00   1.893748e+00   9.997491e-02   1.223218e-10   2.228862e-03   1.906301e+00   1.896580e+00   8.997742e-01   1.104001e-09   2.223294e-03
   175   1.858188e+00   1.840823e+00   9.996781e-01   2.338209e-09   2.454185e-03  -1.647145e-03   1.923562e+00   1.913738e+00   9.997737e-02   9.725923e-11   2.154653e-03   1.925716e+00   1.916117e+00   8.997963e-01   8.814633e-10   2.155994e-03
   176   1.893641e+00   1.876276e+00   9.997320e-01   1.546479e-09   2.300668e-03   3.253050e-04   1.943161e+00   1.933472e+00   9.997958e-02   7.764897e-11   2.088574e-03   1.944836e+00   1.935382e+00   8.998162e-01   7.069702e-10   2.096891e-03
   177   1.929094e+00   1.911729e+00   9.997778e-01   1.026702e-09   2.170064e-03   2.974023e-03   1.962440e+00   1.952907e+00   9.998158e-02   6.227567e-11   2.031145e-03   1.963610e+00   1.954325e+00   8.998342e-01   5.699356e-10   2.046316e-03
   178   1.964547e+00   1.947182e+00   9.998168e-01   6.846283e-10   2.063557e-03   6.083654e-03   1.981369e+00   1.972008e+00   9.998338e-02   5.014898e-11   1.984828e-03   1.981994e+00   1.972899e+00   8.998504e-01   4.619017e-10   2.005519e-03
   179   2.000000e+00   1.982635e+00   9.998500e-01   4.576432e-10   1.990594e-03   8.211224e-03   2.000000e+00   1.990785e+00   9.998500e-02   4.038046e-11   1.959100e-03   2.000000e+00   1.991090e+00   8.998650e-01   3.752304e-10   1.981784e-03
