     i          log_r       log_rmid          m_tot        rho_tot         v2_tot            eta     lgr[heavy]    lgrm[heavy]       m[heavy]     rho[heavy]      v2[heavy]     lgr[light]    lgrm[light]       m[light]     rho[light]      v2[light]
     0  -3.231564e+00  -3.532594e+00   1.095773e-07   1.625410e+03   1.531512e-01            nan  -3.231564e+00  -3.532594e+00   9.998500e-08   1.485074e+03   1.412544e-01  -2.569751e+00  -2.870781e+00   8.998650e-07   1.382140e+02   2.789521e-01
     1  -3.202337e+00  -3.216705e+00   1.340598e-07   1.623344e+03   1.530759e-01            nan  -3.209206e+00  -3.220241e+00   1.166721e-07   1.484043e+03   1.412542e-01  -2.547258e+00  -2.558359e+00   1.050049e-06   1.372236e+02   2.789075e-01
     2  -3.173111e+00  -3.187478e+00   1.640130e-07   1.623099e+03   1.530694e-01            nan  -3.186848e+00  -3.197883e+00   1.361439e-07   1.483931e+03   1.412542e-01  -2.524770e+00  -2.535868e+00   1.225295e-06   1.371160e+02   2.789027e-01
     3  -3.143884e+00  -3.158252e+00   2.006590e-07   1.622833e+03   1.530630e-01            nan  -3.164491e+00  -3.175526e+00   1.588651e-07   1.483807e+03   1.412541e-01  -2.502285e+00  -2.513382e+00   1.429786e-06   1.369969e+02   2.788973e-01
     4  -3.114658e+00  -3.129025e+00   2.454924e-07   1.622543e+03   1.530568e-01            nan  -3.142134e+00  -3.153169e+00   1.853780e-07   1.483670e+03   1.412541e-01  -2.479800e+00  -2.490897e+00   1.668402e-06   1.368652e+02   2.788913e-01
     5  -3.085431e+00  -3.099798e+00   3.003418e-07   1.622222e+03   1.530508e-01            nan  -3.119777e+00  -3.130812e+00   2.163150e-07   1.483518e+03   1.412541e-01  -2.457314e+00  -2.468412e+00   1.946835e-06   1.367194e+02   2.788846e-01
     6  -3.056204e+00  -3.070572e+00   3.674433e-07   1.621870e+03   1.530450e-01            nan  -3.097421e+00  -3.108455e+00   2.524142e-07   1.483349e+03   1.412540e-01  -2.434825e+00  -2.445924e+00   2.271728e-06   1.365580e+02   2.788773e-01
     7  -3.026978e+00  -3.041345e+00   4.495318e-07   1.621484e+03   1.530394e-01            nan  -3.075064e+00  -3.086099e+00   2.945370e-07   1.483163e+03   1.412540e-01  -2.412330e+00  -2.423432e+00   2.650833e-06   1.363795e+02   2.788691e-01
     8  -2.997751e+00  -3.012119e+00   5.499518e-07   1.621050e+03   1.530343e-01            nan  -3.052707e+00  -3.063742e+00   3.436881e-07   1.482956e+03   1.412540e-01  -2.389827e+00  -2.400933e+00   3.093193e-06   1.361820e+02   2.788600e-01
     9  -2.968524e+00  -2.982892e+00   6.727941e-07   1.620570e+03   1.530294e-01            nan  -3.030350e+00  -3.041384e+00   4.010398e-07   1.482726e+03   1.412539e-01  -2.367314e+00  -2.378425e+00   3.609358e-06   1.359636e+02   2.788500e-01
    10  -2.939298e+00  -2.953665e+00   8.230599e-07   1.620038e+03   1.530249e-01            nan  -3.007991e+00  -3.019027e+00   4.679601e-07   1.482472e+03   1.412539e-01  -2.344790e+00  -2.355906e+00   4.211641e-06   1.357222e+02   2.788388e-01
    11  -2.910071e+00  -2.924439e+00   1.006862e-06   1.619437e+03   1.530209e-01            nan  -2.985633e+00  -2.996668e+00   5.460446e-07   1.482191e+03   1.412538e-01  -2.322252e+00  -2.333375e+00   4.914402e-06   1.354552e+02   2.788264e-01
    12  -2.880845e+00  -2.895212e+00   1.231678e-06   1.618765e+03   1.530174e-01            nan  -2.963273e+00  -2.974309e+00   6.371554e-07   1.481879e+03   1.412537e-01  -2.299697e+00  -2.310828e+00   5.734398e-06   1.351602e+02   2.788127e-01
    13  -2.851618e+00  -2.865985e+00   1.506648e-06   1.618015e+03   1.530145e-01            nan  -2.940912e+00  -2.951948e+00   7.434644e-07   1.481533e+03   1.412537e-01  -2.277124e+00  -2.288264e+00   6.691180e-06   1.348343e+02   2.787974e-01
    14  -2.822391e+00  -2.836759e+00   1.842930e-06   1.617168e+03   1.530122e-01            nan  -2.918550e+00  -2.929587e+00   8.675058e-07   1.481150e+03   1.412536e-01  -2.254530e+00  -2.265680e+00   7.807552e-06   1.344743e+02   2.787805e-01
    15  -2.793165e+00  -2.807532e+00   2.254178e-06   1.616208e+03   1.530108e-01            nan  -2.896186e+00  -2.907224e+00   1.012236e-06   1.480726e+03   1.412535e-01  -2.231912e+00  -2.243074e+00   9.110122e-06   1.340769e+02   2.787617e-01
    16  -2.763938e+00  -2.778306e+00   2.757071e-06   1.615132e+03   1.530101e-01            nan  -2.873821e+00  -2.884860e+00   1.181103e-06   1.480256e+03   1.412534e-01  -2.209267e+00  -2.220442e+00   1.062993e-05   1.336383e+02   2.787408e-01
    17  -2.734712e+00  -2.749079e+00   3.371957e-06   1.613919e+03   1.530105e-01            nan  -2.851454e+00  -2.862494e+00   1.378130e-06   1.479735e+03   1.412533e-01  -2.186593e+00  -2.197782e+00   1.240317e-05   1.331546e+02   2.787176e-01
    18  -2.705485e+00  -2.719852e+00   4.123712e-06   1.612531e+03   1.530121e-01            nan  -2.829085e+00  -2.840126e+00   1.608010e-06   1.479158e+03   1.412532e-01  -2.163884e+00  -2.175090e+00   1.447209e-05   1.326212e+02   2.786918e-01
    19  -2.676258e+00  -2.690626e+00   5.042721e-06   1.610969e+03   1.530150e-01            nan  -2.806714e+00  -2.817755e+00   1.876216e-06   1.478519e+03   1.412530e-01  -2.141139e+00  -2.152363e+00   1.688595e-05   1.320335e+02   2.786632e-01
    20  -2.647032e+00  -2.661399e+00   6.166014e-06   1.609212e+03   1.530192e-01            nan  -2.784340e+00  -2.795383e+00   2.189133e-06   1.477811e+03   1.412529e-01  -2.118351e+00  -2.129596e+00   1.970220e-05   1.313864e+02   2.786313e-01
    21  -2.617805e+00  -2.632173e+00   7.538774e-06   1.607188e+03   1.530254e-01            nan  -2.761963e+00  -2.773007e+00   2.554206e-06   1.477027e+03   1.412527e-01  -2.095518e+00  -2.106785e+00   2.298786e-05   1.306742e+02   2.785959e-01
    22  -2.588578e+00  -2.602946e+00   9.216205e-06   1.604905e+03   1.530334e-01            nan  -2.739583e+00  -2.750629e+00   2.980121e-06   1.476158e+03   1.412526e-01  -2.072633e+00  -2.083925e+00   2.682109e-05   1.298912e+02   2.785565e-01
    23  -2.559352e+00  -2.573719e+00   1.126552e-05   1.602331e+03   1.530436e-01            nan  -2.717199e+00  -2.728247e+00   3.477003e-06   1.475196e+03   1.412524e-01  -2.049692e+00  -2.061011e+00   3.129303e-05   1.290309e+02   2.785126e-01
    24  -2.530125e+00  -2.544493e+00   1.376840e-05   1.599360e+03   1.530546e-01   4.907620e-01  -2.694812e+00  -2.705861e+00   4.056664e-06   1.474130e+03   1.412521e-01  -2.026688e+00  -2.038037e+00   3.650997e-05   1.280866e+02   2.784638e-01
    25  -2.500899e+00  -2.515266e+00   1.682480e-05   1.595951e+03   1.530657e-01   4.907479e-01  -2.672420e+00  -2.683472e+00   4.732872e-06   1.472950e+03   1.412519e-01  -2.003614e+00  -2.014997e+00   4.259585e-05   1.270512e+02   2.784094e-01
    26  -2.471672e+00  -2.486039e+00   2.055611e-05   1.592091e+03   1.530779e-01   4.907314e-01  -2.650023e+00  -2.661077e+00   5.521683e-06   1.471643e+03   1.412516e-01  -1.980463e+00  -1.991884e+00   4.969515e-05   1.259173e+02   2.783488e-01
    27  -2.442445e+00  -2.456813e+00   2.510904e-05   1.587687e+03   1.530920e-01   4.907127e-01  -2.627621e+00  -2.638678e+00   6.441814e-06   1.470197e+03   1.412513e-01  -1.957227e+00  -1.968690e+00   5.797633e-05   1.246768e+02   2.782812e-01
    28  -2.413219e+00  -2.427586e+00   3.066298e-05   1.582637e+03   1.531086e-01   4.906915e-01  -2.605213e+00  -2.616272e+00   7.515084e-06   1.468595e+03   1.412510e-01  -1.933897e+00  -1.945405e+00   6.763576e-05   1.233219e+02   2.782058e-01
    29  -2.383992e+00  -2.398360e+00   3.743535e-05   1.576927e+03   1.531271e-01   4.906671e-01  -2.582798e+00  -2.593861e+00   8.766923e-06   1.466822e+03   1.412506e-01  -1.910464e+00  -1.922022e+00   7.890231e-05   1.218441e+02   2.781216e-01
    30  -2.354766e+00  -2.369133e+00   4.568825e-05   1.570478e+03   1.531479e-01   4.906389e-01  -2.560375e+00  -2.571442e+00   1.022697e-05   1.464859e+03   1.412502e-01  -1.886916e+00  -1.898530e+00   9.204273e-05   1.202349e+02   2.780276e-01
    31  -2.325539e+00  -2.339906e+00   5.573919e-05   1.563041e+03   1.531726e-01   4.906071e-01  -2.537945e+00  -2.549015e+00   1.192976e-05   1.462688e+03   1.412498e-01  -1.863242e+00  -1.874917e+00   1.073678e-04   1.184861e+02   2.779226e-01
    32  -2.296312e+00  -2.310680e+00   6.797387e-05   1.554657e+03   1.532007e-01   4.905710e-01  -2.515505e+00  -2.526580e+00   1.391553e-05   1.460285e+03   1.412493e-01  -1.839429e+00  -1.851172e+00   1.252398e-04   1.165892e+02   2.778050e-01
    33  -2.267086e+00  -2.281453e+00   8.285575e-05   1.545210e+03   1.532317e-01   4.905288e-01  -2.493055e+00  -2.504135e+00   1.623115e-05   1.457627e+03   1.412487e-01  -1.815463e+00  -1.827280e+00   1.460803e-04   1.145364e+02   2.776734e-01
    34  -2.237859e+00  -2.252227e+00   1.009350e-04   1.534445e+03   1.532680e-01   4.904810e-01  -2.470595e+00  -2.481680e+00   1.893121e-05   1.454687e+03   1.412481e-01  -1.791329e+00  -1.803228e+00   1.703808e-04   1.123203e+02   2.775259e-01
    35  -2.208632e+00  -2.223000e+00   1.228863e-04   1.522253e+03   1.533100e-01   4.904269e-01  -2.448121e+00  -2.459213e+00   2.207926e-05   1.451435e+03   1.412474e-01  -1.767011e+00  -1.779000e+00   1.987134e-04   1.099342e+02   2.773606e-01
    36  -2.179406e+00  -2.193773e+00   1.495110e-04   1.508575e+03   1.533568e-01   4.903643e-01  -2.425634e+00  -2.436732e+00   2.574932e-05   1.447841e+03   1.412466e-01  -1.742490e+00  -1.754577e+00   2.317439e-04   1.073726e+02   2.771749e-01
    37  -2.150179e+00  -2.164547e+00   1.817525e-04   1.493228e+03   1.534097e-01   4.902925e-01  -2.403132e+00  -2.414237e+00   3.002750e-05   1.443868e+03   1.412458e-01  -1.717747e+00  -1.729942e+00   2.702475e-04   1.046314e+02   2.769663e-01
    38  -2.120953e+00  -2.135320e+00   2.207435e-04   1.475764e+03   1.534723e-01   4.902115e-01  -2.380613e+00  -2.391726e+00   3.501400e-05   1.439478e+03   1.412448e-01  -1.692761e+00  -1.705074e+00   3.151260e-04   1.017082e+02   2.767317e-01
    39  -2.091726e+00  -2.106094e+00   2.678377e-04   1.456296e+03   1.535431e-01   4.901192e-01  -2.358075e+00  -2.369197e+00   4.082538e-05   1.434630e+03   1.412438e-01  -1.667510e+00  -1.679952e+00   3.674284e-04   9.860270e+01   2.764675e-01
    40  -2.062499e+00  -2.076867e+00   3.246251e-04   1.434637e+03   1.536216e-01   4.900118e-01  -2.335516e+00  -2.346649e+00   4.759714e-05   1.429276e+03   1.412426e-01  -1.641971e+00  -1.654553e+00   4.283742e-04   9.531706e+01   2.761697e-01
    41  -2.033273e+00  -2.047640e+00   3.928949e-04   1.410419e+03   1.537124e-01   4.898902e-01  -2.312934e+00  -2.324078e+00   5.548679e-05   1.423368e+03   1.412413e-01  -1.616117e+00  -1.628851e+00   4.993811e-04   9.185629e+01   2.758337e-01
    42  -2.004046e+00  -2.018414e+00   4.748541e-04   1.383370e+03   1.538178e-01   4.897527e-01  -2.290326e+00  -2.301483e+00   6.467734e-05   1.416850e+03   1.412399e-01  -1.589921e+00  -1.602821e+00   5.820960e-04   8.822854e+01   2.754542e-01
    43  -1.974820e+00  -1.989187e+00   5.730160e-04   1.353578e+03   1.539361e-01   4.895947e-01  -2.267691e+00  -2.278861e+00   7.538125e-05   1.409662e+03   1.412383e-01  -1.563357e+00  -1.576436e+00   6.784313e-04   8.444539e+01   2.750252e-01
    44  -1.945593e+00  -1.959960e+00   6.902821e-04   1.320895e+03   1.540683e-01   4.894128e-01  -2.245023e+00  -2.256209e+00   8.784517e-05   1.401742e+03   1.412365e-01  -1.536394e+00  -1.549666e+00   7.906065e-04   8.052230e+01   2.745398e-01
    45  -1.916366e+00  -1.930734e+00   8.297185e-04   1.284934e+03   1.542207e-01   4.892069e-01  -2.222321e+00  -2.233524e+00   1.023551e-04   1.393020e+03   1.412346e-01  -1.509004e+00  -1.522483e+00   9.211963e-04   7.647909e+01   2.739907e-01
    46  -1.887140e+00  -1.901507e+00   9.951639e-04   1.245513e+03   1.543968e-01   4.889744e-01  -2.199581e+00  -2.210802e+00   1.192428e-04   1.383420e+03   1.412324e-01  -1.481156e+00  -1.494856e+00   1.073185e-03   7.233861e+01   2.733694e-01
    47  -1.857913e+00  -1.872281e+00   1.190760e-03   1.202916e+03   1.545940e-01   4.887076e-01  -2.176797e+00  -2.188039e+00   1.388921e-04   1.372863e+03   1.412299e-01  -1.452820e+00  -1.466757e+00   1.250029e-03   6.812708e+01   2.726664e-01
    48  -1.828686e+00  -1.843054e+00   1.421112e-03   1.157163e+03   1.548144e-01   4.884012e-01  -2.153966e+00  -2.165231e+00   1.617478e-04   1.361263e+03   1.412272e-01  -1.423969e+00  -1.438155e+00   1.455730e-03   6.387370e+01   2.718710e-01
    49  -1.799460e+00  -1.813827e+00   1.691098e-03   1.108363e+03   1.550632e-01   4.880541e-01  -2.131082e+00  -2.142373e+00   1.883238e-04   1.348529e+03   1.412241e-01  -1.394575e+00  -1.409023e+00   1.694914e-03   5.960999e+01   2.709715e-01
    50  -1.770233e+00  -1.784601e+00   2.005520e-03   1.056205e+03   1.553499e-01   4.876629e-01  -2.108139e+00  -2.119459e+00   2.192140e-04   1.334565e+03   1.412207e-01  -1.364612e+00  -1.379335e+00   1.972926e-03   5.536899e+01   2.699552e-01
    51  -1.741007e+00  -1.755374e+00   2.370390e-03   1.001236e+03   1.556755e-01   4.872215e-01  -2.085131e+00  -2.096483e+00   2.551039e-04   1.319269e+03   1.412169e-01  -1.334058e+00  -1.349066e+00   2.295935e-03   5.118428e+01   2.688084e-01
    52  -1.711780e+00  -1.726148e+00   2.791467e-03   9.439682e+02   1.560368e-01   4.867134e-01  -2.062052e+00  -2.073438e+00   2.967831e-04   1.302535e+03   1.412127e-01  -1.302896e+00  -1.318198e+00   2.671048e-03   4.708894e+01   2.675163e-01
    53  -1.682553e+00  -1.696921e+00   3.274648e-03   8.848698e+02   1.564412e-01   4.861379e-01  -2.038892e+00  -2.050318e+00   3.451610e-04   1.284255e+03   1.412079e-01  -1.271113e+00  -1.286714e+00   3.106449e-03   4.311445e+01   2.660633e-01
    54  -1.653327e+00  -1.667694e+00   3.825712e-03   8.244702e+02   1.568945e-01   4.854890e-01  -2.015644e+00  -2.027112e+00   4.012824e-04   1.264316e+03   1.412026e-01  -1.238703e+00  -1.254606e+00   3.611542e-03   3.929046e+01   2.644354e-01
    55  -1.624100e+00  -1.638468e+00   4.450181e-03   7.633605e+02   1.574012e-01   4.847587e-01  -1.992297e+00  -2.003813e+00   4.663463e-04   1.242605e+03   1.411967e-01  -1.205666e+00  -1.221871e+00   4.197117e-03   3.564395e+01   2.626230e-01
    56  -1.594874e+00  -1.609241e+00   5.153151e-03   7.021838e+02   1.579664e-01   4.839380e-01  -1.968840e+00  -1.980410e+00   5.417261e-04   1.219009e+03   1.411900e-01  -1.172013e+00  -1.188514e+00   4.875535e-03   3.219539e+01   2.606131e-01
    57  -1.565647e+00  -1.580014e+00   5.939119e-03   6.416121e+02   1.585948e-01   4.830175e-01  -1.945262e+00  -1.956891e+00   6.289911e-04   1.193419e+03   1.411825e-01  -1.137759e+00  -1.154548e+00   5.660920e-03   2.896015e+01   2.583942e-01
    58  -1.536420e+00  -1.550788e+00   6.811860e-03   5.823208e+02   1.592910e-01   4.819871e-01  -1.921549e+00  -1.933244e+00   7.299314e-04   1.165731e+03   1.411741e-01  -1.102928e+00  -1.119994e+00   6.569382e-03   2.594838e+01   2.559562e-01
    59  -1.507194e+00  -1.521561e+00   7.774179e-03   5.249514e+02   1.600573e-01   4.808325e-01  -1.897687e+00  -1.909454e+00   8.465830e-04   1.135849e+03   1.411645e-01  -1.067551e+00  -1.084879e+00   7.619247e-03   2.316515e+01   2.532905e-01
    60  -1.477967e+00  -1.492335e+00   8.828372e-03   4.701010e+02   1.608975e-01   4.795434e-01  -1.873658e+00  -1.885506e+00   9.812558e-04   1.103691e+03   1.411538e-01  -1.031667e+00  -1.049238e+00   8.831303e-03   2.061176e+01   2.504048e-01
    61  -1.448740e+00  -1.463108e+00   9.975878e-03   4.182914e+02   1.618165e-01   4.781169e-01  -1.849444e+00  -1.861382e+00   1.136562e-03   1.069192e+03   1.411417e-01  -9.953190e-01  -1.013113e+00   1.022906e-02   1.828425e+01   2.473046e-01
    62  -1.419514e+00  -1.433881e+00   1.121757e-02   3.699299e+02   1.628157e-01   4.765445e-01  -1.825025e+00  -1.837063e+00   1.315444e-03   1.032309e+03   1.411279e-01  -9.585562e-01  -9.765487e-01   1.183900e-02   1.617459e+01   2.439923e-01
    63  -1.390287e+00  -1.404655e+00   1.255403e-02   3.253060e+02   1.638945e-01   4.748181e-01  -1.800377e+00  -1.812526e+00   1.521208e-03   9.930269e+02   1.411123e-01  -9.214285e-01  -9.395957e-01   1.369088e-02   1.427203e+01   2.404729e-01
    64  -1.361061e+00  -1.375428e+00   1.398580e-02   2.845858e+02   1.650506e-01   4.729299e-01  -1.775476e+00  -1.787748e+00   1.757548e-03   9.513659e+02   1.410945e-01  -8.839873e-01  -9.023046e-01   1.581793e-02   1.256398e+01   2.367618e-01
    65  -1.331834e+00  -1.346202e+00   1.551376e-02   2.478146e+02   1.662792e-01   4.708722e-01  -1.750293e+00  -1.762702e+00   2.028572e-03   9.073860e+02   1.410742e-01  -8.462841e-01  -8.647267e-01   1.825715e-02   1.103664e+01   2.328887e-01
    66  -1.302607e+00  -1.316975e+00   1.713939e-02   2.149286e+02   1.675738e-01   4.686365e-01  -1.724797e+00  -1.737358e+00   2.338830e-03   8.611943e+02   1.410509e-01  -8.083685e-01  -8.269126e-01   2.104947e-02   9.675407e+00   2.288637e-01
    67  -1.273381e+00  -1.287748e+00   1.885211e-02   1.857651e+02   1.689233e-01   4.661994e-01  -1.698952e+00  -1.711682e+00   2.693323e-03   8.129515e+02   1.410242e-01  -7.702876e-01  -7.889108e-01   2.423991e-02   8.465670e+00   2.246981e-01
    68  -1.244154e+00  -1.258522e+00   2.064828e-02   1.599028e+02   1.703436e-01   4.636130e-01  -1.672720e+00  -1.685638e+00   3.097518e-03   7.628767e+02   1.409935e-01  -7.320853e-01  -7.507666e-01   2.787766e-02   7.393116e+00   2.204136e-01
    69  -1.214928e+00  -1.229295e+00   2.254381e-02   1.373528e+02   1.717971e-01   4.608512e-01  -1.646057e+00  -1.659184e+00   3.557342e-03   7.112521e+02   1.409579e-01  -6.938010e-01  -7.125214e-01   3.201608e-02   6.444109e+00   2.160403e-01
    70  -1.185701e+00  -1.200068e+00   2.454404e-02   1.178056e+02   1.732700e-01   4.579057e-01  -1.618916e+00  -1.632275e+00   4.079169e-03   6.584249e+02   1.409165e-01  -6.554713e-01  -6.742134e-01   3.671252e-02   5.606060e+00   2.115848e-01
    71  -1.156474e+00  -1.170842e+00   2.662789e-02   1.009250e+02   1.747523e-01   4.547794e-01  -1.591243e+00  -1.604859e+00   4.669785e-03   6.048072e+02   1.408683e-01  -6.171292e-01  -6.358772e-01   4.202806e-02   4.867299e+00   2.070541e-01
    72  -1.127248e+00  -1.141615e+00   2.880478e-02   8.633475e+01   1.762420e-01   4.516082e-01  -1.562981e+00  -1.576882e+00   5.336336e-03   5.508721e+02   1.408119e-01  -5.788039e-01  -5.975439e-01   4.802703e-02   4.217043e+00   2.024671e-01
    73  -1.098021e+00  -1.112389e+00   3.110225e-02   7.386481e+01   1.776953e-01   4.482666e-01  -1.534063e+00  -1.548281e+00   6.086254e-03   4.971468e+02   1.407454e-01  -5.405219e-01  -5.592413e-01   5.477629e-02   3.645603e+00   1.978389e-01
    74  -1.068795e+00  -1.083162e+00   3.349858e-02   6.322253e+01   1.790994e-01   4.447360e-01  -1.504421e+00  -1.518989e+00   6.927149e-03   4.442004e+02   1.406668e-01  -5.023080e-01  -5.209948e-01   6.234434e-02   3.144357e+00   1.931685e-01
    75  -1.039568e+00  -1.053935e+00   3.599710e-02   5.410756e+01   1.804274e-01   4.412124e-01  -1.473976e+00  -1.488932e+00   7.866679e-03   3.926265e+02   1.405734e-01  -4.641861e-01  -4.828289e-01   7.080011e-02   2.705516e+00   1.884547e-01
    76  -1.010341e+00  -1.024709e+00   3.864292e-02   4.636305e+01   1.816583e-01   4.375079e-01  -1.442646e+00  -1.458029e+00   8.912390e-03   3.430224e+02   1.404617e-01  -4.261783e-01  -4.447666e-01   8.021151e-02   2.322021e+00   1.837086e-01
    77  -9.811147e-01  -9.954822e-01   4.139313e-02   3.977340e+01   1.827844e-01   4.337231e-01  -1.410342e+00  -1.426194e+00   1.007152e-02   2.959642e+02   1.403276e-01  -3.883068e-01  -4.068299e-01   9.064369e-02   1.987630e+00   1.789328e-01
    78  -9.518880e-01  -9.662555e-01   4.429744e-02   3.416097e+01   1.837793e-01   4.300303e-01  -1.376970e+00  -1.393335e+00   1.135078e-02   2.519797e+02   1.401657e-01  -3.505945e-01  -3.690414e-01   1.021570e-01   1.696792e+00   1.741210e-01
    79  -9.226614e-01  -9.370289e-01   4.736749e-02   2.939099e+01   1.846356e-01   4.261658e-01  -1.342433e+00  -1.359358e+00   1.275612e-02   2.115204e+02   1.399694e-01  -3.130659e-01  -3.314249e-01   1.148050e-01   1.444503e+00   1.692680e-01
    80  -8.934348e-01  -9.078023e-01   5.057227e-02   2.532170e+01   1.853087e-01   4.223544e-01  -1.306633e+00  -1.324164e+00   1.429243e-02   1.749358e+02   1.397302e-01  -2.757452e-01  -2.940047e-01   1.286319e-01   1.226229e+00   1.643821e-01
    81  -8.642082e-01  -8.785757e-01   5.399181e-02   2.185325e+01   1.858088e-01   4.184668e-01  -1.269476e+00  -1.287658e+00   1.596333e-02   1.424528e+02   1.394378e-01  -2.386587e-01  -2.568062e-01   1.436700e-01   1.037961e+00   1.594611e-01
    82  -8.349816e-01  -8.493491e-01   5.757815e-02   1.889210e+01   1.861330e-01   4.145793e-01  -1.230876e+00  -1.249748e+00   1.777087e-02   1.141627e+02   1.390795e-01  -2.018347e-01  -2.198565e-01   1.599378e-01   8.760974e-01   1.545002e-01
    83  -8.057550e-01  -8.201225e-01   6.140110e-02   1.635789e+01   1.862686e-01   4.108332e-01  -1.190761e+00  -1.210356e+00   1.971527e-02   9.001831e+01   1.386403e-01  -1.653028e-01  -1.831847e-01   1.774374e-01   7.373863e-01   1.495001e-01
    84  -7.765284e-01  -7.908959e-01   6.544939e-02   1.418801e+01   1.862120e-01   4.068857e-01  -1.149082e+00  -1.169422e+00   2.179475e-02   6.983799e+01   1.381024e-01  -1.290931e-01  -1.468207e-01   1.961527e-01   6.188977e-01   1.444721e-01
    85  -7.473017e-01  -7.616692e-01   6.974397e-02   1.231989e+01   1.859324e-01   4.031212e-01  -1.105822e+00  -1.126914e+00   2.400535e-02   5.332640e+01   1.374455e-01  -9.323724e-02  -1.107952e-01   2.160481e-01   5.180391e-01   1.394156e-01
    86  -7.180751e-01  -7.324426e-01   7.433826e-02   1.071412e+01   1.854686e-01   3.992080e-01  -1.061000e+00  -1.082833e+00   2.634082e-02   4.010193e+01   1.366478e-01  -5.776782e-02  -7.514053e-02   2.370673e-01   4.324826e-01   1.343349e-01
    87  -6.888485e-01  -7.032160e-01   7.920351e-02   9.328427e+00   1.848174e-01   3.954319e-01  -1.014683e+00  -1.037224e+00   2.879262e-02   2.973098e+01   1.356875e-01  -2.271601e-02  -3.988838e-02   2.591336e-01   3.601365e-01   1.292489e-01
    88  -6.596219e-01  -6.739894e-01   8.442533e-02   8.131349e+00   1.839834e-01   3.916033e-01  -9.669890e-01  -9.901818e-01   3.134998e-02   2.175984e+01   1.345449e-01   1.188662e-02  -5.070167e-03   2.821498e-01   2.991720e-01   1.241634e-01
    89  -6.303953e-01  -6.447628e-01   8.995988e-02   7.092757e+00   1.829299e-01   3.876041e-01  -9.180787e-01  -9.418457e-01   3.400006e-02   1.574637e+01   1.332042e-01   4.601006e-02   2.928339e-02   3.060005e-01   2.479606e-01   1.190928e-01
    90  -6.011687e-01  -6.155362e-01   9.590021e-02   6.190731e+00   1.817048e-01   3.836130e-01  -8.681529e-01  -8.923988e-01   3.672816e-02   1.128542e+01   1.316570e-01   7.962670e-02   6.314356e-02   3.305535e-01   2.050705e-01   1.140562e-01
    91  -5.719421e-01  -5.863096e-01   1.022430e-01   5.407721e+00   1.803038e-01   3.794635e-01  -8.174378e-01  -8.420555e-01   3.951809e-02   8.024294e+00   1.299046e-01   1.127103e-01   9.648344e-02   3.556628e-01   1.692610e-01   1.090642e-01
    92  -5.427154e-01  -5.570829e-01   1.090251e-01   4.724576e+00   1.787538e-01   3.753457e-01  -7.661652e-01  -7.910452e-01   4.235249e-02   5.668869e+00   1.279581e-01   1.452391e-01   1.292792e-01   3.811724e-01   1.394381e-01   1.041416e-01
    93  -5.134888e-01  -5.278563e-01   1.162783e-01   4.128376e+00   1.770072e-01   3.708823e-01  -7.145548e-01  -7.395938e-01   4.521329e-02   3.983987e+00   1.258381e-01   1.771936e-01   1.615102e-01   4.069196e-01   1.146706e-01   9.929994e-02
    94  -4.842622e-01  -4.986297e-01   1.240130e-01   3.606546e+00   1.751053e-01   3.662530e-01  -6.627992e-01  -6.879065e-01   4.808216e-02   2.787782e+00   1.235740e-01   2.085589e-01   1.931593e-01   4.327394e-01   9.414805e-02   9.456009e-02
    95  -4.550356e-01  -4.694031e-01   1.323247e-01   3.150701e+00   1.730513e-01   3.613491e-01  -6.110482e-01  -6.361533e-01   5.094094e-02   1.943154e+00   1.211992e-01   2.393231e-01   2.242133e-01   4.584685e-01   7.718301e-02   8.993524e-02
    96  -4.258090e-01  -4.401765e-01   1.411742e-01   2.751768e+00   1.708572e-01   3.561885e-01  -5.594031e-01  -5.844584e-01   5.377208e-02   1.349252e+00   1.187494e-01   2.694792e-01   2.546628e-01   4.839488e-01   6.318670e-02   8.544159e-02
    97  -3.965824e-01  -4.109499e-01   1.506274e-01   2.401502e+00   1.685141e-01   3.506222e-01  -5.079148e-01  -5.328963e-01   5.655903e-02   9.330258e-01   1.162596e-01   2.990234e-01   2.845024e-01   5.090312e-01   5.166247e-02   8.109051e-02
    98  -3.673558e-01  -3.817233e-01   1.607066e-01   2.094189e+00   1.660058e-01   3.445783e-01  -4.565808e-01  -4.814898e-01   5.928652e-02   6.421163e-01   1.137623e-01   3.279561e-01   3.137306e-01   5.335787e-01   4.218995e-02   7.689333e-02
    99  -3.381291e-01  -3.524966e-01   1.714672e-01   1.824417e+00   1.633789e-01   3.380227e-01  -4.053519e-01  -4.302114e-01   6.194091e-02   4.394091e-01   1.112862e-01   3.562814e-01   3.423496e-01   5.574682e-01   3.441671e-02   7.285793e-02
   100  -3.089025e-01  -3.232700e-01   1.829560e-01   1.588277e+00   1.606145e-01   3.309713e-01  -3.541349e-01  -3.789888e-01   6.451030e-02   2.986538e-01   1.088569e-01   3.840064e-01   3.703651e-01   5.805927e-01   2.804722e-02   6.899070e-02
   101  -2.796759e-01  -2.940434e-01   1.951364e-01   1.381031e+00   1.577404e-01   3.232816e-01  -3.027920e-01  -3.277052e-01   6.698469e-02   2.013203e-01   1.064984e-01   4.111416e-01   3.977859e-01   6.028622e-01   2.283507e-02   6.529565e-02
   102  -2.504493e-01  -2.648168e-01   2.080936e-01   1.198594e+00   1.546984e-01   3.147446e-01  -2.511536e-01  -2.762058e-01   6.935597e-02   1.344048e-01   1.042305e-01   4.377002e-01   4.246239e-01   6.242038e-01   1.857530e-02   6.177456e-02
   103  -2.212227e-01  -2.355902e-01   2.218012e-01   1.038794e+00   1.515402e-01   3.054261e-01  -1.990168e-01  -2.243033e-01   7.161799e-02   8.872500e-02   1.020738e-01   4.636976e-01   4.508934e-01   6.445619e-01   1.509770e-02   5.842807e-02
   104  -1.919961e-01  -2.063636e-01   2.363731e-01   8.989118e-01   1.482700e-01   2.952043e-01  -1.461495e-01  -1.717792e-01   7.376638e-02   5.781618e-02   1.000485e-01   4.891516e-01   4.766111e-01   6.638974e-01   1.226172e-02   5.525401e-02
   105  -1.627695e-01  -1.771370e-01   2.517708e-01   7.766117e-01   1.448879e-01   2.841447e-01  -9.231854e-02  -1.184005e-01   7.579851e-02   3.714548e-02   9.816593e-02   5.140817e-01   5.017955e-01   6.821866e-01   9.951015e-03   5.225045e-02
   106  -1.335428e-01  -1.479103e-01   2.679878e-01   6.695933e-01   1.414025e-01   2.719122e-01  -3.729244e-02  -6.393458e-02   7.771330e-02   2.350401e-02   9.643485e-02   5.385086e-01   5.264669e-01   6.994197e-01   8.070100e-03   4.941218e-02
   107  -1.043162e-01  -1.186837e-01   2.850351e-01   5.758489e-01   1.377704e-01   2.586036e-01   1.908007e-02  -8.192165e-03   7.951106e-02   1.465643e-02   9.482223e-02   5.624548e-01   5.506467e-01   7.155996e-01   6.540100e-03   4.673543e-02
   108  -7.508962e-02  -8.945712e-02   3.029515e-01   4.941192e-01   1.340470e-01   2.438427e-01   7.681842e-02   4.890806e-02   8.119333e-02   9.025917e-03   9.324764e-02   5.859430e-01   5.743577e-01   7.307399e-01   5.296600e-03   4.421343e-02
   109  -4.586300e-02  -6.023050e-02   3.217546e-01   4.230387e-01   1.302304e-01   2.281367e-01   1.356952e-01   1.072538e-01   8.276263e-02   5.518061e-03   9.153730e-02   6.089973e-01   5.976231e-01   7.448636e-01   4.286594e-03   4.184055e-02
   110  -1.663639e-02  -3.100389e-02   3.414042e-01   3.612717e-01   1.263345e-01   2.110604e-01   1.951163e-01   1.664213e-01   8.422234e-02   3.379483e-03   8.938870e-02   6.316418e-01   6.204671e-01   7.580011e-01   3.466820e-03   3.960976e-02
   111   1.259022e-02  -1.777272e-03   3.619243e-01   3.077157e-01   1.223590e-01   1.929452e-01   2.541386e-01   2.256294e-01   8.557652e-02   2.096801e-03   8.645787e-02   6.539010e-01   6.429140e-01   7.701887e-01   2.801886e-03   3.751401e-02
   112   4.181684e-02   2.744934e-02   3.831336e-01   2.612881e-01   1.183004e-01   1.735399e-01   3.116554e-01   2.838485e-01   8.682971e-02   1.331873e-03   8.252300e-02   6.757997e-01   6.649883e-01   7.814674e-01   2.262876e-03   3.554651e-02
   113   7.104345e-02   5.667596e-02   4.051266e-01   2.210997e-01   1.141610e-01   1.530348e-01   3.667073e-01   3.400530e-01   8.798682e-02   8.714255e-04   7.765065e-02   6.973622e-01   6.867147e-01   7.918814e-01   1.826242e-03   3.369976e-02
   114   1.002701e-01   8.590257e-02   4.278196e-01   1.864972e-01   1.099702e-01   1.317320e-01   4.187095e-01   3.934862e-01   8.905301e-02   5.876764e-04   7.217160e-02   7.186131e-01   7.081176e-01   8.014771e-01   1.472755e-03   3.196698e-02
   115   1.294967e-01   1.151292e-01   4.512022e-01   1.567696e-01   1.057434e-01   1.097121e-01   4.674734e-01   4.437755e-01   9.003354e-02   4.072140e-04   6.649595e-02   7.395763e-01   7.292211e-01   8.103019e-01   1.186776e-03   3.034116e-02
   116   1.587233e-01   1.443558e-01   4.751576e-01   1.313065e-01   1.014877e-01   8.773772e-02   5.130934e-01   4.908821e-01   9.093373e-02   2.886131e-04   6.095380e-02   7.602752e-01   7.500490e-01   8.184036e-01   9.555747e-04   2.881537e-02
   117   1.879499e-01   1.735824e-01   4.996407e-01   1.095516e-01   9.721895e-02   6.530127e-02   5.558151e-01   5.349794e-01   9.175884e-02   2.083091e-04   5.574776e-02   7.807329e-01   7.706245e-01   8.258295e-01   7.687858e-04   2.738332e-02
   118   2.171765e-01   2.028090e-01   5.245234e-01   9.103142e-02   9.294517e-02   4.410829e-02   5.959347e-01   5.763380e-01   9.251402e-02   1.525690e-04   5.096903e-02   8.009718e-01   7.909703e-01   8.326262e-01   6.179921e-04   2.603863e-02
   119   2.464031e-01   2.320356e-01   5.497253e-01   7.531064e-02   8.868612e-02   2.264351e-02   6.337515e-01   6.152546e-01   9.320429e-02   1.130712e-04   4.663901e-02   8.210132e-01   8.111081e-01   8.388386e-01   4.963525e-04   2.477524e-02
   120   2.756298e-01   2.612623e-01   5.751092e-01   6.202276e-02   8.444855e-02   3.697237e-03   6.695456e-01   6.520172e-01   9.383445e-02   8.460068e-05   4.274388e-02   8.408780e-01   8.310592e-01   8.445100e-01   3.983068e-04   2.358759e-02
   121   3.048564e-01   2.904889e-01   6.005681e-01   5.082984e-02   8.025544e-02  -1.529718e-02   7.035646e-01   6.868881e-01   9.440910e-02   6.379792e-05   3.925145e-02   8.605860e-01   8.508438e-01   8.496819e-01   3.193453e-04   2.247024e-02
   122   3.340830e-01   3.197155e-01   6.259570e-01   4.144700e-02   7.611344e-02  -3.108653e-02   7.360249e-01   7.200979e-01   9.493262e-02   4.842446e-05   3.612162e-02   8.801561e-01   8.704813e-01   8.543935e-01   2.558086e-04   2.141809e-02
   123   3.633096e-01   3.489421e-01   6.511565e-01   3.361469e-02   7.204496e-02  -4.643279e-02   7.671158e-01   7.518485e-01   9.540910e-02   3.695317e-05   3.331665e-02   8.996064e-01   8.899901e-01   8.586819e-01   2.047286e-04   2.042641e-02
   124   3.925362e-01   3.781687e-01   6.760177e-01   2.711123e-02   6.805869e-02  -5.894617e-02   7.969997e-01   7.823148e-01   9.584241e-02   2.832747e-05   3.079808e-02   9.189537e-01   9.093877e-01   8.625817e-01   1.637000e-04   1.949081e-02
   125   4.217628e-01   4.073953e-01   7.004221e-01   2.173884e-02   6.417223e-02  -7.019851e-02   8.258193e-01   8.116485e-01   9.623618e-02   2.179657e-05   2.853353e-02   9.382140e-01   9.286906e-01   8.661256e-01   1.307758e-04   1.860712e-02
   126   4.509894e-01   4.366219e-01   7.242296e-01   1.732638e-02   6.039760e-02  -7.988050e-02   8.536975e-01   8.399821e-01   9.659376e-02   1.682452e-05   2.649209e-02   9.574024e-01   9.479142e-01   8.693438e-01   1.043799e-04   1.777152e-02
   127   4.802161e-01   4.658486e-01   7.473286e-01   1.372377e-02   5.674456e-02  -8.731728e-02   8.807426e-01   8.674306e-01   9.691827e-02   1.302081e-05   2.464788e-02   9.765327e-01   9.670729e-01   8.722644e-01   8.323761e-05   1.698049e-02
   128   5.094427e-01   4.950752e-01   7.696069e-01   1.080102e-02   5.322736e-02  -9.425408e-02   9.070498e-01   8.940954e-01   9.721261e-02   1.009895e-05   2.297754e-02   9.956179e-01   9.861801e-01   8.749135e-01   6.631936e-05   1.623081e-02
   129   5.386693e-01   5.243018e-01   7.909538e-01   8.445270e-03   4.985011e-02  -9.908188e-02   9.327021e-01   9.200653e-01   9.747945e-02   7.847119e-06   2.146066e-02   1.014670e+00   1.005248e+00   8.773151e-01   5.279405e-05   1.551949e-02
   130   5.678959e-01   5.535284e-01   8.110643e-01   6.555763e-03   4.661843e-02  -1.030684e-01   9.577737e-01   9.454188e-01   9.772124e-02   6.106461e-06   2.007980e-02   1.033700e+00   1.024289e+00   8.794912e-01   4.199134e-05   1.484379e-02
   131   5.971225e-01   5.827550e-01   8.300907e-01   5.052401e-03   4.353977e-02  -1.063703e-01   9.823304e-01   9.702256e-01   9.794025e-02   4.757688e-06   1.881931e-02   1.052719e+00   1.043314e+00   8.814623e-01   3.337117e-05   1.420124e-02
   132   6.263491e-01   6.119816e-01   8.479787e-01   3.867173e-03   4.062099e-02  -1.085458e-01   1.006430e+00   9.945474e-01   9.813854e-02   3.710550e-06   1.766563e-02   1.071735e+00   1.062331e+00   8.832469e-01   2.649886e-05   1.358957e-02
   133   6.555757e-01   6.412082e-01   8.646335e-01   2.939727e-03   3.786313e-02  -1.096612e-01   1.030125e+00   1.018439e+00   9.831802e-02   2.896177e-06   1.660708e-02   1.090756e+00   1.081350e+00   8.848622e-01   2.102493e-05   1.300673e-02
   134   6.848024e-01   6.704349e-01   8.798904e-01   2.217361e-03   3.526452e-02  -1.101777e-01   1.053461e+00   1.041950e+00   9.848042e-02   2.261946e-06   1.563332e-02   1.109792e+00   1.100378e+00   8.863237e-01   1.666871e-05   1.245085e-02
   135   7.140290e-01   6.996615e-01   8.939749e-01   1.660784e-03   3.282642e-02  -1.099822e-01   1.076480e+00   1.065123e+00   9.862732e-02   1.767464e-06   1.473522e-02   1.128848e+00   1.119424e+00   8.876458e-01   1.320496e-05   1.192021e-02
   136   7.432556e-01   7.288881e-01   9.067793e-01   1.235759e-03   3.054636e-02  -1.090559e-01   1.099218e+00   1.087998e+00   9.876016e-02   1.381597e-06   1.390489e-02   1.147931e+00   1.138494e+00   8.888415e-01   1.045317e-05   1.141327e-02
   137   7.724822e-01   7.581147e-01   9.183133e-01   9.124651e-04   2.841925e-02  -1.074544e-01   1.121709e+00   1.110609e+00   9.888027e-02   1.080261e-06   1.313543e-02   1.167047e+00   1.157594e+00   8.899225e-01   8.268800e-06   1.092863e-02
   138   8.017088e-01   7.873413e-01   9.287605e-01   6.696170e-04   2.644035e-02  -1.051745e-01   1.143983e+00   1.132989e+00   9.898885e-02   8.448035e-07   1.242075e-02   1.186200e+00   1.176729e+00   8.908996e-01   6.536251e-06   1.046501e-02
   139   8.309354e-01   8.165679e-01   9.379683e-01   4.881814e-04   2.460336e-02  -1.022795e-01   1.166066e+00   1.155165e+00   9.908698e-02   6.607410e-07   1.175547e-02   1.205395e+00   1.195904e+00   8.917828e-01   5.163148e-06   1.002124e-02
   140   8.601620e-01   8.457945e-01   9.462416e-01   3.538059e-04   2.290071e-02  -9.881727e-02   1.187981e+00   1.177162e+00   9.917565e-02   5.168085e-07   1.113489e-02   1.224637e+00   1.215122e+00   8.925808e-01   4.075754e-06   9.596256e-03
   141   8.893887e-01   8.750212e-01   9.534413e-01   2.549989e-04   2.132452e-02  -9.486509e-02   1.209751e+00   1.199003e+00   9.925576e-02   4.042322e-07   1.055485e-02   1.243927e+00   1.234389e+00   8.933019e-01   3.215265e-06   9.189086e-03
   142   9.186153e-01   9.042478e-01   9.598462e-01   1.828450e-04   1.986647e-02  -9.049434e-02   1.231394e+00   1.220707e+00   9.932813e-02   3.161671e-07   1.001171e-02   1.263271e+00   1.253707e+00   8.939532e-01   2.534830e-06   8.798839e-03
   143   9.478419e-01   9.334744e-01   9.653643e-01   1.305133e-04   1.851792e-02  -8.579466e-02   1.252927e+00   1.242294e+00   9.939350e-02   2.472702e-07   9.502241e-03   1.282669e+00   1.273078e+00   8.945415e-01   1.997155e-06   8.424694e-03
   144   9.770685e-01   9.627010e-01   9.702320e-01   9.278151e-05   1.727041e-02  -8.085836e-02   1.274366e+00   1.263779e+00   9.945254e-02   1.933677e-07   9.023589e-03   1.302124e+00   1.292505e+00   8.950729e-01   1.572582e-06   8.065899e-03
   145   1.006295e+00   9.919276e-01   9.743960e-01   6.572450e-05   1.611588e-02  -7.576417e-02   1.295724e+00   1.285177e+00   9.950586e-02   1.511970e-07   8.573213e-03   1.321638e+00   1.311991e+00   8.955527e-01   1.237547e-06   7.721757e-03
   146   1.035522e+00   1.021154e+00   9.780353e-01   4.641912e-05   1.504629e-02  -7.064831e-02   1.317014e+00   1.306500e+00   9.955400e-02   1.182065e-07   8.148857e-03   1.341212e+00   1.331535e+00   8.959860e-01   9.733395e-07   7.391623e-03
   147   1.064748e+00   1.050381e+00   9.811432e-01   3.269835e-05   1.405486e-02  -6.557824e-02   1.338247e+00   1.327760e+00   9.959747e-02   9.240012e-08   7.748514e-03   1.360848e+00   1.351141e+00   8.963772e-01   7.651204e-07   7.074901e-03
   148   1.093975e+00   1.079607e+00   9.838387e-01   2.298755e-05   1.313437e-02  -6.061623e-02   1.359432e+00   1.348969e+00   9.963672e-02   7.221568e-08   7.370390e-03   1.380546e+00   1.370809e+00   8.967304e-01   6.011270e-07   6.771034e-03
   149   1.123202e+00   1.108834e+00   9.861414e-01   1.613236e-05   1.227944e-02  -5.578211e-02   1.380578e+00   1.370134e+00   9.967214e-02   5.643068e-08   7.012881e-03   1.400306e+00   1.390538e+00   8.970493e-01   4.720440e-07   6.479504e-03
   150   1.152428e+00   1.138061e+00   9.881220e-01   1.130749e-05   1.148394e-02  -5.122536e-02   1.401692e+00   1.391263e+00   9.970413e-02   4.408816e-08   6.674548e-03   1.420128e+00   1.410330e+00   8.973371e-01   3.704993e-07   6.199828e-03
   151   1.181655e+00   1.167287e+00   9.898177e-01   7.917373e-06   1.074360e-02  -4.689001e-02   1.422782e+00   1.412365e+00   9.973300e-02   3.443907e-08   6.354099e-03   1.440013e+00   1.430185e+00   8.975970e-01   2.906638e-07   5.931550e-03
   152   1.210881e+00   1.196514e+00   9.912698e-01   5.540227e-06   1.005337e-02  -4.281233e-02   1.443853e+00   1.433446e+00   9.975905e-02   2.689703e-08   6.050370e-03   1.459960e+00   1.450101e+00   8.978315e-01   2.279309e-07   5.674248e-03
   153   1.240108e+00   1.225741e+00   9.925136e-01   3.874974e-06   9.409807e-03  -3.902417e-02   1.464911e+00   1.454510e+00   9.978257e-02   2.100309e-08   5.762306e-03   1.479967e+00   1.470078e+00   8.980432e-01   1.786633e-07   5.427521e-03
   154   1.269335e+00   1.254967e+00   9.935758e-01   2.709695e-06   8.808955e-03  -3.552515e-02   1.485959e+00   1.475562e+00   9.980380e-02   1.639803e-08   5.488957e-03   1.500034e+00   1.490116e+00   8.982342e-01   1.399909e-07   5.190996e-03
   155   1.298561e+00   1.284194e+00   9.944878e-01   1.894805e-06   8.247827e-03  -3.226542e-02   1.507001e+00   1.496607e+00   9.982296e-02   1.280075e-08   5.229458e-03   1.520159e+00   1.510213e+00   8.984066e-01   1.096503e-07   4.964322e-03
   156   1.327788e+00   1.313420e+00   9.952649e-01   1.325094e-06   7.723395e-03  -2.931142e-02   1.528039e+00   1.517647e+00   9.984025e-02   9.991294e-09   4.983026e-03   1.540340e+00   1.530366e+00   8.985622e-01   8.585797e-08   4.747169e-03
   157   1.357014e+00   1.342647e+00   9.959331e-01   9.269397e-07   7.233118e-03  -2.658608e-02   1.549076e+00   1.538685e+00   9.985585e-02   7.797589e-09   4.748950e-03   1.560574e+00   1.550575e+00   8.987027e-01   6.720931e-08   4.539228e-03
   158   1.386241e+00   1.371874e+00   9.965030e-01   6.486290e-07   6.774525e-03  -2.409191e-02   1.570114e+00   1.559722e+00   9.986993e-02   6.085039e-09   4.526584e-03   1.580860e+00   1.570835e+00   8.988294e-01   5.259881e-08   4.340213e-03
   159   1.415468e+00   1.401100e+00   9.969924e-01   4.540989e-07   6.345548e-03  -2.183384e-02   1.591151e+00   1.580760e+00   9.988264e-02   4.748382e-09   4.315341e-03   1.601192e+00   1.591145e+00   8.989438e-01   4.115687e-08   4.149856e-03
   160   1.444694e+00   1.430327e+00   9.974120e-01   3.180582e-07   5.944118e-03  -1.976305e-02   1.612189e+00   1.601798e+00   9.989411e-02   3.705319e-09   4.114689e-03   1.621568e+00   1.611499e+00   8.990470e-01   3.219994e-08   3.967911e-03
   161   1.473921e+00   1.459553e+00   9.977709e-01   2.229164e-07   5.568523e-03  -1.788299e-02   1.633226e+00   1.622835e+00   9.990446e-02   2.891517e-09   3.924146e-03   1.641981e+00   1.631894e+00   8.991401e-01   2.519095e-08   3.794153e-03
   162   1.503148e+00   1.488780e+00   9.980803e-01   1.563223e-07   5.217043e-03  -1.617490e-02   1.654259e+00   1.643870e+00   9.991379e-02   2.256699e-09   3.743279e-03   1.662427e+00   1.652325e+00   8.992241e-01   1.970818e-08   3.628376e-03
   163   1.532374e+00   1.518007e+00   9.983443e-01   1.097026e-07   4.888236e-03  -1.459722e-02   1.675285e+00   1.664899e+00   9.992222e-02   1.761579e-09   3.571698e-03   1.682899e+00   1.672783e+00   8.993000e-01   1.542066e-08   3.470401e-03
   164   1.561601e+00   1.547233e+00   9.985733e-01   7.703678e-08   4.580690e-03  -1.318196e-02   1.696299e+00   1.685919e+00   9.992982e-02   1.375470e-09   3.409060e-03   1.703387e+00   1.693264e+00   8.993684e-01   1.206880e-08   3.320069e-03
   165   1.590827e+00   1.576460e+00   9.987679e-01   5.413950e-08   4.293195e-03  -1.186056e-02   1.717295e+00   1.706924e+00   9.993668e-02   1.074408e-09   3.255060e-03   1.723883e+00   1.713756e+00   8.994301e-01   9.449052e-09   3.177248e-03
   166   1.620054e+00   1.605687e+00   9.989373e-01   3.807705e-08   4.024594e-03  -1.064359e-02   1.738265e+00   1.727907e+00   9.994287e-02   8.396801e-10   3.109438e-03   1.744375e+00   1.734250e+00   8.994858e-01   7.401936e-09   3.041834e-03
   167   1.649281e+00   1.634913e+00   9.990817e-01   2.680160e-08   3.773873e-03  -9.517616e-03   1.759200e+00   1.748859e+00   9.994845e-02   6.566808e-10   2.971973e-03   1.764849e+00   1.754733e+00   8.995361e-01   5.802532e-09   2.913749e-03
   168   1.678507e+00   1.664140e+00   9.992071e-01   1.888216e-08   3.540190e-03  -8.409654e-03   1.780086e+00   1.769768e+00   9.995349e-02   5.140118e-10   2.842486e-03   1.785290e+00   1.775190e+00   8.995814e-01   4.553041e-09   2.792947e-03
   169   1.707734e+00   1.693366e+00   9.993150e-01   1.331412e-08   3.322584e-03  -7.417218e-03   1.800908e+00   1.790622e+00   9.995804e-02   4.027801e-10   2.720840e-03   1.805679e+00   1.795604e+00   8.996223e-01   3.576938e-09   2.679414e-03
   170   1.736960e+00   1.722593e+00   9.994081e-01   9.398524e-09   3.120753e-03  -6.346983e-03   1.821650e+00   1.811403e+00   9.996214e-02   3.160490e-10   2.606939e-03   1.825994e+00   1.815955e+00   8.996593e-01   2.814360e-09   2.573171e-03
   171   1.766187e+00   1.751820e+00   9.994892e-01   6.641250e-09   2.933699e-03  -5.308357e-03   1.842290e+00   1.832093e+00   9.996584e-02   2.484091e-10   2.500729e-03   1.846209e+00   1.836219e+00   8.996926e-01   2.218505e-09   2.474273e-03
   172   1.795414e+00   1.781046e+00   9.995586e-01   4.699056e-09   2.761442e-03  -4.206769e-03   1.862802e+00   1.852667e+00   9.996918e-02   1.956432e-10   2.402200e-03   1.866295e+00   1.856368e+00   8.997226e-01   1.752792e-09   2.382813e-03
   173   1.824640e+00   1.810273e+00   9.996195e-01   3.329476e-09   2.603425e-03  -2.933393e-03   1.883158e+00   1.873099e+00   9.997219e-02   1.544638e-10   2.311382e-03   1.886217e+00   1.876370e+00   8.997498e-01   1.388644e-09   2.298919e-03
   174   1.853867e+00   1.839499e+00   9.996718e-01   2.362954e-09   2.459692e-03  -1.656880e-03   1.903323e+00   1.893358e+00   9.997491e-02   1.223090e-10   2.228347e-03   1.905939e+00   1.896190e+00   8.997742e-01   1.103741e-09   2.222754e-03
   175   1.883094e+00   1.868726e+00   9.997177e-01   1.680375e-09   2.330616e-03   3.063673e-05   1.923260e+00   1.913406e+00   9.997737e-02   9.718288e-11   2.153207e-03   1.925417e+00   1.915787e+00   8.997963e-01   8.806575e-10   2.154511e-03
   176   1.912320e+00   1.897953e+00   9.997575e-01   1.197582e-09   2.215983e-03   1.835098e-03   1.942926e+00   1.933204e+00   9.997958e-02   7.752926e-11   2.086141e-03   1.944604e+00   1.935116e+00   8.998162e-01   7.057944e-10   2.094415e-03
   177   1.941547e+00   1.927179e+00   9.997925e-01   8.559962e-10   2.117667e-03   4.288456e-03   1.962277e+00   1.952709e+00   9.998158e-02   6.212795e-11   2.027645e-03   1.963450e+00   1.954129e+00   8.998342e-01   5.685205e-10   2.042786e-03
   178   1.970773e+00   1.956406e+00   9.998230e-01   6.136350e-10   2.035752e-03   6.836608e-03   1.981284e+00   1.971885e+00   9.998338e-02   4.998557e-11   1.980133e-03   1.981911e+00   1.972778e+00   8.998504e-01   4.603494e-10   2.000841e-03
   179   2.000000e+00   1.985633e+00   9.998500e-01   4.401196e-10   1.981031e-03   8.348806e-03   2.000000e+00   1.990743e+00   9.998500e-02   4.020873e-11   1.953144e-03   2.000000e+00   1.991049e+00   8.998650e-01   3.736130e-10   1.975873e-03
