     i          log_r       log_rmid          m_tot        rho_tot         v2_tot            eta     lgr[heavy]    lgrm[heavy]       m[heavy]     rho[heavy]      v2[heavy]     lgr[light]    lgrm[light]       m[light]     rho[light]      v2[light]
     0  -3.938851e+00  -4.239881e+00   1.018625e-07   1.988457e+05   1.387689e-01            nan  -3.938851e+00  -4.239881e+00   9.998500e-08   1.966114e+05   1.372556e-01  -2.886513e+00  -3.187543e+00   8.998650e-07   1.232641e+03   2.796463e-01
     1  -3.905673e+00  -3.921945e+00   1.279294e-07   1.977897e+05   1.385516e-01            nan  -3.916436e+00  -3.927499e+00   1.166721e-07   1.959409e+05   1.372586e-01  -2.860198e+00  -2.873156e+00   1.050049e-06   1.031974e+03   2.819924e-01
     2  -3.872495e+00  -3.888767e+00   1.606742e-07   1.976418e+05   1.385312e-01            nan  -3.894024e+00  -3.905085e+00   1.361439e-07   1.958683e+05   1.372589e-01  -2.834010e+00  -2.846907e+00   1.225295e-06   1.009397e+03   2.822932e-01
     3  -3.839317e+00  -3.855589e+00   2.018050e-07   1.974762e+05   1.385114e-01            nan  -3.871613e+00  -3.882674e+00   1.588651e-07   1.957878e+05   1.372593e-01  -2.807880e+00  -2.820749e+00   1.429786e-06   9.852824e+02   2.826291e-01
     4  -3.806139e+00  -3.822411e+00   2.534650e-07   1.972894e+05   1.384922e-01            nan  -3.849203e+00  -3.860264e+00   1.853780e-07   1.956986e+05   1.372597e-01  -2.781744e+00  -2.794615e+00   1.668402e-06   9.595905e+02   2.830046e-01
     5  -3.772961e+00  -3.789233e+00   3.183410e-07   1.970790e+05   1.384735e-01            nan  -3.826793e+00  -3.837853e+00   2.163150e-07   1.956000e+05   1.372601e-01  -2.755544e+00  -2.768447e+00   1.946835e-06   9.323002e+02   2.834249e-01
     6  -3.739783e+00  -3.756055e+00   3.998062e-07   1.968392e+05   1.384555e-01            nan  -3.804380e+00  -3.815442e+00   2.524142e-07   1.954907e+05   1.372606e-01  -2.729229e+00  -2.742188e+00   2.271728e-06   9.034104e+02   2.838959e-01
     7  -3.706605e+00  -3.722877e+00   5.020819e-07   1.965681e+05   1.384380e-01            nan  -3.781966e+00  -3.793029e+00   2.945370e-07   1.953697e+05   1.372611e-01  -2.702749e+00  -2.715788e+00   2.650833e-06   8.729435e+02   2.844241e-01
     8  -3.673427e+00  -3.689700e+00   6.304666e-07   1.962564e+05   1.384213e-01            nan  -3.759548e+00  -3.770612e+00   3.436881e-07   1.952358e+05   1.372617e-01  -2.676057e+00  -2.689198e+00   3.093193e-06   8.409488e+02   2.850169e-01
     9  -3.640249e+00  -3.656522e+00   7.915823e-07   1.959032e+05   1.384053e-01            nan  -3.737126e+00  -3.748192e+00   4.010398e-07   1.950875e+05   1.372624e-01  -2.649108e+00  -2.662373e+00   3.609358e-06   8.075052e+02   2.856824e-01
    10  -3.607071e+00  -3.623344e+00   9.937313e-07   1.954943e+05   1.383902e-01            nan  -3.714698e+00  -3.725767e+00   4.679601e-07   1.949233e+05   1.372631e-01  -2.621858e+00  -2.635269e+00   4.211641e-06   7.727235e+02   2.864298e-01
    11  -3.573894e+00  -3.590166e+00   1.247277e-06   1.950307e+05   1.383759e-01            nan  -3.692265e+00  -3.703337e+00   5.460446e-07   1.947416e+05   1.372640e-01  -2.594265e+00  -2.607842e+00   4.914402e-06   7.367473e+02   2.872691e-01
    12  -3.540716e+00  -3.556988e+00   1.565185e-06   1.944909e+05   1.383626e-01            nan  -3.669824e+00  -3.680899e+00   6.371554e-07   1.945404e+05   1.372649e-01  -2.566287e+00  -2.580051e+00   5.734398e-06   6.997527e+02   2.882116e-01
    13  -3.507538e+00  -3.523810e+00   1.963624e-06   1.938794e+05   1.383502e-01            nan  -3.647374e+00  -3.658454e+00   7.434644e-07   1.943176e+05   1.372659e-01  -2.537887e+00  -2.551855e+00   6.691180e-06   6.619771e+02   2.892672e-01
    14  -3.474360e+00  -3.490632e+00   2.462745e-06   1.931648e+05   1.383392e-01            nan  -3.624915e+00  -3.636000e+00   8.675058e-07   1.940711e+05   1.372670e-01  -2.509028e+00  -2.523218e+00   7.807552e-06   6.236891e+02   2.904453e-01
    15  -3.441182e+00  -3.457454e+00   3.087681e-06   1.923540e+05   1.383293e-01            nan  -3.602446e+00  -3.613535e+00   1.012236e-06   1.937983e+05   1.372683e-01  -2.479677e+00  -2.494105e+00   9.110122e-06   5.851648e+02   2.917564e-01
    16  -3.408004e+00  -3.424276e+00   3.869537e-06   1.914097e+05   1.383210e-01            nan  -3.579964e+00  -3.591059e+00   1.181103e-06   1.934964e+05   1.372696e-01  -2.449805e+00  -2.464484e+00   1.062993e-05   5.466974e+02   2.932103e-01
    17  -3.374826e+00  -3.391098e+00   4.847187e-06   1.903345e+05   1.383143e-01            nan  -3.557468e+00  -3.568570e+00   1.378130e-06   1.931624e+05   1.372712e-01  -2.419384e+00  -2.434328e+00   1.240317e-05   5.085861e+02   2.948164e-01
    18  -3.341648e+00  -3.357920e+00   6.068187e-06   1.890891e+05   1.383095e-01            nan  -3.534957e+00  -3.546067e+00   1.608010e-06   1.927928e+05   1.372729e-01  -2.388398e+00  -2.403614e+00   1.447209e-05   4.712048e+02   2.965709e-01
    19  -3.308470e+00  -3.324742e+00   7.592322e-06   1.876666e+05   1.383067e-01            nan  -3.512429e+00  -3.523547e+00   1.876216e-06   1.923840e+05   1.372748e-01  -2.356839e+00  -2.372332e+00   1.688595e-05   4.348858e+02   2.984657e-01
    20  -3.275292e+00  -3.291564e+00   9.491273e-06   1.860317e+05   1.383064e-01            nan  -3.489882e+00  -3.501009e+00   2.189133e-06   1.919320e+05   1.372769e-01  -2.324708e+00  -2.340476e+00   1.970220e-05   3.999013e+02   3.004913e-01
    21  -3.242114e+00  -3.258386e+00   1.185583e-05   1.841586e+05   1.383089e-01            nan  -3.467313e+00  -3.478451e+00   2.554206e-06   1.914321e+05   1.372792e-01  -2.292013e+00  -2.308053e+00   2.298786e-05   3.665079e+02   3.026268e-01
    22  -3.208936e+00  -3.225208e+00   1.479352e-05   1.820286e+05   1.383143e-01            nan  -3.444721e+00  -3.455870e+00   2.980121e-06   1.908795e+05   1.372818e-01  -2.258784e+00  -2.275080e+00   2.682109e-05   3.350211e+02   3.048108e-01
    23  -3.175758e+00  -3.192030e+00   1.843869e-05   1.795808e+05   1.383236e-01            nan  -3.422103e+00  -3.433265e+00   3.477003e-06   1.902688e+05   1.372847e-01  -2.225059e+00  -2.241594e+00   3.129303e-05   3.055751e+02   3.069966e-01
    24  -3.142580e+00  -3.158853e+00   2.295127e-05   1.768349e+05   1.383367e-01            nan  -3.399455e+00  -3.410631e+00   4.056664e-06   1.895941e+05   1.372879e-01  -2.190891e+00  -2.207639e+00   3.650997e-05   2.782874e+02   3.091137e-01
    25  -3.109402e+00  -3.125675e+00   2.852368e-05   1.736730e+05   1.383551e-01            nan  -3.376774e+00  -3.387966e+00   4.732872e-06   1.888488e+05   1.372914e-01  -2.156350e+00  -2.173277e+00   4.259585e-05   2.532810e+02   3.110492e-01
    26  -3.076224e+00  -3.092497e+00   3.539236e-05   1.701454e+05   1.383786e-01            nan  -3.354058e+00  -3.365268e+00   5.521683e-06   1.880259e+05   1.372954e-01  -2.121510e+00  -2.138581e+00   4.969515e-05   2.305010e+02   3.127278e-01
    27  -3.043047e+00  -3.059319e+00   4.381821e-05   1.661655e+05   1.384089e-01            nan  -3.331301e+00  -3.342530e+00   6.441814e-06   1.871176e+05   1.372998e-01  -2.086462e+00  -2.103633e+00   5.797633e-05   2.099458e+02   3.140246e-01
    28  -3.009869e+00  -3.026141e+00   5.413738e-05   1.617117e+05   1.384467e-01            nan  -3.308500e+00  -3.319751e+00   7.515084e-06   1.861155e+05   1.373047e-01  -2.051292e+00  -2.068521e+00   6.763576e-05   1.914826e+02   3.148642e-01
    29  -2.976691e+00  -2.992963e+00   6.671599e-05   1.568134e+05   1.384927e-01            nan  -3.285648e+00  -3.296924e+00   8.766923e-06   1.850104e+05   1.373102e-01  -2.016087e+00  -2.033333e+00   7.890231e-05   1.749722e+02   3.151772e-01
    30  -2.943513e+00  -2.959785e+00   8.197280e-05   1.513268e+05   1.385500e-01            nan  -3.262742e+00  -3.274044e+00   1.022697e-05   1.837925e+05   1.373163e-01  -1.980925e+00  -1.998151e+00   9.204273e-05   1.602420e+02   3.149289e-01
    31  -2.910335e+00  -2.926607e+00   1.004184e-04   1.453576e+05   1.386189e-01            nan  -3.239774e+00  -3.251106e+00   1.192976e-05   1.824509e+05   1.373231e-01  -1.945872e+00  -1.963045e+00   1.073678e-04   1.470931e+02   3.141312e-01
    32  -2.877157e+00  -2.893429e+00   1.225717e-04   1.389209e+05   1.387011e-01            nan  -3.216738e+00  -3.228104e+00   1.391553e-05   1.809741e+05   1.373307e-01  -1.910977e+00  -1.928074e+00   1.252398e-04   1.353373e+02   3.128228e-01
    33  -2.843979e+00  -2.860251e+00   1.489996e-04   1.318896e+05   1.387983e-01   5.175457e-01  -3.193626e+00  -3.205029e+00   1.623115e-05   1.793495e+05   1.373393e-01  -1.876273e+00  -1.893279e+00   1.460803e-04   1.247819e+02   3.110803e-01
    34  -2.810801e+00  -2.827073e+00   1.803844e-04   1.244260e+05   1.389069e-01   5.182025e-01  -3.170430e+00  -3.181873e+00   1.893121e-05   1.775640e+05   1.373488e-01  -1.841776e+00  -1.858682e+00   1.703808e-04   1.152558e+02   3.089972e-01
    35  -2.777623e+00  -2.793895e+00   2.174032e-04   1.165937e+05   1.390334e-01   5.189476e-01  -3.147139e+00  -3.158628e+00   2.207926e-05   1.756033e+05   1.373594e-01  -1.807487e+00  -1.824293e+00   1.987134e-04   1.066095e+02   3.066656e-01
    36  -2.744445e+00  -2.760717e+00   2.606543e-04   1.084602e+05   1.391803e-01   5.198150e-01  -3.123744e+00  -3.135284e+00   2.574932e-05   1.734523e+05   1.373714e-01  -1.773395e+00  -1.790106e+00   2.317439e-04   9.871015e+01   3.041862e-01
    37  -2.711267e+00  -2.727539e+00   3.107497e-04   1.000012e+05   1.393560e-01   5.207730e-01  -3.100232e+00  -3.111829e+00   3.002750e-05   1.710952e+05   1.373848e-01  -1.739481e+00  -1.756107e+00   2.702475e-04   9.145957e+01   3.016215e-01
    38  -2.678089e+00  -2.694361e+00   3.683925e-04   9.144195e+04   1.395618e-01   5.218380e-01  -3.076589e+00  -3.088250e+00   3.501400e-05   1.685155e+05   1.373998e-01  -1.705719e+00  -1.722272e+00   3.151260e-04   8.476548e+01   2.990453e-01
    39  -2.644911e+00  -2.661183e+00   4.341366e-04   8.289734e+04   1.398028e-01   5.230218e-01  -3.052802e+00  -3.064533e+00   4.082538e-05   1.656960e+05   1.374168e-01  -1.672086e+00  -1.688577e+00   3.674284e-04   7.857096e+01   2.964726e-01
    40  -2.611733e+00  -2.628006e+00   5.084416e-04   7.448591e+04   1.400845e-01   5.243550e-01  -3.028852e+00  -3.040662e+00   4.759714e-05   1.626192e+05   1.374359e-01  -1.638551e+00  -1.654995e+00   4.283742e-04   7.281376e+01   2.939468e-01
    41  -2.578555e+00  -2.594828e+00   5.916536e-04   6.632678e+04   1.404149e-01   5.258028e-01  -3.004721e+00  -3.016619e+00   5.548679e-05   1.592674e+05   1.374575e-01  -1.605091e+00  -1.621499e+00   4.993811e-04   6.746171e+01   2.914472e-01
    42  -2.545377e+00  -2.561650e+00   6.839997e-04   5.853199e+04   1.408021e-01   5.273557e-01  -2.980388e+00  -2.992384e+00   6.467734e-05   1.556231e+05   1.374819e-01  -1.571681e+00  -1.588065e+00   5.820960e-04   6.247246e+01   2.889955e-01
    43  -2.512200e+00  -2.528472e+00   7.856034e-04   5.120052e+04   1.412551e-01   5.289927e-01  -2.955828e+00  -2.967934e+00   7.538125e-05   1.516691e+05   1.375096e-01  -1.538302e+00  -1.554671e+00   6.784313e-04   5.782374e+01   2.865623e-01
    44  -2.479022e+00  -2.495294e+00   8.965223e-04   4.441241e+04   1.417833e-01   5.306891e-01  -2.931013e+00  -2.943243e+00   8.784517e-05   1.473894e+05   1.375411e-01  -1.504935e+00  -1.521298e+00   7.906065e-04   5.348776e+01   2.841479e-01
    45  -2.445844e+00  -2.462116e+00   1.016809e-03   3.822411e+04   1.423956e-01   5.324415e-01  -2.905914e+00  -2.918282e+00   1.023551e-04   1.427696e+05   1.375770e-01  -1.471565e+00  -1.487929e+00   9.211963e-04   4.944517e+01   2.817309e-01
    46  -2.412666e+00  -2.428938e+00   1.146405e-03   3.266622e+04   1.430998e-01   5.342051e-01  -2.880495e+00  -2.893018e+00   1.192428e-04   1.377976e+05   1.376181e-01  -1.438180e+00  -1.454551e+00   1.073185e-03   4.567713e+01   2.792941e-01
    47  -2.379488e+00  -2.395760e+00   1.282957e-03   2.770373e+04   1.439261e-01   5.358062e-01  -2.854715e+00  -2.867414e+00   1.388921e-04   1.324645e+05   1.376652e-01  -1.404770e+00  -1.421154e+00   1.250029e-03   4.216602e+01   2.768266e-01
    48  -2.346310e+00  -2.362582e+00   1.428273e-03   2.334957e+04   1.448844e-01   5.371606e-01  -2.828530e+00  -2.841425e+00   1.617478e-04   1.267657e+05   1.377195e-01  -1.371329e+00  -1.387728e+00   1.455730e-03   3.889822e+01   2.742953e-01
    49  -2.313132e+00  -2.329404e+00   1.582882e-03   1.959411e+04   1.459654e-01   5.382686e-01  -2.801888e+00  -2.815005e+00   1.883238e-04   1.207019e+05   1.377823e-01  -1.337853e+00  -1.354269e+00   1.694914e-03   3.585780e+01   2.716961e-01
    50  -2.279954e+00  -2.296226e+00   1.744864e-03   1.638541e+04   1.471641e-01   5.390744e-01  -2.774728e+00  -2.788096e+00   2.192140e-04   1.142804e+05   1.378552e-01  -1.304339e+00  -1.320773e+00   1.972926e-03   3.303272e+01   2.689960e-01
    51  -2.246776e+00  -2.263048e+00   1.912936e-03   1.363583e+04   1.485700e-01   5.390443e-01  -2.746983e+00  -2.760634e+00   2.551039e-04   1.075166e+05   1.379403e-01  -1.270788e+00  -1.287240e+00   2.295935e-03   3.040978e+01   2.661767e-01
    52  -2.213598e+00  -2.229870e+00   2.091605e-03   1.133318e+04   1.500982e-01   5.384672e-01  -2.718574e+00  -2.732547e+00   2.967831e-04   1.004355e+05   1.380403e-01  -1.237201e+00  -1.253670e+00   2.671048e-03   2.797604e+01   2.632271e-01
    53  -2.180420e+00  -2.196692e+00   2.274916e-03   9.405604e+03   1.517677e-01   5.371143e-01  -2.689410e+00  -2.703747e+00   3.451610e-04   9.307304e+04   1.381584e-01  -1.203580e+00  -1.220065e+00   3.106449e-03   2.571918e+01   2.601269e-01
    54  -2.147242e+00  -2.163514e+00   2.467949e-03   7.802747e+03   1.536034e-01   5.346825e-01  -2.659386e+00  -2.674138e+00   4.012824e-04   8.547743e+04   1.382989e-01  -1.169925e+00  -1.186426e+00   3.611542e-03   2.362555e+01   2.568891e-01
    55  -2.114064e+00  -2.130336e+00   2.669370e-03   6.474376e+03   1.555251e-01   5.314378e-01  -2.628378e+00  -2.643605e+00   4.663463e-04   7.771043e+04   1.384672e-01  -1.136234e+00  -1.152753e+00   4.197117e-03   2.168278e+01   2.535165e-01
    56  -2.080886e+00  -2.097159e+00   2.879002e-03   5.383441e+03   1.575560e-01   5.270340e-01  -2.596247e+00  -2.612016e+00   5.417261e-04   6.984784e+04   1.386705e-01  -1.102504e+00  -1.119042e+00   4.875535e-03   1.987878e+01   2.500185e-01
    57  -2.047708e+00  -2.063981e+00   3.100117e-03   4.481071e+03   1.596294e-01   5.217209e-01  -2.562826e+00  -2.579215e+00   6.289911e-04   6.197946e+04   1.389182e-01  -1.068727e+00  -1.085287e+00   5.660920e-03   1.820124e+01   2.464364e-01
    58  -2.014530e+00  -2.030803e+00   3.330641e-03   3.745889e+03   1.616564e-01   5.157111e-01  -2.527923e+00  -2.545024e+00   7.299314e-04   5.420813e+04   1.392228e-01  -1.034891e+00  -1.051479e+00   6.569382e-03   1.664023e+01   2.427845e-01
    59  -1.981353e+00  -1.997625e+00   3.575184e-03   3.136500e+03   1.636762e-01   5.088227e-01  -2.491317e+00  -2.509235e+00   8.465830e-04   4.664733e+04   1.396009e-01  -1.000985e+00  -1.017607e+00   7.619247e-03   1.518649e+01   2.390871e-01
    60  -1.948175e+00  -1.964447e+00   3.832832e-03   2.642163e+03   1.654396e-01   5.020301e-01  -2.452752e+00  -2.471607e+00   9.812558e-04   3.941726e+04   1.400750e-01  -9.669907e-01  -9.836552e-01   8.831303e-03   1.383153e+01   2.353832e-01
    61  -1.914997e+00  -1.931269e+00   4.107242e-03   2.229475e+03   1.671607e-01   4.945274e-01  -2.411936e+00  -2.431865e+00   1.136562e-03   3.263915e+04   1.406749e-01  -9.328926e-01  -9.496071e-01   1.022906e-02   1.256914e+01   2.316804e-01
    62  -1.881819e+00  -1.898091e+00   4.400067e-03   1.894840e+03   1.683944e-01   4.883407e-01  -2.368546e+00  -2.389699e+00   1.315444e-03   2.642776e+04   1.414407e-01  -8.986739e-01  -9.154463e-01   1.183900e-02   1.139387e+01   2.279877e-01
    63  -1.848641e+00  -1.864913e+00   4.713619e-03   1.612490e+03   1.695932e-01   4.816728e-01  -2.322234e+00  -2.344773e+00   1.521208e-03   2.088222e+04   1.424240e-01  -8.643182e-01  -8.811564e-01   1.369088e-02   1.030068e+01   2.243284e-01
    64  -1.815463e+00  -1.831735e+00   5.051679e-03   1.381958e+03   1.701598e-01   4.772952e-01  -2.272650e+00  -2.296734e+00   1.757548e-03   1.607623e+04   1.436893e-01  -8.298119e-01  -8.467224e-01   1.581793e-02   9.286074e+00   2.206923e-01
    65  -1.782285e+00  -1.798557e+00   5.416116e-03   1.185475e+03   1.707150e-01   4.726820e-01  -2.219486e+00  -2.245255e+00   2.028572e-03   1.204890e+04   1.453082e-01  -7.951452e-01  -8.121327e-01   1.825715e-02   8.346839e+00   2.170657e-01
    66  -1.749107e+00  -1.765379e+00   5.811727e-03   1.022378e+03   1.706889e-01   4.705543e-01  -2.162551e+00  -2.190086e+00   2.338830e-03   8.797942e+03   1.473432e-01  -7.603112e-01  -7.773791e-01   2.104947e-02   7.479684e+00   2.134508e-01
    67  -1.715929e+00  -1.732201e+00   6.240564e-03   8.823817e+02   1.706653e-01   4.684625e-01  -2.101872e+00  -2.131152e+00   2.693323e-03   6.277877e+03   1.498059e-01  -7.253071e-01  -7.424566e-01   2.423991e-02   6.681672e+00   2.098349e-01
    68  -1.682751e+00  -1.699023e+00   6.708008e-03   7.636308e+02   1.702840e-01   4.682018e-01  -2.037828e+00  -2.068670e+00   3.097518e-03   4.404621e+03   1.525846e-01  -6.901344e-01  -7.073647e-01   2.787766e-02   5.949853e+00   2.061998e-01
    69  -1.649573e+00  -1.665845e+00   7.215916e-03   6.611979e+02   1.699229e-01   4.681169e-01  -1.971235e+00  -2.003256e+00   3.557342e-03   3.067041e+03   1.553591e-01  -6.547987e-01  -6.721072e-01   3.201608e-02   5.281133e+00   2.025284e-01
    70  -1.616395e+00  -1.632667e+00   7.770586e-03   5.727644e+02   1.694601e-01   4.688783e-01  -1.903307e+00  -1.935944e+00   4.079169e-03   2.143376e+03   1.575875e-01  -6.193088e-01  -6.366913e-01   3.671252e-02   4.672211e+00   1.988210e-01
    71  -1.583217e+00  -1.599489e+00   8.373190e-03   4.961544e+02   1.690581e-01   4.697150e-01  -1.835414e+00  -1.868035e+00   4.669785e-03   1.518365e+03   1.586822e-01  -5.836763e-01  -6.011272e-01   4.202806e-02   4.119727e+00   1.950696e-01
    72  -1.550039e+00  -1.566312e+00   9.030919e-03   4.295061e+02   1.687212e-01   4.706516e-01  -1.768721e+00  -1.800789e+00   5.336336e-03   1.096247e+03   1.583363e-01  -5.479158e-01  -5.654281e-01   4.802703e-02   3.620275e+00   1.912651e-01
    73  -1.516861e+00  -1.533134e+00   9.745267e-03   3.715434e+02   1.685020e-01   4.713935e-01  -1.703921e+00  -1.735114e+00   6.086254e-03   8.064249e+02   1.567101e-01  -5.120443e-01  -5.296098e-01   5.477629e-02   3.170441e+00   1.873994e-01
    74  -1.483683e+00  -1.499956e+00   1.052228e-02   3.212014e+02   1.683980e-01   4.719126e-01  -1.641210e+00  -1.671434e+00   6.927149e-03   6.018441e+02   1.542875e-01  -4.760809e-01  -4.936905e-01   6.234434e-02   2.766815e+00   1.834718e-01
    75  -1.450506e+00  -1.466778e+00   1.136576e-02   2.772921e+02   1.684615e-01   4.719507e-01  -1.580441e+00  -1.609763e+00   7.866679e-03   4.532178e+02   1.515834e-01  -4.400470e-01  -4.576903e-01   7.080011e-02   2.406005e+00   1.794851e-01
    76  -1.417328e+00  -1.433600e+00   1.228142e-02   2.393963e+02   1.686163e-01   4.717242e-01  -1.521315e+00  -1.549872e+00   8.912390e-03   3.427948e+02   1.489542e-01  -4.039658e-01  -4.216318e-01   8.021151e-02   2.084749e+00   1.754333e-01
    77  -1.384150e+00  -1.400422e+00   1.327318e-02   2.063065e+02   1.689599e-01   4.708208e-01  -1.463513e+00  -1.491453e+00   1.007152e-02   2.596187e+02   1.465648e-01  -3.678635e-01  -3.855396e-01   9.064369e-02   1.799880e+00   1.713105e-01
    78  -1.350972e+00  -1.367244e+00   1.435088e-02   1.778239e+02   1.693799e-01   4.695661e-01  -1.406770e+00  -1.434216e+00   1.135078e-02   1.965544e+02   1.444443e-01  -3.317686e-01  -3.494412e-01   1.021570e-01   1.548333e+00   1.671106e-01
    79  -1.317794e+00  -1.334066e+00   1.551370e-02   1.531806e+02   1.699122e-01   4.677597e-01  -1.350895e+00  -1.377934e+00   1.275612e-02   1.486432e+02   1.425572e-01  -2.957118e-01  -3.133661e-01   1.148050e-01   1.327140e+00   1.628394e-01
    80  -1.284616e+00  -1.300888e+00   1.677649e-02   1.319175e+02   1.705214e-01   4.654489e-01  -1.295763e+00  -1.322455e+00   1.429243e-02   1.122612e+02   1.408483e-01  -2.597257e-01  -2.773461e-01   1.286319e-01   1.133473e+00   1.584944e-01
    81  -1.251438e+00  -1.267710e+00   1.814360e-02   1.136637e+02   1.711644e-01   4.626553e-01  -1.241314e+00  -1.267686e+00   1.596333e-02   8.468376e+01   1.392535e-01  -2.238456e-01  -2.414152e-01   1.436700e-01   9.646502e-01   1.540726e-01
    82  -1.218260e+00  -1.234532e+00   1.962274e-02   9.788117e+01   1.718522e-01   4.593981e-01  -1.187535e+00  -1.213593e+00   1.777087e-02   6.383279e+01   1.376975e-01  -1.881087e-01  -2.056096e-01   1.599378e-01   8.181357e-01   1.495719e-01
    83  -1.185082e+00  -1.201354e+00   2.123099e-02   8.436021e+01   1.725138e-01   4.557698e-01  -1.134459e+00  -1.160187e+00   1.971527e-02   4.810986e+01   1.360921e-01  -1.525535e-01  -1.699673e-01   1.774374e-01   6.915317e-01   1.450007e-01
    84  -1.151904e+00  -1.168176e+00   2.296759e-02   7.274064e+01   1.731396e-01   4.518491e-01  -1.082144e+00  -1.107514e+00   2.179475e-02   3.627890e+01   1.343456e-01  -1.172197e-01  -1.345274e-01   1.961527e-01   5.826047e-01   1.403642e-01
    85  -1.118726e+00  -1.134998e+00   2.485543e-02   6.274853e+01   1.736821e-01   4.479253e-01  -1.030653e+00  -1.055636e+00   2.400535e-02   2.738230e+01   1.323919e-01  -8.214799e-02  -9.932991e-02   2.160481e-01   4.892935e-01   1.356660e-01
    86  -1.085548e+00  -1.101820e+00   2.690813e-02   5.418023e+01   1.741360e-01   4.438918e-01  -9.800285e-01  -1.004603e+00   2.634082e-02   2.068286e+01   1.302154e-01  -4.737933e-02  -6.441582e-02   2.370673e-01   4.096950e-01   1.309148e-01
    87  -1.052370e+00  -1.068642e+00   2.913010e-02   4.679870e+01   1.744656e-01   4.402487e-01  -9.302726e-01  -9.544384e-01   2.879262e-02   1.562216e+01   1.278584e-01  -1.295333e-02  -2.982531e-02   2.591336e-01   3.420595e-01   1.261287e-01
    88  -1.019192e+00  -1.035465e+00   3.155140e-02   4.044407e+01   1.746748e-01   4.369232e-01  -8.813401e-01  -9.051176e-01   3.134998e-02   1.178510e+01   1.253979e-01   2.109084e-02   4.402259e-03   2.821498e-01   2.848197e-01   1.213167e-01
    89  -9.860144e-01  -1.002287e+00   3.418427e-02   3.497591e+01   1.747725e-01   4.338447e-01  -8.331475e-01  -8.565757e-01   3.400006e-02   8.867284e+00   1.229206e-01   5.471585e-02   3.822869e-02   3.060005e-01   2.365577e-01   1.164952e-01
    90  -9.528365e-01  -9.691087e-01   3.704037e-02   3.023561e+01   1.747621e-01   4.314920e-01  -7.855849e-01  -8.087154e-01   3.672816e-02   6.645479e+00   1.204996e-01   8.788741e-02   7.161826e-02   3.305535e-01   1.960051e-01   1.116849e-01
    91  -9.196585e-01  -9.359307e-01   4.015297e-02   2.613897e+01   1.746718e-01   4.294141e-01  -7.385317e-01  -7.614214e-01   3.951809e-02   4.955109e+00   1.181867e-01   1.205733e-01   1.045378e-01   3.556628e-01   1.620489e-01   1.068991e-01
    92  -8.864806e-01  -9.027528e-01   4.353666e-02   2.259919e+01   1.745012e-01   4.276019e-01  -6.918688e-01  -7.145739e-01   4.235249e-02   3.672786e+00   1.160062e-01   1.527461e-01   1.369575e-01   3.811724e-01   1.336985e-01   1.021630e-01
    93  -8.533026e-01  -8.695749e-01   4.720235e-02   1.951679e+01   1.743039e-01   4.261235e-01  -6.454859e-01  -6.680585e-01   4.521329e-02   2.704519e+00   1.139576e-01   1.843813e-01   1.688517e-01   4.069196e-01   1.101004e-01   9.749149e-02
    94  -8.201247e-01  -8.363969e-01   5.119092e-02   1.684708e+01   1.740639e-01   4.246367e-01  -5.992886e-01  -6.217733e-01   4.808216e-02   1.977874e+00   1.120239e-01   2.154593e-01   2.001982e-01   4.327394e-01   9.050860e-02   9.290516e-02
    95  -7.869468e-01  -8.032190e-01   5.552613e-02   1.453789e+01   1.737638e-01   4.230694e-01  -5.531958e-01  -5.756310e-01   5.094094e-02   1.436239e+00   1.101766e-01   2.459646e-01   2.309797e-01   4.584685e-01   7.428374e-02   8.842036e-02
    96  -7.537688e-01  -7.700410e-01   6.020425e-02   1.253186e+01   1.734419e-01   4.212804e-01  -5.071349e-01  -5.295550e-01   5.377208e-02   1.035331e+00   1.083851e-01   2.758861e-01   2.611830e-01   4.839488e-01   6.087742e-02   8.405295e-02
    97  -7.205909e-01  -7.368631e-01   6.528335e-02   1.079447e+01   1.730716e-01   4.191262e-01  -4.610354e-01  -4.834738e-01   5.655903e-02   7.406914e-01   1.066257e-01   3.052172e-01   2.907992e-01   5.090312e-01   4.982279e-02   7.981716e-02
    98  -6.874130e-01  -7.036852e-01   7.079570e-02   9.295160e+00   1.726037e-01   4.165770e-01  -4.148213e-01  -4.373139e-01   5.928652e-02   5.256747e-01   1.048851e-01   3.339554e-01   3.198240e-01   5.335787e-01   4.072490e-02   7.572392e-02
    99  -6.542350e-01  -6.705072e-01   7.674501e-02   8.000428e+00   1.720269e-01   4.135350e-01  -3.684001e-01  -3.909908e-01   6.194091e-02   3.698332e-01   1.031612e-01   3.621023e-01   3.482568e-01   5.574682e-01   3.324998e-02   7.178353e-02
   100  -6.210571e-01  -6.373293e-01   8.317413e-02   6.879738e+00   1.713518e-01   4.099228e-01  -3.216553e-01  -3.443991e-01   6.451030e-02   2.576788e-01   1.014612e-01   3.896628e-01   3.761011e-01   5.805927e-01   2.711855e-02   6.800203e-02
   101  -5.878791e-01  -6.041514e-01   9.013757e-02   5.914398e+00   1.705052e-01   4.058402e-01  -2.744509e-01  -2.974121e-01   6.698469e-02   1.776259e-01   9.979786e-02   4.166457e-01   4.033638e-01   6.028622e-01   2.209599e-02   6.438543e-02
   102  -5.547012e-01  -5.709734e-01   9.767134e-02   5.083184e+00   1.694754e-01   4.012802e-01  -2.266243e-01  -2.498796e-01   6.935597e-02   1.209869e-01   9.818453e-02   4.430623e-01   4.300548e-01   6.242038e-01   1.798748e-02   6.093525e-02
   103  -5.215233e-01  -5.377955e-01   1.057769e-01   4.365791e+00   1.682680e-01   3.962261e-01  -1.779829e-01  -2.016230e-01   7.161799e-02   8.130984e-02   9.663795e-02   4.689269e-01   4.561871e-01   6.445619e-01   1.463033e-02   5.765370e-02
   104  -4.883453e-01  -5.046175e-01   1.145437e-01   3.747556e+00   1.668586e-01   3.907326e-01  -1.283187e-01  -1.524413e-01   7.376638e-02   5.384916e-02   9.517468e-02   4.942558e-01   4.817760e-01   6.638974e-01   1.189041e-02   5.453844e-02
   105  -4.551674e-01  -4.714396e-01   1.240188e-01   3.215241e+00   1.652334e-01   3.848018e-01  -7.741049e-02  -1.021191e-01   7.579851e-02   3.509989e-02   9.380853e-02   5.190675e-01   5.068388e-01   6.821866e-01   9.656164e-03   5.158871e-02
   106  -4.219894e-01  -4.382617e-01   1.342185e-01   2.756591e+00   1.633922e-01   3.784086e-01  -2.504217e-02  -5.043747e-02   7.771330e-02   2.249834e-02   9.254846e-02   5.433818e-01   5.313948e-01   6.994197e-01   7.836132e-03   4.879956e-02
   107  -3.888115e-01  -4.050837e-01   1.451952e-01   2.360525e+00   1.613518e-01   3.715089e-01   2.893975e-02   2.786982e-03   7.951106e-02   1.418762e-02   9.136882e-02   5.672203e-01   5.554646e-01   7.155996e-01   6.354596e-03   4.616759e-02
   108  -3.556336e-01  -3.719058e-01   1.570239e-01   2.019351e+00   1.590899e-01   3.640038e-01   8.456974e-02   5.764486e-02   8.119333e-02   8.819340e-03   9.020314e-02   5.906052e-01   5.790701e-01   7.307399e-01   5.149624e-03   4.368668e-02
   109  -3.224556e-01  -3.387279e-01   1.697492e-01   1.725414e+00   1.566107e-01   3.558301e-01   1.416511e-01   1.140476e-01   8.276263e-02   5.430687e-03   8.889139e-02   6.135596e-01   6.022340e-01   7.448636e-01   4.170263e-03   4.135126e-02
   110  -2.892777e-01  -3.055499e-01   1.833606e-01   1.471930e+00   1.539321e-01   3.468859e-01   1.996322e-01   1.716085e-01   8.422234e-02   3.341510e-03   8.715216e-02   6.361075e-01   6.249799e-01   7.580011e-01   3.374822e-03   3.915492e-02
   111  -2.560998e-01  -2.723720e-01   1.979620e-01   1.253542e+00   1.510537e-01   3.370431e-01   2.575975e-01   2.295812e-01   8.557652e-02   2.077542e-03   8.464445e-02   6.582726e-01   6.473314e-01   7.701887e-01   2.729215e-03   3.709063e-02
   112  -2.229218e-01  -2.391940e-01   2.135945e-01   1.065637e+00   1.479724e-01   3.262307e-01   3.144221e-01   2.869385e-01   8.682971e-02   1.319625e-03   8.112013e-02   6.800794e-01   6.693129e-01   7.814674e-01   2.205530e-03   3.515211e-02
   113  -1.897439e-01  -2.060161e-01   2.302191e-01   9.039726e-01   1.446939e-01   3.142888e-01   3.690775e-01   3.426090e-01   8.798682e-02   8.623850e-04   7.660328e-02   7.015520e-01   6.909484e-01   7.918814e-01   1.781038e-03   3.333205e-02
   114  -1.565659e-01  -1.728382e-01   2.479071e-01   7.648448e-01   1.412220e-01   3.009438e-01   4.208873e-01   3.957545e-01   8.905301e-02   5.806883e-04   7.139768e-02   7.227144e-01   7.122621e-01   8.014771e-01   1.437169e-03   3.162377e-02
   115  -1.233880e-01  -1.396602e-01   2.667097e-01   6.455511e-01   1.375695e-01   2.863066e-01   4.695819e-01   4.459167e-01   9.003354e-02   4.018067e-04   6.591469e-02   7.435905e-01   7.332779e-01   8.103019e-01   1.158794e-03   3.002059e-02
   116  -9.021007e-02  -1.064823e-01   2.865855e-01   5.433866e-01   1.337465e-01   2.702199e-01   5.151998e-01   4.929895e-01   9.093373e-02   2.844554e-04   6.050346e-02   7.642035e-01   7.540193e-01   8.184036e-01   9.336007e-04   2.851574e-02
   117  -5.703213e-02  -7.330435e-02   3.075727e-01   4.560299e-01   1.297656e-01   2.524043e-01   5.579487e-01   5.371000e-01   9.175884e-02   2.051491e-04   5.538530e-02   7.845762e-01   7.745093e-01   8.258295e-01   7.515534e-04   2.710303e-02
   118  -2.385420e-02  -4.012641e-02   3.296852e-01   3.815176e-01   1.256361e-01   2.331012e-01   5.981055e-01   5.784911e-01   9.251402e-02   1.501773e-04   5.066565e-02   8.047308e-01   7.947704e-01   8.326262e-01   6.044960e-04   2.577631e-02
   119   9.323740e-03  -6.948477e-03   3.528250e-01   3.180889e-01   1.213725e-01   2.121148e-01   6.359603e-01   6.174452e-01   9.320429e-02   1.112612e-04   4.637737e-02   8.246888e-01   8.148244e-01   8.388386e-01   4.857968e-04   2.452961e-02
   120   4.250168e-02   2.622946e-02   3.770301e-01   2.642412e-01   1.169863e-01   1.895835e-01   6.717892e-01   6.542442e-01   9.383445e-02   8.322834e-05   4.251363e-02   8.444706e-01   8.346923e-01   8.445100e-01   3.900628e-04   2.335745e-02
   121   7.567962e-02   5.940740e-02   4.022185e-01   2.186459e-01   1.124965e-01   1.655468e-01   7.058358e-01   6.891461e-01   9.440910e-02   6.275961e-05   3.904436e-02   8.640963e-01   8.543943e-01   8.496819e-01   3.129154e-04   2.225458e-02
   122   1.088576e-01   9.258534e-02   4.283081e-01   1.801689e-01   1.079157e-01   1.405169e-01   7.383168e-01   7.223799e-01   9.493262e-02   4.763667e-05   3.593358e-02   8.835847e-01   8.739498e-01   8.543935e-01   2.508005e-04   2.121596e-02
   123   1.420355e-01   1.257633e-01   4.552553e-01   1.477975e-01   1.032669e-01   1.145670e-01   7.694208e-01   7.541472e-01   9.540910e-02   3.635578e-05   3.314402e-02   9.029536e-01   8.933771e-01   8.586819e-01   2.008333e-04   2.023691e-02
   124   1.752134e-01   1.589412e-01   4.828886e-01   1.206670e-01   9.856882e-02   8.822419e-02   7.993110e-01   7.846230e-01   9.584241e-02   2.787358e-05   3.063877e-02   9.222202e-01   9.126938e-01   8.625817e-01   1.606744e-04   1.931315e-02
   125   2.083914e-01   1.921191e-01   5.111526e-01   9.802126e-02   9.384114e-02   6.252086e-02   8.281299e-01   8.139594e-01   9.623618e-02   2.145183e-05   2.838558e-02   9.414004e-01   9.319162e-01   8.661256e-01   1.284287e-04   1.844059e-02
   126   2.415693e-01   2.252971e-01   5.398690e-01   7.919473e-02   8.911202e-02   3.651406e-02   8.560017e-01   8.422894e-01   9.659376e-02   1.656231e-05   2.635436e-02   9.605092e-01   9.510599e-01   8.693438e-01   1.025615e-04   1.761543e-02
   127   2.747472e-01   2.584750e-01   5.689063e-01   6.362646e-02   8.439438e-02   1.367160e-02   8.830347e-01   8.697285e-01   9.691827e-02   1.282147e-05   2.451916e-02   9.795605e-01   9.701393e-01   8.722644e-01   8.183077e-05   1.683421e-02
   128   3.079252e-01   2.916530e-01   5.979808e-01   5.080111e-02   7.971957e-02  -9.297707e-03   9.093250e-01   8.963787e-01   9.721261e-02   9.947312e-06   2.285718e-02   9.985675e-01   9.891680e-01   8.749135e-01   6.523222e-05   1.609377e-02
   129   3.411031e-01   3.248309e-01   6.269392e-01   4.028416e-02   7.508831e-02  -2.831428e-02   9.349559e-01   9.223295e-01   9.747945e-02   7.731788e-06   2.134789e-02   1.017542e+00   1.008158e+00   8.773151e-01   5.195497e-05   1.539115e-02
   130   3.742811e-01   3.580088e-01   6.556643e-01   3.172801e-02   7.054778e-02  -4.583907e-02   9.600021e-01   9.476595e-01   9.772124e-02   6.018779e-06   1.997402e-02   1.036495e+00   1.027122e+00   8.794912e-01   4.134450e-05   1.472364e-02
   131   4.074590e-01   3.911868e-01   6.839614e-01   2.481355e-02   6.611815e-02  -6.132665e-02   9.845299e-01   9.724391e-01   9.794025e-02   4.691018e-06   1.872011e-02   1.055438e+00   1.046070e+00   8.814623e-01   3.287311e-05   1.408881e-02
   132   4.406369e-01   4.243647e-01   7.116627e-01   1.926458e-02   6.181524e-02  -7.295622e-02   1.008598e+00   9.967304e-01   9.813854e-02   3.659874e-06   1.757256e-02   1.074379e+00   1.065011e+00   8.832469e-01   2.611580e-05   1.348441e-02
   133   4.738149e-01   4.575427e-01   7.383656e-01   1.483945e-02   5.765959e-02  -8.345504e-02   1.032258e+00   1.020589e+00   9.831802e-02   2.857676e-06   1.651975e-02   1.093326e+00   1.083956e+00   8.848622e-01   2.073065e-05   1.290843e-02
   134   5.069928e-01   4.907206e-01   7.639951e-01   1.132841e-02   5.365289e-02  -9.216490e-02   1.055557e+00   1.044063e+00   9.848042e-02   2.232708e-06   1.555140e-02   1.112289e+00   1.102911e+00   8.863237e-01   1.644287e-05   1.235900e-02
   135   5.401707e-01   5.238985e-01   7.885339e-01   8.578236e-03   4.982544e-02  -9.815945e-02   1.078536e+00   1.067198e+00   9.862732e-02   1.745264e-06   1.465843e-02   1.131273e+00   1.121884e+00   8.876458e-01   1.303183e-05   1.183444e-02
   136   5.733487e-01   5.570765e-01   8.115845e-01   6.440492e-03   4.618727e-02  -1.030244e-01   1.101234e+00   1.090033e+00   9.876016e-02   1.364750e-06   1.383293e-02   1.150284e+00   1.140883e+00   8.888415e-01   1.032059e-05   1.133323e-02
   137   6.065266e-01   5.902544e-01   8.331747e-01   4.788129e-03   4.273749e-02  -1.067782e-01   1.123683e+00   1.112604e+00   9.888027e-02   1.067482e-06   1.306804e-02   1.169330e+00   1.159912e+00   8.899225e-01   8.167378e-06   1.085397e-02
   138   6.397046e-01   6.234323e-01   8.532357e-01   3.529895e-03   3.949375e-02  -1.092265e-01   1.145914e+00   1.134941e+00   9.898885e-02   8.351150e-07   1.235767e-02   1.188415e+00   1.178977e+00   8.908996e-01   6.458743e-06   1.039541e-02
   139   6.728825e-01   6.566103e-01   8.715798e-01   2.576136e-03   3.645009e-02  -1.106179e-01   1.167952e+00   1.157073e+00   9.908698e-02   6.533989e-07   1.169648e-02   1.207542e+00   1.198084e+00   8.917828e-01   5.103975e-06   9.956402e-03
   140   7.060604e-01   6.897882e-01   8.883287e-01   1.863998e-03   3.361324e-02  -1.108883e-01   1.189823e+00   1.179025e+00   9.917565e-02   5.112473e-07   1.107976e-02   1.226717e+00   1.217235e+00   8.925808e-01   4.030623e-06   9.535891e-03
   141   7.392384e-01   7.229662e-01   9.034008e-01   1.335306e-03   3.097724e-02  -1.102004e-01   1.211547e+00   1.200821e+00   9.925576e-02   4.000217e-07   1.050337e-02   1.245943e+00   1.236436e+00   8.933019e-01   3.180877e-06   9.132921e-03
   142   7.724163e-01   7.561441e-01   9.168415e-01   9.485641e-04   2.853945e-02  -1.085810e-01   1.233144e+00   1.222480e+00   9.932813e-02   3.129810e-07   9.963672e-03   1.265222e+00   1.255689e+00   8.939532e-01   2.508652e-06   8.746614e-03
   143   8.055942e-01   7.893220e-01   9.288221e-01   6.676773e-04   2.629227e-02  -1.060950e-01   1.254631e+00   1.244021e+00   9.939350e-02   2.448605e-07   9.457456e-03   1.284557e+00   1.274997e+00   8.945415e-01   1.977247e-06   8.376165e-03
   144   8.387722e-01   8.225000e-01   9.392449e-01   4.661455e-04   2.422691e-02  -1.028163e-01   1.276024e+00   1.265460e+00   9.945254e-02   1.915462e-07   8.981866e-03   1.303951e+00   1.294362e+00   8.950729e-01   1.557456e-06   8.020833e-03
   145   8.719501e-01   8.556779e-01   9.483626e-01   3.230209e-04   2.233229e-02  -9.882774e-02   1.297337e+00   1.286811e+00   9.950586e-02   1.498208e-07   8.534373e-03   1.323405e+00   1.313787e+00   8.955527e-01   1.226065e-06   7.679934e-03
   146   9.051281e-01   8.888558e-01   9.562867e-01   2.221774e-04   2.059792e-02  -9.419013e-02   1.318581e+00   1.308089e+00   9.955400e-02   1.171674e-07   8.112731e-03   1.342920e+00   1.333272e+00   8.959860e-01   9.646319e-07   7.352838e-03
   147   9.383060e-01   9.220338e-01   9.630646e-01   1.518583e-04   1.901079e-02  -8.902064e-02   1.339768e+00   1.329304e+00   9.959747e-02   9.161588e-08   7.714937e-03   1.362499e+00   1.352820e+00   8.963772e-01   7.585228e-07   7.038957e-03
   148   9.714839e-01   9.552117e-01   9.688488e-01   1.032222e-04   1.755810e-02  -8.350938e-02   1.360908e+00   1.350467e+00   9.963672e-02   7.162420e-08   7.339209e-03   1.382140e+00   1.372430e+00   8.967304e-01   5.961329e-07   6.737747e-03
   149   1.004662e+00   9.883897e-01   9.737902e-01   6.982538e-05   1.622815e-02  -7.775229e-02   1.382010e+00   1.371587e+00   9.967214e-02   5.598486e-08   6.983949e-03   1.401845e+00   1.392104e+00   8.970493e-01   4.682671e-07   6.448701e-03
   150   1.037840e+00   1.021568e+00   9.779878e-01   4.703395e-05   1.501004e-02  -7.184351e-02   1.403080e+00   1.392673e+00   9.970413e-02   4.375235e-08   6.647726e-03   1.421614e+00   1.411842e+00   8.973371e-01   3.676458e-07   6.171344e-03
   151   1.071018e+00   1.054746e+00   9.815092e-01   3.157741e-05   1.389223e-02  -6.603764e-02   1.424127e+00   1.413731e+00   9.973300e-02   3.418630e-08   6.329255e-03   1.441446e+00   1.431643e+00   8.975970e-01   2.885099e-07   5.905233e-03
   152   1.104196e+00   1.087923e+00   9.844757e-01   2.114524e-05   1.286511e-02  -6.032777e-02   1.445155e+00   1.434768e+00   9.975905e-02   2.670691e-08   6.027379e-03   1.461342e+00   1.451508e+00   8.978315e-01   2.263068e-07   5.649954e-03
   153   1.137374e+00   1.121101e+00   9.869765e-01   1.412975e-05   1.192015e-02  -5.489639e-02   1.466170e+00   1.455789e+00   9.978257e-02   2.086021e-08   5.741053e-03   1.481299e+00   1.471435e+00   8.980432e-01   1.774400e-07   5.405116e-03
   154   1.170552e+00   1.154279e+00   9.890825e-01   9.427037e-06   1.104974e-02  -4.970674e-02   1.487176e+00   1.476800e+00   9.980380e-02   1.629075e-08   5.469330e-03   1.501317e+00   1.491423e+00   8.982342e-01   1.390705e-07   5.170354e-03
   155   1.203729e+00   1.187457e+00   9.908336e-01   6.282910e-06   1.024669e-02  -4.489524e-02   1.508177e+00   1.497803e+00   9.982296e-02   1.272028e-08   5.211356e-03   1.521394e+00   1.511472e+00   8.984066e-01   1.089587e-07   4.945326e-03
   156   1.236907e+00   1.220635e+00   9.923025e-01   4.184729e-06   9.504907e-03  -4.041045e-02   1.529175e+00   1.518803e+00   9.984025e-02   9.931004e-09   4.966353e-03   1.541529e+00   1.531578e+00   8.985622e-01   8.533903e-08   4.729711e-03
   157   1.270085e+00   1.253813e+00   9.935373e-01   2.786240e-06   8.819162e-03  -3.632625e-02   1.550172e+00   1.539800e+00   9.985585e-02   7.752479e-09   4.733617e-03   1.561718e+00   1.551741e+00   8.987027e-01   6.682051e-08   4.523208e-03
   158   1.303263e+00   1.286991e+00   9.945733e-01   1.855071e-06   8.184614e-03  -3.255575e-02   1.571170e+00   1.560798e+00   9.986993e-02   6.051338e-09   4.512508e-03   1.581959e+00   1.571956e+00   8.988294e-01   5.230802e-08   4.325539e-03
   159   1.336441e+00   1.320169e+00   9.954328e-01   1.235297e-06   7.596997e-03  -2.917966e-02   1.592169e+00   1.581796e+00   9.988264e-02   4.723252e-09   4.302448e-03   1.602247e+00   1.592222e+00   8.989438e-01   4.093984e-08   4.136443e-03
   160   1.369619e+00   1.353347e+00   9.961566e-01   8.228847e-07   7.052488e-03  -2.609904e-02   1.613168e+00   1.602795e+00   9.989411e-02   3.686622e-09   4.102909e-03   1.622580e+00   1.612533e+00   8.990470e-01   3.203836e-08   3.955682e-03
   161   1.402797e+00   1.386525e+00   9.967669e-01   5.484635e-07   6.547789e-03  -2.333371e-02   1.634166e+00   1.623794e+00   9.990446e-02   2.877645e-09   3.913418e-03   1.642952e+00   1.632885e+00   8.991401e-01   2.507101e-08   3.783038e-03
   162   1.435975e+00   1.419703e+00   9.972730e-01   3.657898e-07   6.079784e-03  -2.084052e-02   1.655162e+00   1.644791e+00   9.991379e-02   2.246440e-09   3.733548e-03   1.663356e+00   1.653273e+00   8.992241e-01   1.961948e-08   3.618314e-03
   163   1.469153e+00   1.452881e+00   9.976999e-01   2.441313e-07   5.645742e-03  -1.859756e-02   1.676150e+00   1.665782e+00   9.992222e-02   1.754026e-09   3.562915e-03   1.683786e+00   1.673691e+00   8.993000e-01   1.535537e-08   3.461336e-03
   164   1.502331e+00   1.486059e+00   9.980605e-01   1.630762e-07   5.243245e-03  -1.658975e-02   1.697126e+00   1.686764e+00   9.992982e-02   1.369940e-09   3.401183e-03   1.704233e+00   1.694130e+00   8.993684e-01   1.202102e-08   3.311956e-03
   165   1.535509e+00   1.519237e+00   9.983607e-01   1.090278e-07   4.870025e-03  -1.476331e-02   1.718084e+00   1.707731e+00   9.993668e-02   1.070387e-09   3.248055e-03   1.724687e+00   1.714581e+00   8.994301e-01   9.414354e-09   3.170047e-03
   166   1.568687e+00   1.552415e+00   9.986146e-01   7.295773e-08   4.524079e-03  -1.314285e-02   1.739015e+00   1.728675e+00   9.994287e-02   8.367845e-10   3.103276e-03   1.745138e+00   1.735033e+00   8.994858e-01   7.376995e-09   3.035513e-03
   167   1.601865e+00   1.585593e+00   9.988295e-01   4.887289e-08   4.203682e-03  -1.164320e-02   1.759909e+00   1.749588e+00   9.994845e-02   6.546223e-10   2.966634e-03   1.765570e+00   1.755474e+00   8.995361e-01   5.784850e-09   2.908284e-03
   168   1.635043e+00   1.618770e+00   9.990088e-01   3.277208e-08   3.907165e-03  -1.027752e-02   1.780755e+00   1.770457e+00   9.995349e-02   5.125743e-10   2.837958e-03   1.785968e+00   1.775889e+00   8.995814e-01   4.540747e-09   2.788322e-03
   169   1.668221e+00   1.651948e+00   9.991612e-01   2.199930e-08   3.633084e-03  -9.021777e-03   1.801535e+00   1.791269e+00   9.995804e-02   4.018020e-10   2.717117e-03   1.806312e+00   1.796259e+00   8.996223e-01   3.568628e-09   2.675621e-03
   170   1.701399e+00   1.685126e+00   9.992901e-01   1.478643e-08   3.380402e-03  -7.774863e-03   1.822232e+00   1.812007e+00   9.996214e-02   3.154095e-10   2.604025e-03   1.826580e+00   1.816564e+00   8.996593e-01   2.808985e-09   2.570212e-03
   171   1.734576e+00   1.718304e+00   9.993986e-01   9.950776e-09   3.147874e-03  -6.626755e-03   1.842825e+00   1.832651e+00   9.996584e-02   2.480179e-10   2.498636e-03   1.846746e+00   1.836780e+00   8.996926e-01   2.215280e-09   2.472157e-03
   172   1.767754e+00   1.751482e+00   9.994913e-01   6.706373e-09   2.934805e-03  -5.394565e-03   1.863287e+00   1.853177e+00   9.996918e-02   1.954328e-10   2.400948e-03   1.866780e+00   1.856878e+00   8.997226e-01   1.751132e-09   2.381557e-03
   173   1.800932e+00   1.784660e+00   9.995694e-01   4.527408e-09   2.740727e-03  -4.122896e-03   1.883589e+00   1.873557e+00   9.997219e-02   1.543839e-10   2.311001e-03   1.886648e+00   1.876827e+00   8.997498e-01   1.388110e-09   2.298551e-03
   174   1.834110e+00   1.817838e+00   9.996360e-01   3.061967e-09   2.564871e-03  -2.778609e-03   1.903697e+00   1.893759e+00   9.997491e-02   1.223223e-10   2.228876e-03   1.906310e+00   1.896590e+00   8.997742e-01   1.104008e-09   2.223308e-03
   175   1.867288e+00   1.851016e+00   9.996931e-01   2.075834e-09   2.407965e-03  -1.021881e-03   1.923570e+00   1.913747e+00   9.997737e-02   9.726140e-11   2.154692e-03   1.925724e+00   1.916126e+00   8.997963e-01   8.814842e-10   2.156032e-03
   176   1.900466e+00   1.884194e+00   9.997414e-01   1.411114e-09   2.269938e-03   8.970389e-04   1.943168e+00   1.933480e+00   9.997958e-02   7.765232e-11   2.088641e-03   1.944842e+00   1.935388e+00   8.998162e-01   7.070006e-10   2.096954e-03
   177   1.933644e+00   1.917372e+00   9.997831e-01   9.623140e-10   2.151213e-03   3.277097e-03   1.962444e+00   1.952913e+00   9.998158e-02   6.227979e-11   2.031241e-03   1.963614e+00   1.954330e+00   8.998342e-01   5.699721e-10   2.046407e-03
   178   1.966822e+00   1.950550e+00   9.998190e-01   6.589844e-10   2.054623e-03   6.433991e-03   1.981372e+00   1.972011e+00   9.998338e-02   5.015353e-11   1.984957e-03   1.981996e+00   1.972902e+00   8.998504e-01   4.619417e-10   2.005639e-03
   179   2.000000e+00   1.983728e+00   9.998500e-01   4.520167e-10   1.989306e-03   8.237998e-03   2.000000e+00   1.990786e+00   9.998500e-02   4.038524e-11   1.959264e-03   2.000000e+00   1.991091e+00   8.998650e-01   3.752721e-10   1.981936e-03
