     i          log_r       log_rmid          m_tot        rho_tot         v2_tot            eta     lgr[heavy]    lgrm[heavy]       m[heavy]     rho[heavy]      v2[heavy]     lgr[light]    lgrm[light]       m[light]     rho[light]      v2[light]
     0  -4.658719e+00  -4.959749e+00   1.024276e-07   2.852067e+07   2.053259e-01            nan  -4.658719e+00  -4.959749e+00   9.998500e-08   2.839321e+07   2.042195e-01  -3.055933e+00  -3.356963e+00   8.998650e-07   3.972796e+03   4.061756e-01
     1  -4.621520e+00  -4.639722e+00   1.317211e-07   2.810662e+07   2.047468e-01            nan  -4.636126e+00  -4.647276e+00   1.166721e-07   2.805513e+07   2.042071e-01  -3.014068e+00  -3.034496e+00   1.050049e-06   1.977197e+03   3.975690e-01
     2  -4.584320e+00  -4.602522e+00   1.694575e-07   2.803749e+07   2.047016e-01            nan  -4.613542e+00  -4.624687e+00   1.361439e-07   2.801843e+07   2.042057e-01  -2.972875e+00  -2.992983e+00   1.225295e-06   1.760170e+03   3.957651e-01
     3  -4.547121e+00  -4.565322e+00   2.180599e-07   2.795634e+07   2.046595e-01            nan  -4.590962e+00  -4.602105e+00   1.588651e-07   2.797791e+07   2.042042e-01  -2.932305e+00  -2.952116e+00   1.429786e-06   1.572567e+03   3.936972e-01
     4  -4.509921e+00  -4.528123e+00   2.806313e-07   2.786255e+07   2.046202e-01            nan  -4.568383e+00  -4.579526e+00   1.853780e-07   2.793316e+07   2.042026e-01  -2.892328e+00  -2.911857e+00   1.668402e-06   1.410081e+03   3.913608e-01
     5  -4.472722e+00  -4.490923e+00   3.611544e-07   2.775360e+07   2.045834e-01            nan  -4.545802e+00  -4.556946e+00   2.163150e-07   2.788373e+07   2.042007e-01  -2.852920e+00  -2.872177e+00   1.946835e-06   1.268980e+03   3.887513e-01
     6  -4.435522e+00  -4.453724e+00   4.647186e-07   2.762522e+07   2.045487e-01            nan  -4.523215e+00  -4.534362e+00   2.524142e-07   2.782913e+07   2.041987e-01  -2.814062e+00  -2.833057e+00   2.271728e-06   1.146072e+03   3.858846e-01
     7  -4.398323e+00  -4.416524e+00   5.978074e-07   2.747631e+07   2.045157e-01            nan  -4.500618e+00  -4.511769e+00   2.945370e-07   2.776883e+07   2.041965e-01  -2.775735e+00  -2.794476e+00   2.650833e-06   1.038634e+03   3.827760e-01
     8  -4.361123e+00  -4.379325e+00   7.687197e-07   2.730219e+07   2.044842e-01            nan  -4.478008e+00  -4.489166e+00   3.436881e-07   2.770221e+07   2.041940e-01  -2.737918e+00  -2.756415e+00   3.093193e-06   9.443212e+02   3.794513e-01
     9  -4.323924e+00  -4.342125e+00   9.879376e-07   2.709775e+07   2.044538e-01            nan  -4.455381e+00  -4.466547e+00   4.010398e-07   2.762864e+07   2.041913e-01  -2.700588e+00  -2.718852e+00   3.609358e-06   8.611468e+02   3.759560e-01
    10  -4.286724e+00  -4.304926e+00   1.268761e-06   2.686119e+07   2.044241e-01            nan  -4.432735e+00  -4.443911e+00   4.679601e-07   2.754738e+07   2.041882e-01  -2.663721e+00  -2.681764e+00   4.211641e-06   7.874696e+02   3.723107e-01
    11  -4.249524e+00  -4.267726e+00   1.628070e-06   2.658360e+07   2.043948e-01            nan  -4.410066e+00  -4.421253e+00   5.460446e-07   2.745765e+07   2.041849e-01  -2.627284e+00  -2.645121e+00   4.914402e-06   7.217959e+02   3.685965e-01
    12  -4.212325e+00  -4.230526e+00   2.086707e-06   2.626123e+07   2.043655e-01            nan  -4.387369e+00  -4.398569e+00   6.371554e-07   2.735858e+07   2.041812e-01  -2.591249e+00  -2.608893e+00   5.734398e-06   6.630564e+02   3.648150e-01
    13  -4.175125e+00  -4.193327e+00   2.671226e-06   2.589032e+07   2.043359e-01            nan  -4.364640e+00  -4.375856e+00   7.434644e-07   2.724922e+07   2.041771e-01  -2.555576e+00  -2.573046e+00   6.691180e-06   6.100927e+02   3.610781e-01
    14  -4.137926e+00  -4.156127e+00   3.414270e-06   2.545611e+07   2.043054e-01            nan  -4.341876e+00  -4.353109e+00   8.675058e-07   2.712853e+07   2.041726e-01  -2.520230e+00  -2.537544e+00   7.807552e-06   5.621980e+02   3.573880e-01
    15  -4.100726e+00  -4.118928e+00   4.355746e-06   2.496117e+07   2.042738e-01            nan  -4.319071e+00  -4.330324e+00   1.012236e-06   2.699538e+07   2.041676e-01  -2.485172e+00  -2.502348e+00   9.110122e-06   5.186054e+02   3.538190e-01
    16  -4.063527e+00  -4.081728e+00   5.545941e-06   2.439106e+07   2.042405e-01            nan  -4.296221e+00  -4.307496e+00   1.181103e-06   2.684852e+07   2.041621e-01  -2.450364e+00  -2.467419e+00   1.062993e-05   4.787891e+02   3.503944e-01
    17  -4.026327e+00  -4.044529e+00   7.042067e-06   2.374237e+07   2.042051e-01            nan  -4.273319e+00  -4.284619e+00   1.378130e-06   2.668663e+07   2.041559e-01  -2.415768e+00  -2.432721e+00   1.240317e-05   4.422770e+02   3.471456e-01
    18  -3.989128e+00  -4.007329e+00   8.918308e-06   2.301025e+07   2.041673e-01            nan  -4.250359e+00  -4.261687e+00   1.608010e-06   2.650823e+07   2.041492e-01  -2.381348e+00  -2.398217e+00   1.447209e-05   4.086723e+02   3.441037e-01
    19  -3.951928e+00  -3.970130e+00   1.125472e-05   2.218323e+07   2.041264e-01            nan  -4.227335e+00  -4.238694e+00   1.876216e-06   2.631173e+07   2.041417e-01  -2.347074e+00  -2.363873e+00   1.688595e-05   3.777014e+02   3.412594e-01
    20  -3.914728e+00  -3.932930e+00   1.415350e-05   2.126835e+07   2.040823e-01            nan  -4.204238e+00  -4.215633e+00   2.189133e-06   2.609545e+07   2.041335e-01  -2.312914e+00  -2.329658e+00   1.970220e-05   3.490688e+02   3.386386e-01
    21  -3.877529e+00  -3.895731e+00   1.771777e-05   2.025213e+07   2.040343e-01            nan  -4.181061e+00  -4.192495e+00   2.554206e-06   2.585753e+07   2.041244e-01  -2.278845e+00  -2.295546e+00   2.298786e-05   3.226171e+02   3.362001e-01
    22  -3.840329e+00  -3.858531e+00   2.208402e-05   1.914950e+07   2.039824e-01            nan  -4.157794e+00  -4.169271e+00   2.980121e-06   2.559601e+07   2.041144e-01  -2.244845e+00  -2.261512e+00   2.682109e-05   2.981282e+02   3.339565e-01
    23  -3.803130e+00  -3.821331e+00   2.736324e-05   1.795985e+07   2.039262e-01            nan  -4.134425e+00  -4.145952e+00   3.477003e-06   2.530878e+07   2.041033e-01  -2.210899e+00  -2.227541e+00   3.129303e-05   2.754996e+02   3.318492e-01
    24  -3.765930e+00  -3.784132e+00   3.371904e-05   1.669171e+07   2.038653e-01            nan  -4.110945e+00  -4.122526e+00   4.056664e-06   2.499362e+07   2.040911e-01  -2.176995e+00  -2.193617e+00   3.650997e-05   2.545660e+02   3.298780e-01
    25  -3.728731e+00  -3.746932e+00   4.129321e-05   1.537535e+07   2.038003e-01            nan  -4.087339e+00  -4.098981e+00   4.732872e-06   2.464816e+07   2.040777e-01  -2.143128e+00  -2.159732e+00   4.259585e-05   2.352422e+02   3.279820e-01
    26  -3.691531e+00  -3.709733e+00   5.018962e-05   1.400798e+07   2.037305e-01            nan  -4.063592e+00  -4.075303e+00   5.521683e-06   2.426994e+07   2.040629e-01  -2.109291e+00  -2.125880e+00   4.969515e-05   2.173959e+02   3.261533e-01
    27  -3.654332e+00  -3.672533e+00   6.057228e-05   1.262415e+07   2.036563e-01            nan  -4.039689e+00  -4.051476e+00   6.441814e-06   2.385641e+07   2.040465e-01  -2.075486e+00  -2.092060e+00   5.797633e-05   2.009434e+02   3.243399e-01
    28  -3.617132e+00  -3.635334e+00   7.255367e-05   1.125393e+07   2.035782e-01            nan  -4.015610e+00  -4.027483e+00   7.515084e-06   2.340491e+07   2.040286e-01  -2.041713e+00  -2.058271e+00   6.763576e-05   1.857733e+02   3.225310e-01
    29  -3.579933e+00  -3.598134e+00   8.621744e-05   9.919883e+06   2.034963e-01            nan  -3.991335e+00  -4.003303e+00   8.766923e-06   2.291280e+07   2.040088e-01  -2.007977e+00  -2.024517e+00   7.890231e-05   1.718024e+02   3.206856e-01
    30  -3.542733e+00  -3.560935e+00   1.016115e-04   8.643892e+06   2.034110e-01            nan  -3.966840e+00  -3.978915e+00   1.022697e-05   2.237740e+07   2.039871e-01  -1.974280e+00  -1.990802e+00   9.204273e-05   1.589318e+02   3.187963e-01
    31  -3.505533e+00  -3.523735e+00   1.187446e-04   7.445729e+06   2.033226e-01            nan  -3.942097e+00  -3.954292e+00   1.192976e-05   2.179613e+07   2.039632e-01  -1.940628e+00  -1.957128e+00   1.073678e-04   1.470831e+02   3.168312e-01
    32  -3.468334e+00  -3.486535e+00   1.375897e-04   6.341776e+06   2.032315e-01            nan  -3.917077e+00  -3.929407e+00   1.391553e-05   2.116651e+07   2.039370e-01  -1.907024e+00  -1.923501e+00   1.252398e-04   1.361664e+02   3.147913e-01
    33  -3.431134e+00  -3.449336e+00   1.580938e-04   5.343953e+06   2.031379e-01            nan  -3.891745e+00  -3.904227e+00   1.623115e-05   2.048633e+07   2.039082e-01  -1.873472e+00  -1.889924e+00   1.460803e-04   1.261108e+02   3.126529e-01
    34  -3.393935e+00  -3.412136e+00   1.801980e-04   4.459059e+06   2.030422e-01            nan  -3.866062e+00  -3.878714e+00   1.893121e-05   1.975368e+07   2.038766e-01  -1.839973e+00  -1.856400e+00   1.703808e-04   1.168338e+02   3.104299e-01
    35  -3.356735e+00  -3.374937e+00   2.038628e-04   3.688584e+06   2.029443e-01            nan  -3.839982e+00  -3.852826e+00   2.207926e-05   1.896715e+07   2.038421e-01  -1.806528e+00  -1.822929e+00   1.987134e-04   1.082733e+02   3.081080e-01
    36  -3.319536e+00  -3.337737e+00   2.290960e-04   3.029041e+06   2.028442e-01            nan  -3.813454e+00  -3.826516e+00   2.574932e-05   1.812593e+07   2.038042e-01  -1.773133e+00  -1.789510e+00   2.317439e-04   1.003558e+02   3.057154e-01
    37  -3.282336e+00  -3.300538e+00   2.559723e-04   2.472731e+06   2.027422e-01            nan  -3.786419e+00  -3.799726e+00   3.002750e-05   1.723004e+07   2.037628e-01  -1.739783e+00  -1.756138e+00   2.702475e-04   9.302783e+01   3.032483e-01
    38  -3.245137e+00  -3.263338e+00   2.835181e-04   2.006058e+06   2.026361e-01            nan  -3.758807e+00  -3.772393e+00   3.501400e-05   1.628049e+07   2.037174e-01  -1.706471e+00  -1.722808e+00   3.151260e-04   8.622726e+01   3.007443e-01
    39  -3.207937e+00  -3.226139e+00   3.126072e-04   1.620163e+06   2.025221e-01            nan  -3.730540e+00  -3.744443e+00   4.082538e-05   1.527953e+07   2.036678e-01  -1.673187e+00  -1.689510e+00   3.674284e-04   7.990989e+01   2.982089e-01
    40  -3.170737e+00  -3.188939e+00   3.433357e-04   1.305717e+06   2.024041e-01            nan  -3.701525e+00  -3.715790e+00   4.759714e-05   1.423092e+07   2.036136e-01  -1.639918e+00  -1.656234e+00   4.283742e-04   7.402712e+01   2.956783e-01
    41  -3.133538e+00  -3.151740e+00   3.743903e-04   1.049357e+06   2.022707e-01            nan  -3.671654e+00  -3.686333e+00   5.548679e-05   1.314010e+07   2.035542e-01  -1.606651e+00  -1.622966e+00   4.993811e-04   6.854422e+01   2.931608e-01
    42  -3.096338e+00  -3.114540e+00   4.075439e-04   8.429626e+05   2.021192e-01            nan  -3.640802e+00  -3.655954e+00   6.467734e-05   1.201451e+07   2.034893e-01  -1.573372e+00  -1.589693e+00   5.820960e-04   6.342721e+01   2.906762e-01
    43  -3.059139e+00  -3.077340e+00   4.411507e-04   6.769062e+05   2.019536e-01            nan  -3.608821e+00  -3.624517e+00   7.538125e-05   1.086373e+07   2.034181e-01  -1.540068e+00  -1.556401e+00   6.784313e-04   5.865007e+01   2.882276e-01
    44  -3.021939e+00  -3.040141e+00   4.768117e-04   5.443516e+05   2.017383e-01   4.922214e-01  -3.575535e+00  -3.591859e+00   8.784517e-05   9.699630e+06   2.033400e-01  -1.506727e+00  -1.523077e+00   7.906065e-04   5.419182e+01   2.858043e-01
    45  -2.984740e+00  -3.002941e+00   5.132890e-04   4.380163e+05   2.014906e-01   4.906509e-01  -3.540738e+00  -3.557788e+00   1.023551e-04   8.536405e+06   2.032541e-01  -1.473340e+00  -1.489712e+00   9.211963e-04   5.003259e+01   2.834012e-01
    46  -2.947540e+00  -2.965742e+00   5.520323e-04   3.536932e+05   2.011436e-01   4.889116e-01  -3.504186e+00  -3.522077e+00   1.192428e-04   7.390408e+06   2.031594e-01  -1.439902e+00  -1.456299e+00   1.073185e-03   4.615985e+01   2.809744e-01
    47  -2.910341e+00  -2.928542e+00   5.918603e-04   2.860059e+05   2.007661e-01   4.868487e-01  -3.465588e+00  -3.484458e+00   1.388921e-04   6.279788e+06   2.030544e-01  -1.406413e+00  -1.422835e+00   1.250029e-03   4.255707e+01   2.785120e-01
    48  -2.873141e+00  -2.891343e+00   6.344357e-04   2.323090e+05   2.002583e-01   4.847858e-01  -3.424603e+00  -3.444612e+00   1.617478e-04   5.223828e+06   2.029373e-01  -1.372874e+00  -1.389320e+00   1.455730e-03   3.921294e+01   2.759628e-01
    49  -2.835942e+00  -2.854143e+00   6.785206e-04   1.892124e+05   1.996774e-01   4.825086e-01  -3.380830e+00  -3.402165e+00   1.883238e-04   4.241948e+06   2.028056e-01  -1.339290e+00  -1.355758e+00   1.694914e-03   3.611281e+01   2.733024e-01
    50  -2.798742e+00  -2.816944e+00   7.256877e-04   1.546809e+05   1.989721e-01   4.802003e-01  -3.333807e+00  -3.356683e+00   2.192140e-04   3.352346e+06   2.026558e-01  -1.305668e+00  -1.322154e+00   1.972926e-03   3.324217e+01   2.705060e-01
    51  -2.761542e+00  -2.779744e+00   7.754735e-04   1.270623e+05   1.981014e-01   4.780175e-01  -3.283018e+00  -3.307671e+00   2.551039e-04   2.570348e+06   2.024824e-01  -1.272016e+00  -1.288516e+00   2.295935e-03   3.058625e+01   2.675490e-01
    52  -2.724343e+00  -2.742544e+00   8.285871e-04   1.045562e+05   1.971711e-01   4.756230e-01  -3.227909e+00  -3.254590e+00   2.967831e-04   1.906599e+06   2.022766e-01  -1.238337e+00  -1.254850e+00   2.671048e-03   2.812815e+01   2.644440e-01
    53  -2.687143e+00  -2.705345e+00   8.855222e-04   8.662736e+04   1.959437e-01   4.739222e-01  -3.167950e+00  -3.196896e+00   3.451610e-04   1.365409e+06   2.020233e-01  -1.204636e+00  -1.221160e+00   3.106449e-03   2.585310e+01   2.611810e-01
    54  -2.649944e+00  -2.668145e+00   9.465105e-04   7.178066e+04   1.947390e-01   4.718350e-01  -3.102722e+00  -3.134113e+00   4.012824e-04   9.436757e+05   2.016959e-01  -1.170914e+00  -1.187448e+00   3.611542e-03   2.374554e+01   2.577785e-01
    55  -2.612744e+00  -2.630946e+00   1.012227e-03   5.990072e+04   1.931622e-01   4.709063e-01  -3.032078e+00  -3.065965e+00   4.663463e-04   6.308751e+05   2.012461e-01  -1.137167e+00  -1.153713e+00   4.197117e-03   2.179075e+01   2.542589e-01
    56  -2.575545e+00  -2.593746e+00   1.083387e-03   5.000852e+04   1.915976e-01   4.698325e-01  -2.956320e+00  -2.992549e+00   5.417261e-04   4.104572e+05   2.005900e-01  -1.103390e+00  -1.119950e+00   4.875535e-03   1.997608e+01   2.506313e-01
    57  -2.538345e+00  -2.556547e+00   1.160044e-03   4.192468e+04   1.897934e-01   4.697126e-01  -2.876353e+00  -2.914499e+00   6.289911e-04   2.625506e+05   1.995941e-01  -1.069572e+00  -1.086152e+00   5.660920e-03   1.828832e+01   2.469430e-01
    58  -2.501146e+00  -2.519347e+00   1.243977e-03   3.519827e+04   1.879392e-01   4.699477e-01  -2.793649e+00  -2.833035e+00   7.299314e-04   1.672757e+05   1.980760e-01  -1.035700e+00  -1.052306e+00   6.569382e-03   1.671731e+01   2.432097e-01
    59  -2.463946e+00  -2.482148e+00   1.334323e-03   2.961139e+04   1.859835e-01   4.708850e-01  -2.709985e+00  -2.749805e+00   8.465830e-04   1.075386e+05   1.958458e-01  -1.001759e+00  -1.018398e+00   7.619247e-03   1.525420e+01   2.394465e-01
    60  -2.426746e+00  -2.444948e+00   1.433889e-03   2.494464e+04   1.839839e-01   4.724122e-01  -2.627028e+00  -2.666529e+00   9.812558e-04   7.043735e+04   1.927887e-01  -9.677307e-01  -9.844117e-01   8.831303e-03   1.389001e+01   2.356981e-01
    61  -2.389547e+00  -2.407749e+00   1.541161e-03   2.102698e+04   1.820011e-01   4.744105e-01  -2.545980e+00  -2.584616e+00   1.136562e-03   4.721567e+04   1.889478e-01  -9.335974e-01  -9.503288e-01   1.022906e-02   1.261892e+01   2.319660e-01
    62  -2.352347e+00  -2.370549e+00   1.659454e-03   1.773486e+04   1.800425e-01   4.768998e-01  -2.467456e+00  -2.504946e+00   1.315444e-03   3.237354e+04   1.845432e-01  -8.993424e-01  -9.161322e-01   1.183900e-02   1.143584e+01   2.282499e-01
    63  -2.315148e+00  -2.333349e+00   1.787196e-03   1.495411e+04   1.782010e-01   4.795787e-01  -2.391552e+00  -2.427848e+00   1.521208e-03   2.261729e+04   1.799164e-01  -8.649489e-01  -8.818053e-01   1.369088e-02   1.033561e+01   2.245745e-01
    64  -2.277948e+00  -2.296150e+00   1.927550e-03   1.260683e+04   1.764681e-01   4.824334e-01  -2.318020e+00  -2.353232e+00   1.757548e-03   1.601564e+04   1.754373e-01  -8.304038e-01  -8.473330e-01   1.581793e-02   9.314852e+00   2.209261e-01
    65  -2.240749e+00  -2.258950e+00   2.079470e-03   1.061839e+04   1.749417e-01   4.851044e-01  -2.246438e+00  -2.280756e+00   2.028572e-03   1.143565e+04   1.714206e-01  -7.956978e-01  -8.127043e-01   1.825715e-02   8.370356e+00   2.172885e-01
    66  -2.203549e+00  -2.221751e+00   2.245530e-03   8.938603e+03   1.735747e-01   4.876363e-01  -2.176355e+00  -2.209984e+00   2.338830e-03   8.200659e+03   1.680688e-01  -7.608248e-01  -7.779114e-01   2.104947e-02   7.498833e+00   2.136600e-01
    67  -2.166350e+00  -2.184551e+00   2.425535e-03   7.515437e+03   1.724832e-01   4.894910e-01  -2.107394e+00  -2.140507e+00   2.693323e-03   5.892738e+03   1.654399e-01  -7.257824e-01  -7.429502e-01   2.423991e-02   6.697176e+00   2.100310e-01
    68  -2.129150e+00  -2.147352e+00   2.621437e-03   6.316303e+03   1.715450e-01   4.910594e-01  -2.039321e+00  -2.072025e+00   3.097518e-03   4.241050e+03   1.634459e-01  -6.905727e-01  -7.078208e-01   2.787766e-02   5.962360e+00   2.063826e-01
    69  -2.091951e+00  -2.110152e+00   2.833914e-03   5.302902e+03   1.709065e-01   4.916284e-01  -1.972055e+00  -2.004387e+00   3.557342e-03   3.060200e+03   1.618912e-01  -6.552018e-01  -6.725272e-01   3.201608e-02   5.291202e+00   2.026975e-01
    70  -2.054751e+00  -2.072953e+00   3.064613e-03   4.452204e+03   1.703738e-01   4.919467e-01  -1.905650e+00  -1.937585e+00   4.079169e-03   2.217505e+03   1.605432e-01  -6.196788e-01  -6.370772e-01   3.671252e-02   4.680319e+00   1.989751e-01
    71  -2.017551e+00  -2.035753e+00   3.314951e-03   3.736511e+03   1.700991e-01   4.912482e-01  -1.840227e+00  -1.871708e+00   4.669785e-03   1.616171e+03   1.591964e-01  -5.840155e-01  -6.014812e-01   4.202806e-02   4.126238e+00   1.952097e-01
    72  -1.980352e+00  -1.998553e+00   3.586650e-03   3.137127e+03   1.698941e-01   4.903120e-01  -1.775923e+00  -1.806886e+00   5.336336e-03   1.185879e+03   1.577026e-01  -5.482264e-01  -5.657524e-01   4.802703e-02   3.625492e+00   1.913924e-01
    73  -1.943152e+00  -1.961354e+00   3.881853e-03   2.635303e+03   1.698165e-01   4.887903e-01  -1.712843e+00  -1.743239e+00   6.086254e-03   8.762432e+02   1.559778e-01  -5.123284e-01  -5.299066e-01   5.477629e-02   3.174610e+00   1.875152e-01
    74  -1.905953e+00  -1.924154e+00   4.202481e-03   2.215385e+03   1.697820e-01   4.870466e-01  -1.651036e+00  -1.680841e+00   6.927149e-03   6.516433e+02   1.540053e-01  -4.763409e-01  -4.939620e-01   6.234434e-02   2.770145e+00   1.835763e-01
    75  -1.868753e+00  -1.886955e+00   4.551699e-03   1.864193e+03   1.697841e-01   4.850147e-01  -1.590481e+00  -1.619704e+00   7.866679e-03   4.871503e+02   1.518352e-01  -4.402847e-01  -4.579387e-01   7.080011e-02   2.408656e+00   1.795798e-01
    76  -1.831554e+00  -1.849755e+00   4.931697e-03   1.570392e+03   1.697750e-01   4.829580e-01  -1.531094e+00  -1.559773e+00   8.912390e-03   3.654491e+02   1.495740e-01  -4.041834e-01  -4.218591e-01   8.021151e-02   2.086857e+00   1.755191e-01
    77  -1.794354e+00  -1.812556e+00   5.346283e-03   1.324178e+03   1.697744e-01   4.807747e-01  -1.472739e+00  -1.500937e+00   1.007152e-02   2.745708e+02   1.473581e-01  -3.680628e-01  -3.857477e-01   9.064369e-02   1.801553e+00   1.713883e-01
    78  -1.757155e+00  -1.775356e+00   5.798708e-03   1.117976e+03   1.696951e-01   4.789423e-01  -1.415260e+00  -1.443050e+00   1.135078e-02   2.062447e+02   1.453153e-01  -3.319513e-01  -3.496318e-01   1.021570e-01   1.549660e+00   1.671813e-01
    79  -1.719955e+00  -1.738157e+00   6.292816e-03   9.446554e+02   1.696245e-01   4.771003e-01  -1.358515e+00  -1.385961e+00   1.275612e-02   1.547111e+02   1.435213e-01  -2.958794e-01  -3.135409e-01   1.148050e-01   1.328192e+00   1.629033e-01
    80  -1.682755e+00  -1.700957e+00   6.833579e-03   7.989523e+02   1.694679e-01   4.758114e-01  -1.302416e+00  -1.329560e+00   1.429243e-02   1.158756e+02   1.419640e-01  -2.598799e-01  -2.775067e-01   1.286319e-01   1.134306e+00   1.585524e-01
    81  -1.645556e+00  -1.663758e+00   7.424716e-03   6.760839e+02   1.693101e-01   4.747745e-01  -1.246954e+00  -1.273800e+00   1.596333e-02   8.672446e+01   1.405359e-01  -2.239876e-01  -2.415630e-01   1.436700e-01   9.653093e-01   1.541252e-01
    82  -1.608356e+00  -1.626558e+00   8.072274e-03   5.724170e+02   1.691447e-01   4.741114e-01  -1.192197e+00  -1.218713e+00   1.777087e-02   6.494916e+01   1.390729e-01  -1.882398e-01  -2.057460e-01   1.599378e-01   8.186573e-01   1.496197e-01
    83  -1.571157e+00  -1.589358e+00   8.780791e-03   4.845429e+02   1.689932e-01   4.738726e-01  -1.138259e+00  -1.164391e+00   1.971527e-02   4.873570e+01   1.374223e-01  -1.526749e-01  -1.700934e-01   1.774374e-01   6.919449e-01   1.450440e-01
    84  -1.533957e+00  -1.552159e+00   9.556653e-03   4.102361e+02   1.689067e-01   4.737928e-01  -1.085249e+00  -1.110946e+00   2.179475e-02   3.666269e+01   1.355020e-01  -1.173324e-01  -1.346442e-01   1.961527e-01   5.829319e-01   1.404035e-01
    85  -1.496758e+00  -1.514959e+00   1.040475e-02   3.470813e+02   1.689134e-01   4.738029e-01  -1.033239e+00  -1.058466e+00   2.400535e-02   2.764407e+01   1.333113e-01  -8.225294e-02  -9.943858e-02   2.160481e-01   4.895526e-01   1.357017e-01
    86  -1.459558e+00  -1.477760e+00   1.133256e-02   2.934597e+02   1.690640e-01   4.735726e-01  -9.822418e-01  -1.006992e+00   2.634082e-02   2.087332e+01   1.309030e-01  -4.747737e-02  -6.451717e-02   2.370673e-01   4.099005e-01   1.309473e-01
    87  -1.422359e+00  -1.440560e+00   1.234686e-02   2.481041e+02   1.693358e-01   4.730305e-01  -9.322189e-01  -9.565105e-01   2.879262e-02   1.576279e+01   1.283588e-01  -1.304521e-02  -2.992015e-02   2.591336e-01   3.422225e-01   1.261582e-01
    88  -1.385159e+00  -1.403361e+00   1.345253e-02   2.094600e+02   1.698258e-01   4.716521e-01  -8.830866e-01  -9.069583e-01   3.134998e-02   1.188736e+01   1.257651e-01   2.100444e-02   4.313223e-03   2.821498e-01   2.849490e-01   1.213436e-01
    89  -1.347960e+00  -1.366161e+00   1.466165e-02   1.768291e+02   1.704496e-01   4.695455e-01  -8.347319e-01  -8.582366e-01   3.400006e-02   8.939547e+00   1.232032e-01   5.463433e-02   3.814482e-02   3.060005e-01   2.366605e-01   1.165196e-01
    90  -1.310760e+00  -1.328962e+00   1.598079e-02   1.493202e+02   1.711805e-01   4.666492e-01  -7.870256e-01  -8.102241e-01   3.672816e-02   6.694877e+00   1.207345e-01   8.781024e-02   7.153900e-02   3.305535e-01   1.960868e-01   1.117071e-01
    91  -1.273560e+00  -1.291762e+00   1.741871e-02   1.260427e+02   1.720221e-01   4.628478e-01  -7.398363e-01  -7.627904e-01   3.951809e-02   4.987758e+00   1.183978e-01   1.205000e-01   1.044626e-01   3.556628e-01   1.621137e-01   1.069194e-01
    92  -1.236361e+00  -1.254562e+00   1.899286e-02   1.065032e+02   1.728525e-01   4.585714e-01  -6.930407e-01  -7.158086e-01   4.235249e-02   3.693740e+00   1.162060e-01   1.526763e-01   1.368861e-01   3.811724e-01   1.337501e-01   1.021815e-01
    93  -1.199161e+00  -1.217363e+00   2.071344e-02   9.009384e+01   1.736396e-01   4.537532e-01  -6.465288e-01  -6.691624e-01   4.521329e-02   2.717660e+00   1.141499e-01   1.843146e-01   1.687835e-01   4.069196e-01   1.101414e-01   9.750831e-02
    94  -1.161962e+00  -1.180163e+00   2.259431e-02   7.628290e+01   1.742964e-01   4.491159e-01  -6.002080e-01  -6.227511e-01   4.808216e-02   1.985973e+00   1.122076e-01   2.153954e-01   2.001330e-01   4.327394e-01   9.054128e-02   9.292052e-02
    95  -1.124762e+00  -1.142964e+00   2.465964e-02   6.467527e+01   1.748127e-01   4.446105e-01  -5.540001e-01  -5.764898e-01   5.094094e-02   1.441184e+00   1.103486e-01   2.459032e-01   2.309171e-01   4.584685e-01   7.430975e-02   8.843439e-02
    96  -1.087563e+00  -1.105764e+00   2.692812e-02   5.490425e+01   1.751799e-01   4.402983e-01  -5.078344e-01  -5.303041e-01   5.377208e-02   1.038340e+00   1.085422e-01   2.758270e-01   2.611228e-01   4.839488e-01   6.089813e-02   8.406580e-02
    97  -1.050363e+00  -1.068565e+00   2.941327e-02   4.664199e+01   1.753681e-01   4.367171e-01  -4.616413e-01  -4.841240e-01   5.655903e-02   7.425182e-01   1.067661e-01   3.051602e-01   2.907412e-01   5.090312e-01   4.983928e-02   7.982892e-02
    98  -1.013164e+00  -1.031365e+00   3.214791e-02   3.964113e+01   1.754136e-01   4.336779e-01  -4.153448e-01  -4.378764e-01   5.928652e-02   5.267814e-01   1.050085e-01   3.339002e-01   3.197679e-01   5.335787e-01   4.073803e-02   7.573470e-02
    99  -9.759640e-01  -9.941656e-01   3.515810e-02   3.370440e+01   1.753447e-01   4.310849e-01  -3.688514e-01  -3.914762e-01   6.194091e-02   3.704995e-01   1.032688e-01   3.620488e-01   3.482025e-01   5.574682e-01   3.326042e-02   7.179342e-02
   100  -9.387645e-01  -9.569661e-01   3.846330e-02   2.865976e+01   1.751743e-01   4.289799e-01  -3.220435e-01  -3.448171e-01   6.451030e-02   2.580756e-01   1.015548e-01   3.896109e-01   3.760485e-01   5.805927e-01   2.712686e-02   6.801112e-02
   101  -9.015649e-01  -9.197665e-01   4.208981e-02   2.434290e+01   1.749525e-01   4.273730e-01  -2.747837e-01  -2.977710e-01   6.698469e-02   1.778579e-01   9.987941e-02   4.165953e-01   4.033126e-01   6.028622e-01   2.210260e-02   6.439379e-02
   102  -8.643654e-01  -8.825670e-01   4.607488e-02   2.066562e+01   1.746919e-01   4.259233e-01  -2.269082e-01  -2.501865e-01   6.935597e-02   1.211200e-01   9.825567e-02   4.430132e-01   4.300051e-01   6.242038e-01   1.799274e-02   6.094294e-02
   103  -8.271658e-01  -8.453674e-01   5.044981e-02   1.753138e+01   1.743872e-01   4.244957e-01  -1.782236e-01  -2.018841e-01   7.161799e-02   8.138447e-02   9.670005e-02   4.688791e-01   4.561387e-01   6.445619e-01   1.463451e-02   5.766079e-02
   104  -7.899663e-01  -8.081679e-01   5.524308e-02   1.486121e+01   1.740330e-01   4.229142e-01  -1.285212e-01  -1.526618e-01   7.376638e-02   5.388972e-02   9.522901e-02   4.942091e-01   4.817288e-01   6.638974e-01   1.189373e-02   5.454499e-02
   105  -7.527667e-01  -7.709683e-01   6.047697e-02   1.257975e+01   1.736668e-01   4.209527e-01  -7.757900e-02  -1.023036e-01   7.579851e-02   3.512123e-02   9.385603e-02   5.190220e-01   5.067928e-01   6.821866e-01   9.658797e-03   5.159476e-02
   106  -7.155672e-01  -7.337688e-01   6.620702e-02   1.063996e+01   1.732343e-01   4.185025e-01  -2.518049e-02  -5.058998e-02   7.771330e-02   2.250908e-02   9.259005e-02   5.433374e-01   5.313498e-01   6.994197e-01   7.838221e-03   4.880515e-02
   107  -6.783676e-01  -6.965692e-01   7.247630e-02   8.994236e+00   1.726890e-01   4.154864e-01   2.882806e-02   2.662803e-03   7.951106e-02   1.419280e-02   9.140514e-02   5.671769e-01   5.554207e-01   7.155996e-01   6.356251e-03   4.617277e-02
   108  -6.411681e-01  -6.593697e-01   7.933138e-02   7.599300e+00   1.719964e-01   4.118489e-01   8.448125e-02   5.754551e-02   8.119333e-02   8.821716e-03   9.023475e-02   5.905627e-01   5.790272e-01   7.307399e-01   5.150936e-03   4.369148e-02
   109  -6.039685e-01  -6.221701e-01   8.680842e-02   6.417748e+00   1.711286e-01   4.075884e-01   1.415822e-01   1.139695e-01   8.276263e-02   5.431749e-03   8.891856e-02   6.135181e-01   6.021921e-01   7.448636e-01   4.171301e-03   4.135571e-02
   110  -5.667690e-01  -5.849706e-01   9.495350e-02   5.415215e+00   1.700805e-01   4.026861e-01   1.995791e-01   1.715481e-01   8.422234e-02   3.341995e-03   8.717501e-02   6.360669e-01   6.249388e-01   7.580011e-01   3.375643e-03   3.915905e-02
   111  -5.295694e-01  -5.477710e-01   1.038440e-01   4.567235e+00   1.687936e-01   3.972305e-01   2.575562e-01   2.295344e-01   8.557652e-02   2.077790e-03   8.466298e-02   6.582329e-01   6.472913e-01   7.701887e-01   2.729863e-03   3.709448e-02
   112  -4.923699e-01  -5.105715e-01   1.135417e-01   3.849934e+00   1.672495e-01   3.912236e-01   3.143889e-01   2.869016e-01   8.682971e-02   1.319774e-03   8.113456e-02   6.800406e-01   6.692736e-01   7.814674e-01   2.206041e-03   3.515569e-02
   113  -4.551703e-01  -4.733719e-01   1.241110e-01   3.242925e+00   1.654416e-01   3.846715e-01   3.690494e-01   3.425785e-01   8.798682e-02   8.624877e-04   7.661417e-02   7.015140e-01   6.909100e-01   7.918814e-01   1.781441e-03   3.333539e-02
   114  -4.179708e-01  -4.361724e-01   1.356063e-01   2.729043e+00   1.633661e-01   3.775485e-01   4.208620e-01   3.957279e-01   8.905301e-02   5.807634e-04   7.140581e-02   7.226773e-01   7.122245e-01   8.014771e-01   1.437486e-03   3.162688e-02
   115  -3.807712e-01  -3.989728e-01   1.480763e-01   2.293383e+00   1.610320e-01   3.697771e-01   4.695580e-01   4.458921e-01   9.003354e-02   4.018627e-04   6.592086e-02   7.435541e-01   7.332411e-01   8.103019e-01   1.159044e-03   3.002350e-02
   116  -3.435717e-01  -3.617733e-01   1.616165e-01   1.924462e+00   1.584276e-01   3.612171e-01   5.151766e-01   4.929660e-01   9.093373e-02   2.844973e-04   6.050827e-02   7.641679e-01   7.539833e-01   8.184036e-01   9.337968e-04   2.851846e-02
   117  -3.063721e-01  -3.245737e-01   1.762930e-01   1.612184e+00   1.555568e-01   3.517583e-01   5.579258e-01   5.370770e-01   9.175884e-02   2.051804e-04   5.538918e-02   7.845414e-01   7.744741e-01   8.258295e-01   7.517072e-04   2.710557e-02
   118  -2.691726e-01  -2.873742e-01   1.921692e-01   1.347931e+00   1.524272e-01   3.412810e-01   5.980827e-01   5.784682e-01   9.251402e-02   1.502007e-04   5.066889e-02   8.046968e-01   7.947360e-01   8.326262e-01   6.046164e-04   2.577868e-02
   119  -2.319730e-01  -2.501746e-01   2.092802e-01   1.124459e+00   1.490441e-01   3.296424e-01   6.359375e-01   6.174224e-01   9.320429e-02   1.112788e-04   4.638015e-02   8.246555e-01   8.147908e-01   8.388386e-01   4.858910e-04   2.453183e-02
   120  -1.947735e-01  -2.129751e-01   2.276736e-01   9.355068e-01   1.454227e-01   3.165321e-01   6.717664e-01   6.542213e-01   9.383445e-02   8.324150e-05   4.251606e-02   8.444381e-01   8.346594e-01   8.445100e-01   3.901364e-04   2.335953e-02
   121  -1.575739e-01  -1.757755e-01   2.474205e-01   7.761399e-01   1.415635e-01   3.018871e-01   7.058130e-01   6.891233e-01   9.440910e-02   6.276951e-05   3.904652e-02   8.640646e-01   8.543622e-01   8.496819e-01   3.129728e-04   2.225653e-02
   122  -1.203744e-01  -1.385760e-01   2.685547e-01   6.419296e-01   1.374799e-01   2.855849e-01   7.382940e-01   7.223571e-01   9.493262e-02   4.764414e-05   3.593552e-02   8.835537e-01   8.739184e-01   8.543935e-01   2.508452e-04   2.121778e-02
   123  -8.317481e-02  -1.013764e-01   2.910729e-01   5.291218e-01   1.331826e-01   2.674869e-01   7.693981e-01   7.541244e-01   9.540910e-02   3.636143e-05   3.314579e-02   9.029234e-01   8.933465e-01   8.586819e-01   2.008681e-04   2.023862e-02
   124  -4.597526e-02  -6.417686e-02   3.149373e-01   4.344736e-01   1.286878e-01   2.471905e-01   7.992883e-01   7.846003e-01   9.584241e-02   2.787785e-05   3.064039e-02   9.221907e-01   9.126639e-01   8.625817e-01   1.607014e-04   1.931476e-02
   125  -8.775708e-03  -2.697731e-02   3.401684e-01   3.552229e-01   1.239977e-01   2.248592e-01   8.281074e-01   8.139369e-01   9.623618e-02   2.145506e-05   2.838706e-02   9.413716e-01   9.318870e-01   8.661256e-01   1.284497e-04   1.844209e-02
   126   2.842384e-02   1.022224e-02   3.667441e-01   2.891489e-01   1.191424e-01   2.005446e-01   8.559794e-01   8.422670e-01   9.659376e-02   1.656477e-05   2.635574e-02   9.604811e-01   9.510314e-01   8.693438e-01   1.025778e-04   1.761684e-02
   127   6.562339e-02   4.742179e-02   3.945437e-01   2.342438e-01   1.141462e-01   1.742417e-01   8.830126e-01   8.697063e-01   9.691827e-02   1.282334e-05   2.452043e-02   9.795332e-01   9.701116e-01   8.722644e-01   8.184334e-05   1.683553e-02
   128   1.028229e-01   8.462134e-02   4.235510e-01   1.887992e-01   1.090324e-01   1.465134e-01   9.093031e-01   8.963568e-01   9.721261e-02   9.948726e-06   2.285837e-02   9.985408e-01   9.891410e-01   8.749135e-01   6.524194e-05   1.609501e-02
   129   1.400225e-01   1.218209e-01   4.536484e-01   1.513362e-01   1.038296e-01   1.174277e-01   9.349343e-01   9.223078e-01   9.747945e-02   7.732862e-06   2.134899e-02   1.017516e+00   1.008132e+00   8.773151e-01   5.196248e-05   1.539230e-02
   130   1.772220e-01   1.590204e-01   4.846571e-01   1.206015e-01   9.856548e-02   8.803291e-02   9.599808e-01   9.476381e-01   9.772124e-02   6.019594e-06   1.997505e-02   1.036470e+00   1.027097e+00   8.794912e-01   4.135029e-05   1.472473e-02
   131   2.144216e-01   1.962200e-01   5.164731e-01   9.551331e-02   9.327010e-02   5.935454e-02   9.845090e-01   9.724180e-01   9.794025e-02   4.691637e-06   1.872108e-02   1.055413e+00   1.046045e+00   8.814623e-01   3.287757e-05   1.408982e-02
   132   2.516211e-01   2.334195e-01   5.486683e-01   7.510936e-02   8.796623e-02   3.049018e-02   1.008577e+00   9.967097e-01   9.813854e-02   3.660344e-06   1.757346e-02   1.074355e+00   1.064987e+00   8.832469e-01   2.611922e-05   1.348536e-02
   133   2.888207e-01   2.706191e-01   5.811670e-01   5.860955e-02   8.266901e-02   4.925101e-03   1.032237e+00   1.020568e+00   9.831802e-02   2.858033e-06   1.652059e-02   1.093303e+00   1.083932e+00   8.848622e-01   2.073328e-05   1.290932e-02
   134   3.260202e-01   3.078186e-01   6.138075e-01   4.538879e-02   7.744394e-02  -1.851103e-02   1.055537e+00   1.044043e+00   9.848042e-02   2.232979e-06   1.555219e-02   1.112266e+00   1.102888e+00   8.863237e-01   1.644489e-05   1.235983e-02
   135   3.632198e-01   3.450182e-01   6.462944e-01   3.487139e-02   7.232501e-02  -4.023138e-02   1.078517e+00   1.067179e+00   9.862732e-02   1.745470e-06   1.465916e-02   1.131251e+00   1.121862e+00   8.876458e-01   1.303338e-05   1.183521e-02
   136   4.004193e-01   3.822177e-01   6.780429e-01   2.654045e-02   6.730877e-02  -5.696548e-02   1.101215e+00   1.090014e+00   9.876016e-02   1.364906e-06   1.383362e-02   1.150263e+00   1.140861e+00   8.888415e-01   1.032178e-05   1.133395e-02
   137   4.376189e-01   4.194173e-01   7.091747e-01   2.001064e-02   6.244690e-02  -7.130551e-02   1.123665e+00   1.112585e+00   9.888027e-02   1.067601e-06   1.306868e-02   1.169310e+00   1.159891e+00   8.899225e-01   8.168286e-06   1.085464e-02
   138   4.748184e-01   4.566168e-01   7.391814e-01   1.494937e-02   5.777604e-02  -8.324096e-02   1.145895e+00   1.134922e+00   9.898885e-02   8.352045e-07   1.235827e-02   1.188395e+00   1.178957e+00   8.908996e-01   6.459438e-06   1.039604e-02
   139   5.120180e-01   4.938164e-01   7.678447e-01   1.104050e-02   5.328871e-02  -9.295796e-02   1.167934e+00   1.157055e+00   9.908698e-02   6.534668e-07   1.169704e-02   1.207523e+00   1.198064e+00   8.917828e-01   5.104505e-06   9.956986e-03
   140   5.492175e-01   5.310159e-01   7.949664e-01   8.075116e-03   4.903403e-02  -9.950170e-02   1.189805e+00   1.179008e+00   9.917565e-02   5.112987e-07   1.108028e-02   1.226698e+00   1.217216e+00   8.925808e-01   4.031027e-06   9.536435e-03
   141   5.864171e-01   5.682155e-01   8.203268e-01   5.833898e-03   4.500528e-02  -1.045406e-01   1.211530e+00   1.200804e+00   9.925576e-02   4.000606e-07   1.050385e-02   1.245924e+00   1.236418e+00   8.933019e-01   3.181185e-06   9.133427e-03
   142   6.236166e-01   6.054150e-01   8.436979e-01   4.170129e-03   4.123104e-02  -1.079537e-01   1.233128e+00   1.222463e+00   9.932813e-02   3.130104e-07   9.964124e-03   1.265204e+00   1.255671e+00   8.939532e-01   2.508887e-06   8.747084e-03
   143   6.608162e-01   6.426146e-01   8.651576e-01   2.945097e-03   3.770871e-02  -1.100191e-01   1.254616e+00   1.244005e+00   9.939350e-02   2.448827e-07   9.457877e-03   1.284540e+00   1.274980e+00   8.945415e-01   1.977425e-06   8.376602e-03
   144   6.980157e-01   6.798141e-01   8.844526e-01   2.055529e-03   3.444403e-02  -1.107802e-01   1.276009e+00   1.265444e+00   9.945254e-02   1.915630e-07   8.982257e-03   1.303934e+00   1.294346e+00   8.950729e-01   1.557592e-06   8.021238e-03
   145   7.352153e-01   7.170137e-01   9.016483e-01   1.418467e-03   3.143546e-02  -1.103112e-01   1.297322e+00   1.286796e+00   9.950586e-02   1.498335e-07   8.534737e-03   1.323389e+00   1.313771e+00   8.955527e-01   1.226168e-06   7.680311e-03
   146   7.724148e-01   7.542132e-01   9.168542e-01   9.678601e-04   2.867624e-02  -1.087110e-01   1.318567e+00   1.308074e+00   9.955400e-02   1.171769e-07   8.113069e-03   1.342905e+00   1.333257e+00   8.959860e-01   9.647100e-07   7.353187e-03
   147   8.096144e-01   7.914128e-01   9.301359e-01   6.528334e-04   2.615692e-02  -1.058946e-01   1.339754e+00   1.329290e+00   9.959747e-02   9.162311e-08   7.715252e-03   1.362484e+00   1.352805e+00   8.963772e-01   7.585820e-07   7.039281e-03
   148   8.468139e-01   8.286123e-01   9.416104e-01   4.358529e-04   2.386550e-02  -1.021167e-01   1.360895e+00   1.350453e+00   9.963672e-02   7.162965e-08   7.339501e-03   1.382126e+00   1.372416e+00   8.967304e-01   5.961777e-07   6.738047e-03
   149   8.840135e-01   8.658119e-01   9.514245e-01   2.882404e-04   2.178678e-02  -9.745333e-02   1.381996e+00   1.371574e+00   9.967214e-02   5.598897e-08   6.984219e-03   1.401831e+00   1.392090e+00   8.970493e-01   4.683010e-07   6.448978e-03
   150   9.212130e-01   9.030114e-01   9.597199e-01   1.889790e-04   1.990377e-02  -9.203229e-02   1.403067e+00   1.392660e+00   9.970413e-02   4.375545e-08   6.647977e-03   1.421601e+00   1.411828e+00   8.973371e-01   3.676714e-07   6.171600e-03
   151   9.584126e-01   9.402110e-01   9.667010e-01   1.229612e-04   1.819927e-02  -8.602664e-02   1.424114e+00   1.413718e+00   9.973300e-02   3.418863e-08   6.329487e-03   1.441433e+00   1.431630e+00   8.975970e-01   2.885292e-07   5.905470e-03
   152   9.956121e-01   9.774105e-01   9.725365e-01   7.948557e-05   1.665590e-02  -7.964428e-02   1.445143e+00   1.434756e+00   9.975905e-02   2.670866e-08   6.027594e-03   1.461329e+00   1.451495e+00   8.978315e-01   2.263214e-07   5.650172e-03
   153   1.032812e+00   1.014610e+00   9.773928e-01   5.110208e-05   1.525710e-02  -7.308288e-02   1.466158e+00   1.455778e+00   9.978257e-02   2.086152e-08   5.741251e-03   1.481287e+00   1.471423e+00   8.980432e-01   1.774510e-07   5.405317e-03
   154   1.070011e+00   1.051810e+00   9.814103e-01   3.270967e-05   1.398749e-02  -6.653797e-02   1.487165e+00   1.476788e+00   9.980380e-02   1.629174e-08   5.469513e-03   1.501306e+00   1.491412e+00   8.982342e-01   1.390788e-07   5.170540e-03
   155   1.107211e+00   1.089009e+00   9.847261e-01   2.086538e-05   1.283314e-02  -6.012702e-02   1.508166e+00   1.497792e+00   9.982296e-02   1.272102e-08   5.211524e-03   1.521383e+00   1.511460e+00   8.984066e-01   1.089649e-07   4.945497e-03
   156   1.144410e+00   1.126209e+00   9.874548e-01   1.327521e-05   1.178176e-02  -5.406532e-02   1.529164e+00   1.518792e+00   9.984025e-02   9.931560e-09   4.966507e-03   1.541518e+00   1.531567e+00   8.985622e-01   8.534369e-08   4.729868e-03
   157   1.181610e+00   1.163408e+00   9.896946e-01   8.430799e-06   1.082244e-02  -4.835147e-02   1.550162e+00   1.539790e+00   9.985585e-02   7.752895e-09   4.733759e-03   1.561708e+00   1.551730e+00   8.987027e-01   6.682401e-08   4.523353e-03
   158   1.218809e+00   1.200608e+00   9.915326e-01   5.347855e-06   9.945721e-03  -4.304986e-02   1.571160e+00   1.560788e+00   9.986993e-02   6.051649e-09   4.512639e-03   1.581949e+00   1.571946e+00   8.988294e-01   5.231063e-08   4.325671e-03
   159   1.256009e+00   1.237807e+00   9.930399e-01   3.389935e-06   9.143417e-03  -3.825133e-02   1.592159e+00   1.581787e+00   9.988264e-02   4.723483e-09   4.302568e-03   1.602238e+00   1.592212e+00   8.989438e-01   4.094179e-08   4.136564e-03
   160   1.293209e+00   1.275007e+00   9.942746e-01   2.148364e-06   8.408273e-03  -3.388954e-02   1.613159e+00   1.602786e+00   9.989411e-02   3.686794e-09   4.103019e-03   1.622571e+00   1.612523e+00   8.990470e-01   3.203981e-08   3.955792e-03
   161   1.330408e+00   1.312206e+00   9.952868e-01   1.361713e-06   7.734023e-03  -2.995456e-02   1.634158e+00   1.623785e+00   9.990446e-02   2.877772e-09   3.913518e-03   1.642943e+00   1.632876e+00   8.991401e-01   2.507209e-08   3.783138e-03
   162   1.367608e+00   1.349406e+00   9.961173e-01   8.634638e-07   7.115112e-03  -2.643718e-02   1.655153e+00   1.644782e+00   9.991379e-02   2.246535e-09   3.733638e-03   1.663347e+00   1.653265e+00   8.992241e-01   1.962027e-08   3.618404e-03
   163   1.404807e+00   1.386606e+00   9.967991e-01   5.478680e-07   6.546681e-03  -2.332388e-02   1.676142e+00   1.665774e+00   9.992222e-02   1.754095e-09   3.562997e-03   1.683778e+00   1.673683e+00   8.993000e-01   1.535595e-08   3.461418e-03
   164   1.442007e+00   1.423805e+00   9.973589e-01   3.479048e-07   6.024397e-03  -2.055046e-02   1.697118e+00   1.686757e+00   9.992982e-02   1.369991e-09   3.401256e-03   1.704225e+00   1.694122e+00   8.993684e-01   1.202145e-08   3.312029e-03
   165   1.479206e+00   1.461005e+00   9.978169e-01   2.211333e-07   5.544431e-03  -1.808394e-02   1.718076e+00   1.707724e+00   9.993668e-02   1.070424e-09   3.248120e-03   1.724680e+00   1.714573e+00   8.994301e-01   9.414666e-09   3.170112e-03
   166   1.516406e+00   1.498204e+00   9.981936e-01   1.407025e-07   5.103375e-03  -1.588902e-02   1.739008e+00   1.728668e+00   9.994287e-02   8.368112e-10   3.103333e-03   1.745131e+00   1.735026e+00   8.994858e-01   7.377219e-09   3.035570e-03
   167   1.553605e+00   1.535404e+00   9.985045e-01   8.962686e-08   4.698204e-03  -1.395269e-02   1.759903e+00   1.749581e+00   9.994845e-02   6.546412e-10   2.966684e-03   1.765563e+00   1.755467e+00   8.995361e-01   5.785009e-09   2.908333e-03
   168   1.590805e+00   1.572603e+00   9.987611e-01   5.716062e-08   4.326201e-03  -1.222098e-02   1.780748e+00   1.770451e+00   9.995349e-02   5.125875e-10   2.838000e-03   1.785962e+00   1.775882e+00   8.995814e-01   4.540858e-09   2.788363e-03
   169   1.628004e+00   1.609803e+00   9.989732e-01   3.650330e-08   3.985039e-03  -1.064457e-02   1.801529e+00   1.791263e+00   9.995804e-02   4.018110e-10   2.717152e-03   1.806306e+00   1.796253e+00   8.996223e-01   3.568703e-09   2.675655e-03
   170   1.665204e+00   1.647002e+00   9.991488e-01   2.334348e-08   3.672630e-03  -9.181049e-03   1.822227e+00   1.812001e+00   9.996214e-02   3.154154e-10   2.604052e-03   1.826575e+00   1.816558e+00   8.996593e-01   2.809034e-09   2.570238e-03
   171   1.702404e+00   1.684202e+00   9.992938e-01   1.494992e-08   3.387188e-03  -7.810992e-03   1.842820e+00   1.832646e+00   9.996584e-02   2.480215e-10   2.498655e-03   1.846741e+00   1.836775e+00   8.996926e-01   2.215309e-09   2.472176e-03
   172   1.739603e+00   1.721402e+00   9.994138e-01   9.589939e-09   3.127230e-03  -6.499073e-03   1.863283e+00   1.853172e+00   9.996918e-02   1.954347e-10   2.400960e-03   1.866776e+00   1.856874e+00   8.997226e-01   1.751147e-09   2.381569e-03
   173   1.776803e+00   1.758601e+00   9.995136e-01   6.162879e-09   2.891573e-03  -5.168395e-03   1.883585e+00   1.873553e+00   9.997219e-02   1.543846e-10   2.311005e-03   1.886644e+00   1.876823e+00   8.997498e-01   1.388115e-09   2.298554e-03
   174   1.814002e+00   1.795801e+00   9.995969e-01   3.968921e-09   2.679441e-03  -3.730277e-03   1.903693e+00   1.893756e+00   9.997491e-02   1.223221e-10   2.228871e-03   1.906307e+00   1.896586e+00   8.997742e-01   1.104006e-09   2.223303e-03
   175   1.851202e+00   1.833000e+00   9.996665e-01   2.562736e-09   2.490846e-03  -1.949012e-03   1.923568e+00   1.913744e+00   9.997737e-02   9.726066e-11   2.154679e-03   1.925721e+00   1.916123e+00   8.997963e-01   8.814767e-10   2.156018e-03
   176   1.888401e+00   1.870200e+00   9.997248e-01   1.659916e-09   2.325769e-03   6.885021e-05   1.943165e+00   1.933477e+00   9.997958e-02   7.765118e-11   2.088618e-03   1.944840e+00   1.935386e+00   8.998162e-01   7.069897e-10   2.096931e-03
   177   1.925601e+00   1.907399e+00   9.997738e-01   1.079284e-09   2.185046e-03   2.595166e-03   1.962443e+00   1.952911e+00   9.998158e-02   6.227838e-11   2.031208e-03   1.963613e+00   1.954328e+00   8.998342e-01   5.699589e-10   2.046374e-03
   178   1.962800e+00   1.944599e+00   9.998150e-01   7.050945e-10   2.070574e-03   5.809079e-03   1.981371e+00   1.972010e+00   9.998338e-02   5.015198e-11   1.984913e-03   1.981995e+00   1.972901e+00   8.998504e-01   4.619273e-10   2.005596e-03
   179   2.000000e+00   1.981798e+00   9.998500e-01   4.620797e-10   1.991780e-03   8.182789e-03   2.000000e+00   1.990785e+00   9.998500e-02   4.038361e-11   1.959208e-03   2.000000e+00   1.991091e+00   8.998650e-01   3.752571e-10   1.981881e-03
