     i          log_r       log_rmid          m_tot        rho_tot         v2_tot            eta     lgr[heavy]    lgrm[heavy]       m[heavy]     rho[heavy]      v2[heavy]     lgr[light]    lgrm[light]       m[light]     rho[light]      v2[light]
     0  -4.570940e+00  -4.871970e+00   1.033273e-07   1.560765e+07   3.215806e-01            nan  -4.570940e+00  -4.871970e+00   9.998500e-08   1.548370e+07   3.184067e-01  -3.173487e+00  -3.474517e+00   8.998650e-07   8.948686e+03   6.203448e-01
     1  -4.534230e+00  -4.552197e+00   1.325263e-07   1.545026e+07   3.200534e-01            nan  -4.548464e+00  -4.559556e+00   1.166721e-07   1.538580e+07   3.184004e-01  -3.134940e+00  -3.153786e+00   1.050049e-06   4.895251e+03   5.998637e-01
     2  -4.497521e+00  -4.515488e+00   1.700386e-07   1.542733e+07   3.199332e-01            nan  -4.525993e+00  -4.537083e+00   1.361439e-07   1.537520e+07   3.183997e-01  -3.096793e+00  -3.115448e+00   1.225295e-06   4.429122e+03   5.960224e-01
     3  -4.460812e+00  -4.478779e+00   2.182310e-07   1.540118e+07   3.198217e-01            nan  -4.503525e+00  -4.514614e+00   1.588651e-07   1.536348e+07   3.183989e-01  -3.058865e+00  -3.077415e+00   1.429786e-06   3.997101e+03   5.917116e-01
     4  -4.424103e+00  -4.442070e+00   2.801370e-07   1.537161e+07   3.197181e-01            nan  -4.481057e+00  -4.492146e+00   1.853780e-07   1.535053e+07   3.183981e-01  -3.021025e+00  -3.039533e+00   1.668402e-06   3.598605e+03   5.869048e-01
     5  -4.387394e+00  -4.405361e+00   3.596497e-07   1.533778e+07   3.196218e-01            nan  -4.458589e+00  -4.469678e+00   2.163150e-07   1.533621e+07   3.183972e-01  -2.983181e+00  -3.001691e+00   1.946835e-06   3.232762e+03   5.815604e-01
     6  -4.350685e+00  -4.368651e+00   4.617510e-07   1.529862e+07   3.195322e-01            nan  -4.436117e+00  -4.447207e+00   2.524142e-07   1.532039e+07   3.183961e-01  -2.945274e+00  -2.963814e+00   2.271728e-06   2.898998e+03   5.757137e-01
     7  -4.313975e+00  -4.331942e+00   5.928171e-07   1.525373e+07   3.194488e-01            nan  -4.413641e+00  -4.424733e+00   2.945370e-07   1.530290e+07   3.183950e-01  -2.907272e+00  -2.925857e+00   2.650833e-06   2.596013e+03   5.693679e-01
     8  -4.277266e+00  -4.295233e+00   7.610151e-07   1.520139e+07   3.193710e-01            nan  -4.391158e+00  -4.402254e+00   3.436881e-07   1.528357e+07   3.183937e-01  -2.869158e+00  -2.887797e+00   3.093193e-06   2.322049e+03   5.624597e-01
     9  -4.240557e+00  -4.258524e+00   9.767259e-07   1.514061e+07   3.192984e-01            nan  -4.368666e+00  -4.379766e+00   4.010398e-07   1.526220e+07   3.183923e-01  -2.830937e+00  -2.849627e+00   3.609358e-06   2.075653e+03   5.551405e-01
    10  -4.203848e+00  -4.221815e+00   1.253239e-06   1.507052e+07   3.192304e-01            nan  -4.346165e+00  -4.357270e+00   4.679601e-07   1.523857e+07   3.183907e-01  -2.792622e+00  -2.811357e+00   4.211641e-06   1.854746e+03   5.473431e-01
    11  -4.167139e+00  -4.185106e+00   1.607451e-06   1.498779e+07   3.191665e-01            nan  -4.323652e+00  -4.334763e+00   5.460446e-07   1.521246e+07   3.183890e-01  -2.754234e+00  -2.773004e+00   4.914402e-06   1.657335e+03   5.391816e-01
    12  -4.130430e+00  -4.148396e+00   2.060685e-06   1.489215e+07   3.191063e-01            nan  -4.301125e+00  -4.312242e+00   6.371554e-07   1.518359e+07   3.183871e-01  -2.715800e+00  -2.734592e+00   5.734398e-06   1.481360e+03   5.306586e-01
    13  -4.093720e+00  -4.111687e+00   2.640197e-06   1.478093e+07   3.190493e-01            nan  -4.278582e+00  -4.289707e+00   7.434644e-07   1.515168e+07   3.183849e-01  -2.677349e+00  -2.696149e+00   6.691180e-06   1.324762e+03   5.218720e-01
    14  -4.057011e+00  -4.074978e+00   3.380064e-06   1.465068e+07   3.189950e-01            nan  -4.256020e+00  -4.267154e+00   8.675058e-07   1.511642e+07   3.183826e-01  -2.638911e+00  -2.657705e+00   7.807552e-06   1.185609e+03   5.128431e-01
    15  -4.020302e+00  -4.038269e+00   4.323301e-06   1.450081e+07   3.189430e-01            nan  -4.233438e+00  -4.244582e+00   1.012236e-06   1.507745e+07   3.183799e-01  -2.600511e+00  -2.619287e+00   9.110122e-06   1.061990e+03   5.036887e-01
    16  -3.983593e+00  -4.001560e+00   5.524092e-06   1.432530e+07   3.188926e-01            nan  -4.210833e+00  -4.221989e+00   1.181103e-06   1.503440e+07   3.183770e-01  -2.562178e+00  -2.580922e+00   1.062993e-05   9.522754e+02   4.943887e-01
    17  -3.946884e+00  -3.964851e+00   7.048500e-06   1.412327e+07   3.188433e-01            nan  -4.188202e+00  -4.199370e+00   1.378130e-06   1.498684e+07   3.183738e-01  -2.523930e+00  -2.542633e+00   1.240317e-05   8.547470e+02   4.851145e-01
    18  -3.910175e+00  -3.928142e+00   8.980824e-06   1.389075e+07   3.187945e-01            nan  -4.165541e+00  -4.176724e+00   1.608010e-06   1.493431e+07   3.183702e-01  -2.485789e+00  -2.504441e+00   1.447209e-05   7.681847e+02   4.757575e-01
    19  -3.873466e+00  -3.891432e+00   1.142145e-05   1.362209e+07   3.187456e-01            nan  -4.142848e+00  -4.154046e+00   1.876216e-06   1.487632e+07   3.183662e-01  -2.447764e+00  -2.466361e+00   1.688595e-05   6.910483e+02   4.665671e-01
    20  -3.836756e+00  -3.854723e+00   1.449583e-05   1.331824e+07   3.186960e-01            nan  -4.120118e+00  -4.131334e+00   2.189133e-06   1.481230e+07   3.183617e-01  -2.409872e+00  -2.428405e+00   1.970220e-05   6.224783e+02   4.573715e-01
    21  -3.800047e+00  -3.818014e+00   1.835326e-05   1.296781e+07   3.186444e-01            nan  -4.097348e+00  -4.108584e+00   2.554206e-06   1.474165e+07   3.183567e-01  -2.372112e+00  -2.390582e+00   2.298786e-05   5.612075e+02   4.484122e-01
    22  -3.763338e+00  -3.781305e+00   2.317179e-05   1.257724e+07   3.185905e-01            nan  -4.074532e+00  -4.085790e+00   2.980121e-06   1.466373e+07   3.183512e-01  -2.334492e+00  -2.352895e+00   2.682109e-05   5.065385e+02   4.395741e-01
    23  -3.726629e+00  -3.744596e+00   2.916389e-05   1.213324e+07   3.185326e-01            nan  -4.051666e+00  -4.062949e+00   3.477003e-06   1.457781e+07   3.183451e-01  -2.297010e+00  -2.315347e+00   3.129303e-05   4.576185e+02   4.309431e-01
    24  -3.689920e+00  -3.707887e+00   3.657004e-05   1.164589e+07   3.184703e-01            nan  -4.028744e+00  -4.040054e+00   4.056664e-06   1.448311e+07   3.183383e-01  -2.259665e+00  -2.277937e+00   3.650997e-05   4.137862e+02   4.225299e-01
    25  -3.653211e+00  -3.671177e+00   4.567008e-05   1.110135e+07   3.184011e-01            nan  -4.005759e+00  -4.017099e+00   4.732872e-06   1.437880e+07   3.183307e-01  -2.222457e+00  -2.240663e+00   4.259585e-05   3.745080e+02   4.142862e-01
    26  -3.616501e+00  -3.634468e+00   5.677885e-05   1.051538e+07   3.183247e-01            nan  -3.982705e+00  -3.994079e+00   5.521683e-06   1.426398e+07   3.183222e-01  -2.185377e+00  -2.203521e+00   4.969515e-05   3.391692e+02   4.063246e-01
    27  -3.579792e+00  -3.597759e+00   7.020884e-05   9.876672e+06   3.182374e-01            nan  -3.959573e+00  -3.970985e+00   6.441814e-06   1.413765e+07   3.183127e-01  -2.148426e+00  -2.166509e+00   5.797633e-05   3.074570e+02   3.984944e-01
    28  -3.543083e+00  -3.561050e+00   8.636263e-05   9.201580e+06   3.181385e-01            nan  -3.936355e+00  -3.947809e+00   7.515084e-06   1.399879e+07   3.183022e-01  -2.111591e+00  -2.129618e+00   6.763576e-05   2.788201e+02   3.909799e-01
    29  -3.506374e+00  -3.524341e+00   1.055487e-04   8.497630e+06   3.180253e-01            nan  -3.913040e+00  -3.924541e+00   8.766923e-06   1.384626e+07   3.182904e-01  -2.074870e+00  -2.092842e+00   7.890231e-05   2.530400e+02   3.836240e-01
    30  -3.469665e+00  -3.487632e+00   1.281268e-04   7.762623e+06   3.178918e-01            nan  -3.889619e+00  -3.901172e+00   1.022697e-05   1.367888e+07   3.182772e-01  -2.038251e+00  -2.056174e+00   9.204273e-05   2.297248e+02   3.765431e-01
    31  -3.432956e+00  -3.450922e+00   1.544793e-04   7.020897e+06   3.177369e-01            nan  -3.866078e+00  -3.877689e+00   1.192976e-05   1.349540e+07   3.182625e-01  -2.001728e+00  -2.019606e+00   1.073678e-04   2.086618e+02   3.696597e-01
    32  -3.396246e+00  -3.414213e+00   1.849051e-04   6.283789e+06   3.175560e-01            nan  -3.842403e+00  -3.854079e+00   1.391553e-05   1.329451e+07   3.182459e-01  -1.965294e+00  -1.983129e+00   1.252398e-04   1.895958e+02   3.630008e-01
    33  -3.359537e+00  -3.377504e+00   2.196342e-04   5.563069e+06   3.173433e-01            nan  -3.818580e+00  -3.830328e+00   1.623115e-05   1.307483e+07   3.182274e-01  -1.928939e+00  -1.946736e+00   1.460803e-04   1.723228e+02   3.565589e-01
    34  -3.322828e+00  -3.340795e+00   2.586591e-04   4.868318e+06   3.170903e-01            nan  -3.794591e+00  -3.806420e+00   1.893121e-05   1.283497e+07   3.182066e-01  -1.892659e+00  -1.910420e+00   1.703808e-04   1.566737e+02   3.503023e-01
    35  -3.286119e+00  -3.304086e+00   3.022106e-04   4.212001e+06   3.167886e-01            nan  -3.770415e+00  -3.782335e+00   2.207926e-05   1.257351e+07   3.181831e-01  -1.856444e+00  -1.874174e+00   1.987134e-04   1.424648e+02   3.442692e-01
    36  -3.249410e+00  -3.267377e+00   3.503099e-04   3.605818e+06   3.164312e-01            nan  -3.746032e+00  -3.758052e+00   2.574932e-05   1.228900e+07   3.181567e-01  -1.820292e+00  -1.837992e+00   2.317439e-04   1.295802e+02   3.383921e-01
    37  -3.212701e+00  -3.230667e+00   4.029352e-04   3.056030e+06   3.160089e-01            nan  -3.721415e+00  -3.733549e+00   3.002750e-05   1.198007e+07   3.181269e-01  -1.784191e+00  -1.801867e+00   2.702475e-04   1.178618e+02   3.327361e-01
    38  -3.175991e+00  -3.193958e+00   4.595500e-04   2.564676e+06   3.155060e-01            nan  -3.696537e+00  -3.708798e+00   3.501400e-05   1.164538e+07   3.180932e-01  -1.748142e+00  -1.765793e+00   3.151260e-04   1.072265e+02   3.272146e-01
    39  -3.139282e+00  -3.157249e+00   5.201057e-04   2.132152e+06   3.149007e-01   4.666451e-01  -3.671365e+00  -3.683768e+00   4.082538e-05   1.128371e+07   3.180549e-01  -1.712133e+00  -1.729765e+00   3.674284e-04   9.754207e+01   3.219054e-01
    40  -3.102573e+00  -3.120540e+00   5.846076e-04   1.759017e+06   3.141637e-01   4.642010e-01  -3.645863e+00  -3.658426e+00   4.759714e-05   1.089404e+07   3.180113e-01  -1.676166e+00  -1.693777e+00   4.283742e-04   8.874571e+01   3.167153e-01
    41  -3.065864e+00  -3.083831e+00   6.531520e-04   1.442083e+06   3.132976e-01   4.613835e-01  -3.619988e+00  -3.632733e+00   5.548679e-05   1.047554e+07   3.179616e-01  -1.640229e+00  -1.657826e+00   4.993811e-04   8.072911e+01   3.117247e-01
    42  -3.029155e+00  -3.047122e+00   7.255297e-04   1.176308e+06   3.123073e-01   4.582562e-01  -3.593695e+00  -3.606643e+00   6.467734e-05   1.002773e+07   3.179046e-01  -1.604325e+00  -1.621906e+00   5.820960e-04   7.344226e+01   3.068427e-01
    43  -2.992446e+00  -3.010413e+00   7.996800e-04   9.537548e+05   3.111026e-01   4.549899e-01  -3.566927e+00  -3.580105e+00   7.538125e-05   9.550530e+06   3.178391e-01  -1.568446e+00  -1.586015e+00   6.784313e-04   6.679808e+01   3.021440e-01
    44  -2.955737e+00  -2.973703e+00   8.781311e-04   7.708271e+05   3.097012e-01   4.515649e-01  -3.539622e+00  -3.553060e+00   8.784517e-05   9.044371e+06   3.177634e-01  -1.532591e+00  -1.550148e+00   7.906065e-04   6.075469e+01   2.975464e-01
    45  -2.919027e+00  -2.936994e+00   9.595793e-04   6.218065e+05   3.081833e-01   4.478037e-01  -3.511708e+00  -3.525441e+00   1.023551e-04   8.510315e+06   3.176755e-01  -1.496754e+00  -1.514303e+00   9.211963e-04   5.524320e+01   2.931131e-01
    46  -2.882318e+00  -2.900285e+00   1.043153e-03   5.001717e+05   3.062880e-01   4.442708e-01  -3.483100e+00  -3.497168e+00   1.192428e-04   7.950173e+06   3.175727e-01  -1.460938e+00  -1.478477e+00   1.073185e-03   5.022720e+01   2.887750e-01
    47  -2.845609e+00  -2.863576e+00   1.131703e-03   4.022691e+05   3.042694e-01   4.404605e-01  -3.453702e+00  -3.468152e+00   1.388921e-04   7.366634e+06   3.174520e-01  -1.425135e+00  -1.442668e+00   1.250029e-03   4.565292e+01   2.845792e-01
    48  -2.808900e+00  -2.826867e+00   1.220743e-03   3.233851e+05   3.019250e-01   4.368583e-01  -3.423400e+00  -3.438287e+00   1.617478e-04   6.763384e+06   3.173089e-01  -1.389349e+00  -1.406874e+00   1.455730e-03   4.148791e+01   2.804730e-01
    49  -2.772191e+00  -2.790158e+00   1.316064e-03   2.601467e+05   2.993769e-01   4.332183e-01  -3.392061e+00  -3.407448e+00   1.883238e-04   6.145210e+06   3.171380e-01  -1.353575e+00  -1.371094e+00   1.694914e-03   3.769077e+01   2.764834e-01
    50  -2.735482e+00  -2.753448e+00   1.411755e-03   2.094777e+05   2.965247e-01   4.298357e-01  -3.359530e+00  -3.375491e+00   2.192140e-04   5.518071e+06   3.169321e-01  -1.317815e+00  -1.335327e+00   1.972926e-03   3.423210e+01   2.725769e-01
    51  -2.698772e+00  -2.716739e+00   1.514119e-03   1.689096e+05   2.934757e-01   4.265047e-01  -3.325625e+00  -3.342247e+00   2.551039e-04   4.889117e+06   3.166815e-01  -1.282069e+00  -1.299574e+00   2.295935e-03   3.108044e+01   2.687569e-01
    52  -2.662063e+00  -2.680030e+00   1.618224e-03   1.364947e+05   2.900928e-01   4.236328e-01  -3.290130e+00  -3.307515e+00   2.967831e-04   4.266635e+06   3.163729e-01  -1.246336e+00  -1.263835e+00   2.671048e-03   2.820897e+01   2.650114e-01
    53  -2.625354e+00  -2.643321e+00   1.728662e-03   1.104315e+05   2.866208e-01   4.206829e-01  -3.252793e+00  -3.271060e+00   3.451610e-04   3.659876e+06   3.159885e-01  -1.210620e+00  -1.228111e+00   3.106449e-03   2.559413e+01   2.613170e-01
    54  -2.588645e+00  -2.606612e+00   1.843148e-03   8.967010e+04   2.827388e-01   4.185418e-01  -3.213315e+00  -3.232605e+00   4.012824e-04   3.078765e+06   3.155031e-01  -1.174920e+00  -1.192403e+00   3.611542e-03   2.321123e+01   2.576862e-01
    55  -2.551936e+00  -2.569903e+00   1.963469e-03   7.282163e+04   2.789310e-01   4.160370e-01  -3.171350e+00  -3.191826e+00   4.663463e-04   2.533434e+06   3.148818e-01  -1.139241e+00  -1.156714e+00   4.197117e-03   2.104266e+01   2.540703e-01
    56  -2.515227e+00  -2.533193e+00   2.090280e-03   5.944197e+04   2.746496e-01   4.147009e-01  -3.126495e+00  -3.148343e+00   5.417261e-04   2.033598e+06   3.140751e-01  -1.103585e+00  -1.121047e+00   4.875535e-03   1.906704e+01   2.504916e-01
    57  -2.478517e+00  -2.496484e+00   2.222976e-03   4.853098e+04   2.704525e-01   4.130666e-01  -3.078298e+00  -3.101728e+00   6.289911e-04   1.587769e+06   3.130133e-01  -1.067955e+00  -1.085405e+00   5.660920e-03   1.726925e+01   2.469065e-01
    58  -2.441808e+00  -2.459775e+00   2.364104e-03   3.975683e+04   2.660454e-01   4.121418e-01  -3.026262e+00  -3.051501e+00   7.299314e-04   1.202391e+06   3.115977e-01  -1.032357e+00  -1.049792e+00   6.569382e-03   1.563296e+01   2.433086e-01
    59  -2.405099e+00  -2.423066e+00   2.512208e-03   3.262481e+04   2.615972e-01   4.113468e-01  -2.969876e+00  -2.997154e+00   8.465830e-04   8.809952e+05   3.096914e-01  -9.967942e-01  -1.014212e+00   7.619247e-03   1.414341e+01   2.396892e-01
    60  -2.368390e+00  -2.386357e+00   2.669772e-03   2.681291e+04   2.571510e-01   4.108604e-01  -2.908673e+00  -2.938197e+00   9.812558e-04   6.235680e+05   3.071100e-01  -9.612717e-01  -9.786699e-01   8.831303e-03   1.278829e+01   2.360138e-01
    61  -2.331681e+00  -2.349648e+00   2.836929e-03   2.209923e+04   2.526081e-01   4.108352e-01  -2.842314e+00  -2.874228e+00   1.136562e-03   4.263454e+05   3.036212e-01  -9.257918e-01  -9.431695e-01   1.022906e-02   1.155422e+01   2.322985e-01
    62  -2.294972e+00  -2.312938e+00   3.014583e-03   1.821814e+04   2.481835e-01   4.108139e-01  -2.770717e+00  -2.805042e+00   1.315444e-03   2.822163e+05   2.989618e-01  -8.903577e-01  -9.077134e-01   1.183900e-02   1.043072e+01   2.285173e-01
    63  -2.258263e+00  -2.276229e+00   3.203870e-03   1.506698e+04   2.436933e-01   4.113443e-01  -2.694172e+00  -2.730760e+00   1.521208e-03   1.817710e+05   2.928890e-01  -8.549718e-01  -8.723044e-01   1.369088e-02   9.407614e+00   2.246590e-01
    64  -2.221553e+00  -2.239520e+00   3.405771e-03   1.246428e+04   2.393255e-01   4.118438e-01  -2.613413e+00  -2.651918e+00   1.757548e-03   1.147871e+05   2.852660e-01  -8.196319e-01  -8.369425e-01   1.581793e-02   8.474725e+00   2.207451e-01
    65  -2.184844e+00  -2.202811e+00   3.620899e-03   1.032815e+04   2.350294e-01   4.126503e-01  -2.529553e+00  -2.569462e+00   2.028572e-03   7.171809e+04   2.761513e-01  -7.843352e-01  -8.016251e-01   1.825715e-02   7.623896e+00   2.167660e-01
    66  -2.148135e+00  -2.166102e+00   3.851610e-03   8.566402e+03   2.308320e-01   4.134478e-01  -2.443888e+00  -2.484612e+00   2.338830e-03   4.472457e+04   2.658342e-01  -7.490763e-01  -7.663481e-01   2.104947e-02   6.847395e+00   2.127287e-01
    67  -2.111426e+00  -2.129393e+00   4.097574e-03   7.110754e+03   2.267629e-01   4.144919e-01  -2.357658e+00  -2.398636e+00   2.693323e-03   2.803191e+04   2.547753e-01  -7.138447e-01  -7.311033e-01   2.423991e-02   6.137790e+00   2.086665e-01
    68  -2.074717e+00  -2.092684e+00   4.361719e-03   5.908979e+03   2.228181e-01   4.155147e-01  -2.271862e+00  -2.312645e+00   3.097518e-03   1.773572e+04   2.434820e-01  -6.786280e-01  -6.958795e-01   2.787766e-02   5.489175e+00   2.045871e-01
    69  -2.038008e+00  -2.055974e+00   4.644133e-03   4.912496e+03   2.190098e-01   4.167301e-01  -2.187188e+00  -2.227464e+00   3.557342e-03   1.135082e+04   2.323919e-01  -6.434121e-01  -6.606632e-01   3.201608e-02   4.896320e+00   2.005015e-01
    70  -2.001298e+00  -2.019265e+00   4.947239e-03   4.087836e+03   2.153697e-01   4.178768e-01  -2.104043e+00  -2.143629e+00   4.079169e-03   7.351408e+03   2.218128e-01  -6.081801e-01  -6.254389e-01   3.671252e-02   4.354445e+00   1.964422e-01
    71  -1.964589e+00  -1.982556e+00   5.272322e-03   3.403017e+03   2.118567e-01   4.191884e-01  -2.022625e+00  -2.061429e+00   4.669785e-03   4.815729e+03   2.119200e-01  -5.729154e-01  -5.901899e-01   4.202806e-02   3.859769e+00   1.924170e-01
    72  -1.927880e+00  -1.945847e+00   5.621064e-03   2.834670e+03   2.085465e-01   4.203733e-01  -1.942996e+00  -1.980988e+00   5.336336e-03   3.187966e+03   2.027849e-01  -5.376036e-01  -5.549007e-01   4.802703e-02   3.409131e+00   1.884250e-01
    73  -1.891171e+00  -1.909138e+00   5.995944e-03   2.362412e+03   2.053643e-01   4.216699e-01  -1.865142e+00  -1.902326e+00   6.086254e-03   2.130608e+03   1.944104e-01  -5.022344e-01  -5.195590e-01   5.477629e-02   2.999803e+00   1.844587e-01
    74  -1.854462e+00  -1.872429e+00   6.398165e-03   1.969622e+03   2.023863e-01   4.228732e-01  -1.789017e+00  -1.825413e+00   6.927149e-03   1.436292e+03   1.867605e-01  -4.668016e-01  -4.841567e-01   6.234434e-02   2.629256e+00   1.805186e-01
    75  -1.817753e+00  -1.835719e+00   6.831139e-03   1.643036e+03   1.995483e-01   4.241082e-01  -1.714563e+00  -1.750196e+00   7.866679e-03   9.758889e+02   1.797815e-01  -4.313059e-01  -4.486912e-01   7.080011e-02   2.295278e+00   1.765832e-01
    76  -1.781043e+00  -1.799010e+00   7.296042e-03   1.371064e+03   1.969094e-01   4.252822e-01  -1.641726e+00  -1.676619e+00   8.912390e-03   6.678922e+02   1.734144e-01  -3.957553e-01  -4.131669e-01   8.021151e-02   1.995689e+00   1.726289e-01
    77  -1.744334e+00  -1.762301e+00   7.796884e-03   1.144760e+03   1.944196e-01   4.264313e-01  -1.570461e+00  -1.604633e+00   1.007152e-02   4.601973e+02   1.676019e-01  -3.601649e-01  -3.775956e-01   9.064369e-02   1.728280e+00   1.686333e-01
    78  -1.707625e+00  -1.725592e+00   8.335317e-03   9.561389e+02   1.921240e-01   4.275343e-01  -1.500733e+00  -1.534199e+00   1.135078e-02   3.191095e+02   1.622909e-01  -3.245560e-01  -3.419956e-01   1.021570e-01   1.490783e+00   1.645828e-01
    79  -1.670916e+00  -1.688883e+00   8.915660e-03   7.990803e+02   1.899814e-01   4.285862e-01  -1.432518e+00  -1.465288e+00   1.275612e-02   2.226138e+02   1.574338e-01  -2.889546e-01  -3.063906e-01   1.148050e-01   1.280889e+00   1.604685e-01
    80  -1.634207e+00  -1.652174e+00   9.540494e-03   6.680736e+02   1.880302e-01   4.295839e-01  -1.365800e+00  -1.397880e+00   1.429243e-02   1.561936e+02   1.529875e-01  -2.533916e-01  -2.708092e-01   1.286319e-01   1.096316e+00   1.562798e-01
    81  -1.597498e+00  -1.615464e+00   1.021431e-02   5.589276e+02   1.862301e-01   4.305322e-01  -1.300570e+00  -1.331962e+00   1.596333e-02   1.101975e+02   1.489125e-01  -2.179014e-01  -2.352841e-01   1.436700e-01   9.348076e-01   1.520096e-01
    82  -1.560788e+00  -1.578755e+00   1.094094e-02   4.678049e+02   1.846217e-01   4.313944e-01  -1.236822e+00  -1.267527e+00   1.777087e-02   7.816024e+01   1.451711e-01  -1.825218e-01  -1.998514e-01   1.599378e-01   7.941714e-01   1.476545e-01
    83  -1.524079e+00  -1.542046e+00   1.172516e-02   3.918575e+02   1.831571e-01   4.322308e-01  -1.174553e+00  -1.204572e+00   1.971527e-02   5.572099e+01   1.417262e-01  -1.472920e-01  -1.645497e-01   1.774374e-01   6.722833e-01   1.432238e-01
    84  -1.487370e+00  -1.505337e+00   1.257212e-02   3.283779e+02   1.818866e-01   4.329260e-01  -1.113762e+00  -1.143094e+00   2.179475e-02   3.991940e+01   1.385404e-01  -1.122534e-01  -1.294194e-01   1.961527e-01   5.671444e-01   1.387190e-01
    85  -1.450661e+00  -1.468628e+00   1.348741e-02   2.754584e+02   1.807466e-01   4.336341e-01  -1.054445e+00  -1.083091e+00   2.400535e-02   2.873370e+01   1.355748e-01  -7.744851e-02  -9.450237e-02   2.160481e-01   4.768740e-01   1.341441e-01
    86  -1.413952e+00  -1.431919e+00   1.447723e-02   2.311581e+02   1.798041e-01   4.341241e-01  -9.965963e-01  -1.024558e+00   2.634082e-02   2.077506e+01   1.327881e-01  -4.292017e-02  -5.984128e-02   2.370673e-01   3.997140e-01   1.295093e-01
    87  -1.377243e+00  -1.395210e+00   1.554902e-02   1.942121e+02   1.789791e-01   4.346437e-01  -9.402049e-01  -9.674860e-01   2.879262e-02   1.508401e+01   1.301377e-01  -8.710237e-03  -2.547844e-02   2.591336e-01   3.340377e-01   1.248308e-01
    88  -1.340534e+00  -1.358500e+00   1.670928e-02   1.632475e+02   1.783405e-01   4.349091e-01  -8.852522e-01  -9.118600e-01   3.134998e-02   1.099432e+01   1.275820e-01   2.513996e-02   8.544574e-03   2.821498e-01   2.783714e-01   1.201187e-01
    89  -1.303824e+00  -1.321791e+00   1.796907e-02   1.373846e+02   1.778171e-01   4.351420e-01  -8.317092e-01  -8.576561e-01   3.400006e-02   8.041000e+00   1.250799e-01   5.859103e-02   4.218748e-02   3.060005e-01   2.313732e-01   1.153899e-01
    90  -1.267115e+00  -1.285082e+00   1.933376e-02   1.157108e+02   1.774425e-01   4.351678e-01  -7.795340e-01  -8.048386e-01   3.672816e-02   5.897911e+00   1.225972e-01   9.160661e-02   7.541248e-02   3.305535e-01   1.918367e-01   1.106651e-01
    91  -1.230406e+00  -1.248373e+00   2.081915e-02   9.755918e+01   1.771850e-01   4.350378e-01  -7.286680e-01  -7.533568e-01   3.951809e-02   4.335315e+00   1.201070e-01   1.241526e-01   1.081844e-01   3.556628e-01   1.586972e-01   1.059584e-01
    92  -1.193697e+00  -1.211664e+00   2.243225e-02   8.235364e+01   1.770282e-01   4.347468e-01  -6.790334e-01  -7.031420e-01   4.235249e-02   3.190706e+00   1.175965e-01   1.561996e-01   1.404716e-01   3.811724e-01   1.310042e-01   1.012949e-01
    93  -1.156988e+00  -1.174955e+00   2.418971e-02   6.957516e+01   1.769836e-01   4.341714e-01  -6.305292e-01  -6.541045e-01   4.521329e-02   2.348590e+00   1.150648e-01   1.877216e-01   1.722465e-01   4.069196e-01   1.079346e-01   9.669040e-02
    94  -1.120279e+00  -1.138245e+00   2.610696e-02   5.886805e+01   1.769903e-01   4.334235e-01  -5.830322e-01  -6.061317e-01   4.808216e-02   1.726731e+00   1.125289e-01   2.186974e-01   2.034856e-01   4.327394e-01   8.876853e-02   9.216532e-02
    95  -1.083569e+00  -1.101536e+00   2.819551e-02   4.985057e+01   1.770729e-01   4.323463e-01  -5.363935e-01  -5.590871e-01   5.094094e-02   1.266139e+00   1.100166e-01   2.491100e-01   2.341699e-01   4.584685e-01   7.288601e-02   8.773711e-02
    96  -1.046860e+00  -1.064827e+00   3.048222e-02   4.227219e+01   1.771720e-01   4.309944e-01  -4.904393e-01  -5.128089e-01   5.377208e-02   9.243735e-01   1.075657e-01   2.789472e-01   2.642848e-01   4.839488e-01   5.975542e-02   8.342128e-02
    97  -1.010151e+00  -1.028118e+00   3.298055e-02   3.589680e+01   1.772644e-01   4.293338e-01  -4.449762e-01  -4.671131e-01   5.655903e-02   6.707998e-01   1.052183e-01   3.082012e-01   2.938204e-01   5.090312e-01   4.892244e-02   7.923315e-02
    98  -9.734419e-01  -9.914088e-01   3.571695e-02   3.050848e+01   1.773435e-01   4.273152e-01  -3.997914e-01  -4.217964e-01   5.928652e-02   4.829986e-01   1.030119e-01   3.368683e-01   3.227712e-01   5.335787e-01   4.000301e-02   7.518331e-02
    99  -9.367328e-01  -9.546996e-01   3.872377e-02   2.596776e+01   1.773490e-01   4.249765e-01  -3.546566e-01  -3.766379e-01   6.194091e-02   3.444706e-01   1.009742e-01   3.649495e-01   3.511359e-01   5.574682e-01   3.267144e-02   7.128305e-02
   100  -9.000236e-01  -9.179904e-01   4.201727e-02   2.212890e+01   1.772635e-01   4.222937e-01  -3.093375e-01  -3.314062e-01   6.451030e-02   2.429702e-01   9.911803e-02   3.924489e-01   3.789168e-01   5.805927e-01   2.665532e-02   6.753809e-02
   101  -8.633144e-01  -8.812813e-01   4.563956e-02   1.887271e+01   1.770610e-01   4.193303e-01  -2.636004e-01  -2.858671e-01   6.698469e-02   1.692715e-01   9.743589e-02   4.193746e-01   4.061204e-01   6.028622e-01   2.172531e-02   6.395529e-02
   102  -8.266053e-01  -8.445721e-01   4.963127e-02   1.611455e+01   1.767019e-01   4.160837e-01  -2.172116e-01  -2.397869e-01   6.935597e-02   1.163369e-01   9.590692e-02   4.457372e-01   4.327559e-01   6.242038e-01   1.769115e-02   6.053592e-02
   103  -7.898961e-01  -8.078630e-01   5.401874e-02   1.377123e+01   1.761682e-01   4.125958e-01  -1.699369e-01  -1.929313e-01   7.161799e-02   7.878538e-02   9.450742e-02   4.715506e-01   4.588356e-01   6.445619e-01   1.439359e-02   5.728285e-02
   104  -7.531870e-01  -7.711538e-01   5.885085e-02   1.177039e+01   1.754561e-01   4.090773e-01  -1.215518e-01  -1.450709e-01   7.376638e-02   5.252903e-02   9.321609e-02   4.968305e-01   4.843745e-01   6.638974e-01   1.170148e-02   5.419364e-02
   105  -7.164778e-01  -7.344446e-01   6.418172e-02   1.006438e+01   1.745483e-01   4.054964e-01  -7.182840e-02  -9.597889e-02   7.579851e-02   3.444388e-02   9.202492e-02   5.215953e-01   5.093894e-01   6.821866e-01   9.505515e-03   5.126792e-02
   106  -6.797686e-01  -6.977355e-01   7.006074e-02   8.606284e+00   1.734431e-01   4.019164e-01  -2.055110e-02  -4.543340e-02   7.771330e-02   2.219636e-02   9.093086e-02   5.458643e-01   5.338993e-01   6.994197e-01   7.716115e-03   4.850091e-02
   107  -6.430595e-01  -6.610263e-01   7.651620e-02   7.354498e+00   1.721579e-01   3.985173e-01   3.243883e-02   6.751551e-03   7.951106e-02   1.406277e-02   8.990933e-02   5.696587e-01   5.579244e-01   7.155996e-01   6.259092e-03   4.588924e-02
   108  -6.063503e-01  -6.243172e-01   8.362266e-02   6.278040e+00   1.707138e-01   3.953356e-01   8.718728e-02   6.067521e-02   8.119333e-02   8.775707e-03   8.889719e-02   5.930006e-01   5.814865e-01   7.307399e-01   5.073697e-03   4.342712e-02
   109  -5.696412e-01  -5.876080e-01   9.143740e-02   5.353033e+00   1.691158e-01   3.922771e-01   1.435173e-01   1.162649e-01   8.276263e-02   5.419479e-03   8.774370e-02   6.159130e-01   6.046079e-01   7.448636e-01   4.109973e-03   4.110893e-02
   110  -5.329320e-01  -5.508988e-01   1.000173e-01   4.557694e+00   1.673731e-01   3.892725e-01   2.009042e-01   1.731579e-01   8.422234e-02   3.340166e-03   8.617688e-02   6.384194e-01   6.273120e-01   7.580011e-01   3.327001e-03   3.892855e-02
   111  -4.962228e-01  -5.141897e-01   1.093996e-01   3.873504e+00   1.654955e-01   3.861930e-01   2.584532e-01   2.306312e-01   8.557652e-02   2.077448e-03   8.385778e-02   6.605437e-01   6.496224e-01   7.701887e-01   2.691332e-03   3.687897e-02
   112  -4.595137e-01  -4.774805e-01   1.196463e-01   3.284290e+00   1.635110e-01   3.827769e-01   3.150360e-01   2.876654e-01   8.682971e-02   1.318625e-03   8.052416e-02   6.823099e-01   6.715631e-01   7.814674e-01   2.175556e-03   3.495405e-02
   113  -4.228045e-01  -4.407714e-01   1.308263e-01   2.779023e+00   1.613822e-01   3.787251e-01   3.695918e-01   3.431700e-01   8.798682e-02   8.606187e-04   7.617525e-02   7.037422e-01   6.931583e-01   7.918814e-01   1.757352e-03   3.314662e-02
   114  -3.860954e-01  -4.040622e-01   1.429978e-01   2.346499e+00   1.590896e-01   3.737674e-01   4.213972e-01   3.962665e-01   8.905301e-02   5.786872e-04   7.109745e-02   7.248646e-01   7.144318e-01   8.014771e-01   1.418478e-03   3.144998e-02
   115  -3.493862e-01  -3.673530e-01   1.562190e-01   1.976967e+00   1.566123e-01   3.676525e-01   4.701406e-01   4.464524e-01   9.003354e-02   3.999218e-04   6.570136e-02   7.457006e-01   7.354075e-01   8.103019e-01   1.144065e-03   2.985763e-02
   116  -3.126770e-01  -3.306439e-01   1.705316e-01   1.661880e+00   1.539345e-01   3.601814e-01   5.158302e-01   4.935859e-01   9.093373e-02   2.828412e-04   6.034631e-02   7.662736e-01   7.561089e-01   8.184036e-01   9.220098e-04   2.836286e-02
   117  -2.759679e-01  -2.939347e-01   1.859794e-01   1.393450e+00   1.510561e-01   3.510159e-01   5.586554e-01   5.377704e-01   9.175884e-02   2.038376e-04   5.526181e-02   7.866063e-01   7.765590e-01   8.258295e-01   7.424458e-04   2.695950e-02
   118  -2.392587e-01  -2.572256e-01   2.026406e-01   1.165580e+00   1.479440e-01   3.402529e-01   5.988848e-01   5.792357e-01   9.251402e-02   1.491374e-04   5.056264e-02   8.067209e-01   7.967801e-01   8.326262e-01   5.973497e-04   2.564151e-02
   119  -2.025496e-01  -2.205164e-01   2.205649e-01   9.725013e-01   1.445894e-01   3.278494e-01   6.368051e-01   6.182587e-01   9.320429e-02   1.104466e-04   4.628737e-02   8.266387e-01   8.167940e-01   8.388386e-01   4.801977e-04   2.440297e-02
   120  -1.658404e-01  -1.838072e-01   2.397951e-01   8.091786e-01   1.409949e-01   3.137665e-01   6.726907e-01   6.551185e-01   9.383445e-02   8.259637e-05   4.243268e-02   8.463804e-01   8.366217e-01   8.445100e-01   3.856826e-04   2.323843e-02
   121  -1.291313e-01  -1.470981e-01   2.603290e-01   6.712582e-01   1.371708e-01   2.979378e-01   7.067851e-01   6.900724e-01   9.440910e-02   6.227202e-05   3.896931e-02   8.659658e-01   8.562835e-01   8.496819e-01   3.094937e-04   2.214271e-02
   122  -9.242209e-02  -1.103889e-01   2.822029e-01   5.549975e-01   1.331275e-01   2.801269e-01   7.393058e-01   7.233498e-01   9.493262e-02   4.726081e-05   3.586324e-02   8.854138e-01   8.757986e-01   8.543935e-01   2.481314e-04   2.111079e-02
   123  -5.571293e-02  -7.367977e-02   3.054464e-01   4.572719e-01   1.288706e-01   2.604123e-01   7.704417e-01   7.551527e-01   9.540910e-02   3.606715e-05   3.307734e-02   9.047424e-01   8.951856e-01   8.586819e-01   1.987543e-04   2.013805e-02
   124  -1.900377e-02  -3.697061e-02   3.300514e-01   3.753168e-01   1.244205e-01   2.387639e-01   8.003571e-01   7.856569e-01   9.584241e-02   2.765187e-05   3.057540e-02   9.239686e-01   9.144618e-01   8.625817e-01   1.590573e-04   1.922023e-02
   125   1.770539e-02  -2.614488e-04   3.559326e-01   3.067730e-01   1.197967e-01   2.150482e-01   8.291950e-01   8.150154e-01   9.623618e-02   2.128192e-05   2.832506e-02   9.431084e-01   9.336439e-01   8.661256e-01   1.271727e-04   1.835326e-02
   126   5.441455e-02   3.644771e-02   3.830980e-01   2.496359e-01   1.150174e-01   1.894272e-01   8.570805e-01   8.433615e-01   9.659376e-02   1.643206e-05   2.629661e-02   9.621768e-01   9.527472e-01   8.693438e-01   1.015873e-04   1.753338e-02
   127   9.112371e-02   7.315687e-02   4.114825e-01   2.021684e-01   1.101093e-01   1.621582e-01   8.841222e-01   8.708118e-01   9.691827e-02   1.272177e-05   2.446396e-02   9.811880e-01   9.717864e-01   8.722644e-01   8.107609e-05   1.675715e-02
   128   1.278329e-01   1.098660e-01   4.408260e-01   1.628487e-01   1.050829e-01   1.332900e-01   9.104169e-01   8.974685e-01   9.721261e-02   9.871040e-06   2.280453e-02   1.000155e+00   9.907749e-01   8.749135e-01   6.464839e-05   1.602142e-02
   129   1.645420e-01   1.465752e-01   4.711180e-01   1.304070e-01   9.996058e-02   1.040753e-01   9.360485e-01   9.234218e-01   9.747945e-02   7.673470e-06   2.129766e-02   1.019090e+00   1.009725e+00   8.773151e-01   5.150387e-05   1.532325e-02
   130   2.012512e-01   1.832843e-01   5.022325e-01   1.038028e-01   9.479138e-02   7.428677e-02   9.610920e-01   9.487507e-01   9.772124e-02   5.974235e-06   1.992614e-02   1.038003e+00   1.028649e+00   8.794912e-01   4.099638e-05   1.465995e-02
   131   2.379603e-01   2.199935e-01   5.339547e-01   8.210434e-02   8.960468e-02   4.538884e-02   9.856140e-01   9.735261e-01   9.794025e-02   4.657015e-06   1.867456e-02   1.056906e+00   1.047558e+00   8.814623e-01   3.260479e-05   1.402910e-02
   132   2.746695e-01   2.567027e-01   5.661444e-01   6.450755e-02   8.443069e-02   1.877235e-02   1.009673e+00   9.978103e-01   9.813854e-02   3.633931e-06   1.752927e-02   1.075808e+00   1.066460e+00   8.832469e-01   2.590923e-05   1.342847e-02
   133   3.113787e-01   2.934118e-01   5.984436e-01   5.031965e-02   7.930902e-02  -6.998368e-03   1.033323e+00   1.021659e+00   9.831802e-02   2.837900e-06   1.647865e-02   1.094717e+00   1.085365e+00   8.848622e-01   2.057180e-05   1.285604e-02
   134   3.480878e-01   3.301210e-01   6.305270e-01   3.891001e-02   7.422659e-02  -2.882754e-02   1.056609e+00   1.045122e+00   9.848042e-02   2.217645e-06   1.551244e-02   1.113641e+00   1.104282e+00   8.863237e-01   1.632085e-05   1.230997e-02
   135   3.847970e-01   3.668301e-01   6.623619e-01   2.984420e-02   6.925681e-02  -4.769927e-02   1.079574e+00   1.068244e+00   9.862732e-02   1.733796e-06   1.462157e-02   1.132587e+00   1.123217e+00   8.876458e-01   1.293821e-05   1.178859e-02
   136   4.215061e-01   4.035393e-01   6.936155e-01   2.269950e-02   6.443194e-02  -6.438524e-02   1.102256e+00   1.091063e+00   9.876016e-02   1.356024e-06   1.379809e-02   1.151562e+00   1.142178e+00   8.888415e-01   1.024883e-05   1.129037e-02
   137   4.582153e-01   4.402485e-01   7.237559e-01   1.709178e-02   5.974849e-02  -7.755144e-02   1.124688e+00   1.113617e+00   9.888027e-02   1.060849e-06   1.303515e-02   1.170570e+00   1.161170e+00   8.899225e-01   8.112440e-06   1.081394e-02
   138   4.949245e-01   4.769576e-01   7.529403e-01   1.274635e-02   5.525151e-02  -8.759361e-02   1.146900e+00   1.135936e+00   9.898885e-02   8.300746e-07   1.232668e-02   1.189618e+00   1.180199e+00   8.908996e-01   6.416725e-06   1.035805e-02
   139   5.316336e-01   5.136668e-01   7.804999e-01   9.409479e-03   5.096055e-02  -9.573377e-02   1.168920e+00   1.158049e+00   9.908698e-02   6.495717e-07   1.166731e-02   1.208710e+00   1.199269e+00   8.917828e-01   5.071871e-06   9.921550e-03
   140   5.683428e-01   5.503759e-01   8.066352e-01   6.869842e-03   4.688571e-02  -1.020303e-01   1.190770e+00   1.179982e+00   9.917565e-02   5.083429e-07   1.105234e-02   1.227849e+00   1.218385e+00   8.925808e-01   4.006119e-06   9.503404e-03
   141   6.050519e-01   5.870851e-01   8.307608e-01   4.961784e-03   4.304699e-02  -1.065012e-01   1.212474e+00   1.201758e+00   9.925576e-02   3.978189e-07   1.047763e-02   1.247040e+00   1.237551e+00   8.933019e-01   3.162192e-06   9.102658e-03
   142   6.417611e-01   6.237943e-01   8.531205e-01   3.543479e-03   3.945045e-02  -1.093845e-01   1.234050e+00   1.223396e+00   9.932813e-02   3.113113e-07   9.939534e-03   1.266285e+00   1.256769e+00   8.939532e-01   2.494418e-06   8.718443e-03
   143   6.784703e-01   6.605034e-01   8.733975e-01   2.500917e-03   3.610017e-02  -1.109037e-01   1.255516e+00   1.244915e+00   9.939350e-02   2.435957e-07   9.434849e-03   1.285587e+00   1.276043e+00   8.945415e-01   1.966414e-06   8.349959e-03
   144   7.151794e-01   6.972126e-01   8.916068e-01   1.745744e-03   3.300008e-02  -1.111056e-01   1.276887e+00   1.266333e+00   9.945254e-02   1.905886e-07   8.960717e-03   1.304948e+00   1.295376e+00   8.950729e-01   1.549220e-06   7.996472e-03
   145   7.518886e-01   7.339217e-01   9.078551e-01   1.204821e-03   3.014500e-02  -1.101576e-01   1.298177e+00   1.287663e+00   9.950586e-02   1.490964e-07   8.514611e-03   1.324370e+00   1.314768e+00   8.955527e-01   1.219809e-06   7.657306e-03
   146   7.885977e-01   7.706309e-01   9.221718e-01   8.220769e-04   2.752863e-02  -1.081252e-01   1.319400e+00   1.308918e+00   9.955400e-02   1.166196e-07   8.094284e-03   1.343854e+00   1.334221e+00   8.959860e-01   9.598844e-07   7.331832e-03
   147   8.253069e-01   8.073401e-01   9.346047e-01   5.551486e-04   2.514115e-02  -1.050590e-01   1.340565e+00   1.330111e+00   9.959747e-02   9.120197e-08   7.697737e-03   1.363401e+00   1.353737e+00   8.963772e-01   7.549235e-07   7.019473e-03
   148   8.620161e-01   8.440492e-01   9.452893e-01   3.712417e-04   2.296916e-02  -1.010382e-01   1.361682e+00   1.351252e+00   9.963672e-02   7.131165e-08   7.323187e-03   1.383012e+00   1.373317e+00   8.967304e-01   5.934066e-07   6.719687e-03
   149   8.987252e-01   8.807584e-01   9.544262e-01   2.460110e-04   2.099743e-02  -9.613772e-02   1.382762e+00   1.372350e+00   9.967214e-02   5.574900e-08   6.969041e-03   1.402688e+00   1.392961e+00   8.970493e-01   4.662041e-07   6.431974e-03
   150   9.354344e-01   9.174675e-01   9.621760e-01   1.617080e-04   1.921005e-02  -9.056522e-02   1.403810e+00   1.393413e+00   9.970413e-02   4.357450e-08   6.633869e-03   1.422427e+00   1.412670e+00   8.973371e-01   3.660862e-07   6.155865e-03
   151   9.721435e-01   9.541767e-01   9.686936e-01   1.055387e-04   1.759025e-02  -8.448312e-02   1.424835e+00   1.414450e+00   9.973300e-02   3.405229e-08   6.316389e-03   1.442232e+00   1.432442e+00   8.975970e-01   2.873321e-07   5.890921e-03
   152   1.008853e+00   9.908859e-01   9.741476e-01   6.846271e-05   1.612156e-02  -7.808799e-02   1.445841e+00   1.435465e+00   9.975905e-02   2.660601e-08   6.015445e-03   1.462099e+00   1.452279e+00   8.978315e-01   2.254183e-07   5.636732e-03
   153   1.045562e+00   1.027595e+00   9.786821e-01   4.418715e-05   1.478862e-02  -7.155325e-02   1.466835e+00   1.456465e+00   9.978257e-02   2.078430e-08   5.729997e-03   1.482029e+00   1.472179e+00   8.980432e-01   1.767704e-07   5.392913e-03
   154   1.082271e+00   1.064304e+00   9.824418e-01   2.840549e-05   1.357674e-02  -6.507054e-02   1.487820e+00   1.477454e+00   9.980380e-02   1.623370e-08   5.459100e-03   1.502021e+00   1.492140e+00   8.982342e-01   1.385665e-07   5.159105e-03
   155   1.118980e+00   1.101013e+00   9.855458e-01   1.820372e-05   1.247307e-02  -5.880921e-02   1.508799e+00   1.498436e+00   9.982296e-02   1.267745e-08   5.201902e-03   1.522073e+00   1.512163e+00   8.984066e-01   1.085798e-07   4.934968e-03
   156   1.155689e+00   1.137722e+00   9.881041e-01   1.163946e-05   1.146610e-02  -5.282270e-02   1.529777e+00   1.519415e+00   9.984025e-02   9.898891e-09   4.957630e-03   1.542182e+00   1.532244e+00   8.985622e-01   8.505457e-08   4.720185e-03
   157   1.192398e+00   1.174432e+00   9.902099e-01   7.430211e-06   1.054588e-02  -4.726851e-02   1.550753e+00   1.540392e+00   9.985585e-02   7.728432e-09   4.725582e-03   1.562346e+00   1.552381e+00   8.987027e-01   6.660729e-08   4.514462e-03
   158   1.229108e+00   1.211141e+00   9.919396e-01   4.738417e-06   9.703612e-03  -4.213535e-02   1.571731e+00   1.561369e+00   9.986993e-02   6.033360e-09   4.505122e-03   1.582563e+00   1.572572e+00   8.988294e-01   5.214849e-08   4.317523e-03
   159   1.265817e+00   1.247850e+00   9.933593e-01   3.020256e-06   8.931644e-03  -3.743076e-02   1.592710e+00   1.582347e+00   9.988264e-02   4.709836e-09   4.295673e-03   1.602828e+00   1.592813e+00   8.989438e-01   4.082073e-08   4.129113e-03
   160   1.302526e+00   1.284559e+00   9.945221e-01   1.924858e-06   8.223330e-03  -3.319001e-02   1.613689e+00   1.603326e+00   9.989411e-02   3.676633e-09   4.096712e-03   1.623137e+00   1.613101e+00   8.990470e-01   3.194965e-08   3.948996e-03
   161   1.339235e+00   1.321268e+00   9.954780e-01   1.226990e-06   7.572812e-03  -2.938750e-02   1.634668e+00   1.624305e+00   9.990446e-02   2.870228e-09   3.907768e-03   1.643485e+00   1.633430e+00   8.991401e-01   2.500514e-08   3.776958e-03
   162   1.375944e+00   1.357977e+00   9.962638e-01   7.825044e-07   6.974918e-03  -2.597439e-02   1.655643e+00   1.645282e+00   9.991379e-02   2.240953e-09   3.728417e-03   1.663867e+00   1.653795e+00   8.992241e-01   1.957075e-08   3.612808e-03
   163   1.412653e+00   1.394687e+00   9.969109e-01   4.993699e-07   6.425101e-03  -2.292422e-02   1.676611e+00   1.666253e+00   9.992222e-02   1.749983e-09   3.558280e-03   1.684274e+00   1.674190e+00   8.993000e-01   1.531949e-08   3.456376e-03
   164   1.449363e+00   1.431396e+00   9.974441e-01   3.189480e-07   5.919348e-03  -2.022809e-02   1.697567e+00   1.687216e+00   9.992982e-02   1.366978e-09   3.397023e-03   1.704698e+00   1.694606e+00   8.993684e-01   1.199475e-08   3.307515e-03
   165   1.486072e+00   1.468105e+00   9.978838e-01   2.039128e-07   5.454056e-03  -1.783071e-02   1.718505e+00   1.708162e+00   9.993668e-02   1.068233e-09   3.244353e-03   1.725130e+00   1.715035e+00   8.994301e-01   9.395280e-09   3.166105e-03
   166   1.522781e+00   1.504814e+00   9.982466e-01   1.305050e-07   5.026015e-03  -1.569249e-02   1.739416e+00   1.729086e+00   9.994287e-02   8.352327e-10   3.100020e-03   1.745558e+00   1.735464e+00   8.994858e-01   7.363283e-09   3.032053e-03
   167   1.559490e+00   1.541523e+00   9.985445e-01   8.361820e-08   4.632377e-03  -1.377830e-02   1.760289e+00   1.749978e+00   9.994845e-02   6.535187e-10   2.963813e-03   1.765967e+00   1.755882e+00   8.995361e-01   5.775129e-09   2.905293e-03
   168   1.596199e+00   1.578232e+00   9.987909e-01   5.364077e-08   4.270620e-03  -1.207657e-02   1.781113e+00   1.770826e+00   9.995349e-02   5.118036e-10   2.835567e-03   1.786341e+00   1.776273e+00   8.995814e-01   4.533989e-09   2.785792e-03
   169   1.632908e+00   1.614942e+00   9.989953e-01   3.445409e-08   3.938488e-03  -1.054090e-02   1.801870e+00   1.791615e+00   9.995804e-02   4.012776e-10   2.715154e-03   1.806660e+00   1.796619e+00   8.996223e-01   3.564062e-09   2.673549e-03
   170   1.669618e+00   1.651651e+00   9.991649e-01   2.216117e-08   3.634082e-03  -9.113981e-03   1.822544e+00   1.812330e+00   9.996214e-02   3.150667e-10   2.602492e-03   1.826903e+00   1.816899e+00   8.996593e-01   2.806034e-09   2.568598e-03
   171   1.706327e+00   1.688360e+00   9.993060e-01   1.427572e-08   3.355779e-03  -7.733863e-03   1.843112e+00   1.832950e+00   9.996584e-02   2.478083e-10   2.497541e-03   1.847042e+00   1.837089e+00   8.996926e-01   2.213512e-09   2.471006e-03
   172   1.743036e+00   1.725069e+00   9.994228e-01   9.211003e-09   3.102169e-03  -6.414596e-03   1.863547e+00   1.853450e+00   9.996918e-02   1.953202e-10   2.400302e-03   1.867047e+00   1.857160e+00   8.997226e-01   1.750225e-09   2.380881e-03
   173   1.779745e+00   1.761778e+00   9.995199e-01   5.953976e-09   2.872163e-03  -5.084957e-03   1.883820e+00   1.873802e+00   9.997219e-02   1.543414e-10   2.310822e-03   1.886885e+00   1.877079e+00   8.997498e-01   1.387824e-09   2.298364e-03
   174   1.816454e+00   1.798487e+00   9.996011e-01   3.856749e-09   2.665005e-03  -3.658589e-03   1.903897e+00   1.893974e+00   9.997491e-02   1.223298e-10   2.229183e-03   1.906514e+00   1.896810e+00   8.997742e-01   1.104162e-09   2.223630e-03
   175   1.853163e+00   1.835197e+00   9.996693e-01   2.504702e-09   2.480640e-03  -1.946038e-03   1.923737e+00   1.913930e+00   9.997737e-02   9.730401e-11   2.155513e-03   1.925893e+00   1.916312e+00   8.997963e-01   8.819461e-10   2.156886e-03
   176   1.889873e+00   1.871906e+00   9.997265e-01   1.631785e-09   2.319468e-03   1.555578e-04   1.943297e+00   1.933627e+00   9.997958e-02   7.771885e-11   2.090006e-03   1.944974e+00   1.935538e+00   8.998162e-01   7.076711e-10   2.098370e-03
   177   1.926582e+00   1.908615e+00   9.997747e-01   1.067161e-09   2.182202e-03   2.679303e-03   1.962534e+00   1.953022e+00   9.998158e-02   6.236175e-11   2.033195e-03   1.963705e+00   1.954440e+00   8.998342e-01   5.707774e-10   2.048419e-03
   178   1.963291e+00   1.945324e+00   9.998154e-01   7.011894e-10   2.070729e-03   5.872790e-03   1.981418e+00   1.972079e+00   9.998338e-02   5.024404e-11   1.987575e-03   1.982043e+00   1.972970e+00   8.998504e-01   4.628240e-10   2.008302e-03
   179   2.000000e+00   1.982033e+00   9.998500e-01   4.621019e-10   1.994593e-03   8.184788e-03   2.000000e+00   1.990809e+00   9.998500e-02   4.048043e-11   1.962574e-03   2.000000e+00   1.991114e+00   8.998650e-01   3.761912e-10   1.985294e-03
