     i          log_r       log_rmid          m_tot        rho_tot         v2_tot            eta     lgr[heavy]    lgrm[heavy]       m[heavy]     rho[heavy]      v2[heavy]     lgr[light]    lgrm[light]       m[light]     rho[light]      v2[light]
     0  -4.750165e+00  -5.051195e+00   1.031525e-07   5.372377e+07   3.518426e-01            nan  -4.750165e+00  -5.051195e+00   9.998500e-08   5.340128e+07   3.486164e-01  -3.188547e+00  -3.489577e+00   8.998650e-07   9.929768e+03   6.575153e-01
     1  -4.712455e+00  -4.730901e+00   1.330999e-07   5.307749e+07   3.500463e-01            nan  -4.727640e+00  -4.738756e+00   1.166721e-07   5.293711e+07   3.486040e-01  -3.145881e+00  -3.166690e+00   1.050049e-06   4.835051e+03   6.181822e-01
     2  -4.674744e+00  -4.693190e+00   1.718224e-07   5.297500e+07   3.499137e-01            nan  -4.705121e+00  -4.716234e+00   1.361439e-07   5.288679e+07   3.486026e-01  -3.103741e+00  -3.124300e+00   1.225295e-06   4.262230e+03   6.103747e-01
     3  -4.637034e+00  -4.655480e+00   2.218876e-07   5.285601e+07   3.497927e-01            nan  -4.682606e+00  -4.693717e+00   1.588651e-07   5.283123e+07   3.486011e-01  -3.062039e+00  -3.082390e+00   1.429786e-06   3.762453e+03   6.020907e-01
     4  -4.599324e+00  -4.617770e+00   2.866035e-07   5.271903e+07   3.496821e-01            nan  -4.660091e+00  -4.671202e+00   1.853780e-07   5.276986e+07   3.485994e-01  -3.020717e+00  -3.040887e+00   1.668402e-06   3.326326e+03   5.932650e-01
     5  -4.561613e+00  -4.580059e+00   3.702359e-07   5.256110e+07   3.495808e-01            nan  -4.637575e+00  -4.648687e+00   2.163150e-07   5.270207e+07   3.485976e-01  -2.979739e+00  -2.999745e+00   1.946835e-06   2.945721e+03   5.840779e-01
     6  -4.523903e+00  -4.542349e+00   4.782788e-07   5.237541e+07   3.494878e-01            nan  -4.615054e+00  -4.626169e+00   2.524142e-07   5.262717e+07   3.485955e-01  -2.939084e+00  -2.958936e+00   2.271728e-06   2.613435e+03   5.745349e-01
     7  -4.486192e+00  -4.504638e+00   6.177696e-07   5.215926e+07   3.494022e-01            nan  -4.592527e+00  -4.603645e+00   2.945370e-07   5.254442e+07   3.485933e-01  -2.898736e+00  -2.918442e+00   2.650833e-06   2.323034e+03   5.647510e-01
     8  -4.448482e+00  -4.466928e+00   7.977672e-07   5.190832e+07   3.493231e-01            nan  -4.569991e+00  -4.581113e+00   3.436881e-07   5.245299e+07   3.485908e-01  -2.858690e+00  -2.878252e+00   3.093193e-06   2.068949e+03   5.547760e-01
     9  -4.410771e+00  -4.429217e+00   1.029877e-06   5.161192e+07   3.492496e-01            nan  -4.547443e+00  -4.558570e+00   4.010398e-07   5.235196e+07   3.485880e-01  -2.818937e+00  -2.838359e+00   3.609358e-06   1.846222e+03   5.447194e-01
    10  -4.373061e+00  -4.391507e+00   1.328827e-06   5.126592e+07   3.491808e-01            nan  -4.524880e+00  -4.536015e+00   4.679601e-07   5.224034e+07   3.485849e-01  -2.779475e+00  -2.798758e+00   4.211641e-06   1.650727e+03   5.345869e-01
    11  -4.335351e+00  -4.353797e+00   1.713507e-06   5.086426e+07   3.491160e-01            nan  -4.502302e+00  -4.513444e+00   5.460446e-07   5.211703e+07   3.485814e-01  -2.740294e+00  -2.759443e+00   4.914402e-06   1.478580e+03   5.245406e-01
    12  -4.297640e+00  -4.316086e+00   2.207912e-06   5.038977e+07   3.490543e-01            nan  -4.479703e+00  -4.490855e+00   6.371554e-07   5.198080e+07   3.485776e-01  -2.701393e+00  -2.720408e+00   5.734398e-06   1.326959e+03   5.144799e-01
    13  -4.259930e+00  -4.278376e+00   2.841963e-06   4.983849e+07   3.489949e-01            nan  -4.457082e+00  -4.468246e+00   7.434644e-07   5.183032e+07   3.485734e-01  -2.662756e+00  -2.681645e+00   6.691180e-06   1.192699e+03   5.046546e-01
    14  -4.222219e+00  -4.240665e+00   3.653969e-06   4.920149e+07   3.489370e-01            nan  -4.434436e+00  -4.445612e+00   8.675058e-07   5.166412e+07   3.485687e-01  -2.624383e+00  -2.643146e+00   7.807552e-06   1.073994e+03   4.948655e-01
    15  -4.184509e+00  -4.202955e+00   4.691534e-06   4.845251e+07   3.488794e-01            nan  -4.411761e+00  -4.422951e+00   1.012236e-06   5.148061e+07   3.485635e-01  -2.586252e+00  -2.604899e+00   9.110122e-06   9.683029e+02   4.854008e-01
    16  -4.146798e+00  -4.165245e+00   6.013033e-06   4.759325e+07   3.488215e-01            nan  -4.389053e+00  -4.400259e+00   1.181103e-06   5.127802e+07   3.485578e-01  -2.548357e+00  -2.566891e+00   1.062993e-05   8.742996e+02   4.761093e-01
    17  -4.109088e+00  -4.127534e+00   7.692475e-06   4.660365e+07   3.487622e-01            nan  -4.366309e+00  -4.377532e+00   1.378130e-06   5.105442e+07   3.485514e-01  -2.510681e+00  -2.529111e+00   1.240317e-05   7.903624e+02   4.670878e-01
    18  -4.071378e+00  -4.089824e+00   9.817245e-06   4.546428e+07   3.487001e-01            nan  -4.343523e+00  -4.354767e+00   1.608010e-06   5.080772e+07   3.485443e-01  -2.473211e+00  -2.491542e+00   1.447209e-05   7.152723e+02   4.583407e-01
    19  -4.033667e+00  -4.052113e+00   1.249576e-05   4.418139e+07   3.486346e-01            nan  -4.320692e+00  -4.331958e+00   1.876216e-06   5.053561e+07   3.485364e-01  -2.435938e+00  -2.454175e+00   1.688595e-05   6.480647e+02   4.498057e-01
    20  -3.995957e+00  -4.014403e+00   1.585653e-05   4.270901e+07   3.485632e-01            nan  -4.297810e+00  -4.309100e+00   2.189133e-06   5.023562e+07   3.485276e-01  -2.398841e+00  -2.416993e+00   1.970220e-05   5.876243e+02   4.416099e-01
    21  -3.958246e+00  -3.976692e+00   2.004705e-05   4.107744e+07   3.484856e-01            nan  -4.274870e+00  -4.286189e+00   2.554206e-06   4.990502e+07   3.485178e-01  -2.361917e+00  -2.379987e+00   2.298786e-05   5.334150e+02   4.335745e-01
    22  -3.920536e+00  -3.938982e+00   2.524693e-05   3.924796e+07   3.483988e-01            nan  -4.251867e+00  -4.263216e+00   2.980121e-06   4.954089e+07   3.485070e-01  -2.325145e+00  -2.343142e+00   2.682109e-05   4.844484e+02   4.259094e-01
    23  -3.882826e+00  -3.901272e+00   3.164285e-05   3.725456e+07   3.483022e-01            nan  -4.228792e+00  -4.240176e+00   3.477003e-06   4.914006e+07   3.484949e-01  -2.288515e+00  -2.306444e+00   3.129303e-05   4.403336e+02   4.184571e-01
    24  -3.845115e+00  -3.863561e+00   3.946232e-05   3.506861e+07   3.481917e-01            nan  -4.205639e+00  -4.217061e+00   4.056664e-06   4.869912e+07   3.484815e-01  -2.252014e+00  -2.269881e+00   3.650997e-05   4.004421e+02   4.112983e-01
    25  -3.807405e+00  -3.825851e+00   4.893359e-05   3.275390e+07   3.480670e-01            nan  -4.182397e+00  -4.193862e+00   4.732872e-06   4.821442e+07   3.484665e-01  -2.215631e+00  -2.233442e+00   4.259585e-05   3.643593e+02   4.043946e-01
    26  -3.769694e+00  -3.788140e+00   6.028377e-05   3.027358e+07   3.479213e-01            nan  -4.159056e+00  -4.170570e+00   5.521683e-06   4.768207e+07   3.484498e-01  -2.179356e+00  -2.197115e+00   4.969515e-05   3.316989e+02   3.977248e-01
    27  -3.731984e+00  -3.750430e+00   7.379460e-05   2.771434e+07   3.477541e-01            nan  -4.135606e+00  -4.147173e+00   6.441814e-06   4.709790e+07   3.484313e-01  -2.143178e+00  -2.160891e+00   5.797633e-05   3.020652e+02   3.913300e-01
    28  -3.694273e+00  -3.712719e+00   8.965625e-05   2.511487e+07   3.475616e-01            nan  -4.112033e+00  -4.123659e+00   7.515084e-06   4.645757e+07   3.484105e-01  -2.107092e+00  -2.124760e+00   6.763576e-05   2.752191e+02   3.851214e-01
    29  -3.656563e+00  -3.675009e+00   1.080467e-04   2.247258e+07   3.473326e-01            nan  -4.088323e+00  -4.100016e+00   8.766923e-06   4.575648e+07   3.483874e-01  -2.071085e+00  -2.088716e+00   7.890231e-05   2.508047e+02   3.791908e-01
    30  -3.618853e+00  -3.637299e+00   1.291858e-04   1.988210e+07   3.470654e-01            nan  -4.064460e+00  -4.076228e+00   1.022697e-05   4.498988e+07   3.483615e-01  -2.035157e+00  -2.052750e+00   9.204273e-05   2.286689e+02   3.734089e-01
    31  -3.581142e+00  -3.599588e+00   1.531917e-04   1.738756e+07   3.467524e-01            nan  -4.040427e+00  -4.052277e+00   1.192976e-05   4.415287e+07   3.483326e-01  -1.999295e+00  -2.016856e+00   1.073678e-04   2.085074e+02   3.678918e-01
    32  -3.543432e+00  -3.561878e+00   1.801205e-04   1.502920e+07   3.463841e-01            nan  -4.016202e+00  -4.028145e+00   1.391553e-05   4.324048e+07   3.483002e-01  -1.963499e+00  -1.981028e+00   1.252398e-04   1.901972e+02   3.625226e-01
    33  -3.505721e+00  -3.524167e+00   2.099654e-04   1.284148e+07   3.459489e-01            nan  -3.991763e+00  -4.003811e+00   1.623115e-05   4.224776e+07   3.482638e-01  -1.927760e+00  -1.945262e+00   1.460803e-04   1.735166e+02   3.573737e-01
    34  -3.468011e+00  -3.486457e+00   2.426675e-04   1.085076e+07   3.454334e-01            nan  -3.967084e+00  -3.979248e+00   1.893121e-05   4.116986e+07   3.482230e-01  -1.892078e+00  -1.909553e+00   1.703808e-04   1.583447e+02   3.523739e-01
    35  -3.430300e+00  -3.448747e+00   2.781400e-04   9.073780e+06   3.448225e-01            nan  -3.942136e+00  -3.954431e+00   2.207926e-05   4.000216e+07   3.481770e-01  -1.856447e+00  -1.873897e+00   1.987134e-04   1.445213e+02   3.475543e-01
    36  -3.392590e+00  -3.411036e+00   3.163050e-04   7.516968e+06   3.441002e-01            nan  -3.916885e+00  -3.929327e+00   2.574932e-05   3.874048e+07   3.481252e-01  -1.820866e+00  -1.838292e+00   2.317439e-04   1.319354e+02   3.428733e-01
    37  -3.354880e+00  -3.373326e+00   3.571360e-04   6.176821e+06   3.432531e-01            nan  -3.891294e+00  -3.903901e+00   3.002750e-05   3.738122e+07   3.480666e-01  -1.785333e+00  -1.802736e+00   2.702475e-04   1.204664e+02   3.383370e-01
    38  -3.317169e+00  -3.335615e+00   4.005982e-04   5.041181e+06   3.422748e-01            nan  -3.865319e+00  -3.878112e+00   3.501400e-05   3.592162e+07   3.480002e-01  -1.749848e+00  -1.767228e+00   3.151260e-04   1.100172e+02   3.339198e-01
    39  -3.279459e+00  -3.297905e+00   4.454128e-04   4.084386e+06   3.411017e-01            nan  -3.838910e+00  -3.851914e+00   4.082538e-05   3.436008e+07   3.479246e-01  -1.714410e+00  -1.731768e+00   3.674284e-04   1.004940e+02   3.296126e-01
    40  -3.241748e+00  -3.260194e+00   4.927467e-04   3.292502e+06   3.397149e-01            nan  -3.812011e+00  -3.825252e+00   4.759714e-05   3.269643e+07   3.478384e-01  -1.679020e+00  -1.696355e+00   4.283742e-04   9.181436e+01   3.253960e-01
    41  -3.204038e+00  -3.222484e+00   5.429554e-04   2.646415e+06   3.381668e-01            nan  -3.784555e+00  -3.798066e+00   5.548679e-05   3.093232e+07   3.477396e-01  -1.643679e+00  -1.660990e+00   4.993811e-04   8.390243e+01   3.212540e-01
    42  -3.166328e+00  -3.184774e+00   5.934716e-04   2.119712e+06   3.363561e-01   4.429645e-01  -3.756468e+00  -3.770285e+00   6.467734e-05   2.907167e+07   3.476258e-01  -1.608388e+00  -1.625675e+00   5.820960e-04   7.668995e+01   3.171662e-01
    43  -3.128617e+00  -3.147063e+00   6.471353e-04   1.695095e+06   3.342425e-01   4.409573e-01  -3.727661e+00  -3.741826e+00   7.538125e-05   2.712105e+07   3.474941e-01  -1.573151e+00  -1.590412e+00   6.784313e-04   7.011357e+01   3.131163e-01
    44  -3.090907e+00  -3.109353e+00   7.021869e-04   1.354345e+06   3.319700e-01   4.376149e-01  -3.698032e+00  -3.712594e+00   8.784517e-05   2.509015e+07   3.473406e-01  -1.537969e+00  -1.555204e+00   7.906065e-04   6.411752e+01   3.090783e-01
    45  -3.053196e+00  -3.071642e+00   7.595203e-04   1.082076e+06   3.292055e-01   4.347442e-01  -3.667461e+00  -3.682478e+00   1.023551e-04   2.299222e+07   3.471605e-01  -1.502845e+00  -1.520052e+00   9.211963e-04   5.864733e+01   3.050428e-01
    46  -3.015486e+00  -3.033932e+00   8.189710e-04   8.645741e+05   3.264086e-01   4.313171e-01  -3.635809e+00  -3.651347e+00   1.192428e-04   2.084444e+07   3.469474e-01  -1.467783e+00  -1.484960e+00   1.073185e-03   5.365801e+01   3.009761e-01
    47  -2.977775e+00  -2.996221e+00   8.806954e-04   6.923704e+05   3.229918e-01   4.287676e-01  -3.602911e+00  -3.619048e+00   1.388921e-04   1.866814e+07   3.466929e-01  -1.432783e+00  -1.449930e+00   1.250029e-03   4.910146e+01   2.968830e-01
    48  -2.940065e+00  -2.958511e+00   9.448258e-04   5.545145e+05   3.196113e-01   4.256332e-01  -3.568571e+00  -3.585402e+00   1.617478e-04   1.648890e+07   3.463858e-01  -1.397848e+00  -1.414964e+00   1.455730e-03   4.494197e+01   2.927214e-01
    49  -2.902355e+00  -2.920801e+00   1.011997e-03   4.458694e+05   3.156133e-01   4.234663e-01  -3.532562e+00  -3.550193e+00   1.883238e-04   1.433627e+07   3.460109e-01  -1.362975e+00  -1.380062e+00   1.694914e-03   4.113601e+01   2.885205e-01
    50  -2.864644e+00  -2.883090e+00   1.081595e-03   3.586215e+05   3.116372e-01   4.209024e-01  -3.494610e+00  -3.513172e+00   2.192140e-04   1.224320e+07   3.455471e-01  -1.328167e+00  -1.345222e+00   1.972926e-03   3.765550e+01   2.842334e-01
    51  -2.826934e+00  -2.845380e+00   1.155383e-03   2.896474e+05   3.071942e-01   4.191908e-01  -3.454398e+00  -3.474039e+00   2.551039e-04   1.024490e+07   3.449654e-01  -1.293415e+00  -1.310443e+00   2.295935e-03   3.446253e+01   2.799079e-01
    52  -2.789223e+00  -2.807669e+00   1.231744e-03   2.342337e+05   3.026785e-01   4.174413e-01  -3.411548e+00  -3.432445e+00   2.967831e-04   8.377115e+06   3.442248e-01  -1.258714e+00  -1.275718e+00   2.671048e-03   3.153277e+01   2.755172e-01
    53  -2.751513e+00  -2.769959e+00   1.313187e-03   1.899780e+05   2.979386e-01   4.161795e-01  -3.365628e+00  -3.387982e+00   3.451610e-04   6.673794e+06   3.432669e-01  -1.224054e+00  -1.241038e+00   3.106449e-03   2.883723e+01   2.710989e-01
    54  -2.713803e+00  -2.732249e+00   1.398196e-03   1.545080e+05   2.930087e-01   4.152891e-01  -3.316145e+00  -3.340182e+00   4.012824e-04   5.164219e+06   3.420088e-01  -1.189420e+00  -1.206392e+00   3.611542e-03   2.635318e+01   2.666663e-01
    55  -2.676092e+00  -2.694538e+00   1.488579e-03   1.258000e+05   2.880890e-01   4.144985e-01  -3.262563e+00  -3.288528e+00   4.663463e-04   3.869804e+06   3.403330e-01  -1.154798e+00  -1.171764e+00   4.197117e-03   2.406057e+01   2.622330e-01
    56  -2.638382e+00  -2.656828e+00   1.584335e-03   1.028465e+05   2.829179e-01   4.143915e-01  -3.204334e+00  -3.232473e+00   5.417261e-04   2.801076e+06   3.380756e-01  -1.120166e+00  -1.137137e+00   4.875535e-03   2.193884e+01   2.578515e-01
    57  -2.600671e+00  -2.619117e+00   1.685920e-03   8.409074e+04   2.778629e-01   4.142464e-01  -3.140969e+00  -3.171497e+00   6.289911e-04   1.955530e+06   3.350164e-01  -1.085504e+00  -1.102489e+00   5.660920e-03   1.997497e+01   2.535143e-01
    58  -2.562961e+00  -2.581407e+00   1.794125e-03   6.900507e+04   2.726755e-01   4.147247e-01  -3.072139e+00  -3.105192e+00   7.299314e-04   1.317195e+06   3.308803e-01  -1.050790e+00  -1.067800e+00   6.569382e-03   1.815469e+01   2.492572e-01
    59  -2.525250e+00  -2.543696e+00   1.909449e-03   5.666424e+04   2.675739e-01   4.153036e-01  -2.997821e+00  -3.033392e+00   8.465830e-04   8.585494e+05   3.253638e-01  -1.016003e+00  -1.033048e+00   7.619247e-03   1.646791e+01   2.450829e-01
    60  -2.487540e+00  -2.505986e+00   2.032302e-03   4.661111e+04   2.625223e-01   4.161556e-01  -2.918429e+00  -2.956313e+00   9.812558e-04   5.447933e+05   3.182042e-01  -9.811240e-01  -9.982132e-01   8.831303e-03   1.490687e+01   2.409711e-01
    61  -2.449830e+00  -2.468276e+00   2.164077e-03   3.840060e+04   2.575333e-01   4.172164e-01  -2.834857e+00  -2.874636e+00   1.136562e-03   3.394899e+05   3.092882e-01  -9.461367e-01  -9.632781e-01   1.022906e-02   1.346292e+01   2.369432e-01
    62  -2.412119e+00  -2.430565e+00   2.304639e-03   3.165618e+04   2.526684e-01   4.184337e-01  -2.748374e+00  -2.789467e+00   1.315444e-03   2.098127e+05   2.987527e-01  -9.110289e-01  -9.282282e-01   1.183900e-02   1.213044e+01   2.329700e-01
    63  -2.374409e+00  -2.392855e+00   2.455523e-03   2.614112e+04   2.479142e-01   4.197437e-01  -2.660377e+00  -2.702151e+00   1.521208e-03   1.297613e+05   2.870007e-01  -8.757937e-01  -8.930541e-01   1.369088e-02   1.090388e+01   2.290214e-01
    64  -2.336698e+00  -2.355144e+00   2.617129e-03   2.159102e+04   2.432893e-01   4.212547e-01  -2.572120e+00  -2.614010e+00   1.757548e-03   8.083711e+04   2.746034e-01  -8.404259e-01  -8.577498e-01   1.581793e-02   9.776976e+00   2.251043e-01
    65  -2.298988e+00  -2.317434e+00   2.790406e-03   1.785767e+04   2.388511e-01   4.227367e-01  -2.484549e+00  -2.526131e+00   2.028572e-03   5.091343e+04   2.621422e-01  -8.049246e-01  -8.223126e-01   1.825715e-02   8.744379e+00   2.211965e-01
    66  -2.261277e+00  -2.279723e+00   2.976766e-03   1.477380e+04   2.345414e-01   4.244132e-01  -2.398266e+00  -2.439268e+00   2.338830e-03   3.246380e+04   2.500846e-01  -7.692921e-01  -7.867430e-01   2.104947e-02   7.800689e+00   2.172778e-01
    67  -2.223567e+00  -2.242013e+00   3.176351e-03   1.223152e+04   2.304428e-01   4.260241e-01  -2.313593e+00  -2.353869e+00   2.693323e-03   2.095374e+04   2.387366e-01  -7.335326e-01  -7.510444e-01   2.423991e-02   6.940283e+00   2.133495e-01
    68  -2.185857e+00  -2.204303e+00   3.391671e-03   1.013112e+04   2.264959e-01   4.277313e-01  -2.230653e+00  -2.270146e+00   3.097518e-03   1.367916e+04   2.282558e-01  -6.976515e-01  -7.152216e-01   2.787766e-02   6.157675e+00   2.094119e-01
    69  -2.148146e+00  -2.166592e+00   3.622161e-03   8.395228e+03   2.227551e-01   4.294215e-01  -2.149460e+00  -2.188162e+00   3.557342e-03   9.022918e+03   2.186916e-01  -6.616564e-01  -6.792812e-01   3.201608e-02   5.447774e+00   2.054537e-01
    70  -2.110436e+00  -2.128882e+00   3.871286e-03   6.959857e+03   2.191950e-01   4.310623e-01  -2.069971e+00  -2.107900e+00   4.079169e-03   6.007731e+03   2.100268e-01  -6.255570e-01  -6.432318e-01   3.671252e-02   4.805614e+00   2.014644e-01
    71  -2.072725e+00  -2.091171e+00   4.138220e-03   5.772025e+03   2.158263e-01   4.327625e-01  -1.992131e+00  -2.029309e+00   4.669785e-03   4.034762e+03   2.022088e-01  -5.893641e-01  -6.070837e-01   4.202806e-02   4.226289e+00   1.974535e-01
    72  -2.035015e+00  -2.053461e+00   4.426647e-03   4.788927e+03   2.126616e-01   4.342652e-01  -1.915887e+00  -1.952338e+00   5.336336e-03   2.731688e+03   1.951700e-01  -5.530901e-01  -5.708485e-01   4.802703e-02   3.705188e+00   1.934153e-01
    73  -1.997305e+00  -2.015751e+00   4.736295e-03   3.974779e+03   2.096746e-01   4.358927e-01  -1.841203e+00  -1.876941e+00   6.086254e-03   1.863799e+03   1.888383e-01  -5.167496e-01  -5.345398e-01   5.477629e-02   3.237943e+00   1.893407e-01
    74  -1.959594e+00  -1.978040e+00   5.070757e-03   3.300408e+03   2.069057e-01   4.372737e-01  -1.768061e+00  -1.803094e+00   6.927149e-03   1.281281e+03   1.831413e-01  -4.803595e-01  -4.981735e-01   6.234434e-02   2.820372e+00   1.852204e-01
    75  -1.921884e+00  -1.940330e+00   5.430457e-03   2.741661e+03   2.043048e-01   4.387363e-01  -1.696461e+00  -1.730787e+00   7.866679e-03   8.874547e+02   1.780072e-01  -4.439385e-01  -4.617673e-01   7.080011e-02   2.448434e+00   1.810587e-01
    76  -1.884173e+00  -1.902619e+00   5.819072e-03   2.278532e+03   2.019260e-01   4.399440e-01  -1.626418e+00  -1.660029e+00   8.912390e-03   6.193325e+02   1.733621e-01  -4.075073e-01  -4.253410e-01   8.021151e-02   2.118304e+00   1.768510e-01
    77  -1.846463e+00  -1.864909e+00   6.237624e-03   1.894632e+03   1.997111e-01   4.411749e-01  -1.557960e+00  -1.590842e+00   1.007152e-02   4.355328e+02   1.691284e-01  -3.710891e-01  -3.889166e-01   9.064369e-02   1.826377e+00   1.725893e-01
    78  -1.808752e+00  -1.827198e+00   6.690146e-03   1.576247e+03   1.977122e-01   4.421490e-01  -1.491121e+00  -1.523256e+00   1.135078e-02   3.086636e+02   1.652229e-01  -3.347098e-01  -3.525186e-01   1.021570e-01   1.569236e+00   1.682654e-01
    79  -1.771042e+00  -1.789488e+00   7.178202e-03   1.312184e+03   1.958776e-01   4.430744e-01  -1.425937e+00  -1.457307e+00   1.275612e-02   2.204696e+02   1.615569e-01  -2.983977e-01  -3.161744e-01   1.148050e-01   1.343627e+00   1.638792e-01
    80  -1.733332e+00  -1.751778e+00   7.706458e-03   1.093061e+03   1.942433e-01   4.437483e-01  -1.362440e+00  -1.393029e+00   1.429243e-02   1.587069e+02   1.580405e-01  -2.621830e-01  -2.799130e-01   1.286319e-01   1.146465e+00   1.594320e-01
    81  -1.695621e+00  -1.714067e+00   8.277075e-03   9.111970e+02   1.927746e-01   4.442829e-01  -1.300647e+00  -1.330445e+00   1.596333e-02   1.151154e+02   1.545893e-01  -2.260983e-01  -2.437660e-01   1.436700e-01   9.748836e-01   1.549191e-01
    82  -1.657911e+00  -1.676357e+00   8.895510e-03   7.601882e+02   1.914819e-01   4.445772e-01  -1.240556e+00  -1.269563e+00   1.777087e-02   8.409152e+01   1.511355e-01  -1.901786e-01  -2.077672e-01   1.599378e-01   8.261965e-01   1.503368e-01
    83  -1.620200e+00  -1.638646e+00   9.564904e-03   6.347445e+02   1.903516e-01   4.446302e-01  -1.182135e+00  -1.210364e+00   1.971527e-02   6.181576e+01   1.476383e-01  -1.544607e-01  -1.719526e-01   1.774374e-01   6.978852e-01   1.456907e-01
    84  -1.582490e+00  -1.600936e+00   1.029125e-02   5.305041e+02   1.893660e-01   4.444542e-01  -1.125318e+00  -1.152798e+00   2.179475e-02   4.567298e+01   1.440926e-01  -1.189819e-01  -1.363591e-01   1.961527e-01   5.876123e-01   1.409875e-01
    85  -1.544779e+00  -1.563226e+00   1.107936e-02   4.438091e+02   1.885282e-01   4.439461e-01  -1.070000e+00  -1.096779e+00   2.400535e-02   3.386601e+01   1.405312e-01  -8.378116e-02  -1.010250e-01   2.160481e-01   4.932416e-01   1.362297e-01
    86  -1.507069e+00  -1.525515e+00   1.193593e-02   3.717022e+02   1.877998e-01   4.432092e-01  -1.016041e+00  -1.042183e+00   2.634082e-02   2.515588e+01   1.370162e-01  -4.889784e-02  -6.598936e-02   2.370673e-01   4.128112e-01   1.314242e-01
    87  -1.469359e+00  -1.487805e+00   1.286770e-02   3.116355e+02   1.871856e-01   4.421030e-01  -9.632733e-01  -9.888560e-01   2.879262e-02   1.868417e+01   1.336220e-01  -1.436990e-02  -3.129082e-02   2.591336e-01   3.445198e-01   1.265896e-01
    88  -1.431648e+00  -1.450094e+00   1.388256e-02   2.616074e+02   1.866470e-01   4.407535e-01  -9.115200e-01  -9.366262e-01   3.134998e-02   1.385220e+01   1.304187e-01   1.976491e-02   3.032784e-03   2.821498e-01   2.867634e-01   1.217341e-01
    89  -1.393938e+00  -1.412384e+00   1.498928e-02   2.198675e+02   1.861643e-01   4.390662e-01  -8.606064e-01  -8.853175e-01   3.400006e-02   1.023677e+01   1.274478e-01   5.347049e-02   3.694461e-02   3.060005e-01   2.380948e-01   1.168732e-01
    90  -1.356227e+00  -1.374673e+00   1.619774e-02   1.850190e+02   1.857140e-01   4.371908e-01  -8.103802e-01  -8.347676e-01   3.672816e-02   7.533880e+00   1.247158e-01   8.671378e-02   7.041014e-02   3.305535e-01   1.972213e-01   1.120277e-01
    91  -1.318517e+00  -1.336963e+00   1.751874e-02   1.559019e+02   1.852780e-01   4.350318e-01  -7.607205e-01  -7.848409e-01   3.951809e-02   5.519462e+00   1.221898e-01   1.194636e-01   1.033973e-01   3.556628e-01   1.630118e-01   1.072101e-01
    92  -1.280807e+00  -1.299253e+00   1.896453e-02   1.314974e+02   1.848171e-01   4.329308e-01  -7.115412e-01  -7.354351e-01   4.235249e-02   4.025028e+00   1.198165e-01   1.516934e-01   1.358774e-01   3.811724e-01   1.344614e-01   1.024454e-01
    93  -1.243096e+00  -1.261542e+00   2.054959e-02   1.110592e+02   1.843399e-01   4.306709e-01  -6.627819e-01  -6.864776e-01   4.521329e-02   2.921787e+00   1.175420e-01   1.833797e-01   1.678254e-01   4.069196e-01   1.107051e-01   9.774815e-02
    94  -1.205386e+00  -1.223832e+00   2.228639e-02   9.387438e+01   1.838124e-01   4.286281e-01  -6.143922e-01  -6.379134e-01   4.808216e-02   2.110976e+00   1.153277e-01   2.145034e-01   1.992203e-01   4.327394e-01   9.098813e-02   9.313868e-02
    95  -1.167675e+00  -1.186121e+00   2.419386e-02   7.940429e+01   1.832424e-01   4.267898e-01  -5.663213e-01  -5.896920e-01   5.094094e-02   1.517608e+00   1.131574e-01   2.450499e-01   2.300452e-01   4.584685e-01   7.466415e-02   8.863301e-02
    96  -1.129965e+00  -1.148411e+00   2.628991e-02   6.722376e+01   1.826410e-01   4.251435e-01  -5.185063e-01  -5.417561e-01   5.377208e-02   1.085054e+00   1.110265e-01   2.750085e-01   2.602875e-01   4.839488e-01   6.117927e-02   8.424685e-02
    97  -1.092254e+00  -1.110700e+00   2.858892e-02   5.690299e+01   1.820122e-01   4.240021e-01  -4.708667e-01  -4.940336e-01   5.655903e-02   7.709849e-01   1.089372e-01   3.043733e-01   2.899390e-01   5.090312e-01   5.006235e-02   7.999410e-02
    98  -1.054544e+00  -1.072990e+00   3.111681e-02   4.816703e+01   1.813902e-01   4.231615e-01  -4.233068e-01  -4.464360e-01   5.928652e-02   5.440216e-01   1.068955e-01   3.331420e-01   3.189958e-01   5.335787e-01   4.091503e-02   7.588562e-02
    99  -1.016834e+00  -1.035280e+00   3.389721e-02   4.077711e+01   1.807776e-01   4.225863e-01  -3.757110e-01  -3.988572e-01   6.194091e-02   3.808487e-01   1.049063e-01   3.613168e-01   3.474578e-01   5.574682e-01   3.340088e-02   7.193143e-02
   100  -9.791232e-01  -9.975692e-01   3.693892e-02   3.449346e+01   1.802073e-01   4.221707e-01  -3.279405e-01  -3.511692e-01   6.451030e-02   2.642186e-01   1.029762e-01   3.889029e-01   3.753288e-01   5.805927e-01   2.723830e-02   6.813751e-02
   101  -9.414128e-01  -9.598588e-01   4.027859e-02   2.915104e+01   1.797074e-01   4.217194e-01  -2.798365e-01  -3.032228e-01   6.698469e-02   1.814428e-01   1.011144e-01   4.159094e-01   4.026160e-01   6.028622e-01   2.219102e-02   6.450964e-02
   102  -9.037023e-01  -9.221484e-01   4.394527e-02   2.462800e+01   1.792389e-01   4.210554e-01  -2.312195e-01  -2.548481e-01   6.935597e-02   1.231758e-01   9.932921e-02   4.423478e-01   4.293297e-01   6.242038e-01   1.806286e-02   6.104931e-02
   103  -8.659919e-01  -8.844380e-01   4.795940e-02   2.079972e+01   1.787823e-01   4.200226e-01  -1.818829e-01  -2.058510e-01   7.161799e-02   8.254000e-02   9.763339e-02   4.682328e-01   4.554831e-01   6.445619e-01   1.469012e-02   5.775852e-02
   104  -8.282815e-01  -8.467275e-01   5.234488e-02   1.754402e+01   1.783894e-01   4.183472e-01  -1.316043e-01  -1.560164e-01   7.376638e-02   5.452101e-02   9.604126e-02   4.935806e-01   4.810916e-01   6.638974e-01   1.193780e-02   5.463493e-02
   105  -7.905711e-01  -8.090171e-01   5.715103e-02   1.479590e+01   1.779512e-01   4.161354e-01  -8.015322e-02  -1.051173e-01   7.579851e-02   3.545635e-02   9.456240e-02   5.184102e-01   5.061728e-01   6.821866e-01   9.693715e-03   5.167762e-02
   106  -7.528607e-01  -7.713067e-01   6.241770e-02   1.247839e+01   1.774230e-01   4.133934e-01  -2.730437e-02  -5.292540e-02   7.771330e-02   2.268023e-02   9.320478e-02   5.427413e-01   5.307461e-01   6.994197e-01   7.865871e-03   4.888157e-02
   107  -7.151502e-01  -7.335963e-01   6.817777e-02   1.052429e+01   1.767741e-01   4.101700e-01   2.709969e-02   7.489992e-04   7.951106e-02   1.427712e-02   9.193872e-02   5.665958e-01   5.548323e-01   7.155996e-01   6.378133e-03   4.624335e-02
   108  -6.774398e-01  -6.958859e-01   7.446429e-02   8.872267e+00   1.759987e-01   4.065212e-01   8.309651e-02   5.599998e-02   8.119333e-02   8.861687e-03   9.069629e-02   5.899959e-01   5.784534e-01   7.307399e-01   5.168242e-03   4.375674e-02
   109  -6.397294e-01  -6.581754e-01   8.134973e-02   7.479652e+00   1.750330e-01   4.025323e-01   1.404881e-01   1.127396e-01   8.276263e-02   5.450360e-03   8.931364e-02   6.129650e-01   6.016323e-01   7.448636e-01   4.184977e-03   4.141613e-02
   110  -6.020190e-01  -6.204650e-01   8.888952e-02   6.305488e+00   1.738561e-01   3.982153e-01   1.987203e-01   1.705794e-01   8.422234e-02   3.350834e-03   8.750660e-02   6.355268e-01   6.243924e-01   7.580011e-01   3.386442e-03   3.921504e-02
   111  -5.643086e-01  -5.827546e-01   9.714258e-02   5.314588e+00   1.724581e-01   3.935677e-01   2.568763e-01   2.287710e-01   8.557652e-02   2.082350e-03   8.493270e-02   6.577055e-01   6.467577e-01   7.701887e-01   2.738382e-03   3.714643e-02
   112  -5.265981e-01  -5.450442e-01   1.061408e-01   4.477023e+00   1.708342e-01   3.885429e-01   3.138351e-01   2.862888e-01   8.682971e-02   1.322437e-03   8.134623e-02   6.795254e-01   6.687524e-01   7.814674e-01   2.212756e-03   3.520395e-02
   113  -4.888877e-01  -5.073338e-01   1.159701e-01   3.768205e+00   1.689810e-01   3.830515e-01   3.685784e-01   3.420687e-01   8.798682e-02   8.642209e-04   7.677591e-02   7.010107e-01   6.904009e-01   7.918814e-01   1.786728e-03   3.338025e-02
   114  -4.511773e-01  -4.696233e-01   1.267054e-01   3.169045e+00   1.668805e-01   3.770169e-01   4.204427e-01   3.952843e-01   8.905301e-02   5.819655e-04   7.152857e-02   7.221855e-01   7.117271e-01   8.014771e-01   1.441644e-03   3.166864e-02
   115  -4.134669e-01  -4.319129e-01   1.384163e-01   2.662301e+00   1.645324e-01   3.703629e-01   4.691701e-01   4.454894e-01   9.003354e-02   4.027222e-04   6.601526e-02   7.430738e-01   7.327552e-01   8.103019e-01   1.162310e-03   3.006240e-02
   116  -3.757565e-01  -3.942025e-01   1.511727e-01   2.233601e+00   1.619334e-01   3.629822e-01   5.148077e-01   4.925881e-01   9.093373e-02   2.851221e-04   6.058258e-02   7.636986e-01   7.535086e-01   8.184036e-01   9.363597e-04   2.855473e-02
   117  -3.380460e-01  -3.564921e-01   1.650009e-01   1.870672e+00   1.590892e-01   3.547170e-01   5.575690e-01   5.367145e-01   9.175884e-02   2.056367e-04   5.544949e-02   7.840830e-01   7.740104e-01   8.258295e-01   7.537157e-04   2.713942e-02
   118  -3.003356e-01  -3.187817e-01   1.800110e-01   1.563649e+00   1.560002e-01   3.454184e-01   5.977341e-01   5.781157e-01   9.251402e-02   1.505362e-04   5.071922e-02   8.042491e-01   7.942831e-01   8.326262e-01   6.061884e-04   2.581029e-02
   119  -2.626252e-01  -2.810712e-01   1.962681e-01   1.304245e+00   1.526657e-01   3.349944e-01   6.355949e-01   6.170770e-01   9.320429e-02   1.115270e-04   4.642313e-02   8.242184e-01   8.143485e-01   8.388386e-01   4.871198e-04   2.456137e-02
   120  -2.249148e-01  -2.433608e-01   2.138197e-01   1.085211e+00   1.490864e-01   3.232810e-01   6.714286e-01   6.538812e-01   9.383445e-02   8.342619e-05   4.255332e-02   8.440115e-01   8.342277e-01   8.445100e-01   3.910956e-04   2.338715e-02
   121  -1.872044e-01  -2.056504e-01   2.326972e-01   9.003980e-01   1.452597e-01   3.100851e-01   7.054795e-01   6.887877e-01   9.440910e-02   6.290727e-05   3.907944e-02   8.636482e-01   8.539408e-01   8.496819e-01   3.137206e-04   2.228236e-02
   122  -1.494939e-01  -1.679400e-01   2.529405e-01   7.446925e-01   1.412127e-01   2.950849e-01   7.379645e-01   7.220257e-01   9.493262e-02   4.774741e-05   3.596488e-02   8.831475e-01   8.735073e-01   8.543935e-01   2.514274e-04   2.124195e-02
   123  -1.117835e-01  -1.302296e-01   2.746091e-01   6.138770e-01   1.369465e-01   2.782960e-01   7.690726e-01   7.537971e-01   9.540910e-02   3.643897e-05   3.317225e-02   9.025272e-01   8.929454e-01   8.586819e-01   2.013208e-04   2.026124e-02
   124  -7.407310e-02  -9.251914e-02   2.977196e-01   5.042108e-01   1.324705e-01   2.595802e-01   7.989671e-01   7.842770e-01   9.584241e-02   2.793627e-05   3.066438e-02   9.218045e-01   9.122728e-01   8.625817e-01   1.610529e-04   1.933593e-02
   125  -3.636268e-02  -5.480872e-02   3.222339e-01   4.124928e-01   1.278018e-01   2.387896e-01   8.277906e-01   8.136179e-01   9.623618e-02   2.149913e-05   2.840896e-02   9.409953e-01   9.315059e-01   8.661256e-01   1.287223e-04   1.846190e-02
   126   1.347737e-03  -1.709829e-02   3.481436e-01   3.359994e-01   1.229629e-01   2.157610e-01   8.556671e-01   8.419525e-01   9.659376e-02   1.659808e-05   2.637580e-02   9.601145e-01   9.506601e-01   8.693438e-01   1.027889e-04   1.763538e-02
   127   3.905816e-02   2.061213e-02   3.754322e-01   2.724341e-01   1.179667e-01   1.907852e-01   8.827051e-01   8.693965e-01   9.691827e-02   1.284853e-05   2.453891e-02   9.791762e-01   9.697499e-01   8.722644e-01   8.200666e-05   1.685289e-02
   128   7.676858e-02   5.832255e-02   4.040099e-01   2.197919e-01   1.128406e-01   1.638560e-01   9.090006e-01   8.960519e-01   9.721261e-02   9.967800e-06   2.287541e-02   9.981933e-01   9.887888e-01   8.749135e-01   6.536812e-05   1.611125e-02
   129   1.144790e-01   9.603297e-02   4.337692e-01   1.763831e-01   1.076060e-01   1.355600e-01   9.346371e-01   9.220080e-01   9.747945e-02   7.747313e-06   2.136476e-02   1.017178e+00   1.007789e+00   8.773151e-01   5.205985e-05   1.540749e-02
   130   1.521894e-01   1.337434e-01   4.646165e-01   1.407410e-01   1.022943e-01   1.064604e-01   9.596890e-01   9.473437e-01   9.772124e-02   6.030543e-06   1.998966e-02   1.036141e+00   1.026763e+00   8.794912e-01   4.142534e-05   1.473893e-02
   131   1.898998e-01   1.714538e-01   4.961975e-01   1.115508e-01   9.691358e-02   7.613532e-02   9.842227e-01   9.721291e-01   9.794025e-02   4.699936e-06   1.873464e-02   1.055094e+00   1.045721e+00   8.814623e-01   3.293535e-05   1.410310e-02
   132   2.276103e-01   2.091642e-01   5.284898e-01   8.780992e-02   9.149731e-02   4.773534e-02   1.008297e+00   9.964265e-01   9.813854e-02   3.666635e-06   1.758606e-02   1.074044e+00   1.064672e+00   8.832469e-01   2.616366e-05   1.349777e-02
   133   2.653207e-01   2.468746e-01   5.613190e-01   6.863507e-02   8.610219e-02   2.018424e-02   1.031963e+00   1.020291e+00   9.831802e-02   2.862801e-06   1.653231e-02   1.093001e+00   1.083626e+00   8.848622e-01   2.076741e-05   1.292090e-02
   134   3.030311e-01   2.845851e-01   5.944475e-01   5.324866e-02   8.076352e-02  -6.266138e-03   1.055268e+00   1.043772e+00   9.848042e-02   2.236592e-06   1.556309e-02   1.111973e+00   1.102591e+00   8.863237e-01   1.647108e-05   1.237064e-02
   135   3.407415e-01   3.222955e-01   6.273162e-01   4.096864e-02   7.548863e-02  -2.767474e-02   1.078255e+00   1.066913e+00   9.862732e-02   1.748208e-06   1.466931e-02   1.130966e+00   1.121573e+00   8.876458e-01   1.305346e-05   1.184530e-02
   136   3.784519e-01   3.600059e-01   6.599101e-01   3.122680e-02   7.031335e-02  -4.740021e-02   1.100959e+00   1.089755e+00   9.876016e-02   1.366980e-06   1.384306e-02   1.149987e+00   1.140581e+00   8.888415e-01   1.033715e-05   1.134336e-02
   137   4.161624e-01   3.977163e-01   6.920274e-01   2.359451e-02   6.529444e-02  -6.461273e-02   1.123415e+00   1.112332e+00   9.888027e-02   1.069171e-06   1.307747e-02   1.169042e+00   1.159619e+00   8.899225e-01   8.180046e-06   1.086342e-02
   138   4.538728e-01   4.354267e-01   7.229119e-01   1.764674e-02   6.043331e-02  -7.732738e-02   1.145652e+00   1.134675e+00   9.898885e-02   8.363937e-07   1.236645e-02   1.188135e+00   1.178693e+00   8.908996e-01   6.468424e-06   1.040421e-02
   139   4.915832e-01   4.731372e-01   7.528275e-01   1.306125e-02   5.576748e-02  -8.766594e-02   1.167697e+00   1.156814e+00   9.908698e-02   6.543668e-07   1.170465e-02   1.207271e+00   1.197809e+00   8.917828e-01   5.111365e-06   9.964594e-03
   140   5.292936e-01   5.108476e-01   7.810543e-01   9.565014e-03   5.132295e-02  -9.588778e-02   1.189574e+00   1.178773e+00   9.917565e-02   5.119795e-07   1.108737e-02   1.226455e+00   1.216969e+00   8.925808e-01   4.036259e-06   9.543513e-03
   141   5.670040e-01   5.485580e-01   8.077967e-01   6.924244e-03   4.711041e-02  -1.021384e-01   1.211305e+00   1.200576e+00   9.925576e-02   4.005755e-07   1.051044e-02   1.245689e+00   1.236178e+00   8.933019e-01   3.185172e-06   9.140009e-03
   142   6.047145e-01   5.862684e-01   8.324002e-01   4.954670e-03   4.314820e-02  -1.065247e-01   1.232909e+00   1.222242e+00   9.932813e-02   3.133996e-07   9.970246e-03   1.264976e+00   1.255439e+00   8.939532e-01   2.511921e-06   8.753201e-03
   143   6.424249e-01   6.239788e-01   8.550950e-01   3.505111e-03   3.944735e-02  -1.092284e-01   1.254403e+00   1.243789e+00   9.939350e-02   2.451768e-07   9.463564e-03   1.284319e+00   1.274755e+00   8.945415e-01   1.979733e-06   8.382283e-03
   144   6.801353e-01   6.616893e-01   8.757422e-01   2.447825e-03   3.600626e-02  -1.105846e-01   1.275803e+00   1.265235e+00   9.945254e-02   1.917851e-07   8.987538e-03   1.303721e+00   1.294129e+00   8.950729e-01   1.559345e-06   8.026512e-03
   145   7.178457e-01   6.993997e-01   8.941091e-01   1.689649e-03   3.283146e-02  -1.106013e-01   1.297122e+00   1.286593e+00   9.950586e-02   1.500012e-07   8.539638e-03   1.323183e+00   1.313561e+00   8.955527e-01   1.227499e-06   7.685203e-03
   146   7.555561e-01   7.371101e-01   9.103973e-01   1.152763e-03   2.991704e-02  -1.094199e-01   1.318372e+00   1.307877e+00   9.955400e-02   1.173035e-07   8.117614e-03   1.342706e+00   1.333054e+00   8.959860e-01   9.657192e-07   7.357722e-03
   147   7.932666e-01   7.748205e-01   9.246774e-01   7.775204e-04   2.725422e-02  -1.071276e-01   1.339566e+00   1.329098e+00   9.959747e-02   9.171851e-08   7.719465e-03   1.362291e+00   1.352609e+00   8.963772e-01   7.593466e-07   7.043482e-03
   148   8.309770e-01   8.125309e-01   9.370479e-01   5.185740e-04   2.483177e-02  -1.037783e-01   1.360712e+00   1.350268e+00   9.963672e-02   7.170156e-08   7.343404e-03   1.381940e+00   1.372226e+00   8.967304e-01   5.967564e-07   6.741936e-03
   149   8.686874e-01   8.502414e-01   9.476470e-01   3.423344e-04   2.263469e-02  -9.937839e-02   1.381820e+00   1.371394e+00   9.967214e-02   5.604313e-08   6.987833e-03   1.401652e+00   1.391907e+00   8.970493e-01   4.687386e-07   6.452575e-03
   150   9.063978e-01   8.879518e-01   9.566469e-01   2.239173e-04   2.064629e-02  -9.416571e-02   1.402896e+00   1.392486e+00   9.970413e-02   4.379622e-08   6.651320e-03   1.421427e+00   1.411652e+00   8.973371e-01   3.680021e-07   6.174926e-03
   151   9.441082e-01   9.256622e-01   9.642196e-01   1.452635e-04   1.884858e-02  -8.828140e-02   1.423949e+00   1.413550e+00   9.973300e-02   3.421930e-08   6.332577e-03   1.441266e+00   1.431460e+00   8.975970e-01   2.887788e-07   5.908542e-03
   152   9.818187e-01   9.633726e-01   9.705508e-01   9.356681e-05   1.722326e-02  -8.194384e-02   1.444983e+00   1.434593e+00   9.975905e-02   2.673172e-08   6.030448e-03   1.461168e+00   1.451331e+00   8.978315e-01   2.265096e-07   5.653007e-03
   153   1.019529e+00   1.001083e+00   9.758082e-01   5.990914e-05   1.575279e-02  -7.533123e-02   1.466004e+00   1.455620e+00   9.978257e-02   2.087884e-08   5.743885e-03   1.481132e+00   1.471265e+00   8.980432e-01   1.775927e-07   5.407931e-03
   154   1.057239e+00   1.038793e+00   9.801572e-01   3.817128e-05   1.442058e-02  -6.867401e-02   1.487015e+00   1.476637e+00   9.980380e-02   1.630473e-08   5.471942e-03   1.501156e+00   1.491259e+00   8.982342e-01   1.391854e-07   5.172947e-03
   155   1.094950e+00   1.076504e+00   9.837372e-01   2.422717e-05   1.321163e-02  -6.214943e-02   1.508022e+00   1.497645e+00   9.982296e-02   1.273076e-08   5.213761e-03   1.521239e+00   1.511314e+00   8.984066e-01   1.090451e-07   4.947712e-03
   156   1.132660e+00   1.114214e+00   9.866777e-01   1.533226e-05   1.211251e-02  -5.585141e-02   1.529025e+00   1.518650e+00   9.984025e-02   9.938856e-09   4.968565e-03   1.541380e+00   1.531426e+00   8.985622e-01   8.540382e-08   4.731903e-03
   157   1.170371e+00   1.151925e+00   9.890883e-01   9.682403e-06   1.111146e-02  -4.996095e-02   1.550028e+00   1.539653e+00   9.985585e-02   7.758352e-09   4.735649e-03   1.561574e+00   1.551594e+00   8.987027e-01   6.686905e-08   4.525219e-03
   158   1.208081e+00   1.189635e+00   9.910603e-01   6.105863e-06   1.019817e-02  -4.449685e-02   1.571031e+00   1.560656e+00   9.986993e-02   6.055724e-09   4.514372e-03   1.581821e+00   1.571816e+00   8.988294e-01   5.234432e-08   4.327380e-03
   159   1.245792e+00   1.227346e+00   9.926726e-01   3.847285e-06   9.363690e-03  -3.947603e-02   1.592035e+00   1.581660e+00   9.988264e-02   4.726521e-09   4.304153e-03   1.602115e+00   1.592086e+00   8.989438e-01   4.096694e-08   4.138126e-03
   160   1.283502e+00   1.265056e+00   9.939885e-01   2.423323e-06   8.600224e-03  -3.491775e-02   1.613040e+00   1.602664e+00   9.989411e-02   3.689053e-09   4.104465e-03   1.622453e+00   1.612403e+00   8.990470e-01   3.205853e-08   3.957216e-03
   161   1.321212e+00   1.302766e+00   9.950640e-01   1.526438e-06   7.901011e-03  -3.085285e-02   1.634043e+00   1.623668e+00   9.990446e-02   2.879448e-09   3.914834e-03   1.642830e+00   1.632761e+00   8.991401e-01   2.508598e-08   3.784432e-03
   162   1.358923e+00   1.340477e+00   9.959433e-01   9.618382e-07   7.260058e-03  -2.720882e-02   1.655043e+00   1.644670e+00   9.991379e-02   2.247773e-09   3.734831e-03   1.663239e+00   1.653154e+00   8.992241e-01   1.963055e-08   3.619575e-03
   163   1.396633e+00   1.378187e+00   9.966627e-01   6.064363e-07   6.672131e-03  -2.395859e-02   1.676036e+00   1.665667e+00   9.992222e-02   1.755007e-09   3.564072e-03   1.683674e+00   1.673577e+00   8.993000e-01   1.536352e-08   3.462473e-03
   164   1.434344e+00   1.415898e+00   9.972522e-01   3.826578e-07   6.132608e-03  -2.106951e-02   1.697018e+00   1.686654e+00   9.992982e-02   1.370658e-09   3.402220e-03   1.704127e+00   1.694021e+00   8.993684e-01   1.202698e-08   3.312973e-03
   165   1.472054e+00   1.453608e+00   9.977356e-01   2.416799e-07   5.637397e-03  -1.851693e-02   1.717981e+00   1.707626e+00   9.993668e-02   1.070909e-09   3.248977e-03   1.724587e+00   1.714477e+00   8.994301e-01   9.418684e-09   3.170950e-03
   166   1.509765e+00   1.491319e+00   9.981325e-01   1.528008e-07   5.182853e-03  -1.626343e-02   1.738917e+00   1.728575e+00   9.994287e-02   8.371602e-10   3.104087e-03   1.745042e+00   1.734935e+00   8.994858e-01   7.380107e-09   3.036305e-03
   167   1.547475e+00   1.529029e+00   9.984586e-01   9.672192e-08   4.765756e-03  -1.425587e-02   1.759817e+00   1.749493e+00   9.994845e-02   6.548892e-10   2.967336e-03   1.765480e+00   1.755381e+00   8.995361e-01   5.787055e-09   2.908968e-03
   168   1.585185e+00   1.566739e+00   9.987269e-01   6.129959e-08   4.383227e-03  -1.245843e-02   1.780667e+00   1.770367e+00   9.995349e-02   5.127606e-10   2.838553e-03   1.785883e+00   1.775801e+00   8.995814e-01   4.542280e-09   2.788901e-03
   169   1.622896e+00   1.604450e+00   9.989480e-01   3.890052e-08   4.032732e-03  -1.083044e-02   1.801453e+00   1.791184e+00   9.995804e-02   4.019287e-10   2.717607e-03   1.806233e+00   1.796177e+00   8.996223e-01   3.569664e-09   2.676096e-03
   170   1.660606e+00   1.642160e+00   9.991293e-01   2.472039e-08   3.712068e-03  -9.348494e-03   1.822156e+00   1.811928e+00   9.996214e-02   3.154922e-10   2.604408e-03   1.826506e+00   1.816488e+00   8.996593e-01   2.809655e-09   2.570582e-03
   171   1.698317e+00   1.679871e+00   9.992792e-01   1.573273e-08   3.419328e-03  -7.973474e-03   1.842755e+00   1.832578e+00   9.996584e-02   2.480684e-10   2.498911e-03   1.846679e+00   1.836710e+00   8.996926e-01   2.215681e-09   2.472421e-03
   172   1.736027e+00   1.717581e+00   9.994033e-01   1.002916e-08   3.152913e-03  -6.645348e-03   1.863224e+00   1.853110e+00   9.996918e-02   1.954599e-10   2.401113e-03   1.866719e+00   1.856815e+00   8.997226e-01   1.751338e-09   2.381714e-03
   173   1.773737e+00   1.755291e+00   9.995062e-01   6.405091e-09   2.911566e-03  -5.303586e-03   1.883533e+00   1.873497e+00   9.997219e-02   1.543940e-10   2.311053e-03   1.886594e+00   1.876770e+00   8.997498e-01   1.388176e-09   2.298597e-03
   174   1.811448e+00   1.793002e+00   9.995919e-01   4.099731e-09   2.694725e-03  -3.773634e-03   1.903648e+00   1.893707e+00   9.997491e-02   1.223204e-10   2.228809e-03   1.906264e+00   1.896540e+00   8.997742e-01   1.103974e-09   2.223238e-03
   175   1.849158e+00   1.830712e+00   9.996632e-01   2.630893e-09   2.501823e-03  -2.052937e-03   1.923530e+00   1.913703e+00   9.997737e-02   9.725103e-11   2.154500e-03   1.925686e+00   1.916083e+00   8.997963e-01   8.813798e-10   2.155841e-03
   176   1.886869e+00   1.868423e+00   9.997227e-01   1.693624e-09   2.333020e-03  -4.416408e-05   1.943136e+00   1.933444e+00   9.997958e-02   7.763619e-11   2.088316e-03   1.944812e+00   1.935354e+00   8.998162e-01   7.068489e-10   2.096636e-03
   177   1.924579e+00   1.906133e+00   9.997725e-01   1.094521e-09   2.189163e-03   2.495043e-03   1.962422e+00   1.952886e+00   9.998158e-02   6.225994e-11   2.030774e-03   1.963594e+00   1.954305e+00   8.998342e-01   5.697898e-10   2.045953e-03
   178   1.962290e+00   1.943844e+00   9.998145e-01   7.107779e-10   2.072182e-03   5.741588e-03   1.981360e+00   1.971995e+00   9.998338e-02   5.013159e-11   1.984331e-03   1.981985e+00   1.972887e+00   8.998504e-01   4.617419e-10   2.005038e-03
   179   2.000000e+00   1.981554e+00   9.998500e-01   4.631092e-10   1.991457e-03   8.190998e-03   2.000000e+00   1.990780e+00   9.998500e-02   4.036219e-11   1.958471e-03   2.000000e+00   1.991086e+00   8.998650e-01   3.750640e-10   1.981178e-03
