     i          log_r       log_rmid          m_tot        rho_tot         v2_tot            eta     lgr[heavy]    lgrm[heavy]       m[heavy]     rho[heavy]      v2[heavy]     lgr[light]    lgrm[light]       m[light]     rho[light]      v2[light]
     0  -4.564767e+00  -4.865797e+00   1.040328e-07   1.496906e+07   2.341601e-01            nan  -4.564767e+00  -4.865797e+00   9.998500e-08   1.483741e+07   2.317254e-01  -3.122338e+00  -3.423368e+00   8.998650e-07   6.285096e+03   4.533942e-01
     1  -4.528093e+00  -4.546043e+00   1.331999e-07   1.477217e+07   2.329179e-01            nan  -4.542244e+00  -4.553359e+00   1.166721e-07   1.470959e+07   2.317192e-01  -3.081140e+00  -3.101251e+00   1.050049e-06   3.186313e+03   4.419162e-01
     2  -4.491418e+00  -4.509368e+00   1.706311e-07   1.474325e+07   2.328236e-01            nan  -4.519726e+00  -4.530839e+00   1.361439e-07   1.469574e+07   2.317185e-01  -3.040445e+00  -3.060316e+00   1.225295e-06   2.836852e+03   4.396418e-01
     3  -4.454743e+00  -4.472694e+00   2.186672e-07   1.471018e+07   2.327366e-01            nan  -4.497212e+00  -4.508323e+00   1.588651e-07   1.468046e+07   2.317177e-01  -3.000108e+00  -3.019808e+00   1.429786e-06   2.524567e+03   4.371591e-01
     4  -4.418069e+00  -4.436019e+00   2.803028e-07   1.467274e+07   2.326562e-01            nan  -4.474700e+00  -4.485810e+00   1.853780e-07   1.466358e+07   2.317169e-01  -2.960036e+00  -2.979610e+00   1.668402e-06   2.246279e+03   4.344682e-01
     5  -4.381394e+00  -4.399344e+00   3.593753e-07   1.462978e+07   2.325820e-01            nan  -4.452185e+00  -4.463296e+00   2.163150e-07   1.464494e+07   2.317160e-01  -2.920164e+00  -2.939642e+00   1.946835e-06   1.998790e+03   4.315497e-01
     6  -4.344719e+00  -4.362670e+00   4.607812e-07   1.458006e+07   2.325133e-01            nan  -4.429666e+00  -4.440780e+00   2.524142e-07   1.462436e+07   2.317150e-01  -2.880465e+00  -2.899861e+00   2.271728e-06   1.779650e+03   4.284683e-01
     7  -4.308045e+00  -4.325995e+00   5.907758e-07   1.452306e+07   2.324496e-01            nan  -4.407141e+00  -4.418258e+00   2.945370e-07   1.460163e+07   2.317138e-01  -2.840928e+00  -2.860247e+00   2.650833e-06   1.585885e+03   4.252111e-01
     8  -4.271370e+00  -4.289320e+00   7.573509e-07   1.445647e+07   2.323905e-01            nan  -4.384606e+00  -4.395728e+00   3.436881e-07   1.457652e+07   2.317126e-01  -2.801553e+00  -2.820794e+00   3.093193e-06   1.414908e+03   4.218156e-01
     9  -4.234695e+00  -4.252646e+00   9.706047e-07   1.437935e+07   2.323356e-01            nan  -4.362061e+00  -4.373187e+00   4.010398e-07   1.454879e+07   2.317112e-01  -2.762353e+00  -2.781511e+00   3.609358e-06   1.264213e+03   4.183080e-01
    10  -4.198021e+00  -4.215971e+00   1.243463e-06   1.429034e+07   2.322843e-01            nan  -4.339501e+00  -4.350634e+00   4.679601e-07   1.451816e+07   2.317097e-01  -2.723344e+00  -2.742410e+00   4.211641e-06   1.131477e+03   4.147111e-01
    11  -4.161346e+00  -4.179296e+00   1.592226e-06   1.418566e+07   2.322362e-01            nan  -4.316925e+00  -4.328066e+00   5.460446e-07   1.448432e+07   2.317080e-01  -2.684543e+00  -2.703510e+00   4.914402e-06   1.014564e+03   4.110614e-01
    12  -4.124671e+00  -4.142622e+00   2.037404e-06   1.406510e+07   2.321910e-01            nan  -4.294329e+00  -4.305480e+00   6.371554e-07   1.444695e+07   2.317061e-01  -2.645968e+00  -2.664827e+00   5.734398e-06   9.115481e+02   4.073841e-01
    13  -4.087997e+00  -4.105947e+00   2.605077e-06   1.392469e+07   2.321481e-01            nan  -4.271712e+00  -4.282874e+00   7.434644e-07   1.440568e+07   2.317040e-01  -2.607637e+00  -2.626380e+00   6.691180e-06   8.206935e+02   4.036967e-01
    14  -4.051322e+00  -4.069272e+00   3.327347e-06   1.376170e+07   2.321073e-01            nan  -4.249070e+00  -4.260243e+00   8.675058e-07   1.436011e+07   2.317017e-01  -2.569561e+00  -2.588182e+00   7.807552e-06   7.404489e+02   4.000415e-01
    15  -4.014647e+00  -4.032597e+00   4.244944e-06   1.357488e+07   2.320679e-01            nan  -4.226399e+00  -4.237586e+00   1.012236e-06   1.430981e+07   2.316991e-01  -2.531754e+00  -2.550246e+00   9.110122e-06   6.694987e+02   3.963972e-01
    16  -3.977972e+00  -3.995923e+00   5.407867e-06   1.335664e+07   2.320297e-01            nan  -4.203696e+00  -4.214899e+00   1.181103e-06   1.425428e+07   2.316963e-01  -2.494220e+00  -2.512582e+00   1.062993e-05   6.065899e+02   3.928297e-01
    17  -3.941298e+00  -3.959248e+00   6.877348e-06   1.310868e+07   2.319921e-01            nan  -4.180957e+00  -4.192178e+00   1.378130e-06   1.419300e+07   2.316931e-01  -2.456968e+00  -2.475195e+00   1.240317e-05   5.507910e+02   3.892736e-01
    18  -3.904623e+00  -3.922573e+00   8.729850e-06   1.282271e+07   2.319546e-01            nan  -4.158178e+00  -4.169418e+00   1.608010e-06   1.412541e+07   2.316897e-01  -2.419995e+00  -2.438088e+00   1.447209e-05   5.010783e+02   3.858162e-01
    19  -3.867948e+00  -3.885899e+00   1.105368e-05   1.249887e+07   2.319169e-01            nan  -4.135354e+00  -4.146616e+00   1.876216e-06   1.405086e+07   2.316858e-01  -2.383303e+00  -2.401261e+00   1.688595e-05   4.567792e+02   3.823883e-01
    20  -3.831274e+00  -3.849224e+00   1.396231e-05   1.213182e+07   2.318782e-01            nan  -4.112479e+00  -4.123766e+00   2.189133e-06   1.396868e+07   2.316815e-01  -2.346886e+00  -2.364713e+00   1.970220e-05   4.171551e+02   3.790244e-01
    21  -3.794599e+00  -3.812549e+00   1.757632e-05   1.171964e+07   2.318381e-01            nan  -4.089548e+00  -4.100862e+00   2.554206e-06   1.387812e+07   2.316767e-01  -2.310742e+00  -2.328438e+00   2.298786e-05   3.816644e+02   3.756916e-01
    22  -3.757924e+00  -3.775875e+00   2.205642e-05   1.126040e+07   2.317959e-01            nan  -4.066554e+00  -4.077899e+00   2.980121e-06   1.377839e+07   2.316714e-01  -2.274864e+00  -2.292433e+00   2.682109e-05   3.497990e+02   3.723768e-01
    23  -3.721250e+00  -3.739200e+00   2.755736e-05   1.075368e+07   2.317510e-01            nan  -4.043491e+00  -4.054870e+00   3.477003e-06   1.366860e+07   2.316655e-01  -2.239244e+00  -2.256689e+00   3.129303e-05   3.211091e+02   3.690785e-01
    24  -3.684575e+00  -3.702525e+00   3.428849e-05   1.019832e+07   2.317024e-01            nan  -4.020350e+00  -4.031766e+00   4.056664e-06   1.354784e+07   2.316590e-01  -2.203876e+00  -2.221200e+00   3.650997e-05   2.952500e+02   3.657526e-01
    25  -3.647900e+00  -3.665851e+00   4.244290e-05   9.603298e+06   2.316498e-01            nan  -3.997122e+00  -4.008581e+00   4.732872e-06   1.341510e+07   2.316517e-01  -2.168748e+00  -2.185957e+00   4.259585e-05   2.718460e+02   3.624220e-01
    26  -3.611226e+00  -3.629176e+00   5.224659e-05   8.960687e+06   2.315913e-01            nan  -3.973797e+00  -3.985303e+00   5.521683e-06   1.326930e+07   2.316437e-01  -2.133853e+00  -2.150950e+00   4.969515e-05   2.506628e+02   3.590271e-01
    27  -3.574551e+00  -3.592501e+00   6.395369e-05   8.290797e+06   2.315270e-01            nan  -3.950364e+00  -3.961923e+00   6.441814e-06   1.310930e+07   2.316347e-01  -2.099176e+00  -2.116168e+00   5.797633e-05   2.313875e+02   3.556118e-01
    28  -3.537876e+00  -3.555827e+00   7.774150e-05   7.598646e+06   2.314552e-01            nan  -3.926811e+00  -3.938428e+00   7.515084e-06   1.293392e+07   2.316248e-01  -2.064707e+00  -2.081600e+00   6.763576e-05   2.138481e+02   3.521229e-01
    29  -3.501202e+00  -3.519152e+00   9.383799e-05   6.886623e+06   2.313736e-01            nan  -3.903124e+00  -3.914806e+00   8.766923e-06   1.274187e+07   2.316137e-01  -2.030428e+00  -2.047229e+00   7.890231e-05   1.978051e+02   3.486062e-01
    30  -3.464527e+00  -3.482477e+00   1.124602e-04   6.176921e+06   2.312817e-01            nan  -3.879286e+00  -3.891042e+00   1.022697e-05   1.253185e+07   2.316013e-01  -1.996325e+00  -2.013042e+00   9.204273e-05   1.831181e+02   3.450326e-01
    31  -3.427852e+00  -3.445803e+00   1.337638e-04   5.480859e+06   2.311774e-01            nan  -3.855281e+00  -3.867118e+00   1.192976e-05   1.230252e+07   2.315876e-01  -1.962378e+00  -1.979020e+00   1.073678e-04   1.696084e+02   3.414463e-01
    32  -3.391178e+00  -3.409128e+00   1.578533e-04   4.809670e+06   2.310583e-01            nan  -3.831088e+00  -3.843016e+00   1.391553e-05   1.205248e+07   2.315723e-01  -1.928569e+00  -1.945145e+00   1.252398e-04   1.571626e+02   3.378387e-01
    33  -3.354503e+00  -3.372453e+00   1.847752e-04   4.173826e+06   2.309215e-01            nan  -3.806686e+00  -3.818716e+00   1.623115e-05   1.178037e+07   2.315552e-01  -1.894873e+00  -1.911394e+00   1.460803e-04   1.456465e+02   3.342567e-01
    34  -3.317828e+00  -3.335779e+00   2.145187e-04   3.582366e+06   2.307636e-01            nan  -3.782047e+00  -3.794192e+00   1.893121e-05   1.148483e+07   2.315361e-01  -1.861269e+00  -1.877746e+00   1.703808e-04   1.349738e+02   3.307009e-01
    35  -3.281154e+00  -3.299104e+00   2.470273e-04   3.042316e+06   2.305802e-01            nan  -3.757145e+00  -3.769418e+00   2.207926e-05   1.116458e+07   2.315148e-01  -1.827731e+00  -1.844176e+00   1.987134e-04   1.250445e+02   3.272190e-01
    36  -3.244479e+00  -3.262429e+00   2.822229e-04   2.558268e+06   2.303668e-01            nan  -3.731946e+00  -3.744363e+00   2.574932e-05   1.081843e+07   2.314908e-01  -1.794236e+00  -1.810661e+00   2.317439e-04   1.157992e+02   3.238060e-01
    37  -3.207804e+00  -3.225755e+00   3.200414e-04   2.132185e+06   2.301187e-01            nan  -3.706414e+00  -3.718992e+00   3.002750e-05   1.044535e+07   2.314640e-01  -1.760759e+00  -1.777175e+00   2.702475e-04   1.071651e+02   3.205051e-01
    38  -3.171130e+00  -3.189080e+00   3.604739e-04   1.763450e+06   2.298318e-01            nan  -3.680505e+00  -3.693266e+00   3.501400e-05   1.004454e+07   2.314338e-01  -1.727277e+00  -1.743695e+00   3.151260e-04   9.910658e+01   3.172908e-01
    39  -3.134455e+00  -3.152405e+00   4.036024e-04   1.449159e+06   2.295051e-01            nan  -3.654171e+00  -3.667138e+00   4.082538e-05   9.615493e+06   2.313997e-01  -1.693769e+00  -1.710200e+00   3.674284e-04   9.157103e+01   3.141972e-01
    40  -3.097780e+00  -3.115731e+00   4.480761e-04   1.183048e+06   2.291236e-01   4.765272e-01  -3.627358e+00  -3.640558e+00   4.759714e-05   9.158101e+06   2.313612e-01  -1.660220e+00  -1.676670e+00   4.283742e-04   8.453869e+01   3.111759e-01
    41  -3.061106e+00  -3.079056e+00   4.949461e-04   9.606072e+05   2.286584e-01   4.753639e-01  -3.600000e+00  -3.613464e+00   5.548679e-05   8.672736e+06   2.313175e-01  -1.626614e+00  -1.643092e+00   4.993811e-04   7.797492e+01   3.082344e-01
    42  -3.024431e+00  -3.042381e+00   5.447042e-04   7.778506e+05   2.281339e-01   4.737311e-01  -3.572025e+00  -3.585787e+00   6.467734e-05   8.160375e+06   2.312677e-01  -1.592946e+00  -1.609454e+00   5.820960e-04   7.186401e+01   3.053177e-01
    43  -2.987756e+00  -3.005707e+00   5.948967e-04   6.277822e+05   2.275256e-01   4.720705e-01  -3.543346e+00  -3.557449e+00   7.538125e-05   7.622717e+06   2.312106e-01  -1.559211e+00  -1.575751e+00   6.784313e-04   6.618211e+01   3.024052e-01
    44  -2.951082e+00  -2.969032e+00   6.481494e-04   5.058418e+05   2.268160e-01   4.704278e-01  -3.513864e+00  -3.528355e+00   8.784517e-05   7.062307e+06   2.311449e-01  -1.525410e+00  -1.541982e+00   7.906065e-04   6.091072e+01   2.994543e-01
    45  -2.914407e+00  -2.932357e+00   7.028390e-04   4.072675e+05   2.260623e-01   4.686201e-01  -3.483463e+00  -3.498397e+00   1.023551e-04   6.482657e+06   2.310687e-01  -1.491547e+00  -1.508148e+00   9.211963e-04   5.602878e+01   2.964305e-01
    46  -2.877732e+00  -2.895682e+00   7.598287e-04   3.279213e+05   2.251415e-01   4.671117e-01  -3.452006e+00  -3.467450e+00   1.192428e-04   5.888350e+06   2.309797e-01  -1.457628e+00  -1.474256e+00   1.073185e-03   5.151352e+01   2.933167e-01
    47  -2.841057e+00  -2.859008e+00   8.189172e-04   2.640514e+05   2.242142e-01   4.653707e-01  -3.419335e+00  -3.435363e+00   1.388921e-04   5.285119e+06   2.308748e-01  -1.423661e+00  -1.440313e+00   1.250029e-03   4.734381e+01   2.900747e-01
    48  -2.804383e+00  -2.822333e+00   8.803917e-04   2.131533e+05   2.230779e-01   4.640874e-01  -3.385260e+00  -3.401963e+00   1.617478e-04   4.679868e+06   2.307499e-01  -1.389655e+00  -1.406325e+00   1.455730e-03   4.349416e+01   2.867174e-01
    49  -2.767708e+00  -2.785658e+00   9.442239e-04   1.720923e+05   2.219558e-01   4.625871e-01  -3.349559e+00  -3.367043e+00   1.883238e-04   4.080626e+06   2.305994e-01  -1.355615e+00  -1.372301e+00   1.694914e-03   3.994298e+01   2.832193e-01
    50  -2.731033e+00  -2.748984e+00   1.011271e-03   1.395457e+05   2.206297e-01   4.616087e-01  -3.311970e+00  -3.330358e+00   2.192140e-04   3.496397e+06   2.304159e-01  -1.321549e+00  -1.338248e+00   1.972926e-03   3.666635e+01   2.795923e-01
    51  -2.694359e+00  -2.712309e+00   1.080752e-03   1.132099e+05   2.193089e-01   4.605335e-01  -3.272184e+00  -3.291622e+00   2.551039e-04   2.936867e+06   2.301887e-01  -1.287459e+00  -1.304170e+00   2.295935e-03   3.364213e+01   2.758411e-01
    52  -2.657684e+00  -2.675634e+00   1.154595e-03   9.227199e+04   2.178420e-01   4.598835e-01  -3.229837e+00  -3.250495e+00   2.967831e-04   2.411960e+06   2.299032e-01  -1.253348e+00  -1.270069e+00   2.671048e-03   3.084985e+01   2.719680e-01
    53  -2.621009e+00  -2.638960e+00   1.231225e-03   7.533429e+04   2.163459e-01   4.593171e-01  -3.184511e+00  -3.206583e+00   3.451610e-04   1.931223e+06   2.295387e-01  -1.219211e+00  -1.235944e+00   3.106449e-03   2.826748e+01   2.680140e-01
    54  -2.584335e+00  -2.602285e+00   1.312996e-03   6.171400e+04   2.147904e-01   4.589846e-01  -3.135730e+00  -3.159436e+00   4.012824e-04   1.503039e+06   2.290655e-01  -1.185045e+00  -1.201792e+00   3.611542e-03   2.587819e+01   2.639798e-01
    55  -2.547660e+00  -2.565610e+00   1.398996e-03   5.073941e+04   2.131715e-01   4.589024e-01  -3.082975e+00  -3.108552e+00   4.663463e-04   1.133757e+06   2.284417e-01  -1.150839e+00  -1.167605e+00   4.197117e-03   2.366373e+01   2.599079e-01
    56  -2.510985e+00  -2.528936e+00   1.490528e-03   4.177202e+04   2.115681e-01   4.588794e-01  -3.025718e+00  -3.053403e+00   5.417261e-04   8.268332e+05   2.276091e-01  -1.116581e+00  -1.133372e+00   4.875535e-03   2.160923e+01   2.558224e-01
    57  -2.474311e+00  -2.492261e+00   1.588147e-03   3.457992e+04   2.098972e-01   4.591517e-01  -2.963483e+00  -2.993487e+00   6.289911e-04   5.821772e+05   2.264890e-01  -1.082258e+00  -1.099081e+00   5.660920e-03   1.970246e+01   2.517321e-01
    58  -2.437636e+00  -2.455586e+00   1.692274e-03   2.863103e+04   2.082699e-01   4.594260e-01  -2.895961e+00  -2.928411e+00   7.299314e-04   3.959457e+05   2.249819e-01  -1.047851e+00  -1.064714e+00   6.569382e-03   1.793028e+01   2.476899e-01
    59  -2.400961e+00  -2.418912e+00   1.803746e-03   2.383087e+04   2.066248e-01   4.598735e-01  -2.823148e+00  -2.858030e+00   8.465830e-04   2.609557e+05   2.229770e-01  -1.013344e+00  -1.030255e+00   7.619247e-03   1.628458e+01   2.436898e-01
    60  -2.364287e+00  -2.382237e+00   1.923821e-03   1.985375e+04   2.050172e-01   4.603285e-01  -2.745502e+00  -2.782592e+00   9.812558e-04   1.677733e+05   2.203773e-01  -9.787222e-01  -9.956882e-01   8.831303e-03   1.475775e+01   2.397324e-01
    61  -2.327612e+00  -2.345562e+00   2.052121e-03   1.659218e+04   2.034387e-01   4.607945e-01  -2.663998e+00  -2.702840e+00   1.136562e-03   1.062481e+05   2.171419e-01  -9.439703e-01  -9.609987e-01   1.022906e-02   1.334237e+01   2.358370e-01
    62  -2.290937e+00  -2.308888e+00   2.192060e-03   1.389638e+04   2.018960e-01   4.612195e-01  -2.580038e+00  -2.619992e+00   1.315444e-03   6.702971e+04   2.133287e-01  -9.090783e-01  -9.261740e-01   1.183900e-02   1.203349e+01   2.319788e-01
    63  -2.254263e+00  -2.272213e+00   2.341801e-03   1.165859e+04   2.003945e-01   4.615780e-01  -2.495191e+00  -2.535546e+00   1.521208e-03   4.257566e+04   2.091028e-01  -8.740402e-01  -8.912060e-01   1.369088e-02   1.082612e+01   2.281375e-01
    64  -2.217588e+00  -2.235538e+00   2.505510e-03   9.807178e+03   1.989284e-01   4.618209e-01  -2.410886e+00  -2.450996e+00   1.757548e-03   2.744497e+04   2.046930e-01  -8.388516e-01  -8.560896e-01   1.581793e-02   9.714731e+00   2.243189e-01
    65  -2.180913e+00  -2.198864e+00   2.681799e-03   8.257676e+03   1.975028e-01   4.619487e-01  -2.328212e+00  -2.367585e+00   2.028572e-03   1.803792e+04   2.003143e-01  -8.035129e-01  -8.208229e-01   1.825715e-02   8.694682e+00   2.204994e-01
    66  -2.144239e+00  -2.162189e+00   2.874629e-03   6.971047e+03   1.960927e-01   4.619581e-01  -2.247866e+00  -2.286183e+00   2.338830e-03   1.210865e+04   1.961041e-01  -7.680274e-01  -7.854078e-01   2.104947e-02   7.761087e+00   2.166598e-01
    67  -2.107564e+00  -2.125514e+00   3.083464e-03   5.888639e+03   1.947212e-01   4.618169e-01  -2.170204e+00  -2.207301e+00   2.693323e-03   8.300379e+03   1.920982e-01  -7.324003e-01  -7.498487e-01   2.423991e-02   6.908761e+00   2.128053e-01
    68  -2.070889e+00  -2.088840e+00   3.312153e-03   4.985104e+03   1.933277e-01   4.616706e-01  -2.095342e+00  -2.131162e+00   3.097518e-03   5.802314e+03   1.882477e-01  -6.966382e-01  -7.141513e-01   2.787766e-02   6.132663e+00   2.089322e-01
    69  -2.034215e+00  -2.052165e+00   3.560686e-03   4.222519e+03   1.919680e-01   4.613842e-01  -2.023228e+00  -2.057790e+00   3.557342e-03   4.127949e+03   1.844600e-01  -6.607500e-01  -6.783235e-01   3.201608e-02   5.427972e+00   2.050304e-01
    70  -1.997540e+00  -2.015490e+00   3.833437e-03   3.582063e+03   1.905535e-01   4.612618e-01  -1.953709e+00  -1.987079e+00   4.079169e-03   2.981578e+03   1.806455e-01  -6.247464e-01  -6.423752e-01   3.671252e-02   4.789974e+00   2.010907e-01
    71  -1.960865e+00  -1.978816e+00   4.130207e-03   3.040237e+03   1.891621e-01   4.611029e-01  -1.886557e+00  -1.918836e+00   4.669785e-03   2.180411e+03   1.767575e-01  -5.886391e-01  -6.063176e-01   4.202806e-02   4.213958e+00   1.971246e-01
    72  -1.924191e+00  -1.942141e+00   4.456752e-03   2.582434e+03   1.877137e-01   4.612375e-01  -1.821491e+00  -1.852806e+00   5.336336e-03   1.609478e+03   1.728146e-01  -5.524416e-01  -5.701634e-01   4.802703e-02   3.695491e+00   1.931252e-01
    73  -1.887516e+00  -1.905466e+00   4.811858e-03   2.194115e+03   1.862791e-01   4.615284e-01  -1.758192e+00  -1.788689e+00   6.086254e-03   1.195303e+03   1.689010e-01  -5.161694e-01  -5.339269e-01   5.477629e-02   3.230332e+00   1.890844e-01
    74  -1.850841e+00  -1.868792e+00   5.203359e-03   1.864482e+03   1.848268e-01   4.621748e-01  -1.696322e+00  -1.726156e+00   6.927149e-03   8.902548e+02   1.651478e-01  -4.798401e-01  -4.976250e-01   6.234434e-02   2.814407e+00   1.849937e-01
    75  -1.814167e+00  -1.832117e+00   5.629629e-03   1.583787e+03   1.834034e-01   4.631261e-01  -1.635540e+00  -1.664868e+00   7.866679e-03   6.630150e+02   1.616986e-01  -4.434732e-01  -4.612761e-01   7.080011e-02   2.443767e+00   1.808586e-01
    76  -1.777492e+00  -1.795442e+00   6.097334e-03   1.345142e+03   1.820239e-01   4.643764e-01  -1.575536e+00  -1.604502e+00   8.912390e-03   4.926355e+02   1.586692e-01  -4.070900e-01  -4.249007e-01   8.021151e-02   2.114659e+00   1.766741e-01
    77  -1.740817e+00  -1.758767e+00   6.607667e-03   1.140777e+03   1.807403e-01   4.658436e-01  -1.516068e+00  -1.544785e+00   1.007152e-02   3.647471e+02   1.561059e-01  -3.707144e-01  -3.885215e-01   9.064369e-02   1.823534e+00   1.724327e-01
    78  -1.704142e+00  -1.722093e+00   7.165126e-03   9.672063e+02   1.795591e-01   4.674754e-01  -1.456996e+00  -1.485528e+00   1.135078e-02   2.691221e+02   1.539553e-01  -3.343730e-01  -3.521637e-01   1.021570e-01   1.567021e+00   1.681265e-01
    79  -1.667468e+00  -1.685418e+00   7.772682e-03   8.181972e+02   1.785785e-01   4.689250e-01  -1.398303e+00  -1.426659e+00   1.275612e-02   1.981330e+02   1.520638e-01  -2.980944e-01  -3.158550e-01   1.148050e-01   1.341902e+00   1.637561e-01
    80  -1.630793e+00  -1.648743e+00   8.434675e-03   6.914860e+02   1.777836e-01   4.701575e-01  -1.340087e+00  -1.368220e+00   1.429243e-02   1.458422e+02   1.502242e-01  -2.619093e-01  -2.796251e-01   1.286319e-01   1.145124e+00   1.593228e-01
    81  -1.594118e+00  -1.612069e+00   9.153483e-03   5.836438e+02   1.771988e-01   4.709675e-01  -1.282514e+00  -1.310347e+00   1.596333e-02   1.075384e+02   1.482508e-01  -2.258508e-01  -2.435059e-01   1.436700e-01   9.738411e-01   1.548221e-01
    82  -1.557444e+00  -1.575394e+00   9.934039e-03   4.916239e+02   1.769118e-01   4.708822e-01  -1.225762e+00  -1.253212e+00   1.777087e-02   7.952876e+01   1.460363e-01  -1.899543e-01  -2.075318e-01   1.599378e-01   8.253861e-01   1.502505e-01
    83  -1.520769e+00  -1.538719e+00   1.078199e-02   4.139926e+02   1.767956e-01   4.702237e-01  -1.169970e+00  -1.196971e+00   1.971527e-02   5.900780e+01   1.435560e-01  -1.542568e-01  -1.717389e-01   1.774374e-01   6.972553e-01   1.456139e-01
    84  -1.484094e+00  -1.502045e+00   1.169755e-02   3.481100e+02   1.769551e-01   4.684302e-01  -1.115220e+00  -1.141733e+00   2.179475e-02   4.390921e+01   1.408392e-01  -1.187961e-01  -1.361646e-01   1.961527e-01   5.871228e-01   1.409192e-01
    85  -1.447420e+00  -1.465370e+00   1.269255e-02   2.927190e+02   1.772595e-01   4.659284e-01  -1.061534e+00  -1.087548e+00   2.400535e-02   3.273964e+01   1.379463e-01  -8.361135e-02  -1.008475e-01   2.160481e-01   4.928611e-01   1.361688e-01
    86  -1.410745e+00  -1.428695e+00   1.376885e-02   2.462342e+02   1.776789e-01   4.626948e-01  -1.008876e+00  -1.034407e+00   2.634082e-02   2.442962e+01   1.349605e-01  -4.874215e-02  -6.582689e-02   2.370673e-01   4.125151e-01   1.313699e-01
    87  -1.374070e+00  -1.392021e+00   1.493519e-02   2.071910e+02   1.781658e-01   4.589574e-01  -9.571650e-01  -9.822511e-01   2.879262e-02   1.821563e+01   1.319731e-01  -1.422670e-02  -3.114163e-02   2.591336e-01   3.442895e-01   1.265411e-01
    88  -1.337396e+00  -1.355346e+00   1.620483e-02   1.745614e+02   1.786446e-01   4.548938e-01  -9.062889e-01  -9.309824e-01   3.134998e-02   1.355227e+01   1.290722e-01   1.989705e-02   3.170240e-03   2.821498e-01   2.865840e-01   1.216908e-01
    89  -1.300721e+00  -1.318671e+00   1.757925e-02   1.472531e+02   1.790804e-01   4.506731e-01  -8.561205e-01  -8.804807e-01   3.400006e-02   1.004743e+01   1.263226e-01   5.359285e-02   3.707167e-02   3.060005e-01   2.379550e-01   1.168344e-01
    90  -1.264046e+00  -1.281997e+00   1.907762e-02   1.243844e+02   1.794031e-01   4.466534e-01  -8.065375e-01  -8.306218e-01   3.672816e-02   7.416165e+00   1.237550e-01   8.682746e-02   7.052799e-02   3.305535e-01   1.971123e-01   1.119930e-01
    91  -1.227372e+00  -1.245322e+00   2.071320e-02   1.052226e+02   1.796451e-01   4.426273e-01  -7.574365e-01  -7.812935e-01   3.951809e-02   5.447133e+00   1.213597e-01   1.195696e-01   1.035070e-01   3.556628e-01   1.629267e-01   1.071790e-01
    92  -1.190697e+00  -1.208647e+00   2.249189e-02   8.912077e+01   1.797473e-01   4.390373e-01  -7.087411e-01  -7.324067e-01   4.235249e-02   3.980865e+00   1.190996e-01   1.517925e-01   1.359798e-01   3.811724e-01   1.343949e-01   1.024175e-01
    93  -1.154022e+00  -1.171973e+00   2.443844e-02   7.555628e+01   1.797348e-01   4.358630e-01  -6.603973e-01  -6.838969e-01   4.521329e-02   2.894831e+00   1.169275e-01   1.834726e-01   1.679214e-01   4.069196e-01   1.106531e-01   9.772306e-02
    94  -1.117348e+00  -1.135298e+00   2.656920e-02   6.412485e+01   1.796335e-01   4.329673e-01  -6.123617e-01  -6.357157e-01   4.808216e-02   2.094497e+00   1.148054e-01   2.145910e-01   1.993105e-01   4.327394e-01   9.094745e-02   9.311612e-02
    95  -1.080673e+00  -1.098623e+00   2.889252e-02   5.444190e+01   1.794285e-01   4.306755e-01  -5.645915e-01  -5.878201e-01   5.094094e-02   1.507544e+00   1.127156e-01   2.451325e-01   2.301302e-01   4.584685e-01   7.463229e-02   8.861270e-02
    96  -1.043998e+00  -1.061949e+00   3.143815e-02   4.622508e+01   1.791730e-01   4.288754e-01  -5.170318e-01  -5.401610e-01   5.377208e-02   1.078922e+00   1.106531e-01   2.750867e-01   2.603678e-01   4.839488e-01   6.115429e-02   8.422854e-02
    97  -1.007324e+00  -1.025274e+00   3.422864e-02   3.926091e+01   1.788769e-01   4.273799e-01  -4.696090e-01  -4.926734e-01   5.655903e-02   7.672655e-01   1.086212e-01   3.044475e-01   2.900152e-01   5.090312e-01   5.004276e-02   7.997758e-02
    98  -9.706489e-01  -9.885992e-01   3.727006e-02   3.333495e+01   1.785629e-01   4.262105e-01  -4.222338e-01  -4.452757e-01   5.928652e-02   5.417829e-01   1.066277e-01   3.332127e-01   3.190682e-01   5.335787e-01   4.089966e-02   7.587069e-02
    99  -9.339742e-01  -9.519246e-01   4.059788e-02   2.828053e+01   1.782773e-01   4.251564e-01  -3.747957e-01  -3.978674e-01   6.194091e-02   3.795116e-01   1.046789e-01   3.613842e-01   3.475268e-01   5.574682e-01   3.338882e-02   7.191792e-02
   100  -8.972996e-01  -9.152499e-01   4.424092e-02   2.398853e+01   1.779866e-01   4.239833e-01  -3.271603e-01  -3.503252e-01   6.451030e-02   2.634272e-01   1.027828e-01   3.889674e-01   3.753947e-01   5.805927e-01   2.722882e-02   6.812526e-02
   101  -8.606249e-01  -8.785752e-01   4.821902e-02   2.034394e+01   1.776783e-01   4.225820e-01  -2.791724e-01  -3.025039e-01   6.698469e-02   1.809807e-01   1.009497e-01   4.159712e-01   4.026791e-01   6.028622e-01   2.218357e-02   6.449853e-02
   102  -8.239502e-01  -8.419005e-01   5.255003e-02   1.723417e+01   1.774004e-01   4.206970e-01  -2.306555e-01  -2.542368e-01   6.935597e-02   1.229098e-01   9.918889e-02   4.424071e-01   4.293902e-01   6.242038e-01   1.805701e-02   6.103921e-02
   103  -7.872755e-01  -8.052258e-01   5.728401e-02   1.459725e+01   1.770681e-01   4.183218e-01  -1.814052e-01  -2.053326e-01   7.161799e-02   8.238916e-02   9.751370e-02   4.682898e-01   4.555412e-01   6.445619e-01   1.468551e-02   5.774933e-02
   104  -7.506008e-01  -7.685512e-01   6.245806e-02   1.236429e+01   1.766389e-01   4.154675e-01  -1.312015e-01  -1.555783e-01   7.376638e-02   5.443736e-02   9.593916e-02   4.936355e-01   4.811475e-01   6.638974e-01   1.193418e-02   5.462655e-02
   105  -7.139262e-01  -7.318765e-01   6.809684e-02   1.047350e+01   1.760866e-01   4.121571e-01  -7.981538e-02  -1.047489e-01   7.579851e-02   3.541094e-02   9.447532e-02   5.184631e-01   5.062267e-01   6.821866e-01   9.690870e-03   5.166998e-02
   106  -6.772515e-01  -6.952018e-01   7.423661e-02   8.867175e+00   1.754137e-01   4.084238e-01  -2.702301e-02  -5.261752e-02   7.771330e-02   2.265626e-02   9.313055e-02   5.427925e-01   5.307981e-01   6.994197e-01   7.863635e-03   4.887459e-02
   107  -6.405768e-01  -6.585271e-01   8.094387e-02   7.508081e+00   1.745478e-01   4.043613e-01   2.733219e-02   1.004403e-03   7.951106e-02   1.426476e-02   9.187555e-02   5.666452e-01   5.548826e-01   7.155996e-01   6.376375e-03   4.623696e-02
   108  -6.039021e-01  -6.218525e-01   8.826961e-02   6.357443e+00   1.734740e-01   3.999853e-01   8.328702e-02   5.621014e-02   8.119333e-02   8.855472e-03   9.064269e-02   5.900437e-01   5.785020e-01   7.307399e-01   5.166860e-03   4.375088e-02
   109  -5.672275e-01  -5.851778e-01   9.625839e-02   5.382414e+00   1.721827e-01   3.953036e-01   1.406432e-01   1.129113e-01   8.276263e-02   5.447263e-03   8.926841e-02   6.130113e-01   6.016793e-01   7.448636e-01   4.183891e-03   4.141075e-02
   110  -5.305528e-01  -5.485031e-01   1.049449e-01   4.553938e+00   1.706813e-01   3.902970e-01   1.988463e-01   1.707190e-01   8.422234e-02   3.349276e-03   8.746890e-02   6.355717e-01   6.244380e-01   7.580011e-01   3.385589e-03   3.921010e-02
   111  -4.938781e-01  -5.118284e-01   1.144185e-01   3.850715e+00   1.689459e-01   3.848653e-01   2.569794e-01   2.288848e-01   8.557652e-02   2.081534e-03   8.490186e-02   6.577490e-01   6.468019e-01   7.701887e-01   2.737713e-03   3.714188e-02
   112  -4.572034e-01  -4.751537e-01   1.247415e-01   3.253797e+00   1.669694e-01   3.789428e-01   3.139209e-01   2.863827e-01   8.682971e-02   1.321983e-03   8.132152e-02   6.795676e-01   6.687953e-01   7.814674e-01   2.212231e-03   3.519975e-02
   113  -4.205287e-01  -4.384791e-01   1.359777e-01   2.746805e+00   1.647526e-01   3.724648e-01   3.686514e-01   3.421477e-01   8.798682e-02   8.639506e-04   7.675640e-02   7.010517e-01   6.904425e-01   7.918814e-01   1.786317e-03   3.337638e-02
   114  -3.838541e-01  -4.018044e-01   1.481525e-01   2.315767e+00   1.623003e-01   3.653264e-01   4.205064e-01   3.953524e-01   8.905301e-02   5.817955e-04   7.151320e-02   7.222254e-01   7.117676e-01   8.014771e-01   1.441322e-03   3.166507e-02
   115  -3.471794e-01  -3.651297e-01   1.613596e-01   1.949219e+00   1.596137e-01   3.573740e-01   4.692271e-01   4.455496e-01   9.003354e-02   4.026107e-04   6.600306e-02   7.431125e-01   7.327945e-01   8.103019e-01   1.162058e-03   3.005910e-02
   116  -3.105047e-01  -3.284550e-01   1.756698e-01   1.637974e+00   1.566828e-01   3.485050e-01   5.148597e-01   4.926425e-01   9.093373e-02   2.850467e-04   6.057275e-02   7.637362e-01   7.535468e-01   8.184036e-01   9.361627e-04   2.855167e-02
   117  -2.738300e-01  -2.917804e-01   1.911438e-01   1.373770e+00   1.535143e-01   3.386205e-01   5.576170e-01   5.367643e-01   9.175884e-02   2.055846e-04   5.544143e-02   7.841196e-01   7.740475e-01   8.258295e-01   7.535618e-04   2.713658e-02
   118  -2.371554e-01  -2.551057e-01   2.078088e-01   1.149624e+00   1.501133e-01   3.275905e-01   5.977791e-01   5.781621e-01   9.251402e-02   1.504996e-04   5.071250e-02   8.042847e-01   7.943192e-01   8.326262e-01   6.060684e-04   2.580766e-02
   119  -2.004807e-01  -2.184310e-01   2.257185e-01   9.595069e-01   1.464924e-01   3.151061e-01   6.356373e-01   6.171206e-01   9.320429e-02   1.115009e-04   4.641744e-02   8.242529e-01   8.143836e-01   8.388386e-01   4.870262e-04   2.455892e-02
   120  -1.638060e-01  -1.817563e-01   2.449407e-01   7.986654e-01   1.426474e-01   3.011281e-01   6.714688e-01   6.539225e-01   9.383445e-02   8.340740e-05   4.254846e-02   8.440450e-01   8.342617e-01   8.445100e-01   3.910227e-04   2.338488e-02
   121  -1.271313e-01  -1.450816e-01   2.655088e-01   6.627881e-01   1.385909e-01   2.855542e-01   7.055179e-01   6.888269e-01   9.440910e-02   6.289362e-05   3.907522e-02   8.636808e-01   8.539739e-01   8.496819e-01   3.136640e-04   2.228025e-02
   122  -9.045664e-02  -1.084070e-01   2.873985e-01   5.481975e-01   1.343342e-01   2.681898e-01   7.380013e-01   7.220632e-01   9.493262e-02   4.773741e-05   3.596120e-02   8.831792e-01   8.735394e-01   8.543935e-01   2.513834e-04   2.123999e-02
   123  -5.378196e-02  -7.173229e-02   3.106441e-01   4.517686e-01   1.298901e-01   2.487264e-01   7.691080e-01   7.538331e-01   9.540910e-02   3.643161e-05   3.316901e-02   9.025580e-01   8.929767e-01   8.586819e-01   2.012866e-04   2.025941e-02
   124  -1.710729e-02  -3.505761e-02   3.352541e-01   3.708602e-01   1.252733e-01   2.273945e-01   7.990011e-01   7.843117e-01   9.584241e-02   2.793082e-05   3.066150e-02   9.218344e-01   9.123032e-01   8.625817e-01   1.610264e-04   1.933422e-02
   125   1.956739e-02   1.617070e-03   3.611697e-01   3.031632e-01   1.205000e-01   2.041179e-01   8.278234e-01   8.136513e-01   9.623618e-02   2.149508e-05   2.840640e-02   9.410243e-01   9.315354e-01   8.661256e-01   1.287018e-04   1.846032e-02
   126   5.624207e-02   3.829175e-02   3.882648e-01   2.466640e-01   1.155808e-01   1.788251e-01   8.556988e-01   8.419847e-01   9.659376e-02   1.659505e-05   2.637351e-02   9.601427e-01   9.506887e-01   8.693438e-01   1.027731e-04   1.763390e-02
   127   9.291675e-02   7.496643e-02   4.165399e-01   1.996642e-01   1.105341e-01   1.519528e-01   8.827357e-01   8.694276e-01   9.691827e-02   1.284627e-05   2.453684e-02   9.792036e-01   9.697777e-01   8.722644e-01   8.199444e-05   1.685151e-02
   128   1.295914e-01   1.116411e-01   4.458661e-01   1.607631e-01   1.053950e-01   1.234423e-01   9.090302e-01   8.960820e-01   9.721261e-02   9.966107e-06   2.287354e-02   9.982200e-01   9.888158e-01   8.749135e-01   6.535869e-05   1.610996e-02
   129   1.662661e-01   1.483158e-01   4.761289e-01   1.287191e-01   1.001883e-01   9.504581e-02   9.346657e-01   9.220371e-01   9.747945e-02   7.746041e-06   2.136306e-02   1.017204e+00   1.007816e+00   8.773151e-01   5.205258e-05   1.540630e-02
   130   2.029408e-01   1.849905e-01   5.072034e-01   1.024401e-01   9.494711e-02   6.629406e-02   9.597168e-01   9.473719e-01   9.772124e-02   6.029588e-06   1.998812e-02   1.036166e+00   1.026789e+00   8.794912e-01   4.141975e-05   1.473782e-02
   131   2.396155e-01   2.216651e-01   5.388799e-01   8.100524e-02   8.970177e-02   3.801322e-02   9.842496e-01   9.721564e-01   9.794025e-02   4.699217e-06   1.873323e-02   1.055118e+00   1.045746e+00   8.814623e-01   3.293105e-05   1.410206e-02
   132   2.762901e-01   2.583398e-01   5.709516e-01   6.362631e-02   8.447763e-02   1.263275e-02   1.008323e+00   9.964529e-01   9.813854e-02   3.666094e-06   1.758477e-02   1.074068e+00   1.064696e+00   8.832469e-01   2.616036e-05   1.349680e-02
   133   3.129648e-01   2.950145e-01   6.029881e-01   4.957298e-02   7.928889e-02  -1.211330e-02   1.031988e+00   1.020316e+00   9.831802e-02   2.862394e-06   1.653114e-02   1.093024e+00   1.083649e+00   8.848622e-01   2.076488e-05   1.292000e-02
   134   3.496395e-01   3.316892e-01   6.349645e-01   3.831579e-02   7.417707e-02  -3.330478e-02   1.055293e+00   1.043797e+00   9.848042e-02   2.236285e-06   1.556202e-02   1.111995e+00   1.102613e+00   8.863237e-01   1.646914e-05   1.236981e-02
   135   3.863142e-01   3.683638e-01   6.666759e-01   2.937753e-02   6.918538e-02  -5.103989e-02   1.078278e+00   1.066937e+00   9.862732e-02   1.747976e-06   1.466832e-02   1.130988e+00   1.121595e+00   8.876458e-01   1.305197e-05   1.184453e-02
   136   4.229888e-01   4.050385e-01   6.975580e-01   2.232582e-02   6.433645e-02  -6.682356e-02   1.100982e+00   1.089778e+00   9.876016e-02   1.366805e-06   1.384216e-02   1.150008e+00   1.140602e+00   8.888415e-01   1.033601e-05   1.134264e-02
   137   4.596635e-01   4.417132e-01   7.275444e-01   1.679548e-02   5.963739e-02  -7.965163e-02   1.123437e+00   1.112354e+00   9.888027e-02   1.069040e-06   1.307664e-02   1.169062e+00   1.159640e+00   8.899225e-01   8.179177e-06   1.086274e-02
   138   4.963382e-01   4.783879e-01   7.564316e-01   1.252046e-02   5.513712e-02  -8.895777e-02   1.145673e+00   1.134697e+00   9.898885e-02   8.362944e-07   1.236569e-02   1.188155e+00   1.178713e+00   8.908996e-01   6.467761e-06   1.040359e-02
   139   5.330129e-01   5.150626e-01   7.837239e-01   9.230881e-03   5.083674e-02  -9.665287e-02   1.167718e+00   1.156835e+00   9.908698e-02   6.542919e-07   1.170395e-02   1.207290e+00   1.197828e+00   8.917828e-01   5.110859e-06   9.964014e-03
   140   5.696876e-01   5.517372e-01   8.095354e-01   6.737022e-03   4.676697e-02  -1.024722e-01   1.189594e+00   1.178794e+00   9.917565e-02   5.119231e-07   1.108671e-02   1.226473e+00   1.216988e+00   8.925808e-01   4.035874e-06   9.542976e-03
   141   6.063622e-01   5.884119e-01   8.334171e-01   4.860163e-03   4.292945e-02  -1.066740e-01   1.211325e+00   1.200595e+00   9.925576e-02   4.005330e-07   1.050984e-02   1.245706e+00   1.236196e+00   8.933019e-01   3.184878e-06   9.139510e-03
   142   6.430369e-01   6.250866e-01   8.554160e-01   3.469507e-03   3.934175e-02  -1.092654e-01   1.232928e+00   1.222261e+00   9.932813e-02   3.133676e-07   9.969693e-03   1.264993e+00   1.255457e+00   8.939532e-01   2.511698e-06   8.752739e-03
   143   6.797116e-01   6.617613e-01   8.755100e-01   2.446561e-03   3.599942e-02  -1.105855e-01   1.254421e+00   1.243808e+00   9.939350e-02   2.451527e-07   9.463054e-03   1.284336e+00   1.274772e+00   8.945415e-01   1.979563e-06   8.381854e-03
   144   7.163863e-01   6.984360e-01   8.934033e-01   1.706330e-03   3.290894e-02  -1.106253e-01   1.275820e+00   1.265253e+00   9.945254e-02   1.917669e-07   8.987069e-03   1.303737e+00   1.294145e+00   8.950729e-01   1.559216e-06   8.026115e-03
   145   7.530610e-01   7.351106e-01   9.093629e-01   1.177081e-03   3.006483e-02  -1.095179e-01   1.297139e+00   1.286610e+00   9.950586e-02   1.499875e-07   8.539205e-03   1.323198e+00   1.313576e+00   8.955527e-01   1.227401e-06   7.684835e-03
   146   7.897356e-01   7.717853e-01   9.234247e-01   8.029756e-04   2.745912e-02  -1.073530e-01   1.318389e+00   1.307894e+00   9.955400e-02   1.172931e-07   8.117215e-03   1.342720e+00   1.333069e+00   8.959860e-01   9.656452e-07   7.357382e-03
   147   8.264103e-01   8.084600e-01   9.356718e-01   5.420199e-04   2.508199e-02  -1.041727e-01   1.339582e+00   1.329115e+00   9.959747e-02   9.171075e-08   7.719098e-03   1.362305e+00   1.352623e+00   8.963772e-01   7.592906e-07   7.043167e-03
   148   8.630850e-01   8.451347e-01   9.462068e-01   3.623683e-04   2.291959e-02  -1.000332e-01   1.360727e+00   1.350283e+00   9.963672e-02   7.169572e-08   7.343065e-03   1.381953e+00   1.372240e+00   8.967304e-01   5.967141e-07   6.741645e-03
   149   8.997597e-01   8.818093e-01   9.551700e-01   2.401192e-04   2.095655e-02  -9.506843e-02   1.381834e+00   1.371409e+00   9.967214e-02   5.603874e-08   6.987521e-03   1.401665e+00   1.391921e+00   8.970493e-01   4.687066e-07   6.452307e-03
   150   9.364343e-01   9.184840e-01   9.627731e-01   1.578563e-04   1.917668e-02  -8.944981e-02   1.402911e+00   1.392500e+00   9.970413e-02   4.379292e-08   6.651033e-03   1.421440e+00   1.411665e+00   8.973371e-01   3.679779e-07   6.174678e-03
   151   9.731090e-01   9.551587e-01   9.691703e-01   1.030539e-04   1.756314e-02  -8.336665e-02   1.423962e+00   1.413564e+00   9.973300e-02   3.421683e-08   6.332313e-03   1.441279e+00   1.431473e+00   8.975970e-01   2.887606e-07   5.908313e-03
   152   1.009784e+00   9.918334e-01   9.745252e-01   6.688129e-05   1.609962e-02  -7.698029e-02   1.444996e+00   1.434607e+00   9.975905e-02   2.672986e-08   6.030205e-03   1.461180e+00   1.451343e+00   8.978315e-01   2.264958e-07   5.652796e-03
   153   1.046458e+00   1.028508e+00   9.789799e-01   4.319328e-05   1.477064e-02  -7.051314e-02   1.466016e+00   1.455633e+00   9.978257e-02   2.087745e-08   5.743662e-03   1.481143e+00   1.471276e+00   8.980432e-01   1.775824e-07   5.407737e-03
   154   1.083133e+00   1.065183e+00   9.826747e-01   2.778663e-05   1.356196e-02  -6.408697e-02   1.487028e+00   1.476649e+00   9.980380e-02   1.630369e-08   5.471737e-03   1.501167e+00   1.491270e+00   8.982342e-01   1.391777e-07   5.172768e-03
   155   1.119808e+00   1.101857e+00   9.857282e-01   1.782041e-05   1.246094e-02  -5.791439e-02   1.508033e+00   1.497658e+00   9.982296e-02   1.272998e-08   5.213573e-03   1.521250e+00   1.511325e+00   8.984066e-01   1.090392e-07   4.947548e-03
   156   1.156482e+00   1.138532e+00   9.882456e-01   1.140348e-05   1.145614e-02  -5.201936e-02   1.529037e+00   1.518662e+00   9.984025e-02   9.938272e-09   4.968393e-03   1.541390e+00   1.531437e+00   8.985622e-01   8.539944e-08   4.731752e-03
   157   1.193157e+00   1.175207e+00   9.903192e-01   7.285870e-06   1.053762e-02  -4.653233e-02   1.550039e+00   1.539665e+00   9.985585e-02   7.757916e-09   4.735491e-03   1.561584e+00   1.551604e+00   8.987027e-01   6.686577e-08   4.525081e-03
   158   1.229832e+00   1.211881e+00   9.920245e-01   4.650491e-06   9.696727e-03  -4.148850e-02   1.571042e+00   1.560667e+00   9.986993e-02   6.055399e-09   4.514228e-03   1.581830e+00   1.571825e+00   8.988294e-01   5.234187e-08   4.327254e-03
   159   1.266506e+00   1.248556e+00   9.934261e-01   2.966906e-06   8.925868e-03  -3.686743e-02   1.592045e+00   1.581670e+00   9.988264e-02   4.726279e-09   4.304021e-03   1.602124e+00   1.592096e+00   8.989438e-01   4.096511e-08   4.138011e-03
   160   1.303181e+00   1.285231e+00   9.945772e-01   1.892609e-06   8.218447e-03  -3.268698e-02   1.613049e+00   1.602674e+00   9.989411e-02   3.688873e-09   4.104346e-03   1.622462e+00   1.612412e+00   8.990470e-01   3.205717e-08   3.957111e-03
   161   1.339856e+00   1.321905e+00   9.955204e-01   1.207542e-06   7.568678e-03  -2.895436e-02   1.634052e+00   1.623678e+00   9.990446e-02   2.879315e-09   3.914725e-03   1.642838e+00   1.632769e+00   8.991401e-01   2.508497e-08   3.784336e-03
   162   1.376530e+00   1.358580e+00   9.962962e-01   7.708037e-07   6.971412e-03  -2.560285e-02   1.655052e+00   1.644679e+00   9.991379e-02   2.247675e-09   3.734732e-03   1.663247e+00   1.653163e+00   8.992241e-01   1.962980e-08   3.619489e-03
   163   1.413205e+00   1.395255e+00   9.969355e-01   4.923458e-07   6.422127e-03  -2.260643e-02   1.676045e+00   1.665675e+00   9.992222e-02   1.754934e-09   3.563984e-03   1.683682e+00   1.673585e+00   8.993000e-01   1.536297e-08   3.462395e-03
   164   1.449880e+00   1.431930e+00   9.974628e-01   3.147355e-07   5.916815e-03  -1.994985e-02   1.697026e+00   1.686662e+00   9.992982e-02   1.370605e-09   3.402141e-03   1.704134e+00   1.694028e+00   8.993684e-01   1.202658e-08   3.312903e-03
   165   1.486555e+00   1.468604e+00   9.978981e-01   2.013919e-07   5.451913e-03  -1.759403e-02   1.717988e+00   1.707633e+00   9.993668e-02   1.070871e-09   3.248906e-03   1.724593e+00   1.714484e+00   8.994301e-01   9.418393e-09   3.170888e-03
   166   1.523229e+00   1.505279e+00   9.982574e-01   1.290002e-07   5.024211e-03  -1.549118e-02   1.738924e+00   1.728582e+00   9.994287e-02   8.371326e-10   3.104025e-03   1.745049e+00   1.734941e+00   8.994858e-01   7.379898e-09   3.036251e-03
   167   1.559904e+00   1.541954e+00   9.985535e-01   8.272180e-08   4.630864e-03  -1.360740e-02   1.759824e+00   1.749500e+00   9.994845e-02   6.548696e-10   2.967283e-03   1.765486e+00   1.755387e+00   8.995361e-01   5.786907e-09   2.908922e-03
   168   1.596579e+00   1.578628e+00   9.987976e-01   5.310800e-08   4.269350e-03  -1.192476e-02   1.780674e+00   1.770374e+00   9.995349e-02   5.127470e-10   2.838508e-03   1.785889e+00   1.775807e+00   8.995814e-01   4.542177e-09   2.788861e-03
   169   1.633253e+00   1.615303e+00   9.990004e-01   3.413821e-08   3.937425e-03  -1.041008e-02   1.801459e+00   1.791191e+00   9.995804e-02   4.019194e-10   2.717569e-03   1.806238e+00   1.796182e+00   8.996223e-01   3.569594e-09   2.676064e-03
   170   1.669928e+00   1.651978e+00   9.991687e-01   2.197392e-08   3.633149e-03  -9.008403e-03   1.822162e+00   1.811934e+00   9.996214e-02   3.154862e-10   2.604379e-03   1.826511e+00   1.816493e+00   8.996593e-01   2.809610e-09   2.570557e-03
   171   1.706603e+00   1.688652e+00   9.993088e-01   1.416528e-08   3.354954e-03  -7.646054e-03   1.842760e+00   1.832583e+00   9.996584e-02   2.480648e-10   2.498890e-03   1.846683e+00   1.836714e+00   8.996926e-01   2.215654e-09   2.472403e-03
   172   1.743277e+00   1.725327e+00   9.994250e-01   9.146045e-09   3.101398e-03  -6.328882e-03   1.863229e+00   1.853115e+00   9.996918e-02   1.954579e-10   2.401100e-03   1.866723e+00   1.856819e+00   8.997226e-01   1.751324e-09   2.381704e-03
   173   1.779952e+00   1.762002e+00   9.995215e-01   5.915890e-09   2.871389e-03  -5.008961e-03   1.883537e+00   1.873502e+00   9.997219e-02   1.543933e-10   2.311048e-03   1.886597e+00   1.876774e+00   8.997498e-01   1.388171e-09   2.298593e-03
   174   1.816627e+00   1.798676e+00   9.996023e-01   3.834479e-09   2.664155e-03  -3.590466e-03   1.903652e+00   1.893711e+00   9.997491e-02   1.223205e-10   2.228813e-03   1.906267e+00   1.896543e+00   8.997742e-01   1.103976e-09   2.223243e-03
   175   1.853301e+00   1.835351e+00   9.996701e-01   2.491642e-09   2.479536e-03  -1.911566e-03   1.923533e+00   1.913706e+00   9.997737e-02   9.725181e-11   2.154514e-03   1.925688e+00   1.916086e+00   8.997963e-01   8.813869e-10   2.155853e-03
   176   1.889976e+00   1.872026e+00   9.997270e-01   1.624146e-09   2.318040e-03   2.022038e-04   1.943139e+00   1.933446e+00   9.997958e-02   7.763739e-11   2.088340e-03   1.944814e+00   1.935357e+00   8.998162e-01   7.068591e-10   2.096657e-03
   177   1.926651e+00   1.908700e+00   9.997750e-01   1.062677e-09   2.180284e-03   2.717044e-03   1.962424e+00   1.952888e+00   9.998158e-02   6.226141e-11   2.030808e-03   1.963595e+00   1.954306e+00   8.998342e-01   5.698021e-10   2.045983e-03
   178   1.963325e+00   1.945375e+00   9.998156e-01   6.985348e-10   2.068076e-03   5.900819e-03   1.981361e+00   1.971996e+00   9.998338e-02   5.013321e-11   1.984377e-03   1.981986e+00   1.972888e+00   8.998504e-01   4.617554e-10   2.005078e-03
   179   2.000000e+00   1.982050e+00   9.998500e-01   4.605107e-10   1.990851e-03   8.202864e-03   2.000000e+00   1.990781e+00   9.998500e-02   4.036389e-11   1.958528e-03   2.000000e+00   1.991086e+00   8.998650e-01   3.750780e-10   1.981228e-03
