     i          log_r       log_rmid          m_tot        rho_tot         v2_tot            eta     lgr[heavy]    lgrm[heavy]       m[heavy]     rho[heavy]      v2[heavy]     lgr[light]    lgrm[light]       m[light]     rho[light]      v2[light]
     0  -4.280470e+00  -4.581500e+00   1.018430e-07   2.097641e+06   2.550694e-01            nan  -4.280470e+00  -4.581500e+00   9.998500e-08   2.081926e+06   2.530771e-01  -3.076510e+00  -3.377540e+00   8.998650e-07   4.579612e+03   4.992894e-01
     1  -4.245383e+00  -4.262572e+00   1.295185e-07   2.084621e+06   2.544919e-01            nan  -4.258042e+00  -4.269111e+00   1.166721e-07   2.073549e+06   2.530746e-01  -3.046454e+00  -3.061222e+00   1.050049e-06   3.312402e+03   4.942327e-01
     2  -4.210297e+00  -4.227486e+00   1.647302e-07   2.082716e+06   2.544396e-01            nan  -4.235618e+00  -4.246685e+00   1.361439e-07   2.072641e+06   2.530744e-01  -3.016619e+00  -3.031280e+00   1.225295e-06   3.166245e+03   4.934849e-01
     3  -4.175210e+00  -4.192399e+00   2.095277e-07   2.080555e+06   2.543893e-01            nan  -4.213195e+00  -4.224262e+00   1.588651e-07   2.071636e+06   2.530741e-01  -2.986871e+00  -3.001490e+00   1.429786e-06   3.016264e+03   4.926379e-01
     4  -4.140124e+00  -4.157313e+00   2.665145e-07   2.078126e+06   2.543409e-01            nan  -4.190773e+00  -4.201839e+00   1.853780e-07   2.070524e+06   2.530737e-01  -2.957097e+00  -2.971729e+00   1.668402e-06   2.863091e+03   4.916788e-01
     5  -4.105038e+00  -4.122227e+00   3.389983e-07   2.075320e+06   2.542944e-01            nan  -4.168350e+00  -4.179417e+00   2.163150e-07   2.069292e+06   2.530734e-01  -2.927201e+00  -2.941892e+00   1.946835e-06   2.707497e+03   4.905940e-01
     6  -4.069951e+00  -4.087140e+00   4.311762e-07   2.072140e+06   2.542495e-01            nan  -4.145925e+00  -4.156993e+00   2.524142e-07   2.067929e+06   2.530730e-01  -2.897099e+00  -2.911889e+00   2.271728e-06   2.550363e+03   4.893675e-01
     7  -4.034865e+00  -4.052054e+00   5.483817e-07   2.068460e+06   2.542064e-01            nan  -4.123498e+00  -4.134567e+00   2.945370e-07   2.066420e+06   2.530725e-01  -2.866719e+00  -2.881643e+00   2.650833e-06   2.392663e+03   4.879813e-01
     8  -3.999778e+00  -4.016967e+00   6.973602e-07   2.064236e+06   2.541649e-01            nan  -4.101066e+00  -4.112137e+00   3.436881e-07   2.064751e+06   2.530720e-01  -2.835996e+00  -2.851086e+00   3.093193e-06   2.235438e+03   4.864153e-01
     9  -3.964692e+00  -3.981881e+00   8.866914e-07   2.059359e+06   2.541250e-01            nan  -4.078629e+00  -4.089703e+00   4.010398e-07   2.062902e+06   2.530714e-01  -2.804877e+00  -2.820158e+00   3.609358e-06   2.079761e+03   4.846458e-01
    10  -3.929606e+00  -3.946794e+00   1.127189e-06   2.053697e+06   2.540865e-01            nan  -4.056186e+00  -4.067263e+00   4.679601e-07   2.060857e+06   2.530708e-01  -2.773314e+00  -2.788809e+00   4.211641e-06   1.926760e+03   4.826474e-01
    11  -3.894519e+00  -3.911708e+00   1.432588e-06   2.047189e+06   2.540495e-01            nan  -4.033736e+00  -4.044816e+00   5.460446e-07   2.058593e+06   2.530701e-01  -2.741272e+00  -2.756997e+00   4.914402e-06   1.777731e+03   4.804100e-01
    12  -3.859433e+00  -3.876622e+00   1.820181e-06   2.039563e+06   2.540139e-01            nan  -4.011276e+00  -4.022361e+00   6.371554e-07   2.056087e+06   2.530694e-01  -2.708724e+00  -2.724693e+00   5.734398e-06   1.633658e+03   4.779060e-01
    13  -3.824346e+00  -3.841535e+00   2.311807e-06   2.030828e+06   2.539795e-01            nan  -3.988807e+00  -3.999896e+00   7.434644e-07   2.053315e+06   2.530685e-01  -2.675652e+00  -2.691874e+00   6.691180e-06   1.495404e+03   4.751016e-01
    14  -3.789260e+00  -3.806449e+00   2.934993e-06   2.020556e+06   2.539464e-01            nan  -3.966327e+00  -3.977421e+00   8.675058e-07   2.050247e+06   2.530676e-01  -2.642049e+00  -2.658526e+00   7.807552e-06   1.363925e+03   4.719914e-01
    15  -3.754173e+00  -3.771362e+00   3.724175e-06   2.008768e+06   2.539144e-01            nan  -3.943833e+00  -3.954934e+00   1.012236e-06   2.046853e+06   2.530665e-01  -2.607918e+00  -2.624649e+00   9.110122e-06   1.239897e+03   4.685633e-01
    16  -3.719087e+00  -3.736276e+00   4.722894e-06   1.995010e+06   2.538834e-01            nan  -3.921325e+00  -3.932433e+00   1.181103e-06   2.043098e+06   2.530654e-01  -2.573271e+00  -2.590249e+00   1.062993e-05   1.123687e+03   4.647752e-01
    17  -3.684001e+00  -3.701190e+00   5.984811e-06   1.979152e+06   2.538535e-01            nan  -3.898800e+00  -3.909917e+00   1.378130e-06   2.038945e+06   2.530641e-01  -2.538131e+00  -2.555345e+00   1.240317e-05   1.015753e+03   4.606639e-01
    18  -3.648914e+00  -3.666103e+00   7.578157e-06   1.960791e+06   2.538244e-01            nan  -3.876258e+00  -3.887383e+00   1.608010e-06   2.034352e+06   2.530626e-01  -2.502530e+00  -2.519966e+00   1.447209e-05   9.161428e+02   4.562067e-01
    19  -3.613828e+00  -3.631017e+00   9.585335e-06   1.939591e+06   2.537961e-01            nan  -3.853694e+00  -3.864829e+00   1.876216e-06   2.029274e+06   2.530611e-01  -2.466507e+00  -2.484145e+00   1.688595e-05   8.247995e+02   4.514060e-01
    20  -3.578741e+00  -3.595930e+00   1.211155e-05   1.915251e+06   2.537684e-01            nan  -3.831108e+00  -3.842255e+00   2.189133e-06   2.023660e+06   2.530593e-01  -2.430108e+00  -2.447926e+00   1.970220e-05   7.415551e+02   4.463101e-01
    21  -3.543655e+00  -3.560844e+00   1.528155e-05   1.887189e+06   2.537413e-01            nan  -3.808497e+00  -3.819656e+00   2.554206e-06   2.017455e+06   2.530573e-01  -2.393382e+00  -2.411357e+00   2.298786e-05   6.660482e+02   4.408843e-01
    22  -3.508568e+00  -3.525757e+00   1.925389e-05   1.855249e+06   2.537145e-01            nan  -3.785857e+00  -3.797030e+00   2.980121e-06   2.010599e+06   2.530552e-01  -2.356382e+00  -2.374488e+00   2.682109e-05   5.978837e+02   4.352447e-01
    23  -3.473482e+00  -3.490671e+00   2.421239e-05   1.818631e+06   2.536879e-01            nan  -3.763186e+00  -3.774374e+00   3.477003e-06   2.003025e+06   2.530527e-01  -2.319162e+00  -2.337374e+00   3.129303e-05   5.365723e+02   4.293262e-01
    24  -3.438396e+00  -3.455585e+00   3.039091e-05   1.777316e+06   2.536613e-01            nan  -3.740480e+00  -3.751685e+00   4.056664e-06   1.994662e+06   2.530500e-01  -2.281774e+00  -2.300066e+00   3.650997e-05   4.815663e+02   4.232906e-01
    25  -3.403309e+00  -3.420498e+00   3.804843e-05   1.730473e+06   2.536344e-01            nan  -3.717735e+00  -3.728959e+00   4.732872e-06   1.985429e+06   2.530470e-01  -2.244267e+00  -2.262616e+00   4.259585e-05   4.323642e+02   4.170587e-01
    26  -3.368223e+00  -3.385412e+00   4.752078e-05   1.678076e+06   2.536070e-01            nan  -3.694947e+00  -3.706191e+00   5.521683e-06   1.975241e+06   2.530437e-01  -2.206687e+00  -2.225071e+00   4.969515e-05   3.883727e+02   4.108015e-01
    27  -3.333136e+00  -3.350325e+00   5.915328e-05   1.619737e+06   2.535788e-01            nan  -3.672110e+00  -3.683378e+00   6.441814e-06   1.964005e+06   2.530400e-01  -2.169076e+00  -2.187474e+00   5.797633e-05   3.491306e+02   4.044485e-01
    28  -3.298050e+00  -3.315239e+00   7.339849e-05   1.555010e+06   2.535492e-01            nan  -3.649221e+00  -3.660515e+00   7.515084e-06   1.951617e+06   2.530359e-01  -2.131468e+00  -2.149865e+00   6.763576e-05   3.140908e+02   3.981417e-01
    29  -3.262963e+00  -3.280152e+00   9.071877e-05   1.484897e+06   2.535181e-01            nan  -3.626271e+00  -3.637594e+00   8.766923e-06   1.937967e+06   2.530312e-01  -2.093897e+00  -2.112276e+00   7.890231e-05   2.828447e+02   3.918404e-01
    30  -3.227877e+00  -3.245066e+00   1.116341e-04   1.407637e+06   2.534845e-01            nan  -3.603256e+00  -3.614611e+00   1.022697e-05   1.922937e+06   2.530261e-01  -2.056386e+00  -2.074736e+00   9.204273e-05   2.549427e+02   3.856316e-01
    31  -3.192791e+00  -3.209980e+00   1.367667e-04   1.325514e+06   2.534483e-01            nan  -3.580167e+00  -3.591558e+00   1.192976e-05   1.906398e+06   2.530203e-01  -2.018956e+00  -2.037268e+00   1.073678e-04   2.300266e+02   3.795160e-01
    32  -3.157704e+00  -3.174893e+00   1.666495e-04   1.238916e+06   2.534086e-01            nan  -3.556996e+00  -3.568427e+00   1.391553e-05   1.888212e+06   2.530139e-01  -1.981625e+00  -1.999890e+00   1.252398e-04   2.077560e+02   3.735168e-01
    33  -3.122618e+00  -3.139807e+00   2.018956e-04   1.147251e+06   2.533639e-01            nan  -3.533734e+00  -3.545209e+00   1.623115e-05   1.868233e+06   2.530067e-01  -1.944403e+00  -1.962615e+00   1.460803e-04   1.878196e+02   3.676753e-01
    34  -3.087531e+00  -3.104720e+00   2.431764e-04   1.053260e+06   2.533140e-01            nan  -3.510370e+00  -3.521895e+00   1.893121e-05   1.846303e+06   2.529987e-01  -1.907302e+00  -1.925456e+00   1.703808e-04   1.699733e+02   3.619567e-01
    35  -3.052445e+00  -3.069634e+00   2.910731e-04   9.581637e+05   2.532576e-01   4.848946e-01  -3.486894e+00  -3.498473e+00   2.207926e-05   1.822259e+06   2.529897e-01  -1.870324e+00  -1.888419e+00   1.987134e-04   1.539510e+02   3.564337e-01
    36  -3.017359e+00  -3.034547e+00   3.460953e-04   8.632656e+05   2.531813e-01   4.840751e-01  -3.463291e+00  -3.474932e+00   2.574932e-05   1.795926e+06   2.529796e-01  -1.833477e+00  -1.851510e+00   2.317439e-04   1.395824e+02   3.510272e-01
    37  -2.982272e+00  -2.999461e+00   4.084042e-04   7.696898e+05   2.530848e-01   4.830384e-01  -3.439547e+00  -3.451257e+00   3.002750e-05   1.767125e+06   2.529682e-01  -1.796758e+00  -1.814730e+00   2.702475e-04   1.266450e+02   3.458280e-01
    38  -2.947186e+00  -2.964375e+00   4.784933e-04   6.790201e+05   2.529666e-01   4.818370e-01  -3.415646e+00  -3.427432e+00   3.501400e-05   1.735671e+06   2.529554e-01  -1.760174e+00  -1.778081e+00   3.151260e-04   1.150202e+02   3.407280e-01
    39  -2.912099e+00  -2.929288e+00   5.565592e-04   5.930670e+05   2.528237e-01   4.804739e-01  -3.391570e+00  -3.403442e+00   4.082538e-05   1.701374e+06   2.529410e-01  -1.723718e+00  -1.741564e+00   3.674284e-04   1.045265e+02   3.358226e-01
    40  -2.877013e+00  -2.894202e+00   6.426827e-04   5.129518e+05   2.526510e-01   4.789385e-01  -3.367298e+00  -3.379264e+00   4.759714e-05   1.664046e+06   2.529248e-01  -1.687394e+00  -1.705177e+00   4.283742e-04   9.507518e+01   3.310010e-01
    41  -2.841926e+00  -2.859115e+00   7.368754e-04   4.395338e+05   2.524430e-01   4.772188e-01  -3.342806e+00  -3.354879e+00   5.548679e-05   1.623502e+06   2.529063e-01  -1.651196e+00  -1.668918e+00   4.993811e-04   8.652780e+01   3.263341e-01
    42  -2.806840e+00  -2.824029e+00   8.383912e-04   3.732325e+05   2.521922e-01   4.753057e-01  -3.318067e+00  -3.330260e+00   6.467734e-05   1.579563e+06   2.528855e-01  -1.615127e+00  -1.632787e+00   5.820960e-04   7.881160e+01   3.217277e-01
    43  -2.771754e+00  -2.788943e+00   9.469280e-04   3.140235e+05   2.518830e-01   4.732136e-01  -3.293053e+00  -3.305380e+00   7.538125e-05   1.532066e+06   2.528617e-01  -1.579180e+00  -1.596782e+00   6.784313e-04   7.182204e+01   3.172278e-01
    44  -2.736667e+00  -2.753856e+00   1.062659e-03   2.622781e+05   2.515107e-01   4.709087e-01  -3.267728e+00  -3.280206e+00   8.784517e-05   1.480870e+06   2.528346e-01  -1.543359e+00  -1.560900e+00   7.906065e-04   6.549947e+01   3.127519e-01
    45  -2.701581e+00  -2.718770e+00   1.185736e-03   2.177165e+05   2.510700e-01   4.684064e-01  -3.242055e+00  -3.254702e+00   1.023551e-04   1.425862e+06   2.528036e-01  -1.507657e+00  -1.525141e+00   9.211963e-04   5.976208e+01   3.083363e-01
    46  -2.666494e+00  -2.683683e+00   1.316100e-03   1.798198e+05   2.505619e-01   4.656709e-01  -3.215989e+00  -3.228827e+00   1.192428e-04   1.366968e+06   2.527680e-01  -1.472076e+00  -1.489502e+00   1.073185e-03   5.456227e+01   3.039028e-01
    47  -2.631408e+00  -2.648597e+00   1.449654e-03   1.476417e+05   2.499421e-01   4.628485e-01  -3.189480e+00  -3.202532e+00   1.388921e-04   1.304169e+06   2.527269e-01  -1.436611e+00  -1.453982e+00   1.250029e-03   4.983344e+01   2.994918e-01
    48  -2.596321e+00  -2.613510e+00   1.590835e-03   1.207753e+05   2.492077e-01   4.599213e-01  -3.162470e+00  -3.175765e+00   1.617478e-04   1.237508e+06   2.526794e-01  -1.401262e+00  -1.418577e+00   1.455730e-03   4.553802e+01   2.950285e-01
    49  -2.561235e+00  -2.578424e+00   1.738308e-03   9.859665e+04   2.484050e-01   4.567337e-01  -3.134893e+00  -3.148463e+00   1.883238e-04   1.167107e+06   2.526240e-01  -1.366021e+00  -1.383284e+00   1.694914e-03   4.162148e+01   2.905602e-01
    50  -2.526149e+00  -2.543338e+00   1.888744e-03   8.023272e+04   2.474091e-01   4.537084e-01  -3.106672e+00  -3.120553e+00   2.192140e-04   1.093185e+06   2.525592e-01  -1.330884e+00  -1.348097e+00   1.972926e-03   3.805202e+01   2.860320e-01
    51  -2.491062e+00  -2.508251e+00   2.048932e-03   6.525360e+04   2.463180e-01   4.505260e-01  -3.077719e+00  -3.091954e+00   2.551039e-04   1.016070e+06   2.524828e-01  -1.295841e+00  -1.313009e+00   2.295935e-03   3.478769e+01   2.814841e-01
    52  -2.455976e+00  -2.473165e+00   2.209274e-03   5.302467e+04   2.450759e-01   4.473920e-01  -3.047931e+00  -3.062570e+00   2.967831e-04   9.362179e+05   2.523922e-01  -1.260882e+00  -1.278010e+00   2.671048e-03   3.179962e+01   2.768986e-01
    53  -2.420889e+00  -2.438078e+00   2.380572e-03   4.310345e+04   2.436691e-01   4.443804e-01  -3.017190e+00  -3.032288e+00   3.451610e-04   8.542227e+05   2.522839e-01  -1.225994e+00  -1.243088e+00   3.106449e-03   2.905695e+01   2.723028e-01
    54  -2.385803e+00  -2.402992e+00   2.553308e-03   3.505077e+04   2.421418e-01   4.413667e-01  -2.985355e+00  -3.000981e+00   4.012824e-04   7.708282e+05   2.521534e-01  -1.191157e+00  -1.208226e+00   3.611542e-03   2.653375e+01   2.677185e-01
    55  -2.350716e+00  -2.367905e+00   2.737571e-03   2.854556e+04   2.404258e-01   4.386655e-01  -2.952265e+00  -2.968495e+00   4.663463e-04   6.869312e+05   2.519946e-01  -1.156355e+00  -1.173407e+00   4.197117e-03   2.420927e+01   2.631482e-01
    56  -2.315630e+00  -2.332819e+00   2.923848e-03   2.327475e+04   2.385905e-01   4.360207e-01  -2.917729e+00  -2.934654e+00   5.417261e-04   6.035757e+05   2.517995e-01  -1.121562e+00  -1.138610e+00   4.875535e-03   2.206075e+01   2.586517e-01
    57  -2.280544e+00  -2.297733e+00   3.122993e-03   1.901562e+04   2.366086e-01   4.337129e-01  -2.881525e+00  -2.899250e+00   6.289911e-04   5.219347e+05   2.515570e-01  -1.086756e+00  -1.103810e+00   5.660920e-03   2.007456e+01   2.542168e-01
    58  -2.245457e+00  -2.262646e+00   3.325772e-03   1.556956e+04   2.344721e-01   4.316534e-01  -2.843393e+00  -2.862040e+00   7.299314e-04   4.432760e+05   2.512521e-01  -1.051913e+00  -1.068985e+00   6.569382e-03   1.823585e+01   2.498733e-01
    59  -2.210371e+00  -2.227560e+00   3.541369e-03   1.276788e+04   2.322894e-01   4.297588e-01  -2.803030e+00  -2.822742e+00   8.465830e-04   3.689091e+05   2.508638e-01  -1.017008e+00  -1.034110e+00   7.619247e-03   1.653366e+01   2.456264e-01
    60  -2.175284e+00  -2.192473e+00   3.765475e-03   1.050725e+04   2.298987e-01   4.284269e-01  -2.760089e+00  -2.781029e+00   9.812558e-04   3.001116e+05   2.503629e-01  -9.820242e-01  -9.991641e-01   8.831303e-03   1.495991e+01   2.414523e-01
    61  -2.140198e+00  -2.157387e+00   4.001555e-03   8.650154e+03   2.275796e-01   4.270089e-01  -2.714179e+00  -2.736527e+00   1.136562e-03   2.380370e+05   2.497086e-01  -9.469418e-01  -9.641289e-01   1.022906e-02   1.350556e+01   2.373683e-01
    62  -2.105112e+00  -2.122300e+00   4.250718e-03   7.156355e+03   2.250193e-01   4.264315e-01  -2.664869e+00  -2.688824e+00   1.315444e-03   1.836088e+05   2.488435e-01  -9.117482e-01  -9.289886e-01   1.183900e-02   1.216457e+01   2.333461e-01
    63  -2.070025e+00  -2.087214e+00   4.512474e-03   5.922806e+03   2.225442e-01   4.257997e-01  -2.611713e+00  -2.637478e+00   1.521208e-03   1.374156e+05   2.476887e-01  -8.764356e-01  -8.937331e-01   1.369088e-02   1.093115e+01   2.293542e-01
    64  -2.034939e+00  -2.052128e+00   4.790829e-03   4.918115e+03   2.199955e-01   4.256353e-01  -2.554286e+00  -2.582051e+00   1.757548e-03   9.962314e+04   2.461377e-01  -8.409982e-01  -8.583556e-01   1.581793e-02   9.798704e+00   2.253972e-01
    65  -1.999852e+00  -2.017041e+00   5.084438e-03   4.090826e+03   2.174693e-01   4.256834e-01  -2.492254e+00  -2.522163e+00   2.028572e-03   6.993112e+04   2.440540e-01  -8.054345e-01  -8.228524e-01   1.825715e-02   8.761654e+00   2.214541e-01
    66  -1.964766e+00  -1.981955e+00   5.397000e-03   3.408651e+03   2.149895e-01   4.259266e-01  -2.425468e+00  -2.457578e+00   2.338830e-03   4.759462e+04   2.412773e-01  -7.697462e-01  -7.872239e-01   2.104947e-02   7.814398e+00   2.175045e-01
    67  -1.929679e+00  -1.946868e+00   5.729620e-03   2.847726e+03   2.125240e-01   4.264708e-01  -2.354072e+00  -2.388304e+00   2.693323e-03   3.152339e+04   2.376460e-01  -7.339369e-01  -7.514726e-01   2.423991e-02   6.951140e+00   2.135479e-01
    68  -1.894593e+00  -1.911782e+00   6.083956e-03   2.380808e+03   2.101594e-01   4.271021e-01  -2.278584e+00  -2.314690e+00   3.097518e-03   2.044454e+04   2.330417e-01  -6.980112e-01  -7.156027e-01   2.787766e-02   6.166251e+00   2.095858e-01
    69  -1.859507e+00  -1.876696e+00   6.462567e-03   1.996341e+03   2.078529e-01   4.279320e-01  -2.199900e+00  -2.237463e+00   3.557342e-03   1.308821e+04   2.274467e-01  -6.619764e-01  -6.796202e-01   3.201608e-02   5.454533e+00   2.056062e-01
    70  -1.824420e+00  -1.841609e+00   6.867506e-03   1.674949e+03   2.056542e-01   4.288395e-01  -2.119170e+00  -2.157662e+00   4.079169e-03   8.341975e+03   2.209864e-01  -6.258418e-01  -6.435334e-01   3.671252e-02   4.810934e+00   2.015982e-01
    71  -1.789334e+00  -1.806523e+00   7.300674e-03   1.408259e+03   2.035772e-01   4.297796e-01  -2.037609e+00  -2.076478e+00   4.669785e-03   5.333936e+03   2.139219e-01  -5.896174e-01  -6.073520e-01   4.202806e-02   4.230464e+00   1.975707e-01
    72  -1.754247e+00  -1.771436e+00   7.766326e-03   1.185231e+03   2.016106e-01   4.307374e-01  -1.956300e+00  -1.995055e+00   5.336336e-03   3.440719e+03   2.065896e-01  -5.533155e-01  -5.710873e-01   4.802703e-02   3.708458e+00   1.935181e-01
    73  -1.719161e+00  -1.736350e+00   8.264685e-03   9.989400e+02   1.997893e-01   4.316763e-01  -1.876078e+00  -1.914340e+00   6.086254e-03   2.246626e+03   1.993183e-01  -5.169503e-01  -5.347524e-01   5.477629e-02   3.240500e+00   1.894310e-01
    74  -1.684074e+00  -1.701263e+00   8.802814e-03   8.429677e+02   1.980956e-01   4.325014e-01  -1.797510e+00  -1.835020e+00   6.927149e-03   1.487122e+03   1.923660e-01  -4.805384e-01  -4.983629e-01   6.234434e-02   2.822368e+00   1.852998e-01
    75  -1.648988e+00  -1.666177e+00   9.379708e-03   7.121386e+02   1.965444e-01   4.332813e-01  -1.720934e+00  -1.757537e+00   7.866679e-03   9.981989e+02   1.858943e-01  -4.440981e-01  -4.619362e-01   7.080011e-02   2.449988e+00   1.811284e-01
    76  -1.613902e+00  -1.631091e+00   1.000390e-02   6.023646e+02   1.951337e-01   4.338142e-01  -1.646523e+00  -1.682137e+00   8.912390e-03   6.791612e+02   1.799721e-01  -4.076497e-01  -4.254917e-01   8.021151e-02   2.119513e+00   1.769124e-01
    77  -1.578815e+00  -1.596004e+00   1.067503e-02   5.100328e+02   1.938514e-01   4.342673e-01  -1.574345e+00  -1.608936e+00   1.007152e-02   4.680818e+02   1.745946e-01  -3.712164e-01  -3.890511e-01   9.064369e-02   1.827316e+00   1.726434e-01
    78  -1.543729e+00  -1.560918e+00   1.140211e-02   4.323696e+02   1.927048e-01   4.343755e-01  -1.504406e+00  -1.537969e+00   1.135078e-02   3.265425e+02   1.697045e-01  -3.348237e-01  -3.526390e-01   1.021570e-01   1.569965e+00   1.683131e-01
    79  -1.508642e+00  -1.525831e+00   1.218619e-02   3.669122e+02   1.916672e-01   4.343556e-01  -1.436683e+00  -1.469226e+00   1.275612e-02   2.304114e+02   1.652115e-01  -2.984999e-01  -3.162822e-01   1.148050e-01   1.344191e+00   1.639213e-01
    80  -1.473556e+00  -1.490745e+00   1.303705e-02   3.117213e+02   1.907403e-01   4.339531e-01  -1.371130e+00  -1.402671e+00   1.429243e-02   1.643193e+02   1.610100e-01  -2.622748e-01  -2.800097e-01   1.286319e-01   1.146902e+00   1.594691e-01
    81  -1.438469e+00  -1.455658e+00   1.395697e-02   2.651150e+02   1.898974e-01   4.333869e-01  -1.307690e+00  -1.338253e+00   1.596333e-02   1.183408e+02   1.569948e-01  -2.261809e-01  -2.438530e-01   1.436700e-01   9.752220e-01   1.549519e-01
    82  -1.403383e+00  -1.420572e+00   1.495719e-02   2.257305e+02   1.891271e-01   4.324644e-01  -1.246289e+00  -1.275905e+00   1.777087e-02   8.598317e+01   1.530775e-01  -1.902532e-01  -2.078456e-01   1.599378e-01   8.264583e-01   1.503658e-01
    83  -1.368297e+00  -1.385486e+00   1.604153e-02   1.923979e+02   1.884075e-01   4.313899e-01  -1.186831e+00  -1.215543e+00   1.971527e-02   6.294920e+01   1.492001e-01  -1.545281e-01  -1.720234e-01   1.774374e-01   6.980876e-01   1.457163e-01
    84  -1.333210e+00  -1.350399e+00   1.722208e-02   1.641725e+02   1.877223e-01   4.300363e-01  -1.129193e+00  -1.157056e+00   2.179475e-02   4.636608e+01   1.453440e-01  -1.190430e-01  -1.364232e-01   1.961527e-01   5.877688e-01   1.410103e-01
    85  -1.298124e+00  -1.315313e+00   1.850573e-02   1.402120e+02   1.870477e-01   4.286337e-01  -1.073222e+00  -1.100306e+00   2.400535e-02   3.429691e+01   1.415321e-01  -8.383676e-02  -1.010833e-01   2.160481e-01   4.933626e-01   1.362499e-01
    86  -1.263037e+00  -1.280226e+00   1.990470e-02   1.198887e+02   1.863811e-01   4.270347e-01  -1.018740e+00  -1.045127e+00   2.634082e-02   2.542660e+01   1.378181e-01  -4.894856e-02  -6.604242e-02   2.370673e-01   4.129047e-01   1.314422e-01
    87  -1.227951e+00  -1.245140e+00   2.142942e-02   1.025598e+02   1.856897e-01   4.256168e-01  -9.655488e-01  -9.913306e-01   2.879262e-02   1.885480e+01   1.342692e-01  -1.441631e-02  -3.133931e-02   2.591336e-01   3.445922e-01   1.266055e-01
    88  -1.192865e+00  -1.210053e+00   2.309360e-02   8.782864e+01   1.849937e-01   4.241492e-01  -9.134458e-01  -9.387164e-01   3.134998e-02   1.395931e+01   1.309476e-01   1.972230e-02   2.988351e-03   2.821498e-01   2.868194e-01   1.217483e-01
    89  -1.157778e+00  -1.174967e+00   2.490879e-02   7.522617e+01   1.842694e-01   4.229743e-01  -8.622392e-01  -8.870882e-01   3.400006e-02   1.030345e+01   1.278868e-01   5.343126e-02   3.690375e-02   3.060005e-01   2.381382e-01   1.168858e-01
    90  -1.122692e+00  -1.139881e+00   2.689256e-02   6.445801e+01   1.835468e-01   4.220261e-01  -8.117646e-01  -8.362690e-01   3.672816e-02   7.574974e+00   1.250851e-01   8.667753e-02   7.037245e-02   3.305535e-01   1.972549e-01   1.120389e-01
    91  -1.087605e+00  -1.104794e+00   2.905706e-02   5.525268e+01   1.828170e-01   4.213018e-01  -7.618936e-01  -7.861137e-01   3.951809e-02   5.544604e+00   1.225028e-01   1.194300e-01   1.033624e-01   3.556628e-01   1.630379e-01   1.072202e-01
    92  -1.052519e+00  -1.069708e+00   3.141978e-02   4.732478e+01   1.821257e-01   4.209290e-01  -7.125346e-01  -7.365132e-01   4.235249e-02   4.040351e+00   1.200818e-01   1.516622e-01   1.358450e-01   3.811724e-01   1.344816e-01   1.024544e-01
    93  -1.017432e+00  -1.034621e+00   3.400405e-02   4.054171e+01   1.814584e-01   4.207067e-01  -6.636231e-01  -6.873906e-01   4.521329e-02   2.931125e+00   1.177659e-01   1.833505e-01   1.677953e-01   4.069196e-01   1.107208e-01   9.775618e-02
    94  -9.823460e-01  -9.995349e-01   3.681399e-02   3.471035e+01   1.808367e-01   4.205663e-01  -6.151050e-01  -6.386869e-01   4.808216e-02   2.116671e+00   1.155160e-01   2.144762e-01   1.991921e-01   4.327394e-01   9.100038e-02   9.314587e-02
    95  -9.472595e-01  -9.644485e-01   3.988108e-02   2.968839e+01   1.803006e-01   4.203441e-01  -5.669259e-01  -5.903477e-01   5.094094e-02   1.521076e+00   1.133154e-01   2.450243e-01   2.300187e-01   4.584685e-01   7.467369e-02   8.863945e-02
    96  -9.121731e-01  -9.293621e-01   4.323140e-02   2.539011e+01   1.797909e-01   4.199634e-01  -5.190198e-01  -5.423126e-01   5.377208e-02   1.087159e+00   1.111592e-01   2.749844e-01   2.602626e-01   4.839488e-01   6.118669e-02   8.425262e-02
    97  -8.770867e-01  -8.942757e-01   4.686364e-02   2.169752e+01   1.793296e-01   4.191712e-01  -4.713032e-01  -4.945065e-01   5.655903e-02   7.722586e-01   1.090488e-01   3.043505e-01   2.899156e-01   5.090312e-01   5.006814e-02   7.999930e-02
    98  -8.420003e-01  -8.591893e-01   5.082220e-02   1.852636e+01   1.789167e-01   4.178691e-01  -4.236780e-01  -4.468381e-01   5.928652e-02   5.447866e-01   1.069895e-01   3.331205e-01   3.189737e-01   5.335787e-01   4.091955e-02   7.589030e-02
    99  -8.069138e-01  -8.241028e-01   5.513921e-02   1.581904e+01   1.784678e-01   4.161476e-01  -3.760267e-01  -3.991991e-01   6.194091e-02   3.813049e-01   1.049857e-01   3.612963e-01   3.474369e-01   5.574682e-01   3.340441e-02   7.193564e-02
   100  -7.718274e-01  -7.890164e-01   5.982145e-02   1.350515e+01   1.779669e-01   4.138974e-01  -3.282090e-01  -3.514600e-01   6.451030e-02   2.644885e-01   1.030434e-01   3.888835e-01   3.753089e-01   5.805927e-01   2.724106e-02   6.814131e-02
   101  -7.367410e-01  -7.539300e-01   6.491142e-02   1.152257e+01   1.774169e-01   4.111254e-01  -2.800646e-01  -3.034700e-01   6.698469e-02   1.816004e-01   1.011712e-01   4.158909e-01   4.025971e-01   6.028622e-01   2.219318e-02   6.451307e-02
   102  -7.016546e-01  -7.188436e-01   7.045792e-02   9.833192e+00   1.767375e-01   4.080356e-01  -2.314130e-01  -2.550579e-01   6.935597e-02   1.232668e-01   9.937740e-02   4.423301e-01   4.293117e-01   6.242038e-01   1.806455e-02   6.105241e-02
   103  -6.665682e-01  -6.837571e-01   7.649205e-02   8.392784e+00   1.759059e-01   4.046090e-01  -1.820467e-01  -2.060288e-01   7.161799e-02   8.259170e-02   9.767426e-02   4.682159e-01   4.554658e-01   6.445619e-01   1.469144e-02   5.776133e-02
   104  -6.314817e-01  -6.486707e-01   8.303051e-02   7.160440e+00   1.749273e-01   4.008644e-01  -1.317424e-01  -1.561666e-01   7.376638e-02   5.454982e-02   9.607591e-02   4.935644e-01   4.810750e-01   6.638974e-01   1.193883e-02   5.463748e-02
   105  -5.963953e-01  -6.135843e-01   9.015083e-02   6.108127e+00   1.737716e-01   3.968507e-01  -8.026927e-02  -1.052437e-01   7.579851e-02   3.547209e-02   9.459178e-02   5.183946e-01   5.061569e-01   6.821866e-01   9.694523e-03   5.167994e-02
   106  -5.613089e-01  -5.784979e-01   9.790158e-02   5.209745e+00   1.724201e-01   3.925363e-01  -2.740130e-02  -5.303131e-02   7.771330e-02   2.268862e-02   9.322966e-02   5.427264e-01   5.307309e-01   6.994197e-01   7.866504e-03   4.888368e-02
   107  -5.262225e-01  -5.434114e-01   1.063068e-01   4.441903e+00   1.708660e-01   3.878753e-01   2.701924e-02   6.608268e-04   7.951106e-02   1.428150e-02   9.195977e-02   5.665814e-01   5.548177e-01   7.155996e-01   6.378628e-03   4.624527e-02
   108  -4.911360e-01  -5.083250e-01   1.154233e-01   3.783659e+00   1.691252e-01   3.828013e-01   8.303017e-02   5.592704e-02   8.119333e-02   8.863919e-03   9.071403e-02   5.899820e-01   5.784393e-01   7.307399e-01   5.168630e-03   4.375849e-02
   109  -4.560496e-01  -4.732386e-01   1.253261e-01   3.220870e+00   1.671687e-01   3.772511e-01   1.404336e-01   1.126796e-01   8.276263e-02   5.451490e-03   8.932854e-02   6.129516e-01   6.016186e-01   7.448636e-01   4.185280e-03   4.141773e-02
   110  -4.209632e-01  -4.381522e-01   1.360716e-01   2.739406e+00   1.649965e-01   3.711711e-01   1.986756e-01   1.705302e-01   8.422234e-02   3.351410e-03   8.751900e-02   6.355139e-01   6.243792e-01   7.580011e-01   3.386680e-03   3.921651e-02
   111  -3.858768e-01  -4.030658e-01   1.476746e-01   2.327103e+00   1.626135e-01   3.644707e-01   2.568395e-01   2.287305e-01   8.557652e-02   2.082652e-03   8.494286e-02   6.576930e-01   6.467450e-01   7.701887e-01   2.738569e-03   3.714777e-02
   112  -3.507903e-01  -3.679793e-01   1.602198e-01   1.973824e+00   1.600240e-01   3.570066e-01   3.138043e-01   2.862552e-01   8.682971e-02   1.322604e-03   8.135442e-02   6.795133e-01   6.687402e-01   7.814674e-01   2.212901e-03   3.520518e-02
   113  -3.157039e-01  -3.328929e-01   1.737745e-01   1.671687e+00   1.572134e-01   3.487067e-01   3.685522e-01   3.420404e-01   8.798682e-02   8.643180e-04   7.678245e-02   7.009990e-01   6.903890e-01   7.918814e-01   1.786842e-03   3.338139e-02
   114  -2.806175e-01  -2.978065e-01   1.883899e-01   1.413344e+00   1.541871e-01   3.394942e-01   4.204199e-01   3.952599e-01   8.905301e-02   5.820252e-04   7.153378e-02   7.221742e-01   7.117157e-01   8.014771e-01   1.441733e-03   3.166969e-02
   115  -2.455311e-01  -2.627201e-01   2.040609e-01   1.192394e+00   1.509580e-01   3.291893e-01   4.691499e-01   4.454680e-01   9.003354e-02   4.027604e-04   6.601944e-02   7.430628e-01   7.327441e-01   8.103019e-01   1.162380e-03   3.006336e-02
   116  -2.104447e-01  -2.276336e-01   2.208889e-01   1.003688e+00   1.475240e-01   3.176283e-01   5.147895e-01   4.925690e-01   9.093373e-02   2.851473e-04   6.058597e-02   7.636880e-01   7.534979e-01   8.184036e-01   9.364138e-04   2.855562e-02
   117  -1.753582e-01  -1.925472e-01   2.389138e-01   8.428048e-01   1.438840e-01   3.047552e-01   5.575524e-01   5.366971e-01   9.175884e-02   2.056538e-04   5.545228e-02   7.840728e-01   7.740000e-01   8.258295e-01   7.537579e-04   2.714024e-02
   118  -1.402718e-01  -1.574608e-01   2.581293e-01   7.057967e-01   1.400495e-01   2.904621e-01   5.977188e-01   5.780998e-01   9.251402e-02   1.505480e-04   5.072155e-02   8.042392e-01   7.942730e-01   8.326262e-01   6.062213e-04   2.581105e-02
   119  -1.051854e-01  -1.223744e-01   2.785632e-01   5.892470e-01   1.360362e-01   2.743812e-01   6.355806e-01   6.170622e-01   9.320429e-02   1.115353e-04   4.642509e-02   8.242087e-01   8.143387e-01   8.388386e-01   4.871454e-04   2.456207e-02
   120  -7.009896e-02  -8.728794e-02   3.002558e-01   4.903866e-01   1.318419e-01   2.566305e-01   6.714151e-01   6.538674e-01   9.383445e-02   8.343212e-05   4.255499e-02   8.440021e-01   8.342182e-01   8.445100e-01   3.911155e-04   2.338780e-02
   121  -3.501254e-02  -5.220152e-02   3.231715e-01   4.066968e-01   1.274817e-01   2.371504e-01   7.054668e-01   6.887746e-01   9.440910e-02   6.291153e-05   3.908088e-02   8.636391e-01   8.539316e-01   8.496819e-01   3.137360e-04   2.228296e-02
   122   7.388334e-05  -1.711510e-02   3.472800e-01   3.360077e-01   1.229749e-01   2.156644e-01   7.379525e-01   7.220133e-01   9.493262e-02   4.775050e-05   3.596613e-02   8.831387e-01   8.734983e-01   8.543935e-01   2.514394e-04   2.124251e-02
   123   3.516031e-02   1.797133e-02   3.725864e-01   2.764931e-01   1.183298e-01   1.925066e-01   7.690612e-01   7.537854e-01   9.540910e-02   3.644123e-05   3.317334e-02   9.025187e-01   8.929368e-01   8.586819e-01   2.013300e-04   2.026175e-02
   124   7.024673e-02   5.305775e-02   3.989885e-01   2.265299e-01   1.135685e-01   1.675952e-01   7.989562e-01   7.842659e-01   9.584241e-02   2.793793e-05   3.066534e-02   9.217962e-01   9.122644e-01   8.625817e-01   1.610601e-04   1.933641e-02
   125   1.053332e-01   8.814417e-02   4.264294e-01   1.847412e-01   1.087071e-01   1.415205e-01   8.277802e-01   8.136073e-01   9.623618e-02   2.150035e-05   2.840981e-02   9.409872e-01   9.314977e-01   8.661256e-01   1.287278e-04   1.846235e-02
   126   1.404196e-01   1.232306e-01   4.548355e-01   1.499120e-01   1.037709e-01   1.143235e-01   8.556572e-01   8.419423e-01   9.659376e-02   1.659898e-05   2.637656e-02   9.601067e-01   9.506522e-01   8.693438e-01   1.027932e-04   1.763579e-02
   127   1.755060e-01   1.583170e-01   4.840268e-01   1.210083e-01   9.878237e-02   8.672437e-02   8.826956e-01   8.693867e-01   9.691827e-02   1.284921e-05   2.453958e-02   9.791686e-01   9.697422e-01   8.722644e-01   8.200996e-05   1.685327e-02
   128   2.105924e-01   1.934034e-01   5.139284e-01   9.713145e-02   9.376508e-02   5.984277e-02   9.089914e-01   8.960425e-01   9.721261e-02   9.968303e-06   2.287601e-02   9.981860e-01   9.887814e-01   8.749135e-01   6.537067e-05   1.611160e-02
   129   2.456788e-01   2.284899e-01   5.443256e-01   7.749636e-02   8.875259e-02   3.241307e-02   9.346282e-01   9.219990e-01   9.747945e-02   7.747688e-06   2.136530e-02   1.017171e+00   1.007782e+00   8.773151e-01   5.206181e-05   1.540782e-02
   130   2.807653e-01   2.635763e-01   5.748874e-01   6.141259e-02   8.374016e-02   8.799450e-03   9.596805e-01   9.473350e-01   9.772124e-02   6.030824e-06   1.999015e-02   1.036135e+00   1.026756e+00   8.794912e-01   4.142685e-05   1.473924e-02
   131   3.158517e-01   2.986627e-01   6.055786e-01   4.832075e-02   7.877875e-02  -1.428674e-02   9.842146e-01   9.721208e-01   9.794025e-02   4.700146e-06   1.873508e-02   1.055087e+00   1.045714e+00   8.814623e-01   3.293650e-05   1.410339e-02
   132   3.509381e-01   3.337491e-01   6.361768e-01   3.774918e-02   7.389964e-02  -3.467149e-02   1.008289e+00   9.964184e-01   9.813854e-02   3.666793e-06   1.758646e-02   1.074038e+00   1.064666e+00   8.832469e-01   2.616455e-05   1.349803e-02
   133   3.860245e-01   3.688356e-01   6.664969e-01   2.927083e-02   6.912745e-02  -5.132912e-02   1.031955e+00   1.020283e+00   9.831802e-02   2.862920e-06   1.653268e-02   1.092995e+00   1.083620e+00   8.848622e-01   2.076809e-05   1.292115e-02
   134   4.211110e-01   4.039220e-01   6.960840e-01   2.251398e-02   6.448765e-02  -6.650561e-02   1.055261e+00   1.043764e+00   9.848042e-02   2.236682e-06   1.556343e-02   1.111967e+00   1.102585e+00   8.863237e-01   1.647160e-05   1.237087e-02
   135   4.561974e-01   4.390084e-01   7.248004e-01   1.715427e-02   5.998061e-02  -7.868604e-02   1.078247e+00   1.066906e+00   9.862732e-02   1.748275e-06   1.466962e-02   1.130960e+00   1.121568e+00   8.876458e-01   1.305386e-05   1.184552e-02
   136   4.912838e-01   4.740948e-01   7.526033e-01   1.295992e-02   5.565293e-02  -8.791436e-02   1.100952e+00   1.089748e+00   9.876016e-02   1.367030e-06   1.384334e-02   1.149982e+00   1.140575e+00   8.888415e-01   1.033745e-05   1.134356e-02
   137   5.263702e-01   5.091812e-01   7.789445e-01   9.700544e-03   5.151638e-02  -9.558426e-02   1.123408e+00   1.112325e+00   9.888027e-02   1.069209e-06   1.307773e-02   1.169037e+00   1.159614e+00   8.899225e-01   8.180278e-06   1.086360e-02
   138   5.614567e-01   5.442677e-01   8.039243e-01   7.186377e-03   4.757678e-02  -1.016783e-01   1.145645e+00   1.134669e+00   9.898885e-02   8.364223e-07   1.236669e-02   1.188130e+00   1.178688e+00   8.908996e-01   6.468601e-06   1.040438e-02
   139   5.965431e-01   5.793541e-01   8.272385e-01   5.274863e-03   4.385908e-02  -1.060274e-01   1.167691e+00   1.156808e+00   9.908698e-02   6.543883e-07   1.170487e-02   1.207266e+00   1.197804e+00   8.917828e-01   5.111500e-06   9.964752e-03
   140   6.316295e-01   6.144405e-01   8.488549e-01   3.828524e-03   4.035733e-02  -1.088160e-01   1.189568e+00   1.178767e+00   9.917565e-02   5.119957e-07   1.108756e-02   1.226450e+00   1.216964e+00   8.925808e-01   4.036362e-06   9.543660e-03
   141   6.667159e-01   6.495269e-01   8.685842e-01   2.752070e-03   3.708757e-02  -1.103313e-01   1.211300e+00   1.200570e+00   9.925576e-02   4.005877e-07   1.051062e-02   1.245684e+00   1.236173e+00   8.933019e-01   3.185250e-06   9.140145e-03
   142   7.018023e-01   6.846134e-01   8.865904e-01   1.956817e-03   3.404541e-02  -1.107956e-01   1.232904e+00   1.222236e+00   9.932813e-02   3.134088e-07   9.970412e-03   1.264971e+00   1.255435e+00   8.939532e-01   2.511981e-06   8.753327e-03
   143   7.368888e-01   7.196998e-01   9.025989e-01   1.377203e-03   3.123106e-02  -1.101945e-01   1.254398e+00   1.243784e+00   9.939350e-02   2.451837e-07   9.463716e-03   1.284315e+00   1.274751e+00   8.945415e-01   1.979778e-06   8.382400e-03
   144   7.719752e-01   7.547862e-01   9.168657e-01   9.598568e-04   2.863854e-02  -1.085671e-01   1.275798e+00   1.265229e+00   9.945254e-02   1.917903e-07   8.987678e-03   1.303717e+00   1.294124e+00   8.950729e-01   1.559379e-06   8.026620e-03
   145   8.070616e-01   7.898726e-01   9.294544e-01   6.621462e-04   2.625954e-02  -1.059169e-01   1.297117e+00   1.286588e+00   9.950586e-02   1.500051e-07   8.539766e-03   1.323179e+00   1.313557e+00   8.955527e-01   1.227525e-06   7.685303e-03
   146   8.421480e-01   8.249591e-01   9.403975e-01   4.526121e-04   2.408387e-02  -1.023972e-01   1.318368e+00   1.307872e+00   9.955400e-02   1.173064e-07   8.117732e-03   1.342702e+00   1.333050e+00   8.959860e-01   9.657389e-07   7.357814e-03
   147   8.772345e-01   8.600455e-01   9.498168e-01   3.067896e-04   2.209861e-02  -9.808677e-02   1.339561e+00   1.329094e+00   9.959747e-02   9.172071e-08   7.719573e-03   1.362287e+00   1.352605e+00   8.963772e-01   7.593615e-07   7.043567e-03
   148   9.123209e-01   8.951319e-01   9.579099e-01   2.063463e-04   2.028976e-02  -9.309780e-02   1.360708e+00   1.350263e+00   9.963672e-02   7.170321e-08   7.343503e-03   1.381936e+00   1.372223e+00   8.967304e-01   5.967677e-07   6.742014e-03
   149   9.474073e-01   9.302183e-01   9.648076e-01   1.378039e-04   1.864312e-02  -8.755365e-02   1.381815e+00   1.371390e+00   9.967214e-02   5.604437e-08   6.987924e-03   1.401648e+00   1.391904e+00   8.970493e-01   4.687472e-07   6.452648e-03
   150   9.824937e-01   9.653047e-01   9.706519e-01   9.146466e-05   1.714429e-02  -8.160927e-02   1.402892e+00   1.392482e+00   9.970413e-02   4.379715e-08   6.651403e-03   1.421424e+00   1.411649e+00   8.973371e-01   3.680085e-07   6.174992e-03
   151   1.017580e+00   1.000391e+00   9.755709e-01   6.040095e-05   1.577856e-02  -7.544845e-02   1.423945e+00   1.413546e+00   9.973300e-02   3.422000e-08   6.332654e-03   1.441263e+00   1.431457e+00   8.975970e-01   2.887837e-07   5.908603e-03
   152   1.052667e+00   1.035478e+00   9.796726e-01   3.971893e-05   1.453267e-02  -6.926260e-02   1.444979e+00   1.434589e+00   9.975905e-02   2.673224e-08   6.030519e-03   1.461165e+00   1.451328e+00   8.978315e-01   2.265132e-07   5.653064e-03
   153   1.087753e+00   1.070564e+00   9.830981e-01   2.603057e-05   1.339447e-02  -6.314893e-02   1.466000e+00   1.455617e+00   9.978257e-02   2.087923e-08   5.743950e-03   1.481129e+00   1.471261e+00   8.980432e-01   1.775955e-07   5.407983e-03
   154   1.122839e+00   1.105650e+00   9.859575e-01   1.701421e-05   1.235307e-02  -5.727099e-02   1.487012e+00   1.476633e+00   9.980380e-02   1.630502e-08   5.472001e-03   1.501153e+00   1.491256e+00   8.982342e-01   1.391875e-07   5.172995e-03
   155   1.157926e+00   1.140737e+00   9.883355e-01   1.109894e-05   1.139874e-02  -5.168355e-02   1.508018e+00   1.497642e+00   9.982296e-02   1.273098e-08   5.213815e-03   1.521237e+00   1.511311e+00   8.984066e-01   1.090466e-07   4.947756e-03
   156   1.193012e+00   1.175823e+00   9.903132e-01   7.229875e-06   1.052305e-02  -4.643602e-02   1.529022e+00   1.518647e+00   9.984025e-02   9.939020e-09   4.968615e-03   1.541377e+00   1.531423e+00   8.985622e-01   8.540498e-08   4.731943e-03
   157   1.228099e+00   1.210910e+00   9.919547e-01   4.705383e-06   9.718261e-03  -4.161098e-02   1.550025e+00   1.539650e+00   9.985585e-02   7.758474e-09   4.735694e-03   1.561572e+00   1.551592e+00   8.987027e-01   6.686992e-08   4.525256e-03
   158   1.263185e+00   1.245996e+00   9.933106e-01   3.061013e-06   8.977702e-03  -3.716158e-02   1.571028e+00   1.560653e+00   9.986993e-02   6.055815e-09   4.514413e-03   1.581818e+00   1.571813e+00   8.988294e-01   5.234497e-08   4.327414e-03
   159   1.298272e+00   1.281083e+00   9.944322e-01   1.991016e-06   8.295614e-03  -3.314662e-02   1.592032e+00   1.581657e+00   9.988264e-02   4.726588e-09   4.304190e-03   1.602113e+00   1.592084e+00   8.989438e-01   4.096742e-08   4.138157e-03
   160   1.333358e+00   1.316169e+00   9.953634e-01   1.295242e-06   7.666832e-03  -2.951377e-02   1.613037e+00   1.602662e+00   9.989411e-02   3.689103e-09   4.104500e-03   1.622451e+00   1.612401e+00   8.990470e-01   3.205889e-08   3.957244e-03
   161   1.368444e+00   1.351255e+00   9.961376e-01   8.429430e-07   7.086810e-03  -2.622710e-02   1.634040e+00   1.623666e+00   9.990446e-02   2.879485e-09   3.914865e-03   1.642828e+00   1.632759e+00   8.991401e-01   2.508625e-08   3.784457e-03
   162   1.403531e+00   1.386342e+00   9.967817e-01   5.489070e-07   6.551532e-03  -2.330487e-02   1.655041e+00   1.644668e+00   9.991379e-02   2.247801e-09   3.734859e-03   1.663237e+00   1.653152e+00   8.992241e-01   1.963074e-08   3.619599e-03
   163   1.438617e+00   1.421428e+00   9.973135e-01   3.576916e-07   6.057330e-03  -2.068282e-02   1.676034e+00   1.665664e+00   9.992222e-02   1.755027e-09   3.564098e-03   1.683672e+00   1.673575e+00   8.993000e-01   1.536366e-08   3.462494e-03
   164   1.473704e+00   1.456515e+00   9.977548e-01   2.332779e-07   5.600981e-03  -1.832900e-02   1.697015e+00   1.686651e+00   9.992982e-02   1.370672e-09   3.402243e-03   1.704125e+00   1.694019e+00   8.993684e-01   1.202709e-08   3.312991e-03
   165   1.508790e+00   1.491601e+00   9.981234e-01   1.522744e-07   5.179607e-03  -1.624692e-02   1.717978e+00   1.707623e+00   9.993668e-02   1.070920e-09   3.248997e-03   1.724585e+00   1.714475e+00   8.994301e-01   9.418761e-09   3.170966e-03
   166   1.543876e+00   1.526688e+00   9.984309e-01   9.950344e-08   4.790640e-03  -1.437162e-02   1.738915e+00   1.728573e+00   9.994287e-02   8.371679e-10   3.104104e-03   1.745040e+00   1.734933e+00   8.994858e-01   7.380162e-09   3.036319e-03
   167   1.578963e+00   1.561774e+00   9.986863e-01   6.508840e-08   4.431730e-03  -1.267200e-02   1.759815e+00   1.749491e+00   9.994845e-02   6.548947e-10   2.967352e-03   1.765478e+00   1.755379e+00   8.995361e-01   5.787095e-09   2.908981e-03
   168   1.614049e+00   1.596860e+00   9.988989e-01   4.262307e-08   4.100810e-03  -1.115424e-02   1.780665e+00   1.770365e+00   9.995349e-02   5.127644e-10   2.838566e-03   1.785881e+00   1.775799e+00   8.995814e-01   4.542307e-09   2.788911e-03
   169   1.649136e+00   1.631947e+00   9.990772e-01   2.794444e-08   3.796031e-03  -9.765228e-03   1.801451e+00   1.791183e+00   9.995804e-02   4.019313e-10   2.717617e-03   1.806231e+00   1.796175e+00   8.996223e-01   3.569682e-09   2.676105e-03
   170   1.684222e+00   1.667033e+00   9.992270e-01   1.834540e-08   3.515944e-03  -8.422652e-03   1.822155e+00   1.811926e+00   9.996214e-02   3.154939e-10   2.604416e-03   1.826505e+00   1.816486e+00   8.996593e-01   2.809667e-09   2.570589e-03
   171   1.719309e+00   1.702120e+00   9.993513e-01   1.205997e-08   3.259087e-03  -7.170450e-03   1.842754e+00   1.832576e+00   9.996584e-02   2.480695e-10   2.498917e-03   1.846677e+00   1.836708e+00   8.996926e-01   2.215688e-09   2.472426e-03
   172   1.754395e+00   1.737206e+00   9.994558e-01   7.939818e-09   3.024276e-03  -5.948631e-03   1.863223e+00   1.853109e+00   9.996918e-02   1.954604e-10   2.401117e-03   1.866718e+00   1.856813e+00   8.997226e-01   1.751341e-09   2.381717e-03
   173   1.789481e+00   1.772292e+00   9.995441e-01   5.236564e-09   2.810895e-03  -4.600143e-03   1.883532e+00   1.873496e+00   9.997219e-02   1.543942e-10   2.311054e-03   1.886593e+00   1.876769e+00   8.997498e-01   1.388177e-09   2.298598e-03
   174   1.824568e+00   1.807379e+00   9.996183e-01   3.460770e-09   2.618478e-03  -3.147278e-03   1.903647e+00   1.893706e+00   9.997491e-02   1.223203e-10   2.228807e-03   1.906263e+00   1.896539e+00   8.997742e-01   1.103973e-09   2.223237e-03
   175   1.859654e+00   1.842465e+00   9.996806e-01   2.292558e-09   2.446609e-03  -1.538275e-03   1.923529e+00   1.913702e+00   9.997737e-02   9.725081e-11   2.154497e-03   1.925685e+00   1.916082e+00   8.997963e-01   8.813780e-10   2.155838e-03
   176   1.894741e+00   1.877552e+00   9.997336e-01   1.522991e-09   2.295445e-03   3.953207e-04   1.943136e+00   1.933443e+00   9.997958e-02   7.763586e-11   2.088310e-03   1.944812e+00   1.935354e+00   8.998162e-01   7.068462e-10   2.096630e-03
   177   1.929827e+00   1.912638e+00   9.997787e-01   1.015505e-09   2.166676e-03   3.061338e-03   1.962422e+00   1.952886e+00   9.998158e-02   6.225953e-11   2.030765e-03   1.963593e+00   1.954304e+00   8.998342e-01   5.697866e-10   2.045945e-03
   178   1.964914e+00   1.947725e+00   9.998172e-01   6.800814e-10   2.061702e-03   6.150483e-03   1.981360e+00   1.971994e+00   9.998338e-02   5.013113e-11   1.984319e-03   1.981985e+00   1.972887e+00   8.998504e-01   4.617384e-10   2.005028e-03
   179   2.000000e+00   1.982811e+00   9.998500e-01   4.564947e-10   1.989789e-03   8.228669e-03   2.000000e+00   1.990780e+00   9.998500e-02   4.036171e-11   1.958455e-03   2.000000e+00   1.991086e+00   8.998650e-01   3.750602e-10   1.981164e-03
