     i          log_r       log_rmid          m_tot        rho_tot         v2_tot            eta     lgr[heavy]    lgrm[heavy]       m[heavy]     rho[heavy]      v2[heavy]     lgr[light]    lgrm[light]       m[light]     rho[light]      v2[light]
     0  -4.874909e+00  -5.175939e+00   1.018663e-07   1.268003e+08   3.796108e-01            nan  -4.874909e+00  -5.175939e+00   9.998500e-08   1.264104e+08   3.774941e-01  -3.170980e+00  -3.472010e+00   8.998650e-07   8.795032e+03   6.776008e-01
     1  -4.836502e+00  -4.855281e+00   1.321932e-07   1.252164e+08   3.783880e-01            nan  -4.852344e+00  -4.863480e+00   1.166721e-07   1.250780e+08   3.774717e-01  -3.128357e+00  -3.149145e+00   1.050049e-06   4.287445e+03   6.218809e-01
     2  -4.798094e+00  -4.816873e+00   1.716065e-07   1.249373e+08   3.782964e-01            nan  -4.829788e+00  -4.840920e+00   1.361439e-07   1.249333e+08   3.774692e-01  -3.086276e+00  -3.106807e+00   1.225295e-06   3.782485e+03   6.115501e-01
     3  -4.759687e+00  -4.778466e+00   2.228170e-07   1.246079e+08   3.782123e-01            nan  -4.807236e+00  -4.818365e+00   1.588651e-07   1.247736e+08   3.774665e-01  -3.044703e+00  -3.064992e+00   1.429786e-06   3.346744e+03   6.008771e-01
     4  -4.721280e+00  -4.740059e+00   2.893306e-07   1.242216e+08   3.781350e-01            nan  -4.784684e+00  -4.795814e+00   1.853780e-07   1.245970e+08   3.774635e-01  -3.003602e+00  -3.023667e+00   1.668402e-06   2.969147e+03   5.901477e-01
     5  -4.682872e+00  -4.701652e+00   3.756786e-07   1.237698e+08   3.780634e-01            nan  -4.762131e+00  -4.773261e+00   2.163150e-07   1.244019e+08   3.774602e-01  -2.962952e+00  -2.982802e+00   1.946835e-06   2.641482e+03   5.792470e-01
     6  -4.644465e+00  -4.663244e+00   4.877167e-07   1.232374e+08   3.779967e-01            nan  -4.739571e+00  -4.750704e+00   2.524142e-07   1.241863e+08   3.774565e-01  -2.922725e+00  -2.942373e+00   2.271728e-06   2.355743e+03   5.684160e-01
     7  -4.606058e+00  -4.624837e+00   6.329813e-07   1.226071e+08   3.779341e-01            nan  -4.717004e+00  -4.728141e+00   2.945370e-07   1.239480e+08   3.774524e-01  -2.882902e+00  -2.902357e+00   2.650833e-06   2.106116e+03   5.575959e-01
     8  -4.567650e+00  -4.586430e+00   8.211380e-07   1.218689e+08   3.778746e-01            nan  -4.694425e+00  -4.705568e+00   3.436881e-07   1.236846e+08   3.774479e-01  -2.843460e+00  -2.862734e+00   3.093193e-06   1.887151e+03   5.468936e-01
     9  -4.529243e+00  -4.548022e+00   1.064634e-06   1.210038e+08   3.778176e-01            nan  -4.671831e+00  -4.682981e+00   4.010398e-07   1.233936e+08   3.774429e-01  -2.804377e+00  -2.823479e+00   3.609358e-06   1.694430e+03   5.363672e-01
    10  -4.490836e+00  -4.509615e+00   1.379361e-06   1.199767e+08   3.777619e-01            nan  -4.649220e+00  -4.660379e+00   4.679601e-07   1.230721e+08   3.774374e-01  -2.765636e+00  -2.784575e+00   4.211641e-06   1.524520e+03   5.259550e-01
    11  -4.452428e+00  -4.471208e+00   1.785382e-06   1.187783e+08   3.777067e-01            nan  -4.626589e+00  -4.637757e+00   5.460446e-07   1.227168e+08   3.774312e-01  -2.727208e+00  -2.745997e+00   4.914402e-06   1.373840e+03   5.158493e-01
    12  -4.414021e+00  -4.432800e+00   2.308434e-06   1.173850e+08   3.776513e-01            nan  -4.603933e+00  -4.615113e+00   6.371554e-07   1.223243e+08   3.774244e-01  -2.689083e+00  -2.707727e+00   5.734398e-06   1.240418e+03   5.058290e-01
    13  -4.375614e+00  -4.394393e+00   2.980902e-06   1.157374e+08   3.775942e-01            nan  -4.581249e+00  -4.592443e+00   7.434644e-07   1.218909e+08   3.774169e-01  -2.651228e+00  -2.669743e+00   6.691180e-06   1.121250e+03   4.962041e-01
    14  -4.337206e+00  -4.355986e+00   3.842649e-06   1.138328e+08   3.775347e-01            nan  -4.558534e+00  -4.569743e+00   8.675058e-07   1.214123e+08   3.774085e-01  -2.613628e+00  -2.632021e+00   7.807552e-06   1.015003e+03   4.867740e-01
    15  -4.298799e+00  -4.317578e+00   4.944538e-06   1.116393e+08   3.774716e-01            nan  -4.535783e+00  -4.547009e+00   1.012236e-06   1.208839e+08   3.773992e-01  -2.576259e+00  -2.594541e+00   9.110122e-06   9.198114e+02   4.776542e-01
    16  -4.260392e+00  -4.279171e+00   6.348504e-06   1.090815e+08   3.774029e-01            nan  -4.512991e+00  -4.524238e+00   1.181103e-06   1.203009e+08   3.773889e-01  -2.539101e+00  -2.557283e+00   1.062993e-05   8.343936e+02   4.688188e-01
    17  -4.221985e+00  -4.240764e+00   8.128877e-06   1.061746e+08   3.773281e-01            nan  -4.490154e+00  -4.501423e+00   1.378130e-06   1.196576e+08   3.773775e-01  -2.502139e+00  -2.520227e+00   1.240317e-05   7.576760e+02   4.602171e-01
    18  -4.183577e+00  -4.202356e+00   1.037922e-05   1.028603e+08   3.772449e-01            nan  -4.467266e+00  -4.478560e+00   1.608010e-06   1.189484e+08   3.773648e-01  -2.465351e+00  -2.483356e+00   1.447209e-05   6.884639e+02   4.519531e-01
    19  -4.145170e+00  -4.163949e+00   1.320351e-05   9.910751e+07   3.771514e-01            nan  -4.444322e+00  -4.455643e+00   1.876216e-06   1.181666e+08   3.773507e-01  -2.428727e+00  -2.446653e+00   1.688595e-05   6.261770e+02   4.438571e-01
    20  -4.106763e+00  -4.125542e+00   1.673237e-05   9.494266e+07   3.770465e-01            nan  -4.421313e+00  -4.432665e+00   2.189133e-06   1.173053e+08   3.773351e-01  -2.392245e+00  -2.410103e+00   1.970220e-05   5.697456e+02   4.361202e-01
    21  -4.068355e+00  -4.087135e+00   2.110599e-05   9.027958e+07   3.769260e-01            nan  -4.398233e+00  -4.409620e+00   2.554206e-06   1.163571e+08   3.773177e-01  -2.355895e+00  -2.373690e+00   2.298786e-05   5.187638e+02   4.285789e-01
    22  -4.029948e+00  -4.048727e+00   2.649067e-05   8.523901e+07   3.767899e-01            nan  -4.375074e+00  -4.386499e+00   2.980121e-06   1.153138e+08   3.772985e-01  -2.319660e+00  -2.337399e+00   2.682109e-05   4.725167e+02   4.213314e-01
    23  -3.991541e+00  -4.010320e+00   3.305341e-05   7.972717e+07   3.766319e-01            nan  -4.351826e+00  -4.363295e+00   3.477003e-06   1.141667e+08   3.772771e-01  -2.283528e+00  -2.301218e+00   3.129303e-05   4.305786e+02   4.143203e-01
    24  -3.953133e+00  -3.971913e+00   4.100343e-05   7.391723e+07   3.764520e-01            nan  -4.328479e+00  -4.339996e+00   4.056664e-06   1.129066e+08   3.772533e-01  -2.247490e+00  -2.265136e+00   3.650997e-05   3.925088e+02   4.075407e-01
    25  -3.914726e+00  -3.933505e+00   5.047711e-05   6.780778e+07   3.762437e-01            nan  -4.305022e+00  -4.316593e+00   4.732872e-06   1.115237e+08   3.772268e-01  -2.211534e+00  -2.229140e+00   4.259585e-05   3.578895e+02   4.010176e-01
    26  -3.876319e+00  -3.895098e+00   6.170708e-05   6.151012e+07   3.760026e-01            nan  -4.281442e+00  -4.293072e+00   5.521683e-06   1.100075e+08   3.771974e-01  -2.175653e+00  -2.193223e+00   4.969515e-05   3.264455e+02   3.946781e-01
    27  -3.837911e+00  -3.856691e+00   7.486972e-05   5.518843e+07   3.757258e-01            nan  -4.257724e+00  -4.269421e+00   6.441814e-06   1.083471e+08   3.771646e-01  -2.139836e+00  -2.157376e+00   5.797633e-05   2.977924e+02   3.886029e-01
    28  -3.799504e+00  -3.818283e+00   9.002615e-05   4.892271e+07   3.754048e-01            nan  -4.233852e+00  -4.245624e+00   7.515084e-06   1.065312e+08   3.771282e-01  -2.104082e+00  -2.121591e+00   6.763576e-05   2.717559e+02   3.826729e-01
    29  -3.761097e+00  -3.779876e+00   1.073146e-04   4.279930e+07   3.750275e-01            nan  -4.209808e+00  -4.221663e+00   8.766923e-06   1.045482e+08   3.770875e-01  -2.068378e+00  -2.085863e+00   7.890231e-05   2.479987e+02   3.770005e-01
    30  -3.722689e+00  -3.741469e+00   1.268165e-04   3.699479e+07   3.745892e-01            nan  -4.185571e+00  -4.197521e+00   1.022697e-05   1.023862e+08   3.770422e-01  -2.032725e+00  -2.050186e+00   9.204273e-05   2.263883e+02   3.714649e-01
    31  -3.684282e+00  -3.703061e+00   1.485447e-04   3.159827e+07   3.740782e-01            nan  -4.161119e+00  -4.173173e+00   1.192976e-05   1.000333e+08   3.769916e-01  -1.997114e+00  -2.014554e+00   1.073678e-04   2.066652e+02   3.661547e-01
    32  -3.645875e+00  -3.664654e+00   1.724705e-04   2.667906e+07   3.734808e-01            nan  -4.136425e+00  -4.148596e+00   1.391553e-05   9.747799e+07   3.769350e-01  -1.961545e+00  -1.978965e+00   1.252398e-04   1.887017e+02   3.609874e-01
    33  -3.607468e+00  -3.626247e+00   1.985397e-04   2.228246e+07   3.727816e-01            nan  -4.111459e+00  -4.123762e+00   1.623115e-05   9.470926e+07   3.768717e-01  -1.926012e+00  -1.943415e+00   1.460803e-04   1.723096e+02   3.560075e-01
    34  -3.569060e+00  -3.587839e+00   2.266995e-04   1.842771e+07   3.719647e-01            nan  -4.086188e+00  -4.098639e+00   1.893121e-05   9.171702e+07   3.768007e-01  -1.890515e+00  -1.907901e+00   1.703808e-04   1.573669e+02   3.511684e-01
    35  -3.530653e+00  -3.549432e+00   2.569291e-04   1.510865e+07   3.710169e-01            nan  -4.060573e+00  -4.073191e+00   2.207926e-05   8.849265e+07   3.767210e-01  -1.855052e+00  -1.872421e+00   1.987134e-04   1.437329e+02   3.464846e-01
    36  -3.492246e+00  -3.511025e+00   2.886020e-04   1.228583e+07   3.699067e-01            nan  -4.034570e+00  -4.047377e+00   2.574932e-05   8.502951e+07   3.766314e-01  -1.819622e+00  -1.836976e+00   2.317439e-04   1.312977e+02   3.419309e-01
    37  -3.453838e+00  -3.472618e+00   3.219283e-04   9.914993e+06   3.685751e-01            nan  -4.008129e+00  -4.021148e+00   3.002750e-05   8.132363e+07   3.765302e-01  -1.784225e+00  -1.801563e+00   2.702475e-04   1.199526e+02   3.375027e-01
    38  -3.415431e+00  -3.434210e+00   3.571938e-04   7.965514e+06   3.670495e-01            nan  -3.981193e+00  -3.994452e+00   3.501400e-05   7.737451e+07   3.764157e-01  -1.748862e+00  -1.766183e+00   3.151260e-04   1.096022e+02   3.331856e-01
    39  -3.377024e+00  -3.395803e+00   3.939945e-04   6.377448e+06   3.653590e-01            nan  -3.953694e+00  -3.967226e+00   4.082538e-05   7.318600e+07   3.762858e-01  -1.713533e+00  -1.730838e+00   3.674284e-04   1.001598e+02   3.289637e-01
    40  -3.338616e+00  -3.357396e+00   4.316997e-04   5.083223e+06   3.632849e-01            nan  -3.925556e+00  -3.939397e+00   4.759714e-05   6.876728e+07   3.761376e-01  -1.678241e+00  -1.695528e+00   4.283742e-04   9.154459e+01   3.248255e-01
    41  -3.300209e+00  -3.318988e+00   4.717905e-04   4.047538e+06   3.609940e-01            nan  -3.896689e+00  -3.910883e+00   5.548679e-05   6.413394e+07   3.759678e-01  -1.642987e+00  -1.660256e+00   4.993811e-04   8.368523e+01   3.207504e-01
    42  -3.261802e+00  -3.280581e+00   5.122576e-04   3.218781e+06   3.584333e-01            nan  -3.866989e+00  -3.881585e+00   6.467734e-05   5.930901e+07   3.757722e-01  -1.607774e+00  -1.625024e+00   5.820960e-04   7.651460e+01   3.167237e-01
    43  -3.223394e+00  -3.242174e+00   5.551207e-04   2.560218e+06   3.554574e-01            nan  -3.836333e+00  -3.851391e+00   7.538125e-05   5.432408e+07   3.755453e-01  -1.572606e+00  -1.589835e+00   6.784313e-04   6.997232e+01   3.127262e-01
    44  -3.184987e+00  -3.203766e+00   5.989135e-04   2.036630e+06   3.523201e-01            nan  -3.804580e+00  -3.820166e+00   8.784517e-05   4.922014e+07   3.752801e-01  -1.537487e+00  -1.554692e+00   7.906065e-04   6.400337e+01   3.087359e-01
    45  -3.146580e+00  -3.165359e+00   6.450618e-04   1.623611e+06   3.486420e-01   4.221234e-01  -3.771559e+00  -3.787755e+00   1.023551e-04   4.404824e+07   3.749674e-01  -1.502418e+00  -1.519598e+00   9.211963e-04   5.855526e+01   3.047413e-01
    46  -3.108172e+00  -3.126952e+00   6.924207e-04   1.295088e+06   3.448433e-01   4.207834e-01  -3.737071e+00  -3.753973e+00   1.192428e-04   3.886963e+07   3.745949e-01  -1.467404e+00  -1.484558e+00   1.073185e-03   5.358346e+01   3.007118e-01
    47  -3.069765e+00  -3.088544e+00   7.426221e-04   1.036595e+06   3.404953e-01   4.188324e-01  -3.700881e+00  -3.718599e+00   1.388921e-04   3.375524e+07   3.741459e-01  -1.432447e+00  -1.449574e+00   1.250029e-03   4.904120e+01   2.966506e-01
    48  -3.031358e+00  -3.050137e+00   7.941847e-04   8.307069e+05   3.360135e-01   4.167772e-01  -3.662709e+00  -3.681376e+00   1.617478e-04   2.878421e+07   3.735975e-01  -1.397550e+00  -1.414648e+00   1.455730e-03   4.489303e+01   2.925182e-01
    49  -2.992951e+00  -3.011730e+00   8.493022e-04   6.679567e+05   3.311565e-01   4.152609e-01  -3.622223e+00  -3.641994e+00   1.883238e-04   2.404117e+07   3.729179e-01  -1.362712e+00  -1.379782e+00   1.694914e-03   4.109632e+01   2.883424e-01
    50  -2.954543e+00  -2.973322e+00   9.060945e-04   5.384041e+05   3.260658e-01   4.139811e-01  -3.579035e+00  -3.600093e+00   2.192140e-04   1.961211e+07   3.720623e-01  -1.327933e+00  -1.344974e+00   1.972926e-03   3.762321e+01   2.840775e-01
    51  -2.916136e+00  -2.934915e+00   9.667020e-04   4.348377e+05   3.208484e-01   4.128945e-01  -3.532694e+00  -3.555247e+00   2.551039e-04   1.557865e+07   3.709671e-01  -1.293207e+00  -1.310223e+00   2.295935e-03   3.443623e+01   2.797718e-01
    52  -2.877729e+00  -2.896508e+00   1.030414e-03   3.525987e+05   3.152897e-01   4.124705e-01  -3.482686e+00  -3.506971e+00   2.967831e-04   1.201103e+07   3.695412e-01  -1.258530e+00  -1.275522e+00   2.671048e-03   3.151133e+01   2.753984e-01
    53  -2.839321e+00  -2.858101e+00   1.097970e-03   2.859647e+05   3.098310e-01   4.118443e-01  -3.428451e+00  -3.454723e+00   3.451610e-04   8.960258e+06   3.676555e-01  -1.223890e+00  -1.240864e+00   3.106449e-03   2.881973e+01   2.709955e-01
    54  -2.800914e+00  -2.819693e+00   1.169795e-03   2.331247e+05   3.039983e-01   4.121915e-01  -3.369417e+00  -3.397932e+00   4.012824e-04   6.450684e+06   3.651289e-01  -1.189274e+00  -1.206237e+00   3.611542e-03   2.633891e+01   2.665761e-01
    55  -2.762507e+00  -2.781286e+00   1.246062e-03   1.900634e+05   2.982922e-01   4.123221e-01  -3.305072e+00  -3.336054e+00   4.663463e-04   4.474831e+06   3.617172e-01  -1.154668e+00  -1.171627e+00   4.197117e-03   2.404892e+01   2.621547e-01
    56  -2.724099e+00  -2.742879e+00   1.327368e-03   1.554144e+05   2.924897e-01   4.129992e-01  -3.235084e+00  -3.268670e+00   5.417261e-04   2.992442e+06   3.571133e-01  -1.120050e+00  -1.137015e+00   4.875535e-03   2.192937e+01   2.577832e-01
    57  -2.685692e+00  -2.704471e+00   1.414309e-03   1.272520e+05   2.867249e-01   4.136819e-01  -3.159450e+00  -3.195622e+00   6.289911e-04   1.935440e+06   3.509773e-01  -1.085402e+00  -1.102381e+00   5.660920e-03   1.996728e+01   2.534547e-01
    58  -2.647285e+00  -2.666064e+00   1.507004e-03   1.043200e+05   2.810357e-01   4.146808e-01  -3.078641e+00  -3.117169e+00   7.299314e-04   1.218713e+06   3.430158e-01  -1.050699e+00  -1.067704e+00   6.569382e-03   1.814846e+01   2.492051e-01
    59  -2.608877e+00  -2.627657e+00   1.606572e-03   8.568366e+04   2.753876e-01   4.158632e-01  -2.993640e+00  -3.034064e+00   8.465830e-04   7.541432e+05   3.331090e-01  -1.015921e+00  -1.032962e+00   7.619247e-03   1.646289e+01   2.450373e-01
    60  -2.570470e+00  -2.589249e+00   1.713020e-03   7.039775e+04   2.698758e-01   4.171646e-01  -2.905809e+00  -2.947508e+00   9.812558e-04   4.633950e+05   3.214207e-01  -9.810517e-01  -9.981367e-01   8.831303e-03   1.490283e+01   2.409312e-01
    61  -2.532063e+00  -2.550842e+00   1.827319e-03   5.794328e+04   2.644759e-01   4.186161e-01  -2.816608e+00  -2.858923e+00   1.136562e-03   2.853508e+05   3.084134e-01  -9.460725e-01  -9.632100e-01   1.022906e-02   1.345969e+01   2.369083e-01
    62  -2.493656e+00  -2.512435e+00   1.950074e-03   4.769862e+04   2.592134e-01   4.201458e-01  -2.727306e+00  -2.769666e+00   1.315444e-03   1.772144e+05   2.947280e-01  -9.109719e-01  -9.281677e-01   1.183900e-02   1.212786e+01   2.329393e-01
    63  -2.455248e+00  -2.474027e+00   2.081677e-03   3.930623e+04   2.541382e-01   4.216964e-01  -2.638819e+00  -2.680813e+00   1.521208e-03   1.113579e+05   2.810046e-01  -8.757431e-01  -8.930004e-01   1.369088e-02   1.090183e+01   2.289945e-01
    64  -2.416841e+00  -2.435620e+00   2.223567e-03   3.240060e+04   2.492044e-01   4.232888e-01  -2.551693e+00  -2.593075e+00   1.757548e-03   7.086038e+04   2.677460e-01  -8.403810e-01  -8.577022e-01   1.581793e-02   9.775341e+00   2.250808e-01
    65  -2.378434e+00  -2.397213e+00   2.375498e-03   2.672118e+04   2.444777e-01   4.248959e-01  -2.466181e+00  -2.506836e+00   2.028572e-03   4.563353e+04   2.552709e-01  -8.048848e-01  -8.222703e-01   1.825715e-02   8.743083e+00   2.211759e-01
    66  -2.340026e+00  -2.358805e+00   2.539713e-03   2.204518e+04   2.399185e-01   4.265160e-01  -2.382349e+00  -2.422245e+00   2.338830e-03   2.970566e+04   2.437345e-01  -7.692568e-01  -7.867056e-01   2.104947e-02   7.799663e+00   2.172599e-01
    67  -2.301619e+00  -2.320398e+00   2.715541e-03   1.819230e+04   2.355575e-01   4.281400e-01  -2.300157e+00  -2.339312e+00   2.693323e-03   1.952123e+04   2.331760e-01  -7.335014e-01  -7.510113e-01   2.423991e-02   6.939473e+00   2.133338e-01
    68  -2.263212e+00  -2.281991e+00   2.905666e-03   1.501714e+04   2.313922e-01   4.297176e-01  -2.219527e+00  -2.257974e+00   3.097518e-03   1.293606e+04   2.235656e-01  -6.976238e-01  -7.151922e-01   2.787766e-02   6.157038e+00   2.093983e-01
    69  -2.224804e+00  -2.243584e+00   3.109539e-03   1.239886e+04   2.274081e-01   4.313313e-01  -2.140372e+00  -2.178149e+00   3.557342e-03   8.636804e+03   2.148396e-01  -6.616319e-01  -6.792551e-01   3.201608e-02   5.447273e+00   2.054418e-01
    70  -2.186397e+00  -2.205176e+00   3.329717e-03   1.023938e+04   2.236401e-01   4.328099e-01  -2.062624e+00  -2.099761e+00   4.079169e-03   5.806409e+03   2.069231e-01  -6.255353e-01  -6.432087e-01   3.671252e-02   4.805221e+00   2.014540e-01
    71  -2.147990e+00  -2.166769e+00   3.566250e-03   8.458071e+03   2.200379e-01   4.343822e-01  -1.986234e+00  -2.022752e+00   4.669785e-03   3.929301e+03   1.997420e-01  -5.893449e-01  -6.070632e-01   4.202806e-02   4.225982e+00   1.974444e-01
    72  -2.109582e+00  -2.128362e+00   3.821549e-03   6.988109e+03   2.166623e-01   4.357258e-01  -1.911180e+00  -1.947088e+00   5.336336e-03   2.676140e+03   1.932281e-01  -5.530730e-01  -5.708304e-01   4.802703e-02   3.704948e+00   1.934074e-01
    73  -2.071175e+00  -2.089954e+00   4.096175e-03   5.775346e+03   2.134430e-01   4.372140e-01  -1.837459e+00  -1.872757e+00   6.086254e-03   1.834361e+03   1.873193e-01  -5.167344e-01  -5.345238e-01   5.477629e-02   3.237756e+00   1.893338e-01
    74  -2.032768e+00  -2.051547e+00   4.392576e-03   4.774222e+03   2.104524e-01   4.384243e-01  -1.765091e+00  -1.799769e+00   6.927149e-03   1.265574e+03   1.819576e-01  -4.803461e-01  -4.981593e-01   6.234434e-02   2.820227e+00   1.852143e-01
    75  -1.994360e+00  -2.013140e+00   4.711750e-03   3.948099e+03   2.076150e-01   4.397885e-01  -1.694107e+00  -1.728150e+00   7.866679e-03   8.790099e+02   1.770862e-01  -4.439266e-01  -4.617547e-01   7.080011e-02   2.448321e+00   1.810534e-01
    76  -1.955953e+00  -1.974732e+00   5.056367e-03   3.265979e+03   2.050028e-01   4.408906e-01  -1.624554e+00  -1.657940e+00   8.912390e-03   6.147539e+02   1.726455e-01  -4.074967e-01  -4.253298e-01   8.021151e-02   2.118216e+00   1.768464e-01
    77  -1.917546e+00  -1.936325e+00   5.427826e-03   2.702939e+03   2.025454e-01   4.420743e-01  -1.556483e+00  -1.589186e+00   1.007152e-02   4.330265e+02   1.685699e-01  -3.710796e-01  -3.889066e-01   9.064369e-02   1.826309e+00   1.725853e-01
    78  -1.879139e+00  -1.897918e+00   5.829197e-03   2.237926e+03   2.003039e-01   4.430232e-01  -1.489949e+00  -1.521943e+00   1.135078e-02   3.072768e+02   1.647864e-01  -3.347014e-01  -3.525097e-01   1.021570e-01   1.569183e+00   1.682619e-01
    79  -1.840731e+00  -1.859510e+00   6.262293e-03   1.853933e+03   1.982233e-01   4.439719e-01  -1.425004e+00  -1.456263e+00   1.275612e-02   2.196926e+02   1.612146e-01  -2.983902e-01  -3.161664e-01   1.148050e-01   1.343586e+00   1.638761e-01
    80  -1.802324e+00  -1.821103e+00   6.730755e-03   1.536687e+03   1.963439e-01   4.447136e-01  -1.361694e+00  -1.392197e+00   1.429243e-02   1.582655e+02   1.577710e-01  -2.621763e-01  -2.799059e-01   1.286319e-01   1.146434e+00   1.594293e-01
    81  -1.763917e+00  -1.782696e+00   7.236910e-03   1.274566e+03   1.946334e-01   4.453626e-01  -1.300049e+00  -1.329779e+00   1.596333e-02   1.148606e+02   1.543764e-01  -2.260923e-01  -2.437596e-01   1.436700e-01   9.748596e-01   1.549167e-01
    82  -1.725509e+00  -1.744288e+00   7.785066e-03   1.057904e+03   1.931037e-01   4.458277e-01  -1.240073e+00  -1.269027e+00   1.777087e-02   8.394201e+01   1.509668e-01  -1.901732e-01  -2.077615e-01   1.599378e-01   8.261780e-01   1.503347e-01
    83  -1.687102e+00  -1.705881e+00   8.378372e-03   8.787540e+02   1.917487e-01   4.460943e-01  -1.181744e+00  -1.209930e+00   1.971527e-02   6.172651e+01   1.475042e-01  -1.544558e-01  -1.719474e-01   1.774374e-01   6.978709e-01   1.456888e-01
    84  -1.648695e+00  -1.667474e+00   9.021699e-03   7.305771e+02   1.905486e-01   4.461950e-01  -1.124998e+00  -1.152445e+00   2.179475e-02   4.561886e+01   1.439859e-01  -1.189775e-01  -1.363545e-01   1.961527e-01   5.876014e-01   1.409859e-01
    85  -1.610287e+00  -1.629067e+00   9.719492e-03   6.079332e+02   1.895207e-01   4.459887e-01  -1.069736e+00  -1.096489e+00   2.400535e-02   3.383275e+01   1.404461e-01  -8.377718e-02  -1.010208e-01   2.160481e-01   4.932332e-01   1.362283e-01
    86  -1.571880e+00  -1.590659e+00   1.047738e-02   5.064091e+02   1.886175e-01   4.456218e-01  -1.015822e+00  -1.041943e+00   2.634082e-02   2.513525e+01   1.369480e-01  -4.889422e-02  -6.598556e-02   2.370673e-01   4.128047e-01   1.314229e-01
    87  -1.533473e+00  -1.552252e+00   1.130131e-02   4.222688e+02   1.878677e-01   4.448541e-01  -9.630910e-01  -9.886566e-01   2.879262e-02   1.867133e+01   1.335671e-01  -1.436661e-02  -3.128738e-02   2.591336e-01   3.445148e-01   1.265884e-01
    88  -1.495065e+00  -1.513845e+00   1.219809e-02   3.525327e+02   1.872157e-01   4.438664e-01  -9.113674e-01  -9.364596e-01   3.134998e-02   1.384421e+01   1.303741e-01   1.976792e-02   3.035929e-03   2.821498e-01   2.867595e-01   1.217331e-01
    89  -1.456658e+00  -1.475437e+00   1.317536e-02   2.946605e+02   1.866645e-01   4.425277e-01  -8.604783e-01  -8.851779e-01   3.400006e-02   1.023182e+01   1.274112e-01   5.347325e-02   3.694748e-02   3.060005e-01   2.380918e-01   1.168723e-01
    90  -1.418251e+00  -1.437030e+00   1.424175e-02   2.466023e+02   1.861788e-01   4.409327e-01  -8.102724e-01  -8.346503e-01   3.672816e-02   7.530833e+00   1.246855e-01   8.671631e-02   7.041278e-02   3.305535e-01   1.972190e-01   1.120269e-01
    91  -1.379843e+00  -1.398623e+00   1.540676e-02   2.066644e+02   1.857455e-01   4.390178e-01  -7.606298e-01  -7.847422e-01   3.951809e-02   5.517596e+00   1.221645e-01   1.194659e-01   1.033997e-01   3.556628e-01   1.630100e-01   1.072094e-01
    92  -1.341436e+00  -1.360215e+00   1.668123e-02   1.734002e+02   1.853217e-01   4.369723e-01  -7.114648e-01  -7.353520e-01   4.235249e-02   4.023888e+00   1.197955e-01   1.516956e-01   1.358796e-01   3.811724e-01   1.344600e-01   1.024448e-01
    93  -1.303029e+00  -1.321808e+00   1.807779e-02   1.456983e+02   1.849074e-01   4.346859e-01  -6.627175e-01  -6.864076e-01   4.521329e-02   2.921092e+00   1.175244e-01   1.833817e-01   1.678275e-01   4.069196e-01   1.107040e-01   9.774759e-02
    94  -1.264622e+00  -1.283401e+00   1.960850e-02   1.225600e+02   1.844595e-01   4.324132e-01  -6.143378e-01  -6.378544e-01   4.808216e-02   2.110552e+00   1.153130e-01   2.145053e-01   1.992222e-01   4.327394e-01   9.098733e-02   9.313818e-02
    95  -1.226214e+00  -1.244993e+00   2.128987e-02   1.032052e+02   1.839722e-01   4.302107e-01  -5.662753e-01  -5.896421e-01   5.094094e-02   1.517350e+00   1.131452e-01   2.450516e-01   2.300470e-01   4.584685e-01   7.466353e-02   8.863256e-02
    96  -1.187807e+00  -1.206586e+00   2.313825e-02   8.701307e+01   1.834492e-01   4.280281e-01  -5.184674e-01  -5.417139e-01   5.377208e-02   1.084897e+00   1.110163e-01   2.750101e-01   2.602891e-01   4.839488e-01   6.117879e-02   8.424645e-02
    97  -1.149400e+00  -1.168179e+00   2.516886e-02   7.338414e+01   1.828592e-01   4.262706e-01  -4.708338e-01  -4.939979e-01   5.655903e-02   7.708905e-01   1.089286e-01   3.043748e-01   2.899406e-01   5.090312e-01   5.006198e-02   7.999375e-02
    98  -1.110992e+00  -1.129771e+00   2.740465e-02   6.191907e+01   1.822466e-01   4.248364e-01  -4.232789e-01  -4.464057e-01   5.928652e-02   5.439649e-01   1.068883e-01   3.331434e-01   3.189973e-01   5.335787e-01   4.091474e-02   7.588530e-02
    99  -1.072585e+00  -1.091364e+00   2.986690e-02   5.227177e+01   1.816117e-01   4.236901e-01  -3.756872e-01  -3.988315e-01   6.194091e-02   3.808149e-01   1.049002e-01   3.613181e-01   3.474592e-01   5.574682e-01   3.340066e-02   7.193114e-02
   100  -1.034178e+00  -1.052957e+00   3.256997e-02   4.410244e+01   1.809915e-01   4.230147e-01  -3.279203e-01  -3.511474e-01   6.451030e-02   2.641986e-01   1.029711e-01   3.889042e-01   3.753301e-01   5.805927e-01   2.723813e-02   6.813726e-02
   101  -9.957703e-01  -1.014550e+00   3.554532e-02   3.719178e+01   1.804107e-01   4.225112e-01  -2.798194e-01  -3.032043e-01   6.698469e-02   1.814311e-01   1.011101e-01   4.159106e-01   4.026173e-01   6.028622e-01   2.219089e-02   6.450941e-02
   102  -9.573630e-01  -9.761422e-01   3.882049e-02   3.135617e+01   1.798636e-01   4.220637e-01  -2.312050e-01  -2.548324e-01   6.935597e-02   1.231691e-01   9.932560e-02   4.423489e-01   4.293309e-01   6.242038e-01   1.806276e-02   6.104910e-02
   103  -9.189557e-01  -9.377349e-01   4.241290e-02   2.642357e+01   1.793570e-01   4.215492e-01  -1.818707e-01  -2.058377e-01   7.161799e-02   8.253615e-02   9.763034e-02   4.682339e-01   4.554842e-01   6.445619e-01   1.469004e-02   5.775834e-02
   104  -8.805484e-01  -8.993276e-01   4.635129e-02   2.223495e+01   1.789397e-01   4.205515e-01  -1.315939e-01  -1.560052e-01   7.376638e-02   5.451885e-02   9.603869e-02   4.935816e-01   4.810927e-01   6.638974e-01   1.193774e-02   5.463476e-02
   105  -8.421411e-01  -8.609203e-01   5.067679e-02   1.870482e+01   1.785300e-01   4.190981e-01  -8.014453e-02  -1.051078e-01   7.579851e-02   3.545517e-02   9.456023e-02   5.184112e-01   5.061738e-01   6.821866e-01   9.693666e-03   5.167747e-02
   106  -8.037338e-01  -8.225130e-01   5.542535e-02   1.573192e+01   1.780920e-01   4.171201e-01  -2.729710e-02  -5.291746e-02   7.771330e-02   2.267960e-02   9.320295e-02   5.427423e-01   5.307471e-01   6.994197e-01   7.865833e-03   4.888144e-02
   107  -7.653265e-01  -7.841057e-01   6.062386e-02   1.322875e+01   1.775761e-01   4.145221e-01   2.710575e-02   7.556296e-04   7.951106e-02   1.427679e-02   9.193719e-02   5.665967e-01   5.548333e-01   7.155996e-01   6.378103e-03   4.624323e-02
   108  -7.269191e-01  -7.456984e-01   6.631007e-02   1.111642e+01   1.769898e-01   4.113183e-01   8.310153e-02   5.600549e-02   8.119333e-02   8.861513e-03   9.069500e-02   5.899968e-01   5.784543e-01   7.307399e-01   5.168218e-03   4.375663e-02
   109  -6.885118e-01  -7.072911e-01   7.254810e-02   9.342304e+00   1.762483e-01   4.077285e-01   1.404922e-01   1.127442e-01   8.276263e-02   5.450271e-03   8.931257e-02   6.129658e-01   6.016331e-01   7.448636e-01   4.184958e-03   4.141602e-02
   110  -6.501045e-01  -6.688837e-01   7.939092e-02   7.851993e+00   1.753161e-01   4.037618e-01   1.987237e-01   1.705832e-01   8.422234e-02   3.350789e-03   8.750571e-02   6.355276e-01   6.243932e-01   7.580011e-01   3.386428e-03   3.921495e-02
   111  -6.116972e-01  -6.304764e-01   8.689560e-02   6.599265e+00   1.741703e-01   3.994341e-01   2.568792e-01   2.287741e-01   8.557652e-02   2.082326e-03   8.493197e-02   6.577062e-01   6.467585e-01   7.701887e-01   2.738371e-03   3.714634e-02
   112  -5.732899e-01  -5.920691e-01   9.509828e-02   5.544788e+00   1.728062e-01   3.947799e-01   3.138375e-01   2.862914e-01   8.682971e-02   1.322424e-03   8.134563e-02   6.795261e-01   6.687532e-01   7.814674e-01   2.212747e-03   3.520387e-02
   113  -5.348826e-01  -5.536618e-01   1.040774e-01   4.655700e+00   1.712206e-01   3.897588e-01   3.685804e-01   3.420709e-01   8.798682e-02   8.642133e-04   7.677543e-02   7.010114e-01   6.904016e-01   7.918814e-01   1.786721e-03   3.338018e-02
   114  -4.964753e-01  -5.152545e-01   1.139100e-01   3.906980e+00   1.693830e-01   3.842655e-01   4.204444e-01   3.952862e-01   8.905301e-02   5.819609e-04   7.152818e-02   7.221862e-01   7.117278e-01   8.014771e-01   1.441639e-03   3.166858e-02
   115  -4.580680e-01  -4.768472e-01   1.246672e-01   3.276019e+00   1.672898e-01   3.782262e-01   4.691717e-01   4.454911e-01   9.003354e-02   4.027194e-04   6.601494e-02   7.430744e-01   7.327559e-01   8.103019e-01   1.162306e-03   3.006234e-02
   116  -4.196607e-01  -4.384399e-01   1.364218e-01   2.743998e+00   1.649413e-01   3.715679e-01   5.148091e-01   4.925896e-01   9.093373e-02   2.851202e-04   6.058232e-02   7.636993e-01   7.535093e-01   8.184036e-01   9.363566e-04   2.855467e-02
   117  -3.812533e-01  -4.000326e-01   1.492242e-01   2.295189e+00   1.623364e-01   3.641781e-01   5.575703e-01   5.367158e-01   9.175884e-02   2.056354e-04   5.544928e-02   7.840837e-01   7.740110e-01   8.258295e-01   7.537132e-04   2.713937e-02
   118  -3.428460e-01  -3.616253e-01   1.631546e-01   1.916265e+00   1.594822e-01   3.558757e-01   5.977353e-01   5.781169e-01   9.251402e-02   1.505353e-04   5.071905e-02   8.042497e-01   7.942837e-01   8.326262e-01   6.061865e-04   2.581025e-02
   119  -3.044387e-01  -3.232179e-01   1.783010e-01   1.596914e+00   1.563664e-01   3.465437e-01   6.355960e-01   6.170781e-01   9.320429e-02   1.115264e-04   4.642298e-02   8.242190e-01   8.143491e-01   8.388386e-01   4.871183e-04   2.456132e-02
   120  -2.660314e-01  -2.848106e-01   1.947329e-01   1.327892e+00   1.529961e-01   3.360633e-01   6.714295e-01   6.538822e-01   9.383445e-02   8.342578e-05   4.255320e-02   8.440120e-01   8.342282e-01   8.445100e-01   3.910944e-04   2.338711e-02
   121  -2.276241e-01  -2.464033e-01   2.125150e-01   1.101459e+00   1.493750e-01   3.242787e-01   7.054804e-01   6.887886e-01   9.440910e-02   6.290698e-05   3.907933e-02   8.636487e-01   8.539414e-01   8.496819e-01   3.137197e-04   2.228232e-02
   122  -1.892168e-01  -2.079960e-01   2.316597e-01   9.110736e-01   1.455086e-01   3.109821e-01   7.379654e-01   7.220265e-01   9.493262e-02   4.774720e-05   3.596478e-02   8.831480e-01   8.735078e-01   8.543935e-01   2.514267e-04   2.124191e-02
   123  -1.508095e-01  -1.695887e-01   2.522133e-01   7.510055e-01   1.413974e-01   2.958005e-01   7.690734e-01   7.537979e-01   9.540910e-02   3.643882e-05   3.317217e-02   9.025277e-01   8.929460e-01   8.586819e-01   2.013202e-04   2.026120e-02
   124  -1.124022e-01  -1.311814e-01   2.742426e-01   6.169305e-01   1.370577e-01   2.787642e-01   7.989678e-01   7.842778e-01   9.584241e-02   2.793616e-05   3.066431e-02   9.218050e-01   9.122733e-01   8.625817e-01   1.610525e-04   1.933590e-02
   125  -7.399485e-02  -9.277407e-02   2.977660e-01   5.048960e-01   1.325008e-01   2.597273e-01   8.277913e-01   8.136186e-01   9.623618e-02   2.149905e-05   2.840890e-02   9.409957e-01   9.315063e-01   8.661256e-01   1.287220e-04   1.846187e-02
   126  -3.558753e-02  -5.436675e-02   3.227495e-01   4.115122e-01   1.277447e-01   2.385421e-01   8.556678e-01   8.419532e-01   9.659376e-02   1.659802e-05   2.637575e-02   9.601149e-01   9.506605e-01   8.693438e-01   1.027887e-04   1.763535e-02
   127   2.819778e-03  -1.595944e-02   3.491807e-01   3.339001e-01   1.228130e-01   2.150421e-01   8.827058e-01   8.693972e-01   9.691827e-02   1.284849e-05   2.453886e-02   9.791766e-01   9.697503e-01   8.722644e-01   8.200648e-05   1.685286e-02
   128   4.122709e-02   2.244787e-02   3.770422e-01   2.696377e-01   1.177199e-01   1.895272e-01   9.090012e-01   8.960525e-01   9.721261e-02   9.967768e-06   2.287536e-02   9.981938e-01   9.887893e-01   8.749135e-01   6.536798e-05   1.611122e-02
   129   7.963440e-02   6.085518e-02   4.062510e-01   2.166188e-01   1.124946e-01   1.620453e-01   9.346377e-01   9.220086e-01   9.747945e-02   7.747289e-06   2.136472e-02   1.017178e+00   1.007790e+00   8.773151e-01   5.205974e-05   1.540747e-02
   130   1.180417e-01   9.926249e-02   4.366774e-01   1.730693e-01   1.071601e-01   1.330922e-01   9.596896e-01   9.473442e-01   9.772124e-02   6.030525e-06   1.998963e-02   1.036142e+00   1.026764e+00   8.794912e-01   4.142525e-05   1.473891e-02
   131   1.564490e-01   1.376698e-01   4.680885e-01   1.374227e-01   1.017369e-01   1.034122e-01   9.842233e-01   9.721297e-01   9.794025e-02   4.699923e-06   1.873461e-02   1.055094e+00   1.045721e+00   8.814623e-01   3.293528e-05   1.410308e-02
   132   1.948563e-01   1.760771e-01   5.003791e-01   1.083465e-01   9.624106e-02   7.271908e-02   1.008297e+00   9.964270e-01   9.813854e-02   3.666625e-06   1.758603e-02   1.074044e+00   1.064673e+00   8.832469e-01   2.616361e-05   1.349775e-02
   133   2.332636e-01   2.144844e-01   5.333871e-01   8.484208e-02   9.073257e-02   4.353456e-02   1.031963e+00   1.020291e+00   9.831802e-02   2.862794e-06   1.653228e-02   1.093002e+00   1.083627e+00   8.848622e-01   2.076737e-05   1.292089e-02
   134   2.716710e-01   2.528917e-01   5.669402e-01   6.595478e-02   8.524952e-02   1.615872e-02   1.055269e+00   1.043772e+00   9.848042e-02   2.236587e-06   1.556307e-02   1.111973e+00   1.102591e+00   8.863237e-01   1.647105e-05   1.237063e-02
   135   3.100783e-01   2.912991e-01   6.005528e-01   5.086482e-02   7.982502e-02  -1.012241e-02   1.078255e+00   1.066914e+00   9.862732e-02   1.748204e-06   1.466929e-02   1.130967e+00   1.121574e+00   8.876458e-01   1.305343e-05   1.184529e-02
   136   3.484856e-01   3.297064e-01   6.340179e-01   3.885689e-02   7.445556e-02  -3.218226e-02   1.100959e+00   1.089755e+00   9.876016e-02   1.366977e-06   1.384304e-02   1.149988e+00   1.140581e+00   8.888415e-01   1.033713e-05   1.134335e-02
   137   3.868929e-01   3.681137e-01   6.672366e-01   2.942739e-02   6.922243e-02  -5.098884e-02   1.123415e+00   1.112332e+00   9.888027e-02   1.069169e-06   1.307745e-02   1.169042e+00   1.159619e+00   8.899225e-01   8.180032e-06   1.086341e-02
   138   4.253002e-01   4.065210e-01   6.995070e-01   2.206930e-02   6.414389e-02  -6.736492e-02   1.145652e+00   1.134676e+00   9.898885e-02   8.363920e-07   1.236644e-02   1.188135e+00   1.178694e+00   8.908996e-01   6.468414e-06   1.040420e-02
   139   4.637075e-01   4.449283e-01   7.308777e-01   1.637244e-02   5.923777e-02  -8.089759e-02   1.167697e+00   1.156815e+00   9.908698e-02   6.543655e-07   1.170464e-02   1.207272e+00   1.197809e+00   8.917828e-01   5.111358e-06   9.964584e-03
   140   5.021148e-01   4.833356e-01   7.608093e-01   1.202263e-02   5.454754e-02  -9.030030e-02   1.189575e+00   1.178774e+00   9.917565e-02   5.119785e-07   1.108735e-02   1.226455e+00   1.216969e+00   8.925808e-01   4.036253e-06   9.543505e-03
   141   5.405221e-01   5.217429e-01   7.892583e-01   8.721458e-03   5.007901e-02  -9.790892e-02   1.211306e+00   1.200576e+00   9.925576e-02   4.005748e-07   1.051043e-02   1.245689e+00   1.236178e+00   8.933019e-01   3.185167e-06   9.140001e-03
   142   5.789295e-01   5.601502e-01   8.156993e-01   6.255511e-03   4.586567e-02  -1.035303e-01   1.232909e+00   1.222242e+00   9.932813e-02   3.133991e-07   9.970235e-03   1.264976e+00   1.255440e+00   8.939532e-01   2.511918e-06   8.753194e-03
   143   6.173368e-01   5.985575e-01   8.402616e-01   4.432416e-03   4.191361e-02  -1.074121e-01   1.254403e+00   1.243789e+00   9.939350e-02   2.451764e-07   9.463554e-03   1.284320e+00   1.274756e+00   8.945415e-01   1.979730e-06   8.382277e-03
   144   6.557441e-01   6.369649e-01   8.626607e-01   3.100635e-03   3.823061e-02  -1.097658e-01   1.275803e+00   1.265235e+00   9.945254e-02   1.917848e-07   8.987529e-03   1.303721e+00   1.294129e+00   8.950729e-01   1.559343e-06   8.026506e-03
   145   6.941514e-01   6.753722e-01   8.827589e-01   2.142811e-03   3.482389e-02  -1.106791e-01   1.297122e+00   1.286593e+00   9.950586e-02   1.500009e-07   8.539630e-03   1.323183e+00   1.313561e+00   8.955527e-01   1.227497e-06   7.685197e-03
   146   7.325587e-01   7.137795e-01   9.006924e-01   1.462789e-03   3.169010e-02  -1.102949e-01   1.318373e+00   1.307877e+00   9.955400e-02   1.173033e-07   8.117607e-03   1.342706e+00   1.333054e+00   8.959860e-01   9.657181e-07   7.357717e-03
   147   7.709660e-01   7.521868e-01   9.164796e-01   9.862856e-04   2.882299e-02  -1.087147e-01   1.339566e+00   1.329099e+00   9.959747e-02   9.171838e-08   7.719458e-03   1.362291e+00   1.352609e+00   8.963772e-01   7.593458e-07   7.043477e-03
   148   8.093733e-01   7.905941e-01   9.302001e-01   6.571055e-04   2.621264e-02  -1.058524e-01   1.360712e+00   1.350268e+00   9.963672e-02   7.170146e-08   7.343398e-03   1.381940e+00   1.372227e+00   8.967304e-01   5.967558e-07   6.741931e-03
   149   8.477806e-01   8.290014e-01   9.419926e-01   4.330179e-04   2.384544e-02  -1.019428e-01   1.381820e+00   1.371394e+00   9.967214e-02   5.604305e-08   6.987827e-03   1.401652e+00   1.391908e+00   8.970493e-01   4.687382e-07   6.452571e-03
   150   8.861880e-01   8.674087e-01   9.520220e-01   2.824759e-04   2.170485e-02  -9.709818e-02   1.402897e+00   1.392486e+00   9.970413e-02   4.379616e-08   6.651314e-03   1.421427e+00   1.411652e+00   8.973371e-01   3.680017e-07   6.174922e-03
   151   9.245953e-01   9.058160e-01   9.604709e-01   1.825858e-04   1.977206e-02  -9.145315e-02   1.423949e+00   1.413550e+00   9.973300e-02   3.421926e-08   6.332573e-03   1.441266e+00   1.431460e+00   8.975970e-01   2.887786e-07   5.908538e-03
   152   9.630026e-01   9.442234e-01   9.675364e-01   1.170813e-04   1.802818e-02  -8.519833e-02   1.444983e+00   1.434593e+00   9.975905e-02   2.673169e-08   6.030444e-03   1.461168e+00   1.451331e+00   8.978315e-01   2.265094e-07   5.653004e-03
   153   1.001410e+00   9.826307e-01   9.734017e-01   7.456487e-05   1.645403e-02  -7.859440e-02   1.466004e+00   1.455621e+00   9.978257e-02   2.087882e-08   5.743881e-03   1.481132e+00   1.471265e+00   8.980432e-01   1.775926e-07   5.407928e-03
   154   1.039817e+00   1.021038e+00   9.782458e-01   4.722289e-05   1.503156e-02  -7.178582e-02   1.487016e+00   1.476637e+00   9.980380e-02   1.630471e-08   5.471938e-03   1.501156e+00   1.491259e+00   8.982342e-01   1.391853e-07   5.172944e-03
   155   1.078225e+00   1.059445e+00   9.822299e-01   2.977145e-05   1.374409e-02  -6.508026e-02   1.508022e+00   1.497646e+00   9.982296e-02   1.273075e-08   5.213757e-03   1.521239e+00   1.511314e+00   8.984066e-01   1.090450e-07   4.947709e-03
   156   1.116632e+00   1.097853e+00   9.854918e-01   1.870476e-05   1.257665e-02  -5.855847e-02   1.529025e+00   1.518651e+00   9.984025e-02   9.938846e-09   4.968562e-03   1.541380e+00   1.531426e+00   8.985622e-01   8.540375e-08   4.731901e-03
   157   1.155039e+00   1.136260e+00   9.881585e-01   1.172208e-05   1.151602e-02  -5.235205e-02   1.550028e+00   1.539654e+00   9.985585e-02   7.758344e-09   4.735646e-03   1.561575e+00   1.551595e+00   8.987027e-01   6.686900e-08   4.525217e-03
   158   1.193446e+00   1.174667e+00   9.903346e-01   7.333077e-06   1.055072e-02  -4.660636e-02   1.571031e+00   1.560657e+00   9.986993e-02   6.055718e-09   4.514369e-03   1.581821e+00   1.571816e+00   8.988294e-01   5.234429e-08   4.327379e-03
   159   1.231854e+00   1.213075e+00   9.921078e-01   4.582424e-06   9.670708e-03  -4.132774e-02   1.592035e+00   1.581660e+00   9.988264e-02   4.726516e-09   4.304150e-03   1.602115e+00   1.592087e+00   8.989438e-01   4.096691e-08   4.138124e-03
   160   1.270261e+00   1.251482e+00   9.935512e-01   2.862022e-06   8.867294e-03  -3.652304e-02   1.613040e+00   1.602665e+00   9.989411e-02   3.689050e-09   4.104463e-03   1.622453e+00   1.612403e+00   8.990470e-01   3.205851e-08   3.957214e-03
   161   1.308668e+00   1.289889e+00   9.947269e-01   1.787359e-06   8.132927e-03  -3.219291e-02   1.634043e+00   1.623668e+00   9.990446e-02   2.879445e-09   3.914832e-03   1.642830e+00   1.632761e+00   8.991401e-01   2.508597e-08   3.784430e-03
   162   1.347076e+00   1.328296e+00   9.956847e-01   1.116516e-06   7.461026e-03  -2.832552e-02   1.655043e+00   1.644670e+00   9.991379e-02   2.247772e-09   3.734829e-03   1.663239e+00   1.653155e+00   8.992241e-01   1.963054e-08   3.619574e-03
   163   1.385483e+00   1.366704e+00   9.964654e-01   6.978343e-07   6.845831e-03  -2.490429e-02   1.676037e+00   1.665667e+00   9.992222e-02   1.755005e-09   3.564071e-03   1.683675e+00   1.673577e+00   8.993000e-01   1.536351e-08   3.462472e-03
   164   1.423890e+00   1.405111e+00   9.971023e-01   4.364892e-07   6.282243e-03  -2.186709e-02   1.697018e+00   1.686654e+00   9.992982e-02   1.370657e-09   3.402219e-03   1.704127e+00   1.694021e+00   8.993684e-01   1.202697e-08   3.312972e-03
   165   1.462298e+00   1.443518e+00   9.976219e-01   2.732759e-07   5.765780e-03  -1.917754e-02   1.717981e+00   1.707626e+00   9.993668e-02   1.070908e-09   3.248975e-03   1.724587e+00   1.714477e+00   8.994301e-01   9.418680e-09   3.170949e-03
   166   1.500705e+00   1.481926e+00   9.980462e-01   1.712741e-07   5.292468e-03  -1.679710e-02   1.738917e+00   1.728575e+00   9.994287e-02   8.371597e-10   3.104086e-03   1.745042e+00   1.734935e+00   8.994858e-01   7.380104e-09   3.036304e-03
   167   1.539112e+00   1.520333e+00   9.983925e-01   1.074704e-07   4.858785e-03  -1.468581e-02   1.759817e+00   1.749493e+00   9.994845e-02   6.548889e-10   2.967336e-03   1.765480e+00   1.755381e+00   8.995361e-01   5.787053e-09   2.908968e-03
   168   1.577520e+00   1.558740e+00   9.986763e-01   6.751962e-08   4.461615e-03  -1.281353e-02   1.780667e+00   1.770367e+00   9.995349e-02   5.127604e-10   2.838553e-03   1.785883e+00   1.775801e+00   8.995814e-01   4.542279e-09   2.788900e-03
   169   1.615927e+00   1.597148e+00   9.989094e-01   4.247663e-08   4.098203e-03  -1.114149e-02   1.801453e+00   1.791185e+00   9.995804e-02   4.019285e-10   2.717606e-03   1.806233e+00   1.796177e+00   8.996223e-01   3.569663e-09   2.676096e-03
   170   1.654334e+00   1.635555e+00   9.991009e-01   2.676006e-08   3.766133e-03  -9.621403e-03   1.822157e+00   1.811928e+00   9.996214e-02   3.154921e-10   2.604407e-03   1.826507e+00   1.816488e+00   8.996593e-01   2.809654e-09   2.570582e-03
   171   1.692742e+00   1.673962e+00   9.992586e-01   1.688446e-08   3.463327e-03  -8.210258e-03   1.842755e+00   1.832578e+00   9.996584e-02   2.480684e-10   2.498911e-03   1.846679e+00   1.836710e+00   8.996926e-01   2.215681e-09   2.472421e-03
   172   1.731149e+00   1.712370e+00   9.993885e-01   1.067176e-08   3.188171e-03  -6.826663e-03   1.863224e+00   1.853110e+00   9.996918e-02   1.954598e-10   2.401113e-03   1.866719e+00   1.856815e+00   8.997226e-01   1.751337e-09   2.381714e-03
   173   1.769556e+00   1.750777e+00   9.994959e-01   6.757887e-09   2.939276e-03  -5.401894e-03   1.883533e+00   1.873497e+00   9.997219e-02   1.543940e-10   2.311053e-03   1.886594e+00   1.876770e+00   8.997498e-01   1.388176e-09   2.298597e-03
   174   1.807963e+00   1.789184e+00   9.995848e-01   4.288845e-09   2.715697e-03  -3.900242e-03   1.903648e+00   1.893707e+00   9.997491e-02   1.223204e-10   2.228809e-03   1.906264e+00   1.896540e+00   8.997742e-01   1.103974e-09   2.223238e-03
   175   1.846371e+00   1.827592e+00   9.996585e-01   2.729030e-09   2.516959e-03  -2.226503e-03   1.923530e+00   1.913703e+00   9.997737e-02   9.725105e-11   2.154501e-03   1.925686e+00   1.916083e+00   8.997963e-01   8.813799e-10   2.155841e-03
   176   1.884778e+00   1.865999e+00   9.997196e-01   1.742080e-09   2.343160e-03  -2.105437e-04   1.943136e+00   1.933444e+00   9.997958e-02   7.763621e-11   2.088317e-03   1.944812e+00   1.935354e+00   8.998162e-01   7.068491e-10   2.096636e-03
   177   1.923185e+00   1.904406e+00   9.997708e-01   1.116510e-09   2.195171e-03   2.344793e-03   1.962422e+00   1.952886e+00   9.998158e-02   6.225996e-11   2.030775e-03   1.963594e+00   1.954305e+00   8.998342e-01   5.697900e-10   2.045954e-03
   178   1.961593e+00   1.942813e+00   9.998138e-01   7.191537e-10   2.074971e-03   5.633192e-03   1.981360e+00   1.971995e+00   9.998338e-02   5.013162e-11   1.984332e-03   1.981985e+00   1.972887e+00   8.998504e-01   4.617421e-10   2.005039e-03
   179   2.000000e+00   1.981221e+00   9.998500e-01   4.648773e-10   1.991897e-03   8.181193e-03   2.000000e+00   1.990780e+00   9.998500e-02   4.036222e-11   1.958471e-03   2.000000e+00   1.991086e+00   8.998650e-01   3.750642e-10   1.981178e-03
