     i          log_r       log_rmid          m_tot        rho_tot         v2_tot            eta     lgr[heavy]    lgrm[heavy]       m[heavy]     rho[heavy]      v2[heavy]     lgr[light]    lgrm[light]       m[light]     rho[light]      v2[light]
     0  -4.609944e+00  -4.910974e+00   1.032785e-07   2.040237e+07   2.074067e-01            nan  -4.609944e+00  -4.910974e+00   9.998500e-08   2.027154e+07   2.060041e-01  -3.071647e+00  -3.372677e+00   8.998650e-07   4.428331e+03   4.130894e-01
     1  -4.573016e+00  -4.591088e+00   1.324854e-07   2.011237e+07   2.066924e-01            nan  -4.587377e+00  -4.598513e+00   1.166721e-07   2.005539e+07   2.059968e-01  -3.029326e+00  -3.049971e+00   1.050049e-06   2.176549e+03   4.106849e-01
     2  -4.536089e+00  -4.554161e+00   1.700321e-07   2.006660e+07   2.066373e-01            nan  -4.564818e+00  -4.575951e+00   1.361439e-07   2.003195e+07   2.059960e-01  -2.987665e+00  -3.007996e+00   1.225295e-06   1.930585e+03   4.101058e-01
     3  -4.499162e+00  -4.517234e+00   2.182947e-07   2.001346e+07   2.065863e-01            nan  -4.542263e+00  -4.553394e+00   1.588651e-07   2.000607e+07   2.059951e-01  -2.946586e+00  -2.966640e+00   1.429786e-06   1.716943e+03   4.093623e-01
     4  -4.462235e+00  -4.480306e+00   2.803133e-07   1.995258e+07   2.065391e-01            nan  -4.519709e+00  -4.530840e+00   1.853780e-07   1.997751e+07   2.059942e-01  -2.906043e+00  -2.925841e+00   1.668402e-06   1.531418e+03   4.084305e-01
     5  -4.425308e+00  -4.443379e+00   3.599855e-07   1.988216e+07   2.064953e-01            nan  -4.497153e+00  -4.508285e+00   2.163150e-07   1.994596e+07   2.059931e-01  -2.866007e+00  -2.885564e+00   1.946835e-06   1.370093e+03   4.072866e-01
     6  -4.388381e+00  -4.406452e+00   4.622855e-07   1.979984e+07   2.064544e-01            nan  -4.474592e+00  -4.485726e+00   2.524142e-07   1.991112e+07   2.059919e-01  -2.826467e+00  -2.845787e+00   2.271728e-06   1.229844e+03   4.059200e-01
     7  -4.351454e+00  -4.369525e+00   5.935587e-07   1.970485e+07   2.064163e-01            nan  -4.452022e+00  -4.463160e+00   2.945370e-07   1.987265e+07   2.059906e-01  -2.787413e+00  -2.806501e+00   2.650833e-06   1.107598e+03   4.043123e-01
     8  -4.314527e+00  -4.332598e+00   7.619147e-07   1.959368e+07   2.063806e-01            nan  -4.429441e+00  -4.440585e+00   3.436881e-07   1.983016e+07   2.059892e-01  -2.748841e+00  -2.767699e+00   3.093193e-06   1.000893e+03   4.024723e-01
     9  -4.277600e+00  -4.295671e+00   9.775852e-07   1.946404e+07   2.063470e-01            nan  -4.406845e+00  -4.417996e+00   4.010398e-07   1.978323e+07   2.059876e-01  -2.710746e+00  -2.729376e+00   3.609358e-06   9.074619e+02   4.003923e-01
    10  -4.240673e+00  -4.258744e+00   1.253620e-06   1.931444e+07   2.063152e-01            nan  -4.384232e+00  -4.395392e+00   4.679601e-07   1.973140e+07   2.059859e-01  -2.673118e+00  -2.691525e+00   4.211641e-06   8.253803e+02   3.980977e-01
    11  -4.203746e+00  -4.221817e+00   1.606499e-06   1.913804e+07   2.062849e-01            nan  -4.361599e+00  -4.372768e+00   5.460446e-07   1.967418e+07   2.059839e-01  -2.635948e+00  -2.654136e+00   4.914402e-06   7.530157e+02   3.955966e-01
    12  -4.166819e+00  -4.184890e+00   2.056733e-06   1.893448e+07   2.062558e-01            nan  -4.338941e+00  -4.350122e+00   6.371554e-07   1.961099e+07   2.059818e-01  -2.599219e+00  -2.617196e+00   5.734398e-06   6.889331e+02   3.929193e-01
    13  -4.129892e+00  -4.147963e+00   2.630467e-06   1.869868e+07   2.062277e-01            nan  -4.316255e+00  -4.327450e+00   7.434644e-07   1.954123e+07   2.059794e-01  -2.562913e+00  -2.580687e+00   6.691180e-06   6.319415e+02   3.900939e-01
    14  -4.092965e+00  -4.111036e+00   3.359683e-06   1.842418e+07   2.062001e-01            nan  -4.293538e+00  -4.304748e+00   8.675058e-07   1.946424e+07   2.059768e-01  -2.527008e+00  -2.544590e+00   7.807552e-06   5.810361e+02   3.871410e-01
    15  -4.056038e+00  -4.074109e+00   4.284405e-06   1.811107e+07   2.061729e-01            nan  -4.270785e+00  -4.282012e+00   1.012236e-06   1.937928e+07   2.059739e-01  -2.491477e+00  -2.508879e+00   9.110122e-06   5.353205e+02   3.841078e-01
    16  -4.019111e+00  -4.037182e+00   5.453964e-06   1.774682e+07   2.061457e-01            nan  -4.247991e+00  -4.259238e+00   1.181103e-06   1.928555e+07   2.059707e-01  -2.456295e+00  -2.473530e+00   1.062993e-05   4.941366e+02   3.809936e-01
    17  -3.982184e+00  -4.000255e+00   6.927009e-06   1.733412e+07   2.061183e-01            nan  -4.225152e+00  -4.236421e+00   1.378130e-06   1.918219e+07   2.059672e-01  -2.421431e+00  -2.438514e+00   1.240317e-05   4.567927e+02   3.778595e-01
    18  -3.945256e+00  -3.963328e+00   8.777771e-06   1.686301e+07   2.060903e-01            nan  -4.202262e+00  -4.213556e+00   1.608010e-06   1.906825e+07   2.059633e-01  -2.386859e+00  -2.403801e+00   1.447209e-05   4.228688e+02   3.746852e-01
    19  -3.908329e+00  -3.926401e+00   1.108774e-05   1.633196e+07   2.060616e-01            nan  -4.179315e+00  -4.190637e+00   1.876216e-06   1.894270e+07   2.059590e-01  -2.352546e+00  -2.369364e+00   1.688595e-05   3.918597e+02   3.715219e-01
    20  -3.871402e+00  -3.889474e+00   1.396428e-05   1.573696e+07   2.060319e-01            nan  -4.156305e+00  -4.167658e+00   2.189133e-06   1.880442e+07   2.059542e-01  -2.318467e+00  -2.335172e+00   1.970220e-05   3.634755e+02   3.683442e-01
    21  -3.834475e+00  -3.852546e+00   1.751332e-05   1.507543e+07   2.060010e-01            nan  -4.133223e+00  -4.144611e+00   2.554206e-06   1.865222e+07   2.059490e-01  -2.284591e+00  -2.301199e+00   2.298786e-05   3.373781e+02   3.651744e-01
    22  -3.797548e+00  -3.815619e+00   2.188017e-05   1.434754e+07   2.059689e-01            nan  -4.110062e+00  -4.121488e+00   2.980121e-06   1.848480e+07   2.059433e-01  -2.250896e+00  -2.267417e+00   2.682109e-05   3.133490e+02   3.619895e-01
    23  -3.760621e+00  -3.778692e+00   2.719485e-05   1.355815e+07   2.059354e-01            nan  -4.086813e+00  -4.098282e+00   3.477003e-06   1.830078e+07   2.059369e-01  -2.217356e+00  -2.233802e+00   3.129303e-05   2.911593e+02   3.587906e-01
    24  -3.723694e+00  -3.741765e+00   3.362911e-05   1.270407e+07   2.059007e-01            nan  -4.063464e+00  -4.074982e+00   4.056664e-06   1.809866e+07   2.059299e-01  -2.183951e+00  -2.200333e+00   3.650997e-05   2.706403e+02   3.555571e-01
    25  -3.686767e+00  -3.704838e+00   4.135155e-05   1.180741e+07   2.058649e-01            nan  -4.040006e+00  -4.051577e+00   4.732872e-06   1.787687e+07   2.059223e-01  -2.150662e+00  -2.166988e+00   4.259585e-05   2.516280e+02   3.522816e-01
    26  -3.649840e+00  -3.667911e+00   5.049669e-05   1.086286e+07   2.058282e-01            nan  -4.016424e+00  -4.028055e+00   5.521683e-06   1.763376e+07   2.059138e-01  -2.117469e+00  -2.133748e+00   4.969515e-05   2.339891e+02   3.489489e-01
    27  -3.612913e+00  -3.630984e+00   6.126300e-05   9.892934e+06   2.057912e-01            nan  -3.992705e+00  -4.004402e+00   6.441814e-06   1.736758e+07   2.059046e-01  -2.084354e+00  -2.100596e+00   5.797633e-05   2.175959e+02   3.455562e-01
    28  -3.575986e+00  -3.594057e+00   7.380495e-05   8.917724e+06   2.057544e-01            nan  -3.968832e+00  -3.980604e+00   7.515084e-06   1.707651e+07   2.058944e-01  -2.051303e+00  -2.067514e+00   6.763576e-05   2.023411e+02   3.420973e-01
    29  -3.539059e+00  -3.557130e+00   8.824272e-05   7.952501e+06   2.057184e-01            nan  -3.944787e+00  -3.956643e+00   8.766923e-06   1.675869e+07   2.058832e-01  -2.018296e+00  -2.034486e+00   7.890231e-05   1.881188e+02   3.385830e-01
    30  -3.502132e+00  -3.520203e+00   1.046049e-04   7.007884e+06   2.056844e-01            nan  -3.920550e+00  -3.932499e+00   1.022697e-05   1.641223e+07   2.058710e-01  -1.985318e+00  -2.001494e+00   9.204273e-05   1.748434e+02   3.350151e-01
    31  -3.465205e+00  -3.483276e+00   1.230152e-04   6.104181e+06   2.056534e-01            nan  -3.896097e+00  -3.908151e+00   1.192976e-05   1.603523e+07   2.058577e-01  -1.952350e+00  -1.968521e+00   1.073678e-04   1.624256e+02   3.314214e-01
    32  -3.428278e+00  -3.446349e+00   1.435010e-04   5.258895e+06   2.056265e-01            nan  -3.871403e+00  -3.883575e+00   1.391553e-05   1.562585e+07   2.058431e-01  -1.919374e+00  -1.935549e+00   1.252398e-04   1.508012e+02   3.278048e-01
    33  -3.391351e+00  -3.409422e+00   1.660609e-04   4.482795e+06   2.056051e-01            nan  -3.846438e+00  -3.858741e+00   1.623115e-05   1.518231e+07   2.058272e-01  -1.886370e+00  -1.902558e+00   1.460803e-04   1.398959e+02   3.242070e-01
    34  -3.354424e+00  -3.372495e+00   1.906783e-04   3.783278e+06   2.055906e-01            nan  -3.821168e+00  -3.833619e+00   1.893121e-05   1.470301e+07   2.058099e-01  -1.853320e+00  -1.869531e+00   1.703808e-04   1.296670e+02   3.206203e-01
    35  -3.317496e+00  -3.335568e+00   2.171793e-04   3.163846e+06   2.055844e-01            nan  -3.795554e+00  -3.808172e+00   2.207926e-05   1.418657e+07   2.057910e-01  -1.820205e+00  -1.836447e+00   1.987134e-04   1.200549e+02   3.170951e-01
    36  -3.280569e+00  -3.298641e+00   2.453394e-04   2.619684e+06   2.055898e-01            nan  -3.769554e+00  -3.782360e+00   2.574932e-05   1.363192e+07   2.057706e-01  -1.787007e+00  -1.803289e+00   2.317439e-04   1.110342e+02   3.136079e-01
    37  -3.243642e+00  -3.261714e+00   2.752943e-04   2.153566e+06   2.056074e-01            nan  -3.743116e+00  -3.756134e+00   3.002750e-05   1.303843e+07   2.057485e-01  -1.753709e+00  -1.770039e+00   2.702475e-04   1.025629e+02   3.101971e-01
    38  -3.206715e+00  -3.224786e+00   3.071236e-04   1.760252e+06   2.056378e-01            nan  -3.716184e+00  -3.729442e+00   3.501400e-05   1.240602e+07   2.057246e-01  -1.720300e+00  -1.736683e+00   3.151260e-04   9.462341e+01   3.068334e-01
    39  -3.169788e+00  -3.187859e+00   3.405694e-04   1.432304e+06   2.056812e-01            nan  -3.688691e+00  -3.702220e+00   4.082538e-05   1.173530e+07   2.056989e-01  -1.686767e+00  -1.703210e+00   3.674284e-04   8.718898e+01   3.035275e-01
    40  -3.132861e+00  -3.150932e+00   3.749572e-04   1.158849e+06   2.057435e-01            nan  -3.660559e+00  -3.674397e+00   4.759714e-05   1.102775e+07   2.056713e-01  -1.653104e+00  -1.669609e+00   4.283742e-04   8.024274e+01   3.002568e-01
    41  -3.095934e+00  -3.114005e+00   4.114583e-04   9.356228e+05   2.058194e-01            nan  -3.631701e+00  -3.645890e+00   5.548679e-05   1.028585e+07   2.056417e-01  -1.619308e+00  -1.635877e+00   4.993811e-04   7.376505e+01   2.970082e-01
    42  -3.059007e+00  -3.077078e+00   4.489389e-04   7.540616e+05   2.059098e-01            nan  -3.602011e+00  -3.616602e+00   6.467734e-05   9.513291e+06   2.056102e-01  -1.585378e+00  -1.602012e+00   5.820960e-04   6.773641e+01   2.937753e-01
    43  -3.022080e+00  -3.040151e+00   4.880273e-04   6.070217e+05   2.060074e-01   4.999400e-01  -3.571370e+00  -3.586420e+00   7.538125e-05   8.715122e+06   2.055768e-01  -1.551317e+00  -1.568014e+00   6.784313e-04   6.213839e+01   2.905301e-01
    44  -2.985153e+00  -3.003224e+00   5.288484e-04   4.886265e+05   2.061001e-01   4.989729e-01  -3.539633e+00  -3.555211e+00   8.784517e-05   7.897903e+06   2.055417e-01  -1.517130e+00  -1.533887e+00   7.906065e-04   5.694762e+01   2.872915e-01
    45  -2.948226e+00  -2.966297e+00   5.709104e-04   3.938857e+05   2.061829e-01   4.978288e-01  -3.506634e+00  -3.522820e+00   1.023551e-04   7.069801e+06   2.055049e-01  -1.482822e+00  -1.499637e+00   9.211963e-04   5.214443e+01   2.840312e-01
    46  -2.911299e+00  -2.929370e+00   6.151748e-04   3.177211e+05   2.062677e-01   4.963966e-01  -3.472174e+00  -3.489062e+00   1.192428e-04   6.240617e+06   2.054669e-01  -1.448399e+00  -1.465270e+00   1.073185e-03   4.770478e+01   2.807737e-01
    47  -2.874372e+00  -2.892443e+00   6.609959e-04   2.572614e+05   2.063097e-01   4.948108e-01  -3.436020e+00  -3.453721e+00   1.388921e-04   5.421704e+06   2.054280e-01  -1.413870e+00  -1.430792e+00   1.250029e-03   4.360752e+01   2.775064e-01
    48  -2.837445e+00  -2.855516e+00   7.092304e-04   2.084193e+05   2.063554e-01   4.928972e-01  -3.397894e+00  -3.416539e+00   1.617478e-04   4.625727e+06   2.053892e-01  -1.379241e+00  -1.396210e+00   1.455730e-03   3.983013e+01   2.742408e-01
    49  -2.800518e+00  -2.818589e+00   7.598618e-04   1.699247e+05   2.062940e-01   4.909845e-01  -3.357472e+00  -3.377213e+00   1.883238e-04   3.866234e+06   2.053515e-01  -1.344519e+00  -1.361533e+00   1.694914e-03   3.635117e+01   2.709830e-01
    50  -2.763591e+00  -2.781662e+00   8.131167e-04   1.385523e+05   2.062468e-01   4.886596e-01  -3.314370e+00  -3.335386e+00   2.192140e-04   3.156992e+06   2.053166e-01  -1.309714e+00  -1.326768e+00   1.972926e-03   3.315136e+01   2.677215e-01
    51  -2.726664e+00  -2.744735e+00   8.697596e-04   1.138324e+05   2.060191e-01   4.865532e-01  -3.268150e+00  -3.290645e+00   2.551039e-04   2.511073e+06   2.052869e-01  -1.274830e+00  -1.291922e+00   2.295935e-03   3.020942e+01   2.644810e-01
    52  -2.689736e+00  -2.707808e+00   9.296412e-04   9.360431e+04   2.057870e-01   4.840773e-01  -3.218316e+00  -3.242519e+00   2.967831e-04   1.939728e+06   2.052655e-01  -1.239877e+00  -1.257002e+00   2.671048e-03   2.750892e+01   2.612332e-01
    53  -2.652809e+00  -2.670881e+00   9.937003e-04   7.744188e+04   2.053633e-01   4.818743e-01  -3.164341e+00  -3.190491e+00   3.451610e-04   1.451125e+06   2.052560e-01  -1.204863e+00  -1.222017e+00   3.106449e-03   2.503099e+01   2.579974e-01
    54  -2.615882e+00  -2.633954e+00   1.062348e-03   6.424815e+04   2.048648e-01   4.795665e-01  -3.105704e+00  -3.134033e+00   4.012824e-04   1.049164e+06   2.052615e-01  -1.169795e+00  -1.186975e+00   3.611542e-03   2.276010e+01   2.547533e-01
    55  -2.578955e+00  -2.597026e+00   1.135794e-03   5.350891e+04   2.042181e-01   4.774474e-01  -3.041984e+00  -3.072676e+00   4.663463e-04   7.326317e+05   2.052812e-01  -1.134683e+00  -1.151884e+00   4.197117e-03   2.068069e+01   2.514929e-01
    56  -2.542028e+00  -2.560099e+00   1.215707e-03   4.475741e+04   2.034052e-01   4.756128e-01  -2.972998e+00  -3.006123e+00   5.417261e-04   4.950441e+05   2.053027e-01  -1.099535e+00  -1.116753e+00   4.875535e-03   1.877738e+01   2.482198e-01
    57  -2.505101e+00  -2.523172e+00   1.301466e-03   3.751099e+04   2.025140e-01   4.738283e-01  -2.898971e+00  -2.934409e+00   6.289911e-04   3.254389e+05   2.052875e-01  -1.064360e+00  -1.081591e+00   5.660920e-03   1.703753e+01   2.449019e-01
    58  -2.468174e+00  -2.486245e+00   1.395344e-03   3.158611e+04   2.013962e-01   4.726483e-01  -2.820698e+00  -2.858073e+00   7.299314e-04   2.101170e+05   2.051499e-01  -1.029166e+00  -1.046407e+00   6.569382e-03   1.544723e+01   2.415497e-01
    59  -2.431247e+00  -2.449318e+00   1.496832e-03   2.662024e+04   2.002577e-01   4.714378e-01  -2.739547e+00  -2.778230e+00   8.465830e-04   1.349206e+05   2.047431e-01  -9.939637e-01  -1.011208e+00   7.619247e-03   1.399484e+01   2.381399e-01
    60  -2.394320e+00  -2.412391e+00   1.608183e-03   2.252266e+04   1.989019e-01   4.709200e-01  -2.657249e+00  -2.696452e+00   9.812558e-04   8.730469e+04   2.038748e-01  -9.587610e-01  -9.760057e-01   8.831303e-03   1.266917e+01   2.346552e-01
    61  -2.357393e+00  -2.375464e+00   1.729314e-03   1.906425e+04   1.975552e-01   4.703672e-01  -2.575509e+00  -2.614459e+00   1.136562e-03   5.753381e+04   2.023715e-01  -9.235646e-01  -9.408063e-01   1.022906e-02   1.145872e+01   2.311063e-01
    62  -2.320466e+00  -2.338537e+00   1.862452e-03   1.617585e+04   1.960613e-01   4.703442e-01  -2.495648e+00  -2.533745e+00   1.315444e-03   3.883781e+04   2.001629e-01  -8.883815e-01  -9.056169e-01   1.183900e-02   1.035410e+01   2.274702e-01
    63  -2.283539e+00  -2.301610e+00   2.007682e-03   1.372909e+04   1.945883e-01   4.702844e-01  -2.418432e+00  -2.455326e+00   1.521208e-03   2.688009e+04   1.973246e-01  -8.532170e-01  -8.704434e-01   1.369088e-02   9.345910e+00   2.237454e-01
    64  -2.246612e+00  -2.264683e+00   2.167634e-03   1.166332e+04   1.930556e-01   4.704487e-01  -2.344120e+00  -2.379688e+00   1.757548e-03   1.902522e+04   1.940462e-01  -8.180724e-01  -8.352893e-01   1.581793e-02   8.425059e+00   2.199464e-01
    65  -2.209685e+00  -2.227756e+00   2.342042e-03   9.909400e+03   1.915507e-01   4.705176e-01  -2.272607e+00  -2.306893e+00   2.028572e-03   1.371173e+04   1.905532e-01  -7.829480e-01  -8.001552e-01   1.825715e-02   7.583887e+00   2.160674e-01
    66  -2.172758e+00  -2.190829e+00   2.534467e-03   8.418700e+03   1.900482e-01   4.705543e-01  -2.203590e+00  -2.236729e+00   2.338830e-03   1.001714e+04   1.870327e-01  -7.478407e-01  -7.650397e-01   2.104947e-02   6.815081e+00   2.121210e-01
    67  -2.135831e+00  -2.153902e+00   2.743949e-03   7.150501e+03   1.885760e-01   4.704297e-01  -2.136694e+00  -2.168855e+00   2.693323e-03   7.388485e+03   1.835904e-01  -7.127427e-01  -7.299372e-01   2.423991e-02   6.111728e+00   2.081366e-01
    68  -2.098904e+00  -2.116975e+00   2.975060e-03   6.070658e+03   1.871296e-01   4.701394e-01  -2.071547e+00  -2.102900e+00   3.097518e-03   5.485106e+03   1.802425e-01  -6.776439e-01  -6.948388e-01   2.787766e-02   5.468181e+00   2.041242e-01
    69  -2.061976e+00  -2.080048e+00   3.226937e-03   5.150156e+03   1.856994e-01   4.697213e-01  -2.007826e+00  -2.038519e+00   3.557342e-03   4.089333e+03   1.769377e-01  -6.425325e-01  -6.597335e-01   3.201608e-02   4.879444e+00   2.000967e-01
    70  -2.025049e+00  -2.043121e+00   3.503166e-03   4.367813e+03   1.842977e-01   4.691272e-01  -1.945259e+00  -1.975416e+00   4.079169e-03   3.056431e+03   1.735997e-01  -6.073930e-01  -6.246075e-01   3.671252e-02   4.340913e+00   1.960879e-01
    71  -1.988122e+00  -2.006194e+00   3.804882e-03   3.699432e+03   1.828754e-01   4.686187e-01  -1.883611e+00  -1.913342e+00   4.669785e-03   2.286663e+03   1.701768e-01  -5.722107e-01  -5.894457e-01   4.202806e-02   3.848967e+00   1.921054e-01
    72  -1.951195e+00  -1.969266e+00   4.134480e-03   3.132516e+03   1.814764e-01   4.680502e-01  -1.822666e+00  -1.852070e+00   5.336336e-03   1.709593e+03   1.666764e-01  -5.369724e-01  -5.542342e-01   4.802703e-02   3.400545e+00   1.881496e-01
    73  -1.914268e+00  -1.932339e+00   4.494350e-03   2.648711e+03   1.800475e-01   4.677306e-01  -1.762205e+00  -1.791384e+00   6.086254e-03   1.274895e+03   1.631719e-01  -5.016688e-01  -5.189620e-01   5.477629e-02   2.993010e+00   1.842151e-01
    74  -1.877341e+00  -1.895412e+00   4.886679e-03   2.237722e+03   1.786331e-01   4.675914e-01  -1.702004e+00  -1.731062e+00   6.927149e-03   9.464911e+02   1.597796e-01  -4.662947e-01  -4.836217e-01   6.234434e-02   2.623903e+00   1.803025e-01
    75  -1.840414e+00  -1.858485e+00   5.313874e-03   1.888826e+03   1.772360e-01   4.676759e-01  -1.641853e+00  -1.670888e+00   7.866679e-03   6.984217e+02   1.566176e-01  -4.308514e-01  -4.482116e-01   7.080011e-02   2.291073e+00   1.763913e-01
    76  -1.803487e+00  -1.821558e+00   5.778341e-03   1.591042e+03   1.758786e-01   4.680581e-01  -1.581580e+00  -1.610672e+00   8.912390e-03   5.117855e+02   1.537616e-01  -3.953477e-01  -4.127369e-01   8.021151e-02   1.992395e+00   1.724584e-01
    77  -1.766560e+00  -1.784631e+00   6.283560e-03   1.339283e+03   1.745956e-01   4.685546e-01  -1.521092e+00  -1.550283e+00   1.007152e-02   3.724754e+02   1.512106e-01  -3.597991e-01  -3.772098e-01   9.064369e-02   1.725703e+00   1.684817e-01
    78  -1.729633e+00  -1.747704e+00   6.829583e-03   1.124729e+03   1.734292e-01   4.691036e-01  -1.460404e+00  -1.489688e+00   1.135078e-02   2.695932e+02   1.488806e-01  -3.242273e-01  -3.416491e-01   1.021570e-01   1.488771e+00   1.644483e-01
    79  -1.692706e+00  -1.710777e+00   7.422265e-03   9.431326e+02   1.724148e-01   4.694990e-01  -1.399642e+00  -1.428961e+00   1.275612e-02   1.944555e+02   1.466415e-01  -2.886589e-01  -3.060790e-01   1.148050e-01   1.279320e+00   1.603493e-01
    80  -1.655779e+00  -1.673850e+00   8.061602e-03   7.900363e+02   1.715410e-01   4.697518e-01  -1.339009e+00  -1.368268e+00   1.429243e-02   1.400740e+02   1.443838e-01  -2.531250e-01  -2.705286e-01   1.286319e-01   1.095093e+00   1.561740e-01
    81  -1.618852e+00  -1.636923e+00   8.750835e-03   6.600334e+02   1.709237e-01   4.693595e-01  -1.278727e+00  -1.307823e+00   1.596333e-02   1.009297e+02   1.420674e-01  -2.176607e-01  -2.350310e-01   1.436700e-01   9.338559e-01   1.519156e-01
    82  -1.581925e+00  -1.599996e+00   9.497234e-03   5.512211e+02   1.704571e-01   4.686672e-01  -1.219001e+00  -1.247838e+00   1.777087e-02   7.281586e+01   1.397122e-01  -1.823040e-01  -1.996227e-01   1.599378e-01   7.934314e-01   1.475712e-01
    83  -1.544998e+00  -1.563069e+00   1.029430e-02   4.597518e+02   1.702060e-01   4.673376e-01  -1.160002e+00  -1.188501e+00   1.971527e-02   5.262953e+01   1.373566e-01  -1.470945e-01  -1.643425e-01   1.774374e-01   6.717083e-01   1.431498e-01
    84  -1.508071e+00  -1.526142e+00   1.115643e-02   3.832894e+02   1.701254e-01   4.655791e-01  -1.101868e+00  -1.129963e+00   2.179475e-02   3.812404e+01   1.350287e-01  -1.120738e-01  -1.292313e-01   1.961527e-01   5.666977e-01   1.386533e-01
    85  -1.471144e+00  -1.489215e+00   1.208329e-02   3.196631e+02   1.701675e-01   4.635085e-01  -1.044709e+00  -1.072349e+00   2.400535e-02   2.768576e+01   1.327408e-01  -7.728481e-02  -9.433107e-02   2.160481e-01   4.765270e-01   1.340856e-01
    86  -1.434216e+00  -1.452288e+00   1.307898e-02   2.665750e+02   1.703413e-01   4.611792e-01  -9.886115e-01  -1.015755e+00   2.634082e-02   2.015962e+01   1.304918e-01  -4.277049e-02  -5.968487e-02   2.370673e-01   3.994445e-01   1.294572e-01
    87  -1.397289e+00  -1.415361e+00   1.415714e-02   2.225538e+02   1.705790e-01   4.588117e-01  -9.336404e-01  -9.602568e-01   2.879262e-02   1.471996e+01   1.282692e-01  -8.572959e-03  -2.533521e-02   2.591336e-01   3.338284e-01   1.247844e-01
    88  -1.360362e+00  -1.378434e+00   1.531259e-02   1.859923e+02   1.708763e-01   4.564735e-01  -8.798389e-01  -9.059070e-01   3.134998e-02   1.077717e+01   1.260552e-01   2.526626e-02   8.676149e-03   2.821498e-01   2.782087e-01   1.200774e-01
    89  -1.323435e+00  -1.341506e+00   1.656481e-02   1.556263e+02   1.712069e-01   4.542803e-01  -8.272289e-01  -8.527378e-01   3.400006e-02   7.910237e+00   1.238277e-01   5.870760e-02   4.230873e-02   3.060005e-01   2.312468e-01   1.153529e-01
    90  -1.286508e+00  -1.304579e+00   1.791942e-02   1.304103e+02   1.715813e-01   4.521370e-01  -7.758099e-01  -8.007589e-01   3.672816e-02   5.818339e+00   1.215669e-01   9.171455e-02   7.552457e-02   3.305535e-01   1.917384e-01   1.106321e-01
    91  -1.249581e+00  -1.267652e+00   1.938234e-02   1.094139e+02   1.719790e-01   4.501751e-01  -7.255571e-01  -7.499570e-01   3.951809e-02   4.286365e+00   1.192575e-01   1.242528e-01   1.082884e-01   3.556628e-01   1.586206e-01   1.059289e-01
    92  -1.212654e+00  -1.230725e+00   2.097428e-02   9.193364e+01   1.724142e-01   4.482245e-01  -6.764204e-01  -7.002942e-01   4.235249e-02   3.160260e+00   1.168948e-01   1.562930e-01   1.405684e-01   3.811724e-01   1.309445e-01   1.012685e-01
    93  -1.175727e+00  -1.193798e+00   2.269781e-02   7.736285e+01   1.728746e-01   4.462695e-01  -6.283219e-01  -6.517056e-01   4.521329e-02   2.329471e+00   1.144845e-01   1.878090e-01   1.723368e-01   4.069196e-01   1.078881e-01   9.666673e-02
    94  -1.138800e+00  -1.156871e+00   2.457345e-02   6.517894e+01   1.733590e-01   4.442786e-01  -5.811566e-01  -6.040993e-01   4.808216e-02   1.714637e+00   1.120483e-01   2.187793e-01   2.035702e-01   4.327394e-01   8.873226e-02   9.214410e-02
    95  -1.101873e+00  -1.119944e+00   2.662174e-02   5.500371e+01   1.738497e-01   4.421780e-01  -5.347912e-01  -5.573554e-01   5.094094e-02   1.258455e+00   1.096174e-01   2.491871e-01   2.342493e-01   4.584685e-01   7.285769e-02   8.771805e-02
    96  -1.064946e+00  -1.083017e+00   2.884501e-02   4.648026e+01   1.743314e-01   4.399071e-01  -4.890640e-01  -5.113260e-01   5.377208e-02   9.194979e-01   1.072328e-01   2.790199e-01   2.643596e-01   4.839488e-01   5.973330e-02   8.340414e-02
    97  -1.028019e+00  -1.046090e+00   3.127889e-02   3.932983e+01   1.747897e-01   4.374811e-01  -4.437919e-01  -4.658383e-01   5.655903e-02   6.677233e-01   1.049387e-01   3.082699e-01   2.938911e-01   5.090312e-01   4.890515e-02   7.921773e-02
    98  -9.910918e-01  -1.009163e+00   3.394447e-02   3.333462e+01   1.751849e-01   4.347793e-01  -3.987696e-01  -4.206976e-01   5.928652e-02   4.810770e-01   1.027748e-01   3.369335e-01   3.228382e-01   5.335787e-01   3.998948e-02   7.516941e-02
    99  -9.541647e-01  -9.722359e-01   3.685397e-02   2.828747e+01   1.755026e-01   4.318316e-01  -3.537749e-01  -3.756898e-01   6.194091e-02   3.432870e-01   1.007710e-01   3.650115e-01   3.511994e-01   5.574682e-01   3.266085e-02   7.127050e-02
   100  -9.172377e-01  -9.353088e-01   4.005086e-02   2.403584e+01   1.757146e-01   4.286689e-01  -3.085779e-01  -3.305887e-01   6.451030e-02   2.422547e-01   9.894239e-02   3.925080e-01   3.789773e-01   5.805927e-01   2.664703e-02   6.752675e-02
   101  -8.803106e-01  -8.983818e-01   4.356716e-02   2.045380e+01   1.757804e-01   4.251814e-01  -2.629478e-01  -2.851639e-01   6.698469e-02   1.688466e-01   9.728330e-02   4.194310e-01   4.061781e-01   6.028622e-01   2.171881e-02   6.394503e-02
   102  -8.433835e-01  -8.614547e-01   4.741873e-02   1.742295e+01   1.756846e-01   4.214948e-01  -2.166531e-01  -2.391839e-01   6.935597e-02   1.160887e-01   9.577429e-02   4.457911e-01   4.328110e-01   6.242038e-01   1.768605e-02   6.052662e-02
   103  -8.064565e-01  -8.245277e-01   5.166310e-02   1.485364e+01   1.754062e-01   4.176911e-01  -1.694611e-01  -1.924164e-01   7.161799e-02   7.864311e-02   9.439274e-02   4.716023e-01   4.588884e-01   6.445619e-01   1.438960e-02   5.727441e-02
   104  -7.695294e-01  -7.876006e-01   5.634356e-02   1.267512e+01   1.749164e-01   4.136949e-01  -1.211484e-01  -1.446333e-01   7.376638e-02   5.244893e-02   9.311742e-02   4.968802e-01   4.844251e-01   6.638974e-01   1.169834e-02   5.418597e-02
   105  -7.326024e-01  -7.506735e-01   6.149407e-02   1.082281e+01   1.742089e-01   4.096104e-01  -7.148814e-02  -9.560883e-02   7.579851e-02   3.439965e-02   9.194034e-02   5.216430e-01   5.094380e-01   6.821866e-01   9.503057e-03   5.126094e-02
   106  -6.956753e-01  -7.137465e-01   6.716370e-02   9.238191e+00   1.733045e-01   4.057728e-01  -2.026600e-02  -4.512234e-02   7.771330e-02   2.217257e-02   9.085866e-02   5.459102e-01   5.339461e-01   6.994197e-01   7.714186e-03   4.849455e-02
   107  -6.587482e-01  -6.768194e-01   7.341545e-02   7.884860e+00   1.721892e-01   4.020011e-01   3.267603e-02   7.011245e-03   7.951106e-02   1.405026e-02   8.984780e-02   5.697030e-01   5.579695e-01   7.155996e-01   6.257578e-03   4.588343e-02
   108  -6.218212e-01  -6.398924e-01   8.030439e-02   6.726436e+00   1.708788e-01   3.983767e-01   8.738314e-02   6.089043e-02   8.119333e-02   8.769291e-03   8.884500e-02   5.930434e-01   5.815300e-01   7.307399e-01   5.072510e-03   4.342181e-02
   109  -5.848941e-01  -6.029653e-01   8.787676e-02   5.732970e+00   1.693928e-01   3.949635e-01   1.436780e-01   1.164421e-01   8.276263e-02   5.416223e-03   8.769962e-02   6.159543e-01   6.046499e-01   7.448636e-01   4.109042e-03   4.110407e-02
   110  -5.479671e-01  -5.660382e-01   9.618038e-02   4.877604e+00   1.677688e-01   3.917941e-01   2.010359e-01   1.733032e-01   8.422234e-02   3.338506e-03   8.614006e-02   6.384594e-01   6.273526e-01   7.580011e-01   3.326271e-03   3.892410e-02
   111  -5.110400e-01  -5.291112e-01   1.052897e-01   4.143023e+00   1.659986e-01   3.885787e-01   2.585616e-01   2.307505e-01   8.557652e-02   2.076576e-03   8.382751e-02   6.605823e-01   6.496617e-01   7.701887e-01   2.690760e-03   3.687488e-02
   112  -4.741130e-01  -4.921841e-01   1.152633e-01   3.512593e+00   1.640873e-01   3.851532e-01   3.151265e-01   2.877643e-01   8.682971e-02   1.318144e-03   8.049971e-02   6.823473e-01   6.716011e-01   7.814674e-01   2.175108e-03   3.495029e-02
   113  -4.371859e-01  -4.552571e-01   1.261601e-01   2.972080e+00   1.620303e-01   3.812868e-01   3.696687e-01   3.432533e-01   8.798682e-02   8.603369e-04   7.615577e-02   7.037785e-01   6.931951e-01   7.918814e-01   1.757001e-03   3.314315e-02
   114  -4.002588e-01  -4.183300e-01   1.380328e-01   2.509373e+00   1.598127e-01   3.766920e-01   4.214641e-01   3.963381e-01   8.905301e-02   5.785133e-04   7.108198e-02   7.248997e-01   7.144675e-01   8.014771e-01   1.418204e-03   3.144679e-02
   115  -3.633318e-01  -3.814029e-01   1.509163e-01   2.113534e+00   1.574311e-01   3.709387e-01   4.701999e-01   4.465153e-01   9.003354e-02   3.998098e-04   6.568900e-02   7.457347e-01   7.354421e-01   8.103019e-01   1.143851e-03   2.985469e-02
   116  -3.264047e-01  -3.444759e-01   1.648964e-01   1.776054e+00   1.548548e-01   3.638087e-01   5.158838e-01   4.936423e-01   9.093373e-02   2.827668e-04   6.033630e-02   7.663066e-01   7.561425e-01   8.184036e-01   9.218423e-04   2.836014e-02
   117  -2.894777e-01  -3.075488e-01   1.800317e-01   1.489082e+00   1.520609e-01   3.552180e-01   5.587045e-01   5.378217e-01   9.175884e-02   2.037868e-04   5.525359e-02   7.866384e-01   7.765915e-01   8.258295e-01   7.423151e-04   2.695698e-02
   118  -2.525506e-01  -2.706218e-01   1.963725e-01   1.245520e+00   1.490343e-01   3.450613e-01   5.989302e-01   5.792829e-01   9.251402e-02   1.491022e-04   5.055579e-02   8.067520e-01   7.968116e-01   8.326262e-01   5.972478e-04   2.563918e-02
   119  -2.156235e-01  -2.336947e-01   2.139653e-01   1.039032e+00   1.457574e-01   3.332204e-01   6.368476e-01   6.183026e-01   9.320429e-02   1.104218e-04   4.628159e-02   8.266688e-01   8.168246e-01   8.388386e-01   4.801183e-04   2.440081e-02
   120  -1.786965e-01  -1.967676e-01   2.328180e-01   8.643546e-01   1.422377e-01   3.195807e-01   6.727307e-01   6.551597e-01   9.383445e-02   8.257863e-05   4.242775e-02   8.464096e-01   8.366514e-01   8.445100e-01   3.856208e-04   2.323643e-02
   121  -1.417694e-01  -1.598406e-01   2.530052e-01   7.168912e-01   1.384833e-01   3.041265e-01   7.068229e-01   6.901113e-01   9.440910e-02   6.225923e-05   3.896506e-02   8.659942e-01   8.563123e-01   8.496819e-01   3.094457e-04   2.214085e-02
   122  -1.048424e-01  -1.229135e-01   2.745591e-01   5.927046e-01   1.344955e-01   2.868706e-01   7.393418e-01   7.233866e-01   9.493262e-02   4.725150e-05   3.585955e-02   8.854413e-01   8.758266e-01   8.543935e-01   2.480941e-04   2.110907e-02
   123  -6.791530e-02  -8.598647e-02   2.974931e-01   4.883372e-01   1.302853e-01   2.677161e-01   7.704760e-01   7.551878e-01   9.540910e-02   3.606033e-05   3.307410e-02   9.047691e-01   8.952127e-01   8.586819e-01   1.987254e-04   2.013645e-02
   124  -3.098824e-02  -4.905941e-02   3.217577e-01   4.008210e-01   1.258724e-01   2.465208e-01   8.003899e-01   7.856904e-01   9.584241e-02   2.764685e-05   3.057255e-02   9.239945e-01   9.144882e-01   8.625817e-01   1.590349e-04   1.921874e-02
   125   5.938816e-03  -1.213235e-02   3.473626e-01   3.276389e-01   1.212767e-01   2.232107e-01   8.292264e-01   8.150475e-01   9.623618e-02   2.127820e-05   2.832253e-02   9.431336e-01   9.336695e-01   8.661256e-01   1.271554e-04   1.835187e-02
   126   4.286587e-02   2.479471e-02   3.742824e-01   2.666438e-01   1.165143e-01   1.980001e-01   8.571107e-01   8.433923e-01   9.659376e-02   1.642930e-05   2.629436e-02   9.622013e-01   9.527720e-01   8.693438e-01   1.015739e-04   1.753209e-02
   127   7.979293e-02   6.172176e-02   4.024238e-01   2.159689e-01   1.116128e-01   1.708695e-01   8.841513e-01   8.708414e-01   9.691827e-02   1.271971e-05   2.446195e-02   9.812117e-01   9.718105e-01   8.722644e-01   8.106575e-05   1.675595e-02
   128   1.167200e-01   9.864882e-02   4.316926e-01   1.740413e-01   1.065933e-01   1.424488e-01   9.104448e-01   8.974970e-01   9.721261e-02   9.869506e-06   2.280271e-02   1.000178e+00   9.907983e-01   8.749135e-01   6.464041e-05   1.602030e-02
   129   1.536471e-01   1.355759e-01   4.620126e-01   1.394882e-01   1.014872e-01   1.131464e-01   9.360754e-01   9.234492e-01   9.747945e-02   7.672322e-06   2.129603e-02   1.019112e+00   1.009748e+00   8.773151e-01   5.149773e-05   1.532221e-02
   130   1.905741e-01   1.725029e-01   4.931150e-01   1.111374e-01   9.632513e-02   8.280164e-02   9.611179e-01   9.487772e-01   9.772124e-02   5.973374e-06   1.992466e-02   1.038025e+00   1.028671e+00   8.794912e-01   4.099166e-05   1.465899e-02
   131   2.275012e-01   2.094300e-01   5.248106e-01   8.793034e-02   9.109579e-02   5.416627e-02   9.856391e-01   9.735515e-01   9.794025e-02   4.656369e-06   1.867322e-02   1.056927e+00   1.047579e+00   8.814623e-01   3.260115e-05   1.402821e-02
   132   2.644282e-01   2.463571e-01   5.570194e-01   6.909872e-02   8.587613e-02   2.609568e-02   1.009698e+00   9.978349e-01   9.813854e-02   3.633446e-06   1.752805e-02   1.075828e+00   1.066481e+00   8.832469e-01   2.590644e-05   1.342763e-02
   133   3.013553e-01   2.832841e-01   5.895098e-01   5.391371e-02   8.069815e-02  -5.336728e-04   1.033346e+00   1.021683e+00   9.831802e-02   2.837535e-06   1.647754e-02   1.094737e+00   1.085385e+00   8.848622e-01   2.056966e-05   1.285527e-02
   134   3.382823e-01   3.202112e-01   6.220216e-01   4.175371e-02   7.558720e-02  -2.258640e-02   1.056632e+00   1.045145e+00   9.848042e-02   2.217370e-06   1.551143e-02   1.113660e+00   1.104301e+00   8.863237e-01   1.631921e-05   1.230925e-02
   135   3.752094e-01   3.571382e-01   6.540354e-01   3.204583e-02   7.055810e-02  -4.313701e-02   1.079596e+00   1.068266e+00   9.862732e-02   1.733589e-06   1.462064e-02   1.132605e+00   1.123236e+00   8.876458e-01   1.293696e-05   1.178792e-02
   136   4.121365e-01   3.940653e-01   6.856055e-01   2.437792e-02   6.565535e-02  -6.094845e-02   1.102277e+00   1.091085e+00   9.876016e-02   1.355869e-06   1.379724e-02   1.151579e+00   1.142196e+00   8.888415e-01   1.024787e-05   1.128975e-02
   137   4.490635e-01   4.309924e-01   7.163558e-01   1.838408e-02   6.091401e-02  -7.394243e-02   1.124709e+00   1.113638e+00   9.888027e-02   1.060731e-06   1.303438e-02   1.170587e+00   1.161187e+00   8.899225e-01   8.111707e-06   1.081337e-02
   138   4.859906e-01   4.679194e-01   7.458413e-01   1.371518e-02   5.633790e-02  -8.517437e-02   1.146920e+00   1.135956e+00   9.898885e-02   8.299863e-07   1.232596e-02   1.189635e+00   1.180216e+00   8.908996e-01   6.416165e-06   1.035751e-02
   139   5.229176e-01   5.048465e-01   7.741498e-01   1.013285e-02   5.197118e-02  -9.413633e-02   1.168938e+00   1.158069e+00   9.908698e-02   6.495051e-07   1.166665e-02   1.208726e+00   1.199285e+00   8.917828e-01   5.071444e-06   9.921053e-03
   140   5.598447e-01   5.417735e-01   8.006308e-01   7.403535e-03   4.781915e-02  -1.010220e-01   1.190788e+00   1.180001e+00   9.917565e-02   5.082928e-07   1.105174e-02   1.227865e+00   1.218401e+00   8.925808e-01   4.005793e-06   9.502942e-03
   141   5.967718e-01   5.787006e-01   8.254933e-01   5.351791e-03   4.390363e-02  -1.058516e-01   1.212491e+00   1.201776e+00   9.925576e-02   3.977811e-07   1.047707e-02   1.247055e+00   1.237566e+00   8.933019e-01   3.161944e-06   9.102230e-03
   142   6.336988e-01   6.156276e-01   8.483497e-01   3.822596e-03   4.022760e-02  -1.089543e-01   1.234067e+00   1.223413e+00   9.932813e-02   3.112829e-07   9.939027e-03   1.266300e+00   1.256784e+00   8.939532e-01   2.494230e-06   8.718046e-03
   143   6.706259e-01   6.525547e-01   8.691703e-01   2.700615e-03   3.680474e-02  -1.107162e-01   1.255532e+00   1.244932e+00   9.939350e-02   2.435743e-07   9.434382e-03   1.285601e+00   1.276058e+00   8.945415e-01   1.966271e-06   8.349592e-03
   144   7.075529e-01   6.894818e-01   8.880086e-01   1.885273e-03   3.363226e-02  -1.112556e-01   1.276903e+00   1.266349e+00   9.945254e-02   1.905725e-07   8.960288e-03   1.304962e+00   1.295389e+00   8.950729e-01   1.549111e-06   7.996132e-03
   145   7.444800e-01   7.264088e-01   9.047788e-01   1.300873e-03   3.070919e-02  -1.105162e-01   1.298193e+00   1.287678e+00   9.950586e-02   1.490842e-07   8.514216e-03   1.324383e+00   1.314781e+00   8.955527e-01   1.219726e-06   7.656991e-03
   146   7.814071e-01   7.633359e-01   9.194796e-01   8.878022e-04   2.802973e-02  -1.086398e-01   1.319414e+00   1.308933e+00   9.955400e-02   1.166105e-07   8.093921e-03   1.343866e+00   1.334234e+00   8.959860e-01   9.598219e-07   7.331542e-03
   147   8.183341e-01   8.002629e-01   9.323205e-01   5.994585e-04   2.558374e-02  -1.057293e-01   1.340579e+00   1.330125e+00   9.959747e-02   9.119512e-08   7.697403e-03   1.363413e+00   1.353750e+00   8.963772e-01   7.548763e-07   7.019204e-03
   148   8.552612e-01   8.371900e-01   9.434136e-01   4.006888e-04   2.335843e-02  -1.018650e-01   1.361696e+00   1.351266e+00   9.963672e-02   7.130650e-08   7.322881e-03   1.383024e+00   1.373329e+00   8.967304e-01   5.933709e-07   6.719439e-03
   149   8.921882e-01   8.741171e-01   9.528962e-01   2.652728e-04   2.133946e-02  -9.709605e-02   1.382775e+00   1.372363e+00   9.967214e-02   5.574513e-08   6.968759e-03   1.402699e+00   1.392973e+00   8.970493e-01   4.661771e-07   6.431745e-03
   150   9.291153e-01   9.110441e-01   9.609354e-01   1.741474e-04   1.950997e-02  -9.159354e-02   1.403823e+00   1.393426e+00   9.970413e-02   4.357159e-08   6.633610e-03   1.422438e+00   1.412681e+00   8.973371e-01   3.660658e-07   6.155653e-03
   151   9.660423e-01   9.479712e-01   9.676983e-01   1.134941e-04   1.785304e-02  -8.552156e-02   1.424847e+00   1.414462e+00   9.973300e-02   3.405011e-08   6.316151e-03   1.442242e+00   1.432453e+00   8.975970e-01   2.873168e-07   5.890726e-03
   152   1.002969e+00   9.848982e-01   9.733502e-01   7.349877e-05   1.635164e-02  -7.913957e-02   1.445853e+00   1.435477e+00   9.975905e-02   2.660438e-08   6.015227e-03   1.462109e+00   1.452289e+00   8.978315e-01   2.254067e-07   5.636552e-03
   153   1.039896e+00   1.021825e+00   9.780498e-01   4.735225e-05   1.498984e-02  -7.254514e-02   1.466846e+00   1.456477e+00   9.978257e-02   2.078308e-08   5.729796e-03   1.482039e+00   1.472189e+00   8.980432e-01   1.767617e-07   5.392748e-03
   154   1.076824e+00   1.058752e+00   9.819414e-01   3.037756e-05   1.375279e-02  -6.604966e-02   1.487831e+00   1.477465e+00   9.980380e-02   1.623278e-08   5.458916e-03   1.502030e+00   1.492150e+00   8.982342e-01   1.385599e-07   5.158953e-03
   155   1.113751e+00   1.095679e+00   9.851516e-01   1.942482e-05   1.262710e-02  -5.968942e-02   1.508810e+00   1.498447e+00   9.982296e-02   1.267677e-08   5.201734e-03   1.522082e+00   1.512172e+00   8.984066e-01   1.085749e-07   4.934828e-03
   156   1.150678e+00   1.132606e+00   9.877902e-01   1.239080e-05   1.160093e-02  -5.363975e-02   1.529787e+00   1.519425e+00   9.984025e-02   9.898378e-09   4.957476e-03   1.542190e+00   1.532252e+00   8.985622e-01   8.505088e-08   4.720057e-03
   157   1.187605e+00   1.169534e+00   9.899582e-01   7.890260e-06   1.066387e-02  -4.799751e-02   1.550763e+00   1.540402e+00   9.985585e-02   7.728049e-09   4.725441e-03   1.562354e+00   1.552389e+00   8.987027e-01   6.660453e-08   4.514345e-03
   158   1.224532e+00   1.206461e+00   9.917379e-01   5.018927e-06   9.806802e-03  -4.275961e-02   1.571740e+00   1.561378e+00   9.986993e-02   6.033074e-09   4.504993e-03   1.582570e+00   1.572580e+00   8.988294e-01   5.214642e-08   4.317416e-03
   159   1.261459e+00   1.243388e+00   9.931992e-01   3.190614e-06   9.021831e-03  -3.797493e-02   1.592719e+00   1.582356e+00   9.988264e-02   4.709623e-09   4.295555e-03   1.602835e+00   1.592821e+00   8.989438e-01   4.081919e-08   4.129015e-03
   160   1.298386e+00   1.280315e+00   9.943987e-01   2.027957e-06   8.302063e-03  -3.367155e-02   1.613698e+00   1.603335e+00   9.989411e-02   3.676475e-09   4.096605e-03   1.623144e+00   1.613108e+00   8.990470e-01   3.194850e-08   3.948906e-03
   161   1.335313e+00   1.317242e+00   9.953824e-01   1.289201e-06   7.641406e-03  -2.978837e-02   1.634676e+00   1.624313e+00   9.990446e-02   2.870111e-09   3.907671e-03   1.643492e+00   1.633437e+00   8.991401e-01   2.500429e-08   3.776877e-03
   162   1.372240e+00   1.354169e+00   9.961906e-01   8.199276e-07   7.034546e-03  -2.630598e-02   1.655651e+00   1.645290e+00   9.991379e-02   2.240867e-09   3.728329e-03   1.663873e+00   1.653802e+00   8.992241e-01   1.957012e-08   3.612735e-03
   163   1.409167e+00   1.391096e+00   9.968551e-01   5.218234e-07   6.476814e-03  -2.320990e-02   1.676619e+00   1.666261e+00   9.992222e-02   1.749920e-09   3.558202e-03   1.684280e+00   1.674197e+00   8.993000e-01   1.531902e-08   3.456310e-03
   164   1.446094e+00   1.428023e+00   9.974018e-01   3.323790e-07   5.964034e-03  -2.046720e-02   1.697574e+00   1.687223e+00   9.992982e-02   1.366932e-09   3.396953e-03   1.704704e+00   1.694612e+00   8.993684e-01   1.199442e-08   3.307456e-03
   165   1.483021e+00   1.464950e+00   9.978515e-01   2.119146e-07   5.492497e-03  -1.802541e-02   1.718512e+00   1.708169e+00   9.993668e-02   1.068199e-09   3.244291e-03   1.725136e+00   1.715040e+00   8.994301e-01   9.395034e-09   3.166053e-03
   166   1.519948e+00   1.501877e+00   9.982204e-01   1.352533e-07   5.058919e-03  -1.585016e-02   1.739422e+00   1.729093e+00   9.994287e-02   8.352086e-10   3.099965e-03   1.745563e+00   1.735470e+00   8.994858e-01   7.363107e-09   3.032007e-03
   167   1.556875e+00   1.538804e+00   9.985245e-01   8.642284e-08   4.660374e-03  -1.391407e-02   1.760295e+00   1.749984e+00   9.994845e-02   6.535016e-10   2.963766e-03   1.765972e+00   1.755887e+00   8.995361e-01   5.775004e-09   2.905253e-03
   168   1.593802e+00   1.575731e+00   9.987760e-01   5.528842e-08   4.294263e-03  -1.219394e-02   1.781118e+00   1.770832e+00   9.995349e-02   5.117916e-10   2.835526e-03   1.786345e+00   1.776278e+00   8.995814e-01   4.533902e-09   2.785759e-03
   169   1.630729e+00   1.612658e+00   9.989842e-01   3.541603e-08   3.958276e-03  -1.063690e-02   1.801876e+00   1.791621e+00   9.995804e-02   4.012695e-10   2.715121e-03   1.806665e+00   1.796624e+00   8.996223e-01   3.564004e-09   2.673522e-03
   170   1.667656e+00   1.649585e+00   9.991568e-01   2.271893e-08   3.650507e-03  -9.181432e-03   1.822549e+00   1.812335e+00   9.996214e-02   3.150614e-10   2.602466e-03   1.826907e+00   1.816904e+00   8.996593e-01   2.805996e-09   2.568576e-03
   171   1.704584e+00   1.686512e+00   9.993001e-01   1.459548e-08   3.369185e-03  -7.794561e-03   1.843116e+00   1.832954e+00   9.996584e-02   2.478051e-10   2.497522e-03   1.847046e+00   1.837093e+00   8.996926e-01   2.213490e-09   2.470991e-03
   172   1.741511e+00   1.723439e+00   9.994182e-01   9.391984e-09   3.112909e-03  -6.482049e-03   1.863551e+00   1.853454e+00   9.996918e-02   1.953185e-10   2.400291e-03   1.867051e+00   1.857163e+00   8.997226e-01   1.750213e-09   2.380872e-03
   173   1.778438e+00   1.760366e+00   9.995167e-01   6.054692e-09   2.880544e-03  -5.148282e-03   1.883824e+00   1.873806e+00   9.997219e-02   1.543408e-10   2.310818e-03   1.886888e+00   1.877082e+00   8.997498e-01   1.387820e-09   2.298361e-03
   174   1.815365e+00   1.797294e+00   9.995989e-01   3.911526e-09   2.671314e-03  -3.720232e-03   1.903900e+00   1.893978e+00   9.997491e-02   1.223300e-10   2.229187e-03   1.906517e+00   1.896813e+00   8.997742e-01   1.104165e-09   2.223634e-03
   175   1.852292e+00   1.834221e+00   9.996678e-01   2.533647e-09   2.485296e-03  -1.959523e-03   1.923739e+00   1.913933e+00   9.997737e-02   9.730470e-11   2.155525e-03   1.925895e+00   1.916314e+00   8.997963e-01   8.819521e-10   2.156897e-03
   176   1.889219e+00   1.871148e+00   9.997256e-01   1.646306e-09   2.322609e-03   1.022404e-04   1.943299e+00   1.933629e+00   9.997958e-02   7.771991e-11   2.090026e-03   1.944975e+00   1.935540e+00   8.998162e-01   7.076799e-10   2.098388e-03
   177   1.926146e+00   1.908075e+00   9.997742e-01   1.073858e-09   2.184076e-03   2.630688e-03   1.962535e+00   1.953024e+00   9.998158e-02   6.236304e-11   2.033225e-03   1.963706e+00   1.954442e+00   8.998342e-01   5.707879e-10   2.048445e-03
   178   1.963073e+00   1.945002e+00   9.998152e-01   7.037880e-10   2.071616e-03   5.836836e-03   1.981419e+00   1.972080e+00   9.998338e-02   5.024548e-11   1.987614e-03   1.982043e+00   1.972971e+00   8.998504e-01   4.628354e-10   2.008336e-03
   179   2.000000e+00   1.981929e+00   9.998500e-01   4.626699e-10   1.994765e-03   8.178923e-03   2.000000e+00   1.990809e+00   9.998500e-02   4.048193e-11   1.962624e-03   2.000000e+00   1.991114e+00   8.998650e-01   3.762031e-10   1.985337e-03
