     i          log_r       log_rmid          m_tot        rho_tot         v2_tot            eta     lgr[heavy]    lgrm[heavy]       m[heavy]     rho[heavy]      v2[heavy]     lgr[light]    lgrm[light]       m[light]     rho[light]      v2[light]
     0  -3.766854e+00  -4.067884e+00   1.020358e-07   6.099510e+04   2.088491e-01            nan  -3.766854e+00  -4.067884e+00   9.998500e-08   5.992655e+04   2.053231e-01  -2.844584e+00  -3.145614e+00   8.998650e-07   9.226809e+02   4.051059e-01
     1  -3.734637e+00  -3.750447e+00   1.274044e-07   6.084885e+04   2.086741e-01            nan  -3.744479e+00  -3.755522e+00   1.166721e-07   5.983518e+04   2.053224e-01  -2.821187e+00  -2.832728e+00   1.050049e-06   8.778614e+02   4.046038e-01
     2  -3.702420e+00  -3.718230e+00   1.590822e-07   6.082868e+04   2.086571e-01            nan  -3.722104e+00  -3.733148e+00   1.361439e-07   5.982528e+04   2.053223e-01  -2.797826e+00  -2.809349e+00   1.225295e-06   8.729373e+02   4.045465e-01
     3  -3.670203e+00  -3.686013e+00   1.986371e-07   6.080626e+04   2.086403e-01            nan  -3.699731e+00  -3.710774e+00   1.588651e-07   5.981431e+04   2.053222e-01  -2.774482e+00  -2.785997e+00   1.429786e-06   8.675314e+02   4.044829e-01
     4  -3.637986e+00  -3.653796e+00   2.480258e-07   6.078093e+04   2.086237e-01            nan  -3.677358e+00  -3.688400e+00   1.853780e-07   5.980215e+04   2.053221e-01  -2.751140e+00  -2.762654e+00   1.668402e-06   8.616008e+02   4.044121e-01
     5  -3.605769e+00  -3.621579e+00   3.096899e-07   6.075273e+04   2.086073e-01            nan  -3.654985e+00  -3.666027e+00   2.163150e-07   5.978868e+04   2.053220e-01  -2.727784e+00  -2.739305e+00   1.946835e-06   8.550999e+02   4.043333e-01
     6  -3.573552e+00  -3.589362e+00   3.866755e-07   6.072045e+04   2.085911e-01            nan  -3.632611e+00  -3.643654e+00   2.524142e-07   5.977376e+04   2.053219e-01  -2.704399e+00  -2.715934e+00   2.271728e-06   8.479807e+02   4.042456e-01
     7  -3.541335e+00  -3.557145e+00   4.827842e-07   6.068428e+04   2.085753e-01            nan  -3.610237e+00  -3.621280e+00   2.945370e-07   5.975723e+04   2.053218e-01  -2.680970e+00  -2.692526e+00   2.650833e-06   8.401927e+02   4.041478e-01
     8  -3.509118e+00  -3.524928e+00   6.027532e-07   6.064290e+04   2.085597e-01            nan  -3.587861e+00  -3.598905e+00   3.436881e-07   5.973891e+04   2.053216e-01  -2.657484e+00  -2.669068e+00   3.093193e-06   8.316835e+02   4.040388e-01
     9  -3.476901e+00  -3.492711e+00   7.524984e-07   6.059598e+04   2.085445e-01            nan  -3.565484e+00  -3.576529e+00   4.010398e-07   5.971862e+04   2.053214e-01  -2.633927e+00  -2.645546e+00   3.609358e-06   8.223989e+02   4.039173e-01
    10  -3.444684e+00  -3.460494e+00   9.393798e-07   6.054246e+04   2.085296e-01            nan  -3.543105e+00  -3.554150e+00   4.679601e-07   5.969614e+04   2.053213e-01  -2.610283e+00  -2.621944e+00   4.211641e-06   8.122836e+02   4.037816e-01
    11  -3.412467e+00  -3.428277e+00   1.172590e-06   6.048106e+04   2.085151e-01            nan  -3.520723e+00  -3.531770e+00   5.460446e-07   5.967124e+04   2.053210e-01  -2.586539e+00  -2.598249e+00   4.914402e-06   8.012819e+02   4.036301e-01
    12  -3.380250e+00  -3.396059e+00   1.463560e-06   6.041139e+04   2.085011e-01            nan  -3.498338e+00  -3.509387e+00   6.371554e-07   5.964366e+04   2.053208e-01  -2.562679e+00  -2.574446e+00   5.734398e-06   7.893387e+02   4.034606e-01
    13  -3.348033e+00  -3.363842e+00   1.826542e-06   6.033055e+04   2.084876e-01            nan  -3.475951e+00  -3.487000e+00   7.434644e-07   5.961310e+04   2.053206e-01  -2.538688e+00  -2.550518e+00   6.691180e-06   7.764001e+02   4.032711e-01
    14  -3.315815e+00  -3.331625e+00   2.279271e-06   6.023900e+04   2.084747e-01            nan  -3.453559e+00  -3.464610e+00   8.675058e-07   5.957926e+04   2.053203e-01  -2.514547e+00  -2.526449e+00   7.807552e-06   7.624152e+02   4.030589e-01
    15  -3.283598e+00  -3.299408e+00   2.843784e-06   6.013256e+04   2.084624e-01            nan  -3.431163e+00  -3.442216e+00   1.012236e-06   5.954177e+04   2.053200e-01  -2.490239e+00  -2.502223e+00   9.110122e-06   7.473372e+02   4.028211e-01
    16  -3.251381e+00  -3.267191e+00   3.547566e-06   6.001132e+04   2.084509e-01            nan  -3.408762e+00  -3.419818e+00   1.181103e-06   5.950025e+04   2.053196e-01  -2.465746e+00  -2.477820e+00   1.062993e-05   7.311254e+02   4.025543e-01
    17  -3.219164e+00  -3.234974e+00   4.424558e-06   5.987142e+04   2.084402e-01            nan  -3.386356e+00  -3.397414e+00   1.378130e-06   5.945427e+04   2.053192e-01  -2.441048e+00  -2.453222e+00   1.240317e-05   7.137471e+02   4.022548e-01
    18  -3.186947e+00  -3.202757e+00   5.517211e-06   5.971057e+04   2.084305e-01            nan  -3.363943e+00  -3.375005e+00   1.608010e-06   5.940335e+04   2.053188e-01  -2.416122e+00  -2.428406e+00   1.447209e-05   6.951797e+02   4.019182e-01
    19  -3.154730e+00  -3.170540e+00   6.877771e-06   5.952665e+04   2.084218e-01            nan  -3.341524e+00  -3.352589e+00   1.876216e-06   5.934696e+04   2.053184e-01  -2.390946e+00  -2.403352e+00   1.688595e-05   6.754128e+02   4.015395e-01
    20  -3.122513e+00  -3.138323e+00   8.571324e-06   5.931320e+04   2.084145e-01            nan  -3.319097e+00  -3.330166e+00   2.189133e-06   5.928453e+04   2.053178e-01  -2.365497e+00  -2.378035e+00   1.970220e-05   6.544508e+02   4.011130e-01
    21  -3.090296e+00  -3.106106e+00   1.067815e-05   5.907106e+04   2.084085e-01            nan  -3.296662e+00  -3.307735e+00   2.554206e-06   5.921542e+04   2.053173e-01  -2.339747e+00  -2.352431e+00   2.298786e-05   6.323151e+02   4.006322e-01
    22  -3.058079e+00  -3.073889e+00   1.329722e-05   5.878882e+04   2.084042e-01            nan  -3.274217e+00  -3.285294e+00   2.980121e-06   5.913891e+04   2.053166e-01  -2.313671e+00  -2.326514e+00   2.682109e-05   6.090463e+02   4.000896e-01
    23  -3.025862e+00  -3.041672e+00   1.655154e-05   5.846816e+04   2.084018e-01            nan  -3.251762e+00  -3.262844e+00   3.477003e-06   5.905422e+04   2.053159e-01  -2.287241e+00  -2.300255e+00   3.129303e-05   5.847063e+02   3.994764e-01
    24  -2.993645e+00  -3.009455e+00   2.058990e-05   5.809887e+04   2.084015e-01            nan  -3.229295e+00  -3.240383e+00   4.056664e-06   5.896050e+04   2.053151e-01  -2.260426e+00  -2.273626e+00   3.650997e-05   5.593838e+02   3.987828e-01
    25  -2.961428e+00  -2.977238e+00   2.559893e-05   5.767578e+04   2.084038e-01            nan  -3.206815e+00  -3.217909e+00   4.732872e-06   5.885679e+04   2.053142e-01  -2.233198e+00  -2.246599e+00   4.259585e-05   5.331993e+02   3.979994e-01
    26  -2.929211e+00  -2.945021e+00   3.180255e-05   5.719546e+04   2.084088e-01            nan  -3.184320e+00  -3.195422e+00   5.521683e-06   5.874206e+04   2.053133e-01  -2.205527e+00  -2.219142e+00   4.969515e-05   5.062886e+02   3.971138e-01
    27  -2.896994e+00  -2.912804e+00   3.947733e-05   5.664036e+04   2.084174e-01            nan  -3.161810e+00  -3.172919e+00   6.441814e-06   5.861515e+04   2.053122e-01  -2.177382e+00  -2.191227e+00   5.797633e-05   4.788099e+02   3.961122e-01
    28  -2.864777e+00  -2.880586e+00   4.895994e-05   5.601535e+04   2.084295e-01            nan  -3.139282e+00  -3.150400e+00   7.515084e-06   5.847479e+04   2.053110e-01  -2.148735e+00  -2.162823e+00   6.763576e-05   4.509411e+02   3.949792e-01
    29  -2.832560e+00  -2.848369e+00   6.064910e-05   5.529853e+04   2.084464e-01            nan  -3.116734e+00  -3.127862e+00   8.766923e-06   5.831961e+04   2.053096e-01  -2.119556e+00  -2.133901e+00   7.890231e-05   4.228759e+02   3.936970e-01
    30  -2.800342e+00  -2.816152e+00   7.504361e-05   5.448744e+04   2.084639e-01   4.894360e-01  -3.094164e+00  -3.105303e+00   1.022697e-05   5.814807e+04   2.053082e-01  -2.089820e+00  -2.104434e+00   9.204273e-05   3.948206e+02   3.922444e-01
    31  -2.768125e+00  -2.783935e+00   9.271693e-05   5.357523e+04   2.084805e-01   4.893141e-01  -3.071571e+00  -3.082721e+00   1.192976e-05   5.795851e+04   2.053065e-01  -2.059503e+00  -2.074397e+00   1.073678e-04   3.670257e+02   3.906101e-01
    32  -2.735908e+00  -2.751718e+00   1.143692e-04   5.253495e+04   2.084999e-01   4.891715e-01  -3.048950e+00  -3.060113e+00   1.391553e-05   5.774909e+04   2.053047e-01  -2.028588e+00  -2.043771e+00   1.252398e-04   3.397070e+02   3.887727e-01
    33  -2.703691e+00  -2.719501e+00   1.408405e-04   5.137978e+04   2.085220e-01   4.890082e-01  -3.026299e+00  -3.037477e+00   1.623115e-05   5.751783e+04   2.053026e-01  -1.997062e+00  -2.012539e+00   1.460803e-04   3.130695e+02   3.867088e-01
    34  -2.671474e+00  -2.687284e+00   1.730391e-04   5.008667e+04   2.085474e-01   4.888181e-01  -3.003616e+00  -3.014809e+00   1.893121e-05   5.726253e+04   2.053004e-01  -1.964916e+00  -1.980692e+00   1.703808e-04   2.873033e+02   3.843908e-01
    35  -2.639257e+00  -2.655067e+00   2.121307e-04   4.864493e+04   2.085768e-01   4.885984e-01  -2.980895e+00  -2.992107e+00   2.207926e-05   5.698083e+04   2.052978e-01  -1.932150e+00  -1.948224e+00   1.987134e-04   2.626130e+02   3.818121e-01
    36  -2.607040e+00  -2.622850e+00   2.594203e-04   4.706747e+04   2.086104e-01   4.883474e-01  -2.958134e+00  -2.969365e+00   2.574932e-05   5.667013e+04   2.052950e-01  -1.898772e+00  -1.915140e+00   2.317439e-04   2.391496e+02   3.789560e-01
    37  -2.574823e+00  -2.590633e+00   3.162133e-04   4.533110e+04   2.086484e-01   4.880526e-01  -2.935327e+00  -2.946581e+00   3.002750e-05   5.632763e+04   2.052919e-01  -1.864798e+00  -1.881453e+00   2.702475e-04   2.170208e+02   3.757958e-01
    38  -2.542606e+00  -2.558416e+00   3.842535e-04   4.343585e+04   2.086926e-01   4.877161e-01  -2.912470e+00  -2.923748e+00   3.501400e-05   5.595030e+04   2.052884e-01  -1.830252e+00  -1.847182e+00   3.151260e-04   1.963192e+02   3.723251e-01
    39  -2.510389e+00  -2.526199e+00   4.653496e-04   4.140491e+04   2.087429e-01   4.873323e-01  -2.889557e+00  -2.900862e+00   4.082538e-05   5.553486e+04   2.052845e-01  -1.795166e+00  -1.812354e+00   3.674284e-04   1.771052e+02   3.685560e-01
    40  -2.478172e+00  -2.493982e+00   5.612784e-04   3.924584e+04   2.087978e-01   4.868798e-01  -2.866581e+00  -2.877917e+00   4.759714e-05   5.507780e+04   2.052802e-01  -1.759578e+00  -1.777007e+00   4.283742e-04   1.593853e+02   3.644633e-01
    41  -2.445955e+00  -2.461765e+00   6.739708e-04   3.693206e+04   2.088630e-01   4.863687e-01  -2.843537e+00  -2.854906e+00   5.548679e-05   5.457533e+04   2.052753e-01  -1.723534e+00  -1.741182e+00   4.993811e-04   1.431514e+02   3.600716e-01
    42  -2.413738e+00  -2.429548e+00   8.056664e-04   3.452195e+04   2.089368e-01   4.857880e-01  -2.820416e+00  -2.831823e+00   6.467734e-05   5.402346e+04   2.052699e-01  -1.687083e+00  -1.704926e+00   5.820960e-04   1.283637e+02   3.554027e-01
    43  -2.381521e+00  -2.397330e+00   9.584498e-04   3.203779e+04   2.090174e-01   4.851107e-01  -2.797209e+00  -2.808657e+00   7.538125e-05   5.341790e+04   2.052638e-01  -1.650278e+00  -1.668291e+00   6.784313e-04   1.149575e+02   3.504299e-01
    44  -2.349304e+00  -2.365113e+00   1.134330e-03   2.950668e+04   2.091075e-01   4.843391e-01  -2.773907e+00  -2.785402e+00   8.784517e-05   5.275415e+04   2.052570e-01  -1.613172e+00  -1.631329e+00   7.906065e-04   1.028557e+02   3.452537e-01
    45  -2.317087e+00  -2.332896e+00   1.335139e-03   2.695888e+04   2.092083e-01   4.834662e-01  -2.750500e+00  -2.762046e+00   1.023551e-04   5.202751e+04   2.052494e-01  -1.575819e+00  -1.594094e+00   9.211963e-04   9.197047e+01   3.398501e-01
    46  -2.284869e+00  -2.300679e+00   1.562094e-03   2.442584e+04   2.093206e-01   4.824811e-01  -2.726975e+00  -2.738578e+00   1.192428e-04   5.123309e+04   2.052408e-01  -1.538269e+00  -1.556638e+00   1.073185e-03   8.220485e+01   3.342764e-01
    47  -2.252652e+00  -2.268462e+00   1.816583e-03   2.193303e+04   2.094427e-01   4.813477e-01  -2.703318e+00  -2.714985e+00   1.388921e-04   5.036586e+04   2.052312e-01  -1.500569e+00  -1.519010e+00   1.250029e-03   7.346164e+01   3.285684e-01
    48  -2.220435e+00  -2.236245e+00   2.099840e-03   1.952940e+04   2.095758e-01   4.800749e-01  -2.679515e+00  -2.691253e+00   1.617478e-04   4.942073e+04   2.052204e-01  -1.462763e+00  -1.481254e+00   1.455730e-03   6.564831e+01   3.227294e-01
    49  -2.188218e+00  -2.204028e+00   2.412556e-03   1.724489e+04   2.097199e-01   4.786522e-01  -2.655549e+00  -2.667367e+00   1.883238e-04   4.839261e+04   2.052082e-01  -1.424887e+00  -1.443412e+00   1.694914e-03   5.866632e+01   3.168516e-01
    50  -2.156001e+00  -2.171811e+00   2.754979e-03   1.510486e+04   2.098741e-01   4.770661e-01  -2.631401e+00  -2.643307e+00   2.192140e-04   4.727651e+04   2.051944e-01  -1.386977e+00  -1.405518e+00   1.972926e-03   5.243809e+01   3.108902e-01
    51  -2.123784e+00  -2.139594e+00   3.125131e-03   1.312088e+04   2.100379e-01   4.753120e-01  -2.607050e+00  -2.619055e+00   2.551039e-04   4.606769e+04   2.051788e-01  -1.349055e+00  -1.367602e+00   2.295935e-03   4.687279e+01   3.049656e-01
    52  -2.091567e+00  -2.107377e+00   3.523587e-03   1.130926e+04   2.102082e-01   4.733770e-01  -2.582471e+00  -2.594587e+00   2.967831e-04   4.476178e+04   2.051611e-01  -1.311147e+00  -1.329687e+00   2.671048e-03   4.190583e+01   2.990330e-01
    53  -2.059350e+00  -2.075160e+00   3.950052e-03   9.681053e+03   2.103817e-01   4.712625e-01  -2.557638e+00  -2.569877e+00   3.451610e-04   4.335501e+04   2.051410e-01  -1.273266e+00  -1.291794e+00   3.106449e-03   3.746618e+01   2.931592e-01
    54  -2.027133e+00  -2.042943e+00   4.404552e-03   8.237155e+03   2.105543e-01   4.689490e-01  -2.532521e+00  -2.544898e+00   4.012824e-04   4.184437e+04   2.051180e-01  -1.235427e+00  -1.253934e+00   3.611542e-03   3.349741e+01   2.873396e-01
    55  -1.994916e+00  -2.010726e+00   4.887662e-03   6.972218e+03   2.107236e-01   4.664216e-01  -2.507085e+00  -2.519617e+00   4.663463e-04   4.022794e+04   2.050917e-01  -1.197637e+00  -1.216121e+00   4.197117e-03   2.994722e+01   2.815842e-01
    56  -1.962699e+00  -1.978509e+00   5.392303e-03   5.874064e+03   2.108885e-01   4.636708e-01  -2.481292e+00  -2.493997e+00   5.417261e-04   3.850512e+04   2.050615e-01  -1.159900e+00  -1.178359e+00   4.875535e-03   2.676661e+01   2.759312e-01
    57  -1.930482e+00  -1.946292e+00   5.918459e-03   4.921511e+03   2.110282e-01   4.608458e-01  -2.455097e+00  -2.467997e+00   6.289911e-04   3.667698e+04   2.050267e-01  -1.122222e+00  -1.140653e+00   5.660920e-03   2.391891e+01   2.703340e-01
    58  -1.898265e+00  -1.914075e+00   6.473649e-03   4.112791e+03   2.111505e-01   4.578351e-01  -2.428450e+00  -2.441569e+00   7.299314e-04   3.474661e+04   2.049865e-01  -1.084599e+00  -1.103003e+00   6.569382e-03   2.136202e+01   2.648716e-01
    59  -1.866048e+00  -1.881857e+00   7.049772e-03   3.430059e+03   2.112640e-01   4.545622e-01  -2.401295e+00  -2.414660e+00   8.465830e-04   3.271948e+04   2.049396e-01  -1.047029e+00  -1.065408e+00   7.619247e-03   1.906811e+01   2.594941e-01
    60  -1.833831e+00  -1.849640e+00   7.643652e-03   2.851357e+03   2.113028e-01   4.513429e-01  -2.373567e+00  -2.387210e+00   9.812558e-04   3.060379e+04   2.048849e-01  -1.009510e+00  -1.027865e+00   8.831303e-03   1.700772e+01   2.542205e-01
    61  -1.801613e+00  -1.817423e+00   8.271698e-03   2.369290e+03   2.113206e-01   4.479307e-01  -2.345192e+00  -2.359148e+00   1.136562e-03   2.841085e+04   2.048206e-01  -9.720356e-01  -9.903688e-01   1.022906e-02   1.515604e+01   2.490542e-01
    62  -1.769396e+00  -1.785206e+00   8.907913e-03   1.967079e+03   2.112913e-01   4.444287e-01  -2.316086e+00  -2.330396e+00   1.315444e-03   2.615532e+04   2.047446e-01  -9.346037e-01  -9.529165e-01   1.183900e-02   1.349282e+01   2.439601e-01
    63  -1.737179e+00  -1.752989e+00   9.579108e-03   1.633073e+03   2.111769e-01   4.410082e-01  -2.286153e+00  -2.300862e+00   1.521208e-03   2.385542e+04   2.046542e-01  -8.972063e-01  -9.155026e-01   1.369088e-02   1.199673e+01   2.389795e-01
    64  -1.704962e+00  -1.720772e+00   1.026930e-02   1.356374e+03   2.110534e-01   4.373902e-01  -2.255282e+00  -2.270444e+00   1.757548e-03   2.153296e+04   2.045458e-01  -8.598390e-01  -8.781209e-01   1.581793e-02   1.065207e+01   2.340814e-01
    65  -1.672745e+00  -1.688555e+00   1.098958e-02   1.127660e+03   2.107789e-01   4.341132e-01  -2.223348e+00  -2.239022e+00   2.028572e-03   1.921321e+04   2.044149e-01  -8.224987e-01  -8.407677e-01   1.825715e-02   9.444110e+00   2.292474e-01
    66  -1.640528e+00  -1.656338e+00   1.173755e-02   9.383932e+02   2.105303e-01   4.305108e-01  -2.190206e+00  -2.206461e+00   2.338830e-03   1.692443e+04   2.042555e-01  -7.851789e-01  -8.034381e-01   2.104947e-02   8.358429e+00   2.245043e-01
    67  -1.608311e+00  -1.624121e+00   1.251645e-02   7.825323e+02   2.100853e-01   4.275315e-01  -2.155693e+00  -2.172607e+00   2.693323e-03   1.469716e+04   2.040596e-01  -7.478769e-01  -7.661275e-01   2.423991e-02   7.383886e+00   2.198235e-01
    68  -1.576094e+00  -1.591904e+00   1.332965e-02   6.532728e+02   2.096904e-01   4.241666e-01  -2.119625e+00  -2.137285e+00   3.097518e-03   1.256310e+04   2.038168e-01  -7.105917e-01  -7.288343e-01   2.787766e-02   6.510062e+00   2.151863e-01
    69  -1.543877e+00  -1.559687e+00   1.417955e-02   5.469338e+02   2.090787e-01   4.214679e-01  -2.081792e+00  -2.100297e+00   3.557342e-03   1.055368e+04   2.035128e-01  -6.733208e-01  -6.915566e-01   3.201608e-02   5.726880e+00   2.106124e-01
    70  -1.511660e+00  -1.527470e+00   1.506940e-02   4.584548e+02   2.085251e-01   4.184280e-01  -2.041968e+00  -2.061424e+00   4.079169e-03   8.698298e+03   2.031288e-01  -6.360648e-01  -6.542934e-01   3.671252e-02   5.026168e+00   2.060785e-01
    71  -1.479443e+00  -1.495253e+00   1.600557e-02   3.855055e+02   2.077693e-01   4.160551e-01  -1.999905e+00  -2.020427e+00   4.669785e-03   7.022181e+03   2.026392e-01  -5.988269e-01  -6.170468e-01   4.202806e-02   4.400357e+00   2.015662e-01
    72  -1.447226e+00  -1.463036e+00   1.698781e-02   3.246115e+02   2.070632e-01   4.134737e-01  -1.955347e+00  -1.977055e+00   5.336336e-03   5.544399e+03   2.020103e-01  -5.616109e-01  -5.798204e-01   4.802703e-02   3.842312e+00   1.970800e-01
    73  -1.415009e+00  -1.430819e+00   1.802807e-02   2.741550e+02   2.061998e-01   4.114840e-01  -1.908042e+00  -1.931050e+00   6.086254e-03   4.276041e+03   2.011973e-01  -5.244228e-01  -5.426189e-01   5.477629e-02   3.345745e+00   1.926110e-01
    74  -1.382792e+00  -1.398602e+00   1.912242e-02   2.319180e+02   2.053609e-01   4.093557e-01  -1.857767e+00  -1.882177e+00   6.927149e-03   3.218884e+03   2.001429e-01  -4.872714e-01  -5.054499e-01   6.234434e-02   2.904982e+00   1.881430e-01
    75  -1.350575e+00  -1.366384e+00   2.028786e-02   1.966933e+02   2.044237e-01   4.077474e-01  -1.804361e+00  -1.830243e+00   7.866679e-03   2.365054e+03   1.987763e-01  -4.501686e-01  -4.683239e-01   7.080011e-02   2.514794e+00   1.836614e-01
    76  -1.318358e+00  -1.334167e+00   2.151813e-02   1.671203e+02   2.034882e-01   4.060778e-01  -1.747771e+00  -1.775145e+00   8.912390e-03   1.697810e+03   1.970155e-01  -4.131274e-01  -4.312532e-01   8.021151e-02   2.170272e+00   1.791723e-01
    77  -1.286140e+00  -1.301950e+00   2.283398e-02   1.422961e+02   2.024999e-01   4.047541e-01  -1.688092e+00  -1.716907e+00   1.007152e-02   1.193499e+03   1.947750e-01  -3.761645e-01  -3.942528e-01   9.064369e-02   1.867030e+00   1.746623e-01
    78  -1.253923e+00  -1.269733e+00   2.422856e-02   1.213796e+02   2.015088e-01   4.035214e-01  -1.625609e+00  -1.655728e+00   1.135078e-02   8.244490e+02   1.919796e-01  -3.392994e-01  -3.573409e-01   1.021570e-01   1.601012e+00   1.701191e-01
    79  -1.221706e+00  -1.237516e+00   2.572513e-02   1.037205e+02   2.004964e-01   4.024802e-01  -1.560797e+00  -1.591995e+00   1.275612e-02   5.622080e+02   1.885848e-01  -3.025551e-01  -3.205388e-01   1.148050e-01   1.368462e+00   1.655330e-01
    80  -1.189489e+00  -1.205299e+00   2.731736e-02   8.878185e+01   1.994799e-01   4.015516e-01  -1.494293e+00  -1.526273e+00   1.429243e-02   3.803965e+02   1.845949e-01  -2.659560e-01  -2.838701e-01   1.286319e-01   1.165862e+00   1.609099e-01
    81  -1.157272e+00  -1.173082e+00   2.903066e-02   7.610605e+01   1.984643e-01   4.007589e-01  -1.426818e+00  -1.459246e+00   1.596333e-02   2.566491e+02   1.800738e-01  -2.295299e-01  -2.473612e-01   1.436700e-01   9.900307e-01   1.562413e-01
    82  -1.125055e+00  -1.140865e+00   3.085977e-02   6.534096e+01   1.974399e-01   3.999840e-01  -1.359093e+00  -1.391637e+00   1.777087e-02   1.733946e+02   1.751390e-01  -1.933073e-01  -2.110411e-01   1.599378e-01   8.380261e-01   1.515210e-01
    83  -1.092838e+00  -1.108648e+00   3.283208e-02   5.616266e+01   1.964288e-01   3.993515e-01  -1.291753e+00  -1.324119e+00   1.971527e-02   1.176670e+02   1.699403e-01  -1.573209e-01  -1.749415e-01   1.774374e-01   7.071287e-01   1.467502e-01
    84  -1.060621e+00  -1.076431e+00   3.494423e-02   4.833776e+01   1.954135e-01   3.987384e-01  -1.225300e+00  -1.257257e+00   2.179475e-02   8.035212e+01   1.646317e-01  -1.216042e-01  -1.390954e-01   1.961527e-01   5.948357e-01   1.419371e-01
    85  -1.028404e+00  -1.044214e+00   3.722550e-02   4.164206e+01   1.944082e-01   3.981465e-01  -1.160090e+00  -1.191472e+00   2.400535e-02   5.525883e+01   1.593489e-01  -8.619259e-02  -1.035375e-01   2.160481e-01   4.988892e-01   1.370817e-01
    86  -9.961869e-01  -1.011997e+00   3.967579e-02   3.591668e+01   1.933951e-01   3.975702e-01  -1.096345e+00  -1.127049e+00   2.634082e-02   3.826986e+01   1.541968e-01  -5.112258e-02  -6.830368e-02   2.370673e-01   4.172308e-01   1.321883e-01
    87  -9.639698e-01  -9.797797e-01   4.232444e-02   3.099764e+01   1.923920e-01   3.969588e-01  -1.034173e+00  -1.064147e+00   2.879262e-02   2.667594e+01   1.492479e-01  -1.642921e-02  -3.342955e-02   2.591336e-01   3.479803e-01   1.272759e-01
    88  -9.317528e-01  -9.475626e-01   4.517832e-02   2.678458e+01   1.913560e-01   3.962853e-01  -9.736023e-01  -1.002832e+00   3.134998e-02   1.869887e+01   1.445429e-01   1.785224e-02   1.049682e-03   2.821498e-01   2.894751e-01   1.223512e-01
    89  -8.995357e-01  -9.153456e-01   4.826218e-02   2.314848e+01   1.903395e-01   3.955729e-01  -9.146023e-01  -9.431012e-01   3.400006e-02   1.316728e+01   1.400995e-01   5.168789e-02   3.509950e-02   3.060005e-01   2.402219e-01   1.174282e-01
    90  -8.673187e-01  -8.831285e-01   5.159520e-02   2.002778e+01   1.892611e-01   3.947861e-01  -8.571031e-01  -8.849018e-01   3.672816e-02   9.304444e+00   1.359203e-01   8.504669e-02   6.868751e-02   3.305535e-01   1.988910e-01   1.125274e-01
    91  -8.351016e-01  -8.509114e-01   5.519265e-02   1.732596e+01   1.881826e-01   3.938187e-01  -8.010092e-01  -8.281511e-01   3.951809e-02   6.590464e+00   1.319956e-01   1.178992e-01   1.017835e-01   3.556628e-01   1.643238e-01   1.076605e-01
    92  -8.028845e-01  -8.186944e-01   5.909660e-02   1.500128e+01   1.870423e-01   3.927754e-01  -7.462093e-01  -7.727454e-01   4.235249e-02   4.674156e+00   1.283115e-01   1.502205e-01   1.343605e-01   3.811724e-01   1.354931e-01   1.028518e-01
    93  -7.706675e-01  -7.864773e-01   6.330058e-02   1.299003e+01   1.858675e-01   3.915763e-01  -6.925803e-01  -7.185675e-01   4.521329e-02   3.315711e+00   1.248495e-01   1.819884e-01   1.663949e-01   4.069196e-01   1.115171e-01   9.811513e-02
    94  -7.384504e-01  -7.542603e-01   6.786703e-02   1.125120e+01   1.846316e-01   3.901853e-01  -6.399928e-01  -6.654911e-01   4.808216e-02   2.350103e+00   1.215920e-01   2.131853e-01   1.978669e-01   4.327394e-01   9.162757e-02   9.347049e-02
    95  -7.062333e-01  -7.220432e-01   7.279970e-02   9.749369e+00   1.833068e-01   3.886092e-01  -5.883089e-01  -6.133824e-01   5.094094e-02   1.662487e+00   1.185205e-01   2.437973e-01   2.287610e-01   4.584685e-01   7.516808e-02   8.893331e-02
    96  -6.740163e-01  -6.898261e-01   7.813944e-02   8.444137e+00   1.819413e-01   3.867983e-01  -5.373856e-01  -5.621013e-01   5.377208e-02   1.172560e+00   1.156194e-01   2.738150e-01   2.590654e-01   4.839488e-01   6.157658e-02   8.451901e-02
    97  -6.417992e-01  -6.576091e-01   8.392779e-02   7.315099e+00   1.804548e-01   3.847613e-01  -4.870724e-01  -5.115008e-01   5.655903e-02   8.236319e-01   1.128741e-01   3.032330e-01   2.887730e-01   5.090312e-01   5.037579e-02   8.024102e-02
    98  -6.095821e-01  -6.253920e-01   9.016253e-02   6.333977e+00   1.788756e-01   3.823828e-01  -4.372070e-01  -4.614244e-01   5.928652e-02   5.754707e-01   1.102725e-01   3.320500e-01   3.178805e-01   5.335787e-01   4.116236e-02   7.610997e-02
    99  -5.773651e-01  -5.931749e-01   9.692609e-02   5.482666e+00   1.771917e-01   3.796910e-01  -3.876211e-01  -4.117067e-01   6.194091e-02   3.994957e-01   1.078059e-01   3.602687e-01   3.463885e-01   5.574682e-01   3.359614e-02   7.213547e-02
   100  -5.451480e-01  -5.609579e-01   1.042363e-01   4.745191e+00   1.753752e-01   3.767013e-01  -3.381311e-01  -3.621715e-01   6.451030e-02   2.751776e-01   1.054679e-01   3.878950e-01   3.743015e-01   5.805927e-01   2.739246e-02   6.832338e-02
   101  -5.129310e-01  -5.287408e-01   1.121226e-01   4.102812e+00   1.734670e-01   3.732605e-01  -2.885351e-01  -3.126255e-01   6.698469e-02   1.877941e-01   1.032570e-01   4.149382e-01   4.016271e-01   6.028622e-01   2.231276e-02   6.467914e-02
   102  -4.807139e-01  -4.965238e-01   1.206614e-01   3.545851e+00   1.714131e-01   3.694072e-01  -2.386213e-01  -2.628616e-01   6.935597e-02   1.268042e-01   1.011723e-01   4.414105e-01   4.283760e-01   6.242038e-01   1.815899e-02   6.120412e-02
   103  -4.484968e-01  -4.643067e-01   1.298577e-01   3.062431e+00   1.692140e-01   3.650852e-01  -1.881563e-01  -2.126563e-01   7.161799e-02   8.457833e-02   9.921929e-02   4.673268e-01   4.545619e-01   6.445619e-01   1.476603e-02   5.790008e-02
   104  -4.162798e-01  -4.320896e-01   1.397567e-01   2.641477e+00   1.668957e-01   3.601683e-01  -1.368911e-01  -1.617677e-01   7.376638e-02   5.563885e-02   9.740650e-02   4.927037e-01   4.802006e-01   6.638974e-01   1.199773e-02   5.476458e-02
   105  -3.840627e-01  -3.998726e-01   1.504283e-01   2.275655e+00   1.644039e-01   3.546374e-01  -8.457770e-02  -1.099472e-01   7.579851e-02   3.605501e-02   9.573696e-02   5.175604e-01   5.053099e-01   6.821866e-01   9.741025e-03   5.179650e-02
   106  -3.518456e-01  -3.676555e-01   1.618710e-01   1.958051e+00   1.617613e-01   3.484319e-01  -3.097351e-02  -5.694910e-02   7.771330e-02   2.299087e-02   9.421521e-02   5.419170e-01   5.299095e-01   6.994197e-01   7.903207e-03   4.899072e-02
   107  -3.196286e-01  -3.354384e-01   1.741668e-01   1.682154e+00   1.589745e-01   3.413843e-01   2.408815e-02  -2.570649e-03   7.951106e-02   1.443383e-02   9.280638e-02   5.657954e-01   5.540203e-01   7.155996e-01   6.407584e-03   4.634371e-02
   108  -2.874115e-01  -3.032214e-01   1.873733e-01   1.443094e+00   1.560266e-01   3.335704e-01   8.065254e-02   5.329059e-02   8.119333e-02   8.938505e-03   9.143874e-02   5.892181e-01   5.776646e-01   7.307399e-01   5.191465e-03   4.384913e-02
   109  -2.551944e-01  -2.710043e-01   2.014624e-01   1.235814e+00   1.529314e-01   3.248273e-01   1.385231e-01   1.105510e-01   8.276263e-02   5.487589e-03   8.994419e-02   6.122086e-01   6.008655e-01   7.448636e-01   4.203277e-03   4.150130e-02
   110  -2.229774e-01  -2.387872e-01   2.165344e-01   1.056254e+00   1.496881e-01   3.149992e-01   1.971457e-01   1.688228e-01   8.422234e-02   3.369154e-03   8.803374e-02   6.347909e-01   6.236465e-01   7.580011e-01   3.400855e-03   3.929365e-02
   111  -1.907603e-01  -2.065702e-01   2.326170e-01   9.010296e-01   1.462862e-01   3.041455e-01   2.556046e-01   2.273581e-01   8.557652e-02   2.091880e-03   8.536265e-02   6.569891e-01   6.460318e-01   7.701887e-01   2.749725e-03   3.721909e-02
   112  -1.585433e-01  -1.743531e-01   2.496639e-01   7.668350e-01   1.427413e-01   2.919519e-01   3.127857e-01   2.851356e-01   8.682971e-02   1.327832e-03   8.168734e-02   6.788278e-01   6.680457e-01   7.814674e-01   2.221674e-03   3.527118e-02
   113  -1.263262e-01  -1.421361e-01   2.677418e-01   6.508316e-01   1.390340e-01   2.783457e-01   3.676849e-01   3.411022e-01   8.798682e-02   8.675391e-04   7.704125e-02   7.003311e-01   6.897125e-01   7.918814e-01   1.793736e-03   3.344253e-02
   114  -9.410913e-02  -1.099190e-01   2.868562e-01   5.509359e-01   1.351794e-01   2.634562e-01   4.196562e-01   3.944475e-01   8.905301e-02   5.841346e-04   7.173415e-02   7.215235e-01   7.110565e-01   8.014771e-01   1.447145e-03   3.172640e-02
   115  -6.189207e-02  -7.770192e-02   3.070068e-01   4.650258e-01   1.311962e-01   2.467497e-01   4.684572e-01   4.447418e-01   9.003354e-02   4.041966e-04   6.617629e-02   7.424286e-01   7.321018e-01   8.103019e-01   1.166623e-03   3.011602e-02
   116  -2.967500e-02  -4.548486e-02   3.282314e-01   3.913532e-01   1.270871e-01   2.286980e-01   5.141467e-01   4.919025e-01   9.093373e-02   2.861508e-04   6.071104e-02   7.630699e-01   7.528719e-01   8.184036e-01   9.397382e-04   2.860456e-02
   117   2.542060e-03  -1.326780e-02   3.504310e-01   3.282876e-01   1.228649e-01   2.090484e-01   5.569461e-01   5.360734e-01   9.175884e-02   2.063653e-04   5.555440e-02   7.834703e-01   7.733899e-01   8.258295e-01   7.563590e-04   2.718577e-02
   118   3.475912e-02   1.894927e-02   3.736513e-01   2.744414e-01   1.185372e-01   1.879183e-01   5.971405e-01   5.775081e-01   9.251402e-02   1.510590e-04   5.080675e-02   8.036521e-01   7.936784e-01   8.326262e-01   6.082542e-04   2.585344e-02
   119   6.697619e-02   5.116633e-02   3.978015e-01   2.285799e-01   1.141193e-01   1.653335e-01   6.350249e-01   6.164956e-01   9.320429e-02   1.119062e-04   4.649746e-02   8.236366e-01   8.137593e-01   8.388386e-01   4.887323e-04   2.460156e-02
   120   9.919325e-02   8.338339e-02   4.228336e-01   1.896419e-01   1.096216e-01   1.417851e-01   6.708780e-01   6.533213e-01   9.383445e-02   8.370384e-05   4.261731e-02   8.434447e-01   8.336536e-01   8.445100e-01   3.923527e-04   2.342462e-02
   121   1.314103e-01   1.156005e-01   4.486801e-01   1.566742e-01   1.050631e-01   1.170558e-01   7.049459e-01   6.882459e-01   9.440910e-02   6.311162e-05   3.913534e-02   8.630961e-01   8.533815e-01   8.496819e-01   3.146995e-04   2.231731e-02
   122   1.636274e-01   1.478175e-01   4.752181e-01   1.288669e-01   1.004571e-01   9.234985e-02   7.374461e-01   7.215000e-01   9.493262e-02   4.789881e-05   3.601414e-02   8.826098e-01   8.729625e-01   8.543935e-01   2.521887e-04   2.127456e-02
   123   1.958444e-01   1.800346e-01   5.023812e-01   1.054909e-01   9.582500e-02   6.730557e-02   7.685681e-01   7.532858e-01   9.540910e-02   3.655157e-05   3.321608e-02   9.020037e-01   8.924150e-01   8.586819e-01   2.019120e-04   2.029168e-02
   124   2.280615e-01   2.122516e-01   5.299930e-01   8.592342e-02   9.118428e-02   4.300451e-02   7.984755e-01   7.837792e-01   9.584241e-02   2.802038e-05   3.070361e-02   9.212950e-01   9.117565e-01   8.625817e-01   1.615115e-04   1.936435e-02
   125   2.602786e-01   2.444687e-01   5.579660e-01   6.961392e-02   8.655522e-02   1.992583e-02   8.273113e-01   8.131327e-01   9.623618e-02   2.156210e-05   2.844433e-02   9.404994e-01   9.310033e-01   8.661256e-01   1.290777e-04   1.848844e-02
   126   2.924956e-01   2.766858e-01   5.861120e-01   5.608276e-02   8.196143e-02  -2.284361e-03   8.551997e-01   8.414793e-01   9.659376e-02   1.664537e-05   2.640782e-02   9.596321e-01   9.501711e-01   8.693438e-01   1.030639e-04   1.766017e-02
   127   3.247127e-01   3.089028e-01   6.142981e-01   4.491656e-02   7.741815e-02  -2.131565e-02   8.822491e-01   8.689349e-01   9.691827e-02   1.288410e-05   2.456803e-02   9.787071e-01   9.692743e-01   8.722644e-01   8.221921e-05   1.687603e-02
   128   3.569298e-01   3.411199e-01   6.423455e-01   3.574866e-02   7.295560e-02  -4.029402e-02   9.085558e-01   8.956016e-01   9.721261e-02   9.994593e-06   2.290198e-02   9.977374e-01   9.883265e-01   8.749135e-01   6.553221e-05   1.613286e-02
   129   3.891468e-01   3.733370e-01   6.700308e-01   2.826948e-02   6.858066e-02  -5.416159e-02   9.342033e-01   9.215688e-01   9.747945e-02   7.767519e-06   2.138908e-02   1.016735e+00   1.007340e+00   8.773151e-01   5.218637e-05   1.542767e-02
   130   4.213639e-01   4.055540e-01   6.970616e-01   2.218661e-02   6.431006e-02  -6.768169e-02   9.592660e-01   9.469154e-01   9.772124e-02   6.045792e-06   2.001199e-02   1.035711e+00   1.026327e+00   8.794912e-01   4.152279e-05   1.475776e-02
   131   4.535809e-01   4.377711e-01   7.234162e-01   1.728557e-02   6.016789e-02  -7.876820e-02   9.838105e-01   9.717116e-01   9.794025e-02   4.711453e-06   1.875516e-02   1.054676e+00   1.045297e+00   8.814623e-01   3.301032e-05   1.412068e-02
   132   4.857980e-01   4.699882e-01   7.489531e-01   1.336804e-02   5.617357e-02  -8.725330e-02   1.007895e+00   9.960196e-01   9.813854e-02   3.675337e-06   1.760496e-02   1.073638e+00   1.064260e+00   8.832469e-01   2.622128e-05   1.351416e-02
   133   5.180151e-01   5.022052e-01   7.735123e-01   1.026040e-02   5.234356e-02  -9.464780e-02   1.031572e+00   1.019895e+00   9.831802e-02   2.869377e-06   1.654975e-02   1.092608e+00   1.083226e+00   8.848622e-01   2.081165e-05   1.293619e-02
   134   5.502321e-01   5.344223e-01   7.966409e-01   7.807798e-03   4.867814e-02  -1.005892e-01   1.054887e+00   1.043386e+00   9.848042e-02   2.241563e-06   1.557920e-02   1.111591e+00   1.102203e+00   8.863237e-01   1.650500e-05   1.238490e-02
   135   5.824492e-01   5.666393e-01   8.185692e-01   5.890735e-03   4.519044e-02  -1.045283e-01   1.077884e+00   1.066538e+00   9.862732e-02   1.751965e-06   1.468420e-02   1.130596e+00   1.121197e+00   8.876458e-01   1.307944e-05   1.185858e-02
   136   6.146663e-01   5.988564e-01   8.391150e-01   4.409013e-03   4.189432e-02  -1.074862e-01   1.100599e+00   1.089390e+00   9.876016e-02   1.369820e-06   1.385683e-02   1.149628e+00   1.140216e+00   8.888415e-01   1.035704e-05   1.135573e-02
   137   6.468833e-01   6.310735e-01   8.580284e-01   3.269068e-03   3.878594e-02  -1.095270e-01   1.123064e+00   1.111977e+00   9.888027e-02   1.071318e-06   1.309021e-02   1.168694e+00   1.159266e+00   8.899225e-01   8.195250e-06   1.087493e-02
   138   6.791004e-01   6.632905e-01   8.755714e-01   2.403622e-03   3.587298e-02  -1.105485e-01   1.145311e+00   1.134330e+00   9.898885e-02   8.380156e-07   1.237824e-02   1.187798e+00   1.178351e+00   8.908996e-01   6.480037e-06   1.041492e-02
   139   7.113175e-01   6.955076e-01   8.913530e-01   1.751582e-03   3.315297e-02  -1.106192e-01   1.167366e+00   1.156479e+00   9.908698e-02   6.555920e-07   1.171557e-02   1.206945e+00   1.197477e+00   8.917828e-01   5.120226e-06   9.974556e-03
   140   7.435345e-01   7.277247e-01   9.057596e-01   1.265526e-03   3.062372e-02  -1.097757e-01   1.189253e+00   1.178448e+00   9.917565e-02   5.129050e-07   1.109747e-02   1.226139e+00   1.216648e+00   8.925808e-01   4.043014e-06   9.552773e-03
   141   7.757516e-01   7.599417e-01   9.185249e-01   9.065012e-04   2.828038e-02  -1.080787e-01   1.210994e+00   1.200260e+00   9.925576e-02   4.012743e-07   1.051979e-02   1.245383e+00   1.235868e+00   8.933019e-01   3.190316e-06   9.148610e-03
   142   8.079686e-01   7.921588e-01   9.299360e-01   6.442652e-04   2.611600e-02  -1.055719e-01   1.232607e+00   1.221935e+00   9.932813e-02   3.139271e-07   9.978903e-03   1.264680e+00   1.255139e+00   8.939532e-01   2.515835e-06   8.761187e-03
   143   8.401857e-01   8.243759e-01   9.399754e-01   4.541328e-04   2.412280e-02  -1.023117e-01   1.254110e+00   1.243492e+00   9.939350e-02   2.455748e-07   9.471575e-03   1.284034e+00   1.274465e+00   8.945415e-01   1.982708e-06   8.389693e-03
   144   8.724028e-01   8.565929e-01   9.487258e-01   3.179318e-04   2.228999e-02  -9.838682e-02   1.275519e+00   1.264947e+00   9.945254e-02   1.920853e-07   8.994950e-03   1.303445e+00   1.293848e+00   8.950729e-01   1.561604e-06   8.033384e-03
   145   9.046198e-01   8.888100e-01   9.563782e-01   2.210682e-04   2.060755e-02  -9.386967e-02   1.296847e+00   1.286314e+00   9.950586e-02   1.502275e-07   8.546494e-03   1.322916e+00   1.313289e+00   8.955527e-01   1.229213e-06   7.691572e-03
   146   9.368369e-01   9.210270e-01   9.629535e-01   1.527898e-04   1.906425e-02  -8.884689e-02   1.318107e+00   1.307607e+00   9.955400e-02   1.174740e-07   8.123953e-03   1.342448e+00   1.332792e+00   8.959860e-01   9.670187e-07   7.363621e-03
   147   9.690540e-01   9.532441e-01   9.685937e-01   1.050580e-04   1.764781e-02  -8.351109e-02   1.339309e+00   1.328837e+00   9.959747e-02   9.184700e-08   7.725324e-03   1.362042e+00   1.352355e+00   8.963772e-01   7.603308e-07   7.048942e-03
   148   1.001271e+00   9.854612e-01   9.734437e-01   7.190047e-05   1.634802e-02  -7.793402e-02   1.360463e+00   1.350015e+00   9.963672e-02   7.179830e-08   7.348817e-03   1.381699e+00   1.371982e+00   8.967304e-01   5.975012e-07   6.746987e-03
   149   1.033488e+00   1.017678e+00   9.775674e-01   4.901519e-05   1.515421e-02  -7.222020e-02   1.381579e+00   1.371150e+00   9.967214e-02   5.611592e-08   6.992831e-03   1.401420e+00   1.391672e+00   8.970493e-01   4.693016e-07   6.457244e-03
   150   1.065705e+00   1.049895e+00   9.810493e-01   3.330927e-05   1.405598e-02  -6.658592e-02   1.402664e+00   1.392249e+00   9.970413e-02   4.385096e-08   6.655932e-03   1.421204e+00   1.411424e+00   8.973371e-01   3.684272e-07   6.179239e-03
   151   1.097922e+00   1.082112e+00   9.840156e-01   2.257752e-05   1.304463e-02  -6.106229e-02   1.423724e+00   1.413322e+00   9.973300e-02   3.426045e-08   6.336832e-03   1.441051e+00   1.431241e+00   8.975970e-01   2.890996e-07   5.912522e-03
   152   1.130139e+00   1.114329e+00   9.865288e-01   1.527114e-05   1.211237e-02  -5.570588e-02   1.444766e+00   1.434373e+00   9.975905e-02   2.676262e-08   6.034370e-03   1.460960e+00   1.451120e+00   8.978315e-01   2.267514e-07   5.656678e-03
   153   1.162356e+00   1.146546e+00   9.886277e-01   1.031374e-05   1.125145e-02  -5.067225e-02   1.465794e+00   1.455407e+00   9.978257e-02   2.090203e-08   5.747497e-03   1.480932e+00   1.471061e+00   8.980432e-01   1.777748e-07   5.411314e-03
   154   1.194573e+00   1.178764e+00   9.904073e-01   6.958294e-06   1.045544e-02  -4.590310e-02   1.486814e+00   1.476431e+00   9.980380e-02   1.632212e-08   5.475266e-03   1.500963e+00   1.491063e+00   8.982342e-01   1.393224e-07   5.176061e-03
   155   1.226790e+00   1.210981e+00   9.919139e-01   4.690819e-06   9.718993e-03  -4.151071e-02   1.507827e+00   1.497447e+00   9.982296e-02   1.274379e-08   5.216817e-03   1.521054e+00   1.511125e+00   8.984066e-01   1.091479e-07   4.950575e-03
   156   1.259008e+00   1.243198e+00   9.931687e-01   3.161129e-06   9.036610e-03  -3.741207e-02   1.528838e+00   1.518459e+00   9.984025e-02   9.948607e-09   4.971371e-03   1.541201e+00   1.531245e+00   8.985622e-01   8.548099e-08   4.734532e-03
   157   1.291225e+00   1.275415e+00   9.942302e-01   2.129936e-06   8.403889e-03  -3.370959e-02   1.549847e+00   1.539470e+00   9.985585e-02   7.765639e-09   4.738222e-03   1.561403e+00   1.551420e+00   8.987027e-01   6.692685e-08   4.527630e-03
   158   1.323442e+00   1.307632e+00   9.951293e-01   1.435316e-06   7.816836e-03  -3.028207e-02   1.570857e+00   1.560479e+00   9.986993e-02   6.061162e-09   4.516728e-03   1.581656e+00   1.571648e+00   8.988294e-01   5.238754e-08   4.329588e-03
   159   1.355659e+00   1.339849e+00   9.958776e-01   9.674796e-07   7.271795e-03  -2.721403e-02   1.591868e+00   1.581490e+00   9.988264e-02   4.730572e-09   4.306306e-03   1.601957e+00   1.591925e+00   8.989438e-01   4.099918e-08   4.140142e-03
   160   1.387876e+00   1.372066e+00   9.965120e-01   6.524039e-07   6.765477e-03  -2.440495e-02   1.612879e+00   1.602501e+00   9.989411e-02   3.692064e-09   4.106428e-03   1.622302e+00   1.612249e+00   8.990470e-01   3.208253e-08   3.959053e-03
   161   1.420093e+00   1.404283e+00   9.970490e-01   4.402008e-07   6.295077e-03  -2.189074e-02   1.633889e+00   1.623511e+00   9.990446e-02   2.881680e-09   3.916618e-03   1.642685e+00   1.632613e+00   8.991401e-01   2.510379e-08   3.786100e-03
   162   1.452310e+00   1.436500e+00   9.974971e-01   2.972060e-07   5.857867e-03  -1.960331e-02   1.654896e+00   1.644520e+00   9.991379e-02   2.249422e-09   3.736445e-03   1.663101e+00   1.653013e+00   8.992241e-01   1.964371e-08   3.621085e-03
   163   1.484527e+00   1.468717e+00   9.978789e-01   2.008052e-07   5.451520e-03  -1.755849e-02   1.675895e+00   1.665523e+00   9.992222e-02   1.756220e-09   3.565527e-03   1.683542e+00   1.673442e+00   8.993000e-01   1.537321e-08   3.463832e-03
   164   1.516744e+00   1.500934e+00   9.981999e-01   1.357864e-07   5.073894e-03  -1.569766e-02   1.696883e+00   1.686516e+00   9.992982e-02   1.371545e-09   3.403523e-03   1.704001e+00   1.693892e+00   8.993684e-01   1.203407e-08   3.314189e-03
   165   1.548961e+00   1.533151e+00   9.984714e-01   9.189314e-08   4.723009e-03  -1.402818e-02   1.717852e+00   1.707494e+00   9.993668e-02   1.071554e-09   3.250134e-03   1.724467e+00   1.714354e+00   8.994301e-01   9.423831e-09   3.172029e-03
   166   1.581178e+00   1.565368e+00   9.987026e-01   6.224764e-08   4.397175e-03  -1.250099e-02   1.738795e+00   1.728450e+00   9.994287e-02   8.376239e-10   3.105104e-03   1.744928e+00   1.734818e+00   8.994858e-01   7.383805e-09   3.037252e-03
   167   1.613395e+00   1.597585e+00   9.988962e-01   4.220492e-08   4.094774e-03  -1.110737e-02   1.759702e+00   1.749374e+00   9.994845e-02   6.552186e-10   2.968217e-03   1.765372e+00   1.755271e+00   8.995361e-01   5.789676e-09   2.909787e-03
   168   1.645612e+00   1.629802e+00   9.990618e-01   2.864382e-08   3.814394e-03  -9.828079e-03   1.780559e+00   1.770255e+00   9.995349e-02   5.129904e-10   2.839300e-03   1.785782e+00   1.775697e+00   8.995814e-01   4.544102e-09   2.789594e-03
   169   1.677829e+00   1.662020e+00   9.992017e-01   1.946165e-08   3.554898e-03  -8.600047e-03   1.801352e+00   1.791080e+00   9.995804e-02   4.020848e-10   2.718221e-03   1.806138e+00   1.796079e+00   8.996223e-01   3.570894e-09   2.676664e-03
   170   1.710046e+00   1.694237e+00   9.993207e-01   1.323703e-08   3.315006e-03  -7.477018e-03   1.822062e+00   1.811830e+00   9.996214e-02   3.155941e-10   2.604890e-03   1.826419e+00   1.816397e+00   8.996593e-01   2.810450e-09   2.571025e-03
   171   1.742263e+00   1.726454e+00   9.994224e-01   9.015537e-09   3.094203e-03  -6.272928e-03   1.842669e+00   1.832488e+00   9.996584e-02   2.481306e-10   2.499259e-03   1.846599e+00   1.836626e+00   8.996926e-01   2.216157e-09   2.472739e-03
   172   1.774481e+00   1.758671e+00   9.995083e-01   6.148447e-09   2.891404e-03  -5.146326e-03   1.863146e+00   1.853028e+00   9.996918e-02   1.954931e-10   2.401324e-03   1.866647e+00   1.856739e+00   8.997226e-01   1.751582e-09   2.381903e-03
   173   1.806698e+00   1.790888e+00   9.995825e-01   4.199963e-09   2.706362e-03  -3.810308e-03   1.883463e+00   1.873423e+00   9.997219e-02   1.544065e-10   2.311122e-03   1.886530e+00   1.876702e+00   8.997498e-01   1.388253e-09   2.298653e-03
   174   1.838915e+00   1.823105e+00   9.996451e-01   2.874323e-09   2.538846e-03  -2.465009e-03   1.903588e+00   1.893642e+00   9.997491e-02   1.223179e-10   2.228731e-03   1.906208e+00   1.896481e+00   8.997742e-01   1.103932e-09   2.223158e-03
   175   1.871132e+00   1.855322e+00   9.996991e-01   1.971222e-09   2.388463e-03  -8.497548e-04   1.923480e+00   1.913648e+00   9.997737e-02   9.723818e-11   2.154268e-03   1.925640e+00   1.916033e+00   8.997963e-01   8.812558e-10   2.155616e-03
   176   1.903349e+00   1.887539e+00   9.997455e-01   1.355668e-09   2.256619e-03   1.180097e-03   1.943097e+00   1.933399e+00   9.997958e-02   7.761625e-11   2.087921e-03   1.944777e+00   1.935314e+00   8.998162e-01   7.066687e-10   2.096260e-03
   177   1.935566e+00   1.919756e+00   9.997854e-01   9.351661e-10   2.143007e-03   3.540363e-03   1.962395e+00   1.952853e+00   9.998158e-02   6.223541e-11   2.030202e-03   1.963569e+00   1.954275e+00   8.998342e-01   5.695733e-10   2.045416e-03
   178   1.967783e+00   1.951973e+00   9.998200e-01   6.475428e-10   2.049702e-03   6.620245e-03   1.981346e+00   1.971974e+00   9.998338e-02   5.010445e-11   1.983564e-03   1.981972e+00   1.972868e+00   8.998504e-01   4.615046e-10   2.004327e-03
   179   2.000000e+00   1.984190e+00   9.998500e-01   4.490276e-10   1.987137e-03   8.299242e-03   2.000000e+00   1.990773e+00   9.998500e-02   4.033370e-11   1.957496e-03   2.000000e+00   1.991080e+00   8.998650e-01   3.748167e-10   1.980279e-03
