     i          log_r       log_rmid          m_tot        rho_tot         v2_tot            eta     lgr[heavy]    lgrm[heavy]       m[heavy]     rho[heavy]      v2[heavy]     lgr[light]    lgrm[light]       m[light]     rho[light]      v2[light]
     0  -4.828212e+00  -5.129242e+00   1.010271e-07   9.171144e+07   2.811814e-01            nan  -4.828212e+00  -5.129242e+00   9.998500e-08   9.155719e+07   2.804004e-01  -3.077468e+00  -3.378498e+00   8.998650e-07   4.610014e+03   5.413857e-01
     1  -4.790066e+00  -4.808720e+00   1.309418e-07   9.043850e+07   2.807553e-01            nan  -4.805604e+00  -4.816761e+00   1.166721e-07   9.040206e+07   2.803775e-01  -3.037500e+00  -3.057024e+00   1.050049e-06   2.419742e+03   5.105886e-01
     2  -4.751919e+00  -4.770574e+00   1.697525e-07   9.020625e+07   2.807198e-01            nan  -4.783005e+00  -4.794157e+00   1.361439e-07   9.027653e+07   2.803750e-01  -2.998133e+00  -3.017371e+00   1.225295e-06   2.179806e+03   5.049661e-01
     3  -4.713773e+00  -4.732427e+00   2.200871e-07   8.993005e+07   2.806860e-01            nan  -4.760411e+00  -4.771561e+00   1.588651e-07   9.013781e+07   2.803723e-01  -2.959343e+00  -2.978305e+00   1.429786e-06   1.970818e+03   4.989112e-01
     4  -4.675626e+00  -4.694281e+00   2.853316e-07   8.960532e+07   2.806538e-01            nan  -4.737818e+00  -4.748967e+00   1.853780e-07   8.998450e+07   2.803692e-01  -2.921097e+00  -2.939799e+00   1.668402e-06   1.787741e+03   4.925757e-01
     5  -4.637480e+00  -4.656134e+00   3.698515e-07   8.922489e+07   2.806227e-01            nan  -4.715222e+00  -4.726373e+00   2.163150e-07   8.981506e+07   2.803659e-01  -2.883372e+00  -2.901825e+00   1.946835e-06   1.626834e+03   4.859128e-01
     6  -4.599333e+00  -4.617988e+00   4.792679e-07   8.877375e+07   2.805923e-01            nan  -4.692619e+00  -4.703773e+00   2.524142e-07   8.962779e+07   2.803621e-01  -2.846131e+00  -2.864352e+00   2.271728e-06   1.484428e+03   4.790625e-01
     7  -4.561187e+00  -4.579842e+00   6.207711e-07   8.824175e+07   2.805621e-01            nan  -4.670006e+00  -4.681165e+00   2.945370e-07   8.942082e+07   2.803580e-01  -2.809342e+00  -2.827347e+00   2.650833e-06   1.357895e+03   4.720317e-01
     8  -4.523041e+00  -4.541695e+00   8.035758e-07   8.761965e+07   2.805319e-01            nan  -4.647379e+00  -4.658545e+00   3.436881e-07   8.919210e+07   2.803535e-01  -2.772967e+00  -2.790774e+00   3.093193e-06   1.244768e+03   4.649063e-01
     9  -4.484894e+00  -4.503549e+00   1.039474e-06   8.688597e+07   2.805010e-01            nan  -4.624734e+00  -4.635909e+00   4.010398e-07   8.893936e+07   2.803484e-01  -2.736968e+00  -2.754595e+00   3.609358e-06   1.143052e+03   4.577608e-01
    10  -4.446748e+00  -4.465402e+00   1.343365e-06   8.602264e+07   2.804689e-01            nan  -4.602069e+00  -4.613254e+00   4.679601e-07   8.866013e+07   2.803429e-01  -2.701307e+00  -2.718772e+00   4.211641e-06   1.051236e+03   4.506103e-01
    11  -4.408601e+00  -4.427256e+00   1.734131e-06   8.501939e+07   2.804352e-01            nan  -4.579377e+00  -4.590575e+00   5.460446e-07   8.835168e+07   2.803367e-01  -2.665937e+00  -2.683262e+00   4.914402e-06   9.677213e+02   4.435896e-01
    12  -4.370455e+00  -4.389109e+00   2.235721e-06   8.384429e+07   2.803993e-01            nan  -4.556657e+00  -4.567868e+00   6.371554e-07   8.801102e+07   2.803299e-01  -2.630825e+00  -2.648026e+00   5.734398e-06   8.916924e+02   4.366401e-01
    13  -4.332308e+00  -4.350963e+00   2.877648e-06   8.247456e+07   2.803603e-01            nan  -4.533902e+00  -4.545130e+00   7.434644e-07   8.763490e+07   2.803224e-01  -2.595921e+00  -2.613023e+00   6.691180e-06   8.218536e+02   4.299367e-01
    14  -4.294162e+00  -4.312817e+00   3.696943e-06   8.090194e+07   2.803178e-01            nan  -4.511109e+00  -4.522356e+00   8.675058e-07   8.721975e+07   2.803140e-01  -2.561191e+00  -2.578209e+00   7.807552e-06   7.577203e+02   4.234076e-01
    15  -4.256016e+00  -4.274670e+00   4.739719e-06   7.907367e+07   2.802707e-01            nan  -4.488272e+00  -4.499540e+00   1.012236e-06   8.676167e+07   2.803048e-01  -2.526593e+00  -2.543547e+00   9.110122e-06   6.985154e+02   4.171387e-01
    16  -4.217869e+00  -4.236524e+00   6.059627e-06   7.698670e+07   2.802185e-01            nan  -4.465386e+00  -4.476678e+00   1.181103e-06   8.625644e+07   2.802946e-01  -2.492094e+00  -2.509001e+00   1.062993e-05   6.438307e+02   4.110981e-01
    17  -4.179723e+00  -4.198377e+00   7.725531e-06   7.462266e+07   2.801603e-01            nan  -4.442444e+00  -4.453764e+00   1.378130e-06   8.569943e+07   2.802833e-01  -2.457663e+00  -2.474538e+00   1.240317e-05   5.932283e+02   4.052969e-01
    18  -4.141576e+00  -4.160231e+00   9.814763e-06   7.193077e+07   2.800947e-01            nan  -4.419441e+00  -4.430790e+00   1.608010e-06   8.508567e+07   2.802708e-01  -2.423274e+00  -2.440128e+00   1.447209e-05   5.463637e+02   3.997274e-01
    19  -4.103430e+00  -4.122084e+00   1.242073e-05   6.895787e+07   2.800220e-01            nan  -4.396367e+00  -4.407751e+00   1.876216e-06   8.440976e+07   2.802570e-01  -2.388903e+00  -2.405749e+00   1.688595e-05   5.029896e+02   3.943489e-01
    20  -4.065283e+00  -4.083938e+00   1.564895e-05   6.561373e+07   2.799395e-01            nan  -4.373216e+00  -4.384637e+00   2.189133e-06   8.366590e+07   2.802417e-01  -2.354533e+00  -2.371378e+00   1.970220e-05   4.628097e+02   3.891724e-01
    21  -4.027137e+00  -4.045791e+00   1.961748e-05   6.201073e+07   2.798483e-01            nan  -4.349977e+00  -4.361441e+00   2.554206e-06   8.284783e+07   2.802248e-01  -2.320150e+00  -2.337001e+00   2.298786e-05   4.256642e+02   3.841316e-01
    22  -3.988991e+00  -4.007645e+00   2.445337e-05   5.805542e+07   2.797455e-01            nan  -4.326642e+00  -4.338153e+00   2.980121e-06   8.194890e+07   2.802062e-01  -2.285741e+00  -2.302605e+00   2.682109e-05   3.912912e+02   3.792562e-01
    23  -3.950844e+00  -3.969499e+00   3.030438e-05   5.389399e+07   2.796325e-01            nan  -4.303197e+00  -4.314761e+00   3.477003e-06   8.096201e+07   2.801855e-01  -2.251303e+00  -2.268181e+00   3.129303e-05   3.595627e+02   3.744739e-01
    24  -3.912698e+00  -3.931352e+00   3.727793e-05   4.950223e+07   2.795069e-01            nan  -4.279631e+00  -4.291254e+00   4.056664e-06   7.987967e+07   2.801628e-01  -2.216825e+00  -2.233722e+00   3.650997e-05   3.302443e+02   3.698327e-01
    25  -3.874551e+00  -3.893206e+00   4.554206e-05   4.497756e+07   2.793688e-01            nan  -4.255929e+00  -4.267619e+00   4.732872e-06   7.869399e+07   2.801376e-01  -2.182309e+00  -2.199225e+00   4.259585e-05   3.032218e+02   3.652618e-01
    26  -3.836405e+00  -3.855059e+00   5.522730e-05   4.042642e+07   2.792183e-01            nan  -4.232076e+00  -4.243839e+00   5.521683e-06   7.739677e+07   2.801098e-01  -2.147750e+00  -2.164686e+00   4.969515e-05   2.782856e+02   3.608235e-01
    27  -3.798258e+00  -3.816913e+00   6.637623e-05   3.590153e+07   2.790541e-01            nan  -4.208053e+00  -4.219898e+00   6.441814e-06   7.597955e+07   2.800791e-01  -2.113149e+00  -2.130105e+00   5.797633e-05   2.553339e+02   3.564470e-01
    28  -3.760112e+00  -3.778766e+00   7.910141e-05   3.147322e+07   2.788748e-01            nan  -4.183839e+00  -4.195777e+00   7.515084e-06   7.443371e+07   2.800452e-01  -2.078505e+00  -2.095482e+00   6.763576e-05   2.341809e+02   3.522027e-01
    29  -3.721965e+00  -3.740620e+00   9.346072e-05   2.726436e+07   2.786810e-01            nan  -4.159413e+00  -4.171454e+00   8.766923e-06   7.275060e+07   2.800078e-01  -2.043821e+00  -2.060817e+00   7.890231e-05   2.147339e+02   3.480245e-01
    30  -3.683819e+00  -3.702474e+00   1.094665e-04   2.334035e+07   2.784718e-01            nan  -4.134748e+00  -4.146905e+00   1.022697e-05   7.092171e+07   2.799666e-01  -2.009097e+00  -2.026112e+00   9.204273e-05   1.968343e+02   3.439752e-01
    31  -3.645673e+00  -3.664327e+00   1.271007e-04   1.975302e+07   2.782458e-01            nan  -4.109814e+00  -4.122102e+00   1.192976e-05   6.893891e+07   2.799211e-01  -1.974338e+00  -1.991370e+00   1.073678e-04   1.803953e+02   3.399991e-01
    32  -3.607526e+00  -3.626181e+00   1.463267e-04   1.653734e+07   2.780016e-01            nan  -4.084579e+00  -4.097013e+00   1.391553e-05   6.679469e+07   2.798709e-01  -1.939544e+00  -1.956593e+00   1.252398e-04   1.652833e+02   3.361472e-01
    33  -3.569380e+00  -3.588034e+00   1.671085e-04   1.370965e+07   2.777375e-01            nan  -4.059003e+00  -4.071603e+00   1.623115e-05   6.448250e+07   2.798155e-01  -1.904721e+00  -1.921783e+00   1.460803e-04   1.514180e+02   3.323727e-01
    34  -3.531233e+00  -3.549888e+00   1.894342e-04   1.126786e+07   2.774522e-01            nan  -4.033045e+00  -4.045830e+00   1.893121e-05   6.199720e+07   2.797545e-01  -1.869871e+00  -1.886946e+00   1.703808e-04   1.386867e+02   3.287156e-01
    35  -3.493087e+00  -3.511741e+00   2.128209e-04   9.184258e+06   2.771402e-01            nan  -4.006654e+00  -4.019649e+00   2.207926e-05   5.933547e+07   2.796872e-01  -1.835000e+00  -1.852085e+00   1.987134e-04   1.270167e+02   3.251344e-01
    36  -3.454940e+00  -3.473595e+00   2.374674e-04   7.430287e+06   2.767919e-01            nan  -3.979772e+00  -3.993005e+00   2.574932e-05   5.649643e+07   2.796129e-01  -1.800111e+00  -1.817205e+00   2.317439e-04   1.163123e+02   3.216604e-01
    37  -3.416794e+00  -3.435448e+00   2.635708e-04   5.984441e+06   2.764104e-01            nan  -3.952335e+00  -3.965837e+00   3.002750e-05   5.348224e+07   2.795310e-01  -1.765210e+00  -1.782310e+00   2.702475e-04   1.065090e+02   3.182539e-01
    38  -3.378648e+00  -3.397302e+00   2.907904e-04   4.803636e+06   2.760011e-01            nan  -3.924265e+00  -3.938073e+00   3.501400e-05   5.029886e+07   2.794404e-01  -1.730302e+00  -1.747406e+00   3.151260e-04   9.752529e+01   3.149398e-01
    39  -3.340501e+00  -3.359156e+00   3.187568e-04   3.839161e+06   2.755146e-01            nan  -3.895474e+00  -3.909631e+00   4.082538e-05   4.695678e+07   2.793403e-01  -1.695395e+00  -1.712498e+00   3.674284e-04   8.930495e+01   3.116766e-01
    40  -3.302355e+00  -3.321009e+00   3.485208e-04   3.065993e+06   2.749820e-01            nan  -3.865858e+00  -3.880414e+00   4.759714e-05   4.347184e+07   2.792295e-01  -1.660491e+00  -1.677592e+00   4.283742e-04   8.177778e+01   3.084850e-01
    41  -3.264208e+00  -3.282863e+00   3.785679e-04   2.445977e+06   2.743856e-01            nan  -3.835297e+00  -3.850309e+00   5.548679e-05   3.986602e+07   2.791066e-01  -1.625600e+00  -1.642695e+00   4.993811e-04   7.489573e+01   3.053193e-01
    42  -3.226062e+00  -3.244716e+00   4.104984e-04   1.952824e+06   2.736762e-01            nan  -3.803649e+00  -3.819185e+00   6.467734e-05   3.616813e+07   2.789697e-01  -1.590726e+00  -1.607813e+00   5.820960e-04   6.859789e+01   3.021984e-01
    43  -3.187915e+00  -3.206570e+00   4.431613e-04   1.559726e+06   2.729168e-01            nan  -3.770745e+00  -3.786885e+00   7.538125e-05   3.241435e+07   2.788170e-01  -1.555879e+00  -1.572953e+00   6.784313e-04   6.284368e+01   2.990700e-01
    44  -3.149769e+00  -3.168423e+00   4.777147e-04   1.249669e+06   2.719643e-01            nan  -3.736388e+00  -3.753227e+00   8.784517e-05   2.864839e+07   2.786455e-01  -1.521063e+00  -1.538122e+00   7.906065e-04   5.757988e+01   2.959542e-01
    45  -3.111622e+00  -3.130277e+00   5.133085e-04   1.002240e+06   2.709644e-01            nan  -3.700342e+00  -3.717991e+00   1.023551e-04   2.492125e+07   2.784520e-01  -1.486288e+00  -1.503328e+00   9.211963e-04   5.277224e+01   2.927933e-01
    46  -3.073476e+00  -3.092131e+00   5.511652e-04   8.077142e+05   2.697012e-01            nan  -3.662329e+00  -3.680920e+00   1.192428e-04   2.129023e+07   2.782319e-01  -1.451558e+00  -1.468576e+00   1.073185e-03   4.837465e+01   2.896076e-01
    47  -3.035330e+00  -3.053984e+00   5.903868e-04   6.521074e+05   2.683554e-01   4.658013e-01  -3.622019e+00  -3.641706e+00   1.388921e-04   1.781713e+07   2.779790e-01  -1.416881e+00  -1.433874e+00   1.250029e-03   4.435699e+01   2.863438e-01
    48  -2.997183e+00  -3.015838e+00   6.323588e-04   5.290257e+05   2.666982e-01   4.628058e-01  -3.579023e+00  -3.599989e+00   1.617478e-04   1.456533e+07   2.776848e-01  -1.382263e+00  -1.399227e+00   1.455730e-03   4.068077e+01   2.830157e-01
    49  -2.959037e+00  -2.977691e+00   6.763157e-04   4.306001e+05   2.648574e-01   4.595676e-01  -3.532890e+00  -3.555344e+00   1.883238e-04   1.159572e+07   2.773374e-01  -1.347707e+00  -1.364641e+00   1.694914e-03   3.731811e+01   2.795871e-01
    50  -2.920890e+00  -2.939545e+00   7.233426e-04   3.516886e+05   2.627921e-01   4.563733e-01  -3.483107e+00  -3.507286e+00   2.192140e-04   8.961559e+06   2.769194e-01  -1.313216e+00  -1.330119e+00   1.972926e-03   3.423774e+01   2.760641e-01
    51  -2.882744e+00  -2.901398e+00   7.735377e-04   2.887249e+05   2.603811e-01   4.534639e-01  -3.429115e+00  -3.455273e+00   2.551039e-04   6.702644e+06   2.764048e-01  -1.278791e+00  -1.295663e+00   2.295935e-03   3.141343e+01   2.724369e-01
    52  -2.844597e+00  -2.863252e+00   8.272112e-04   2.373705e+05   2.578817e-01   4.503251e-01  -3.370351e+00  -3.398740e+00   2.967831e-04   4.839584e+06   2.757543e-01  -1.244431e+00  -1.261271e+00   2.671048e-03   2.882058e+01   2.687031e-01
    53  -2.806451e+00  -2.825106e+00   8.851115e-04   1.963829e+05   2.548644e-01   4.481652e-01  -3.306327e+00  -3.337160e+00   3.451610e-04   3.369540e+06   2.749070e-01  -1.210128e+00  -1.226941e+00   3.106449e-03   2.643445e+01   2.648879e-01
    54  -2.768305e+00  -2.786959e+00   9.474182e-04   1.624850e+05   2.518943e-01   4.455479e-01  -3.236772e+00  -3.270158e+00   4.012824e-04   2.264995e+06   2.737686e-01  -1.175877e+00  -1.192665e+00   3.611542e-03   2.423668e+01   2.609787e-01
    55  -2.730158e+00  -2.748813e+00   1.014825e-03   1.352096e+05   2.483428e-01   4.444031e-01  -3.161816e+00  -3.197679e+00   4.663463e-04   1.476920e+06   2.721961e-01  -1.141663e+00  -1.158433e+00   4.197117e-03   2.220558e+01   2.570259e-01
    56  -2.692012e+00  -2.710666e+00   1.088022e-03   1.125339e+05   2.448431e-01   4.430118e-01  -3.082158e+00  -3.120163e+00   5.417261e-04   9.425545e+05   2.699858e-01  -1.107472e+00  -1.124231e+00   4.875535e-03   2.032648e+01   2.530283e-01
    57  -2.653865e+00  -2.672520e+00   1.167200e-03   9.393599e+04   2.409799e-01   4.428009e-01  -2.999114e+00  -3.038654e+00   6.289911e-04   5.960551e+05   2.668808e-01  -1.073286e+00  -1.090043e+00   5.660920e-03   1.858440e+01   2.490130e-01
    58  -2.615719e+00  -2.634373e+00   1.253744e-03   7.846296e+04   2.371100e-01   4.427899e-01  -2.914415e+00  -2.954703e+00   7.299314e-04   3.785171e+05   2.626248e-01  -1.039084e+00  -1.055848e+00   6.569382e-03   1.696607e+01   2.450136e-01
    59  -2.577572e+00  -2.596227e+00   1.347351e-03   6.559371e+04   2.330857e-01   4.436534e-01  -2.829808e+00  -2.870054e+00   8.465830e-04   2.440278e+05   2.570572e-01  -1.004844e+00  -1.021627e+00   7.619247e-03   1.546215e+01   2.410297e-01
    60  -2.539426e+00  -2.558080e+00   1.449834e-03   5.485426e+04   2.290722e-01   4.449362e-01  -2.746660e+00  -2.786247e+00   9.812558e-04   1.606799e+05   2.502131e-01  -9.705440e-01  -9.873555e-01   8.831303e-03   1.406297e+01   2.370934e-01
    61  -2.501279e+00  -2.519934e+00   1.560723e-03   4.584096e+04   2.250875e-01   4.466884e-01  -2.665754e+00  -2.704325e+00   1.136562e-03   1.081364e+05   2.423551e-01  -9.361609e-01  -9.530123e-01   1.022906e-02   1.276164e+01   2.332090e-01
    62  -2.463133e+00  -2.481788e+00   1.681811e-03   3.830109e+04   2.211735e-01   4.488000e-01  -2.587305e+00  -2.624760e+00   1.315444e-03   7.413994e+04   2.339143e-01  -9.016755e-01  -9.185760e-01   1.183900e-02   1.155283e+01   2.293651e-01
    63  -2.424987e+00  -2.443641e+00   1.812839e-03   3.194212e+04   2.174441e-01   4.509308e-01  -2.511111e+00  -2.547539e+00   1.521208e-03   5.150557e+04   2.253797e-01  -8.670694e-01  -8.840279e-01   1.369088e-02   1.043104e+01   2.255746e-01
    64  -2.386840e+00  -2.405495e+00   1.955243e-03   2.662515e+04   2.138361e-01   4.532248e-01  -2.436724e+00  -2.472327e+00   1.757548e-03   3.604211e+04   2.171930e-01  -8.323277e-01  -8.493513e-01   1.581793e-02   9.392169e+00   2.218278e-01
    65  -2.348694e+00  -2.367348e+00   2.109169e-03   2.213587e+04   2.105299e-01   4.551040e-01  -2.363605e+00  -2.398628e+00   2.028572e-03   2.527260e+04   2.096737e-01  -7.974401e-01  -8.145337e-01   1.825715e-02   8.432676e+00   2.181035e-01
    66  -2.310547e+00  -2.329202e+00   2.275691e-03   1.839562e+04   2.073544e-01   4.569991e-01  -2.291242e+00  -2.325918e+00   2.338830e-03   1.769071e+04   2.029759e-01  -7.624001e-01  -7.795668e-01   2.104947e-02   7.548937e+00   2.143912e-01
    67  -2.272401e+00  -2.291055e+00   2.455283e-03   1.524543e+04   2.045349e-01   4.581344e-01  -2.219238e+00  -2.253749e+00   2.693323e-03   1.233935e+04   1.970790e-01  -7.272045e-01  -7.444459e-01   2.423991e-02   6.737280e+00   2.106874e-01
    68  -2.234254e+00  -2.252909e+00   2.648982e-03   1.263326e+04   2.018241e-01   4.592860e-01  -2.147367e+00  -2.181818e+00   3.097518e-03   8.575838e+03   1.918280e-01  -6.918549e-01  -7.091702e-01   2.787766e-02   5.994370e+00   2.069709e-01
    69  -2.196108e+00  -2.214763e+00   2.857340e-03   1.044601e+04   1.994369e-01   4.596774e-01  -2.075567e+00  -2.109985e+00   3.557342e-03   5.945768e+03   1.870254e-01  -6.563567e-01  -6.737432e-01   3.201608e-02   5.316703e+00   2.032239e-01
    70  -2.157962e+00  -2.176616e+00   3.081809e-03   8.638038e+03   1.971467e-01   4.601107e-01  -2.003900e+00  -2.038257e+00   4.079169e-03   4.118790e+03   1.825231e-01  -6.207185e-01  -6.381722e-01   3.671252e-02   4.700609e+00   1.994426e-01
    71  -2.119815e+00  -2.138470e+00   3.322764e-03   7.135912e+03   1.950744e-01   4.601035e-01  -1.932500e+00  -1.966735e+00   4.669785e-03   2.854951e+03   1.782532e-01  -5.849512e-01  -6.024667e-01   4.202806e-02   4.142338e+00   1.956252e-01
    72  -2.081669e+00  -2.100323e+00   3.582433e-03   5.895931e+03   1.931014e-01   4.601620e-01  -1.861529e+00  -1.895566e+00   5.336336e-03   1.982601e+03   1.742052e-01  -5.490683e-01  -5.666392e-01   4.802703e-02   3.638240e+00   1.917617e-01
    73  -2.043522e+00  -2.062177e+00   3.860871e-03   4.870677e+03   1.912750e-01   4.600309e-01  -1.791155e+00  -1.824918e+00   6.086254e-03   1.380851e+03   1.703919e-01  -5.130861e-01  -5.307046e-01   5.477629e-02   3.184685e+00   1.878438e-01
    74  -2.005376e+00  -2.024030e+00   4.161262e-03   4.025016e+03   1.895500e-01   4.600067e-01  -1.721548e+00  -1.754958e+00   6.927149e-03   9.654961e+02   1.668280e-01  -4.770230e-01  -4.946803e-01   6.234434e-02   2.778093e+00   1.838677e-01
    75  -1.967229e+00  -1.985884e+00   4.483329e-03   3.327230e+03   1.879426e-01   4.599332e-01  -1.652868e+00  -1.685852e+00   7.866679e-03   6.783065e+02   1.635191e-01  -4.408992e-01  -4.585856e-01   7.080011e-02   2.414912e+00   1.798387e-01
    76  -1.929083e+00  -1.947737e+00   4.831049e-03   2.751799e+03   1.864456e-01   4.599335e-01  -1.585268e+00  -1.617754e+00   8.912390e-03   4.791994e+02   1.604569e-01  -4.047374e-01  -4.224420e-01   8.021151e-02   2.091772e+00   1.757495e-01
    77  -1.890937e+00  -1.909591e+00   5.204562e-03   2.277147e+03   1.850607e-01   4.599484e-01  -1.518890e+00  -1.550812e+00   1.007152e-02   3.406638e+02   1.576159e-01  -3.685627e-01  -3.862735e-01   9.064369e-02   1.805410e+00   1.715935e-01
    78  -1.852790e+00  -1.871445e+00   5.607898e-03   1.885637e+03   1.838020e-01   4.599634e-01  -1.453860e+00  -1.485159e+00   1.135078e-02   2.438447e+02   1.549531e-01  -3.324031e-01  -3.501067e-01   1.021570e-01   1.552683e+00   1.673644e-01
    79  -1.814644e+00  -1.833298e+00   6.042280e-03   1.562521e+03   1.826561e-01   4.600222e-01  -1.390293e+00  -1.420915e+00   1.275612e-02   1.758237e+02   1.524099e-01  -2.962885e-01  -3.139705e-01   1.148050e-01   1.330560e+00   1.630664e-01
    80  -1.776497e+00  -1.795152e+00   6.511542e-03   1.295865e+03   1.816551e-01   4.599747e-01  -1.328281e+00  -1.358181e+00   1.429243e-02   1.277430e+02   1.499172e-01  -2.602509e-01  -2.778960e-01   1.286319e-01   1.136159e+00   1.586979e-01
    81  -1.738351e+00  -1.757005e+00   7.018247e-03   1.075574e+03   1.807651e-01   4.599881e-01  -1.267894e+00  -1.297039e+00   1.596333e-02   9.352039e+01   1.474039e-01  -2.243248e-01  -2.419164e-01   1.436700e-01   9.667584e-01   1.542552e-01
    82  -1.700204e+00  -1.718859e+00   7.566171e-03   8.936422e+02   1.800371e-01   4.597621e-01  -1.209168e+00  -1.237539e+00   1.777087e-02   6.897080e+01   1.448078e-01  -1.885470e-01  -2.060676e-01   1.599378e-01   8.197905e-01   1.497360e-01
    83  -1.662058e+00  -1.680712e+00   8.159367e-03   7.431731e+02   1.794213e-01   4.595634e-01  -1.152107e+00  -1.179701e+00   1.971527e-02   5.120779e+01   1.420879e-01  -1.529555e-01  -1.703868e-01   1.774374e-01   6.928310e-01   1.451480e-01
    84  -1.623911e+00  -1.642566e+00   8.801790e-03   6.187486e+02   1.789594e-01   4.590702e-01  -1.096672e+00  -1.123506e+00   2.179475e-02   3.823593e+01   1.392335e-01  -1.175895e-01  -1.349126e-01   1.961527e-01   5.836248e-01   1.404966e-01
    85  -1.585765e+00  -1.604420e+00   9.499149e-03   5.157255e+02   1.786150e-01   4.584910e-01  -1.042783e+00  -1.068892e+00   2.400535e-02   2.867289e+01   1.362652e-01  -8.248918e-02  -9.968483e-02   2.160481e-01   4.900946e-01   1.357851e-01
    86  -1.547619e+00  -1.566273e+00   1.025592e-02   4.303955e+02   1.783985e-01   4.576099e-01  -9.903226e-01  -1.015761e+00   2.634082e-02   2.155812e+01   1.332327e-01  -4.769514e-02  -6.474381e-02   2.370673e-01   4.103247e-01   1.310220e-01
    87  -1.509472e+00  -1.528127e+00   1.107938e-02   3.596497e+02   1.782929e-01   4.565022e-01  -9.391422e-01  -9.639789e-01   2.879262e-02   1.622197e+01   1.302030e-01  -1.324661e-02  -3.012941e-02   2.591336e-01   3.425547e-01   1.262253e-01
    88  -1.471326e+00  -1.489980e+00   1.197588e-02   3.009443e+02   1.782826e-01   4.550922e-01  -8.890726e-01  -9.133862e-01   3.134998e-02   1.219447e+01   1.272445e-01   2.081755e-02   4.119364e-03   2.821498e-01   2.852093e-01   1.214038e-01
    89  -1.433179e+00  -1.451834e+00   1.295367e-02   2.521884e+02   1.783529e-01   4.533821e-01  -8.399371e-01  -8.638103e-01   3.400006e-02   9.142788e+00   1.244165e-01   5.446031e-02   3.796462e-02   3.060005e-01   2.368646e-01   1.165737e-01
    90  -1.395033e+00  -1.413687e+00   1.402176e-02   2.116469e+02   1.784809e-01   4.513529e-01  -7.915619e-01  -8.150763e-01   3.672816e-02   6.827363e+00   1.217567e-01   8.764765e-02   7.137091e-02   3.305535e-01   1.962470e-01   1.117559e-01
    91  -1.356886e+00  -1.375541e+00   1.518980e-02   1.778966e+02   1.786382e-01   4.490451e-01  -7.437874e-01  -7.670181e-01   3.951809e-02   5.072656e+00   1.192797e-01   1.203476e-01   1.043053e-01   3.556628e-01   1.622396e-01   1.069633e-01
    92  -1.318740e+00  -1.337394e+00   1.646982e-02   1.497582e+02   1.787981e-01   4.464927e-01  -6.964738e-01  -7.194866e-01   4.235249e-02   3.747314e+00   1.169792e-01   1.525329e-01   1.367383e-01   3.811724e-01   1.338490e-01   1.022210e-01
    93  -1.280594e+00  -1.299248e+00   1.787422e-02   1.262762e+02   1.789496e-01   4.436257e-01  -6.495023e-01  -6.723534e-01   4.521329e-02   2.751049e+00   1.148327e-01   1.841793e-01   1.686443e-01   4.069196e-01   1.102192e-01   9.754402e-02
    94  -1.242447e+00  -1.261102e+00   1.941730e-02   1.066180e+02   1.790256e-01   4.408098e-01  -6.027747e-01  -6.255103e-01   4.808216e-02   2.006564e+00   1.128104e-01   2.152673e-01   2.000014e-01   4.327394e-01   9.060252e-02   9.295278e-02
    95  -1.204301e+00  -1.222955e+00   2.111608e-02   9.015043e+01   1.790418e-01   4.378228e-01  -5.562090e-01  -5.788680e-01   5.094094e-02   1.453800e+00   1.108780e-01   2.457816e-01   2.307924e-01   4.584685e-01   7.435799e-02   8.846357e-02
    96  -1.166154e+00  -1.184809e+00   2.298682e-02   7.632691e+01   1.789695e-01   4.348395e-01  -5.097315e-01  -5.323488e-01   5.377208e-02   1.046044e+00   1.090033e-01   2.757112e-01   2.610042e-01   4.839488e-01   6.093614e-02   8.409222e-02
    97  -1.128008e+00  -1.146662e+00   2.504967e-02   6.466698e+01   1.787883e-01   4.322801e-01  -4.632682e-01  -4.858788e-01   5.655903e-02   7.472032e-01   1.071643e-01   3.050497e-01   2.906282e-01   5.090312e-01   4.986924e-02   7.985288e-02
    98  -1.089861e+00  -1.108516e+00   2.732795e-02   5.483784e+01   1.785229e-01   4.298588e-01  -4.167387e-01  -4.393806e-01   5.928652e-02   5.296183e-01   1.053502e-01   3.337945e-01   3.196599e-01   5.335787e-01   4.076166e-02   7.575645e-02
    99  -1.051715e+00  -1.070369e+00   2.984207e-02   4.653234e+01   1.781699e-01   4.277615e-01  -3.700447e-01  -3.927645e-01   6.194091e-02   3.722053e-01   1.035613e-01   3.619474e-01   3.480991e-01   5.574682e-01   3.327907e-02   7.181319e-02
   100  -1.013568e+00  -1.032223e+00   3.261593e-02   3.946280e+01   1.777518e-01   4.262628e-01  -3.230639e-01  -3.459194e-01   6.451030e-02   2.590914e-01   1.018053e-01   3.895135e-01   3.759491e-01   5.805927e-01   2.714157e-02   6.802912e-02
   101  -9.754220e-01  -9.940766e-01   3.568008e-02   3.346474e+01   1.772957e-01   4.250315e-01  -2.756545e-01  -2.987126e-01   6.698469e-02   1.784536e-01   1.000941e-01   4.165015e-01   4.032171e-01   6.028622e-01   2.211422e-02   6.441019e-02
   102  -9.372756e-01  -9.559301e-01   3.906455e-02   2.836930e+01   1.768119e-01   4.240808e-01  -2.276493e-01  -2.509889e-01   6.935597e-02   1.214639e-01   9.843982e-02   4.429228e-01   4.299130e-01   6.242038e-01   1.800191e-02   6.095791e-02
   103  -8.991292e-01  -9.177837e-01   4.278500e-02   2.402654e+01   1.763232e-01   4.233046e-01  -1.788519e-01  -2.025656e-01   7.161799e-02   8.157956e-02   9.685818e-02   4.687918e-01   4.560499e-01   6.445619e-01   1.464175e-02   5.767447e-02
   104  -8.609827e-01  -8.796373e-01   4.688030e-02   2.031671e+01   1.758678e-01   4.225078e-01  -1.290510e-01  -1.532380e-01   7.376638e-02   5.399769e-02   9.536486e-02   4.941247e-01   4.816429e-01   6.638974e-01   1.189944e-02   5.455750e-02
   105  -8.228363e-01  -8.414908e-01   5.138777e-02   1.716467e+01   1.754140e-01   4.215130e-01  -7.802286e-02  -1.027879e-01   7.579851e-02   3.517955e-02   9.397274e-02   5.189402e-01   5.067096e-01   6.821866e-01   9.663304e-03   5.160623e-02
   106  -7.846899e-01  -8.033444e-01   5.634454e-02   1.448893e+01   1.749413e-01   4.201626e-01  -2.554909e-02  -5.099394e-02   7.771330e-02   2.253960e-02   9.269030e-02   5.432581e-01   5.312693e-01   6.994197e-01   7.841776e-03   4.881568e-02
   107  -7.465434e-01  -7.651979e-01   6.178281e-02   1.221985e+01   1.744294e-01   4.183436e-01   2.852496e-02   2.328988e-03   7.951106e-02   1.420833e-02   9.149111e-02   5.670999e-01   5.553426e-01   7.155996e-01   6.359055e-03   4.618244e-02
   108  -7.083970e-01  -7.270515e-01   6.773157e-02   1.029245e+01   1.738863e-01   4.158597e-01   8.423469e-02   5.727250e-02   8.119333e-02   8.829398e-03   9.030824e-02   5.904880e-01   5.789514e-01   7.307399e-01   5.153146e-03   4.370038e-02
   109  -6.702505e-01  -6.889051e-01   7.425432e-02   8.663236e+00   1.732329e-01   4.127170e-01   1.413835e-01   1.137484e-01   8.276263e-02   5.435505e-03   8.898093e-02   6.134455e-01   6.021184e-01   7.448636e-01   4.173042e-03   4.136391e-02
   110  -6.321041e-01  -6.507586e-01   8.140258e-02   7.288581e+00   1.724208e-01   4.089224e-01   1.994193e-01   1.713701e-01   8.422234e-02   3.343856e-03   8.722714e-02   6.359962e-01   6.248672e-01   7.580011e-01   3.377014e-03   3.916662e-02
   111  -5.939577e-01  -6.126122e-01   8.923198e-02   6.129348e+00   1.714191e-01   4.045039e-01   2.574269e-01   2.293909e-01   8.557652e-02   2.078760e-03   8.470556e-02   6.581642e-01   6.472216e-01   7.701887e-01   2.730942e-03   3.710146e-02
   112  -5.558112e-01  -5.744658e-01   9.780235e-02   5.152059e+00   1.701975e-01   3.994782e-01   3.142821e-01   2.867842e-01   8.682971e-02   1.320322e-03   8.116842e-02   6.799736e-01   6.692058e-01   7.814674e-01   2.206889e-03   3.516215e-02
   113  -5.176648e-01  -5.363193e-01   1.071453e-01   4.327482e+00   1.687388e-01   3.938574e-01   3.689584e-01   3.424801e-01   8.798682e-02   8.628226e-04   7.664058e-02   7.014488e-01   6.908440e-01   7.918814e-01   1.782107e-03   3.334137e-02
   114  -4.795184e-01  -4.981729e-01   1.173568e-01   3.631885e+00   1.670229e-01   3.876712e-01   4.207821e-01   3.956428e-01   8.905301e-02   5.809807e-04   7.142634e-02   7.226138e-01   7.121602e-01   8.014771e-01   1.438009e-03   3.163243e-02
   115  -4.413719e-01  -4.600265e-01   1.285089e-01   3.045522e+00   1.650355e-01   3.809249e-01   4.694859e-01   4.458164e-01   9.003354e-02   4.020094e-04   6.593698e-02   7.434924e-01   7.331785e-01   8.103019e-01   1.159454e-03   3.002864e-02
   116  -4.032255e-01  -4.218800e-01   1.406652e-01   2.550927e+00   1.627698e-01   3.735335e-01   5.151099e-01   4.928967e-01   9.093373e-02   2.845992e-04   6.052114e-02   7.641077e-01   7.539224e-01   8.184036e-01   9.341178e-04   2.852323e-02
   117  -3.650791e-01  -3.837336e-01   1.539015e-01   2.133489e+00   1.602183e-01   3.653693e-01   5.578632e-01   5.370125e-01   9.175884e-02   2.052522e-04   5.539970e-02   7.844828e-01   7.744147e-01   8.258295e-01   7.519584e-04   2.711001e-02
   118  -3.269326e-01  -3.455871e-01   1.682741e-01   1.781403e+00   1.573877e-01   3.563291e-01   5.980233e-01   5.784073e-01   9.251402e-02   1.502520e-04   5.067766e-02   8.046397e-01   7.946782e-01   8.326262e-01   6.048127e-04   2.578281e-02
   119  -2.887862e-01  -3.074407e-01   1.838453e-01   1.484248e+00   1.542987e-01   3.462452e-01   6.358807e-01   6.173644e-01   9.320429e-02   1.113159e-04   4.638760e-02   8.245998e-01   8.147344e-01   8.388386e-01   4.860442e-04   2.453568e-02
   120  -2.506397e-01  -2.692943e-01   2.007035e-01   1.233916e+00   1.509439e-01   3.349768e-01   6.717117e-01   6.541656e-01   9.383445e-02   8.326861e-05   4.252246e-02   8.443839e-01   8.346045e-01   8.445100e-01   3.902558e-04   2.336312e-02
   121  -2.124933e-01  -2.311478e-01   2.189085e-01   1.023223e+00   1.473276e-01   3.223471e-01   7.057601e-01   6.890695e-01   9.440910e-02   6.278942e-05   3.905210e-02   8.640118e-01   8.543087e-01   8.496819e-01   3.130658e-04   2.225988e-02
   122  -1.743469e-01  -1.930014e-01   2.385124e-01   8.461090e-01   1.434580e-01   3.081903e-01   7.382428e-01   7.223051e-01   9.493262e-02   4.765887e-05   3.594043e-02   8.835023e-01   8.738664e-01   8.543935e-01   2.509175e-04   2.122090e-02
   123  -1.362004e-01  -1.548550e-01   2.595244e-01   6.974377e-01   1.393510e-01   2.923432e-01   7.693483e-01   7.540740e-01   9.540910e-02   3.637236e-05   3.315015e-02   9.028733e-01   8.932958e-01   8.586819e-01   2.009243e-04   2.024153e-02
   124  -9.805400e-02  -1.167085e-01   2.819824e-01   5.728509e-01   1.350223e-01   2.744689e-01   7.992400e-01   7.845513e-01   9.584241e-02   2.788600e-05   3.064428e-02   9.221420e-01   9.126145e-01   8.625817e-01   1.607450e-04   1.931748e-02
   125  -5.990757e-02  -7.856209e-02   3.059207e-01   4.687557e-01   1.304774e-01   2.545705e-01   8.280604e-01   8.138892e-01   9.623618e-02   2.146116e-05   2.839057e-02   9.413242e-01   9.318390e-01   8.661256e-01   1.284835e-04   1.844463e-02
   126  -2.176113e-02  -4.041566e-02   3.313334e-01   3.820004e-01   1.257378e-01   2.326138e-01   8.559336e-01   8.422206e-01   9.659376e-02   1.656934e-05   2.635890e-02   9.604350e-01   9.509847e-01   8.693438e-01   1.026039e-04   1.761921e-02
   127   1.638531e-02  -2.269220e-03   3.581470e-01   3.099098e-01   1.208246e-01   2.084856e-01   8.829680e-01   8.696611e-01   9.691827e-02   1.282678e-05   2.452331e-02   9.794884e-01   9.700662e-01   8.722644e-01   8.186353e-05   1.683774e-02
   128   5.453174e-02   3.587722e-02   3.863434e-01   2.502199e-01   1.157576e-01   1.823075e-01   9.092596e-01   8.963128e-01   9.721261e-02   9.951314e-06   2.286099e-02   9.984973e-01   9.890968e-01   8.749135e-01   6.525753e-05   1.609707e-02
   129   9.267818e-02   7.402365e-02   4.157209e-01   2.009079e-01   1.105457e-01   1.543319e-01   9.348920e-01   9.222649e-01   9.747945e-02   7.734813e-06   2.135139e-02   1.017474e+00   1.008089e+00   8.773151e-01   5.197450e-05   1.539423e-02
   130   1.308246e-01   1.121701e-01   4.462440e-01   1.603552e-01   1.052171e-01   1.245428e-01   9.599396e-01   9.475964e-01   9.772124e-02   6.021066e-06   1.997724e-02   1.036429e+00   1.027055e+00   8.794912e-01   4.135955e-05   1.472653e-02
   131   1.689711e-01   1.503165e-01   4.777895e-01   1.272230e-01   9.981651e-02   9.479779e-02   9.844688e-01   9.723774e-01   9.794025e-02   4.692748e-06   1.872309e-02   1.055373e+00   1.046005e+00   8.814623e-01   3.288469e-05   1.409150e-02
   132   2.071175e-01   1.884630e-01   5.102171e-01   1.002849e-01   9.438059e-02   6.489138e-02   1.008538e+00   9.966701e-01   9.813854e-02   3.661183e-06   1.757531e-02   1.074316e+00   1.064948e+00   8.832469e-01   2.612470e-05   1.348693e-02
   133   2.452639e-01   2.266094e-01   5.433102e-01   7.850770e-02   8.894574e-02   3.514993e-02   1.032199e+00   1.020530e+00   9.831802e-02   2.858667e-06   1.652230e-02   1.093265e+00   1.083894e+00   8.848622e-01   2.073748e-05   1.291078e-02
   134   2.834104e-01   2.647558e-01   5.765558e-01   6.098053e-02   8.351647e-02   8.991824e-03   1.055500e+00   1.044006e+00   9.848042e-02   2.233458e-06   1.555376e-02   1.112230e+00   1.102851e+00   8.863237e-01   1.644811e-05   1.236119e-02
   135   3.215568e-01   3.029023e-01   6.099692e-01   4.696101e-02   7.813779e-02  -1.586527e-02   1.078481e+00   1.067142e+00   9.862732e-02   1.745832e-06   1.466062e-02   1.131215e+00   1.121826e+00   8.876458e-01   1.303585e-05   1.183648e-02
   136   3.597032e-01   3.410487e-01   6.433151e-01   3.586741e-02   7.286806e-02  -3.843458e-02   1.101180e+00   1.089979e+00   9.876016e-02   1.365179e-06   1.383496e-02   1.150229e+00   1.140826e+00   8.888415e-01   1.032366e-05   1.133513e-02
   137   3.978497e-01   3.791951e-01   6.759618e-01   2.714433e-02   6.771880e-02  -5.557071e-02   1.123631e+00   1.112550e+00   9.888027e-02   1.067807e-06   1.306992e-02   1.169276e+00   1.159857e+00   8.899225e-01   8.169731e-06   1.085574e-02
   138   4.359961e-01   4.173416e-01   7.078950e-01   2.032879e-02   6.271687e-02  -7.066142e-02   1.145862e+00   1.134889e+00   9.898885e-02   8.353606e-07   1.235942e-02   1.188362e+00   1.178924e+00   8.908996e-01   6.460541e-06   1.039706e-02
   139   4.741425e-01   4.554880e-01   7.387234e-01   1.508139e-02   5.791804e-02  -8.301843e-02   1.167902e+00   1.157022e+00   9.908698e-02   6.535846e-07   1.169810e-02   1.207492e+00   1.198032e+00   8.917828e-01   5.105347e-06   9.957936e-03
   140   5.122890e-01   4.936345e-01   7.681135e-01   1.105465e-02   5.331226e-02  -9.295522e-02   1.189774e+00   1.178976e+00   9.917565e-02   5.113877e-07   1.108126e-02   1.226668e+00   1.217186e+00   8.925808e-01   4.031669e-06   9.537318e-03
   141   5.504354e-01   5.317809e-01   7.958665e-01   8.020291e-03   4.895040e-02  -9.968048e-02   1.211500e+00   1.200773e+00   9.925576e-02   4.001278e-07   1.050476e-02   1.245895e+00   1.236388e+00   8.933019e-01   3.181674e-06   9.134247e-03
   142   5.885819e-01   5.699273e-01   8.218300e-01   5.744585e-03   4.482751e-02  -1.047853e-01   1.233099e+00   1.222434e+00   9.932813e-02   3.130611e-07   9.964964e-03   1.265176e+00   1.255643e+00   8.939532e-01   2.509259e-06   8.747845e-03
   143   6.267283e-01   6.080738e-01   8.456110e-01   4.067681e-03   4.097104e-02  -1.082075e-01   1.254587e+00   1.243976e+00   9.939350e-02   2.449210e-07   9.458653e-03   1.284513e+00   1.274952e+00   8.945415e-01   1.977708e-06   8.377308e-03
   144   6.648747e-01   6.462202e-01   8.673555e-01   2.845699e-03   3.738280e-02  -1.101733e-01   1.275982e+00   1.265416e+00   9.945254e-02   1.915918e-07   8.982975e-03   1.303908e+00   1.294319e+00   8.950729e-01   1.557807e-06   8.021893e-03
   145   7.030212e-01   6.843666e-01   8.869530e-01   1.965109e-03   3.406304e-02  -1.108364e-01   1.297295e+00   1.286769e+00   9.950586e-02   1.498553e-07   8.535401e-03   1.323364e+00   1.313745e+00   8.955527e-01   1.226331e-06   7.680918e-03
   146   7.411676e-01   7.225131e-01   9.042918e-01   1.340886e-03   3.101260e-02  -1.102072e-01   1.318541e+00   1.308048e+00   9.955400e-02   1.171933e-07   8.113682e-03   1.342880e+00   1.333232e+00   8.959860e-01   9.648335e-07   7.353749e-03
   147   7.793140e-01   7.606595e-01   9.194927e-01   9.041633e-04   2.822316e-02  -1.082386e-01   1.339729e+00   1.329264e+00   9.959747e-02   9.163545e-08   7.715818e-03   1.362460e+00   1.352781e+00   8.963772e-01   7.586756e-07   7.039801e-03
   148   8.174605e-01   7.988059e-01   9.327024e-01   6.027571e-04   2.568428e-02  -1.051913e-01   1.360871e+00   1.350429e+00   9.963672e-02   7.163895e-08   7.340024e-03   1.382103e+00   1.372392e+00   8.967304e-01   5.962485e-07   6.738528e-03
   149   8.556069e-01   8.369524e-01   9.440530e-01   3.975268e-04   2.338177e-02  -1.011459e-01   1.381973e+00   1.371550e+00   9.967214e-02   5.599596e-08   6.984702e-03   1.401809e+00   1.392068e+00   8.970493e-01   4.683545e-07   6.449423e-03
   150   8.937533e-01   8.750988e-01   9.536991e-01   2.595852e-04   2.129896e-02  -9.616527e-02   1.403045e+00   1.392637e+00   9.970413e-02   4.376071e-08   6.648422e-03   1.421579e+00   1.411807e+00   8.973371e-01   3.677118e-07   6.172011e-03
   151   9.318998e-01   9.132453e-01   9.618309e-01   1.680106e-04   1.941765e-02  -9.043268e-02   1.424093e+00   1.413696e+00   9.973300e-02   3.419258e-08   6.329898e-03   1.441413e+00   1.431609e+00   8.975970e-01   2.885597e-07   5.905849e-03
   152   9.700462e-01   9.513917e-01   9.686273e-01   1.079065e-04   1.771913e-02  -8.413914e-02   1.445122e+00   1.434734e+00   9.975905e-02   2.671163e-08   6.027972e-03   1.461309e+00   1.451475e+00   8.978315e-01   2.263444e-07   5.650522e-03
   153   1.008193e+00   9.895381e-01   9.742754e-01   6.885131e-05   1.618473e-02  -7.752160e-02   1.466138e+00   1.455757e+00   9.978257e-02   2.086375e-08   5.741599e-03   1.481268e+00   1.471403e+00   8.980432e-01   1.774683e-07   5.405640e-03
   154   1.046339e+00   1.027685e+00   9.789383e-01   4.369716e-05   1.479696e-02  -7.077454e-02   1.487145e+00   1.476769e+00   9.980380e-02   1.629341e-08   5.469833e-03   1.501287e+00   1.491393e+00   8.982342e-01   1.390918e-07   5.170836e-03
   155   1.084486e+00   1.065831e+00   9.827758e-01   2.761540e-05   1.353967e-02  -6.407763e-02   1.508147e+00   1.497773e+00   9.982296e-02   1.272227e-08   5.211819e-03   1.521366e+00   1.511442e+00   8.984066e-01   1.089747e-07   4.945770e-03
   156   1.122632e+00   1.103977e+00   9.859228e-01   1.739490e-05   1.239854e-02  -5.765914e-02   1.529146e+00   1.518773e+00   9.984025e-02   9.932496e-09   4.966778e-03   1.541501e+00   1.531550e+00   8.985622e-01   8.535103e-08   4.730119e-03
   157   1.160778e+00   1.142124e+00   9.884953e-01   1.093122e-05   1.136084e-02  -5.156358e-02   1.550144e+00   1.539772e+00   9.985585e-02   7.753594e-09   4.734007e-03   1.561691e+00   1.551714e+00   8.987027e-01   6.682950e-08   4.523582e-03
   158   1.198925e+00   1.180270e+00   9.905966e-01   6.858269e-06   1.041552e-02  -4.587791e-02   1.571143e+00   1.560771e+00   9.986993e-02   6.052171e-09   4.512866e-03   1.581933e+00   1.571930e+00   8.988294e-01   5.231474e-08   4.325881e-03
   159   1.237071e+00   1.218417e+00   9.923111e-01   4.298570e-06   9.553023e-03  -4.069430e-02   1.592143e+00   1.581770e+00   9.988264e-02   4.723872e-09   4.302775e-03   1.602223e+00   1.592196e+00   8.989438e-01   4.094486e-08   4.136756e-03
   160   1.275218e+00   1.256563e+00   9.937091e-01   2.692979e-06   8.764977e-03  -3.599029e-02   1.613144e+00   1.602770e+00   9.989411e-02   3.687083e-09   4.103208e-03   1.622557e+00   1.612509e+00   8.990470e-01   3.204209e-08   3.955967e-03
   161   1.313364e+00   1.294710e+00   9.948484e-01   1.687045e-06   8.044113e-03  -3.174910e-02   1.634143e+00   1.623770e+00   9.990446e-02   2.877986e-09   3.913690e-03   1.642929e+00   1.632862e+00   8.991401e-01   2.507378e-08   3.783297e-03
   162   1.351511e+00   1.332856e+00   9.957778e-01   1.057190e-06   7.384096e-03  -2.795214e-02   1.655139e+00   1.644768e+00   9.991379e-02   2.246693e-09   3.733793e-03   1.663334e+00   1.653251e+00   8.992241e-01   1.962152e-08   3.618548e-03
   163   1.389657e+00   1.371002e+00   9.965365e-01   6.628708e-07   6.779363e-03  -2.457453e-02   1.676128e+00   1.665760e+00   9.992222e-02   1.754212e-09   3.563137e-03   1.683765e+00   1.673670e+00   8.993000e-01   1.535687e-08   3.461547e-03
   164   1.427803e+00   1.409149e+00   9.971563e-01   4.159504e-07   6.225017e-03  -2.159759e-02   1.697105e+00   1.686743e+00   9.992982e-02   1.370076e-09   3.401381e-03   1.704213e+00   1.694109e+00   8.993684e-01   1.202212e-08   3.312145e-03
   165   1.465950e+00   1.447295e+00   9.976631e-01   2.612551e-07   5.716706e-03  -1.895867e-02   1.718064e+00   1.707711e+00   9.993668e-02   1.070486e-09   3.248231e-03   1.724669e+00   1.714561e+00   8.994301e-01   9.415155e-09   3.170215e-03
   166   1.504096e+00   1.485442e+00   9.980776e-01   1.642674e-07   5.250590e-03  -1.662044e-02   1.738996e+00   1.728656e+00   9.994287e-02   8.368557e-10   3.103431e-03   1.745120e+00   1.735015e+00   8.994858e-01   7.377571e-09   3.035660e-03
   167   1.542243e+00   1.523588e+00   9.984174e-01   1.034056e-07   4.823258e-03  -1.454418e-02   1.759892e+00   1.749570e+00   9.994845e-02   6.546728e-10   2.966769e-03   1.765553e+00   1.755457e+00   8.995361e-01   5.785258e-09   2.908411e-03
   168   1.580389e+00   1.561735e+00   9.986953e-01   6.517456e-08   4.431689e-03  -1.268979e-02   1.780738e+00   1.770440e+00   9.995349e-02   5.126096e-10   2.838072e-03   1.785952e+00   1.775872e+00   8.995814e-01   4.541031e-09   2.788429e-03
   169   1.618536e+00   1.599881e+00   9.989233e-01   4.113273e-08   4.073222e-03  -1.103464e-02   1.801519e+00   1.791253e+00   9.995804e-02   4.018260e-10   2.717211e-03   1.806297e+00   1.796244e+00   8.996223e-01   3.568820e-09   2.675710e-03
   170   1.656682e+00   1.638028e+00   9.991111e-01   2.599622e-08   3.745519e-03  -9.531407e-03   1.822218e+00   1.811992e+00   9.996214e-02   3.154252e-10   2.604098e-03   1.826566e+00   1.816550e+00   8.996593e-01   2.809109e-09   2.570280e-03
   171   1.694829e+00   1.676174e+00   9.992660e-01   1.645480e-08   3.446567e-03  -8.132199e-03   1.842812e+00   1.832637e+00   9.996584e-02   2.480275e-10   2.498689e-03   1.846733e+00   1.836767e+00   8.996926e-01   2.215354e-09   2.472206e-03
   172   1.732975e+00   1.714320e+00   9.993938e-01   1.043277e-08   3.174697e-03  -6.784468e-03   1.863275e+00   1.853164e+00   9.996918e-02   1.954379e-10   2.400980e-03   1.866769e+00   1.856867e+00   8.997226e-01   1.751170e-09   2.381587e-03
   173   1.771121e+00   1.752467e+00   9.994996e-01   6.627506e-09   2.928773e-03  -5.371884e-03   1.883579e+00   1.873546e+00   9.997219e-02   1.543858e-10   2.311011e-03   1.886638e+00   1.876817e+00   8.997498e-01   1.388122e-09   2.298560e-03
   174   1.809268e+00   1.790613e+00   9.995873e-01   4.219388e-09   2.707786e-03  -3.840586e-03   1.903687e+00   1.893749e+00   9.997491e-02   1.223219e-10   2.228863e-03   1.906301e+00   1.896581e+00   8.997742e-01   1.104002e-09   2.223295e-03
   175   1.847414e+00   1.828760e+00   9.996602e-01   2.693293e-09   2.511322e-03  -2.169046e-03   1.923563e+00   1.913739e+00   9.997737e-02   9.725942e-11   2.154656e-03   1.925717e+00   1.916118e+00   8.997963e-01   8.814649e-10   2.155996e-03
   176   1.885561e+00   1.866906e+00   9.997207e-01   1.724655e-09   2.339485e-03  -1.559951e-04   1.943162e+00   1.933473e+00   9.997958e-02   7.764926e-11   2.088579e-03   1.944837e+00   1.935382e+00   8.998162e-01   7.069725e-10   2.096895e-03
   177   1.923707e+00   1.905053e+00   9.997714e-01   1.108776e-09   2.193154e-03   2.392705e-03   1.962440e+00   1.952908e+00   9.998158e-02   6.227602e-11   2.031153e-03   1.963610e+00   1.954325e+00   8.998342e-01   5.699383e-10   2.046323e-03
   178   1.961854e+00   1.943199e+00   9.998140e-01   7.163594e-10   2.074301e-03   5.664190e-03   1.981370e+00   1.972008e+00   9.998338e-02   5.014937e-11   1.984839e-03   1.981994e+00   1.972899e+00   8.998504e-01   4.619047e-10   2.005528e-03
   179   2.000000e+00   1.981345e+00   9.998500e-01   4.644467e-10   1.992295e-03   8.172772e-03   2.000000e+00   1.990785e+00   9.998500e-02   4.038087e-11   1.959114e-03   2.000000e+00   1.991090e+00   8.998650e-01   3.752335e-10   1.981796e-03
