     i          log_r       log_rmid          m_tot        rho_tot         v2_tot            eta     lgr[heavy]    lgrm[heavy]       m[heavy]     rho[heavy]      v2[heavy]     lgr[light]    lgrm[light]       m[light]     rho[light]      v2[light]
     0  -4.099205e+00  -4.400235e+00   1.018626e-07   6.007645e+05   1.767859e-01            nan  -4.099205e+00  -4.400235e+00   9.998500e-08   5.952102e+05   1.752167e-01  -2.975844e+00  -3.276874e+00   8.998650e-07   2.284708e+03   3.542091e-01
     1  -4.065131e+00  -4.081834e+00   1.286783e-07   5.971675e+05   1.764655e-01            nan  -4.076781e+00  -4.087848e+00   1.166721e-07   5.929162e+05   1.752194e-01  -2.947752e+00  -2.961571e+00   1.050049e-06   1.780514e+03   3.568552e-01
     2  -4.031057e+00  -4.047760e+00   1.625642e-07   5.966538e+05   1.764358e-01            nan  -4.054360e+00  -4.065425e+00   1.361439e-07   5.926675e+05   1.752197e-01  -2.919838e+00  -2.933571e+00   1.225295e-06   1.723155e+03   3.572177e-01
     3  -3.996983e+00  -4.013686e+00   2.053819e-07   5.960750e+05   1.764071e-01            nan  -4.031940e+00  -4.043005e+00   1.588651e-07   5.923922e+05   1.752200e-01  -2.891999e+00  -2.905696e+00   1.429786e-06   1.662989e+03   3.576233e-01
     4  -3.962910e+00  -3.979612e+00   2.594803e-07   5.954236e+05   1.763794e-01            nan  -4.009521e+00  -4.020586e+00   1.853780e-07   5.920874e+05   1.752204e-01  -2.864146e+00  -2.877849e+00   1.668402e-06   1.600107e+03   3.580775e-01
     5  -3.928836e+00  -3.945539e+00   3.278213e-07   5.946809e+05   1.763525e-01            nan  -3.987102e+00  -3.998167e+00   2.163150e-07   5.917500e+05   1.752208e-01  -2.836199e+00  -2.849947e+00   1.946835e-06   1.534657e+03   3.585864e-01
     6  -3.894762e+00  -3.911465e+00   4.141446e-07   5.938401e+05   1.763267e-01            nan  -3.964681e+00  -3.975747e+00   2.524142e-07   5.913765e+05   1.752212e-01  -2.808087e+00  -2.821915e+00   2.271728e-06   1.466850e+03   3.591570e-01
     7  -3.860688e+00  -3.877391e+00   5.231568e-07   5.928721e+05   1.763018e-01            nan  -3.942257e+00  -3.953324e+00   2.945370e-07   5.909630e+05   1.752217e-01  -2.779746e+00  -2.793685e+00   2.650833e-06   1.396957e+03   3.597969e-01
     8  -3.826615e+00  -3.843317e+00   6.607981e-07   5.917724e+05   1.762780e-01            nan  -3.919829e+00  -3.930898e+00   3.436881e-07   5.905053e+05   1.752222e-01  -2.751117e+00  -2.765195e+00   3.093193e-06   1.325369e+03   3.605127e-01
     9  -3.792541e+00  -3.809244e+00   8.345322e-07   5.904968e+05   1.762553e-01            nan  -3.897396e+00  -3.908468e+00   4.010398e-07   5.899987e+05   1.752228e-01  -2.722146e+00  -2.736390e+00   3.609358e-06   1.252509e+03   3.613117e-01
    10  -3.758467e+00  -3.775170e+00   1.053767e-06   5.890450e+05   1.762336e-01            nan  -3.874957e+00  -3.886032e+00   4.679601e-07   5.894378e+05   1.752235e-01  -2.692784e+00  -2.707217e+00   4.211641e-06   1.178848e+03   3.622017e-01
    11  -3.724393e+00  -3.741096e+00   1.330303e-06   5.873518e+05   1.762132e-01            nan  -3.852511e+00  -3.863589e+00   5.460446e-07   5.888171e+05   1.752242e-01  -2.662988e+00  -2.677631e+00   4.914402e-06   1.104900e+03   3.631900e-01
    12  -3.690320e+00  -3.707022e+00   1.678983e-06   5.854240e+05   1.761940e-01            nan  -3.830057e+00  -3.841139e+00   6.371554e-07   5.881300e+05   1.752250e-01  -2.632718e+00  -2.647589e+00   5.734398e-06   1.031203e+03   3.642836e-01
    13  -3.656246e+00  -3.672949e+00   2.118384e-06   5.831675e+05   1.761761e-01            nan  -3.807593e+00  -3.818680e+00   7.434644e-07   5.873697e+05   1.752259e-01  -2.601940e+00  -2.617056e+00   6.691180e-06   9.583509e+02   3.654867e-01
    14  -3.622172e+00  -3.638875e+00   2.671802e-06   5.806001e+05   1.761597e-01            nan  -3.785119e+00  -3.796211e+00   8.675058e-07   5.865283e+05   1.752269e-01  -2.570631e+00  -2.586003e+00   7.807552e-06   8.870414e+02   3.667925e-01
    15  -3.588098e+00  -3.604801e+00   3.368314e-06   5.775899e+05   1.761449e-01            nan  -3.762632e+00  -3.773730e+00   1.012236e-06   5.855973e+05   1.752280e-01  -2.538777e+00  -2.554412e+00   9.110122e-06   8.178143e+02   3.681969e-01
    16  -3.554024e+00  -3.570727e+00   4.244224e-06   5.741701e+05   1.761317e-01            nan  -3.740131e+00  -3.751235e+00   1.181103e-06   5.845673e+05   1.752293e-01  -2.506369e+00  -2.522271e+00   1.062993e-05   7.511522e+02   3.696920e-01
    17  -3.519951e+00  -3.536653e+00   5.344669e-06   5.701616e+05   1.761205e-01            nan  -3.717614e+00  -3.728726e+00   1.378130e-06   5.834279e+05   1.752306e-01  -2.473413e+00  -2.489578e+00   1.240317e-05   6.876272e+02   3.712478e-01
    18  -3.485877e+00  -3.502580e+00   6.725714e-06   5.656170e+05   1.761112e-01            nan  -3.695080e+00  -3.706201e+00   1.608010e-06   5.821677e+05   1.752321e-01  -2.439929e+00  -2.456348e+00   1.447209e-05   6.276766e+02   3.728248e-01
    19  -3.451803e+00  -3.468506e+00   8.456600e-06   5.603041e+05   1.761045e-01            nan  -3.672526e+00  -3.683657e+00   1.876216e-06   5.807741e+05   1.752338e-01  -2.405945e+00  -2.422605e+00   1.688595e-05   5.715304e+02   3.743852e-01
    20  -3.417729e+00  -3.434432e+00   1.062292e-05   5.542952e+05   1.761002e-01            nan  -3.649951e+00  -3.661092e+00   2.189133e-06   5.792334e+05   1.752357e-01  -2.371509e+00  -2.388386e+00   1.970220e-05   5.195113e+02   3.758504e-01
    21  -3.383656e+00  -3.400358e+00   1.332908e-05   5.473087e+05   1.760991e-01            nan  -3.627351e+00  -3.638504e+00   2.554206e-06   5.775303e+05   1.752378e-01  -2.336678e+00  -2.353744e+00   2.298786e-05   4.717110e+02   3.771433e-01
    22  -3.349582e+00  -3.366285e+00   1.670398e-05   5.394282e+05   1.761011e-01            nan  -3.604725e+00  -3.615891e+00   2.980121e-06   5.756482e+05   1.752401e-01  -2.301518e+00  -2.318742e+00   2.682109e-05   4.280854e+02   3.781844e-01
    23  -3.315508e+00  -3.332211e+00   2.090098e-05   5.303488e+05   1.761072e-01            nan  -3.582068e+00  -3.593248e+00   3.477003e-06   5.735689e+05   1.752427e-01  -2.266112e+00  -2.283454e+00   3.129303e-05   3.886519e+02   3.788531e-01
    24  -3.281434e+00  -3.298137e+00   2.611152e-05   5.201355e+05   1.761174e-01            nan  -3.559378e+00  -3.570575e+00   4.056664e-06   5.712723e+05   1.752456e-01  -2.230537e+00  -2.247960e+00   3.650997e-05   3.531387e+02   3.790783e-01
    25  -3.247360e+00  -3.264063e+00   3.255170e-05   5.085299e+05   1.761329e-01            nan  -3.536650e+00  -3.547865e+00   4.732872e-06   5.687368e+05   1.752488e-01  -2.194883e+00  -2.212345e+00   4.259585e-05   3.213895e+02   3.787545e-01
    26  -3.213287e+00  -3.229990e+00   4.049856e-05   4.955088e+05   1.761541e-01            nan  -3.513882e+00  -3.525117e+00   5.521683e-06   5.659385e+05   1.752523e-01  -2.159227e+00  -2.176689e+00   4.969515e-05   2.930459e+02   3.778403e-01
    27  -3.179213e+00  -3.195916e+00   5.024921e-05   4.810066e+05   1.761819e-01            nan  -3.491067e+00  -3.502324e+00   6.441814e-06   5.628514e+05   1.752563e-01  -2.123643e+00  -2.141071e+00   5.797633e-05   2.678167e+02   3.762975e-01
    28  -3.145139e+00  -3.161842e+00   6.217640e-05   4.647679e+05   1.762181e-01            nan  -3.468201e+00  -3.479484e+00   7.515084e-06   5.594474e+05   1.752607e-01  -2.088191e+00  -2.105556e+00   6.763576e-05   2.453324e+02   3.741425e-01
    29  -3.111065e+00  -3.127768e+00   7.669773e-05   4.470555e+05   1.762628e-01            nan  -3.445279e+00  -3.456589e+00   8.766923e-06   5.556960e+05   1.752656e-01  -2.052916e+00  -2.070195e+00   7.890231e-05   2.252675e+02   3.714185e-01
    30  -3.076992e+00  -3.093694e+00   9.424425e-05   4.275139e+05   1.763190e-01            nan  -3.422293e+00  -3.433634e+00   1.022697e-05   5.515641e+05   1.752711e-01  -2.017849e+00  -2.035029e+00   9.204273e-05   2.072905e+02   3.681990e-01
    31  -3.042918e+00  -3.059621e+00   1.153737e-04   4.063903e+05   1.763878e-01            nan  -3.399237e+00  -3.410612e+00   1.192976e-05   5.470162e+05   1.752773e-01  -1.983004e+00  -2.000077e+00   1.073678e-04   1.911066e+02   3.645874e-01
    32  -3.008844e+00  -3.025547e+00   1.406411e-04   3.839109e+05   1.764707e-01            nan  -3.376103e+00  -3.387516e+00   1.391553e-05   5.420139e+05   1.752841e-01  -1.948382e+00  -1.965348e+00   1.252398e-04   1.764590e+02   3.606758e-01
    33  -2.974770e+00  -2.991473e+00   1.705436e-04   3.598949e+05   1.765725e-01            nan  -3.352882e+00  -3.364337e+00   1.623115e-05   5.365165e+05   1.752918e-01  -1.913970e+00  -1.930835e+00   1.460803e-04   1.631145e+02   3.565848e-01
    34  -2.940697e+00  -2.957399e+00   2.057708e-04   3.347265e+05   1.766941e-01   5.110773e-01  -3.329564e+00  -3.341067e+00   1.893121e-05   5.304803e+05   1.753004e-01  -1.879750e+00  -1.896523e+00   1.703808e-04   1.508997e+02   3.523813e-01
    35  -2.906623e+00  -2.923326e+00   2.469348e-04   3.088097e+05   1.768283e-01   5.116184e-01  -3.306139e+00  -3.317694e+00   2.207926e-05   5.238593e+05   1.753101e-01  -1.845694e+00  -1.862388e+00   1.987134e-04   1.396487e+02   3.481629e-01
    36  -2.872549e+00  -2.889252e+00   2.946156e-04   2.824708e+05   1.769857e-01   5.122251e-01  -3.282593e+00  -3.294206e+00   2.574932e-05   5.166050e+05   1.753209e-01  -1.811774e+00  -1.828402e+00   2.317439e-04   1.292564e+02   3.439506e-01
    37  -2.838475e+00  -2.855178e+00   3.492530e-04   2.560593e+05   1.771706e-01   5.128991e-01  -3.258912e+00  -3.270591e+00   3.002750e-05   5.086667e+05   1.753331e-01  -1.777958e+00  -1.794537e+00   2.702475e-04   1.196150e+02   3.397979e-01
    38  -2.804401e+00  -2.821104e+00   4.112008e-04   2.297864e+05   1.773911e-01   5.136354e-01  -3.235083e+00  -3.246834e+00   3.501400e-05   4.999922e+05   1.753468e-01  -1.744221e+00  -1.760762e+00   3.151260e-04   1.106621e+02   3.356873e-01
    39  -2.770328e+00  -2.787031e+00   4.809225e-04   2.042509e+05   1.776500e-01   5.144603e-01  -3.211086e+00  -3.222919e+00   4.082538e-05   4.905279e+05   1.753623e-01  -1.710535e+00  -1.727051e+00   3.674284e-04   1.023310e+02   3.316287e-01
    40  -2.736254e+00  -2.752957e+00   5.586588e-04   1.798512e+05   1.779540e-01   5.153439e-01  -3.186902e+00  -3.198826e+00   4.759714e-05   4.802199e+05   1.753798e-01  -1.676878e+00  -1.693380e+00   4.283742e-04   9.457891e+01   3.275911e-01
    41  -2.702180e+00  -2.718883e+00   6.445547e-04   1.569095e+05   1.783102e-01   5.162751e-01  -3.162509e+00  -3.174535e+00   5.548679e-05   4.690148e+05   1.753996e-01  -1.643231e+00  -1.659729e+00   4.993811e-04   8.736347e+01   3.235546e-01
    42  -2.668106e+00  -2.684809e+00   7.386908e-04   1.356860e+05   1.787259e-01   5.172395e-01  -3.137883e+00  -3.150022e+00   6.467734e-05   4.568610e+05   1.754221e-01  -1.609579e+00  -1.626079e+00   5.820960e-04   8.064711e+01   3.195020e-01
    43  -2.634033e+00  -2.650735e+00   8.404139e-04   1.163243e+05   1.792115e-01   5.182113e-01  -3.112994e+00  -3.125260e+00   7.538125e-05   4.437102e+05   1.754477e-01  -1.575908e+00  -1.592417e+00   6.784313e-04   7.439968e+01   3.153994e-01
    44  -2.599959e+00  -2.616662e+00   9.495135e-04   9.884674e+04   1.797856e-01   5.191283e-01  -3.087810e+00  -3.100220e+00   8.784517e-05   4.295193e+05   1.754770e-01  -1.542206e+00  -1.558730e+00   7.906065e-04   6.858321e+01   3.112636e-01
    45  -2.565885e+00  -2.582588e+00   1.066205e-03   8.340483e+04   1.804505e-01   5.199659e-01  -3.062296e+00  -3.074866e+00   1.023551e-04   4.142527e+05   1.755105e-01  -1.508463e+00  -1.525007e+00   9.211963e-04   6.317286e+01   3.070631e-01
    46  -2.531811e+00  -2.548514e+00   1.190665e-03   6.995804e+04   1.812117e-01   5.206688e-01  -3.036409e+00  -3.049160e+00   1.192428e-04   3.978851e+05   1.755489e-01  -1.474666e+00  -1.491236e+00   1.073185e-03   5.813279e+01   3.028419e-01
    47  -2.497738e+00  -2.514440e+00   1.323060e-03   5.839362e+04   1.820697e-01   5.212053e-01  -3.010103e+00  -3.023057e+00   1.388921e-04   3.804043e+05   1.755933e-01  -1.440803e+00  -1.457404e+00   1.250029e-03   5.343961e+01   2.985920e-01
    48  -2.463664e+00  -2.480367e+00   1.459241e-03   4.847159e+04   1.830629e-01   5.213701e-01  -2.983323e+00  -2.996507e+00   1.617478e-04   3.618152e+05   1.756447e-01  -1.406861e+00  -1.423500e+00   1.455730e-03   4.906668e+01   2.943410e-01
    49  -2.429590e+00  -2.446293e+00   1.603530e-03   4.009210e+04   1.841878e-01   5.210993e-01  -2.956007e+00  -2.969450e+00   1.883238e-04   3.421437e+05   1.757046e-01  -1.372827e+00  -1.389511e+00   1.694914e-03   4.499186e+01   2.901094e-01
    50  -2.395516e+00  -2.412219e+00   1.755466e-03   3.310032e+04   1.854089e-01   5.204448e-01  -2.928084e+00  -2.941821e+00   2.192140e-04   3.214409e+05   1.757746e-01  -1.338689e+00  -1.355423e+00   1.972926e-03   4.119833e+01   2.858870e-01
    51  -2.361442e+00  -2.378145e+00   1.910661e-03   2.726033e+04   1.867882e-01   5.190495e-01  -2.899471e+00  -2.913542e+00   2.551039e-04   2.997876e+05   1.758569e-01  -1.304434e+00  -1.321224e+00   2.295935e-03   3.766617e+01   2.817146e-01
    52  -2.327369e+00  -2.344072e+00   2.076083e-03   2.244645e+04   1.882625e-01   5.170329e-01  -2.870072e+00  -2.884523e+00   2.967831e-04   2.772989e+05   1.759545e-01  -1.270055e+00  -1.286904e+00   2.671048e-03   3.438411e+01   2.775614e-01
    53  -2.293295e+00  -2.309998e+00   2.244745e-03   1.847952e+04   1.898371e-01   5.142490e-01  -2.839778e+00  -2.854661e+00   3.451610e-04   2.541283e+05   1.760707e-01  -1.235543e+00  -1.252456e+00   3.106449e-03   3.133815e+01   2.734313e-01
    54  -2.259221e+00  -2.275924e+00   2.423682e-03   1.523759e+04   1.914744e-01   5.106650e-01  -2.808459e+00  -2.823836e+00   4.012824e-04   2.304710e+05   1.762104e-01  -1.200894e+00  -1.217873e+00   3.611542e-03   2.851620e+01   2.693180e-01
    55  -2.225147e+00  -2.241850e+00   2.608420e-03   1.257497e+04   1.931649e-01   5.062238e-01  -2.775966e+00  -2.791909e+00   4.663463e-04   2.065656e+05   1.763796e-01  -1.166109e+00  -1.183153e+00   4.197117e-03   2.590757e+01   2.651912e-01
    56  -2.191074e+00  -2.207776e+00   2.803931e-03   1.041868e+04   1.947840e-01   5.012033e-01  -2.742123e+00  -2.758715e+00   5.417261e-04   1.826936e+05   1.765863e-01  -1.131185e+00  -1.148296e+00   4.875535e-03   2.349864e+01   2.610756e-01
    57  -2.157000e+00  -2.173703e+00   3.007610e-03   8.642795e+03   1.964181e-01   4.952429e-01  -2.706728e+00  -2.724065e+00   6.289911e-04   1.591757e+05   1.768412e-01  -1.096124e+00  -1.113300e+00   5.660920e-03   2.127871e+01   2.569507e-01
    58  -2.122926e+00  -2.139629e+00   3.224174e-03   7.211487e+03   1.977701e-01   4.893104e-01  -2.669544e+00  -2.687738e+00   7.299314e-04   1.363640e+05   1.771588e-01  -1.060929e+00  -1.078170e+00   6.569382e-03   1.923638e+01   2.528070e-01
    59  -2.088852e+00  -2.105555e+00   3.451822e-03   6.027250e+03   1.990833e-01   4.825366e-01  -2.630296e+00  -2.649477e+00   8.465830e-04   1.146290e+05   1.775582e-01  -1.025602e+00  -1.042906e+00   7.619247e-03   1.735926e+01   2.486721e-01
    60  -2.054779e+00  -2.071481e+00   3.695319e-03   5.069782e+03   1.999220e-01   4.764734e-01  -2.588674e+00  -2.608987e+00   9.812558e-04   9.434096e+04   1.780654e-01  -9.901465e-01  -1.007512e+00   8.831303e-03   1.563727e+01   2.445285e-01
    61  -2.020705e+00  -2.037408e+00   3.954256e-03   4.274418e+03   2.006270e-01   4.700222e-01  -2.544329e+00  -2.565936e+00   1.136562e-03   7.584580e+04   1.787149e-01  -9.545664e-01  -9.719922e-01   1.022906e-02   1.405999e+01   2.403764e-01
    62  -1.986631e+00  -2.003334e+00   4.232309e-03   3.623999e+03   2.007872e-01   4.648344e-01  -2.496885e+00  -2.519959e+00   1.315444e-03   5.943588e+04   1.795514e-01  -9.188645e-01  -9.363487e-01   1.183900e-02   1.261683e+01   2.362369e-01
    63  -1.952557e+00  -1.969260e+00   4.531887e-03   3.081294e+03   2.007083e-01   4.599294e-01  -2.445963e+00  -2.470678e+00   1.521208e-03   4.531959e+04   1.806298e-01  -8.830453e-01  -9.005858e-01   1.369088e-02   1.129893e+01   2.320947e-01
    64  -1.918483e+00  -1.935186e+00   4.854351e-03   2.630333e+03   2.001537e-01   4.564242e-01  -2.391228e+00  -2.417734e+00   1.757548e-03   3.359340e+04   1.820103e-01  -8.471139e-01  -8.647081e-01   1.581793e-02   1.009748e+01   2.279468e-01
    65  -1.884410e+00  -1.901113e+00   5.205415e-03   2.251180e+03   1.993304e-01   4.536943e-01  -2.332463e+00  -2.360852e+00   2.028572e-03   2.422341e+04   1.837412e-01  -8.110741e-01  -8.287202e-01   1.825715e-02   9.003552e+00   2.238125e-01
    66  -1.850336e+00  -1.867039e+00   5.584273e-03   1.931003e+03   1.981828e-01   4.522051e-01  -2.269688e+00  -2.299942e+00   2.338830e-03   1.704309e+04   1.858196e-01  -7.749314e-01  -7.926268e-01   2.104947e-02   8.009582e+00   2.196786e-01
    67  -1.816262e+00  -1.832965e+00   5.998582e-03   1.658993e+03   1.968540e-01   4.515017e-01  -2.203287e+00  -2.235219e+00   2.693323e-03   1.177271e+04   1.881203e-01  -7.386928e-01  -7.564342e-01   2.423991e-02   7.108308e+00   2.155330e-01
    68  -1.782188e+00  -1.798891e+00   6.447034e-03   1.426120e+03   1.953783e-01   4.516449e-01  -2.134101e+00  -2.167317e+00   3.097518e-03   8.059588e+03   1.903121e-01  -7.023644e-01  -7.201489e-01   2.787766e-02   6.292432e+00   2.113947e-01
    69  -1.748115e+00  -1.764817e+00   6.936901e-03   1.226578e+03   1.938624e-01   4.522047e-01  -2.063389e+00  -2.097307e+00   3.557342e-03   5.531072e+03   1.918355e-01  -6.659538e-01  -6.837777e-01   3.201608e-02   5.555513e+00   2.072539e-01
    70  -1.714041e+00  -1.730744e+00   7.468251e-03   1.053925e+03   1.923743e-01   4.530217e-01  -1.992590e+00  -2.026548e+00   4.079169e-03   3.845334e+03   1.920589e-01  -6.294702e-01  -6.473290e-01   3.671252e-02   4.891511e+00   2.030993e-01
    71  -1.679967e+00  -1.696670e+00   8.046532e-03   9.056459e+02   1.909437e-01   4.538536e-01  -1.922961e+00  -1.956382e+00   4.669785e-03   2.725499e+03   1.906048e-01  -5.929242e-01  -6.108129e-01   4.202806e-02   4.294677e+00   1.989285e-01
    72  -1.645893e+00  -1.662596e+00   8.673700e-03   7.764411e+02   1.896850e-01   4.543052e-01  -1.855288e+00  -1.887808e+00   5.336336e-03   1.970737e+03   1.875886e-01  -5.563266e-01  -5.742400e-01   4.802703e-02   3.759484e+00   1.947474e-01
    73  -1.611820e+00  -1.628522e+00   9.354162e-03   6.656158e+02   1.885226e-01   4.545137e-01  -1.789828e+00  -1.821326e+00   6.086254e-03   1.448120e+03   1.835323e-01  -5.196905e-01  -5.376224e-01   5.477629e-02   3.280945e+00   1.905448e-01
    74  -1.577746e+00  -1.594449e+00   1.009021e-02   5.693702e+02   1.875607e-01   4.540636e-01  -1.726442e+00  -1.756980e+00   6.927149e-03   1.075162e+03   1.790654e-01  -4.830314e-01  -5.009743e-01   6.234434e-02   2.854364e+00   1.863097e-01
    75  -1.543672e+00  -1.560375e+00   1.088798e-02   4.868038e+02   1.867091e-01   4.532648e-01  -1.664787e+00  -1.694521e+00   7.866679e-03   8.022136e+02   1.746763e-01  -4.463667e-01  -4.643122e-01   7.080011e-02   2.475291e+00   1.820389e-01
    76  -1.509598e+00  -1.526301e+00   1.174766e-02   4.157731e+02   1.859900e-01   4.519666e-01  -1.604476e+00  -1.633585e+00   8.912390e-03   5.991835e+02   1.706196e-01  -4.097151e-01  -4.276543e-01   8.021151e-02   2.139482e+00   1.777345e-01
    77  -1.475524e+00  -1.492227e+00   1.267795e-02   3.547892e+02   1.853669e-01   4.504440e-01  -1.545181e+00  -1.573817e+00   1.007152e-02   4.470424e+02   1.669384e-01  -3.730980e-01  -3.910207e-01   9.064369e-02   1.843054e+00   1.733865e-01
    78  -1.441451e+00  -1.458154e+00   1.368142e-02   3.027697e+02   1.848115e-01   4.487043e-01  -1.486670e+00  -1.514941e+00   1.135078e-02   3.329179e+02   1.635379e-01  -3.365397e-01  -3.544343e-01   1.021570e-01   1.582356e+00   1.689854e-01
    79  -1.407377e+00  -1.424080e+00   1.476330e-02   2.580684e+02   1.843127e-01   4.470521e-01  -1.428815e+00  -1.456780e+00   1.275612e-02   2.474912e+02   1.602730e-01  -3.000672e-01  -3.179207e-01   1.148050e-01   1.353951e+00   1.645271e-01
    80  -1.373303e+00  -1.390006e+00   1.593416e-02   2.200456e+02   1.838558e-01   4.454264e-01  -1.371553e+00  -1.399241e+00   1.429243e-02   1.837074e+02   1.570236e-01  -2.637088e-01  -2.815077e-01   1.286319e-01   1.154583e+00   1.600159e-01
    81  -1.339229e+00  -1.355932e+00   1.719052e-02   1.875355e+02   1.834355e-01   4.439562e-01  -1.314855e+00  -1.342280e+00   1.596333e-02   1.361464e+02   1.537468e-01  -2.274956e-01  -2.452249e-01   1.436700e-01   9.812646e-01   1.554459e-01
    82  -1.305156e+00  -1.321858e+00   1.855039e-02   1.597882e+02   1.830721e-01   4.426366e-01  -1.258685e+00  -1.285863e+00   1.777087e-02   1.006835e+02   1.504839e-01  -1.914613e-01  -2.091049e-01   1.599378e-01   8.312127e-01   1.508124e-01
    83  -1.271082e+00  -1.287785e+00   2.001411e-02   1.361884e+02   1.827518e-01   4.413466e-01  -1.202996e+00  -1.229949e+00   1.971527e-02   7.424148e+01   1.473153e-01  -1.556413e-01  -1.731821e-01   1.774374e-01   7.018318e-01   1.461193e-01
    84  -1.237008e+00  -1.253711e+00   2.159043e-02   1.159480e+02   1.825329e-01   4.400055e-01  -1.147741e+00  -1.174491e+00   2.179475e-02   5.455595e+01   1.442984e-01  -1.200716e-01  -1.374924e-01   1.961527e-01   5.907174e-01   1.413745e-01
    85  -1.202934e+00  -1.219637e+00   2.329713e-02   9.876180e+01   1.823709e-01   4.385345e-01  -1.092901e+00  -1.119456e+00   2.400535e-02   3.995450e+01   1.414316e-01  -8.479003e-02  -1.020726e-01   2.160481e-01   4.956856e-01   1.365794e-01
    86  -1.168861e+00  -1.185563e+00   2.512275e-02   8.409798e+01   1.822903e-01   4.367817e-01  -1.038495e+00  -1.064847e+00   2.634082e-02   2.917770e+01   1.386622e-01  -4.983489e-02  -6.696088e-02   2.370673e-01   4.147370e-01   1.317399e-01
    87  -1.134787e+00  -1.151490e+00   2.709861e-02   7.160633e+01   1.822826e-01   4.347897e-01  -9.845725e-01  -1.010697e+00   2.879262e-02   2.126148e+01   1.359326e-01  -1.524313e-02  -3.219470e-02   2.591336e-01   3.460380e-01   1.268749e-01
    88  -1.100713e+00  -1.117416e+00   2.922858e-02   6.101648e+01   1.822926e-01   4.325777e-01  -9.311927e-01  -9.570630e-01   3.134998e-02   1.546642e+01   1.332101e-01   1.894841e-02   2.189036e-03   2.821498e-01   2.879611e-01   1.219923e-01
    89  -1.066639e+00  -1.083342e+00   3.151827e-02   5.197964e+01   1.823460e-01   4.301262e-01  -8.784047e-01  -9.039971e-01   3.400006e-02   1.123312e+01   1.304935e-01   5.270442e-02   3.615430e-02   3.060005e-01   2.390406e-01   1.171068e-01
    90  -1.032565e+00  -1.049268e+00   3.399967e-02   4.432206e+01   1.823748e-01   4.276071e-01  -8.262385e-01  -8.515388e-01   3.672816e-02   8.144668e+00   1.277954e-01   8.599257e-02   6.966735e-02   3.305535e-01   1.979686e-01   1.122393e-01
    91  -9.984917e-01  -1.015195e+00   3.666840e-02   3.782366e+01   1.823660e-01   4.249954e-01  -7.747038e-01  -7.997072e-01   3.951809e-02   5.893865e+00   1.251316e-01   1.187824e-01   1.026968e-01   3.556628e-01   1.636028e-01   1.074020e-01
    92  -9.644179e-01  -9.811207e-01   3.955399e-02   3.228891e+01   1.823131e-01   4.224249e-01  -7.237897e-01  -7.485011e-01   4.235249e-02   4.255114e+00   1.225131e-01   1.510478e-01   1.352147e-01   3.811724e-01   1.349290e-01   1.026195e-01
    93  -9.303442e-01  -9.470470e-01   4.268636e-02   2.759415e+01   1.821838e-01   4.198319e-01  -6.734685e-01  -6.979007e-01   4.521329e-02   3.063541e+00   1.199503e-01   1.827660e-01   1.671964e-01   4.069196e-01   1.110754e-01   9.790620e-02
    94  -8.962704e-01  -9.129732e-01   4.605459e-02   2.359657e+01   1.819777e-01   4.172738e-01  -6.236937e-01  -6.478684e-01   4.808216e-02   2.198327e+00   1.174485e-01   2.139184e-01   1.986214e-01   4.327394e-01   9.128143e-02   9.328236e-02
    95  -8.621966e-01  -8.788994e-01   4.971278e-02   2.018823e+01   1.816869e-01   4.147154e-01  -5.744024e-01  -5.983491e-01   5.094094e-02   1.571243e+00   1.150124e-01   2.444905e-01   2.294734e-01   4.584685e-01   7.489660e-02   8.876373e-02
    96  -8.281229e-01  -8.448257e-01   5.368553e-02   1.728815e+01   1.812854e-01   4.121041e-01  -5.255162e-01  -5.492718e-01   5.377208e-02   1.117831e+00   1.126449e-01   2.744723e-01   2.597401e-01   4.839488e-01   6.136352e-02   8.436594e-02
    97  -7.940491e-01  -8.107519e-01   5.796983e-02   1.480861e+01   1.807889e-01   4.094896e-01  -4.769384e-01  -5.005485e-01   5.655903e-02   7.908983e-01   1.103480e-01   3.038581e-01   2.894137e-01   5.090312e-01   5.020846e-02   8.010270e-02
    98  -7.599753e-01  -7.766781e-01   6.262982e-02   1.268973e+01   1.801753e-01   4.067789e-01  -4.285558e-01  -4.520737e-01   5.928652e-02   5.560083e-01   1.081248e-01   3.326459e-01   3.184905e-01   5.335787e-01   4.103088e-02   7.598479e-02
    99  -7.259016e-01  -7.426044e-01   6.769414e-02   1.088083e+01   1.794196e-01   4.039332e-01  -3.802390e-01  -4.037258e-01   6.194091e-02   3.879974e-01   1.059772e-01   3.608381e-01   3.469707e-01   5.574682e-01   3.349277e-02   7.202206e-02
   100  -6.918278e-01  -7.085306e-01   7.316477e-02   9.329441e+00   1.785458e-01   4.009892e-01  -3.318368e-01  -3.553639e-01   6.451030e-02   2.684370e-01   1.039088e-01   3.884402e-01   3.748584e-01   5.805927e-01   2.731116e-02   6.822047e-02
   101  -6.577540e-01  -6.744568e-01   7.911637e-02   7.999917e+00   1.775302e-01   3.978701e-01  -2.831773e-01  -3.068259e-01   6.698469e-02   1.838918e-01   1.019268e-01   4.154613e-01   4.021609e-01   6.028622e-01   2.224880e-02   6.458564e-02
   102  -6.236802e-01  -6.403831e-01   8.559041e-02   6.861439e+00   1.763465e-01   3.945170e-01  -2.340715e-01  -2.579307e-01   6.935597e-02   1.245744e-01   1.000366e-01   4.419134e-01   4.288887e-01   6.242038e-01   1.810867e-02   6.111904e-02
   103  -5.896065e-01  -6.063093e-01   9.258097e-02   5.883260e+00   1.750102e-01   3.909133e-01  -1.843047e-01  -2.084756e-01   7.161799e-02   8.332347e-02   9.824893e-02   4.678110e-01   4.550552e-01   6.445619e-01   1.472642e-02   5.782257e-02
   104  -5.555327e-01  -5.722355e-01   1.001797e-01   5.042454e+00   1.735176e-01   3.870291e-01  -1.336455e-01  -1.582368e-01   7.376638e-02   5.494789e-02   9.657731e-02   4.931706e-01   4.806759e-01   6.638974e-01   1.196656e-02   5.469385e-02
   105  -5.214589e-01  -5.381617e-01   1.084292e-01   4.320565e+00   1.718396e-01   3.827947e-01  -8.185842e-02  -1.069805e-01   7.579851e-02   3.568261e-02   9.502856e-02   5.180113e-01   5.057685e-01   6.821866e-01   9.716490e-03   5.173187e-02
   106  -4.873852e-01  -5.040880e-01   1.173412e-01   3.699371e+00   1.699706e-01   3.781195e-01  -2.871224e-02  -5.447288e-02   7.771330e-02   2.279572e-02   9.361038e-02   5.423529e-01   5.303526e-01   6.994197e-01   7.883900e-03   4.893159e-02
   107  -4.533114e-01  -4.700142e-01   1.269898e-01   3.164222e+00   1.679314e-01   3.729429e-01   2.595288e-02  -5.201531e-04   7.951106e-02   1.433406e-02   9.229062e-02   5.662172e-01   5.544489e-01   7.155996e-01   6.392394e-03   4.628952e-02
   108  -4.192376e-01  -4.359404e-01   1.374417e-01   2.704271e+00   1.656982e-01   3.672438e-01   8.217641e-02   5.497384e-02   8.119333e-02   8.888737e-03   9.100047e-02   5.896267e-01   5.780797e-01   7.307399e-01   5.179517e-03   4.379941e-02
   109  -3.851639e-01  -4.018667e-01   1.487293e-01   2.308799e+00   1.632689e-01   3.609546e-01   1.397596e-01   1.119217e-01   8.276263e-02   5.462998e-03   8.957390e-02   6.126048e-01   6.012677e-01   7.448636e-01   4.193884e-03   4.145561e-02
   110  -3.510901e-01  -3.677929e-01   1.608849e-01   1.968061e+00   1.606617e-01   3.539080e-01   1.981471e-01   1.699339e-01   8.422234e-02   3.356859e-03   8.772498e-02   6.351753e-01   6.240367e-01   7.580011e-01   3.393473e-03   3.925162e-02
   111  -3.170163e-01  -3.337191e-01   1.739977e-01   1.675192e+00   1.578562e-01   3.460435e-01   2.564214e-01   2.282610e-01   8.557652e-02   2.085460e-03   8.511036e-02   6.573623e-01   6.464105e-01   7.701887e-01   2.743928e-03   3.718036e-02
   112  -2.829426e-01  -2.996454e-01   1.881176e-01   1.423593e+00   1.548544e-01   3.373135e-01   3.134639e-01   2.858785e-01   8.682971e-02   1.324247e-03   8.148578e-02   6.791902e-01   6.684134e-01   7.814674e-01   2.217125e-03   3.523545e-02
   113  -2.488688e-01  -2.655716e-01   2.032268e-01   1.207368e+00   1.516695e-01   3.275532e-01   3.682624e-01   3.417269e-01   8.798682e-02   8.653901e-04   7.688274e-02   7.006834e-01   6.900698e-01   7.918814e-01   1.790167e-03   3.340953e-02
   114  -2.147950e-01  -2.314978e-01   2.194292e-01   1.021766e+00   1.483000e-01   3.165986e-01   4.201616e-01   3.949868e-01   8.905301e-02   5.827708e-04   7.160983e-02   7.218659e-01   7.114038e-01   8.014771e-01   1.444348e-03   3.169588e-02
   115  -1.807212e-01  -1.974240e-01   2.367633e-01   8.627495e-01   1.447412e-01   3.044289e-01   4.689106e-01   4.452197e-01   9.003354e-02   4.032948e-04   6.607788e-02   7.427615e-01   7.324394e-01   8.103019e-01   1.164434e-03   3.008777e-02
   116  -1.466475e-01  -1.633503e-01   2.552027e-01   7.266134e-01   1.410056e-01   2.908755e-01   5.145616e-01   4.923356e-01   9.093373e-02   2.855363e-04   6.063196e-02   7.633937e-01   7.532001e-01   8.184036e-01   9.380260e-04   2.857838e-02
   117  -1.125737e-01  -1.292765e-01   2.748081e-01   6.102208e-01   1.371043e-01   2.756980e-01   5.573315e-01   5.364728e-01   9.175884e-02   2.059382e-04   5.548960e-02   7.837852e-01   7.737091e-01   8.258295e-01   7.550211e-04   2.716148e-02
   118  -7.849994e-02  -9.520274e-02   2.956060e-01   5.109621e-01   1.330350e-01   2.589945e-01   5.975027e-01   5.778814e-01   9.251402e-02   1.507573e-04   5.075269e-02   8.039584e-01   7.939889e-01   8.326262e-01   6.072100e-04   2.583089e-02
   119  -4.442617e-02  -6.112897e-02   3.175316e-01   4.264555e-01   1.288107e-01   2.405478e-01   6.353680e-01   6.168479e-01   9.320429e-02   1.116903e-04   4.645169e-02   8.239345e-01   8.140613e-01   8.388386e-01   4.879182e-04   2.458060e-02
   120  -1.035240e-02  -2.705520e-02   3.406195e-01   3.546723e-01   1.244474e-01   2.203068e-01   6.712053e-01   6.536562e-01   9.383445e-02   8.354754e-05   4.257809e-02   8.437344e-01   8.339473e-01   8.445100e-01   3.917187e-04   2.340513e-02
   121   2.372137e-02   7.018569e-03   3.648428e-01   2.938705e-01   1.199520e-01   1.984546e-01   7.052594e-01   6.885660e-01   9.440910e-02   6.299767e-05   3.910130e-02   8.633779e-01   8.536672e-01   8.496819e-01   3.142063e-04   2.229917e-02
   122   5.779514e-02   4.109234e-02   3.900932e-01   2.425091e-01   1.153416e-01   1.748870e-01   7.377475e-01   7.218072e-01   9.493262e-02   4.781510e-05   3.598435e-02   8.828838e-01   8.732404e-01   8.543935e-01   2.518055e-04   2.125767e-02
   123   9.186891e-02   7.516611e-02   4.163746e-01   1.992629e-01   1.106336e-01   1.500667e-01   7.688586e-01   7.535815e-01   9.540910e-02   3.648975e-05   3.318977e-02   9.022702e-01   8.926852e-01   8.586819e-01   2.016147e-04   2.027595e-02
   124   1.259427e-01   1.092399e-01   4.435556e-01   1.629706e-01   1.058465e-01   1.237867e-01   7.987560e-01   7.840645e-01   9.584241e-02   2.797450e-05   3.068024e-02   9.215539e-01   9.120191e-01   8.625817e-01   1.612811e-04   1.934969e-02
   125   1.600164e-01   1.433136e-01   4.715490e-01   1.326403e-01   1.009987e-01   9.762969e-02   8.275826e-01   8.134084e-01   9.623618e-02   2.152794e-05   2.842343e-02   9.407511e-01   9.312586e-01   8.661256e-01   1.288992e-04   1.847478e-02
   126   1.940902e-01   1.773874e-01   5.002423e-01   1.073848e-01   9.611752e-02   7.067813e-02   8.554624e-01   8.417462e-01   9.659376e-02   1.661984e-05   2.638905e-02   9.598767e-01   9.504192e-01   8.693438e-01   1.029260e-04   1.764743e-02
   127   2.281640e-01   2.114612e-01   5.294608e-01   8.645876e-02   9.122184e-02   4.494205e-02   8.825037e-01   8.691935e-01   9.691827e-02   1.286498e-05   2.455108e-02   9.789446e-01   9.695153e-01   8.722644e-01   8.211264e-05   1.686416e-02
   128   2.622378e-01   2.455350e-01   5.590879e-01   6.920013e-02   8.633916e-02   2.027806e-02   9.088026e-01   8.958522e-01   9.721261e-02   9.980251e-06   2.288663e-02   9.979680e-01   9.885605e-01   8.749135e-01   6.544999e-05   1.612180e-02
   129   2.963115e-01   2.796087e-01   5.889193e-01   5.504114e-02   8.149676e-02  -3.405253e-03   9.344426e-01   9.218118e-01   9.747945e-02   7.756741e-06   2.137513e-02   1.016959e+00   1.007567e+00   8.773151e-01   5.212302e-05   1.541736e-02
   130   3.303853e-01   3.136825e-01   6.187944e-01   4.349502e-02   7.671263e-02  -2.324188e-02   9.594983e-01   9.471511e-01   9.772124e-02   6.037684e-06   1.999927e-02   1.035928e+00   1.026547e+00   8.794912e-01   4.147402e-05   1.474815e-02
   131   3.644591e-01   3.477563e-01   6.483545e-01   3.412834e-02   7.201772e-02  -4.241029e-02   9.840358e-01   9.719403e-01   9.794025e-02   4.705346e-06   1.874354e-02   1.054886e+00   1.045511e+00   8.814623e-01   3.297282e-05   1.411172e-02
   132   3.985328e-01   3.818300e-01   6.774198e-01   2.656081e-02   6.740890e-02  -5.772214e-02   1.008113e+00   9.962414e-01   9.813854e-02   3.670735e-06   1.759432e-02   1.073843e+00   1.064468e+00   8.832469e-01   2.619248e-05   1.350582e-02
   133   4.326066e-01   4.159038e-01   7.059125e-01   2.051370e-02   6.293706e-02  -7.078511e-02   1.031784e+00   1.020110e+00   9.831802e-02   2.865908e-06   1.653999e-02   1.092806e+00   1.083428e+00   8.848622e-01   2.078955e-05   1.292842e-02
   134   4.666804e-01   4.499776e-01   7.336479e-01   1.571872e-02   5.862293e-02  -8.224107e-02   1.055093e+00   1.043595e+00   9.848042e-02   2.238946e-06   1.557024e-02   1.111783e+00   1.102398e+00   8.863237e-01   1.648806e-05   1.237766e-02
   135   5.007541e-01   4.840513e-01   7.600888e-01   1.193933e-02   5.447049e-02  -9.066186e-02   1.078083e+00   1.066740e+00   9.862732e-02   1.749991e-06   1.467596e-02   1.130782e+00   1.121386e+00   8.876458e-01   1.306647e-05   1.185185e-02
   136   5.348279e-01   5.181251e-01   7.853700e-01   8.983462e-03   5.049573e-02  -9.733504e-02   1.100792e+00   1.089586e+00   9.876016e-02   1.368330e-06   1.384924e-02   1.149809e+00   1.140400e+00   8.888415e-01   1.034711e-05   1.134947e-02
   137   5.689017e-01   5.521989e-01   8.092954e-01   6.701741e-03   4.672417e-02  -1.025821e-01   1.123252e+00   1.112167e+00   9.888027e-02   1.070194e-06   1.308322e-02   1.168869e+00   1.159443e+00   8.899225e-01   8.187668e-06   1.086911e-02
   138   6.029755e-01   5.862726e-01   8.315254e-01   4.948600e-03   4.315179e-02  -1.065482e-01   1.145493e+00   1.134515e+00   9.898885e-02   8.371676e-07   1.237180e-02   1.187967e+00   1.178523e+00   8.908996e-01   6.474248e-06   1.040951e-02
   139   6.370492e-01   6.203464e-01   8.522567e-01   3.620619e-03   3.979480e-02  -1.091327e-01   1.167542e+00   1.156658e+00   9.908698e-02   6.549524e-07   1.170963e-02   1.207109e+00   1.197643e+00   8.917828e-01   5.115811e-06   9.969528e-03
   140   6.711230e-01   6.544202e-01   8.711128e-01   2.622075e-03   3.665145e-02  -1.105492e-01   1.189424e+00   1.178621e+00   9.917565e-02   5.124225e-07   1.109199e-02   1.226297e+00   1.216809e+00   8.925808e-01   4.039650e-06   9.548104e-03
   141   7.051968e-01   6.884940e-01   8.883243e-01   1.881283e-03   3.372573e-02  -1.108123e-01   1.211159e+00   1.200427e+00   9.925576e-02   4.009104e-07   1.051474e-02   1.245536e+00   1.236023e+00   8.933019e-01   3.187754e-06   9.144278e-03
   142   7.392705e-01   7.225677e-01   9.037767e-01   1.335814e-03   3.101277e-02  -1.100744e-01   1.232767e+00   1.222097e+00   9.932813e-02   3.136527e-07   9.974240e-03   1.264828e+00   1.255289e+00   8.939532e-01   2.513887e-06   8.757168e-03
   143   7.733443e-01   7.566415e-01   9.174929e-01   9.400091e-04   2.850918e-02  -1.083692e-01   1.254265e+00   1.243649e+00   9.939350e-02   2.453681e-07   9.467273e-03   1.284176e+00   1.274610e+00   8.945415e-01   1.981228e-06   8.385967e-03
   144   8.074181e-01   7.907153e-01   9.296594e-01   6.553075e-04   2.620661e-02  -1.057659e-01   1.275668e+00   1.265098e+00   9.945254e-02   1.919295e-07   8.990981e-03   1.303583e+00   1.293988e+00   8.950729e-01   1.560481e-06   8.029931e-03
   145   8.414918e-01   8.247890e-01   9.402802e-01   4.528114e-04   2.409569e-02  -1.023346e-01   1.296991e+00   1.286461e+00   9.950586e-02   1.501102e-07   8.542832e-03   1.323049e+00   1.313425e+00   8.955527e-01   1.228361e-06   7.688374e-03
   146   8.755656e-01   8.588628e-01   9.494577e-01   3.104400e-04   2.216430e-02  -9.815742e-02   1.318246e+00   1.307749e+00   9.955400e-02   1.173857e-07   8.120576e-03   1.342577e+00   1.332923e+00   8.959860e-01   9.663728e-07   7.360661e-03
   147   9.096394e-01   8.929366e-01   9.573914e-01   2.112916e-04   2.039958e-02  -9.334484e-02   1.339444e+00   1.328974e+00   9.959747e-02   9.178050e-08   7.722210e-03   1.362166e+00   1.352482e+00   8.963772e-01   7.598418e-07   7.046204e-03
   148   9.437131e-01   9.270103e-01   9.641921e-01   1.428067e-04   1.878941e-02  -8.797184e-02   1.360594e+00   1.350147e+00   9.963672e-02   7.174827e-08   7.345946e-03   1.381819e+00   1.372104e+00   8.967304e-01   5.971313e-07   6.744456e-03
   149   9.777869e-01   9.610841e-01   9.699713e-01   9.597363e-05   1.731923e-02  -8.224277e-02   1.381705e+00   1.371277e+00   9.967214e-02   5.607831e-08   6.990186e-03   1.401535e+00   1.391789e+00   8.970493e-01   4.690221e-07   6.454906e-03
   150   1.011861e+00   9.951579e-01   9.748366e-01   6.418822e-05   1.597607e-02  -7.627066e-02   1.402785e+00   1.392373e+00   9.970413e-02   4.382270e-08   6.653496e-03   1.421315e+00   1.411538e+00   8.973371e-01   3.682162e-07   6.177080e-03
   151   1.045934e+00   1.029232e+00   9.789476e-01   4.275277e-05   1.474770e-02  -7.028800e-02   1.423841e+00   1.413441e+00   9.973300e-02   3.423922e-08   6.334589e-03   1.441158e+00   1.431350e+00   8.975970e-01   2.889404e-07   5.910531e-03
   152   1.080008e+00   1.063305e+00   9.824103e-01   2.838006e-05   1.362301e-02  -6.432723e-02   1.444879e+00   1.434487e+00   9.975905e-02   2.674669e-08   6.032306e-03   1.461064e+00   1.451225e+00   8.978315e-01   2.266314e-07   5.654843e-03
   153   1.114082e+00   1.097379e+00   9.853148e-01   1.878799e-05   1.259190e-02  -5.856034e-02   1.465903e+00   1.455518e+00   9.978257e-02   2.089009e-08   5.745599e-03   1.481031e+00   1.471162e+00   8.980432e-01   1.776845e-07   5.409624e-03
   154   1.148156e+00   1.131453e+00   9.877382e-01   1.241375e-05   1.164479e-02  -5.303928e-02   1.486918e+00   1.476538e+00   9.980380e-02   1.631317e-08   5.473522e-03   1.501059e+00   1.491161e+00   8.982342e-01   1.392545e-07   5.174506e-03
   155   1.182230e+00   1.165527e+00   9.897525e-01   8.190242e-06   1.077369e-02  -4.788341e-02   1.507928e+00   1.497550e+00   9.982296e-02   1.273709e-08   5.215216e-03   1.521146e+00   1.511219e+00   8.984066e-01   1.090969e-07   4.949146e-03
   156   1.216303e+00   1.199601e+00   9.914381e-01   5.398563e-06   9.971409e-03  -4.305125e-02   1.528935e+00   1.518558e+00   9.984025e-02   9.943593e-09   4.969903e-03   1.541290e+00   1.531335e+00   8.985622e-01   8.544274e-08   4.733220e-03
   157   1.250377e+00   1.233674e+00   9.928469e-01   3.556293e-06   9.231818e-03  -3.864480e-02   1.549941e+00   1.539565e+00   9.985585e-02   7.761894e-09   4.736877e-03   1.561488e+00   1.551507e+00   8.987027e-01   6.689821e-08   4.526428e-03
   158   1.284451e+00   1.267748e+00   9.940236e-01   2.342235e-06   8.549205e-03  -3.457970e-02   1.570947e+00   1.560571e+00   9.986993e-02   6.058369e-09   4.515498e-03   1.581738e+00   1.571731e+00   8.988294e-01   5.236613e-08   4.328487e-03
   159   1.318525e+00   1.301822e+00   9.949958e-01   1.542704e-06   7.918636e-03  -3.091492e-02   1.591955e+00   1.581578e+00   9.988264e-02   4.728492e-09   4.305183e-03   1.602036e+00   1.592005e+00   8.989438e-01   4.098321e-08   4.139138e-03
   160   1.352598e+00   1.335896e+00   9.958080e-01   1.016374e-06   7.335733e-03  -2.759744e-02   1.612962e+00   1.602585e+00   9.989411e-02   3.690519e-09   4.105406e-03   1.622377e+00   1.612325e+00   8.990470e-01   3.207065e-08   3.958138e-03
   161   1.386672e+00   1.369969e+00   9.964886e-01   6.699317e-07   6.796623e-03  -2.459673e-02   1.633969e+00   1.623592e+00   9.990446e-02   2.880535e-09   3.915689e-03   1.642757e+00   1.632686e+00   8.991401e-01   2.509497e-08   3.785269e-03
   162   1.420746e+00   1.404043e+00   9.970576e-01   4.418553e-07   6.297848e-03  -2.192359e-02   1.654972e+00   1.644597e+00   9.991379e-02   2.248577e-09   3.735606e-03   1.663169e+00   1.653083e+00   8.992241e-01   1.963720e-08   3.620334e-03
   163   1.454820e+00   1.438117e+00   9.975281e-01   2.916365e-07   5.836232e-03  -1.951004e-02   1.675968e+00   1.665597e+00   9.992222e-02   1.755598e-09   3.564771e-03   1.683608e+00   1.673509e+00   8.993000e-01   1.536841e-08   3.463156e-03
   164   1.488893e+00   1.472191e+00   9.979238e-01   1.926409e-07   5.408991e-03  -1.735620e-02   1.696952e+00   1.686587e+00   9.992982e-02   1.371091e-09   3.402846e-03   1.704063e+00   1.693956e+00   8.993684e-01   1.203056e-08   3.313584e-03
   165   1.522967e+00   1.506264e+00   9.982560e-01   1.273700e-07   5.013640e-03  -1.542359e-02   1.717918e+00   1.707562e+00   9.993668e-02   1.071224e-09   3.249533e-03   1.724526e+00   1.714415e+00   8.994301e-01   9.421284e-09   3.171492e-03
   166   1.557041e+00   1.540338e+00   9.985324e-01   8.429469e-08   4.647878e-03  -1.366902e-02   1.738858e+00   1.728514e+00   9.994287e-02   8.373866e-10   3.104576e-03   1.744985e+00   1.734876e+00   8.994858e-01   7.381976e-09   3.036781e-03
   167   1.591115e+00   1.574412e+00   9.987644e-01   5.584185e-08   4.309674e-03  -1.210881e-02   1.759761e+00   1.749435e+00   9.994845e-02   6.550501e-10   2.967760e-03   1.765426e+00   1.755325e+00   8.995361e-01   5.788380e-09   2.909380e-03
   168   1.625189e+00   1.608486e+00   9.989599e-01   3.703406e-08   3.997252e-03  -1.067063e-02   1.780614e+00   1.770313e+00   9.995349e-02   5.128729e-10   2.838913e-03   1.785832e+00   1.775749e+00   8.995814e-01   4.543201e-09   2.789249e-03
   169   1.659262e+00   1.642560e+00   9.991236e-01   2.458923e-08   3.709028e-03  -9.323775e-03   1.801404e+00   1.791134e+00   9.995804e-02   4.020050e-10   2.717902e-03   1.806185e+00   1.796128e+00   8.996223e-01   3.570286e-09   2.676382e-03
   170   1.693336e+00   1.676633e+00   9.992610e-01   1.634561e-08   3.443532e-03  -8.095937e-03   1.822111e+00   1.811881e+00   9.996214e-02   3.155421e-10   2.604640e-03   1.826462e+00   1.816442e+00   8.996593e-01   2.810057e-09   2.570805e-03
   171   1.727410e+00   1.710707e+00   9.993774e-01   1.088048e-08   3.199685e-03  -6.863983e-03   1.842713e+00   1.832534e+00   9.996584e-02   2.480989e-10   2.499078e-03   1.846638e+00   1.836668e+00   8.996926e-01   2.215922e-09   2.472581e-03
   172   1.761484e+00   1.744781e+00   9.994753e-01   7.253541e-09   2.976611e-03  -5.622863e-03   1.863186e+00   1.853070e+00   9.996918e-02   1.954762e-10   2.401214e-03   1.866683e+00   1.856776e+00   8.997226e-01   1.751461e-09   2.381809e-03
   173   1.795557e+00   1.778855e+00   9.995577e-01   4.843462e-09   2.773362e-03  -4.381060e-03   1.883499e+00   1.873461e+00   9.997219e-02   1.544002e-10   2.311084e-03   1.886561e+00   1.876736e+00   8.997498e-01   1.388215e-09   2.298624e-03
   174   1.829631e+00   1.812928e+00   9.996280e-01   3.240595e-09   2.589765e-03  -2.896441e-03   1.903619e+00   1.893675e+00   9.997491e-02   1.223192e-10   2.228769e-03   1.906236e+00   1.896510e+00   8.997742e-01   1.103953e-09   2.223197e-03
   175   1.863705e+00   1.847002e+00   9.996874e-01   2.173345e-09   2.425913e-03  -1.253760e-03   1.923506e+00   1.913676e+00   9.997737e-02   9.724480e-11   2.154385e-03   1.925663e+00   1.916058e+00   8.997963e-01   8.813173e-10   2.155727e-03
   176   1.897779e+00   1.881076e+00   9.997378e-01   1.461562e-09   2.281647e-03   6.730592e-04   1.943117e+00   1.933422e+00   9.997958e-02   7.762648e-11   2.088122e-03   1.944795e+00   1.935334e+00   8.998162e-01   7.067579e-10   2.096445e-03
   177   1.931852e+00   1.915150e+00   9.997811e-01   9.862112e-10   2.157899e-03   3.163621e-03   1.962409e+00   1.952870e+00   9.998158e-02   6.224798e-11   2.030493e-03   1.963581e+00   1.954290e+00   8.998342e-01   5.696805e-10   2.045681e-03
   178   1.965926e+00   1.949223e+00   9.998182e-01   6.683518e-10   2.057384e-03   6.315599e-03   1.981354e+00   1.971985e+00   9.998338e-02   5.011837e-11   1.983955e-03   1.981979e+00   1.972877e+00   8.998504e-01   4.616221e-10   2.004678e-03
   179   2.000000e+00   1.983297e+00   9.998500e-01   4.538015e-10   1.988737e-03   8.252352e-03   2.000000e+00   1.990777e+00   9.998500e-02   4.034830e-11   1.957993e-03   2.000000e+00   1.991083e+00   8.998650e-01   3.749391e-10   1.980723e-03
