     i          log_r       log_rmid          m_tot        rho_tot         v2_tot            eta     lgr[heavy]    lgrm[heavy]       m[heavy]     rho[heavy]      v2[heavy]     lgr[light]    lgrm[light]       m[light]     rho[light]      v2[light]
     0  -4.536305e+00  -4.837335e+00   1.041732e-07   1.230182e+07   2.123054e-01            nan  -4.536305e+00  -4.837335e+00   9.998500e-08   1.218907e+07   2.103232e-01  -3.101495e+00  -3.402525e+00   8.998650e-07   5.442329e+03   4.198694e-01
     1  -4.499789e+00  -4.517663e+00   1.332088e-07   1.213409e+07   2.113350e-01            nan  -4.513775e+00  -4.524894e+00   1.166721e-07   1.208047e+07   2.103194e-01  -3.060255e+00  -3.080386e+00   1.050049e-06   2.755778e+03   4.183752e-01
     2  -4.463274e+00  -4.481148e+00   1.704258e-07   1.210960e+07   2.112601e-01            nan  -4.491252e+00  -4.502367e+00   1.361439e-07   1.206871e+07   2.103190e-01  -3.019566e+00  -3.039434e+00   1.225295e-06   2.456184e+03   4.180483e-01
     3  -4.426758e+00  -4.444632e+00   2.181293e-07   1.208165e+07   2.111906e-01            nan  -4.468732e+00  -4.479846e+00   1.588651e-07   1.205572e+07   2.103185e-01  -2.979282e+00  -2.998957e+00   1.429786e-06   2.188736e+03   4.176451e-01
     4  -4.390242e+00  -4.408116e+00   2.792639e-07   1.205005e+07   2.111263e-01            nan  -4.446213e+00  -4.457327e+00   1.853780e-07   1.204139e+07   2.103180e-01  -2.939304e+00  -2.958833e+00   1.668402e-06   1.950557e+03   4.171460e-01
     5  -4.353727e+00  -4.371601e+00   3.575987e-07   1.201376e+07   2.110667e-01            nan  -4.423693e+00  -4.434807e+00   2.163150e-07   1.202556e+07   2.103174e-01  -2.899581e+00  -2.918988e+00   1.946835e-06   1.739547e+03   4.165352e-01
     6  -4.317211e+00  -4.335085e+00   4.579341e-07   1.197189e+07   2.110114e-01            nan  -4.401168e+00  -4.412284e+00   2.524142e-07   1.200808e+07   2.103168e-01  -2.860090e+00  -2.879387e+00   2.271728e-06   1.553054e+03   4.157907e-01
     7  -4.280695e+00  -4.298569e+00   5.864010e-07   1.192398e+07   2.109601e-01            nan  -4.378636e+00  -4.389756e+00   2.945370e-07   1.198878e+07   2.103161e-01  -2.820824e+00  -2.840013e+00   2.650833e-06   1.388550e+03   4.148881e-01
     8  -4.244179e+00  -4.262054e+00   7.508116e-07   1.186788e+07   2.109125e-01            nan  -4.356095e+00  -4.367219e+00   3.436881e-07   1.196747e+07   2.103154e-01  -2.781795e+00  -2.800871e+00   3.093193e-06   1.243911e+03   4.138129e-01
     9  -4.207664e+00  -4.225538e+00   9.610342e-07   1.180319e+07   2.108682e-01            nan  -4.333542e+00  -4.344672e+00   4.010398e-07   1.194392e+07   2.103145e-01  -2.743020e+00  -2.761975e+00   3.609358e-06   1.116722e+03   4.125339e-01
    10  -4.171148e+00  -4.189022e+00   1.229685e-06   1.172831e+07   2.108270e-01            nan  -4.310975e+00  -4.322112e+00   4.679601e-07   1.191792e+07   2.103136e-01  -2.704524e+00  -2.723346e+00   4.211641e-06   1.005106e+03   4.110489e-01
    11  -4.134632e+00  -4.152507e+00   1.572602e-06   1.164071e+07   2.107884e-01            nan  -4.288391e+00  -4.299536e+00   5.460446e-07   1.188921e+07   2.103126e-01  -2.666331e+00  -2.685008e+00   4.914402e-06   9.070391e+02   4.093254e-01
    12  -4.098117e+00  -4.115991e+00   2.009795e-06   1.154002e+07   2.107524e-01            nan  -4.265787e+00  -4.276942e+00   6.371554e-07   1.185750e+07   2.103115e-01  -2.628462e+00  -2.646984e+00   5.734398e-06   8.208651e+02   4.073744e-01
    13  -4.061601e+00  -4.079475e+00   2.566554e-06   1.142220e+07   2.107186e-01            nan  -4.243160e+00  -4.254326e+00   7.434644e-07   1.182248e+07   2.103102e-01  -2.590938e+00  -2.609295e+00   6.691180e-06   7.450112e+02   4.051704e-01
    14  -4.025085e+00  -4.042960e+00   3.273931e-06   1.128640e+07   2.106867e-01            nan  -4.220507e+00  -4.231686e+00   8.675058e-07   1.178382e+07   2.103088e-01  -2.553769e+00  -2.571956e+00   7.807552e-06   6.780907e+02   4.027334e-01
    15  -3.988570e+00  -4.006444e+00   4.171565e-06   1.112990e+07   2.106566e-01            nan  -4.197825e+00  -4.209018e+00   1.012236e-06   1.174115e+07   2.103073e-01  -2.516966e+00  -2.534978e+00   9.110122e-06   6.189150e+02   4.000539e-01
    16  -3.952054e+00  -3.969928e+00   5.307265e-06   1.094851e+07   2.106280e-01            nan  -4.175109e+00  -4.186319e+00   1.181103e-06   1.169405e+07   2.103056e-01  -2.480529e+00  -2.498365e+00   1.062993e-05   5.664030e+02   3.971526e-01
    17  -3.915538e+00  -3.933413e+00   6.740864e-06   1.074277e+07   2.106006e-01            nan  -4.152357e+00  -4.163584e+00   1.378130e-06   1.164208e+07   2.103037e-01  -2.444455e+00  -2.462117e+00   1.240317e-05   5.196472e+02   3.940442e-01
    18  -3.879023e+00  -3.896897e+00   8.544680e-06   1.050417e+07   2.105742e-01            nan  -4.129562e+00  -4.140810e+00   1.608010e-06   1.158477e+07   2.103017e-01  -2.408735e+00  -2.426228e+00   1.447209e-05   4.778631e+02   3.907406e-01
    19  -3.842507e+00  -3.860381e+00   1.080544e-05   1.023652e+07   2.105488e-01            nan  -4.106721e+00  -4.117992e+00   1.876216e-06   1.152157e+07   2.102994e-01  -2.373355e+00  -2.390685e+00   1.688595e-05   4.403393e+02   3.872840e-01
    20  -3.805991e+00  -3.823866e+00   1.362886e-05   9.930699e+06   2.105240e-01            nan  -4.083828e+00  -4.095124e+00   2.189133e-06   1.145191e+07   2.102969e-01  -2.338298e+00  -2.355473e+00   1.970220e-05   4.065426e+02   3.836710e-01
    21  -3.769476e+00  -3.787350e+00   1.713493e-05   9.591243e+06   2.104997e-01            nan  -4.060877e+00  -4.072201e+00   2.554206e-06   1.137516e+07   2.102942e-01  -2.303541e+00  -2.320572e+00   2.298786e-05   3.759049e+02   3.799693e-01
    22  -3.732960e+00  -3.750834e+00   2.146971e-05   9.209576e+06   2.104760e-01            nan  -4.037860e+00  -4.049216e+00   2.980121e-06   1.129066e+07   2.102911e-01  -2.269062e+00  -2.285960e+00   2.682109e-05   3.480806e+02   3.761595e-01
    23  -3.696444e+00  -3.714319e+00   2.679204e-05   8.793995e+06   2.104526e-01            nan  -4.014772e+00  -4.026163e+00   3.477003e-06   1.119766e+07   2.102878e-01  -2.234832e+00  -2.251610e+00   3.129303e-05   3.226244e+02   3.723224e-01
    24  -3.659929e+00  -3.677803e+00   3.328331e-05   8.333793e+06   2.104297e-01            nan  -3.991602e+00  -4.003033e+00   4.056664e-06   1.109539e+07   2.102841e-01  -2.200824e+00  -2.217495e+00   3.650997e-05   2.993010e+02   3.684379e-01
    25  -3.623413e+00  -3.641287e+00   4.115522e-05   7.843017e+06   2.104073e-01            nan  -3.968343e+00  -3.979817e+00   4.732872e-06   1.098299e+07   2.102801e-01  -2.167007e+00  -2.183587e+00   4.259585e-05   2.778007e+02   3.645680e-01
    26  -3.586897e+00  -3.604772e+00   5.057973e-05   7.317460e+06   2.103856e-01            nan  -3.944984e+00  -3.956506e+00   5.521683e-06   1.085958e+07   2.102756e-01  -2.133354e+00  -2.149855e+00   4.969515e-05   2.579476e+02   3.607028e-01
    27  -3.550382e+00  -3.568256e+00   6.181169e-05   6.765021e+06   2.103648e-01            nan  -3.921512e+00  -3.933089e+00   6.441814e-06   1.072420e+07   2.102707e-01  -2.099832e+00  -2.116269e+00   5.797633e-05   2.395280e+02   3.568890e-01
    28  -3.513866e+00  -3.531740e+00   7.507431e-05   6.197393e+06   2.103452e-01            nan  -3.897916e+00  -3.909554e+00   7.515084e-06   1.057585e+07   2.102654e-01  -2.066414e+00  -2.082801e+00   6.763576e-05   2.224134e+02   3.531204e-01
    29  -3.477350e+00  -3.495225e+00   9.049625e-05   5.619191e+06   2.103274e-01            nan  -3.874181e+00  -3.885886e+00   8.766923e-06   1.041347e+07   2.102595e-01  -2.033070e+00  -2.049422e+00   7.890231e-05   2.064546e+02   3.494337e-01
    30  -3.440835e+00  -3.458709e+00   1.082918e-04   5.037130e+06   2.103121e-01            nan  -3.850290e+00  -3.862071e+00   1.022697e-05   1.023598e+07   2.102531e-01  -1.999774e+00  -2.016103e+00   9.204273e-05   1.915617e+02   3.458202e-01
    31  -3.404319e+00  -3.422193e+00   1.286193e-04   4.467322e+06   2.102999e-01            nan  -3.826225e+00  -3.838091e+00   1.192976e-05   1.004225e+07   2.102461e-01  -1.966498e+00  -1.982817e+00   1.073678e-04   1.776279e+02   3.423120e-01
    32  -3.367803e+00  -3.385678e+00   1.515770e-04   3.918923e+06   2.102914e-01            nan  -3.801965e+00  -3.813926e+00   1.391553e-05   9.831155e+06   2.102384e-01  -1.933220e+00  -1.949540e+00   1.252398e-04   1.645939e+02   3.388917e-01
    33  -3.331288e+00  -3.349162e+00   1.772125e-04   3.400386e+06   2.102879e-01            nan  -3.777487e+00  -3.789554e+00   1.623115e-05   9.601563e+06   2.102301e-01  -1.899915e+00  -1.916248e+00   1.460803e-04   1.523815e+02   3.355893e-01
    34  -3.294772e+00  -3.312646e+00   2.055255e-04   2.918916e+06   2.102902e-01            nan  -3.752765e+00  -3.764950e+00   1.893121e-05   9.352376e+06   2.102210e-01  -1.866566e+00  -1.882920e+00   1.703808e-04   1.409541e+02   3.323725e-01
    35  -3.258256e+00  -3.276131e+00   2.364811e-04   2.480010e+06   2.102998e-01            nan  -3.727769e+00  -3.740087e+00   2.207926e-05   9.082556e+06   2.102111e-01  -1.833154e+00  -1.849539e+00   1.987134e-04   1.302534e+02   3.292687e-01
    36  -3.221741e+00  -3.239615e+00   2.700335e-04   2.087131e+06   2.103177e-01            nan  -3.702464e+00  -3.714932e+00   2.574932e-05   8.791164e+06   2.102005e-01  -1.799668e+00  -1.816089e+00   2.317439e-04   1.202556e+02   3.262313e-01
    37  -3.185225e+00  -3.203099e+00   3.061588e-04   1.741581e+06   2.103454e-01            nan  -3.676811e+00  -3.689448e+00   3.002750e-05   8.477410e+06   2.101889e-01  -1.766098e+00  -1.782559e+00   2.702475e-04   1.109192e+02   3.232720e-01
    38  -3.148709e+00  -3.166584e+00   3.448076e-04   1.442564e+06   2.103838e-01            nan  -3.650768e+00  -3.663594e+00   3.501400e-05   8.140703e+06   2.101764e-01  -1.732439e+00  -1.748942e+00   3.151260e-04   1.022228e+02   3.203421e-01
    39  -3.112194e+00  -3.130068e+00   3.850215e-04   1.185471e+06   2.104359e-01            nan  -3.624282e+00  -3.637323e+00   4.082538e-05   7.780722e+06   2.101630e-01  -1.698690e+00  -1.715236e+00   3.674284e-04   9.413446e+01   3.174333e-01
    40  -3.075678e+00  -3.093552e+00   4.275950e-04   9.685160e+05   2.105022e-01   4.976800e-01  -3.597296e+00  -3.610579e+00   4.759714e-05   7.397492e+06   2.101486e-01  -1.664853e+00  -1.681442e+00   4.283742e-04   8.662904e+01   3.145078e-01
    41  -3.039162e+00  -3.057037e+00   4.727886e-04   7.883303e+05   2.105708e-01   4.972643e-01  -3.569742e+00  -3.583301e+00   5.548679e-05   6.991469e+06   2.101333e-01  -1.630934e+00  -1.647562e+00   4.993811e-04   7.967639e+01   3.115473e-01
    42  -3.002647e+00  -3.020521e+00   5.190082e-04   6.392429e+05   2.106446e-01   4.967017e-01  -3.541544e+00  -3.555414e+00   6.467734e-05   6.563634e+06   2.101169e-01  -1.596940e+00  -1.613605e+00   5.820960e-04   7.324685e+01   3.085323e-01
    43  -2.966131e+00  -2.984005e+00   5.675480e-04   5.168490e+05   2.107267e-01   4.960193e-01  -3.512611e+00  -3.526837e+00   7.538125e-05   6.115596e+06   2.100995e-01  -1.562882e+00  -1.579578e+00   6.784313e-04   6.730992e+01   3.054400e-01
    44  -2.929615e+00  -2.947490e+00   6.183561e-04   4.175465e+05   2.108164e-01   4.951931e-01  -3.482838e+00  -3.497469e+00   8.784517e-05   5.649694e+06   2.100812e-01  -1.528768e+00  -1.545490e+00   7.906065e-04   6.183309e+01   3.022716e-01
    45  -2.893100e+00  -2.910974e+00   6.702949e-04   3.370050e+05   2.109065e-01   4.942283e-01  -3.452103e+00  -3.467199e+00   1.023551e-04   5.169092e+06   2.100620e-01  -1.494610e+00  -1.511353e+00   9.211963e-04   5.678737e+01   2.989956e-01
    46  -2.856584e+00  -2.874458e+00   7.254885e-04   2.721482e+05   2.109978e-01   4.930893e-01  -3.420263e+00  -3.435891e+00   1.192428e-04   4.677859e+06   2.100420e-01  -1.460415e+00  -1.477176e+00   1.073185e-03   5.213963e+01   2.956308e-01
    47  -2.820068e+00  -2.837943e+00   7.814570e-04   2.200393e+05   2.110775e-01   4.917854e-01  -3.387148e+00  -3.403390e+00   1.388921e-04   4.181026e+06   2.100213e-01  -1.426195e+00  -1.442968e+00   1.250029e-03   4.786286e+01   2.921463e-01
    48  -2.783553e+00  -2.801427e+00   8.412182e-04   1.781839e+05   2.111455e-01   4.902892e-01  -3.352560e+00  -3.369510e+00   1.617478e-04   3.684582e+06   2.100002e-01  -1.391957e+00  -1.408739e+00   1.455730e-03   4.392671e+01   2.885541e-01
    49  -2.747037e+00  -2.764911e+00   9.023657e-04   1.447138e+05   2.111782e-01   4.886100e-01  -3.316265e+00  -3.334034e+00   1.883238e-04   3.195416e+06   2.099791e-01  -1.357708e+00  -1.374495e+00   1.694914e-03   4.030479e+01   2.848425e-01
    50  -2.710521e+00  -2.728396e+00   9.674423e-04   1.177443e+05   2.111912e-01   4.867103e-01  -3.277986e+00  -3.296704e+00   2.192140e-04   2.721155e+06   2.099583e-01  -1.323454e+00  -1.340243e+00   1.972926e-03   3.697081e+01   2.810139e-01
    51  -2.674006e+00  -2.691880e+00   1.035245e-03   9.627528e+04   2.111175e-01   4.847467e-01  -3.237397e+00  -3.257218e+00   2.551039e-04   2.269886e+06   2.099386e-01  -1.289195e+00  -1.305986e+00   2.295935e-03   3.389874e+01   2.770862e-01
    52  -2.637490e+00  -2.655364e+00   1.107066e-03   7.878795e+04   2.110423e-01   4.824478e-01  -3.194121e+00  -3.215220e+00   2.967831e-04   1.849746e+06   2.099208e-01  -1.254932e+00  -1.271726e+00   2.671048e-03   3.106748e+01   2.730480e-01
    53  -2.600974e+00  -2.618849e+00   1.183182e-03   6.495208e+04   2.107816e-01   4.803620e-01  -3.147722e+00  -3.170302e+00   3.451610e-04   1.468358e+06   2.099059e-01  -1.220661e+00  -1.237458e+00   3.106449e-03   2.845206e+01   2.689511e-01
    54  -2.564459e+00  -2.582333e+00   1.263894e-03   5.355340e+04   2.105420e-01   4.778226e-01  -3.097718e+00  -3.122000e+00   4.012824e-04   1.132159e+06   2.098953e-01  -1.186373e+00  -1.203179e+00   3.611542e-03   2.603485e+01   2.647924e-01
    55  -2.527943e+00  -2.545817e+00   1.350231e-03   4.448283e+04   2.100480e-01   4.757116e-01  -3.043596e+00  -3.069814e+00   4.663463e-04   8.456642e+05   2.098894e-01  -1.152058e+00  -1.168877e+00   4.197117e-03   2.379681e+01   2.606086e-01
    56  -2.491427e+00  -2.509302e+00   1.442674e-03   3.699321e+04   2.095370e-01   4.732520e-01  -2.984866e+00  -3.013239e+00   5.417261e-04   6.107926e+05   2.098871e-01  -1.117702e+00  -1.134540e+00   4.875535e-03   2.172150e+01   2.564330e-01
    57  -2.454912e+00  -2.472786e+00   1.541698e-03   3.092353e+04   2.087973e-01   4.711641e-01  -2.921143e+00  -2.951837e+00   6.289911e-04   4.264255e+05   2.098818e-01  -1.083287e+00  -1.100154e+00   5.660920e-03   1.979659e+01   2.522688e-01
    58  -2.418396e+00  -2.436270e+00   1.649361e-03   2.592329e+04   2.079481e-01   4.690560e-01  -2.852289e+00  -2.885353e+00   7.299314e-04   2.883886e+05   2.098540e-01  -1.048796e+00  -1.065699e+00   6.569382e-03   1.800867e+01   2.481652e-01
    59  -2.381880e+00  -2.399755e+00   1.764689e-03   2.179898e+04   2.069313e-01   4.671850e-01  -2.778573e+00  -2.813869e+00   8.465830e-04   1.899878e+05   2.097592e-01  -1.014210e+00  -1.031159e+00   7.619247e-03   1.634923e+01   2.441172e-01
    60  -2.345365e+00  -2.363239e+00   1.891434e-03   1.839584e+04   2.057204e-01   4.656516e-01  -2.700810e+00  -2.737953e+00   9.812558e-04   1.230709e+05   2.095104e-01  -9.795146e-01  -9.965161e-01   8.831303e-03   1.481079e+01   2.401171e-01
    61  -2.308849e+00  -2.326723e+00   2.027773e-03   1.555072e+04   2.044050e-01   4.642546e-01  -2.620350e+00  -2.658719e+00   1.136562e-03   7.935243e+04   2.089666e-01  -9.446932e-01  -9.617550e-01   1.022906e-02   1.338550e+01   2.361863e-01
    62  -2.272333e+00  -2.290208e+00   2.178104e-03   1.318699e+04   2.028622e-01   4.634305e-01  -2.538869e+00  -2.577702e+00   1.315444e-03   5.157120e+04   2.079438e-01  -9.097360e-01  -9.268630e-01   1.183900e-02   1.206834e+01   2.322976e-01
    63  -2.235818e+00  -2.253692e+00   2.340711e-03   1.119324e+04   2.012594e-01   4.627404e-01  -2.458005e+00  -2.496558e+00   1.521208e-03   3.412521e+04   2.062634e-01  -8.746371e-01  -8.918321e-01   1.369088e-02   1.085421e+01   2.284258e-01
    64  -2.199302e+00  -2.217176e+00   2.520345e-03   9.520029e+03   1.994625e-01   4.626748e-01  -2.379033e+00  -2.416726e+00   1.757548e-03   2.312233e+04   2.038187e-01  -8.393922e-01  -8.566572e-01   1.581793e-02   9.737320e+00   2.245787e-01
    65  -2.162786e+00  -2.180660e+00   2.715206e-03   8.100614e+03   1.976330e-01   4.627908e-01  -2.302714e+00  -2.339199e+00   2.028572e-03   1.606067e+04   2.006214e-01  -8.040017e-01  -8.213365e-01   1.825715e-02   8.712799e+00   2.207328e-01
    66  -2.126271e+00  -2.144145e+00   2.930752e-03   6.897765e+03   1.956908e-01   4.634272e-01  -2.229322e+00  -2.264470e+00   2.338830e-03   1.140972e+04   1.967962e-01  -7.684687e-01  -7.858719e-01   2.104947e-02   7.775588e+00   2.168690e-01
    67  -2.089755e+00  -2.107629e+00   3.164743e-03   5.872723e+03   1.937437e-01   4.643024e-01  -2.158771e+00  -2.192616e+00   2.693323e-03   8.255404e+03   1.925376e-01  -7.327983e-01  -7.502673e-01   2.423991e-02   6.920365e+00   2.129910e-01
    68  -2.053239e+00  -2.071113e+00   3.423302e-03   4.998827e+03   1.917773e-01   4.655205e-01  -2.090752e+00  -2.123431e+00   3.097518e-03   6.053946e+03   1.880586e-01  -6.969968e-01  -7.145287e-01   2.787766e-02   6.141917e+00   2.090972e-01
    69  -2.016724e+00  -2.034598e+00   3.704552e-03   4.250653e+03   1.898522e-01   4.669459e-01  -2.024847e+00  -2.056550e+00   3.557342e-03   4.478303e+03   1.835535e-01  -6.610729e-01  -6.786636e-01   3.201608e-02   5.435332e+00   2.051772e-01
    70  -1.980208e+00  -1.998082e+00   4.013079e-03   3.612425e+03   1.879798e-01   4.685701e-01  -1.960607e+00  -1.991540e+00   4.079169e-03   3.327588e+03   1.791810e-01  -6.250370e-01  -6.426813e-01   3.671252e-02   4.795809e+00   2.012212e-01
    71  -1.943692e+00  -1.961566e+00   4.349273e-03   3.063299e+03   1.862247e-01   4.702277e-01  -1.897596e+00  -1.927960e+00   4.669785e-03   2.474877e+03   1.750631e-01  -5.889006e-01  -6.065931e-01   4.202806e-02   4.218580e+00   1.972402e-01
    72  -1.907177e+00  -1.925051e+00   4.716014e-03   2.596352e+03   1.845640e-01   4.720093e-01  -1.835418e+00  -1.865395e+00   5.336336e-03   1.837266e+03   1.712907e-01  -5.526769e-01  -5.704112e-01   4.802703e-02   3.699142e+00   1.932279e-01
    73  -1.870661e+00  -1.888535e+00   5.114840e-03   2.194096e+03   1.831064e-01   4.735357e-01  -1.773738e+00  -1.803484e+00   6.086254e-03   1.358632e+03   1.679300e-01  -5.163811e-01  -5.341499e-01   5.477629e-02   3.233210e+00   1.891758e-01
    74  -1.834145e+00  -1.852019e+00   5.548647e-03   1.852312e+03   1.818013e-01   4.750003e-01  -1.712291e+00  -1.741929e+00   6.927149e-03   9.995840e+02   1.650192e-01  -4.800307e-01  -4.978257e-01   6.234434e-02   2.816672e+00   1.850751e-01
    75  -1.797630e+00  -1.815504e+00   6.017936e-03   1.560704e+03   1.807038e-01   4.761277e-01  -1.650911e+00  -1.680518e+00   7.866679e-03   7.315113e+02   1.625511e-01  -4.436448e-01  -4.614568e-01   7.080011e-02   2.445547e+00   1.809309e-01
    76  -1.761114e+00  -1.778988e+00   6.526707e-03   1.312399e+03   1.798525e-01   4.767660e-01  -1.589543e+00  -1.619144e+00   8.912390e-03   5.329479e+02   1.604496e-01  -4.072447e-01  -4.250635e-01   8.021151e-02   2.116055e+00   1.767384e-01
    77  -1.724598e+00  -1.742472e+00   7.076473e-03   1.102916e+03   1.791612e-01   4.771156e-01  -1.528259e+00  -1.557821e+00   1.007152e-02   3.872871e+02   1.585639e-01  -3.708541e-01  -3.886683e-01   9.064369e-02   1.824628e+00   1.724900e-01
    78  -1.688083e+00  -1.705957e+00   7.669039e-03   9.245253e+02   1.788017e-01   4.764433e-01  -1.467239e+00  -1.496678e+00   1.135078e-02   2.813932e+02   1.567105e-01  -3.344991e-01  -3.522963e-01   1.021570e-01   1.567877e+00   1.681777e-01
    79  -1.651567e+00  -1.669441e+00   8.310891e-03   7.749735e+02   1.785873e-01   4.753787e-01  -1.406722e+00  -1.435928e+00   1.275612e-02   2.048664e+02   1.547432e-01  -2.982085e-01  -3.159749e-01   1.148050e-01   1.342572e+00   1.638017e-01
    80  -1.615051e+00  -1.632925e+00   8.998278e-03   6.490663e+02   1.785967e-01   4.735339e-01  -1.346944e+00  -1.375805e+00   1.429243e-02   1.496712e+02   1.525869e-01  -2.620128e-01  -2.797337e-01   1.286319e-01   1.145647e+00   1.593635e-01
    81  -1.578536e+00  -1.596410e+00   9.742594e-03   5.436440e+02   1.787537e-01   4.711402e-01  -1.288103e+00  -1.316528e+00   1.596333e-02   1.098102e+02   1.502168e-01  -2.259449e-01  -2.436045e-01   1.436700e-01   9.742496e-01   1.548584e-01
    82  -1.542020e+00  -1.559894e+00   1.054374e-02   4.555814e+02   1.790229e-01   4.682804e-01  -1.230348e+00  -1.258266e+00   1.777087e-02   8.092445e+01   1.476281e-01  -1.900400e-01  -2.076215e-01   1.599378e-01   8.257053e-01   1.502830e-01
    83  -1.505504e+00  -1.523378e+00   1.140813e-02   3.820285e+02   1.793638e-01   4.650764e-01  -1.173771e+00  -1.201139e+00   1.971527e-02   5.988902e+01   1.448298e-01  -1.543351e-01  -1.718207e-01   1.774374e-01   6.975047e-01   1.456430e-01
    84  -1.468989e+00  -1.486863e+00   1.234481e-02   3.207437e+02   1.797382e-01   4.616337e-01  -1.118409e+00  -1.145208e+00   2.179475e-02   4.447867e+01   1.418501e-01  -1.188678e-01  -1.362395e-01   1.961527e-01   5.873177e-01   1.409452e-01
    85  -1.432473e+00  -1.450347e+00   1.335356e-02   2.696510e+02   1.801025e-01   4.580895e-01  -1.064243e+00  -1.090482e+00   2.400535e-02   3.311418e+01   1.387433e-01  -8.367725e-02  -1.009162e-01   2.160481e-01   4.930134e-01   1.361921e-01
    86  -1.395957e+00  -1.413831e+00   1.445009e-02   2.270344e+02   1.804299e-01   4.545309e-01  -1.011204e+00  -1.036914e+00   2.634082e-02   2.467810e+01   1.355882e-01  -4.880290e-02  -6.589011e-02   2.370673e-01   4.126343e-01   1.313908e-01
    87  -1.359442e+00  -1.377316e+00   1.563855e-02   1.914477e+02   1.807351e-01   4.507815e-01  -9.591840e-01  -9.844157e-01   2.879262e-02   1.838000e+01   1.324729e-01  -1.428288e-02  -3.120000e-02   2.591336e-01   3.443827e-01   1.265598e-01
    88  -1.322926e+00  -1.340800e+00   1.692978e-02   1.616791e+02   1.809269e-01   4.473323e-01  -9.080475e-01  -9.328635e-01   3.134998e-02   1.365959e+01   1.294809e-01   1.984493e-02   3.116171e-03   2.821498e-01   2.866570e-01   1.217076e-01
    89  -1.286410e+00  -1.304284e+00   1.833795e-02   1.367399e+02   1.810702e-01   4.437532e-01  -8.576523e-01  -8.821193e-01   3.400006e-02   1.011609e+01   1.266688e-01   5.354432e-02   3.702141e-02   3.060005e-01   2.380123e-01   1.168496e-01
    90  -1.249895e+00  -1.267769e+00   1.986830e-02   1.158088e+02   1.811154e-01   4.402891e-01  -8.078674e-01  -8.320469e-01   3.672816e-02   7.459161e+00   1.240581e-01   8.678212e-02   7.048111e-02   3.305535e-01   1.971572e-01   1.120066e-01
    91  -1.213379e+00  -1.231253e+00   2.154045e-02   9.818629e+01   1.810575e-01   4.371810e-01  -7.585856e-01  -7.825279e-01   3.951809e-02   5.473618e+00   1.216295e-01   1.195270e-01   1.034631e-01   3.556628e-01   1.629619e-01   1.071913e-01
    92  -1.176863e+00  -1.194737e+00   2.336881e-02   8.334958e+01   1.809258e-01   4.341407e-01  -7.097294e-01  -7.334708e-01   4.235249e-02   3.997041e+00   1.193391e-01   1.517525e-01   1.359386e-01   3.811724e-01   1.344226e-01   1.024286e-01
    93  -1.140348e+00  -1.158222e+00   2.536271e-02   7.079881e+01   1.806900e-01   4.316540e-01  -6.612449e-01  -6.848109e-01   4.521329e-02   2.904708e+00   1.171371e-01   1.834349e-01   1.678826e-01   4.069196e-01   1.106749e-01   9.773304e-02
    94  -1.103832e+00  -1.121706e+00   2.754683e-02   6.016741e+01   1.803892e-01   4.295597e-01  -6.130876e-01  -6.364991e-01   4.808216e-02   2.100544e+00   1.149860e-01   2.145553e-01   1.992738e-01   4.327394e-01   9.096459e-02   9.312513e-02
    95  -1.067316e+00  -1.085190e+00   2.993893e-02   5.116548e+01   1.800359e-01   4.277730e-01  -5.652131e-01  -5.884910e-01   5.094094e-02   1.511247e+00   1.128700e-01   2.450986e-01   2.300954e-01   4.584685e-01   7.464579e-02   8.862084e-02
    96  -1.030801e+00  -1.048675e+00   3.254878e-02   4.349446e+01   1.796557e-01   4.265441e-01  -5.175642e-01  -5.407355e-01   5.377208e-02   1.081185e+00   1.107846e-01   2.750545e-01   2.603348e-01   4.839488e-01   6.116493e-02   8.423592e-02
    97  -9.942849e-01  -1.012159e+00   3.540781e-02   3.696352e+01   1.792774e-01   4.255410e-01  -4.700650e-01  -4.931656e-01   5.655903e-02   7.686413e-01   1.087333e-01   3.044167e-01   2.899837e-01   5.090312e-01   5.005115e-02   7.998427e-02
    98  -9.577692e-01  -9.756434e-01   3.854044e-02   3.141244e+01   1.788981e-01   4.246752e-01  -4.226243e-01  -4.456972e-01   5.928652e-02   5.426125e-01   1.067234e-01   3.331832e-01   3.190381e-01   5.335787e-01   4.090627e-02   7.587676e-02
    99  -9.212536e-01  -9.391277e-01   4.195092e-02   2.667710e+01   1.785474e-01   4.238247e-01  -3.751299e-01  -3.982282e-01   6.194091e-02   3.800076e-01   1.047607e-01   3.613559e-01   3.474980e-01   5.574682e-01   3.339403e-02   7.192344e-02
   100  -8.847379e-01  -9.026121e-01   4.567912e-02   2.263468e+01   1.782398e-01   4.226667e-01  -3.274460e-01  -3.506338e-01   6.451030e-02   2.637209e-01   1.028528e-01   3.889402e-01   3.753670e-01   5.805927e-01   2.723294e-02   6.813029e-02
   101  -8.482222e-01  -8.660964e-01   4.975663e-02   1.920158e+01   1.779216e-01   4.211749e-01  -2.794161e-01  -3.027674e-01   6.698469e-02   1.811520e-01   1.010098e-01   4.159450e-01   4.026525e-01   6.028622e-01   2.218682e-02   6.450311e-02
   102  -8.117066e-01  -8.295807e-01   5.420614e-02   1.628691e+01   1.775690e-01   4.192608e-01  -2.308628e-01  -2.544613e-01   6.935597e-02   1.230082e-01   9.924043e-02   4.423819e-01   4.293646e-01   6.242038e-01   1.805957e-02   6.104338e-02
   103  -7.751909e-01  -7.930651e-01   5.904542e-02   1.380340e+01   1.771974e-01   4.167146e-01  -1.815809e-01  -2.055232e-01   7.161799e-02   8.244475e-02   9.755795e-02   4.682654e-01   4.555165e-01   6.445619e-01   1.468754e-02   5.775315e-02
   104  -7.386752e-01  -7.565494e-01   6.433234e-02   1.169827e+01   1.767265e-01   4.137082e-01  -1.313495e-01  -1.557394e-01   7.376638e-02   5.446801e-02   9.597717e-02   4.936120e-01   4.811236e-01   6.638974e-01   1.193578e-02   5.463005e-02
   105  -7.021595e-01  -7.200337e-01   7.010810e-02   9.915638e+00   1.761177e-01   4.103136e-01  -7.993936e-02  -1.048842e-01   7.579851e-02   3.542745e-02   9.450796e-02   5.184403e-01   5.062036e-01   6.821866e-01   9.692130e-03   5.167318e-02
   106  -6.656439e-01  -6.835180e-01   7.640311e-02   8.405615e+00   1.753422e-01   4.065419e-01  -2.712592e-02  -5.273032e-02   7.771330e-02   2.266488e-02   9.315858e-02   5.427704e-01   5.307757e-01   6.994197e-01   7.864628e-03   4.887753e-02
   107  -6.291282e-01  -6.470024e-01   8.325332e-02   7.122354e+00   1.744005e-01   4.024418e-01   2.724760e-02   9.112306e-04   7.951106e-02   1.426914e-02   9.189957e-02   5.666238e-01   5.548608e-01   7.155996e-01   6.377158e-03   4.623966e-02
   108  -5.926125e-01  -6.104867e-01   9.073297e-02   6.034679e+00   1.732539e-01   3.980625e-01   8.321824e-02   5.613397e-02   8.119333e-02   8.857631e-03   9.066321e-02   5.900229e-01   5.784809e-01   7.307399e-01   5.167478e-03   4.375336e-02
   109  -5.560969e-01  -5.739710e-01   9.889664e-02   5.112222e+00   1.718889e-01   3.933695e-01   1.405877e-01   1.128496e-01   8.276263e-02   5.448317e-03   8.928582e-02   6.129910e-01   6.016588e-01   7.448636e-01   4.184378e-03   4.141303e-02
   110  -5.195812e-01  -5.374554e-01   1.077940e-01   4.329178e+00   1.702951e-01   3.883080e-01   1.988018e-01   1.706694e-01   8.422234e-02   3.349798e-03   8.748345e-02   6.355520e-01   6.244180e-01   7.580011e-01   3.385972e-03   3.921221e-02
   111  -4.830655e-01  -5.009397e-01   1.174565e-01   3.662890e+00   1.684811e-01   3.828102e-01   2.569434e-01   2.288448e-01   8.557652e-02   2.081806e-03   8.491373e-02   6.577298e-01   6.467825e-01   7.701887e-01   2.738015e-03   3.714383e-02
   112  -4.465499e-01  -4.644240e-01   1.279797e-01   3.096420e+00   1.664377e-01   3.768041e-01   3.138911e-01   2.863500e-01   8.682971e-02   1.322137e-03   8.133096e-02   6.795490e-01   6.687764e-01   7.814674e-01   2.212468e-03   3.520155e-02
   113  -4.100342e-01  -4.279084e-01   1.394269e-01   2.614936e+00   1.641564e-01   3.702091e-01   3.686260e-01   3.421203e-01   8.798682e-02   8.640444e-04   7.676376e-02   7.010335e-01   6.904241e-01   7.918814e-01   1.786503e-03   3.337805e-02
   114  -3.735185e-01  -3.913927e-01   1.518619e-01   2.205563e+00   1.616349e-01   3.629254e-01   4.204841e-01   3.953287e-01   8.905301e-02   5.818563e-04   7.151893e-02   7.222077e-01   7.117497e-01   8.014771e-01   1.441468e-03   3.166662e-02
   115  -3.370029e-01  -3.548770e-01   1.653062e-01   1.857290e+00   1.588778e-01   3.548161e-01   4.692070e-01   4.455285e-01   9.003354e-02   4.026518e-04   6.600755e-02   7.430952e-01   7.327770e-01   8.103019e-01   1.162173e-03   3.006053e-02
   116  -3.004872e-01  -3.183613e-01   1.798544e-01   1.561055e+00   1.558917e-01   3.457281e-01   5.148411e-01   4.926231e-01   9.093373e-02   2.850751e-04   6.057635e-02   7.637195e-01   7.535298e-01   8.184036e-01   9.362523e-04   2.855300e-02
   117  -2.639715e-01  -2.818457e-01   1.955728e-01   1.309477e+00   1.526723e-01   3.355889e-01   5.575996e-01   5.367463e-01   9.175884e-02   2.056047e-04   5.544437e-02   7.841033e-01   7.740309e-01   8.258295e-01   7.536319e-04   2.713782e-02
   118  -2.274558e-01  -2.453300e-01   2.125161e-01   1.095978e+00   1.492224e-01   3.242644e-01   5.977625e-01   5.781451e-01   9.251402e-02   1.505139e-04   5.071495e-02   8.042688e-01   7.943030e-01   8.326262e-01   6.061231e-04   2.580881e-02
   119  -1.909402e-01  -2.088143e-01   2.306911e-01   9.149393e-01   1.455484e-01   3.115629e-01   6.356215e-01   6.171044e-01   9.320429e-02   1.115113e-04   4.641952e-02   8.242374e-01   8.143679e-01   8.388386e-01   4.870690e-04   2.456000e-02
   120  -1.544245e-01  -1.722987e-01   2.501629e-01   7.615979e-01   1.416648e-01   2.972189e-01   6.714535e-01   6.539069e-01   9.383445e-02   8.341497e-05   4.255024e-02   8.440299e-01   8.342464e-01   8.445100e-01   3.910561e-04   2.338588e-02
   121  -1.179088e-01  -1.357830e-01   2.709622e-01   6.319991e-01   1.375715e-01   2.812325e-01   7.055031e-01   6.888119e-01   9.440910e-02   6.289918e-05   3.907678e-02   8.636661e-01   8.539590e-01   8.496819e-01   3.136899e-04   2.228118e-02
   122  -8.139316e-02  -9.926733e-02   2.931061e-01   5.226636e-01   1.332749e-01   2.634661e-01   7.379870e-01   7.220487e-01   9.493262e-02   4.774152e-05   3.596257e-02   8.831649e-01   8.735249e-01   8.543935e-01   2.514036e-04   2.124086e-02
   123  -4.487750e-02  -6.275166e-02   3.165431e-01   4.306354e-01   1.287940e-01   2.436137e-01   7.690941e-01   7.538190e-01   9.540910e-02   3.643466e-05   3.317022e-02   9.025441e-01   8.929626e-01   8.586819e-01   2.013023e-04   2.026022e-02
   124  -8.361826e-03  -2.623599e-02   3.413167e-01   3.533975e-01   1.241462e-01   2.217981e-01   7.989876e-01   7.842980e-01   9.584241e-02   2.793309e-05   3.066259e-02   9.218209e-01   9.122894e-01   8.625817e-01   1.610386e-04   1.933498e-02
   125   2.815384e-02   1.027968e-02   3.673900e-01   2.887728e-01   1.193441e-01   1.980941e-01   8.278102e-01   8.136380e-01   9.623618e-02   2.149678e-05   2.840738e-02   9.410111e-01   9.315220e-01   8.661256e-01   1.287112e-04   1.846102e-02
   126   6.466951e-02   4.679535e-02   3.946406e-01   2.348741e-01   1.144103e-01   1.724598e-01   8.556860e-01   8.419717e-01   9.659376e-02   1.659633e-05   2.637439e-02   9.601299e-01   9.506757e-01   8.693438e-01   1.027804e-04   1.763456e-02
   127   1.011852e-01   8.331102e-02   4.230534e-01   1.900939e-01   1.093659e-01   1.454583e-01   8.827233e-01   8.694150e-01   9.691827e-02   1.284723e-05   2.453764e-02   9.791911e-01   9.697651e-01   8.722644e-01   8.200007e-05   1.685213e-02
   128   1.377009e-01   1.198267e-01   4.525145e-01   1.530333e-01   1.042374e-01   1.170979e-01   9.090181e-01   8.960697e-01   9.721261e-02   9.966829e-06   2.287427e-02   9.982078e-01   9.888036e-01   8.749135e-01   6.536304e-05   1.611054e-02
   129   1.742165e-01   1.563424e-01   4.828565e-01   1.225055e-01   9.904996e-02   8.850180e-02   9.346539e-01   9.220252e-01   9.747945e-02   7.746586e-06   2.136373e-02   1.017192e+00   1.007804e+00   8.773151e-01   5.205594e-05   1.540684e-02
   130   2.107322e-01   1.928580e-01   5.139797e-01   9.747894e-02   9.383236e-02   6.040304e-02   9.597053e-01   9.473602e-01   9.772124e-02   6.029999e-06   1.998873e-02   1.036155e+00   1.026777e+00   8.794912e-01   4.142233e-05   1.473832e-02
   131   2.472479e-01   2.293737e-01   5.456003e-01   7.706530e-02   8.862038e-02   3.194746e-02   9.842384e-01   9.721451e-01   9.794025e-02   4.699527e-06   1.873380e-02   1.055107e+00   1.045734e+00   8.814623e-01   3.293303e-05   1.410253e-02
   132   2.837635e-01   2.658894e-01   5.774211e-01   6.046362e-02   8.340109e-02   7.251963e-03   1.008312e+00   9.964419e-01   9.813854e-02   3.666328e-06   1.758529e-02   1.074057e+00   1.064685e+00   8.832469e-01   2.616188e-05   1.349724e-02
   133   3.202792e-01   3.024050e-01   6.093881e-01   4.708458e-02   7.824610e-02  -1.630079e-02   1.031977e+00   1.020306e+00   9.831802e-02   2.862570e-06   1.653161e-02   1.093014e+00   1.083639e+00   8.848622e-01   2.076605e-05   1.292041e-02
   134   3.567949e-01   3.389207e-01   6.412646e-01   3.638527e-02   7.318824e-02  -3.774072e-02   1.055282e+00   1.043786e+00   9.848042e-02   2.236419e-06   1.556245e-02   1.111985e+00   1.102603e+00   8.863237e-01   1.647004e-05   1.237019e-02
   135   3.933105e-01   3.754364e-01   6.726328e-01   2.789332e-02   6.824937e-02  -5.420007e-02   1.078268e+00   1.066927e+00   9.862732e-02   1.748077e-06   1.466873e-02   1.130978e+00   1.121585e+00   8.876458e-01   1.305266e-05   1.184488e-02
   136   4.298262e-01   4.119520e-01   7.032156e-01   2.116772e-02   6.343188e-02  -6.916694e-02   1.100972e+00   1.089768e+00   9.876016e-02   1.366882e-06   1.384253e-02   1.149999e+00   1.140592e+00   8.888415e-01   1.033654e-05   1.134297e-02
   137   4.663419e-01   4.484677e-01   7.330020e-01   1.592300e-02   5.879615e-02  -8.172752e-02   1.123427e+00   1.112345e+00   9.888027e-02   1.069097e-06   1.307698e-02   1.169053e+00   1.159630e+00   8.899225e-01   8.179579e-06   1.086305e-02
   138   5.028575e-01   4.849834e-01   7.613464e-01   1.186085e-02   5.434880e-02  -9.075507e-02   1.145664e+00   1.134688e+00   9.898885e-02   8.363380e-07   1.236601e-02   1.188146e+00   1.178704e+00   8.908996e-01   6.468068e-06   1.040387e-02
   139   5.393732e-01   5.214991e-01   7.883938e-01   8.740300e-03   5.010572e-02  -9.785408e-02   1.167709e+00   1.156826e+00   9.908698e-02   6.543248e-07   1.170424e-02   1.207282e+00   1.197819e+00   8.917828e-01   5.111094e-06   9.964279e-03
   140   5.758889e-01   5.580147e-01   8.136586e-01   6.375707e-03   4.609370e-02  -1.032372e-01   1.189586e+00   1.178785e+00   9.917565e-02   5.119479e-07   1.108699e-02   1.226465e+00   1.216979e+00   8.925808e-01   4.036053e-06   9.543222e-03
   141   6.124046e-01   5.945304e-01   8.372800e-01   4.597633e-03   4.231374e-02  -1.071179e-01   1.211316e+00   1.200587e+00   9.925576e-02   4.005517e-07   1.051009e-02   1.245698e+00   1.236188e+00   8.933019e-01   3.185014e-06   9.139739e-03
   142   6.489202e-01   6.310461e-01   8.587618e-01   3.279293e-03   3.878021e-02  -1.095160e-01   1.232920e+00   1.222252e+00   9.932813e-02   3.133817e-07   9.969927e-03   1.264985e+00   1.255449e+00   8.939532e-01   2.511802e-06   8.752951e-03
   143   6.854359e-01   6.675617e-01   8.783772e-01   2.313357e-03   3.549501e-02  -1.105940e-01   1.254413e+00   1.243800e+00   9.939350e-02   2.451633e-07   9.463271e-03   1.284328e+00   1.274764e+00   8.945415e-01   1.979642e-06   8.382051e-03
   144   7.219516e-01   7.040774e-01   8.960341e-01   1.612583e-03   3.245558e-02  -1.104993e-01   1.275813e+00   1.265245e+00   9.945254e-02   1.917749e-07   8.987269e-03   1.303730e+00   1.294137e+00   8.950729e-01   1.559276e-06   8.026297e-03
   145   7.584672e-01   7.405931e-01   9.115788e-01   1.112080e-03   2.966042e-02  -1.092590e-01   1.297131e+00   1.286603e+00   9.950586e-02   1.499935e-07   8.539390e-03   1.323191e+00   1.313569e+00   8.955527e-01   1.227446e-06   7.685004e-03
   146   7.949829e-01   7.771087e-01   9.252738e-01   7.588563e-04   2.710043e-02  -1.069617e-01   1.318382e+00   1.307886e+00   9.955400e-02   1.172977e-07   8.117386e-03   1.342714e+00   1.333062e+00   8.959860e-01   9.656796e-07   7.357538e-03
   147   8.314986e-01   8.136244e-01   9.371982e-01   5.125309e-04   2.476471e-02  -1.036775e-01   1.339575e+00   1.329108e+00   9.959747e-02   9.171419e-08   7.719256e-03   1.362299e+00   1.352617e+00   8.963772e-01   7.593167e-07   7.043312e-03
   148   8.680142e-01   8.501401e-01   9.474719e-01   3.427554e-04   2.264012e-02  -9.939512e-02   1.360721e+00   1.350276e+00   9.963672e-02   7.169831e-08   7.343211e-03   1.381947e+00   1.372234e+00   8.967304e-01   5.967338e-07   6.741779e-03
   149   9.045299e-01   8.866557e-01   9.562451e-01   2.272567e-04   2.071126e-02  -9.435852e-02   1.381828e+00   1.371403e+00   9.967214e-02   5.604069e-08   6.987656e-03   1.401659e+00   1.391915e+00   8.970493e-01   4.687215e-07   6.452431e-03
   150   9.410456e-01   9.231714e-01   9.636725e-01   1.495222e-04   1.896175e-02  -8.868243e-02   1.402904e+00   1.392494e+00   9.970413e-02   4.379439e-08   6.651157e-03   1.421434e+00   1.411659e+00   8.973371e-01   3.679891e-07   6.174792e-03
   151   9.775613e-01   9.596871e-01   9.698949e-01   9.771215e-05   1.737491e-02  -8.258252e-02   1.423956e+00   1.413558e+00   9.973300e-02   3.421793e-08   6.332428e-03   1.441273e+00   1.431467e+00   8.975970e-01   2.887691e-07   5.908419e-03
   152   1.014077e+00   9.962028e-01   9.751028e-01   6.349339e-05   1.593483e-02  -7.617755e-02   1.444990e+00   1.434601e+00   9.975905e-02   2.673069e-08   6.030311e-03   1.461174e+00   1.451338e+00   8.978315e-01   2.265022e-07   5.652893e-03
   153   1.050593e+00   1.032718e+00   9.794401e-01   4.106183e-05   1.462634e-02  -6.975934e-02   1.466011e+00   1.455628e+00   9.978257e-02   2.087807e-08   5.743759e-03   1.481138e+00   1.471271e+00   8.980432e-01   1.775872e-07   5.407826e-03
   154   1.087108e+00   1.069234e+00   9.830377e-01   2.645621e-05   1.343555e-02  -6.337795e-02   1.487022e+00   1.476644e+00   9.980380e-02   1.630415e-08   5.471826e-03   1.501162e+00   1.491265e+00   8.982342e-01   1.391813e-07   5.172851e-03
   155   1.123624e+00   1.105750e+00   9.860149e-01   1.699584e-05   1.235009e-02  -5.725869e-02   1.508028e+00   1.497652e+00   9.982296e-02   1.273033e-08   5.213655e-03   1.521245e+00   1.511320e+00   8.984066e-01   1.090419e-07   4.947623e-03
   156   1.160140e+00   1.142265e+00   9.884699e-01   1.089506e-05   1.135892e-02  -5.145181e-02   1.529031e+00   1.518657e+00   9.984025e-02   9.938533e-09   4.968468e-03   1.541385e+00   1.531432e+00   8.985622e-01   8.540148e-08   4.731822e-03
   157   1.196655e+00   1.178781e+00   9.904940e-01   6.973912e-06   1.045235e-02  -4.600582e-02   1.550034e+00   1.539660e+00   9.985585e-02   7.758111e-09   4.735560e-03   1.561580e+00   1.551600e+00   8.987027e-01   6.686730e-08   4.525145e-03
   158   1.233171e+00   1.215297e+00   9.921611e-01   4.459680e-06   9.622103e-03  -4.103795e-02   1.571037e+00   1.560662e+00   9.986993e-02   6.055544e-09   4.514291e-03   1.581826e+00   1.571821e+00   8.988294e-01   5.234302e-08   4.327313e-03
   159   1.269687e+00   1.251812e+00   9.935318e-01   2.850633e-06   8.860620e-03  -3.648599e-02   1.592041e+00   1.581666e+00   9.988264e-02   4.726387e-09   4.304079e-03   1.602120e+00   1.592091e+00   8.989438e-01   4.096596e-08   4.138064e-03
   160   1.306202e+00   1.288328e+00   9.946603e-01   1.822005e-06   8.161460e-03  -3.235461e-02   1.613045e+00   1.602670e+00   9.989411e-02   3.688954e-09   4.104398e-03   1.622458e+00   1.612408e+00   8.990470e-01   3.205781e-08   3.957160e-03
   161   1.342718e+00   1.324844e+00   9.955894e-01   1.164804e-06   7.518993e-03  -2.866491e-02   1.634048e+00   1.623674e+00   9.990446e-02   2.879374e-09   3.914773e-03   1.642834e+00   1.632766e+00   8.991401e-01   2.508544e-08   3.784381e-03
   162   1.379234e+00   1.361359e+00   9.963494e-01   7.450085e-07   6.928201e-03  -2.536332e-02   1.655048e+00   1.644675e+00   9.991379e-02   2.247719e-09   3.734776e-03   1.663244e+00   1.653159e+00   8.992241e-01   1.963015e-08   3.619529e-03
   163   1.415749e+00   1.397875e+00   9.969761e-01   4.768246e-07   6.384652e-03  -2.240929e-02   1.676041e+00   1.665671e+00   9.992222e-02   1.754967e-09   3.564023e-03   1.683678e+00   1.673581e+00   8.993000e-01   1.536322e-08   3.462431e-03
   164   1.452265e+00   1.434391e+00   9.974937e-01   3.054277e-07   5.884419e-03  -1.977459e-02   1.697022e+00   1.686658e+00   9.992982e-02   1.370629e-09   3.402176e-03   1.704131e+00   1.694025e+00   8.993684e-01   1.202677e-08   3.312936e-03
   165   1.488781e+00   1.470906e+00   9.979215e-01   1.958215e-07   5.424016e-03  -1.745317e-02   1.717985e+00   1.707630e+00   9.993668e-02   1.070888e-09   3.248937e-03   1.724590e+00   1.714481e+00   8.994301e-01   9.418529e-09   3.170917e-03
   166   1.525296e+00   1.507422e+00   9.982751e-01   1.256839e-07   5.000320e-03  -1.537703e-02   1.738921e+00   1.728579e+00   9.994287e-02   8.371450e-10   3.104052e-03   1.745046e+00   1.734938e+00   8.994858e-01   7.379996e-09   3.036276e-03
   167   1.561812e+00   1.543938e+00   9.985679e-01   8.075657e-08   4.610529e-03  -1.351544e-02   1.759821e+00   1.749496e+00   9.994845e-02   6.548784e-10   2.967307e-03   1.765483e+00   1.755385e+00   8.995361e-01   5.786977e-09   2.908943e-03
   168   1.598328e+00   1.580453e+00   9.988085e-01   5.194978e-08   4.252165e-03  -1.183975e-02   1.780671e+00   1.770371e+00   9.995349e-02   5.127531e-10   2.838528e-03   1.785886e+00   1.775804e+00   8.995814e-01   4.542226e-09   2.788880e-03
   169   1.634843e+00   1.616969e+00   9.990084e-01   3.346009e-08   3.923042e-03  -1.033877e-02   1.801457e+00   1.791188e+00   9.995804e-02   4.019236e-10   2.717586e-03   1.806235e+00   1.796180e+00   8.996223e-01   3.569627e-09   2.676079e-03
   170   1.671359e+00   1.653485e+00   9.991746e-01   2.157954e-08   3.621209e-03  -8.956710e-03   1.822160e+00   1.811931e+00   9.996214e-02   3.154889e-10   2.604392e-03   1.826509e+00   1.816491e+00   8.996593e-01   2.809631e-09   2.570568e-03
   171   1.707875e+00   1.690000e+00   9.993130e-01   1.393841e-08   3.345195e-03  -7.608228e-03   1.842758e+00   1.832581e+00   9.996584e-02   2.480664e-10   2.498899e-03   1.846681e+00   1.836712e+00   8.996926e-01   2.215667e-09   2.472412e-03
   172   1.744390e+00   1.726516e+00   9.994284e-01   9.017237e-09   3.093571e-03  -6.280013e-03   1.863227e+00   1.853113e+00   9.996918e-02   1.954588e-10   2.401106e-03   1.866721e+00   1.856817e+00   8.997226e-01   1.751330e-09   2.381709e-03
   173   1.780906e+00   1.763032e+00   9.995239e-01   5.843993e-09   2.865275e-03  -4.963119e-03   1.883535e+00   1.873500e+00   9.997219e-02   1.543936e-10   2.311050e-03   1.886596e+00   1.876772e+00   8.997498e-01   1.388173e-09   2.298595e-03
   174   1.817422e+00   1.799547e+00   9.996039e-01   3.795259e-09   2.659548e-03  -3.545896e-03   1.903650e+00   1.893709e+00   9.997491e-02   1.223204e-10   2.228811e-03   1.906265e+00   1.896542e+00   8.997742e-01   1.103975e-09   2.223241e-03
   175   1.853937e+00   1.836063e+00   9.996711e-01   2.470860e-09   2.476133e-03  -1.901590e-03   1.923532e+00   1.913705e+00   9.997737e-02   9.725146e-11   2.154508e-03   1.925687e+00   1.916085e+00   8.997963e-01   8.813836e-10   2.155848e-03
   176   1.890453e+00   1.872579e+00   9.997277e-01   1.613692e-09   2.315741e-03   2.405379e-04   1.943138e+00   1.933445e+00   9.997958e-02   7.763685e-11   2.088329e-03   1.944814e+00   1.935356e+00   8.998162e-01   7.068544e-10   2.096647e-03
   177   1.926969e+00   1.909094e+00   9.997754e-01   1.057843e-09   2.178911e-03   2.751809e-03   1.962423e+00   1.952887e+00   9.998158e-02   6.226075e-11   2.030793e-03   1.963594e+00   1.954306e+00   8.998342e-01   5.697963e-10   2.045969e-03
   178   1.963484e+00   1.945610e+00   9.998158e-01   6.966559e-10   2.067426e-03   5.926200e-03   1.981361e+00   1.971995e+00   9.998338e-02   5.013248e-11   1.984356e-03   1.981986e+00   1.972887e+00   8.998504e-01   4.617491e-10   2.005060e-03
   179   2.000000e+00   1.982126e+00   9.998500e-01   4.601009e-10   1.990729e-03   8.205977e-03   2.000000e+00   1.990780e+00   9.998500e-02   4.036313e-11   1.958502e-03   2.000000e+00   1.991086e+00   8.998650e-01   3.750714e-10   1.981205e-03
