     i          log_r       log_rmid          m_tot        rho_tot         v2_tot            eta     lgr[heavy]    lgrm[heavy]       m[heavy]     rho[heavy]      v2[heavy]     lgr[light]    lgrm[light]       m[light]     rho[light]      v2[light]
     0  -4.873062e+00  -5.174092e+00   1.008299e-07   1.249748e+08   3.078248e-01            nan  -4.873062e+00  -5.174092e+00   9.998500e-08   1.248083e+08   3.071065e-01  -3.090142e+00  -3.391172e+00   8.998650e-07   5.031809e+03   5.889111e-01
     1  -4.834665e+00  -4.853440e+00   1.309343e-07   1.232440e+08   3.074290e-01            nan  -4.850451e+00  -4.861610e+00   1.166721e-07   1.232177e+08   3.070803e-01  -3.050664e+00  -3.069955e+00   1.050049e-06   2.678684e+03   5.516797e-01
     2  -4.796268e+00  -4.815043e+00   1.700612e-07   1.229234e+08   3.073951e-01            nan  -4.827850e+00  -4.839004e+00   1.361439e-07   1.230449e+08   3.070774e-01  -3.011768e+00  -3.030781e+00   1.225295e-06   2.420276e+03   5.449840e-01
     3  -4.757871e+00  -4.776646e+00   2.208956e-07   1.225416e+08   3.073627e-01            nan  -4.805253e+00  -4.816405e+00   1.588651e-07   1.228538e+08   3.070742e-01  -2.973423e+00  -2.992172e+00   1.429786e-06   2.194175e+03   5.379284e-01
     4  -4.719474e+00  -4.738249e+00   2.869036e-07   1.220913e+08   3.073314e-01            nan  -4.782658e+00  -4.793809e+00   1.853780e-07   1.226426e+08   3.070707e-01  -2.935601e+00  -2.954100e+00   1.668402e-06   1.995440e+03   5.305579e-01
     5  -4.681077e+00  -4.699852e+00   3.725582e-07   1.215623e+08   3.073009e-01            nan  -4.760059e+00  -4.771211e+00   2.163150e-07   1.224092e+08   3.070669e-01  -2.898270e+00  -2.916535e+00   1.946835e-06   1.819886e+03   5.229186e-01
     6  -4.642680e+00  -4.661455e+00   4.836288e-07   1.209360e+08   3.072707e-01            nan  -4.737454e+00  -4.748609e+00   2.524142e-07   1.221512e+08   3.070626e-01  -2.861395e+00  -2.879441e+00   2.271728e-06   1.663835e+03   5.151257e-01
     7  -4.604283e+00  -4.623058e+00   6.275159e-07   1.201940e+08   3.072403e-01            nan  -4.714838e+00  -4.725998e+00   2.945370e-07   1.218661e+08   3.070579e-01  -2.824942e+00  -2.842786e+00   2.650833e-06   1.524641e+03   5.071638e-01
     8  -4.565886e+00  -4.584661e+00   8.136875e-07   1.193245e+08   3.072094e-01            nan  -4.692208e+00  -4.703375e+00   3.436881e-07   1.215509e+08   3.070527e-01  -2.788867e+00  -2.806530e+00   3.093193e-06   1.399405e+03   4.992222e-01
     9  -4.527489e+00  -4.546264e+00   1.054297e-06   1.183032e+08   3.071774e-01            nan  -4.669560e+00  -4.680736e+00   4.010398e-07   1.212027e+08   3.070469e-01  -2.753134e+00  -2.770633e+00   3.609358e-06   1.286509e+03   4.912501e-01
    10  -4.489092e+00  -4.507867e+00   1.364767e-06   1.170940e+08   3.071435e-01            nan  -4.646890e+00  -4.658077e+00   4.679601e-07   1.208179e+08   3.070405e-01  -2.717698e+00  -2.735055e+00   4.211641e-06   1.183867e+03   4.834203e-01
    11  -4.450695e+00  -4.469470e+00   1.764501e-06   1.156863e+08   3.071074e-01            nan  -4.624195e+00  -4.635395e+00   5.460446e-07   1.203928e+08   3.070334e-01  -2.682519e+00  -2.699752e+00   4.914402e-06   1.090328e+03   4.757158e-01
    12  -4.412298e+00  -4.431073e+00   2.278258e-06   1.140478e+08   3.070684e-01            nan  -4.601470e+00  -4.612684e+00   6.371554e-07   1.199234e+08   3.070256e-01  -2.647553e+00  -2.664684e+00   5.734398e-06   1.004644e+03   4.682100e-01
    13  -4.373901e+00  -4.392676e+00   2.936800e-06   1.121236e+08   3.070254e-01            nan  -4.578711e+00  -4.589942e+00   7.434644e-07   1.194050e+08   3.070169e-01  -2.612762e+00  -2.629809e+00   6.691180e-06   9.258709e+02   4.609410e-01
    14  -4.335504e+00  -4.354279e+00   3.777953e-06   1.099109e+08   3.069781e-01            nan  -4.555913e+00  -4.567162e+00   8.675058e-07   1.188329e+08   3.070074e-01  -2.578109e+00  -2.595090e+00   7.807552e-06   8.533373e+02   4.538920e-01
    15  -4.297107e+00  -4.315882e+00   4.849486e-06   1.073608e+08   3.069253e-01            nan  -4.533070e+00  -4.544341e+00   1.012236e-06   1.182016e+08   3.069968e-01  -2.543556e+00  -2.560489e+00   9.110122e-06   7.862700e+02   4.471334e-01
    16  -4.258710e+00  -4.277485e+00   6.207817e-06   1.044239e+08   3.068658e-01            nan  -4.510178e+00  -4.521473e+00   1.181103e-06   1.175053e+08   3.069850e-01  -2.509077e+00  -2.525975e+00   1.062993e-05   7.243468e+02   4.405764e-01
    17  -4.220313e+00  -4.239088e+00   7.922064e-06   1.011173e+08   3.067995e-01            nan  -4.487229e+00  -4.498552e+00   1.378130e-06   1.167376e+08   3.069721e-01  -2.474641e+00  -2.491518e+00   1.240317e-05   6.669441e+02   4.343062e-01
    18  -4.181916e+00  -4.200691e+00   1.007514e-05   9.734371e+07   3.067241e-01            nan  -4.464218e+00  -4.475571e+00   1.608010e-06   1.158918e+08   3.069577e-01  -2.440229e+00  -2.457094e+00   1.447209e-05   6.139112e+02   4.281904e-01
    19  -4.143519e+00  -4.162294e+00   1.275813e-05   9.316016e+07   3.066397e-01            nan  -4.441136e+00  -4.452523e+00   1.876216e-06   1.149603e+08   3.069418e-01  -2.405819e+00  -2.422683e+00   1.688595e-05   5.647511e+02   4.223181e-01
    20  -4.105122e+00  -4.123897e+00   1.608673e-05   8.851274e+07   3.065445e-01            nan  -4.417975e+00  -4.429401e+00   2.189133e-06   1.139353e+08   3.069243e-01  -2.371399e+00  -2.388268e+00   1.970220e-05   5.193388e+02   4.165661e-01
    21  -4.066725e+00  -4.085500e+00   2.016974e-05   8.345431e+07   3.064380e-01            nan  -4.394725e+00  -4.406194e+00   2.554206e-06   1.128080e+08   3.069049e-01  -2.336956e+00  -2.353836e+00   2.298786e-05   4.773216e+02   4.109884e-01
    22  -4.028328e+00  -4.047103e+00   2.515283e-05   7.797768e+07   3.063187e-01            nan  -4.371378e+00  -4.382895e+00   2.980121e-06   1.115694e+08   3.068835e-01  -2.302483e+00  -2.319378e+00   2.682109e-05   4.385400e+02   4.055051e-01
    23  -3.989932e+00  -4.008706e+00   3.115907e-05   7.221014e+07   3.061869e-01            nan  -4.347920e+00  -4.359490e+00   3.477003e-06   1.102097e+08   3.068598e-01  -2.267974e+00  -2.284886e+00   3.129303e-05   4.027235e+02   4.001509e-01
    24  -3.951535e+00  -3.970309e+00   3.832972e-05   6.610929e+07   3.060396e-01            nan  -4.324339e+00  -4.335969e+00   4.056664e-06   1.087186e+08   3.068336e-01  -2.233426e+00  -2.250357e+00   3.650997e-05   3.696996e+02   3.948799e-01
    25  -3.913138e+00  -3.931912e+00   4.681863e-05   5.989740e+07   3.058785e-01            nan  -4.300620e+00  -4.312318e+00   4.732872e-06   1.070854e+08   3.068047e-01  -2.198836e+00  -2.215787e+00   4.259585e-05   3.392488e+02   3.897151e-01
    26  -3.874741e+00  -3.893515e+00   5.670997e-05   5.366185e+07   3.057026e-01            nan  -4.276748e+00  -4.288520e+00   5.521683e-06   1.052987e+08   3.067727e-01  -2.164204e+00  -2.181175e+00   4.969515e-05   3.112012e+02   3.846351e-01
    27  -3.836344e+00  -3.855118e+00   6.809850e-05   4.743450e+07   3.055089e-01            nan  -4.252704e+00  -4.264559e+00   6.441814e-06   1.033470e+08   3.067375e-01  -2.129528e+00  -2.146520e+00   5.797633e-05   2.853750e+02   3.796516e-01
    28  -3.797947e+00  -3.816721e+00   8.108215e-05   4.143074e+07   3.052989e-01            nan  -4.228466e+00  -4.240416e+00   7.515084e-06   1.012185e+08   3.066986e-01  -2.094811e+00  -2.111823e+00   6.763576e-05   2.616111e+02   3.747600e-01
    29  -3.759550e+00  -3.778324e+00   9.569770e-05   3.575118e+07   3.050715e-01            nan  -4.204013e+00  -4.216068e+00   8.766923e-06   9.890151e+07   3.066556e-01  -2.060053e+00  -2.077084e+00   7.890231e-05   2.397575e+02   3.699604e-01
    30  -3.721153e+00  -3.739927e+00   1.119455e-04   3.048238e+07   3.048256e-01            nan  -4.179318e+00  -4.191490e+00   1.022697e-05   9.638437e+07   3.066082e-01  -2.025256e+00  -2.042306e+00   9.204273e-05   2.196683e+02   3.652602e-01
    31  -3.682756e+00  -3.701530e+00   1.297950e-04   2.569098e+07   3.045594e-01            nan  -4.154351e+00  -4.166655e+00   1.192976e-05   9.365607e+07   3.065559e-01  -1.990422e+00  -2.007490e+00   1.073678e-04   2.012165e+02   3.606483e-01
    32  -3.644359e+00  -3.663133e+00   1.491984e-04   2.141952e+07   3.042709e-01            nan  -4.129077e+00  -4.141530e+00   1.391553e-05   9.070650e+07   3.064982e-01  -1.955555e+00  -1.972639e+00   1.252398e-04   1.842701e+02   3.561404e-01
    33  -3.605962e+00  -3.624736e+00   1.701113e-04   1.768465e+07   3.039580e-01            nan  -4.103459e+00  -4.116079e+00   1.623115e-05   8.752693e+07   3.064346e-01  -1.920658e+00  -1.937756e+00   1.460803e-04   1.687224e+02   3.517158e-01
    34  -3.567565e+00  -3.586339e+00   1.925180e-04   1.447797e+07   3.036184e-01            nan  -4.077452e+00  -4.090261e+00   1.893121e-05   8.411055e+07   3.063645e-01  -1.885734e+00  -1.902845e+00   1.703808e-04   1.544558e+02   3.473947e-01
    35  -3.529168e+00  -3.547942e+00   2.162001e-04   1.176914e+07   3.032514e-01            nan  -4.051006e+00  -4.064028e+00   2.207926e-05   8.045320e+07   3.062871e-01  -1.850787e+00  -1.867909e+00   1.987134e-04   1.413800e+02   3.431494e-01
    36  -3.490771e+00  -3.509545e+00   2.408322e-04   9.489383e+06   3.028357e-01            nan  -4.024062e+00  -4.037325e+00   2.574932e-05   7.655409e+07   3.062017e-01  -1.815820e+00  -1.832952e+00   2.317439e-04   1.293918e+02   3.390008e-01
    37  -3.452374e+00  -3.471148e+00   2.668809e-04   7.618725e+06   3.023766e-01            nan  -3.996553e+00  -4.010089e+00   3.002750e-05   7.241672e+07   3.061074e-01  -1.780841e+00  -1.797978e+00   2.702475e-04   1.184141e+02   3.349167e-01
    38  -3.413977e+00  -3.432751e+00   2.943137e-04   6.098770e+06   3.018804e-01            nan  -3.968401e+00  -3.982249e+00   3.501400e-05   6.804985e+07   3.060033e-01  -1.745851e+00  -1.762993e+00   3.151260e-04   1.083578e+02   3.309150e-01
    39  -3.375580e+00  -3.394354e+00   3.221597e-04   4.864808e+06   3.013045e-01            nan  -3.939517e+00  -3.953719e+00   4.082538e-05   6.346858e+07   3.058881e-01  -1.710857e+00  -1.728001e+00   3.674284e-04   9.915611e+01   3.269618e-01
    40  -3.337183e+00  -3.355957e+00   3.518058e-04   3.877383e+06   3.006553e-01            nan  -3.909794e+00  -3.924402e+00   4.759714e-05   5.869544e+07   3.057605e-01  -1.675864e+00  -1.693008e+00   4.283742e-04   9.073343e+01   3.230687e-01
    41  -3.298786e+00  -3.317560e+00   3.820100e-04   3.088302e+06   2.999468e-01            nan  -3.879110e+00  -3.894181e+00   5.548679e-05   5.376144e+07   3.056188e-01  -1.640877e+00  -1.658018e+00   4.993811e-04   8.303129e+01   3.192026e-01
    42  -3.260389e+00  -3.279163e+00   4.138368e-04   2.462686e+06   2.990790e-01            nan  -3.847319e+00  -3.862924e+00   6.467734e-05   4.870703e+07   3.054612e-01  -1.605903e+00  -1.623038e+00   5.820960e-04   7.598618e+01   3.153661e-01
    43  -3.221992e+00  -3.240766e+00   4.466697e-04   1.964513e+06   2.981750e-01            nan  -3.814250e+00  -3.830470e+00   7.538125e-05   4.358276e+07   3.052849e-01  -1.570947e+00  -1.588074e+00   6.784313e-04   6.954622e+01   3.115308e-01
    44  -3.183595e+00  -3.202369e+00   4.811902e-04   1.573208e+06   2.970089e-01            nan  -3.779700e+00  -3.796632e+00   8.784517e-05   3.844946e+07   3.050871e-01  -1.536016e+00  -1.553131e+00   7.906065e-04   6.365880e+01   3.076882e-01
    45  -3.145198e+00  -3.163972e+00   5.170104e-04   1.260614e+06   2.958187e-01            nan  -3.743430e+00  -3.761187e+00   1.023551e-04   3.337782e+07   3.048635e-01  -1.501115e+00  -1.518215e+00   9.211963e-04   5.827713e+01   3.038196e-01
    46  -3.106801e+00  -3.125575e+00   5.549595e-04   1.015979e+06   2.942748e-01            nan  -3.705154e+00  -3.723870e+00   1.192428e-04   2.844694e+07   3.046088e-01  -1.466250e+00  -1.483333e+00   1.073185e-03   5.335815e+01   2.999049e-01
    47  -3.068404e+00  -3.087178e+00   5.945152e-04   8.197786e+05   2.926811e-01   4.619610e-01  -3.664535e+00  -3.684369e+00   1.388921e-04   2.374164e+07   3.043159e-01  -1.431424e+00  -1.448488e+00   1.250029e-03   4.885899e+01   2.959417e-01
    48  -3.030007e+00  -3.048781e+00   6.367593e-04   6.653297e+05   2.906832e-01   4.598782e-01  -3.621176e+00  -3.642314e+00   1.617478e-04   1.934836e+07   3.039745e-01  -1.396644e+00  -1.413686e+00   1.455730e-03   4.474502e+01   2.918987e-01
    49  -2.991610e+00  -3.010384e+00   6.812092e-04   5.413233e+05   2.885218e-01   4.564997e-01  -3.574617e+00  -3.597273e+00   1.883238e-04   1.534939e+07   3.035706e-01  -1.361909e+00  -1.378929e+00   1.694914e-03   4.097629e+01   2.877994e-01
    50  -2.953213e+00  -2.971987e+00   7.287759e-04   4.423507e+05   2.860289e-01   4.533201e-01  -3.524337e+00  -3.548750e+00   2.192140e-04   1.181572e+07   3.030833e-01  -1.327221e+00  -1.344218e+00   1.972926e-03   3.752553e+01   2.836032e-01
    51  -2.914816e+00  -2.933590e+00   7.796518e-04   3.630054e+05   2.832240e-01   4.503329e-01  -3.469771e+00  -3.496198e+00   2.551039e-04   8.798941e+06   3.024819e-01  -1.292575e+00  -1.309553e+00   2.295935e-03   3.435671e+01   2.793578e-01
    52  -2.876419e+00  -2.895193e+00   8.340979e-04   2.985765e+05   2.802306e-01   4.473332e-01  -3.410358e+00  -3.439049e+00   2.967831e-04   6.323652e+06   3.017196e-01  -1.257969e+00  -1.274928e+00   2.671048e-03   3.144654e+01   2.750369e-01
    53  -2.838022e+00  -2.856796e+00   8.930220e-04   2.468776e+05   2.767583e-01   4.451279e-01  -3.345625e+00  -3.376786e+00   3.451610e-04   4.381935e+06   3.007238e-01  -1.223392e+00  -1.240336e+00   3.106449e-03   2.876685e+01   2.706810e-01
    54  -2.799625e+00  -2.818399e+00   9.563814e-04   2.042779e+05   2.732570e-01   4.427326e-01  -3.275336e+00  -3.309060e+00   4.012824e-04   2.932326e+06   2.993832e-01  -1.188832e+00  -1.205768e+00   3.611542e-03   2.629582e+01   2.663019e-01
    55  -2.761228e+00  -2.780002e+00   1.025217e-03   1.698587e+05   2.692024e-01   4.416150e-01  -3.199681e+00  -3.235863e+00   4.663463e-04   1.904926e+06   2.975297e-01  -1.154275e+00  -1.171210e+00   4.197117e-03   2.401376e+01   2.619163e-01
    56  -2.722831e+00  -2.741605e+00   1.099786e-03   1.412492e+05   2.652217e-01   4.403190e-01  -3.119436e+00  -3.157707e+00   5.417261e-04   1.212693e+06   2.949282e-01  -1.119701e+00  -1.136644e+00   4.875535e-03   2.190078e+01   2.575755e-01
    57  -2.684434e+00  -2.703208e+00   1.180832e-03   1.178263e+05   2.607824e-01   4.404008e-01  -3.035986e+00  -3.075710e+00   6.289911e-04   7.661895e+05   2.912900e-01  -1.085090e+00  -1.102051e+00   5.660920e-03   1.994408e+01   2.532732e-01
    58  -2.646037e+00  -2.664811e+00   1.269098e-03   9.829853e+04   2.564283e-01   4.405221e-01  -2.951092e+00  -2.991468e+00   7.299314e-04   4.868394e+05   2.863403e-01  -1.050422e+00  -1.067410e+00   6.569382e-03   1.812968e+01   2.490468e-01
    59  -2.607640e+00  -2.626414e+00   1.364998e-03   8.206488e+04   2.518775e-01   4.416294e-01  -2.866477e+00  -2.906727e+00   8.465830e-04   3.143533e+05   2.799299e-01  -1.015675e+00  -1.032701e+00   7.619247e-03   1.644774e+01   2.448988e-01
    60  -2.569243e+00  -2.588017e+00   1.469570e-03   6.852183e+04   2.474035e-01   4.429824e-01  -2.783442e+00  -2.822978e+00   9.812558e-04   2.073692e+05   2.721384e-01  -9.808328e-01  -9.979047e-01   8.831303e-03   1.489067e+01   2.408099e-01
    61  -2.530846e+00  -2.549620e+00   1.583113e-03   5.714728e+04   2.429709e-01   4.448051e-01  -2.702692e+00  -2.741193e+00   1.136562e-03   1.397689e+05   2.632926e-01  -9.458781e-01  -9.630039e-01   1.022906e-02   1.344994e+01   2.368021e-01
    62  -2.492449e+00  -2.511223e+00   1.706664e-03   4.766003e+04   2.386367e-01   4.468847e-01  -2.624376e+00  -2.661771e+00   1.315444e-03   9.590084e+04   2.538868e-01  -9.107994e-01  -9.279846e-01   1.183900e-02   1.212007e+01   2.328464e-01
    63  -2.454052e+00  -2.472826e+00   1.840611e-03   3.964692e+04   2.345452e-01   4.488109e-01  -2.548249e+00  -2.584647e+00   1.521208e-03   6.661340e+04   2.444558e-01  -8.755900e-01  -8.928380e-01   1.369088e-02   1.089563e+01   2.289130e-01
    64  -2.415655e+00  -2.434429e+00   1.985853e-03   3.297738e+04   2.305689e-01   4.509206e-01  -2.473843e+00  -2.509455e+00   1.757548e-03   4.656711e+04   2.354626e-01  -8.402453e-01  -8.575582e-01   1.581793e-02   9.770415e+00   2.250097e-01
    65  -2.377258e+00  -2.396032e+00   2.142880e-03   2.734457e+04   2.269569e-01   4.523711e-01  -2.400616e+00  -2.435688e+00   2.028572e-03   3.259774e+04   2.272230e-01  -8.047645e-01  -8.221426e-01   1.825715e-02   8.739178e+00   2.211138e-01
    66  -2.338861e+00  -2.357635e+00   2.312627e-03   2.266794e+04   2.234767e-01   4.538679e-01  -2.328069e+00  -2.362829e+00   2.338830e-03   2.277078e+04   2.198667e-01  -7.691503e-01  -7.865924e-01   2.104947e-02   7.796574e+00   2.172056e-01
    67  -2.300464e+00  -2.319238e+00   2.495486e-03   1.874373e+04   2.203443e-01   4.546047e-01  -2.255829e+00  -2.290449e+00   2.693323e-03   1.584775e+04   2.133367e-01  -7.334070e-01  -7.509111e-01   2.423991e-02   6.937036e+00   2.132865e-01
    68  -2.262067e+00  -2.280841e+00   2.692832e-03   1.549297e+04   2.173554e-01   4.552731e-01  -2.183693e+00  -2.218265e+00   3.097518e-03   1.099058e+04   2.074474e-01  -6.975403e-01  -7.151035e-01   2.787766e-02   6.155120e+00   2.093571e-01
    69  -2.223670e+00  -2.242444e+00   2.904691e-03   1.278652e+04   2.146264e-01   4.553964e-01  -2.111615e+00  -2.146160e+00   3.557342e-03   7.604296e+03   2.019874e-01  -6.615579e-01  -6.791766e-01   3.201608e-02   5.445766e+00   2.054058e-01
    70  -2.185273e+00  -2.204047e+00   3.133294e-03   1.055011e+04   2.120310e-01   4.554209e-01  -2.039664e+00  -2.074151e+00   4.079169e-03   5.256932e+03   1.968090e-01  -6.254698e-01  -6.431391e-01   3.671252e-02   4.804040e+00   2.014226e-01
    71  -2.146876e+00  -2.165650e+00   3.378116e-03   8.699678e+03   2.096063e-01   4.551979e-01  -1.967971e+00  -2.002340e+00   4.669785e-03   3.636073e+03   1.918488e-01  -5.892868e-01  -6.070016e-01   4.202806e-02   4.225058e+00   1.974171e-01
    72  -2.108479e+00  -2.127253e+00   3.642285e-03   7.173721e+03   2.072979e-01   4.549301e-01  -1.896690e+00  -1.930870e+00   5.336336e-03   2.519190e+03   1.870986e-01  -5.530216e-01  -5.707758e-01   4.802703e-02   3.704227e+00   1.933835e-01
    73  -2.070082e+00  -2.088856e+00   3.925293e-03   5.915503e+03   2.051079e-01   4.546124e-01  -1.825985e+00  -1.859900e+00   6.086254e-03   1.750053e+03   1.825723e-01  -5.166889e-01  -5.344754e-01   5.477629e-02   3.237194e+00   1.893129e-01
    74  -2.031685e+00  -2.050459e+00   4.230484e-03   4.879137e+03   2.030259e-01   4.543014e-01  -1.756014e+00  -1.789592e+00   6.927149e-03   1.220085e+03   1.782854e-01  -4.803057e-01  -4.981164e-01   6.234434e-02   2.819789e+00   1.851961e-01
    75  -1.993288e+00  -2.012062e+00   4.558059e-03   4.025700e+03   2.010447e-01   4.540224e-01  -1.686931e+00  -1.720101e+00   7.866679e-03   8.543311e+02   1.742445e-01  -4.438907e-01  -4.617166e-01   7.080011e-02   2.447982e+00   1.810374e-01
    76  -1.954891e+00  -1.973665e+00   4.911137e-03   3.323020e+03   1.991767e-01   4.537615e-01  -1.618878e+00  -1.651573e+00   8.912390e-03   6.012745e+02   1.704431e-01  -4.074648e-01  -4.252960e-01   8.021151e-02   2.117953e+00   1.768324e-01
    77  -1.916494e+00  -1.935268e+00   5.290930e-03   2.744393e+03   1.974079e-01   4.535572e-01  -1.551989e+00  -1.584147e+00   1.007152e-02   4.256041e+02   1.668586e-01  -3.710513e-01  -3.888765e-01   9.064369e-02   1.826106e+00   1.725730e-01
    78  -1.878097e+00  -1.896871e+00   5.700296e-03   2.267909e+03   1.957669e-01   4.533347e-01  -1.486384e+00  -1.517949e+00   1.135078e-02   3.031497e+02   1.634521e-01  -3.346761e-01  -3.524829e-01   1.021570e-01   1.569026e+00   1.682511e-01
    79  -1.839700e+00  -1.858474e+00   6.141625e-03   1.875332e+03   1.942278e-01   4.531640e-01  -1.422169e+00  -1.453091e+00   1.275612e-02   2.173714e+02   1.601700e-01  -2.983676e-01  -3.161425e-01   1.148050e-01   1.343465e+00   1.638667e-01
    80  -1.801303e+00  -1.820077e+00   6.617551e-03   1.551884e+03   1.928306e-01   4.528998e-01  -1.359431e+00  -1.389668e+00   1.429243e-02   1.569426e+02   1.569498e-01  -2.621561e-01  -2.798845e-01   1.286319e-01   1.146340e+00   1.594210e-01
    81  -1.762906e+00  -1.781680e+00   7.131806e-03   1.285190e+03   1.915434e-01   4.526504e-01  -1.298233e+00  -1.327755e+00   1.596333e-02   1.140954e+02   1.537283e-01  -2.260741e-01  -2.437405e-01   1.436700e-01   9.747876e-01   1.549094e-01
    82  -1.724509e+00  -1.743283e+00   7.686899e-03   1.065253e+03   1.903963e-01   4.522736e-01  -1.238609e+00  -1.267399e+00   1.777087e-02   8.349227e+01   1.504536e-01  -1.901570e-01  -2.077444e-01   1.599378e-01   8.261226e-01   1.503282e-01
    83  -1.686112e+00  -1.704886e+00   8.288055e-03   8.837438e+02   1.893697e-01   4.518295e-01  -1.180555e+00  -1.208613e+00   1.971527e-02   6.145783e+01   1.470968e-01  -1.544412e-01  -1.719320e-01   1.774374e-01   6.978283e-01   1.456831e-01
    84  -1.647715e+00  -1.666489e+00   8.937939e-03   7.338838e+02   1.884722e-01   4.512301e-01  -1.124027e+00  -1.151372e+00   2.179475e-02   4.545587e+01   1.436618e-01  -1.189643e-01  -1.363406e-01   1.961527e-01   5.875686e-01   1.409809e-01
    85  -1.609318e+00  -1.628092e+00   9.642963e-03   6.100699e+02   1.876977e-01   4.504682e-01  -1.068937e+00  -1.095609e+00   2.400535e-02   3.373260e+01   1.401875e-01  -8.376522e-02  -1.010083e-01   2.160481e-01   4.932081e-01   1.362239e-01
    86  -1.570921e+00  -1.589695e+00   1.040746e-02   5.077106e+02   1.870336e-01   4.495221e-01  -1.015159e+00  -1.041216e+00   2.634082e-02   2.507318e+01   1.367409e-01  -4.888338e-02  -6.597419e-02   2.370673e-01   4.127853e-01   1.314190e-01
    87  -1.532524e+00  -1.551298e+00   1.123805e-02   4.230206e+02   1.864782e-01   4.483259e-01  -9.625392e-01  -9.880529e-01   2.879262e-02   1.863271e+01   1.334003e-01  -1.435674e-02  -3.127704e-02   2.591336e-01   3.445000e-01   1.265850e-01
    88  -1.494127e+00  -1.512901e+00   1.214156e-02   3.529018e+02   1.860091e-01   4.468874e-01  -9.109058e-01  -9.359556e-01   3.134998e-02   1.382019e+01   1.302386e-01   1.977692e-02   3.045352e-03   2.821498e-01   2.867481e-01   1.217301e-01
    89  -1.455730e+00  -1.474504e+00   1.312500e-02   2.947825e+02   1.856120e-01   4.451883e-01  -8.600910e-01  -8.847556e-01   3.400006e-02   1.021695e+01   1.273001e-01   5.348150e-02   3.695610e-02   3.060005e-01   2.380831e-01   1.168696e-01
    90  -1.417333e+00  -1.436107e+00   1.419805e-02   2.465681e+02   1.852658e-01   4.432475e-01  -8.099470e-01  -8.342957e-01   3.672816e-02   7.521676e+00   1.245935e-01   8.672389e-02   7.042068e-02   3.305535e-01   1.972122e-01   1.120245e-01
    91  -1.378936e+00  -1.397710e+00   1.536908e-02   2.065317e+02   1.849546e-01   4.410351e-01  -7.603561e-01  -7.844441e-01   3.951809e-02   5.511984e+00   1.220880e-01   1.194729e-01   1.034070e-01   3.556628e-01   1.630048e-01   1.072073e-01
    92  -1.340539e+00  -1.359313e+00   1.664985e-02   1.732188e+02   1.846362e-01   4.387274e-01  -7.112344e-01  -7.351011e-01   4.235249e-02   4.020461e+00   1.197317e-01   1.517020e-01   1.358864e-01   3.811724e-01   1.344560e-01   1.024429e-01
    93  -1.302142e+00  -1.320916e+00   1.805281e-02   1.454935e+02   1.843178e-01   4.361920e-01  -6.625234e-01  -6.861963e-01   4.521329e-02   2.919001e+00   1.174712e-01   1.833876e-01   1.678337e-01   4.069196e-01   1.107010e-01   9.774591e-02
    94  -1.263745e+00  -1.282519e+00   1.958960e-02   1.223489e+02   1.839491e-01   4.337276e-01  -6.141740e-01  -6.376762e-01   4.808216e-02   2.109278e+00   1.152687e-01   2.145109e-01   1.992280e-01   4.327394e-01   9.098494e-02   9.313668e-02
    95  -1.225348e+00  -1.244122e+00   2.127743e-02   1.030017e+02   1.835329e-01   4.313424e-01  -5.661368e-01  -5.894916e-01   5.094094e-02   1.516575e+00   1.131082e-01   2.450568e-01   2.300523e-01   4.584685e-01   7.466168e-02   8.863122e-02
    96  -1.186951e+00  -1.205725e+00   2.313223e-02   8.682261e+01   1.830723e-01   4.289931e-01  -5.183502e-01  -5.415866e-01   5.377208e-02   1.084428e+00   1.109854e-01   2.750150e-01   2.602941e-01   4.839488e-01   6.117736e-02   8.424525e-02
    97  -1.148554e+00  -1.167328e+00   2.516930e-02   7.320950e+01   1.825336e-01   4.271097e-01  -4.707345e-01  -4.938901e-01   5.655903e-02   7.706066e-01   1.089028e-01   3.043793e-01   2.899453e-01   5.090312e-01   5.006087e-02   7.999268e-02
    98  -1.110157e+00  -1.128931e+00   2.741188e-02   6.176281e+01   1.819663e-01   4.255571e-01  -4.231947e-01  -4.463144e-01   5.928652e-02   5.437945e-01   1.068667e-01   3.331477e-01   3.190017e-01   5.335787e-01   4.091388e-02   7.588435e-02
    99  -1.071760e+00  -1.090534e+00   2.988114e-02   5.213329e+01   1.813708e-01   4.243079e-01  -3.756158e-01  -3.987540e-01   6.194091e-02   3.807132e-01   1.048820e-01   3.613221e-01   3.474633e-01   5.574682e-01   3.340000e-02   7.193029e-02
   100  -1.033363e+00  -1.052137e+00   3.259127e-02   4.398136e+01   1.807837e-01   4.235493e-01  -3.278597e-01  -3.510817e-01   6.451030e-02   2.641385e-01   1.029558e-01   3.889080e-01   3.753340e-01   5.805927e-01   2.723761e-02   6.813649e-02
   101  -9.949658e-01  -1.013740e+00   3.557402e-02   3.708677e+01   1.802311e-01   4.229730e-01  -2.797680e-01  -3.031485e-01   6.698469e-02   1.813959e-01   1.010972e-01   4.159142e-01   4.026210e-01   6.028622e-01   2.219049e-02   6.450872e-02
   102  -9.565688e-01  -9.753430e-01   3.885689e-02   3.126547e+01   1.797089e-01   4.224614e-01  -2.311615e-01  -2.547851e-01   6.935597e-02   1.231487e-01   9.931475e-02   4.423524e-01   4.293344e-01   6.242038e-01   1.806245e-02   6.104848e-02
   103  -9.181718e-01  -9.369460e-01   4.245765e-02   2.634624e+01   1.792224e-01   4.218912e-01  -1.818338e-01  -2.057977e-01   7.161799e-02   8.252455e-02   9.762118e-02   4.682371e-01   4.554875e-01   6.445619e-01   1.468979e-02   5.775778e-02
   104  -8.797748e-01  -8.985491e-01   4.640435e-02   2.216902e+01   1.788224e-01   4.208452e-01  -1.315628e-01  -1.559714e-01   7.376638e-02   5.451236e-02   9.603097e-02   4.935847e-01   4.810958e-01   6.638974e-01   1.193755e-02   5.463426e-02
   105  -8.413778e-01  -8.601521e-01   5.073852e-02   1.864875e+01   1.784280e-01   4.193476e-01  -8.011836e-02  -1.050793e-01   7.579851e-02   3.545159e-02   9.455372e-02   5.184141e-01   5.061768e-01   6.821866e-01   9.693520e-03   5.167701e-02
   106  -8.029808e-01  -8.217551e-01   5.549561e-02   1.568420e+01   1.780018e-01   4.173259e-01  -2.727519e-02  -5.289355e-02   7.771330e-02   2.267768e-02   9.319748e-02   5.427451e-01   5.307500e-01   6.994197e-01   7.865719e-03   4.888102e-02
   107  -7.645838e-01  -7.833581e-01   6.070464e-02   1.318829e+01   1.774955e-01   4.146887e-01   2.712401e-02   7.756047e-04   7.951106e-02   1.427577e-02   9.193259e-02   5.665994e-01   5.548360e-01   7.155996e-01   6.378014e-03   4.624285e-02
   108  -7.261868e-01  -7.449611e-01   6.640074e-02   1.108266e+01   1.769156e-01   4.114559e-01   8.311668e-02   5.602210e-02   8.119333e-02   8.860989e-03   9.069115e-02   5.899993e-01   5.784570e-01   7.307399e-01   5.168149e-03   4.375629e-02
   109  -6.877898e-01  -7.065641e-01   7.264919e-02   9.313917e+00   1.761804e-01   4.078363e-01   1.405047e-01   1.127579e-01   8.276263e-02   5.450003e-03   8.930934e-02   6.129683e-01   6.016356e-01   7.448636e-01   4.184905e-03   4.141571e-02
   110  -6.493928e-01  -6.681671e-01   7.950300e-02   7.828158e+00   1.752529e-01   4.038427e-01   1.987341e-01   1.705946e-01   8.422234e-02   3.350651e-03   8.750304e-02   6.355300e-01   6.243956e-01   7.580011e-01   3.386386e-03   3.921466e-02
   111  -6.109958e-01  -6.297701e-01   8.701927e-02   6.579275e+00   1.741106e-01   3.994914e-01   2.568878e-01   2.287836e-01   8.557652e-02   2.082253e-03   8.492977e-02   6.577085e-01   6.467608e-01   7.701887e-01   2.738339e-03   3.714609e-02
   112  -5.725988e-01  -5.913731e-01   9.523608e-02   5.528173e+00   1.727476e-01   3.948143e-01   3.138447e-01   2.862993e-01   8.682971e-02   1.322385e-03   8.134385e-02   6.795283e-01   6.687554e-01   7.814674e-01   2.212722e-03   3.520363e-02
   113  -5.342018e-01  -5.529761e-01   1.042281e-01   4.641799e+00   1.711633e-01   3.897732e-01   3.685866e-01   3.420776e-01   8.798682e-02   8.641905e-04   7.677399e-02   7.010135e-01   6.904037e-01   7.918814e-01   1.786702e-03   3.337997e-02
   114  -4.958048e-01  -5.145791e-01   1.140744e-01   3.895357e+00   1.693263e-01   3.842600e-01   4.204498e-01   3.952919e-01   8.905301e-02   5.819472e-04   7.152702e-02   7.221883e-01   7.117299e-01   8.014771e-01   1.441624e-03   3.166838e-02
   115  -4.574078e-01  -4.761821e-01   1.248459e-01   3.266311e+00   1.672332e-01   3.782014e-01   4.691764e-01   4.454961e-01   9.003354e-02   4.027108e-04   6.601400e-02   7.430764e-01   7.327579e-01   8.103019e-01   1.162294e-03   3.006216e-02
   116  -4.190108e-01  -4.377851e-01   1.366156e-01   2.735896e+00   1.648843e-01   3.715237e-01   5.148133e-01   4.925940e-01   9.093373e-02   2.851146e-04   6.058156e-02   7.637012e-01   7.535112e-01   8.184036e-01   9.363473e-04   2.855451e-02
   117  -3.806138e-01  -3.993881e-01   1.494360e-01   2.288473e+00   1.622776e-01   3.641157e-01   5.575741e-01   5.367197e-01   9.175884e-02   2.056317e-04   5.544865e-02   7.840855e-01   7.740129e-01   8.258295e-01   7.537060e-04   2.713922e-02
   118  -3.422168e-01  -3.609911e-01   1.633827e-01   1.910674e+00   1.594224e-01   3.557933e-01   5.977387e-01   5.781205e-01   9.251402e-02   1.505328e-04   5.071852e-02   8.042515e-01   7.942855e-01   8.326262e-01   6.061809e-04   2.581011e-02
   119  -3.038198e-01  -3.225941e-01   1.785459e-01   1.592266e+00   1.563054e-01   3.464401e-01   6.355992e-01   6.170814e-01   9.320429e-02   1.115247e-04   4.642253e-02   8.242207e-01   8.143509e-01   8.388386e-01   4.871140e-04   2.456120e-02
   120  -2.654228e-01  -2.841971e-01   1.949950e-01   1.324035e+00   1.529338e-01   3.359372e-01   6.714325e-01   6.538853e-01   9.383445e-02   8.342456e-05   4.255282e-02   8.440137e-01   8.342299e-01   8.445100e-01   3.910911e-04   2.338699e-02
   121  -2.270258e-01  -2.458001e-01   2.127945e-01   1.098265e+00   1.493115e-01   3.241280e-01   7.054831e-01   6.887914e-01   9.440910e-02   6.290612e-05   3.907901e-02   8.636503e-01   8.539430e-01   8.496819e-01   3.137171e-04   2.228222e-02
   122  -1.886288e-01  -2.074031e-01   2.319520e-01   9.084094e-01   1.454411e-01   3.108026e-01   7.379680e-01   7.220292e-01   9.493262e-02   4.774658e-05   3.596451e-02   8.831495e-01   8.735093e-01   8.543935e-01   2.514247e-04   2.124181e-02
   123  -1.502318e-01  -1.690061e-01   2.525222e-01   7.487902e-01   1.413272e-01   2.955862e-01   7.690759e-01   7.538004e-01   9.540910e-02   3.643837e-05   3.317193e-02   9.025292e-01   8.929475e-01   8.586819e-01   2.013187e-04   2.026111e-02
   124  -1.118348e-01  -1.306091e-01   2.745679e-01   6.151096e-01   1.369864e-01   2.785204e-01   7.989701e-01   7.842802e-01   9.584241e-02   2.793583e-05   3.066409e-02   9.218064e-01   9.122748e-01   8.625817e-01   1.610513e-04   1.933581e-02
   125  -7.343783e-02  -9.221212e-02   2.981071e-01   5.034045e-01   1.324287e-01   2.594528e-01   8.277935e-01   8.136209e-01   9.623618e-02   2.149881e-05   2.840872e-02   9.409971e-01   9.315078e-01   8.661256e-01   1.287211e-04   1.846179e-02
   126  -3.504083e-02  -5.381512e-02   3.231080e-01   4.102959e-01   1.276719e-01   2.382481e-01   8.556699e-01   8.419553e-01   9.659376e-02   1.659784e-05   2.637558e-02   9.601163e-01   9.506619e-01   8.693438e-01   1.027880e-04   1.763528e-02
   127   3.356167e-03  -1.541812e-02   3.495533e-01   3.329114e-01   1.227400e-01   2.147200e-01   8.827077e-01   8.693992e-01   9.691827e-02   1.284836e-05   2.453871e-02   9.791779e-01   9.697517e-01   8.722644e-01   8.200592e-05   1.685279e-02
   128   4.175316e-02   2.297887e-02   3.774278e-01   2.688378e-01   1.176470e-01   1.891823e-01   9.090031e-01   8.960544e-01   9.721261e-02   9.967672e-06   2.287524e-02   9.981950e-01   9.887905e-01   8.749135e-01   6.536756e-05   1.611116e-02
   129   8.015016e-02   6.137587e-02   4.066499e-01   2.159749e-01   1.124222e-01   1.616904e-01   9.346394e-01   9.220104e-01   9.747945e-02   7.747217e-06   2.136460e-02   1.017180e+00   1.007791e+00   8.773151e-01   5.205941e-05   1.540741e-02
   130   1.185472e-01   9.977287e-02   4.370861e-01   1.725533e-01   1.070886e-01   1.327182e-01   9.596913e-01   9.473460e-01   9.772124e-02   6.030472e-06   1.998952e-02   1.036143e+00   1.026765e+00   8.794912e-01   4.142500e-05   1.473886e-02
   131   1.569442e-01   1.381699e-01   4.684889e-01   1.370018e-01   1.016633e-01   1.030246e-01   9.842249e-01   9.721313e-01   9.794025e-02   4.699883e-06   1.873451e-02   1.055095e+00   1.045722e+00   8.814623e-01   3.293509e-05   1.410303e-02
   132   1.953412e-01   1.765669e-01   5.007854e-01   1.080138e-01   9.616933e-02   7.236889e-02   1.008299e+00   9.964286e-01   9.813854e-02   3.666595e-06   1.758594e-02   1.074046e+00   1.064674e+00   8.832469e-01   2.616346e-05   1.349771e-02
   133   2.337381e-01   2.149639e-01   5.337959e-01   8.458054e-02   9.066334e-02   4.316669e-02   1.031965e+00   1.020293e+00   9.831802e-02   2.862772e-06   1.653221e-02   1.093003e+00   1.083628e+00   8.848622e-01   2.076726e-05   1.292084e-02
   134   2.721351e-01   2.533609e-01   5.673493e-01   6.575094e-02   8.518289e-02   1.585316e-02   1.055270e+00   1.043774e+00   9.848042e-02   2.236570e-06   1.556300e-02   1.111974e+00   1.102592e+00   8.863237e-01   1.647096e-05   1.237059e-02
   135   3.105321e-01   2.917579e-01   6.009409e-01   5.070318e-02   7.975891e-02  -1.037353e-02   1.078256e+00   1.066915e+00   9.862732e-02   1.748191e-06   1.466923e-02   1.130968e+00   1.121575e+00   8.876458e-01   1.305337e-05   1.184526e-02
   136   3.489291e-01   3.301548e-01   6.344005e-01   3.873305e-02   7.439317e-02  -3.244935e-02   1.100961e+00   1.089757e+00   9.876016e-02   1.366967e-06   1.384299e-02   1.149989e+00   1.140582e+00   8.888415e-01   1.033708e-05   1.134331e-02
   137   3.873261e-01   3.685518e-01   6.676118e-01   2.933344e-02   6.916370e-02  -5.117884e-02   1.123416e+00   1.112334e+00   9.888027e-02   1.069162e-06   1.307740e-02   1.169043e+00   1.159620e+00   8.899225e-01   8.179994e-06   1.086337e-02
   138   4.257231e-01   4.069488e-01   6.998523e-01   2.199698e-02   6.408743e-02  -6.750602e-02   1.145653e+00   1.134677e+00   9.898885e-02   8.363867e-07   1.236639e-02   1.188136e+00   1.178695e+00   8.908996e-01   6.468385e-06   1.040417e-02
   139   4.641201e-01   4.453458e-01   7.312114e-01   1.631877e-02   5.918562e-02  -8.105194e-02   1.167698e+00   1.156816e+00   9.908698e-02   6.543615e-07   1.170460e-02   1.207273e+00   1.197810e+00   8.917828e-01   5.111335e-06   9.964557e-03
   140   5.025171e-01   4.837428e-01   7.611101e-01   1.198230e-02   5.449848e-02  -9.041465e-02   1.189576e+00   1.178775e+00   9.917565e-02   5.119756e-07   1.108731e-02   1.226456e+00   1.216970e+00   8.925808e-01   4.036237e-06   9.543480e-03
   141   5.409141e-01   5.221398e-01   7.895443e-01   8.692263e-03   5.003417e-02  -9.798141e-02   1.211307e+00   1.200577e+00   9.925576e-02   4.005725e-07   1.051039e-02   1.245690e+00   1.236179e+00   8.933019e-01   3.185154e-06   9.139978e-03
   142   5.793111e-01   5.605368e-01   8.159518e-01   6.234170e-03   4.582432e-02  -1.035815e-01   1.232911e+00   1.222243e+00   9.932813e-02   3.133974e-07   9.970203e-03   1.264977e+00   1.255440e+00   8.939532e-01   2.511908e-06   8.753173e-03
   143   6.177081e-01   5.989338e-01   8.404820e-01   4.417371e-03   4.187631e-02  -1.074388e-01   1.254404e+00   1.243790e+00   9.939350e-02   2.451752e-07   9.463525e-03   1.284320e+00   1.274756e+00   8.945415e-01   1.979723e-06   8.382257e-03
   144   6.561051e-01   6.373308e-01   8.628654e-01   3.089965e-03   3.819682e-02  -1.097808e-01   1.275804e+00   1.265236e+00   9.945254e-02   1.917838e-07   8.987502e-03   1.303722e+00   1.294130e+00   8.950729e-01   1.559337e-06   8.026488e-03
   145   6.945021e-01   6.757278e-01   8.829341e-01   2.135363e-03   3.479355e-02  -1.106835e-01   1.297123e+00   1.286594e+00   9.950586e-02   1.500002e-07   8.539605e-03   1.323184e+00   1.313562e+00   8.955527e-01   1.227493e-06   7.685181e-03
   146   7.328991e-01   7.141248e-01   9.008409e-01   1.457674e-03   3.166310e-02  -1.102891e-01   1.318374e+00   1.307878e+00   9.955400e-02   1.173027e-07   8.117584e-03   1.342707e+00   1.333055e+00   8.959860e-01   9.657149e-07   7.357701e-03
   147   7.712961e-01   7.525218e-01   9.166038e-01   9.828834e-04   2.879911e-02  -1.086990e-01   1.339567e+00   1.329100e+00   9.959747e-02   9.171798e-08   7.719438e-03   1.362292e+00   1.352610e+00   8.963772e-01   7.593434e-07   7.043463e-03
   148   8.096931e-01   7.909188e-01   9.303032e-01   6.548391e-04   2.619158e-02  -1.058229e-01   1.360713e+00   1.350269e+00   9.963672e-02   7.170116e-08   7.343379e-03   1.381940e+00   1.372227e+00   8.967304e-01   5.967540e-07   6.741918e-03
   149   8.480901e-01   8.293158e-01   9.420775e-01   4.315324e-04   2.382699e-02  -1.019075e-01   1.381821e+00   1.371395e+00   9.967214e-02   5.604283e-08   6.987810e-03   1.401652e+00   1.391908e+00   8.970493e-01   4.687368e-07   6.452559e-03
   150   8.864871e-01   8.677128e-01   9.520911e-01   2.815164e-04   2.168873e-02  -9.705749e-02   1.402897e+00   1.392487e+00   9.970413e-02   4.379599e-08   6.651299e-03   1.421428e+00   1.411653e+00   8.973371e-01   3.680007e-07   6.174911e-03
   151   9.248841e-01   9.061098e-01   9.605269e-01   1.819741e-04   1.975800e-02  -9.140812e-02   1.423950e+00   1.413551e+00   9.973300e-02   3.421913e-08   6.332558e-03   1.441267e+00   1.431461e+00   8.975970e-01   2.887778e-07   5.908528e-03
   152   9.632811e-01   9.445068e-01   9.675813e-01   1.166965e-04   1.801594e-02  -8.515059e-02   1.444984e+00   1.434594e+00   9.975905e-02   2.673159e-08   6.030431e-03   1.461169e+00   1.451332e+00   8.978315e-01   2.265088e-07   5.652994e-03
   153   1.001678e+00   9.829038e-01   9.734376e-01   7.432530e-05   1.644337e-02  -7.854730e-02   1.466004e+00   1.455621e+00   9.978257e-02   2.087875e-08   5.743869e-03   1.481132e+00   1.471265e+00   8.980432e-01   1.775921e-07   5.407919e-03
   154   1.040075e+00   1.021301e+00   9.782743e-01   4.707520e-05   1.502229e-02  -7.174148e-02   1.487016e+00   1.476637e+00   9.980380e-02   1.630466e-08   5.471927e-03   1.501157e+00   1.491260e+00   8.982342e-01   1.391850e-07   5.172936e-03
   155   1.078472e+00   1.059698e+00   9.822524e-01   2.968124e-05   1.373602e-02  -6.503656e-02   1.508022e+00   1.497646e+00   9.982296e-02   1.273071e-08   5.213747e-03   1.521240e+00   1.511314e+00   8.984066e-01   1.090447e-07   4.947702e-03
   156   1.116869e+00   1.098095e+00   9.855095e-01   1.865002e-05   1.256962e-02  -5.851926e-02   1.529026e+00   1.518651e+00   9.984025e-02   9.938817e-09   4.968553e-03   1.541380e+00   1.531427e+00   8.985622e-01   8.540357e-08   4.731894e-03
   157   1.155266e+00   1.136492e+00   9.881724e-01   1.168907e-05   1.150990e-02  -5.231762e-02   1.550029e+00   1.539654e+00   9.985585e-02   7.758323e-09   4.735638e-03   1.561575e+00   1.551595e+00   8.987027e-01   6.686886e-08   4.525211e-03
   158   1.193663e+00   1.174889e+00   9.903453e-01   7.313291e-06   1.054539e-02  -4.657399e-02   1.571032e+00   1.560657e+00   9.986993e-02   6.055702e-09   4.514362e-03   1.581821e+00   1.571816e+00   8.988294e-01   5.234418e-08   4.327373e-03
   159   1.232060e+00   1.213286e+00   9.921162e-01   4.570610e-06   9.666077e-03  -4.130007e-02   1.592036e+00   1.581661e+00   9.988264e-02   4.726504e-09   4.304144e-03   1.602116e+00   1.592087e+00   8.989438e-01   4.096683e-08   4.138119e-03
   160   1.270457e+00   1.251683e+00   9.935576e-01   2.854998e-06   8.863271e-03  -3.649966e-02   1.613040e+00   1.602665e+00   9.989411e-02   3.689041e-09   4.104457e-03   1.622454e+00   1.612404e+00   8.990470e-01   3.205845e-08   3.957210e-03
   161   1.308854e+00   1.290080e+00   9.947318e-01   1.783198e-06   8.129437e-03  -3.217332e-02   1.634044e+00   1.623669e+00   9.990446e-02   2.879439e-09   3.914827e-03   1.642830e+00   1.632762e+00   8.991401e-01   2.508592e-08   3.784426e-03
   162   1.347251e+00   1.328477e+00   9.956885e-01   1.114059e-06   7.458005e-03  -2.830785e-02   1.655044e+00   1.644671e+00   9.991379e-02   2.247767e-09   3.734824e-03   1.663240e+00   1.653155e+00   8.992241e-01   1.963050e-08   3.619570e-03
   163   1.385648e+00   1.366874e+00   9.964684e-01   6.963884e-07   6.843223e-03  -2.488970e-02   1.676037e+00   1.665667e+00   9.992222e-02   1.755002e-09   3.564066e-03   1.683675e+00   1.673578e+00   8.993000e-01   1.536349e-08   3.462468e-03
   164   1.424045e+00   1.405271e+00   9.971045e-01   4.356412e-07   6.279998e-03  -2.185511e-02   1.697018e+00   1.686654e+00   9.992982e-02   1.370654e-09   3.402215e-03   1.704127e+00   1.694021e+00   8.993684e-01   1.202696e-08   3.312969e-03
   165   1.462442e+00   1.443668e+00   9.976236e-01   2.727803e-07   5.763855e-03  -1.916777e-02   1.717981e+00   1.707626e+00   9.993668e-02   1.070906e-09   3.248972e-03   1.724587e+00   1.714478e+00   8.994301e-01   9.418668e-09   3.170946e-03
   166   1.500839e+00   1.482065e+00   9.980476e-01   1.709856e-07   5.290826e-03  -1.678916e-02   1.738917e+00   1.728575e+00   9.994287e-02   8.371584e-10   3.104082e-03   1.745043e+00   1.734935e+00   8.994858e-01   7.380095e-09   3.036302e-03
   167   1.539236e+00   1.520462e+00   9.983935e-01   1.073033e-07   4.857393e-03  -1.467940e-02   1.759817e+00   1.749493e+00   9.994845e-02   6.548879e-10   2.967333e-03   1.765480e+00   1.755382e+00   8.995361e-01   5.787047e-09   2.908966e-03
   168   1.577633e+00   1.558859e+00   9.986771e-01   6.742331e-08   4.460443e-03  -1.280771e-02   1.780668e+00   1.770367e+00   9.995349e-02   5.127597e-10   2.838550e-03   1.785883e+00   1.775801e+00   8.995814e-01   4.542274e-09   2.788899e-03
   169   1.616030e+00   1.597256e+00   9.989100e-01   4.242150e-08   4.097225e-03  -1.113666e-02   1.801454e+00   1.791185e+00   9.995804e-02   4.019281e-10   2.717604e-03   1.806233e+00   1.796177e+00   8.996223e-01   3.569660e-09   2.676094e-03
   170   1.654427e+00   1.635653e+00   9.991014e-01   2.672875e-08   3.765326e-03  -9.617330e-03   1.822157e+00   1.811929e+00   9.996214e-02   3.154918e-10   2.604406e-03   1.826507e+00   1.816488e+00   8.996593e-01   2.809652e-09   2.570580e-03
   171   1.692824e+00   1.674050e+00   9.992589e-01   1.686686e-08   3.462671e-03  -8.206725e-03   1.842756e+00   1.832578e+00   9.996584e-02   2.480682e-10   2.498910e-03   1.846679e+00   1.836710e+00   8.996926e-01   2.215680e-09   2.472420e-03
   172   1.731221e+00   1.712447e+00   9.993888e-01   1.066197e-08   3.187643e-03  -6.824647e-03   1.863224e+00   1.853111e+00   9.996918e-02   1.954597e-10   2.401113e-03   1.866719e+00   1.856815e+00   8.997226e-01   1.751337e-09   2.381714e-03
   173   1.769618e+00   1.750844e+00   9.994961e-01   6.752541e-09   2.938864e-03  -5.400423e-03   1.883533e+00   1.873497e+00   9.997219e-02   1.543940e-10   2.311052e-03   1.886594e+00   1.876770e+00   8.997498e-01   1.388175e-09   2.298596e-03
   174   1.808015e+00   1.789241e+00   9.995849e-01   4.285991e-09   2.715385e-03  -3.897586e-03   1.903648e+00   1.893707e+00   9.997491e-02   1.223204e-10   2.228809e-03   1.906264e+00   1.896540e+00   8.997742e-01   1.103974e-09   2.223239e-03
   175   1.846412e+00   1.827638e+00   9.996586e-01   2.727556e-09   2.516734e-03  -2.223960e-03   1.923530e+00   1.913703e+00   9.997737e-02   9.725108e-11   2.154501e-03   1.925686e+00   1.916083e+00   8.997963e-01   8.813802e-10   2.155842e-03
   176   1.884809e+00   1.866035e+00   9.997197e-01   1.741356e-09   2.343010e-03  -2.081363e-04   1.943136e+00   1.933444e+00   9.997958e-02   7.763627e-11   2.088318e-03   1.944813e+00   1.935354e+00   8.998162e-01   7.068495e-10   2.096637e-03
   177   1.923206e+00   1.904432e+00   9.997708e-01   1.116183e-09   2.195083e-03   2.346922e-03   1.962422e+00   1.952886e+00   9.998158e-02   6.226004e-11   2.030776e-03   1.963594e+00   1.954305e+00   8.998342e-01   5.697905e-10   2.045955e-03
   178   1.961603e+00   1.942829e+00   9.998138e-01   7.190303e-10   2.074931e-03   5.634646e-03   1.981360e+00   1.971995e+00   9.998338e-02   5.013170e-11   1.984334e-03   1.981985e+00   1.972887e+00   8.998504e-01   4.617427e-10   2.005041e-03
   179   2.000000e+00   1.981226e+00   9.998500e-01   4.648520e-10   1.991892e-03   8.181114e-03   2.000000e+00   1.990780e+00   9.998500e-02   4.036230e-11   1.958474e-03   2.000000e+00   1.991086e+00   8.998650e-01   3.750648e-10   1.981180e-03
