     i          log_r       log_rmid          m_tot        rho_tot         v2_tot            eta     lgr[heavy]    lgrm[heavy]       m[heavy]     rho[heavy]      v2[heavy]     lgr[light]    lgrm[light]       m[light]     rho[light]      v2[light]
     0  -4.712075e+00  -5.013105e+00   1.034190e-07   4.132651e+07   3.320774e-01            nan  -4.712075e+00  -5.013105e+00   9.998500e-08   4.104689e+07   3.288614e-01  -3.185378e+00  -3.486408e+00   8.998650e-07   9.714766e+03   6.273667e-01
     1  -4.674577e+00  -4.692921e+00   1.332250e-07   4.082466e+07   3.303214e-01            nan  -4.689554e+00  -4.700668e+00   1.166721e-07   4.069940e+07   3.288507e-01  -3.143061e+00  -3.163704e+00   1.050049e-06   4.775406e+03   5.952907e-01
     2  -4.637079e+00  -4.655424e+00   1.717048e-07   4.074699e+07   3.301909e-01            nan  -4.667040e+00  -4.678151e+00   1.361439e-07   4.066175e+07   3.288495e-01  -3.101266e+00  -3.121661e+00   1.225295e-06   4.219733e+03   5.889732e-01
     3  -4.599582e+00  -4.617926e+00   2.213805e-07   4.065717e+07   3.300715e-01            nan  -4.644529e+00  -4.655639e+00   1.588651e-07   4.062017e+07   3.288482e-01  -3.059882e+00  -3.080081e+00   1.429786e-06   3.731441e+03   5.821265e-01
     4  -4.562084e+00  -4.580428e+00   2.854964e-07   4.055428e+07   3.299621e-01            nan  -4.622019e+00  -4.633128e+00   1.853780e-07   4.057424e+07   3.288468e-01  -3.018841e+00  -3.038877e+00   1.668402e-06   3.302929e+03   5.748092e-01
     5  -4.524587e+00  -4.542931e+00   3.682323e-07   4.043611e+07   3.298618e-01            nan  -4.599507e+00  -4.610617e+00   2.163150e-07   4.052352e+07   3.288452e-01  -2.978101e+00  -2.997994e+00   1.946835e-06   2.927274e+03   5.671288e-01
     6  -4.487089e+00  -4.505433e+00   4.749633e-07   4.029722e+07   3.297697e-01            nan  -4.576992e+00  -4.588104e+00   2.524142e-07   4.046748e+07   3.288435e-01  -2.937637e+00  -2.957398e+00   2.271728e-06   2.598060e+03   5.590182e-01
     7  -4.449591e+00  -4.467936e+00   6.125650e-07   4.013638e+07   3.296848e-01            nan  -4.554469e+00  -4.565584e+00   2.945370e-07   4.040557e+07   3.288415e-01  -2.897436e+00  -2.917071e+00   2.650833e-06   2.309510e+03   5.507326e-01
     8  -4.412094e+00  -4.430438e+00   7.898880e-07   3.995008e+07   3.296063e-01            nan  -4.531938e+00  -4.543058e+00   3.436881e-07   4.033718e+07   3.288394e-01  -2.857495e+00  -2.877007e+00   3.093193e-06   2.056676e+03   5.421284e-01
     9  -4.374596e+00  -4.392940e+00   1.018244e-06   3.972971e+07   3.295335e-01            nan  -4.509396e+00  -4.520521e+00   4.010398e-07   4.026161e+07   3.288370e-01  -2.817811e+00  -2.837200e+00   3.609358e-06   1.834657e+03   5.335082e-01
    10  -4.337098e+00  -4.355443e+00   1.311984e-06   3.947384e+07   3.294655e-01            nan  -4.486839e+00  -4.497971e+00   4.679601e-07   4.017812e+07   3.288343e-01  -2.778388e+00  -2.797652e+00   4.211641e-06   1.639813e+03   5.247032e-01
    11  -4.299601e+00  -4.317945e+00   1.689529e-06   3.917645e+07   3.294017e-01            nan  -4.464267e+00  -4.475407e+00   5.460446e-07   4.008588e+07   3.288314e-01  -2.739222e+00  -2.758364e+00   4.914402e-06   1.468163e+03   5.160091e-01
    12  -4.262103e+00  -4.280447e+00   2.174154e-06   3.882550e+07   3.293413e-01            nan  -4.441676e+00  -4.452824e+00   6.371554e-07   3.998399e+07   3.288281e-01  -2.700317e+00  -2.719334e+00   5.734398e-06   1.317017e+03   5.072873e-01
    13  -4.224606e+00  -4.242950e+00   2.795095e-06   3.841939e+07   3.292835e-01            nan  -4.419063e+00  -4.430222e+00   7.434644e-07   3.987144e+07   3.288245e-01  -2.661667e+00  -2.680562e+00   6.691180e-06   1.183391e+03   4.987334e-01
    14  -4.187108e+00  -4.205452e+00   3.589611e-06   3.794721e+07   3.292276e-01            nan  -4.396425e+00  -4.407596e+00   8.675058e-07   3.974714e+07   3.288205e-01  -2.623269e+00  -2.642044e+00   7.807552e-06   1.065174e+03   4.902997e-01
    15  -4.149610e+00  -4.167955e+00   4.603695e-06   3.739589e+07   3.291727e-01            nan  -4.373759e+00  -4.384944e+00   1.012236e-06   3.960988e+07   3.288160e-01  -2.585118e+00  -2.603775e+00   9.110122e-06   9.603064e+02   4.820461e-01
    16  -4.112113e+00  -4.130457e+00   5.894801e-06   3.676413e+07   3.291182e-01            nan  -4.351062e+00  -4.362262e+00   1.181103e-06   3.945835e+07   3.288111e-01  -2.547206e+00  -2.565749e+00   1.062993e-05   8.670297e+02   4.740323e-01
    17  -4.074615e+00  -4.092959e+00   7.534830e-06   3.603035e+07   3.290629e-01            nan  -4.328329e+00  -4.339546e+00   1.378130e-06   3.929111e+07   3.288056e-01  -2.509527e+00  -2.527958e+00   1.240317e-05   7.840348e+02   4.661844e-01
    18  -4.037117e+00  -4.055462e+00   9.608093e-06   3.519206e+07   3.290060e-01            nan  -4.305556e+00  -4.316793e+00   1.608010e-06   3.910657e+07   3.287995e-01  -2.472068e+00  -2.490394e+00   1.447209e-05   7.098123e+02   4.586572e-01
    19  -3.999620e+00  -4.017964e+00   1.222280e-05   3.423971e+07   3.289465e-01            nan  -4.282739e+00  -4.293998e+00   1.876216e-06   3.890302e+07   3.287927e-01  -2.434824e+00  -2.453047e+00   1.688595e-05   6.435517e+02   4.512932e-01
    20  -3.962122e+00  -3.980466e+00   1.550113e-05   3.315399e+07   3.288829e-01            nan  -4.259872e+00  -4.271155e+00   2.189133e-06   3.867859e+07   3.287852e-01  -2.397778e+00  -2.415906e+00   1.970220e-05   5.840261e+02   4.442759e-01
    21  -3.924625e+00  -3.942969e+00   1.959416e-05   3.194720e+07   3.288145e-01            nan  -4.236950e+00  -4.248260e+00   2.554206e-06   3.843124e+07   3.287768e-01  -2.360922e+00  -2.378959e+00   2.298786e-05   5.306152e+02   4.374873e-01
    22  -3.887127e+00  -3.905471e+00   2.467041e-05   3.058602e+07   3.287388e-01            nan  -4.213965e+00  -4.225305e+00   2.980121e-06   3.815878e+07   3.287675e-01  -2.324245e+00  -2.342196e+00   2.682109e-05   4.825438e+02   4.309735e-01
    23  -3.849629e+00  -3.867974e+00   3.092899e-05   2.910527e+07   3.286555e-01            nan  -4.190912e+00  -4.202286e+00   3.477003e-06   3.785881e+07   3.287572e-01  -2.287734e+00  -2.305606e+00   3.129303e-05   4.392208e+02   4.247212e-01
    24  -3.812132e+00  -3.830476e+00   3.857835e-05   2.747061e+07   3.285608e-01            nan  -4.167782e+00  -4.179193e+00   4.056664e-06   3.752878e+07   3.287457e-01  -2.251385e+00  -2.269179e+00   3.650997e-05   4.001644e+02   4.186797e-01
    25  -3.774634e+00  -3.792978e+00   4.787727e-05   2.572875e+07   3.284544e-01            nan  -4.144567e+00  -4.156020e+00   4.732872e-06   3.716592e+07   3.287329e-01  -2.215183e+00  -2.232907e+00   4.259585e-05   3.648394e+02   4.129035e-01
    26  -3.737136e+00  -3.755481e+00   5.902072e-05   2.387246e+07   3.283322e-01            nan  -4.121256e+00  -4.132755e+00   5.521683e-06   3.676731e+07   3.287186e-01  -2.179128e+00  -2.196781e+00   4.969515e-05   3.329474e+02   4.072773e-01
    27  -3.699639e+00  -3.717983e+00   7.231155e-05   2.193066e+07   3.281913e-01            nan  -4.097838e+00  -4.109389e+00   6.441814e-06   3.632980e+07   3.287027e-01  -2.143206e+00  -2.160796e+00   5.797633e-05   3.040241e+02   4.018927e-01
    28  -3.662141e+00  -3.680485e+00   8.800544e-05   1.994915e+07   3.280297e-01            nan  -4.074302e+00  -4.085911e+00   7.515084e-06   3.585010e+07   3.286849e-01  -2.107418e+00  -2.124943e+00   6.763576e-05   2.778576e+02   3.966220e-01
    29  -3.624644e+00  -3.642988e+00   1.062053e-04   1.794042e+07   3.278408e-01            nan  -4.050634e+00  -4.062307e+00   8.766923e-06   3.532471e+07   3.286651e-01  -2.071753e+00  -2.089219e+00   7.890231e-05   2.540946e+02   3.915326e-01
    30  -3.587146e+00  -3.605490e+00   1.271891e-04   1.594254e+07   3.276185e-01            nan  -4.026817e+00  -4.038562e+00   1.022697e-05   3.475003e+07   3.286430e-01  -2.036211e+00  -2.053619e+00   9.204273e-05   2.325453e+02   3.865337e-01
    31  -3.549648e+00  -3.567993e+00   1.510979e-04   1.400687e+07   3.273589e-01            nan  -4.002835e+00  -4.014660e+00   1.192976e-05   3.412233e+07   3.286182e-01  -2.000787e+00  -2.018138e+00   1.073678e-04   2.129622e+02   3.816392e-01
    32  -3.512151e+00  -3.530495e+00   1.780125e-04   1.216500e+07   3.270541e-01            nan  -3.978668e+00  -3.990583e+00   1.391553e-05   3.343779e+07   3.285905e-01  -1.965479e+00  -1.982774e+00   1.252398e-04   1.951692e+02   3.767974e-01
    33  -3.474653e+00  -3.492997e+00   2.079502e-04   1.044475e+07   3.266950e-01            nan  -3.954293e+00  -3.966310e+00   1.623115e-05   3.269261e+07   3.285594e-01  -1.930286e+00  -1.947526e+00   1.460803e-04   1.789851e+02   3.719916e-01
    34  -3.437155e+00  -3.455500e+00   2.408720e-04   8.868366e+06   3.262705e-01            nan  -3.929687e+00  -3.941816e+00   1.893121e-05   3.188302e+07   3.285245e-01  -1.895206e+00  -1.912392e+00   1.703808e-04   1.642539e+02   3.671954e-01
    35  -3.399658e+00  -3.418002e+00   2.767035e-04   7.451115e+06   3.257681e-01            nan  -3.904821e+00  -3.917076e+00   2.207926e-05   3.100543e+07   3.284852e-01  -1.860238e+00  -1.877370e+00   1.987134e-04   1.508375e+02   3.623781e-01
    36  -3.362160e+00  -3.380504e+00   3.153680e-04   6.200545e+06   3.251747e-01            nan  -3.879661e+00  -3.892059e+00   2.574932e-05   3.005652e+07   3.284409e-01  -1.825379e+00  -1.842459e+00   2.317439e-04   1.386004e+02   3.575330e-01
    37  -3.324663e+00  -3.343007e+00   3.568287e-04   5.116496e+06   3.244784e-01            nan  -3.854173e+00  -3.866730e+00   3.002750e-05   2.903338e+07   3.283909e-01  -1.790628e+00  -1.807656e+00   2.702475e-04   1.274330e+02   3.526295e-01
    38  -3.287165e+00  -3.305509e+00   4.010644e-04   4.191846e+06   3.236726e-01            nan  -3.828315e+00  -3.841052e+00   3.501400e-05   2.793370e+07   3.283342e-01  -1.755979e+00  -1.772958e+00   3.151260e-04   1.172199e+02   3.476783e-01
    39  -3.249667e+00  -3.268012e+00   4.468004e-04   3.408345e+06   3.227082e-01            nan  -3.802038e+00  -3.814977e+00   4.082538e-05   2.675598e+07   3.282698e-01  -1.721426e+00  -1.738359e+00   3.674284e-04   1.078709e+02   3.426610e-01
    40  -3.212170e+00  -3.230514e+00   4.951159e-04   2.755968e+06   3.215644e-01            nan  -3.775288e+00  -3.788457e+00   4.759714e-05   2.549975e+07   3.281964e-01  -1.686961e+00  -1.703852e+00   4.283742e-04   9.929027e+01   3.376031e-01
    41  -3.174672e+00  -3.193016e+00   5.463438e-04   2.221166e+06   3.202791e-01            nan  -3.748002e+00  -3.761431e+00   5.548679e-05   2.416587e+07   3.281123e-01  -1.652573e+00  -1.669427e+00   4.993811e-04   9.140259e+01   3.325061e-01
    42  -3.137175e+00  -3.155519e+00   5.982847e-04   1.783679e+06   3.187909e-01   4.506275e-01  -3.720109e+00  -3.733832e+00   6.467734e-05   2.275684e+07   3.280155e-01  -1.618247e+00  -1.635071e+00   5.820960e-04   8.413195e+01   3.274025e-01
    43  -3.099677e+00  -3.118021e+00   6.530588e-04   1.429043e+06   3.170091e-01   4.479117e-01  -3.691522e+00  -3.705580e+00   7.538125e-05   2.127708e+07   3.279037e-01  -1.583967e+00  -1.600769e+00   6.784313e-04   7.741581e+01   3.223148e-01
    44  -3.062179e+00  -3.080523e+00   7.097955e-04   1.143991e+06   3.151338e-01   4.447797e-01  -3.662146e+00  -3.676586e+00   8.784517e-05   1.973334e+07   3.277736e-01  -1.549713e+00  -1.566502e+00   7.906065e-04   7.119891e+01   3.172675e-01
    45  -3.024682e+00  -3.043026e+00   7.682388e-04   9.151845e+05   3.127996e-01   4.420664e-01  -3.631866e+00  -3.646742e+00   1.023551e-04   1.813500e+07   3.276212e-01  -1.515462e+00  -1.532250e+00   9.211963e-04   6.543050e+01   3.122995e-01
    46  -2.987184e+00  -3.005528e+00   8.295412e-04   7.323506e+05   3.104107e-01   4.390032e-01  -3.600548e+00  -3.615925e+00   1.192428e-04   1.649437e+07   3.274413e-01  -1.481196e+00  -1.497991e+00   1.073185e-03   6.007568e+01   3.074065e-01
    47  -2.949686e+00  -2.968031e+00   8.923431e-04   5.869172e+05   3.075698e-01   4.364459e-01  -3.568036e+00  -3.583988e+00   1.388921e-04   1.482692e+07   3.272269e-01  -1.446889e+00  -1.463704e+00   1.250029e-03   5.509364e+01   3.026394e-01
    48  -2.912189e+00  -2.930533e+00   9.583859e-04   4.706263e+05   3.046846e-01   4.336416e-01  -3.534145e+00  -3.550760e+00   1.617478e-04   1.315135e+07   3.269690e-01  -1.412523e+00  -1.429366e+00   1.455730e-03   5.046620e+01   2.979509e-01
    49  -2.874691e+00  -2.893035e+00   1.026653e-03   3.786252e+05   3.013134e-01   4.315829e-01  -3.498656e+00  -3.516038e+00   1.883238e-04   1.148954e+07   3.266550e-01  -1.378080e+00  -1.394960e+00   1.694914e-03   4.616235e+01   2.933867e-01
    50  -2.837194e+00  -2.855538e+00   1.098137e-03   3.046313e+05   2.979934e-01   4.291543e-01  -3.461313e+00  -3.479583e+00   2.192140e-04   9.866073e+06   3.262680e-01  -1.343545e+00  -1.360469e+00   1.972926e-03   4.216966e+01   2.888897e-01
    51  -2.799696e+00  -2.818040e+00   1.173148e-03   2.463709e+05   2.941301e-01   4.278190e-01  -3.421811e+00  -3.441113e+00   2.551039e-04   8.307589e+06   3.257845e-01  -1.308908e+00  -1.325881e+00   2.295935e-03   3.846839e+01   2.844601e-01
    52  -2.762198e+00  -2.780543e+00   1.251326e-03   1.992740e+05   2.903312e-01   4.261943e-01  -3.379793e+00  -3.400294e+00   2.967831e-04   6.841540e+06   3.251714e-01  -1.274162e+00  -1.291188e+00   2.671048e-03   3.504303e+01   2.800773e-01
    53  -2.724701e+00  -2.743045e+00   1.334380e-03   1.618890e+05   2.862029e-01   4.253718e-01  -3.334845e+00  -3.356738e+00   3.451610e-04   5.494560e+06   3.243820e-01  -1.239303e+00  -1.256383e+00   3.106449e-03   3.187968e+01   2.757049e-01
    54  -2.687203e+00  -2.705547e+00   1.421004e-03   1.317104e+05   2.820288e-01   4.246633e-01  -3.286493e+00  -3.309997e+00   4.012824e-04   4.290358e+06   3.233497e-01  -1.204328e+00  -1.221464e+00   3.611542e-03   2.895946e+01   2.713712e-01
    55  -2.649705e+00  -2.668050e+00   1.513306e-03   1.074339e+05   2.777576e-01   4.243483e-01  -3.234217e+00  -3.259569e+00   4.663463e-04   3.247318e+06   3.219800e-01  -1.169237e+00  -1.186429e+00   4.197117e-03   2.626969e+01   2.670388e-01
    56  -2.612208e+00  -2.630552e+00   1.610703e-03   8.789933e+04   2.733638e-01   4.245010e-01  -3.177471e+00  -3.204918e+00   5.417261e-04   2.376100e+06   3.201406e-01  -1.134030e+00  -1.151277e+00   4.875535e-03   2.379465e+01   2.627182e-01
    57  -2.574710e+00  -2.593054e+00   1.714253e-03   7.196769e+04   2.690356e-01   4.247380e-01  -3.115749e+00  -3.145515e+00   6.289911e-04   1.677749e+06   3.176518e-01  -1.098707e+00  -1.116009e+00   5.660920e-03   2.151970e+01   2.584140e-01
    58  -2.537213e+00  -2.555557e+00   1.824557e-03   5.916883e+04   2.645983e-01   4.255660e-01  -3.048671e+00  -3.080916e+00   7.299314e-04   1.142927e+06   3.142842e-01  -1.063270e+00  -1.080627e+00   6.569382e-03   1.943231e+01   2.541040e-01
    59  -2.499715e+00  -2.518059e+00   1.942073e-03   4.865316e+04   2.602648e-01   4.264366e-01  -2.976122e+00  -3.010883e+00   8.465830e-04   7.528361e+05   3.097743e-01  -1.027721e+00  -1.045132e+00   7.619247e-03   1.751810e+01   2.498205e-01
    60  -2.462217e+00  -2.480562e+00   2.067475e-03   4.012786e+04   2.559665e-01   4.276488e-01  -2.898394e+00  -2.935521e+00   9.812558e-04   4.820090e+05   3.038759e-01  -9.920618e-01  -1.009526e+00   8.831303e-03   1.576551e+01   2.455493e-01
    61  -2.424720e+00  -2.443064e+00   2.201995e-03   3.312575e+04   2.517572e-01   4.289860e-01  -2.816262e+00  -2.855389e+00   1.136562e-03   3.024360e+05   2.964499e-01  -9.562955e-01  -9.738106e-01   1.022906e-02   1.416354e+01   2.412761e-01
    62  -2.387222e+00  -2.405566e+00   2.345446e-03   2.738647e+04   2.476748e-01   4.305188e-01  -2.730926e+00  -2.771501e+00   1.315444e-03   1.878156e+05   2.875641e-01  -9.204233e-01  -9.379891e-01   1.183900e-02   1.270003e+01   2.370335e-01
    63  -2.349724e+00  -2.368069e+00   2.500188e-03   2.267581e+04   2.437173e-01   4.321515e-01  -2.643795e+00  -2.685179e+00   1.521208e-03   1.165544e+05   2.775346e-01  -8.844486e-01  -9.020636e-01   1.369088e-02   1.136555e+01   2.328023e-01
    64  -2.312227e+00  -2.330571e+00   2.665583e-03   1.878779e+04   2.398978e-01   4.339235e-01  -2.556211e+00  -2.597799e+00   1.757548e-03   7.282889e+04   2.668642e-01  -8.483761e-01  -8.660379e-01   1.581793e-02   1.015081e+01   2.285705e-01
    65  -2.274729e+00  -2.293073e+00   2.843930e-03   1.559195e+04   2.362774e-01   4.355977e-01  -2.469243e+00  -2.510554e+00   2.028572e-03   4.603665e+04   2.561043e-01  -8.122082e-01  -8.299158e-01   1.825715e-02   9.046079e+00   2.243640e-01
    66  -2.237232e+00  -2.255576e+00   3.035466e-03   1.294344e+04   2.327682e-01   4.374622e-01  -2.383616e+00  -2.424323e+00   2.338830e-03   2.950328e+04   2.457249e-01  -7.759496e-01  -7.937006e-01   2.104947e-02   8.043403e+00   2.201670e-01
    67  -2.199734e+00  -2.218078e+00   3.241794e-03   1.076132e+04   2.295294e-01   4.389682e-01  -2.299750e+00  -2.339662e+00   2.693323e-03   1.917777e+04   2.360475e-01  -7.396062e-01  -7.573978e-01   2.423991e-02   7.135141e+00   2.159659e-01
    68  -2.162236e+00  -2.180581e+00   3.464321e-03   8.949632e+03   2.263919e-01   4.406429e-01  -2.217847e+00  -2.256871e+00   3.097518e-03   1.263848e+04   2.272410e-01  -7.031834e-01  -7.210131e-01   2.787766e-02   6.313704e+00   2.117764e-01
    69  -2.124739e+00  -2.143083e+00   3.703909e-03   7.451594e+03   2.235210e-01   4.419055e-01  -2.137977e+00  -2.176079e+00   3.557342e-03   8.437921e+03   2.193509e-01  -6.666878e-01  -6.845524e-01   3.201608e-02   5.572319e+00   2.075915e-01
    70  -2.087241e+00  -2.105585e+00   3.963135e-03   6.207120e+03   2.207702e-01   4.432051e-01  -2.060144e+00  -2.097319e+00   4.079169e-03   5.703037e+03   2.123340e-01  -6.301278e-01  -6.480232e-01   3.671252e-02   4.904752e+00   2.033988e-01
    71  -2.049743e+00  -2.068088e+00   4.242336e-03   5.175499e+03   2.182528e-01   4.441017e-01  -1.984325e+00  -2.020582e+00   4.669785e-03   3.899987e+03   2.060874e-01  -5.935133e-01  -6.114348e-01   4.202806e-02   4.305103e+00   1.991928e-01
    72  -2.012246e+00  -2.030590e+00   4.545094e-03   4.317795e+03   2.158677e-01   4.448935e-01  -1.910498e+00  -1.945844e+00   5.336336e-03   2.697359e+03   2.004684e-01  -5.568545e-01  -5.747972e-01   4.802703e-02   3.767673e+00   1.949811e-01
    73  -1.974748e+00  -1.993092e+00   4.871590e-03   3.605595e+03   2.136751e-01   4.452881e-01  -1.838644e+00  -1.873086e+00   6.086254e-03   1.886306e+03   1.953102e-01  -5.201636e-01  -5.381217e-01   5.477629e-02   3.287364e+00   1.907519e-01
    74  -1.937251e+00  -1.955595e+00   5.226160e-03   3.012844e+03   2.116088e-01   4.454656e-01  -1.768749e+00  -1.802292e+00   6.927149e-03   1.333391e+03   1.904380e-01  -4.834556e-01  -5.014219e-01   6.234434e-02   2.859387e+00   1.864935e-01
    75  -1.899753e+00  -1.918097e+00   5.609319e-03   2.520000e+03   2.096875e-01   4.452777e-01  -1.700790e+00  -1.733441e+00   7.866679e-03   9.523005e+02   1.856901e-01  -4.467473e-01  -4.647137e-01   7.080011e-02   2.479220e+00   1.822014e-01
    76  -1.862255e+00  -1.880600e+00   6.025830e-03   2.109301e+03   2.078719e-01   4.448010e-01  -1.634722e+00  -1.666501e+00   8.912390e-03   6.866122e+02   1.809427e-01  -4.100569e-01  -4.280147e-01   8.021151e-02   2.142549e+00   1.778785e-01
    77  -1.824758e+00  -1.843102e+00   6.477151e-03   1.767376e+03   2.061434e-01   4.440515e-01  -1.570464e+00  -1.601405e+00   1.007152e-02   4.991237e+02   1.761349e-01  -3.734054e-01  -3.913446e-01   9.064369e-02   1.845445e+00   1.735143e-01
    78  -1.787260e+00  -1.805604e+00   6.968058e-03   1.482016e+03   2.044963e-01   4.429598e-01  -1.507885e+00  -1.538048e+00   1.135078e-02   3.651452e+02   1.712823e-01  -3.368165e-01  -3.547257e-01   1.021570e-01   1.584219e+00   1.690990e-01
    79  -1.749762e+00  -1.768107e+00   7.501673e-03   1.244035e+03   2.028651e-01   4.417880e-01  -1.446806e+00  -1.476273e+00   1.275612e-02   2.682173e+02   1.664719e-01  -3.003169e-01  -3.181834e-01   1.148050e-01   1.355402e+00   1.646279e-01
    80  -1.712265e+00  -1.730609e+00   8.082261e-03   1.045093e+03   2.012948e-01   4.403238e-01  -1.387004e+00  -1.415876e+00   1.429243e-02   1.973265e+02   1.618330e-01  -2.639345e-01  -2.817448e-01   1.286319e-01   1.155712e+00   1.601056e-01
    81  -1.674767e+00  -1.693111e+00   8.715370e-03   8.787204e+02   1.996834e-01   4.390472e-01  -1.328245e+00  -1.356632e+00   1.596333e-02   1.450636e+02   1.574933e-01  -2.277000e-01  -2.454394e-01   1.436700e-01   9.821430e-01   1.555257e-01
    82  -1.637270e+00  -1.655614e+00   9.404298e-03   7.393566e+02   1.981031e-01   4.376867e-01  -1.270311e+00  -1.298313e+00   1.777087e-02   1.063837e+02   1.535294e-01  -1.916469e-01  -2.092994e-01   1.599378e-01   8.318960e-01   1.508836e-01
    83  -1.599772e+00  -1.618116e+00   1.015742e-02   6.224484e+02   1.964928e-01   4.366213e-01  -1.213038e+00  -1.240731e+00   1.971527e-02   7.777010e+01   1.499363e-01  -1.558102e-01  -1.733590e-01   1.774374e-01   7.023636e-01   1.461827e-01
    84  -1.562274e+00  -1.580619e+00   1.097783e-02   5.241736e+02   1.948875e-01   4.358116e-01  -1.156339e+00  -1.183764e+00   2.179475e-02   5.668423e+01   1.466318e-01  -1.202258e-01  -1.376536e-01   1.961527e-01   5.911312e-01   1.414310e-01
    85  -1.524777e+00  -1.543121e+00   1.187396e-02   4.416068e+02   1.933078e-01   4.352768e-01  -1.100205e+00  -1.127366e+00   2.400535e-02   4.122512e+01   1.434998e-01  -8.493121e-02  -1.022201e-01   2.160481e-01   4.960077e-01   1.366299e-01
    86  -1.487279e+00  -1.505623e+00   1.285116e-02   3.717871e+02   1.917556e-01   4.352091e-01  -1.044671e+00  -1.071551e+00   2.634082e-02   2.993998e+01   1.404482e-01  -4.996457e-02  -6.709607e-02   2.370673e-01   4.149880e-01   1.317849e-01
    87  -1.449781e+00  -1.468126e+00   1.391783e-02   3.130512e+02   1.902930e-01   4.353643e-01  -9.897884e-01  -1.016363e+00   2.879262e-02   2.172344e+01   1.374366e-01  -1.536263e-02  -3.231908e-02   2.591336e-01   3.462336e-01   1.269152e-01
    88  -1.412284e+00  -1.430628e+00   1.507889e-02   2.633176e+02   1.889433e-01   4.357188e-01  -9.356012e-01  -9.618502e-01   3.134998e-02   1.574825e+01   1.344601e-01   1.883792e-02   2.074218e-03   2.821498e-01   2.881136e-01   1.220284e-01
    89  -1.374786e+00  -1.393130e+00   1.634447e-02   2.212815e+02   1.877643e-01   4.360858e-01  -8.821360e-01  -9.080463e-01   3.400006e-02   1.140543e+01   1.315300e-01   5.260191e-02   3.604795e-02   3.060005e-01   2.391597e-01   1.171391e-01
    90  -1.337289e+00  -1.355633e+00   1.772170e-02   1.859264e+02   1.867217e-01   4.363708e-01  -8.294009e-01  -8.549685e-01   3.672816e-02   8.249976e+00   1.286567e-01   8.589714e-02   6.956852e-02   3.305535e-01   1.980617e-01   1.122683e-01
    91  -1.299791e+00  -1.318135e+00   1.921582e-02   1.558854e+02   1.859490e-01   4.361052e-01  -7.773877e-01  -8.026161e-01   3.951809e-02   5.958172e+00   1.258497e-01   1.186932e-01   1.026047e-01   3.556628e-01   1.636756e-01   1.074280e-01
    92  -1.262293e+00  -1.280638e+00   2.084304e-02   1.306818e+02   1.853350e-01   4.354584e-01  -7.260705e-01  -7.509716e-01   4.235249e-02   4.294350e+00   1.231138e-01   1.509643e-01   1.351284e-01   3.811724e-01   1.349860e-01   1.026429e-01
    93  -1.224796e+00  -1.243140e+00   2.260623e-02   1.095352e+02   1.848743e-01   4.343387e-01  -6.754089e-01  -7.000014e-01   4.521329e-02   3.087439e+00   1.204542e-01   1.826874e-01   1.671155e-01   4.069196e-01   1.111200e-01   9.792726e-02
    94  -1.187298e+00  -1.205642e+00   2.451826e-02   9.171700e+01   1.846076e-01   4.326184e-01  -6.253464e-01  -6.496567e-01   4.808216e-02   2.212860e+00   1.178724e-01   2.138443e-01   1.985452e-01   4.327394e-01   9.131644e-02   9.330133e-02
    95  -1.149800e+00  -1.168145e+00   2.660046e-02   7.685095e+01   1.844024e-01   4.306188e-01  -5.758112e-01  -5.998730e-01   5.094094e-02   1.580052e+00   1.153699e-01   2.444204e-01   2.294014e-01   4.584685e-01   7.492407e-02   8.878084e-02
    96  -1.112303e+00  -1.130647e+00   2.885537e-02   6.443229e+01   1.842512e-01   4.283573e-01  -5.267180e-01  -5.505713e-01   5.377208e-02   1.123153e+00   1.129472e-01   2.744058e-01   2.596719e-01   4.839488e-01   6.138509e-02   8.438139e-02
    97  -1.074805e+00  -1.093149e+00   3.130536e-02   5.403170e+01   1.841285e-01   4.259841e-01  -4.779642e-01  -5.016573e-01   5.655903e-02   7.941017e-01   1.106041e-01   3.037948e-01   2.893489e-01   5.090312e-01   5.022540e-02   8.011667e-02
    98  -1.037308e+00  -1.055652e+00   3.397786e-02   4.536182e+01   1.839810e-01   4.235657e-01  -4.294313e-01  -4.530201e-01   5.928652e-02   5.579226e-01   1.083423e-01   3.325856e-01   3.184287e-01   5.335787e-01   4.104421e-02   7.599743e-02
    99  -9.998099e-01  -1.018154e+00   3.688101e-02   3.812420e+01   1.837931e-01   4.211300e-01  -3.809860e-01  -4.045335e-01   6.194091e-02   3.891333e-01   1.061622e-01   3.607804e-01   3.469117e-01   5.574682e-01   3.350325e-02   7.203352e-02
   100  -9.623123e-01  -9.806565e-01   4.004147e-02   3.205394e+01   1.835644e-01   4.187321e-01  -3.324737e-01  -3.560528e-01   6.451030e-02   2.691054e-01   1.040664e-01   3.883849e-01   3.748019e-01   5.805927e-01   2.731941e-02   6.823087e-02
   101  -9.248147e-01  -9.431589e-01   4.349650e-02   2.697997e+01   1.832652e-01   4.163246e-01  -2.837195e-01  -3.074128e-01   6.698469e-02   1.842799e-01   1.020612e-01   4.154083e-01   4.021068e-01   6.028622e-01   2.225529e-02   6.459510e-02
   102  -8.873171e-01  -9.056613e-01   4.726688e-02   2.273326e+01   1.828754e-01   4.138736e-01  -2.345319e-01  -2.584297e-01   6.935597e-02   1.247967e-01   1.001514e-01   4.418624e-01   4.288367e-01   6.242038e-01   1.811377e-02   6.112765e-02
   103  -8.498194e-01  -8.681637e-01   5.137361e-02   1.916044e+01   1.824058e-01   4.113761e-01  -1.846944e-01  -2.088986e-01   7.161799e-02   8.344885e-02   9.834698e-02   4.677618e-01   4.550051e-01   6.445619e-01   1.473044e-02   5.783041e-02
   104  -8.123218e-01  -8.306660e-01   5.587077e-02   1.616094e+01   1.818304e-01   4.088223e-01  -1.339739e-01  -1.585941e-01   7.376638e-02   5.501702e-02   9.666113e-02   4.931232e-01   4.806276e-01   6.638974e-01   1.196973e-02   5.470100e-02
   105  -7.748242e-01  -7.931684e-01   6.079673e-02   1.364101e+01   1.811218e-01   4.061449e-01  -8.213351e-02  -1.072806e-01   7.579851e-02   3.571992e-02   9.510017e-02   5.179655e-01   5.057220e-01   6.821866e-01   9.718983e-03   5.173842e-02
   106  -7.373266e-01  -7.556708e-01   6.616684e-02   1.151807e+01   1.802713e-01   4.032922e-01  -2.894094e-02  -5.472335e-02   7.771330e-02   2.281529e-02   9.367155e-02   5.423086e-01   5.303076e-01   6.994197e-01   7.885862e-03   4.893758e-02
   107  -6.998289e-01  -7.181732e-01   7.204556e-02   9.725432e+00   1.792908e-01   4.002907e-01   2.576434e-02  -7.275115e-04   7.951106e-02   1.434407e-02   9.234279e-02   5.661744e-01   5.544054e-01   7.155996e-01   6.393938e-03   4.629501e-02
   108  -6.623313e-01  -6.806755e-01   7.848833e-02   8.214263e+00   1.781400e-01   3.970691e-01   8.202240e-02   5.480369e-02   8.119333e-02   8.893728e-03   9.104483e-02   5.895852e-01   5.780375e-01   7.307399e-01   5.180732e-03   4.380445e-02
   109  -6.248337e-01  -6.431779e-01   8.554829e-02   6.938735e+00   1.768022e-01   3.935612e-01   1.396347e-01   1.117832e-01   8.276263e-02   5.465464e-03   8.961138e-02   6.125645e-01   6.012269e-01   7.448636e-01   4.194839e-03   4.146024e-02
   110  -5.873361e-01  -6.056803e-01   9.324470e-02   5.859246e+00   1.752834e-01   3.897227e-01   1.980461e-01   1.698217e-01   8.422234e-02   3.358091e-03   8.775624e-02   6.351362e-01   6.239970e-01   7.580011e-01   3.394224e-03   3.925588e-02
   111  -5.498384e-01  -5.681827e-01   1.016696e-01   4.944929e+00   1.735809e-01   3.855216e-01   2.563390e-01   2.281698e-01   8.557652e-02   2.086104e-03   8.513590e-02   6.573243e-01   6.463720e-01   7.701887e-01   2.744518e-03   3.718428e-02
   112  -5.123408e-01  -5.306851e-01   1.108874e-01   4.171253e+00   1.716651e-01   3.808724e-01   3.133955e-01   2.858036e-01   8.682971e-02   1.324606e-03   8.150618e-02   6.791534e-01   6.683760e-01   7.814674e-01   2.217588e-03   3.523907e-02
   113  -4.748432e-01  -4.931874e-01   1.209633e-01   3.516086e+00   1.695263e-01   3.756882e-01   3.682042e-01   3.416639e-01   8.798682e-02   8.656062e-04   7.689876e-02   7.006476e-01   6.900334e-01   7.918814e-01   1.790531e-03   3.341288e-02
   114  -4.373456e-01  -4.556898e-01   1.319339e-01   2.960663e+00   1.671678e-01   3.698917e-01   4.201106e-01   3.949324e-01   8.905301e-02   5.829082e-04   7.162239e-02   7.218310e-01   7.113684e-01   8.014771e-01   1.444633e-03   3.169898e-02
   115  -3.998479e-01  -4.181922e-01   1.438839e-01   2.489271e+00   1.645998e-01   3.633804e-01   4.688649e-01   4.451715e-01   9.003354e-02   4.033857e-04   6.608782e-02   7.427276e-01   7.324050e-01   8.103019e-01   1.164657e-03   3.009064e-02
   116  -3.623503e-01  -3.806946e-01   1.568940e-01   2.089909e+00   1.617981e-01   3.560570e-01   5.145197e-01   4.922919e-01   9.093373e-02   2.855984e-04   6.063994e-02   7.633607e-01   7.531667e-01   8.184036e-01   9.382004e-04   2.858104e-02
   117  -3.248527e-01  -3.431969e-01   1.710323e-01   1.751617e+00   1.587595e-01   3.477931e-01   5.572926e-01   5.364325e-01   9.175884e-02   2.059814e-04   5.549614e-02   7.837532e-01   7.736766e-01   8.258295e-01   7.551574e-04   2.716395e-02
   118  -2.873551e-01  -3.056993e-01   1.863487e-01   1.465159e+00   1.554872e-01   3.384797e-01   5.974661e-01   5.778437e-01   9.251402e-02   1.507879e-04   5.075815e-02   8.039272e-01   7.939573e-01   8.326262e-01   6.073164e-04   2.583318e-02
   119  -2.498574e-01  -2.682017e-01   2.028858e-01   1.222529e+00   1.519985e-01   3.278924e-01   6.353333e-01   6.168123e-01   9.320429e-02   1.117122e-04   4.645630e-02   8.239042e-01   8.140306e-01   8.388386e-01   4.880011e-04   2.458273e-02
   120  -2.123598e-01  -2.307041e-01   2.207324e-01   1.017482e+00   1.482818e-01   3.159140e-01   6.711722e-01   6.536223e-01   9.383445e-02   8.356339e-05   4.258205e-02   8.437049e-01   8.339174e-01   8.445100e-01   3.917833e-04   2.340711e-02
   121  -1.748622e-01  -1.932064e-01   2.399376e-01   8.444580e-01   1.443396e-01   3.024089e-01   7.052277e-01   6.885336e-01   9.440910e-02   6.300923e-05   3.910474e-02   8.633492e-01   8.536381e-01   8.496819e-01   3.142566e-04   2.230102e-02
   122  -1.373646e-01  -1.557088e-01   2.605251e-01   6.986789e-01   1.401834e-01   2.872593e-01   7.377169e-01   7.217760e-01   9.493262e-02   4.782360e-05   3.598736e-02   8.828559e-01   8.732121e-01   8.543935e-01   2.518446e-04   2.125939e-02
   123  -9.986695e-02  -1.182112e-01   2.824909e-01   5.760400e-01   1.358292e-01   2.701180e-01   7.688291e-01   7.535516e-01   9.540910e-02   3.649603e-05   3.319243e-02   9.022430e-01   8.926576e-01   8.586819e-01   2.016450e-04   2.027755e-02
   124  -6.236933e-02  -8.071356e-02   3.058906e-01   4.731740e-01   1.312793e-01   2.509491e-01   7.987276e-01   7.840356e-01   9.584241e-02   2.797916e-05   3.068261e-02   9.215275e-01   9.119923e-01   8.625817e-01   1.613046e-04   1.935118e-02
   125  -2.487170e-02  -4.321594e-02   3.307181e-01   3.871196e-01   1.265511e-01   2.297978e-01   8.275551e-01   8.133805e-01   9.623618e-02   2.153141e-05   2.842555e-02   9.407255e-01   9.312326e-01   8.661256e-01   1.289174e-04   1.847617e-02
   126   1.262592e-02  -5.718316e-03   3.568980e-01   3.153350e-01   1.216634e-01   2.065379e-01   8.554357e-01   8.417191e-01   9.659376e-02   1.662244e-05   2.639095e-02   9.598518e-01   9.503939e-01   8.693438e-01   1.029400e-04   1.764873e-02
   127   5.012355e-02   3.177931e-02   3.844184e-01   2.556647e-01   1.166330e-01   1.812596e-01   8.824778e-01   8.691672e-01   9.691827e-02   1.286693e-05   2.455280e-02   9.789204e-01   9.694907e-01   8.722644e-01   8.212351e-05   1.686537e-02
   128   8.762117e-02   6.927693e-02   4.131727e-01   2.062459e-01   1.114855e-01   1.543251e-01   9.087776e-01   8.958267e-01   9.721261e-02   9.981711e-06   2.288818e-02   9.979445e-01   9.885366e-01   8.749135e-01   6.545838e-05   1.612292e-02
   129   1.251188e-01   1.067746e-01   4.429666e-01   1.653855e-01   1.062136e-01   1.255878e-01   9.344183e-01   9.217871e-01   9.747945e-02   7.757838e-06   2.137654e-02   1.016936e+00   1.007544e+00   8.773151e-01   5.212948e-05   1.541841e-02
   130   1.626164e-01   1.442722e-01   4.737684e-01   1.318446e-01   1.008712e-01   9.668918e-02   9.594746e-01   9.471272e-01   9.772124e-02   6.038510e-06   2.000056e-02   1.035906e+00   1.026525e+00   8.794912e-01   4.147900e-05   1.474913e-02
   131   2.001140e-01   1.817698e-01   5.054352e-01   1.044483e-01   9.549377e-02   6.730679e-02   9.840129e-01   9.719170e-01   9.794025e-02   4.705968e-06   1.874472e-02   1.054865e+00   1.045489e+00   8.814623e-01   3.297665e-05   1.411263e-02
   132   2.376117e-01   2.192674e-01   5.377489e-01   8.219763e-02   9.011225e-02   3.866972e-02   1.008091e+00   9.962189e-01   9.813854e-02   3.671204e-06   1.759540e-02   1.073822e+00   1.064447e+00   8.832469e-01   2.619541e-05   1.350667e-02
   133   2.751093e-01   2.567651e-01   5.705212e-01   6.423648e-02   8.475588e-02   1.269283e-02   1.031762e+00   1.020088e+00   9.831802e-02   2.866261e-06   1.654098e-02   1.092786e+00   1.083407e+00   8.848622e-01   2.079180e-05   1.292921e-02
   134   3.126069e-01   2.942627e-01   6.032344e-01   4.978299e-02   7.943983e-02  -1.248111e-02   1.055072e+00   1.043573e+00   9.848042e-02   2.239212e-06   1.557115e-02   1.111764e+00   1.102378e+00   8.863237e-01   1.648979e-05   1.237840e-02
   135   3.501045e-01   3.317603e-01   6.359022e-01   3.825723e-02   7.420302e-02  -3.403274e-02   1.078063e+00   1.066720e+00   9.862732e-02   1.750192e-06   1.467679e-02   1.130763e+00   1.121367e+00   8.876458e-01   1.306780e-05   1.185254e-02
   136   3.876022e-01   3.692579e-01   6.683077e-01   2.915555e-02   6.909497e-02  -5.192996e-02   1.100772e+00   1.089566e+00   9.876016e-02   1.368482e-06   1.385002e-02   1.149790e+00   1.140381e+00   8.888415e-01   1.034813e-05   1.135010e-02
   137   4.250998e-01   4.067555e-01   6.997475e-01   2.200695e-02   6.413128e-02  -6.776223e-02   1.123233e+00   1.112148e+00   9.888027e-02   1.070308e-06   1.308393e-02   1.168851e+00   1.159425e+00   8.899225e-01   8.188442e-06   1.086970e-02
   138   4.625974e-01   4.442532e-01   7.303570e-01   1.644261e-02   5.933651e-02  -8.090415e-02   1.145474e+00   1.134496e+00   9.898885e-02   8.372541e-07   1.237246e-02   1.187950e+00   1.178505e+00   8.908996e-01   6.474839e-06   1.041006e-02
   139   5.000950e-01   4.817508e-01   7.596284e-01   1.216719e-02   5.474878e-02  -9.003105e-02   1.167524e+00   1.156639e+00   9.908698e-02   6.550176e-07   1.171023e-02   1.207092e+00   1.197626e+00   8.917828e-01   5.116262e-06   9.970041e-03
   140   5.375927e-01   5.192484e-01   7.874254e-01   8.897167e-03   5.036924e-02  -9.755582e-02   1.189406e+00   1.178603e+00   9.917565e-02   5.124717e-07   1.109255e-02   1.226281e+00   1.216792e+00   8.925808e-01   4.039993e-06   9.548580e-03
   141   5.750903e-01   5.567460e-01   8.134210e-01   6.438830e-03   4.623642e-02  -1.031387e-01   1.211142e+00   1.200410e+00   9.925576e-02   4.009475e-07   1.051525e-02   1.245520e+00   1.236007e+00   8.933019e-01   3.188016e-06   9.144719e-03
   142   6.125879e-01   5.942437e-01   8.376662e-01   4.603059e-03   4.234751e-02  -1.071230e-01   1.232751e+00   1.222081e+00   9.932813e-02   3.136807e-07   9.974715e-03   1.264813e+00   1.255274e+00   8.939532e-01   2.514086e-06   8.757578e-03
   143   6.500855e-01   6.317413e-01   8.596543e-01   3.252877e-03   3.871900e-02  -1.095431e-01   1.254249e+00   1.243633e+00   9.939350e-02   2.453891e-07   9.467711e-03   1.284162e+00   1.274595e+00   8.945415e-01   1.981379e-06   8.386347e-03
   144   6.875832e-01   6.692389e-01   8.796462e-01   2.272417e-03   3.535324e-02  -1.105758e-01   1.275653e+00   1.265083e+00   9.945254e-02   1.919454e-07   8.991385e-03   1.303569e+00   1.293974e+00   8.950729e-01   1.560595e-06   8.030283e-03
   145   7.250808e-01   7.067365e-01   8.975718e-01   1.567728e-03   3.224668e-02  -1.103924e-01   1.296977e+00   1.286446e+00   9.950586e-02   1.501221e-07   8.543205e-03   1.323035e+00   1.313411e+00   8.955527e-01   1.228448e-06   7.688700e-03
   146   7.625784e-01   7.442342e-01   9.134081e-01   1.069173e-03   2.939719e-02  -1.090242e-01   1.318232e+00   1.307734e+00   9.955400e-02   1.173947e-07   8.120920e-03   1.342563e+00   1.332909e+00   8.959860e-01   9.664388e-07   7.360963e-03
   147   8.000760e-01   7.817318e-01   9.271852e-01   7.211029e-04   2.679515e-02  -1.065418e-01   1.339430e+00   1.328960e+00   9.959747e-02   9.178729e-08   7.722527e-03   1.362154e+00   1.352469e+00   8.963772e-01   7.598918e-07   7.046483e-03
   148   8.375737e-01   8.192294e-01   9.391143e-01   4.811854e-04   2.442776e-02  -1.029553e-01   1.360580e+00   1.350134e+00   9.963672e-02   7.175338e-08   7.346238e-03   1.381807e+00   1.372091e+00   8.967304e-01   5.971690e-07   6.744714e-03
   149   8.750713e-01   8.567270e-01   9.493394e-01   3.179171e-04   2.228041e-02  -9.843696e-02   1.381692e+00   1.371264e+00   9.967214e-02   5.608215e-08   6.990455e-03   1.401524e+00   1.391777e+00   8.970493e-01   4.690506e-07   6.455145e-03
   150   9.125689e-01   8.942247e-01   9.580199e-01   2.081650e-04   2.033640e-02  -9.313690e-02   1.402773e+00   1.392360e+00   9.970413e-02   4.382558e-08   6.653744e-03   1.421304e+00   1.411526e+00   8.973371e-01   3.682377e-07   6.177300e-03
   151   9.500665e-01   9.317223e-01   9.653262e-01   1.352101e-04   1.857789e-02  -8.720864e-02   1.423829e+00   1.413429e+00   9.973300e-02   3.424139e-08   6.334817e-03   1.441147e+00   1.431339e+00   8.975970e-01   2.889567e-07   5.910735e-03
   152   9.875641e-01   9.692199e-01   9.714365e-01   8.722242e-05   1.698718e-02  -8.083502e-02   1.444867e+00   1.434476e+00   9.975905e-02   2.674832e-08   6.032516e-03   1.461053e+00   1.451214e+00   8.978315e-01   2.266437e-07   5.655030e-03
   153   1.025062e+00   1.006718e+00   9.765137e-01   5.594068e-05   1.554699e-02  -7.426396e-02   1.465892e+00   1.455507e+00   9.978257e-02   2.089131e-08   5.745792e-03   1.481021e+00   1.471152e+00   8.980432e-01   1.776937e-07   5.409796e-03
   154   1.062559e+00   1.044215e+00   9.807144e-01   3.571264e-05   1.424114e-02  -6.762358e-02   1.486908e+00   1.476527e+00   9.980380e-02   1.631408e-08   5.473699e-03   1.501049e+00   1.491151e+00   8.982342e-01   1.392614e-07   5.174665e-03
   155   1.100057e+00   1.081713e+00   9.841779e-01   2.271478e-05   1.305513e-02  -6.118656e-02   1.507918e+00   1.497540e+00   9.982296e-02   1.273777e-08   5.215379e-03   1.521137e+00   1.511209e+00   8.984066e-01   1.091021e-07   4.949292e-03
   156   1.137555e+00   1.119210e+00   9.870226e-01   1.440800e-05   1.197599e-02  -5.499696e-02   1.528925e+00   1.518548e+00   9.984025e-02   9.944105e-09   4.970053e-03   1.541281e+00   1.531326e+00   8.985622e-01   8.544664e-08   4.733354e-03
   157   1.175052e+00   1.156708e+00   9.893571e-01   9.121041e-06   1.099232e-02  -4.915569e-02   1.549931e+00   1.539555e+00   9.985585e-02   7.762276e-09   4.737015e-03   1.561480e+00   1.551498e+00   8.987027e-01   6.690114e-08   4.526551e-03
   158   1.212550e+00   1.194206e+00   9.912702e-01   5.766364e-06   1.009427e-02  -4.380214e-02   1.570938e+00   1.560562e+00   9.986993e-02   6.058654e-09   4.515623e-03   1.581730e+00   1.571723e+00   8.988294e-01   5.236831e-08   4.328600e-03
   159   1.250048e+00   1.231703e+00   9.928354e-01   3.642821e-06   9.273134e-03  -3.888477e-02   1.591946e+00   1.581569e+00   9.988264e-02   4.728704e-09   4.305298e-03   1.602028e+00   1.591997e+00   8.989438e-01   4.098484e-08   4.139240e-03
   160   1.287545e+00   1.269201e+00   9.941164e-01   2.300642e-06   8.521386e-03  -3.441767e-02   1.612954e+00   1.602577e+00   9.989411e-02   3.690677e-09   4.105510e-03   1.622369e+00   1.612318e+00   8.990470e-01   3.207186e-08   3.958231e-03
   161   1.325043e+00   1.306699e+00   9.951652e-01   1.453095e-06   7.832460e-03  -3.040242e-02   1.633961e+00   1.623584e+00   9.990446e-02   2.880652e-09   3.915784e-03   1.642749e+00   1.632679e+00   8.991401e-01   2.509587e-08   3.785354e-03
   162   1.362540e+00   1.344196e+00   9.960242e-01   9.181178e-07   7.200600e-03  -2.683488e-02   1.654964e+00   1.644589e+00   9.991379e-02   2.248663e-09   3.735691e-03   1.663162e+00   1.653076e+00   8.992241e-01   1.963786e-08   3.620410e-03
   163   1.400038e+00   1.381694e+00   9.967252e-01   5.804563e-07   6.620699e-03  -2.364997e-02   1.675961e+00   1.665589e+00   9.992222e-02   1.755662e-09   3.564849e-03   1.683601e+00   1.673502e+00   8.993000e-01   1.536890e-08   3.463225e-03
   164   1.437536e+00   1.419191e+00   9.972996e-01   3.672700e-07   6.088267e-03  -2.081617e-02   1.696945e+00   1.686580e+00   9.992982e-02   1.371137e-09   3.402915e-03   1.704057e+00   1.693949e+00   8.993684e-01   1.203092e-08   3.313646e-03
   165   1.475033e+00   1.456689e+00   9.977715e-01   2.325984e-07   5.599318e-03  -1.829916e-02   1.717912e+00   1.707555e+00   9.993668e-02   1.071257e-09   3.249595e-03   1.724520e+00   1.714409e+00   8.994301e-01   9.421544e-09   3.171547e-03
   166   1.512531e+00   1.494187e+00   9.981595e-01   1.474617e-07   5.150317e-03  -1.607976e-02   1.738852e+00   1.728508e+00   9.994287e-02   8.374108e-10   3.104630e-03   1.744979e+00   1.734870e+00   8.994858e-01   7.382163e-09   3.036829e-03
   167   1.550029e+00   1.531684e+00   9.984790e-01   9.359295e-08   4.738098e-03  -1.411007e-02   1.759755e+00   1.749429e+00   9.994845e-02   6.550673e-10   2.967807e-03   1.765420e+00   1.755320e+00   8.995361e-01   5.788512e-09   2.909421e-03
   168   1.587526e+00   1.569182e+00   9.987420e-01   5.947737e-08   4.359896e-03  -1.234197e-02   1.780609e+00   1.770307e+00   9.995349e-02   5.128849e-10   2.838952e-03   1.785827e+00   1.775743e+00   8.995814e-01   4.543293e-09   2.789284e-03
   169   1.625024e+00   1.606680e+00   9.989592e-01   3.784626e-08   4.013229e-03  -1.073765e-02   1.801399e+00   1.791128e+00   9.995804e-02   4.020132e-10   2.717935e-03   1.806180e+00   1.796123e+00   8.996223e-01   3.570348e-09   2.676411e-03
   170   1.662521e+00   1.644177e+00   9.991383e-01   2.411515e-08   3.695936e-03  -9.256591e-03   1.822106e+00   1.811876e+00   9.996214e-02   3.155474e-10   2.604665e-03   1.826458e+00   1.816437e+00   8.996593e-01   2.810097e-09   2.570827e-03
   171   1.700019e+00   1.681675e+00   9.992857e-01   1.538864e-08   3.406179e-03  -7.893687e-03   1.842709e+00   1.832529e+00   9.996584e-02   2.481021e-10   2.499097e-03   1.846634e+00   1.836663e+00   8.996926e-01   2.215946e-09   2.472597e-03
   172   1.737517e+00   1.719172e+00   9.994080e-01   9.835944e-09   3.142390e-03  -6.573517e-03   1.863182e+00   1.853066e+00   9.996918e-02   1.954779e-10   2.401225e-03   1.866679e+00   1.856772e+00   8.997226e-01   1.751474e-09   2.381819e-03
   173   1.775014e+00   1.756670e+00   9.995095e-01   6.298326e-09   2.903342e-03  -5.238218e-03   1.883495e+00   1.873457e+00   9.997219e-02   1.544008e-10   2.311088e-03   1.886558e+00   1.876732e+00   8.997498e-01   1.388219e-09   2.298627e-03
   174   1.812512e+00   1.794168e+00   9.995941e-01   4.041852e-09   2.688382e-03  -3.748471e-03   1.903615e+00   1.893672e+00   9.997491e-02   1.223191e-10   2.228765e-03   1.906233e+00   1.896507e+00   8.997742e-01   1.103951e-09   2.223193e-03
   175   1.850010e+00   1.831665e+00   9.996647e-01   2.600523e-09   2.497182e-03  -1.993906e-03   1.923503e+00   1.913673e+00   9.997737e-02   9.724412e-11   2.154373e-03   1.925660e+00   1.916055e+00   8.997963e-01   8.813110e-10   2.155715e-03
   176   1.887507e+00   1.869163e+00   9.997237e-01   1.678407e-09   2.329824e-03   1.326749e-05   1.943115e+00   1.933420e+00   9.997958e-02   7.762544e-11   2.088101e-03   1.944793e+00   1.935332e+00   8.998162e-01   7.067488e-10   2.096426e-03
   177   1.925005e+00   1.906661e+00   9.997731e-01   1.087456e-09   2.187137e-03   2.548586e-03   1.962408e+00   1.952869e+00   9.998158e-02   6.224670e-11   2.030464e-03   1.963580e+00   1.954288e+00   8.998342e-01   5.696695e-10   2.045654e-03
   178   1.962502e+00   1.944158e+00   9.998147e-01   7.079566e-10   2.071024e-03   5.784105e-03   1.981353e+00   1.971984e+00   9.998338e-02   5.011695e-11   1.983915e-03   1.981978e+00   1.972877e+00   8.998504e-01   4.616101e-10   2.004642e-03
   179   2.000000e+00   1.981656e+00   9.998500e-01   4.623828e-10   1.990864e-03   8.206334e-03   2.000000e+00   1.990776e+00   9.998500e-02   4.034681e-11   1.957942e-03   2.000000e+00   1.991083e+00   8.998650e-01   3.749266e-10   1.980677e-03
