     i          log_r       log_rmid          m_tot        rho_tot         v2_tot            eta     lgr[heavy]    lgrm[heavy]       m[heavy]     rho[heavy]      v2[heavy]     lgr[light]    lgrm[light]       m[light]     rho[light]      v2[light]
     0  -4.556562e+00  -4.857592e+00   1.033434e-07   1.413490e+07   3.090278e-01            nan  -4.556562e+00  -4.857592e+00   9.998500e-08   1.401979e+07   3.059592e-01  -3.172347e+00  -3.473377e+00   8.998650e-07   8.878510e+03   5.970870e-01
     1  -4.519933e+00  -4.537861e+00   1.324763e-07   1.399107e+07   3.075736e-01            nan  -4.534085e+00  -4.545178e+00   1.166721e-07   1.393052e+07   3.059532e-01  -3.134133e+00  -3.152820e+00   1.050049e-06   4.904978e+03   5.788351e-01
     2  -4.483304e+00  -4.501232e+00   1.698828e-07   1.397016e+07   3.074585e-01            nan  -4.511613e+00  -4.522704e+00   1.361439e-07   1.392085e+07   3.059526e-01  -3.096311e+00  -3.114810e+00   1.225295e-06   4.447584e+03   5.754324e-01
     3  -4.446675e+00  -4.464604e+00   2.179122e-07   1.394633e+07   3.073515e-01            nan  -4.489144e+00  -4.500234e+00   1.588651e-07   1.391017e+07   3.059518e-01  -3.058697e+00  -3.077097e+00   1.429786e-06   4.021611e+03   5.715989e-01
     4  -4.410046e+00  -4.427975e+00   2.795740e-07   1.391941e+07   3.072519e-01            nan  -4.466676e+00  -4.477765e+00   1.853780e-07   1.389836e+07   3.059510e-01  -3.021155e+00  -3.039520e+00   1.668402e-06   3.626819e+03   5.672977e-01
     5  -4.373418e+00  -4.391346e+00   3.587281e-07   1.388860e+07   3.071592e-01            nan  -4.444206e+00  -4.455296e+00   2.163150e-07   1.388531e+07   3.059502e-01  -2.983593e+00  -3.001968e+00   1.946835e-06   3.263356e+03   5.625455e-01
     6  -4.336789e+00  -4.354717e+00   4.603106e-07   1.385299e+07   3.070729e-01            nan  -4.421734e+00  -4.432825e+00   2.524142e-07   1.387088e+07   3.059492e-01  -2.945951e+00  -2.964365e+00   2.271728e-06   2.930554e+03   5.573344e-01
     7  -4.300160e+00  -4.318088e+00   5.906372e-07   1.381220e+07   3.069923e-01            nan  -4.399256e+00  -4.410350e+00   2.945370e-07   1.385494e+07   3.059481e-01  -2.908191e+00  -2.926661e+00   2.650833e-06   2.627206e+03   5.516199e-01
     8  -4.263531e+00  -4.281459e+00   7.577915e-07   1.376460e+07   3.069172e-01            nan  -4.376772e+00  -4.387869e+00   3.436881e-07   1.383731e+07   3.059469e-01  -2.870299e+00  -2.888832e+00   3.093193e-06   2.352340e+03   5.454624e-01
     9  -4.226902e+00  -4.244831e+00   9.720376e-07   1.370944e+07   3.068469e-01            nan  -4.354280e+00  -4.365381e+00   4.010398e-07   1.381782e+07   3.059455e-01  -2.832274e+00  -2.850870e+00   3.609358e-06   2.104369e+03   5.388665e-01
    10  -4.190273e+00  -4.208202e+00   1.246522e-06   1.364578e+07   3.067810e-01            nan  -4.331778e+00  -4.342883e+00   4.679601e-07   1.379628e+07   3.059440e-01  -2.794130e+00  -2.812784e+00   4.211641e-06   1.881521e+03   5.318216e-01
    11  -4.153645e+00  -4.171573e+00   1.597923e-06   1.357075e+07   3.067191e-01            nan  -4.309263e+00  -4.320375e+00   5.460446e-07   1.377247e+07   3.059424e-01  -2.755889e+00  -2.774589e+00   4.914402e-06   1.682011e+03   5.244502e-01
    12  -4.117016e+00  -4.134944e+00   2.047321e-06   1.348412e+07   3.066607e-01            nan  -4.286735e+00  -4.297853e+00   6.371554e-07   1.374615e+07   3.059406e-01  -2.717579e+00  -2.736312e+00   5.734398e-06   1.503888e+03   5.166781e-01
    13  -4.080387e+00  -4.098315e+00   2.621611e-06   1.338317e+07   3.066054e-01            nan  -4.264190e+00  -4.275316e+00   7.434644e-07   1.371705e+07   3.059385e-01  -2.679229e+00  -2.697981e+00   6.691180e-06   1.345165e+03   5.087142e-01
    14  -4.043758e+00  -4.061686e+00   3.354348e-06   1.326531e+07   3.065528e-01            nan  -4.241627e+00  -4.252762e+00   8.675058e-07   1.368490e+07   3.059363e-01  -2.640873e+00  -2.659628e+00   7.807552e-06   1.204052e+03   5.004496e-01
    15  -4.007129e+00  -4.025058e+00   4.288045e-06   1.312983e+07   3.065023e-01            nan  -4.219044e+00  -4.230189e+00   1.012236e-06   1.364938e+07   3.059338e-01  -2.602539e+00  -2.621283e+00   9.110122e-06   1.078567e+03   4.921190e-01
    16  -3.970500e+00  -3.988429e+00   5.475905e-06   1.297069e+07   3.064534e-01            nan  -4.196436e+00  -4.207593e+00   1.181103e-06   1.361012e+07   3.059310e-01  -2.564257e+00  -2.582976e+00   1.062993e-05   9.671853e+02   4.836228e-01
    17  -3.933872e+00  -3.951800e+00   6.983248e-06   1.278822e+07   3.064058e-01            nan  -4.173803e+00  -4.184972e+00   1.378130e-06   1.356677e+07   3.059279e-01  -2.526049e+00  -2.544733e+00   1.240317e-05   8.681661e+02   4.751529e-01
    18  -3.897243e+00  -3.915171e+00   8.893024e-06   1.257749e+07   3.063587e-01            nan  -4.151140e+00  -4.162324e+00   1.608010e-06   1.351888e+07   3.059245e-01  -2.487939e+00  -2.506576e+00   1.447209e-05   7.802106e+02   4.666647e-01
    19  -3.860614e+00  -3.878542e+00   1.130338e-05   1.233504e+07   3.063116e-01            nan  -4.128444e+00  -4.139644e+00   1.876216e-06   1.346601e+07   3.059207e-01  -2.449941e+00  -2.468525e+00   1.688595e-05   7.019601e+02   4.582547e-01
    20  -3.823985e+00  -3.841913e+00   1.433887e-05   1.205981e+07   3.062639e-01            nan  -4.105712e+00  -4.116929e+00   2.189133e-06   1.340764e+07   3.059165e-01  -2.412069e+00  -2.430592e+00   1.970220e-05   6.322764e+02   4.499636e-01
    21  -3.787356e+00  -3.805285e+00   1.814439e-05   1.174384e+07   3.062146e-01            nan  -4.082938e+00  -4.094176e+00   2.554206e-06   1.334325e+07   3.059118e-01  -2.374333e+00  -2.392791e+00   2.298786e-05   5.702063e+02   4.417699e-01
    22  -3.750727e+00  -3.768656e+00   2.289773e-05   1.139123e+07   3.061633e-01            nan  -4.060119e+00  -4.071379e+00   2.980121e-06   1.327221e+07   3.059065e-01  -2.336736e+00  -2.355128e+00   2.682109e-05   5.147313e+02   4.338065e-01
    23  -3.714099e+00  -3.732027e+00   2.880330e-05   1.099020e+07   3.061084e-01            nan  -4.037249e+00  -4.048533e+00   3.477003e-06   1.319389e+07   3.059007e-01  -2.299288e+00  -2.317609e+00   3.129303e-05   4.652444e+02   4.259393e-01
    24  -3.677470e+00  -3.695398e+00   3.610404e-05   1.055021e+07   3.060495e-01            nan  -4.014322e+00  -4.025634e+00   4.056664e-06   1.310758e+07   3.058942e-01  -2.261982e+00  -2.280235e+00   3.650997e-05   4.208381e+02   4.183797e-01
    25  -3.640841e+00  -3.658769e+00   4.506483e-05   1.005892e+07   3.059844e-01            nan  -3.991333e+00  -4.002676e+00   4.732872e-06   1.301251e+07   3.058870e-01  -2.224820e+00  -2.243003e+00   4.259585e-05   3.810863e+02   4.109794e-01
    26  -3.604212e+00  -3.622140e+00   5.601083e-05   9.528728e+06   3.059126e-01            nan  -3.968273e+00  -3.979650e+00   5.521683e-06   1.290785e+07   3.058789e-01  -2.187795e+00  -2.205913e+00   4.969515e-05   3.453428e+02   4.038630e-01
    27  -3.567583e+00  -3.585512e+00   6.922651e-05   8.954254e+06   3.058315e-01            nan  -3.945135e+00  -3.956550e+00   6.441814e-06   1.279273e+07   3.058700e-01  -2.150905e+00  -2.168959e+00   5.797633e-05   3.132137e+02   3.969717e-01
    28  -3.530954e+00  -3.548883e+00   8.511552e-05   8.343515e+06   3.057392e-01            nan  -3.921911e+00  -3.933368e+00   7.515084e-06   1.266617e+07   3.058599e-01  -2.114144e+00  -2.132136e+00   6.763576e-05   2.842851e+02   3.903174e-01
    29  -3.494325e+00  -3.512254e+00   1.040184e-04   7.708366e+06   3.056342e-01            nan  -3.898589e+00  -3.910093e+00   8.766923e-06   1.252718e+07   3.058488e-01  -2.077504e+00  -2.095438e+00   7.890231e-05   2.581864e+02   3.839258e-01
    30  -3.457697e+00  -3.475625e+00   1.262227e-04   7.045888e+06   3.055111e-01            nan  -3.875159e+00  -3.886716e+00   1.022697e-05   1.237467e+07   3.058362e-01  -2.040983e+00  -2.058860e+00   9.204273e-05   2.346561e+02   3.777300e-01
    31  -3.421068e+00  -3.438996e+00   1.521329e-04   6.374724e+06   3.053679e-01            nan  -3.851609e+00  -3.863225e+00   1.192976e-05   1.220750e+07   3.058222e-01  -2.004570e+00  -2.022395e+00   1.073678e-04   2.133625e+02   3.718112e-01
    32  -3.384439e+00  -3.402367e+00   1.820429e-04   5.707632e+06   3.052008e-01            nan  -3.827925e+00  -3.839606e+00   1.391553e-05   1.202448e+07   3.058066e-01  -1.968266e+00  -1.986039e+00   1.252398e-04   1.941396e+02   3.660518e-01
    33  -3.347810e+00  -3.365739e+00   2.161812e-04   5.055246e+06   3.050049e-01            nan  -3.804090e+00  -3.815844e+00   1.623115e-05   1.182437e+07   3.057890e-01  -1.932058e+00  -1.949785e+00   1.460803e-04   1.767029e+02   3.605626e-01
    34  -3.311181e+00  -3.329110e+00   2.546921e-04   4.428015e+06   3.047737e-01            nan  -3.780088e+00  -3.791923e+00   1.893121e-05   1.160590e+07   3.057692e-01  -1.895947e+00  -1.913627e+00   1.703808e-04   1.609310e+02   3.552214e-01
    35  -3.274552e+00  -3.292481e+00   2.976131e-04   3.835567e+06   3.044998e-01            nan  -3.755899e+00  -3.767825e+00   2.207926e-05   1.136777e+07   3.057470e-01  -1.859922e+00  -1.877561e+00   1.987134e-04   1.466082e+02   3.501135e-01
    36  -3.237924e+00  -3.255852e+00   3.449410e-04   3.286091e+06   3.041738e-01            nan  -3.731499e+00  -3.743528e+00   2.574932e-05   1.110870e+07   3.057219e-01  -1.823984e+00  -1.841582e+00   2.317439e-04   1.336256e+02   3.451513e-01
    37  -3.201295e+00  -3.219223e+00   3.965240e-04   2.785826e+06   3.037851e-01            nan  -3.706865e+00  -3.719008e+00   3.002750e-05   1.082742e+07   3.056936e-01  -1.788126e+00  -1.805685e+00   2.702475e-04   1.218286e+02   3.403754e-01
    38  -3.164666e+00  -3.182594e+00   4.522289e-04   2.338692e+06   3.033214e-01            nan  -3.681967e+00  -3.694238e+00   3.501400e-05   1.052274e+07   3.056616e-01  -1.752346e+00  -1.769868e+00   3.151260e-04   1.111188e+02   3.357291e-01
    39  -3.128037e+00  -3.145965e+00   5.119339e-04   1.946134e+06   3.027662e-01   4.683382e-01  -3.656773e+00  -3.669187e+00   4.082538e-05   1.019357e+07   3.056253e-01  -1.716641e+00  -1.734127e+00   3.674284e-04   1.013811e+02   3.312262e-01
    40  -3.091408e+00  -3.109337e+00   5.756073e-04   1.607179e+06   3.020920e-01   4.659129e-01  -3.631246e+00  -3.643822e+00   4.759714e-05   9.838973e+06   3.055840e-01  -1.681010e+00  -1.698460e+00   4.283742e-04   9.253104e+01   3.268251e-01
    41  -3.054779e+00  -3.072708e+00   6.433613e-04   1.318962e+06   3.013048e-01   4.632076e-01  -3.605344e+00  -3.618102e+00   5.548679e-05   9.458240e+06   3.055368e-01  -1.645452e+00  -1.662868e+00   4.993811e-04   8.447942e+01   3.225252e-01
    42  -3.018151e+00  -3.036079e+00   7.140708e-04   1.076707e+06   3.004034e-01   4.601912e-01  -3.579018e+00  -3.591981e+00   6.467734e-05   9.050947e+06   3.054828e-01  -1.609968e+00  -1.627348e+00   5.820960e-04   7.715602e+01   3.182898e-01
    43  -2.981522e+00  -2.999450e+00   7.874663e-04   8.732531e+05   2.992785e-01   4.571549e-01  -3.552214e+00  -3.565409e+00   7.538125e-05   8.617049e+06   3.054207e-01  -1.574556e+00  -1.591901e+00   6.784313e-04   7.048898e+01   3.141134e-01
    44  -2.944893e+00  -2.962821e+00   8.652180e-04   7.064628e+05   2.980105e-01   4.538910e-01  -3.524869e+00  -3.538326e+00   8.784517e-05   8.156974e+06   3.053489e-01  -1.539218e+00  -1.556528e+00   7.906065e-04   6.442104e+01   3.099580e-01
    45  -2.908264e+00  -2.926192e+00   9.448019e-04   5.700855e+05   2.965960e-01   4.503598e-01  -3.496908e+00  -3.510663e+00   1.023551e-04   7.671724e+06   3.052655e-01  -1.503955e+00  -1.521229e+00   9.211963e-04   5.889217e+01   3.058217e-01
    46  -2.871635e+00  -2.889564e+00   1.027754e-03   4.589511e+05   2.948681e-01   4.470352e-01  -3.468248e+00  -3.482341e+00   1.192428e-04   7.162989e+06   3.051680e-01  -1.468769e+00  -1.486005e+00   1.073185e-03   5.385641e+01   3.016615e-01
    47  -2.835006e+00  -2.852935e+00   1.114300e-03   3.693368e+05   2.930587e-01   4.433484e-01  -3.438789e+00  -3.453269e+00   1.388921e-04   6.633262e+06   3.050535e-01  -1.433658e+00  -1.450858e+00   1.250029e-03   4.926191e+01   2.974882e-01
    48  -2.798378e+00  -2.816306e+00   1.202785e-03   2.970994e+05   2.908550e-01   4.400686e-01  -3.408418e+00  -3.423338e+00   1.617478e-04   6.085945e+06   3.049177e-01  -1.398625e+00  -1.415788e+00   1.455730e-03   4.507245e+01   2.932522e-01
    49  -2.761749e+00  -2.779677e+00   1.296017e-03   2.390907e+05   2.885717e-01   4.365501e-01  -3.376999e+00  -3.392425e+00   1.883238e-04   5.525443e+06   3.047556e-01  -1.363666e+00  -1.380794e+00   1.694914e-03   4.124200e+01   2.889870e-01
    50  -2.725120e+00  -2.743048e+00   1.391150e-03   1.926828e+05   2.858948e-01   4.335015e-01  -3.344377e+00  -3.360382e+00   2.192140e-04   4.957225e+06   3.045602e-01  -1.328781e+00  -1.345873e+00   1.972926e-03   3.774181e+01   2.846427e-01
    51  -2.688491e+00  -2.706419e+00   1.491392e-03   1.553883e+05   2.831633e-01   4.302792e-01  -3.310366e+00  -3.327039e+00   2.551039e-04   4.387842e+06   3.043223e-01  -1.293961e+00  -1.311022e+00   2.295935e-03   3.453299e+01   2.802655e-01
    52  -2.651862e+00  -2.669791e+00   1.594819e-03   1.256946e+05   2.799967e-01   4.277753e-01  -3.274748e+00  -3.292192e+00   2.967831e-04   3.824863e+06   3.040292e-01  -1.259200e+00  -1.276232e+00   2.671048e-03   3.159033e+01   2.758297e-01
    53  -2.615233e+00  -2.633162e+00   1.703142e-03   1.016898e+05   2.768824e-01   4.249419e-01  -3.237268e+00  -3.255604e+00   3.451610e-04   3.276719e+06   3.036638e-01  -1.224486e+00  -1.241496e+00   3.106449e-03   2.888437e+01   2.713709e-01
    54  -2.578605e+00  -2.596533e+00   1.816694e-03   8.266659e+04   2.732634e-01   4.232069e-01  -3.197624e+00  -3.216994e+00   4.012824e-04   2.752429e+06   3.032023e-01  -1.189805e+00  -1.206800e+00   3.611542e-03   2.639172e+01   2.669037e-01
    55  -2.541976e+00  -2.559904e+00   1.934931e-03   6.721150e+04   2.697154e-01   4.212047e-01  -3.155465e+00  -3.176033e+00   4.663463e-04   2.261165e+06   3.026111e-01  -1.155142e+00  -1.172128e+00   4.197117e-03   2.409212e+01   2.624393e-01
    56  -2.505347e+00  -2.523275e+00   2.060446e-03   5.486426e+04   2.658664e-01   4.199751e-01  -3.110385e+00  -3.132340e+00   5.417261e-04   1.811678e+06   3.018431e-01  -1.120473e+00  -1.137461e+00   4.875535e-03   2.196458e+01   2.580315e-01
    57  -2.468718e+00  -2.486646e+00   2.191099e-03   4.484994e+04   2.619775e-01   4.188883e-01  -3.061928e+00  -3.085481e+00   6.289911e-04   1.411578e+06   3.008315e-01  -1.085778e+00  -1.102779e+00   5.660920e-03   1.999591e+01   2.536718e-01
    58  -2.432089e+00  -2.450018e+00   2.330171e-03   3.674640e+04   2.580092e-01   4.181502e-01  -3.009593e+00  -3.034972e+00   7.299314e-04   1.066546e+06   2.994820e-01  -1.051034e+00  -1.068059e+00   6.569382e-03   1.817169e+01   2.493948e-01
    59  -2.395460e+00  -2.413389e+00   2.476631e-03   3.019492e+04   2.539181e-01   4.179124e-01  -2.952873e+00  -2.980307e+00   8.465830e-04   7.795766e+05   2.976640e-01  -1.016220e+00  -1.033279e+00   7.619247e-03   1.648164e+01   2.452036e-01
    60  -2.358832e+00  -2.376760e+00   2.632090e-03   2.482540e+04   2.499054e-01   4.177068e-01  -2.891303e+00  -2.920998e+00   9.812558e-04   5.504238e+05   2.952025e-01  -9.813181e-01  -9.984188e-01   8.831303e-03   1.491792e+01   2.410774e-01
    61  -2.322203e+00  -2.340131e+00   2.797335e-03   2.049038e+04   2.457669e-01   4.181451e-01  -2.824564e+00  -2.856653e+00   1.136562e-03   3.754482e+05   2.918781e-01  -9.463096e-01  -9.634612e-01   1.022906e-02   1.347179e+01   2.370365e-01
    62  -2.285574e+00  -2.303502e+00   2.972976e-03   1.691622e+04   2.417382e-01   4.185962e-01  -2.752596e+00  -2.787091e+00   1.315444e-03   2.480231e+05   2.874457e-01  -9.111828e-01  -9.283912e-01   1.183900e-02   1.213753e+01   2.330520e-01
    63  -2.248945e+00  -2.266873e+00   3.160066e-03   1.400122e+04   2.377285e-01   4.194448e-01  -2.675730e+00  -2.712465e+00   1.521208e-03   1.595222e+05   2.816855e-01  -8.759305e-01  -8.931991e-01   1.369088e-02   1.090954e+01   2.290935e-01
    64  -2.212316e+00  -2.230245e+00   3.360098e-03   1.160058e+04   2.338022e-01   4.204543e-01  -2.594741e+00  -2.633351e+00   1.757548e-03   1.006819e+05   2.744856e-01  -8.405475e-01  -8.578788e-01   1.581793e-02   9.781473e+00   2.251675e-01
    65  -2.175687e+00  -2.193616e+00   3.573217e-03   9.623318e+03   2.299851e-01   4.216630e-01  -2.510775e+00  -2.550732e+00   2.028572e-03   6.293542e+04   2.659251e-01  -8.050326e-01  -8.224271e-01   1.825715e-02   8.747948e+00   2.212518e-01
    66  -2.139059e+00  -2.156987e+00   3.801989e-03   7.995308e+03   2.262747e-01   4.230315e-01  -2.425151e+00  -2.465856e+00   2.338830e-03   3.930830e+04   2.563016e-01  -7.693880e-01  -7.868447e-01   2.104947e-02   7.803516e+00   2.173263e-01
    67  -2.102430e+00  -2.120358e+00   4.046349e-03   6.646367e+03   2.226930e-01   4.245574e-01  -2.339110e+00  -2.380003e+00   2.693323e-03   2.470033e+04   2.460681e-01  -7.336177e-01  -7.511347e-01   2.423991e-02   6.942517e+00   2.133918e-01
    68  -2.065801e+00  -2.083729e+00   4.308655e-03   5.533524e+03   2.192799e-01   4.260877e-01  -2.253643e+00  -2.294277e+00   3.097518e-03   1.568258e+04   2.357127e-01  -6.977270e-01  -7.153017e-01   2.787766e-02   6.159436e+00   2.094489e-01
    69  -2.029172e+00  -2.047100e+00   4.589984e-03   4.608743e+03   2.159855e-01   4.278091e-01  -2.169430e+00  -2.209498e+00   3.557342e-03   1.008092e+04   2.256498e-01  -6.617234e-01  -6.793522e-01   3.201608e-02   5.449159e+00   2.054860e-01
    70  -1.992543e+00  -2.010472e+00   4.891792e-03   3.843102e+03   2.129135e-01   4.293701e-01  -2.086873e+00  -2.126192e+00   4.079169e-03   6.563555e+03   2.161674e-01  -6.256165e-01  -6.432948e-01   3.671252e-02   4.806702e+00   2.014927e-01
    71  -1.955914e+00  -1.973843e+00   5.216650e-03   3.206244e+03   2.099661e-01   4.310796e-01  -2.006169e+00  -2.044649e+00   4.669785e-03   4.326626e+03   2.074263e-01  -5.894168e-01  -6.071396e-01   4.202806e-02   4.227141e+00   1.974782e-01
    72  -1.919286e+00  -1.937214e+00   5.565096e-03   2.677089e+03   2.072436e-01   4.326284e-01  -1.927390e+00  -1.964995e+00   5.336336e-03   2.885347e+03   1.994881e-01  -5.531369e-01  -5.708981e-01   4.802703e-02   3.705854e+00   1.934369e-01
    73  -1.882657e+00  -1.900585e+00   5.941127e-03   2.236653e+03   2.046703e-01   4.342180e-01  -1.850536e+00  -1.887265e+00   6.086254e-03   1.945075e+03   1.923474e-01  -5.167911e-01  -5.345839e-01   5.477629e-02   3.238463e+00   1.893596e-01
    74  -1.846028e+00  -1.863956e+00   6.344702e-03   1.869925e+03   2.023111e-01   4.356519e-01  -1.775582e+00  -1.811444e+00   6.927149e-03   1.324533e+03   1.859580e-01  -4.803965e-01  -4.982127e-01   6.234434e-02   2.820777e+00   1.852370e-01
    75  -1.809399e+00  -1.827327e+00   6.780959e-03   1.564367e+03   2.001211e-01   4.370297e-01  -1.702492e+00  -1.737501e+00   7.866679e-03   9.106393e+02   1.802502e-01  -4.439714e-01  -4.618022e-01   7.080011e-02   2.448748e+00   1.810732e-01
    76  -1.772770e+00  -1.790699e+00   7.249788e-03   1.309598e+03   1.981314e-01   4.382357e-01  -1.631240e+00  -1.665406e+00   8.912390e-03   6.318645e+02   1.751402e-01  -4.075366e-01  -4.253720e-01   8.021151e-02   2.118548e+00   1.768637e-01
    77  -1.736141e+00  -1.754070e+00   7.757140e-03   1.097096e+03   1.963185e-01   4.393040e-01  -1.561810e+00  -1.595139e+00   1.007152e-02   4.423717e+02   1.705354e-01  -3.711152e-01  -3.889442e-01   9.064369e-02   1.826566e+00   1.726005e-01
    78  -1.699512e+00  -1.717441e+00   8.303402e-03   9.197279e+02   1.946929e-01   4.401663e-01  -1.494194e+00  -1.526687e+00   1.135078e-02   3.124370e+02   1.663363e-01  -3.347331e-01  -3.525433e-01   1.021570e-01   1.569382e+00   1.682753e-01
    79  -1.662884e+00  -1.680812e+00   8.895050e-03   7.716358e+02   1.932374e-01   4.408343e-01  -1.428393e+00  -1.460049e+00   1.275612e-02   2.225780e+02   1.624393e-01  -2.984186e-01  -3.161964e-01   1.148050e-01   1.343740e+00   1.638879e-01
    80  -1.626255e+00  -1.644183e+00   9.533534e-03   6.479032e+02   1.919553e-01   4.412399e-01  -1.364408e+00  -1.395223e+00   1.429243e-02   1.599024e+02   1.587412e-01  -2.622017e-01  -2.799327e-01   1.286319e-01   1.146552e+00   1.594396e-01
    81  -1.589626e+00  -1.607554e+00   1.022568e-02   5.444936e+02   1.908233e-01   4.414189e-01  -1.302230e+00  -1.332207e+00   1.596333e-02   1.158044e+02   1.551468e-01  -2.261150e-01  -2.437836e-01   1.436700e-01   9.749511e-01   1.549258e-01
    82  -1.552997e+00  -1.570926e+00   1.097453e-02   4.579948e+02   1.898452e-01   4.412725e-01  -1.241837e+00  -1.270984e+00   1.777087e-02   8.449579e+01   1.515796e-01  -1.901937e-01  -2.077831e-01   1.599378e-01   8.262485e-01   1.503427e-01
    83  -1.516368e+00  -1.534297e+00   1.178722e-02   3.856326e+02   1.889869e-01   4.408824e-01  -1.183178e+00  -1.211518e+00   1.971527e-02   6.205739e+01   1.479923e-01  -1.544743e-01  -1.719669e-01   1.774374e-01   6.979253e-01   1.456959e-01
    84  -1.479739e+00  -1.497668e+00   1.266888e-02   3.250155e+02   1.882510e-01   4.401321e-01  -1.126173e+00  -1.153741e+00   2.179475e-02   4.581995e+01   1.443747e-01  -1.189942e-01  -1.363720e-01   1.961527e-01   5.876432e-01   1.409921e-01
    85  -1.443111e+00  -1.461039e+00   1.362714e-02   2.742533e+02   1.876002e-01   4.391224e-01  -1.070706e+00  -1.097555e+00   2.400535e-02   3.395669e+01   1.407564e-01  -8.379232e-02  -1.010367e-01   2.160481e-01   4.932655e-01   1.362338e-01
    86  -1.406482e+00  -1.424410e+00   1.466951e-02   2.316439e+02   1.870235e-01   4.377965e-01  -1.016628e+00  -1.042826e+00   2.634082e-02   2.521237e+01   1.371964e-01  -4.890798e-02  -6.599999e-02   2.370673e-01   4.128295e-01   1.314278e-01
    87  -1.369853e+00  -1.387781e+00   1.580468e-02   1.959038e+02   1.864959e-01   4.362253e-01  -9.637647e-01  -9.893925e-01   2.879262e-02   1.871950e+01   1.337673e-01  -1.437915e-02  -3.130051e-02   2.591336e-01   3.445340e-01   1.265928e-01
    88  -1.333224e+00  -1.351152e+00   1.704247e-02   1.658522e+02   1.859883e-01   4.344438e-01  -9.119329e-01  -9.370760e-01   3.134998e-02   1.387425e+01   1.305370e-01   1.975644e-02   3.023940e-03   2.821498e-01   2.867743e-01   1.217370e-01
    89  -1.296595e+00  -1.314524e+00   1.839364e-02   1.405696e+02   1.854866e-01   4.325497e-01  -8.609542e-01  -8.856959e-01   3.400006e-02   1.025045e+01   1.275452e-01   5.346272e-02   3.693650e-02   3.060005e-01   2.381032e-01   1.168757e-01
    90  -1.259966e+00  -1.277895e+00   1.986989e-02   1.192811e+02   1.849748e-01   4.305070e-01  -8.106734e-01  -8.350865e-01   3.672816e-02   7.542309e+00   1.247968e-01   8.670663e-02   7.040269e-02   3.305535e-01   1.972278e-01   1.120299e-01
    91  -1.223338e+00  -1.241266e+00   2.148440e-02   1.012853e+02   1.844230e-01   4.286499e-01  -7.609679e-01  -7.851099e-01   3.951809e-02   5.524624e+00   1.222577e-01   1.194570e-01   1.033904e-01   3.556628e-01   1.630168e-01   1.072121e-01
    92  -1.186709e+00  -1.204637e+00   2.325278e-02   8.609769e+01   1.838474e-01   4.267657e-01  -7.117499e-01  -7.356620e-01   4.235249e-02   4.028178e+00   1.198735e-01   1.516873e-01   1.358711e-01   3.811724e-01   1.344653e-01   1.024472e-01
    93  -1.150080e+00  -1.168008e+00   2.518715e-02   7.321284e+01   1.832269e-01   4.252226e-01  -6.629582e-01  -6.866692e-01   4.521329e-02   2.923707e+00   1.175897e-01   1.833740e-01   1.678195e-01   4.069196e-01   1.107081e-01   9.774974e-02
    94  -1.113451e+00  -1.131379e+00   2.730824e-02   6.227493e+01   1.825924e-01   4.239959e-01  -6.145411e-01  -6.380753e-01   4.808216e-02   2.112146e+00   1.153676e-01   2.144981e-01   1.992148e-01   4.327394e-01   9.099045e-02   9.314010e-02
    95  -1.076822e+00  -1.094751e+00   2.963331e-02   5.300100e+01   1.819407e-01   4.229921e-01  -5.664473e-01  -5.898288e-01   5.094094e-02   1.518320e+00   1.131908e-01   2.450449e-01   2.300400e-01   4.584685e-01   7.466595e-02   8.863427e-02
    96  -1.040193e+00  -1.058122e+00   3.217618e-02   4.507210e+01   1.813141e-01   4.224367e-01  -5.186131e-01  -5.418720e-01   5.377208e-02   1.085486e+00   1.110544e-01   2.750038e-01   2.602827e-01   4.839488e-01   6.118066e-02   8.424798e-02
    97  -1.003565e+00  -1.021493e+00   3.496477e-02   3.832180e+01   1.807201e-01   4.220195e-01  -4.709573e-01  -4.941319e-01   5.655903e-02   7.712461e-01   1.089606e-01   3.043689e-01   2.899345e-01   5.090312e-01   5.006343e-02   7.999512e-02
    98  -9.669358e-01  -9.848641e-01   3.802011e-02   3.258003e+01   1.801468e-01   4.216838e-01  -4.233837e-01  -4.465194e-01   5.928652e-02   5.441784e-01   1.069151e-01   3.331379e-01   3.189915e-01   5.335787e-01   4.091587e-02   7.588654e-02
    99  -9.303069e-01  -9.482353e-01   4.135180e-02   2.766500e+01   1.796581e-01   4.212551e-01  -3.757763e-01  -3.989280e-01   6.194091e-02   3.809422e-01   1.049228e-01   3.613129e-01   3.474538e-01   5.574682e-01   3.340154e-02   7.193225e-02
   100  -8.936781e-01  -9.116065e-01   4.499926e-02   2.347649e+01   1.792186e-01   4.204936e-01  -3.279960e-01  -3.512294e-01   6.451030e-02   2.642739e-01   1.029901e-01   3.888992e-01   3.753250e-01   5.805927e-01   2.723881e-02   6.813825e-02
   101  -8.570493e-01  -8.749776e-01   4.899213e-02   1.991783e+01   1.787845e-01   4.193593e-01  -2.798836e-01  -3.032739e-01   6.698469e-02   1.814751e-01   1.011261e-01   4.159059e-01   4.026124e-01   6.028622e-01   2.219142e-02   6.451031e-02
   102  -8.204204e-01  -8.383488e-01   5.333996e-02   1.689081e+01   1.783541e-01   4.177245e-01  -2.312594e-01  -2.548914e-01   6.935597e-02   1.231945e-01   9.933916e-02   4.423445e-01   4.293263e-01   6.242038e-01   1.806317e-02   6.104990e-02
   103  -7.837916e-01  -8.017199e-01   5.808471e-02   1.431211e+01   1.779209e-01   4.154391e-01  -1.819167e-01  -2.058877e-01   7.161799e-02   8.255065e-02   9.764180e-02   4.682296e-01   4.554798e-01   6.445619e-01   1.469036e-02   5.775906e-02
   104  -7.471627e-01  -7.650911e-01   6.327195e-02   1.212848e+01   1.773901e-01   4.126918e-01  -1.316328e-01  -1.560474e-01   7.376638e-02   5.452696e-02   9.604836e-02   4.935776e-01   4.810885e-01   6.638974e-01   1.193799e-02   5.463542e-02
   105  -7.105339e-01  -7.284623e-01   6.894241e-02   1.027909e+01   1.767357e-01   4.095228e-01  -8.017718e-02  -1.051434e-01   7.579851e-02   3.545961e-02   9.456840e-02   5.184073e-01   5.061698e-01   6.821866e-01   9.693862e-03   5.167807e-02
   106  -6.739051e-01  -6.918334e-01   7.510637e-02   8.710115e+00   1.759438e-01   4.059605e-01  -2.732442e-02  -5.294729e-02   7.771330e-02   2.268198e-02   9.320984e-02   5.427386e-01   5.307433e-01   6.994197e-01   7.865986e-03   4.888198e-02
   107  -6.372762e-01  -6.552046e-01   8.183815e-02   7.378705e+00   1.749851e-01   4.020692e-01   2.708301e-02   7.307424e-04   7.951106e-02   1.427804e-02   9.194299e-02   5.665931e-01   5.548296e-01   7.155996e-01   6.378222e-03   4.624372e-02
   108  -6.006474e-01  -6.185758e-01   8.919257e-02   6.250818e+00   1.738250e-01   3.978729e-01   8.308271e-02   5.598484e-02   8.119333e-02   8.862159e-03   9.069987e-02   5.899933e-01   5.784508e-01   7.307399e-01   5.168312e-03   4.375707e-02
   109  -5.640186e-01  -5.819469e-01   9.722400e-02   5.294419e+00   1.724542e-01   3.933595e-01   1.404767e-01   1.127271e-01   8.276263e-02   5.450601e-03   8.931664e-02   6.129625e-01   6.016297e-01   7.448636e-01   4.185031e-03   4.141643e-02
   110  -5.273897e-01  -5.453181e-01   1.059568e-01   4.482102e+00   1.708698e-01   3.884856e-01   1.987109e-01   1.705691e-01   8.422234e-02   3.350958e-03   8.750910e-02   6.355244e-01   6.243900e-01   7.580011e-01   3.386484e-03   3.921532e-02
   111  -4.907609e-01  -5.086893e-01   1.154723e-01   3.791196e+00   1.690710e-01   3.831696e-01   2.568685e-01   2.287625e-01   8.557652e-02   2.082415e-03   8.493475e-02   6.577032e-01   6.467554e-01   7.701887e-01   2.738416e-03   3.714668e-02
   112  -4.541321e-01  -4.720604e-01   1.258413e-01   3.204419e+00   1.670379e-01   3.773404e-01   3.138286e-01   2.862817e-01   8.682971e-02   1.322473e-03   8.134788e-02   6.795232e-01   6.687502e-01   7.814674e-01   2.212782e-03   3.520418e-02
   113  -4.175032e-01  -4.354316e-01   1.371274e-01   2.705792e+00   1.647702e-01   3.709325e-01   3.685728e-01   3.420627e-01   8.798682e-02   8.642414e-04   7.677724e-02   7.010085e-01   6.903987e-01   7.918814e-01   1.786748e-03   3.338047e-02
   114  -3.808744e-01  -3.988027e-01   1.493732e-01   2.281939e+00   1.622653e-01   3.638528e-01   4.204379e-01   3.952791e-01   8.905301e-02   5.819780e-04   7.152963e-02   7.221835e-01   7.117251e-01   8.014771e-01   1.441660e-03   3.166884e-02
   115  -3.442455e-01  -3.621739e-01   1.626373e-01   1.921079e+00   1.595382e-01   3.559248e-01   4.691659e-01   4.454849e-01   9.003354e-02   4.027301e-04   6.601612e-02   7.430718e-01   7.327532e-01   8.103019e-01   1.162323e-03   3.006258e-02
   116  -3.076167e-01  -3.255451e-01   1.770075e-01   1.614560e+00   1.565713e-01   3.470595e-01   5.148039e-01   4.925841e-01   9.093373e-02   2.851272e-04   6.058328e-02   7.636967e-01   7.535067e-01   8.184036e-01   9.363693e-04   2.855489e-02
   117  -2.709879e-01  -2.889162e-01   1.925440e-01   1.354295e+00   1.533707e-01   3.371609e-01   5.575656e-01   5.367108e-01   9.175884e-02   2.056401e-04   5.545007e-02   7.840812e-01   7.740085e-01   8.258295e-01   7.537231e-04   2.713957e-02
   118  -2.343590e-01  -2.522874e-01   2.092889e-01   1.133454e+00   1.499401e-01   3.261055e-01   5.977310e-01   5.781124e-01   9.251402e-02   1.505385e-04   5.071970e-02   8.042474e-01   7.942813e-01   8.326262e-01   6.061942e-04   2.581043e-02
   119  -1.977302e-01  -2.156586e-01   2.272637e-01   9.461197e-01   1.462913e-01   3.136019e-01   6.355920e-01   6.170739e-01   9.320429e-02   1.115287e-04   4.642353e-02   8.242167e-01   8.143468e-01   8.388386e-01   4.871243e-04   2.456150e-02
   120  -1.611014e-01  -1.790297e-01   2.465516e-01   7.875638e-01   1.424244e-01   2.995566e-01   6.714258e-01   6.538784e-01   9.383445e-02   8.342735e-05   4.255367e-02   8.440098e-01   8.342260e-01   8.445100e-01   3.910991e-04   2.338727e-02
   121  -1.244725e-01  -1.424009e-01   2.671849e-01   6.535999e-01   1.383490e-01   2.839034e-01   7.054769e-01   6.887850e-01   9.440910e-02   6.290810e-05   3.907973e-02   8.636466e-01   8.539392e-01   8.496819e-01   3.137233e-04   2.228247e-02
   122  -8.784368e-02  -1.057721e-01   2.891515e-01   5.406238e-01   1.340744e-01   2.665078e-01   7.379621e-01   7.220232e-01   9.493262e-02   4.774801e-05   3.596513e-02   8.831459e-01   8.735057e-01   8.543935e-01   2.514295e-04   2.124205e-02
   123  -5.121485e-02  -6.914322e-02   3.124582e-01   4.455305e-01   1.296167e-01   2.469437e-01   7.690704e-01   7.537947e-01   9.540910e-02   3.643941e-05   3.317247e-02   9.025257e-01   8.929439e-01   8.586819e-01   2.013224e-04   2.026133e-02
   124  -1.458601e-02  -3.251438e-02   3.371260e-01   3.657385e-01   1.249892e-01   2.255239e-01   7.989649e-01   7.842748e-01   9.584241e-02   2.793659e-05   3.066457e-02   9.218030e-01   9.122713e-01   8.625817e-01   1.610541e-04   1.933601e-02
   125   2.204283e-02   4.114457e-03   3.630500e-01   2.989313e-01   1.201993e-01   2.021341e-01   8.277885e-01   8.136158e-01   9.623618e-02   2.149936e-05   2.840913e-02   9.409938e-01   9.315044e-01   8.661256e-01   1.287233e-04   1.846198e-02
   126   5.867166e-02   4.074329e-02   3.901793e-01   2.431645e-01   1.152635e-01   1.767182e-01   8.556652e-01   8.419505e-01   9.659376e-02   1.659825e-05   2.637596e-02   9.601131e-01   9.506587e-01   8.693438e-01   1.027897e-04   1.763545e-02
   127   9.530050e-02   7.737213e-02   4.184903e-01   1.968258e-01   1.102139e-01   1.498352e-01   8.827033e-01   8.693946e-01   9.691827e-02   1.284866e-05   2.453904e-02   9.791748e-01   9.697485e-01   8.722644e-01   8.200724e-05   1.685295e-02
   128   1.319293e-01   1.140010e-01   4.478524e-01   1.584714e-01   1.050751e-01   1.213455e-01   9.089988e-01   8.960500e-01   9.721261e-02   9.967895e-06   2.287553e-02   9.981921e-01   9.887875e-01   8.749135e-01   6.536857e-05   1.611131e-02
   129   1.685582e-01   1.506298e-01   4.781347e-01   1.268784e-01   9.987118e-02   9.296312e-02   9.346354e-01   9.220062e-01   9.747945e-02   7.747383e-06   2.136486e-02   1.017177e+00   1.007788e+00   8.773151e-01   5.206019e-05   1.540755e-02
   130   2.051870e-01   1.872586e-01   5.092200e-01   1.009710e-01   9.463465e-02   6.443198e-02   9.596874e-01   9.473420e-01   9.772124e-02   6.030596e-06   1.998976e-02   1.036140e+00   1.026762e+00   8.794912e-01   4.142560e-05   1.473898e-02
   131   2.418158e-01   2.238875e-01   5.409019e-01   7.983872e-02   8.939728e-02   3.608977e-02   9.842212e-01   9.721275e-01   9.794025e-02   4.699975e-06   1.873472e-02   1.055092e+00   1.045720e+00   8.814623e-01   3.293555e-05   1.410315e-02
   132   2.784447e-01   2.605163e-01   5.728717e-01   6.270480e-02   8.418056e-02   1.103190e-02   1.008295e+00   9.964249e-01   9.813854e-02   3.666664e-06   1.758613e-02   1.074043e+00   1.064671e+00   8.832469e-01   2.616381e-05   1.349781e-02
   133   3.150735e-01   2.971451e-01   6.048862e-01   4.883576e-02   7.899219e-02  -1.341107e-02   1.031961e+00   1.020289e+00   9.831802e-02   2.862823e-06   1.653238e-02   1.093000e+00   1.083625e+00   8.848622e-01   2.076753e-05   1.292095e-02
   134   3.517024e-01   3.337740e-01   6.368302e-01   3.774389e-02   7.389502e-02  -3.466473e-02   1.055267e+00   1.043770e+00   9.848042e-02   2.236609e-06   1.556316e-02   1.111972e+00   1.102590e+00   8.863237e-01   1.647117e-05   1.237068e-02
   135   3.883312e-01   3.704028e-01   6.684985e-01   2.893798e-02   6.891786e-02  -5.200755e-02   1.078253e+00   1.066912e+00   9.862732e-02   1.748220e-06   1.466937e-02   1.130965e+00   1.121572e+00   8.876458e-01   1.305353e-05   1.184534e-02
   136   4.249600e-01   4.070317e-01   6.992309e-01   2.198244e-02   6.407700e-02  -6.754023e-02   1.100958e+00   1.089754e+00   9.876016e-02   1.366989e-06   1.384312e-02   1.149986e+00   1.140580e+00   8.888415e-01   1.033720e-05   1.134339e-02
   137   4.615889e-01   4.436605e-01   7.291570e-01   1.653679e-02   5.939611e-02  -8.042440e-02   1.123413e+00   1.112331e+00   9.888027e-02   1.069178e-06   1.307752e-02   1.169041e+00   1.159618e+00   8.899225e-01   8.180086e-06   1.086345e-02
   138   4.982177e-01   4.802893e-01   7.578831e-01   1.232755e-02   5.491320e-02  -8.946130e-02   1.145651e+00   1.134674e+00   9.898885e-02   8.363990e-07   1.236650e-02   1.188134e+00   1.178693e+00   8.908996e-01   6.468455e-06   1.040424e-02
   139   5.348465e-01   5.169182e-01   7.851023e-01   9.085308e-03   5.062619e-02  -9.701520e-02   1.167696e+00   1.156813e+00   9.908698e-02   6.543707e-07   1.170469e-02   1.207271e+00   1.197808e+00   8.917828e-01   5.111389e-06   9.964621e-03
   140   5.714754e-01   5.535470e-01   8.107520e-01   6.630974e-03   4.657436e-02  -1.026781e-01   1.189573e+00   1.178772e+00   9.917565e-02   5.119825e-07   1.108740e-02   1.226454e+00   1.216968e+00   8.925808e-01   4.036277e-06   9.543539e-03
   141   6.081042e-01   5.901758e-01   8.345563e-01   4.782209e-03   4.275182e-02  -1.068073e-01   1.211304e+00   1.200575e+00   9.925576e-02   4.005777e-07   1.051047e-02   1.245688e+00   1.236177e+00   8.933019e-01   3.185185e-06   9.140033e-03
   142   6.447330e-01   6.268047e-01   8.564024e-01   3.412993e-03   3.917964e-02  -1.093401e-01   1.232908e+00   1.222240e+00   9.932813e-02   3.134013e-07   9.970277e-03   1.264975e+00   1.255439e+00   8.939532e-01   2.511932e-06   8.753224e-03
   143   6.813619e-01   6.634335e-01   8.763550e-01   2.406991e-03   3.585378e-02  -1.105874e-01   1.254402e+00   1.243788e+00   9.939350e-02   2.451781e-07   9.463592e-03   1.284319e+00   1.274755e+00   8.945415e-01   1.979741e-06   8.382304e-03
   144   7.179907e-01   7.000624e-01   8.941783e-01   1.678470e-03   3.277802e-02  -1.105867e-01   1.275802e+00   1.265234e+00   9.945254e-02   1.917860e-07   8.987564e-03   1.303720e+00   1.294128e+00   8.950729e-01   1.559351e-06   8.026531e-03
   145   7.546196e-01   7.366912e-01   9.100155e-01   1.157758e-03   2.994805e-02  -1.094394e-01   1.297121e+00   1.286592e+00   9.950586e-02   1.500019e-07   8.539662e-03   1.323182e+00   1.313560e+00   8.955527e-01   1.227503e-06   7.685220e-03
   146   7.912484e-01   7.733200e-01   9.239691e-01   7.899716e-04   2.735548e-02  -1.072368e-01   1.318372e+00   1.307876e+00   9.955400e-02   1.173040e-07   8.117636e-03   1.342705e+00   1.333053e+00   8.959860e-01   9.657226e-07   7.357738e-03
   147   8.278772e-01   8.099489e-01   9.361219e-01   5.332556e-04   2.499042e-02  -1.040238e-01   1.339565e+00   1.329098e+00   9.959747e-02   9.171891e-08   7.719485e-03   1.362290e+00   1.352608e+00   8.963772e-01   7.593492e-07   7.043497e-03
   148   8.645061e-01   8.465777e-01   9.465888e-01   3.565394e-04   2.283896e-02  -9.984209e-02   1.360711e+00   1.350267e+00   9.963672e-02   7.170186e-08   7.343422e-03   1.381939e+00   1.372226e+00   8.967304e-01   5.967584e-07   6.741950e-03
   149   9.011349e-01   8.832065e-01   9.554979e-01   2.362972e-04   2.088581e-02  -9.485615e-02   1.381819e+00   1.371393e+00   9.967214e-02   5.604335e-08   6.987850e-03   1.401651e+00   1.391907e+00   8.970493e-01   4.687401e-07   6.452588e-03
   150   9.377637e-01   9.198354e-01   9.630377e-01   1.553810e-04   1.911474e-02  -8.921916e-02   1.402896e+00   1.392485e+00   9.970413e-02   4.379639e-08   6.651335e-03   1.421427e+00   1.411651e+00   8.973371e-01   3.680032e-07   6.174937e-03
   151   9.743926e-01   9.564642e-01   9.693832e-01   1.014677e-04   1.750892e-02  -8.313279e-02   1.423948e+00   1.413549e+00   9.973300e-02   3.421943e-08   6.332592e-03   1.441266e+00   1.431459e+00   8.975970e-01   2.887797e-07   5.908552e-03
   152   1.011021e+00   9.930930e-01   9.746949e-01   6.587579e-05   1.605217e-02  -7.674122e-02   1.444982e+00   1.434592e+00   9.975905e-02   2.673181e-08   6.030461e-03   1.461168e+00   1.451331e+00   8.978315e-01   2.265102e-07   5.653017e-03
   153   1.047650e+00   1.029722e+00   9.791150e-01   4.256105e-05   1.472911e-02  -7.028879e-02   1.466003e+00   1.455620e+00   9.978257e-02   2.087891e-08   5.743897e-03   1.481131e+00   1.471264e+00   8.980432e-01   1.775932e-07   5.407940e-03
   154   1.084279e+00   1.066351e+00   9.827813e-01   2.739241e-05   1.352559e-02  -6.386748e-02   1.487015e+00   1.476636e+00   9.980380e-02   1.630478e-08   5.471953e-03   1.501156e+00   1.491259e+00   8.982342e-01   1.391858e-07   5.172955e-03
   155   1.120908e+00   1.102980e+00   9.858124e-01   1.757641e-05   1.242901e-02  -5.772299e-02   1.508021e+00   1.497645e+00   9.982296e-02   1.273080e-08   5.213771e-03   1.521239e+00   1.511313e+00   8.984066e-01   1.090453e-07   4.947719e-03
   156   1.157537e+00   1.139608e+00   9.883114e-01   1.125309e-05   1.142815e-02  -5.185339e-02   1.529025e+00   1.518650e+00   9.984025e-02   9.938886e-09   4.968574e-03   1.541379e+00   1.531426e+00   8.985622e-01   8.540402e-08   4.731910e-03
   157   1.194166e+00   1.176237e+00   9.903705e-01   7.193608e-06   1.051311e-02  -4.637629e-02   1.550027e+00   1.539653e+00   9.985585e-02   7.758374e-09   4.735657e-03   1.561574e+00   1.551594e+00   8.987027e-01   6.686920e-08   4.525226e-03
   158   1.230794e+00   1.212866e+00   9.920646e-01   4.594102e-06   9.675282e-03  -4.135499e-02   1.571031e+00   1.560656e+00   9.986993e-02   6.055740e-09   4.514379e-03   1.581820e+00   1.571815e+00   8.988294e-01   5.234443e-08   4.327386e-03
   159   1.267423e+00   1.249495e+00   9.934571e-01   2.932572e-06   8.907122e-03  -3.675448e-02   1.592035e+00   1.581660e+00   9.988264e-02   4.726533e-09   4.304160e-03   1.602115e+00   1.592086e+00   8.989438e-01   4.096702e-08   4.138131e-03
   160   1.304052e+00   1.286124e+00   9.946026e-01   1.871781e-06   8.202074e-03  -3.258422e-02   1.613039e+00   1.602664e+00   9.989411e-02   3.689062e-09   4.104472e-03   1.622453e+00   1.612403e+00   8.990470e-01   3.205859e-08   3.957221e-03
   161   1.340681e+00   1.322753e+00   9.955406e-01   1.194942e-06   7.554408e-03  -2.886887e-02   1.634043e+00   1.623668e+00   9.990446e-02   2.879454e-09   3.914840e-03   1.642830e+00   1.632761e+00   8.991401e-01   2.508603e-08   3.784436e-03
   162   1.377310e+00   1.359381e+00   9.963118e-01   7.632048e-07   6.959003e-03  -2.553218e-02   1.655043e+00   1.644670e+00   9.991379e-02   2.247778e-09   3.734836e-03   1.663239e+00   1.653154e+00   8.992241e-01   1.963058e-08   3.619579e-03
   163   1.413939e+00   1.396010e+00   9.969474e-01   4.877770e-07   6.411367e-03  -2.254834e-02   1.676036e+00   1.665666e+00   9.992222e-02   1.755010e-09   3.564077e-03   1.683674e+00   1.673577e+00   8.993000e-01   1.536354e-08   3.462476e-03
   164   1.450567e+00   1.432639e+00   9.974719e-01   3.119977e-07   5.907515e-03  -1.989829e-02   1.697017e+00   1.686653e+00   9.992982e-02   1.370660e-09   3.402224e-03   1.704127e+00   1.694021e+00   8.993684e-01   1.202700e-08   3.312976e-03
   165   1.487196e+00   1.469268e+00   9.979050e-01   1.997546e-07   5.443906e-03  -1.755265e-02   1.717980e+00   1.707625e+00   9.993668e-02   1.070911e-09   3.248980e-03   1.724586e+00   1.714477e+00   8.994301e-01   9.418697e-09   3.170952e-03
   166   1.523825e+00   1.505897e+00   9.982626e-01   1.280260e-07   5.017354e-03  -1.545770e-02   1.738917e+00   1.728575e+00   9.994287e-02   8.371616e-10   3.104090e-03   1.745042e+00   1.734935e+00   8.994858e-01   7.380116e-09   3.036307e-03
   167   1.560454e+00   1.542526e+00   9.985577e-01   8.214489e-08   4.625028e-03  -1.358048e-02   1.759816e+00   1.749492e+00   9.994845e-02   6.548902e-10   2.967339e-03   1.765479e+00   1.755381e+00   8.995361e-01   5.787062e-09   2.908970e-03
   168   1.597083e+00   1.579154e+00   9.988008e-01   5.276818e-08   4.264419e-03  -1.189991e-02   1.780667e+00   1.770367e+00   9.995349e-02   5.127613e-10   2.838556e-03   1.785883e+00   1.775801e+00   8.995814e-01   4.542285e-09   2.788903e-03
   169   1.633712e+00   1.615783e+00   9.990027e-01   3.393934e-08   3.933298e-03  -1.038926e-02   1.801453e+00   1.791184e+00   9.995804e-02   4.019291e-10   2.717609e-03   1.806232e+00   1.796177e+00   8.996223e-01   3.569667e-09   2.676098e-03
   170   1.670340e+00   1.652412e+00   9.991704e-01   2.185826e-08   3.629720e-03  -8.994098e-03   1.822156e+00   1.811928e+00   9.996214e-02   3.154925e-10   2.604410e-03   1.826506e+00   1.816488e+00   8.996593e-01   2.809657e-09   2.570583e-03
   171   1.706969e+00   1.689041e+00   9.993100e-01   1.409878e-08   3.352154e-03  -7.635026e-03   1.842755e+00   1.832578e+00   9.996584e-02   2.480686e-10   2.498912e-03   1.846678e+00   1.836709e+00   8.996926e-01   2.215683e-09   2.472422e-03
   172   1.743598e+00   1.725670e+00   9.994260e-01   9.108291e-09   3.099151e-03  -6.314555e-03   1.863224e+00   1.853110e+00   9.996918e-02   1.954600e-10   2.401114e-03   1.866719e+00   1.856814e+00   8.997226e-01   1.751338e-09   2.381715e-03
   173   1.780227e+00   1.762299e+00   9.995222e-01   5.894810e-09   2.869632e-03  -4.995432e-03   1.883533e+00   1.873497e+00   9.997219e-02   1.543941e-10   2.311053e-03   1.886594e+00   1.876770e+00   8.997498e-01   1.388176e-09   2.298597e-03
   174   1.816856e+00   1.798927e+00   9.996028e-01   3.822970e-09   2.662828e-03  -3.577175e-03   1.903648e+00   1.893707e+00   9.997491e-02   1.223203e-10   2.228808e-03   1.906264e+00   1.896540e+00   8.997742e-01   1.103973e-09   2.223238e-03
   175   1.853485e+00   1.835556e+00   9.996704e-01   2.485533e-09   2.478551e-03  -1.908274e-03   1.923530e+00   1.913703e+00   9.997737e-02   9.725099e-11   2.154500e-03   1.925686e+00   1.916083e+00   8.997963e-01   8.813795e-10   2.155840e-03
   176   1.890113e+00   1.872185e+00   9.997272e-01   1.621063e-09   2.317367e-03   2.141253e-04   1.943136e+00   1.933444e+00   9.997958e-02   7.763613e-11   2.088315e-03   1.944812e+00   1.935354e+00   8.998162e-01   7.068484e-10   2.096635e-03
   177   1.926742e+00   1.908814e+00   9.997751e-01   1.061241e-09   2.179869e-03   2.728323e-03   1.962422e+00   1.952886e+00   9.998158e-02   6.225987e-11   2.030773e-03   1.963594e+00   1.954305e+00   8.998342e-01   5.697892e-10   2.045952e-03
   178   1.963371e+00   1.945443e+00   9.998156e-01   6.979664e-10   2.067859e-03   5.909941e-03   1.981360e+00   1.971995e+00   9.998338e-02   5.013151e-11   1.984329e-03   1.981985e+00   1.972887e+00   8.998504e-01   4.617413e-10   2.005036e-03
   179   2.000000e+00   1.982072e+00   9.998500e-01   4.603750e-10   1.990773e-03   8.206319e-03   2.000000e+00   1.990780e+00   9.998500e-02   4.036210e-11   1.958468e-03   2.000000e+00   1.991086e+00   8.998650e-01   3.750633e-10   1.981175e-03
