     i          log_r       log_rmid          m_tot        rho_tot         v2_tot            eta     lgr[heavy]    lgrm[heavy]       m[heavy]     rho[heavy]      v2[heavy]     lgr[light]    lgrm[light]       m[light]     rho[light]      v2[light]
     0  -4.384538e+00  -4.685568e+00   1.037879e-07   4.316125e+06   1.871651e-01            nan  -4.384538e+00  -4.685568e+00   9.998500e-08   4.272382e+06   1.853104e-01  -3.070041e+00  -3.371071e+00   8.998650e-07   4.379463e+03   3.710922e-01
     1  -4.348870e+00  -4.366338e+00   1.321257e-07   4.265976e+06   1.863868e-01            nan  -4.362046e+00  -4.373146e+00   1.166721e-07   4.241960e+06   1.853099e-01  -3.032926e+00  -3.051087e+00   1.050049e-06   2.501030e+03   3.717727e-01
     2  -4.313202e+00  -4.330670e+00   1.682608e-07   4.258927e+06   1.863236e-01            nan  -4.339559e+00  -4.350657e+00   1.361439e-07   4.238664e+06   1.853098e-01  -2.996209e+00  -3.014180e+00   1.225295e-06   2.286198e+03   3.718903e-01
     3  -4.277535e+00  -4.295002e+00   2.143379e-07   4.250964e+06   1.862643e-01            nan  -4.317075e+00  -4.328171e+00   1.588651e-07   4.235023e+06   1.853098e-01  -2.959694e+00  -2.977568e+00   1.429786e-06   2.082982e+03   3.720120e-01
     4  -4.241867e+00  -4.259335e+00   2.730858e-07   4.242051e+06   1.862087e-01            nan  -4.294591e+00  -4.305687e+00   1.853780e-07   4.231000e+06   1.853097e-01  -2.923233e+00  -2.941081e+00   1.668402e-06   1.891901e+03   3.721332e-01
     5  -4.206199e+00  -4.223667e+00   3.479795e-07   4.231819e+06   1.861565e-01            nan  -4.272107e+00  -4.283203e+00   2.163150e-07   4.226556e+06   1.853096e-01  -2.886727e+00  -2.904597e+00   1.946835e-06   1.713694e+03   3.722452e-01
     6  -4.170531e+00  -4.187999e+00   4.434266e-07   4.220195e+06   1.861075e-01            nan  -4.249619e+00  -4.260717e+00   2.524142e-07   4.221644e+06   1.853095e-01  -2.850108e+00  -2.868032e+00   2.271728e-06   1.548509e+03   3.723386e-01
     7  -4.134863e+00  -4.152331e+00   5.650443e-07   4.206858e+06   1.860617e-01            nan  -4.227125e+00  -4.238226e+00   2.945370e-07   4.216217e+06   1.853094e-01  -2.813332e+00  -2.831331e+00   2.650833e-06   1.396258e+03   3.724016e-01
     8  -4.099196e+00  -4.116663e+00   7.199278e-07   4.191447e+06   1.860187e-01            nan  -4.204624e+00  -4.215729e+00   3.436881e-07   4.210219e+06   1.853093e-01  -2.776383e+00  -2.794465e+00   3.093193e-06   1.257069e+03   3.724165e-01
     9  -4.063528e+00  -4.080996e+00   9.170981e-07   4.173840e+06   1.859786e-01            nan  -4.182114e+00  -4.193223e+00   4.010398e-07   4.203590e+06   1.853092e-01  -2.739268e+00  -2.757429e+00   3.609358e-06   1.130611e+03   3.723636e-01
    10  -4.027860e+00  -4.045328e+00   1.167947e-06   4.153214e+06   1.859410e-01            nan  -4.159592e+00  -4.170707e+00   4.679601e-07   4.196265e+06   1.853091e-01  -2.702003e+00  -2.720236e+00   4.211641e-06   1.016221e+03   3.722207e-01
    11  -3.992192e+00  -4.009660e+00   1.486822e-06   4.129605e+06   1.859060e-01            nan  -4.137057e+00  -4.148179e+00   5.460446e-07   4.188169e+06   1.853089e-01  -2.664627e+00  -2.682913e+00   4.914402e-06   9.135730e+02   3.719595e-01
    12  -3.956524e+00  -3.973992e+00   1.891923e-06   4.102095e+06   1.858733e-01            nan  -4.114506e+00  -4.125635e+00   6.371554e-07   4.179224e+06   1.853088e-01  -2.627182e+00  -2.645501e+00   5.734398e-06   8.216847e+02   3.715520e-01
    13  -3.920856e+00  -3.938324e+00   2.405792e-06   4.070350e+06   1.858429e-01            nan  -4.091937e+00  -4.103075e+00   7.434644e-07   4.169340e+06   1.853086e-01  -2.589722e+00  -2.608048e+00   6.691180e-06   7.399024e+02   3.709687e-01
    14  -3.885189e+00  -3.902656e+00   3.057173e-06   4.033710e+06   1.858147e-01            nan  -4.069348e+00  -4.080495e+00   8.675058e-07   4.158421e+06   1.853084e-01  -2.552299e+00  -2.570608e+00   7.807552e-06   6.672330e+02   3.701787e-01
    15  -3.849521e+00  -3.866989e+00   3.881246e-06   3.991166e+06   1.857886e-01            nan  -4.046735e+00  -4.057894e+00   1.012236e-06   4.146359e+06   1.853082e-01  -2.514969e+00  -2.533233e+00   9.110122e-06   6.028783e+02   3.691576e-01
    16  -3.813853e+00  -3.831321e+00   4.922435e-06   3.942571e+06   1.857644e-01            nan  -4.024095e+00  -4.035267e+00   1.181103e-06   4.133037e+06   1.853080e-01  -2.477783e+00  -2.495978e+00   1.062993e-05   5.459076e+02   3.678777e-01
    17  -3.778185e+00  -3.795653e+00   6.234964e-06   3.886000e+06   1.857422e-01            nan  -4.001426e+00  -4.012613e+00   1.378130e-06   4.118327e+06   1.853078e-01  -2.440787e+00  -2.458891e+00   1.240317e-05   4.955333e+02   3.663293e-01
    18  -3.742517e+00  -3.759985e+00   7.885854e-06   3.822032e+06   1.857219e-01            nan  -3.978725e+00  -3.989927e+00   1.608010e-06   4.102088e+06   1.853075e-01  -2.404021e+00  -2.422015e+00   1.447209e-05   4.509491e+02   3.644907e-01
    19  -3.706850e+00  -3.724317e+00   9.956878e-06   3.747821e+06   1.857036e-01            nan  -3.955986e+00  -3.967206e+00   1.876216e-06   4.084166e+06   1.853072e-01  -2.367517e+00  -2.385385e+00   1.688595e-05   4.114440e+02   3.623784e-01
    20  -3.671182e+00  -3.688650e+00   1.254624e-05   3.664590e+06   1.856870e-01            nan  -3.933206e+00  -3.944446e+00   2.189133e-06   4.064393e+06   1.853069e-01  -2.331299e+00  -2.349030e+00   1.970220e-05   3.763779e+02   3.599769e-01
    21  -3.635514e+00  -3.652982e+00   1.577319e-05   3.569145e+06   1.856725e-01            nan  -3.910379e+00  -3.921643e+00   2.554206e-06   4.042586e+06   1.853065e-01  -2.295380e+00  -2.312968e+00   2.298786e-05   3.451366e+02   3.573319e-01
    22  -3.599846e+00  -3.617314e+00   1.977688e-05   3.463267e+06   1.856599e-01            nan  -3.887502e+00  -3.898790e+00   2.980121e-06   4.018545e+06   1.853062e-01  -2.259768e+00  -2.277209e+00   2.682109e-05   3.172356e+02   3.544421e-01
    23  -3.564178e+00  -3.581646e+00   2.472194e-05   3.343215e+06   1.856495e-01            nan  -3.864567e+00  -3.875883e+00   3.477003e-06   3.992055e+06   1.853057e-01  -2.224460e+00  -2.241755e+00   3.129303e-05   2.921905e+02   3.513609e-01
    24  -3.528511e+00  -3.545978e+00   3.080028e-05   3.211949e+06   1.856412e-01            nan  -3.841569e+00  -3.852916e+00   4.056664e-06   3.962880e+06   1.853053e-01  -2.189446e+00  -2.206600e+00   3.650997e-05   2.696302e+02   3.481099e-01
    25  -3.492843e+00  -3.510311e+00   3.821699e-05   3.066027e+06   1.856356e-01            nan  -3.818500e+00  -3.829881e+00   4.732872e-06   3.930769e+06   1.853048e-01  -2.154712e+00  -2.171732e+00   4.259585e-05   2.492014e+02   3.447375e-01
    26  -3.457175e+00  -3.474643e+00   4.723154e-05   2.908406e+06   1.856327e-01            nan  -3.795352e+00  -3.806772e+00   5.521683e-06   3.895449e+06   1.853043e-01  -2.120237e+00  -2.137133e+00   4.969515e-05   2.306163e+02   3.412852e-01
    27  -3.421507e+00  -3.438975e+00   5.806976e-05   2.739192e+06   1.856329e-01            nan  -3.772116e+00  -3.783578e+00   6.441814e-06   3.856629e+06   1.853038e-01  -2.085996e+00  -2.102779e+00   5.797633e-05   2.136329e+02   3.377884e-01
    28  -3.385839e+00  -3.403307e+00   7.102701e-05   2.557967e+06   1.856371e-01            nan  -3.748782e+00  -3.760292e+00   7.515084e-06   3.813997e+06   1.853032e-01  -2.051960e+00  -2.068645e+00   6.763576e-05   1.980302e+02   3.342998e-01
    29  -3.350172e+00  -3.367639e+00   8.640427e-05   2.369363e+06   1.856454e-01            nan  -3.725339e+00  -3.736902e+00   8.766923e-06   3.767224e+06   1.853026e-01  -2.018100e+00  -2.034700e+00   7.890231e-05   1.836501e+02   3.308379e-01
    30  -3.314504e+00  -3.331972e+00   1.044395e-04   2.175505e+06   1.856585e-01            nan  -3.701774e+00  -3.713396e+00   1.022697e-05   3.715962e+06   1.853020e-01  -1.984383e+00  -2.000915e+00   9.204273e-05   1.703284e+02   3.274562e-01
    31  -3.278836e+00  -3.296304e+00   1.253700e-04   1.975883e+06   1.856785e-01            nan  -3.678073e+00  -3.689761e+00   1.192976e-05   3.659845e+06   1.853013e-01  -1.950779e+00  -1.967256e+00   1.073678e-04   1.579644e+02   3.241572e-01
    32  -3.243168e+00  -3.260636e+00   1.494739e-04   1.776944e+06   1.857056e-01            nan  -3.654220e+00  -3.665982e+00   1.391553e-05   3.598496e+06   1.853006e-01  -1.917254e+00  -1.933693e+00   1.252398e-04   1.464426e+02   3.209846e-01
    33  -3.207500e+00  -3.224968e+00   1.769400e-04   1.581770e+06   1.857414e-01            nan  -3.630197e+00  -3.642042e+00   1.623115e-05   3.531524e+06   1.853000e-01  -1.883780e+00  -1.900195e+00   1.460803e-04   1.356985e+02   3.179291e-01
    34  -3.171832e+00  -3.189300e+00   2.078996e-04   1.393398e+06   1.857875e-01            nan  -3.605985e+00  -3.617923e+00   1.893121e-05   3.458537e+06   1.852993e-01  -1.850329e+00  -1.866732e+00   1.703808e-04   1.256556e+02   3.150172e-01
    35  -3.136165e+00  -3.153632e+00   2.424208e-04   1.214662e+06   1.858460e-01            nan  -3.581561e+00  -3.593601e+00   2.207926e-05   3.379139e+06   1.852987e-01  -1.816875e+00  -1.833280e+00   1.987134e-04   1.162706e+02   3.122324e-01
    36  -3.100497e+00  -3.117965e+00   2.805119e-04   1.048012e+06   1.859194e-01            nan  -3.556898e+00  -3.569054e+00   2.574932e-05   3.292948e+06   1.852982e-01  -1.783398e+00  -1.799814e+00   2.317439e-04   1.074952e+02   3.095795e-01
    37  -3.064829e+00  -3.082297e+00   3.221385e-04   8.953611e+05   1.860102e-01            nan  -3.531969e+00  -3.544255e+00   3.002750e-05   3.199599e+06   1.852978e-01  -1.749879e+00  -1.766315e+00   2.702475e-04   9.929791e+01   3.070385e-01
    38  -3.029161e+00  -3.046629e+00   3.672528e-04   7.579679e+05   1.861196e-01   5.014833e-01  -3.506740e+00  -3.519171e+00   3.501400e-05   3.098762e+06   1.852975e-01  -1.716305e+00  -1.732767e+00   3.151260e-04   9.164797e+01   3.045917e-01
    39  -2.993493e+00  -3.010961e+00   4.158362e-04   6.363520e+05   1.862374e-01   5.014641e-01  -3.481173e+00  -3.493768e+00   4.082538e-05   2.990153e+06   1.852975e-01  -1.682667e+00  -1.699160e+00   3.674284e-04   8.451940e+01   3.022178e-01
    40  -2.957826e+00  -2.975293e+00   4.679395e-04   5.304295e+05   1.863745e-01   5.014082e-01  -3.455226e+00  -3.468006e+00   4.759714e-05   2.873561e+06   1.852978e-01  -1.648961e+00  -1.665487e+00   4.283742e-04   7.788974e+01   2.998805e-01
    41  -2.922158e+00  -2.939626e+00   5.221091e-04   4.388126e+05   1.865367e-01   5.012907e-01  -3.428850e+00  -3.441838e+00   5.548679e-05   2.748860e+06   1.852985e-01  -1.615186e+00  -1.631745e+00   4.993811e-04   7.173426e+01   2.975621e-01
    42  -2.886490e+00  -2.903958e+00   5.794679e-04   3.608138e+05   1.867266e-01   5.010881e-01  -3.401990e+00  -3.415212e+00   6.467734e-05   2.616044e+06   1.852998e-01  -1.581346e+00  -1.597937e+00   5.820960e-04   6.603187e+01   2.952163e-01
    43  -2.850822e+00  -2.868290e+00   6.403645e-04   2.955860e+05   1.869402e-01   5.007982e-01  -3.374579e+00  -3.388068e+00   7.538125e-05   2.475253e+06   1.853018e-01  -1.547448e+00  -1.564067e+00   6.784313e-04   6.075687e+01   2.928356e-01
    44  -2.815154e+00  -2.832622e+00   7.028836e-04   2.412672e+05   1.871807e-01   5.003918e-01  -3.346545e+00  -3.360336e+00   8.784517e-05   2.326802e+06   1.853048e-01  -1.513501e+00  -1.530143e+00   7.906065e-04   5.588609e+01   2.903803e-01
    45  -2.779487e+00  -2.796954e+00   7.683459e-04   1.962869e+05   1.874560e-01   4.998159e-01  -3.317801e+00  -3.331935e+00   1.023551e-04   2.171224e+06   1.853091e-01  -1.479514e+00  -1.496175e+00   9.211963e-04   5.139348e+01   2.878417e-01
    46  -2.743819e+00  -2.761287e+00   8.371315e-04   1.595589e+05   1.877518e-01   4.990902e-01  -3.288246e+00  -3.302772e+00   1.192428e-04   2.009293e+06   1.853152e-01  -1.445499e+00  -1.462173e+00   1.073185e-03   4.725414e+01   2.851977e-01
    47  -2.708151e+00  -2.725619e+00   9.071714e-04   1.295425e+05   1.880796e-01   4.981423e-01  -3.257764e+00  -3.272738e+00   1.388921e-04   1.842070e+06   1.853234e-01  -1.411465e+00  -1.428149e+00   1.250029e-03   4.344278e+01   2.824367e-01
    48  -2.672483e+00  -2.689951e+00   9.819169e-04   1.052228e+05   1.884237e-01   4.969873e-01  -3.226219e+00  -3.241705e+00   1.617478e-04   1.670922e+06   1.853346e-01  -1.377424e+00  -1.394111e+00   1.455730e-03   3.993453e+01   2.795525e-01
    49  -2.636815e+00  -2.654283e+00   1.057304e-03   8.553631e+04   1.887858e-01   4.955759e-01  -3.193449e+00  -3.209525e+00   1.883238e-04   1.497544e+06   1.853498e-01  -1.343384e+00  -1.360071e+00   1.694914e-03   3.670660e+01   2.765258e-01
    50  -2.601147e+00  -2.618615e+00   1.138177e-03   6.964859e+04   1.891499e-01   4.939227e-01  -3.159267e+00  -3.176022e+00   2.192140e-04   1.323965e+06   1.853700e-01  -1.309353e+00  -1.326035e+00   1.972926e-03   3.373450e+01   2.733711e-01
    51  -2.565480e+00  -2.582948e+00   1.220399e-03   5.684319e+04   1.895097e-01   4.919988e-01  -3.123451e+00  -3.140990e+00   2.551039e-04   1.152523e+06   1.853971e-01  -1.275336e+00  -1.292011e+00   2.295935e-03   3.099807e+01   2.700694e-01
    52  -2.529812e+00  -2.547280e+00   1.308293e-03   4.649677e+04   1.898515e-01   4.898143e-01  -3.085741e+00  -3.104187e+00   2.967831e-04   9.858221e+05   1.854334e-01  -1.241335e+00  -1.258003e+00   2.671048e-03   2.847538e+01   2.666396e-01
    53  -2.494144e+00  -2.511612e+00   1.399324e-03   3.818932e+04   1.901402e-01   4.874377e-01  -3.045829e+00  -3.065327e+00   3.451610e-04   8.266365e+05   1.854820e-01  -1.207351e+00  -1.224011e+00   3.106449e-03   2.614756e+01   2.630845e-01
    54  -2.458476e+00  -2.475944e+00   1.496034e-03   3.141709e+04   1.904115e-01   4.847169e-01  -3.003362e+00  -3.024077e+00   4.012824e-04   6.777814e+05   1.855473e-01  -1.173381e+00  -1.190034e+00   3.611542e-03   2.399682e+01   2.594145e-01
    55  -2.422808e+00  -2.440276e+00   1.598122e-03   2.601048e+04   1.905278e-01   4.820923e-01  -2.957932e+00  -2.980053e+00   4.663463e-04   5.419272e+05   1.856351e-01  -1.139415e+00  -1.156066e+00   4.197117e-03   2.200525e+01   2.556661e-01
    56  -2.387141e+00  -2.404608e+00   1.706420e-03   2.153883e+04   1.906697e-01   4.789092e-01  -2.909085e+00  -2.932822e+00   5.417261e-04   4.213760e+05   1.857532e-01  -1.105445e+00  -1.122098e+00   4.875535e-03   2.015925e+01   2.518435e-01
    57  -2.351473e+00  -2.368941e+00   1.822131e-03   1.798278e+04   1.905057e-01   4.763409e-01  -2.856339e+00  -2.881912e+00   6.289911e-04   3.178151e+05   1.859114e-01  -1.071455e+00  -1.088117e+00   5.660920e-03   1.844453e+01   2.479862e-01
    58  -2.315805e+00  -2.333273e+00   1.945752e-03   1.502017e+04   1.903601e-01   4.732195e-01  -2.799226e+00  -2.826844e+00   7.299314e-04   2.320828e+05   1.861205e-01  -1.037428e+00  -1.054108e+00   6.569382e-03   1.684977e+01   2.441161e-01
    59  -2.280137e+00  -2.297605e+00   2.078335e-03   1.262173e+04   1.899118e-01   4.707536e-01  -2.737365e+00  -2.767195e+00   8.465830e-04   1.640020e+05   1.863895e-01  -1.003346e+00  -1.020053e+00   7.619247e-03   1.536589e+01   2.402398e-01
    60  -2.244469e+00  -2.261937e+00   2.221912e-03   1.062883e+04   1.893854e-01   4.681389e-01  -2.670591e+00  -2.702696e+00   9.812558e-04   1.123428e+05   1.867171e-01  -9.691888e-01  -9.859318e-01   8.831303e-03   1.398353e+01   2.363988e-01
    61  -2.208802e+00  -2.226269e+00   2.375780e-03   8.985015e+03   1.886181e-01   4.660626e-01  -2.599102e+00  -2.633377e+00   1.136562e-03   7.496697e+04   1.870750e-01  -9.349355e-01  -9.517246e-01   1.022906e-02   1.269656e+01   2.325930e-01
    62  -2.173134e+00  -2.190602e+00   2.544771e-03   7.618178e+03   1.876776e-01   4.643332e-01  -2.523602e+00  -2.559714e+00   1.315444e-03   4.915323e+04   1.873823e-01  -9.005685e-01  -9.174122e-01   1.183900e-02   1.149979e+01   2.288155e-01
    63  -2.137466e+00  -2.154934e+00   2.726177e-03   6.473468e+03   1.865769e-01   4.630165e-01  -2.445324e+00  -2.482702e+00   1.521208e-03   3.203495e+04   1.874798e-01  -8.660703e-01  -8.829770e-01   1.369088e-02   1.038798e+01   2.250858e-01
    64  -2.101798e+00  -2.119266e+00   2.926418e-03   5.515741e+03   1.852680e-01   4.623988e-01  -2.365862e+00  -2.403778e+00   1.757548e-03   2.101370e+04   1.871313e-01  -8.314272e-01  -8.484034e-01   1.581793e-02   9.357427e+00   2.213911e-01
    65  -2.066130e+00  -2.083598e+00   3.142359e-03   4.705100e+03   1.838682e-01   4.621572e-01  -2.286842e+00  -2.324557e+00   2.028572e-03   1.401941e+04   1.860798e-01  -7.966296e-01  -8.136800e-01   1.825715e-02   8.404770e+00   2.177125e-01
    66  -2.030463e+00  -2.047930e+00   3.381077e-03   4.020195e+03   1.823069e-01   4.626905e-01  -2.209576e+00  -2.246493e+00   2.338830e-03   9.571993e+03   1.841483e-01  -7.616714e-01  -7.787988e-01   2.104947e-02   7.526575e+00   2.140435e-01
    67  -1.994795e+00  -2.012263e+00   3.639276e-03   3.436237e+03   1.807130e-01   4.636193e-01  -2.134874e+00  -2.170621e+00   2.693323e-03   6.697733e+03   1.813223e-01  -7.265502e-01  -7.437559e-01   2.423991e-02   6.719437e+00   2.103778e-01
    68  -1.959127e+00  -1.976595e+00   3.924733e-03   2.938283e+03   1.790579e-01   4.651628e-01  -2.063037e+00  -2.097472e+00   3.097518e-03   4.791262e+03   1.777588e-01  -6.912679e-01  -7.085508e-01   2.787766e-02   5.980169e+00   2.066956e-01
    69  -1.923459e+00  -1.940927e+00   4.234285e-03   2.511233e+03   1.774369e-01   4.670534e-01  -1.993976e+00  -2.027135e+00   3.557342e-03   3.487785e+03   1.737252e-01  -6.558304e-01  -6.731878e-01   3.201608e-02   5.305422e+00   2.029792e-01
    70  -1.887791e+00  -1.905259e+00   4.574621e-03   2.145344e+03   1.758569e-01   4.693112e-01  -1.927356e+00  -1.959390e+00   4.079169e-03   2.569682e+03   1.695181e-01  -6.202469e-01  -6.376743e-01   3.671252e-02   4.691664e+00   1.992266e-01
    71  -1.852123e+00  -1.869591e+00   4.944626e-03   1.829854e+03   1.744040e-01   4.716790e-01  -1.862727e+00  -1.893841e+00   4.669785e-03   1.906284e+03   1.654040e-01  -5.845286e-01  -6.020206e-01   4.202806e-02   4.135264e+00   1.954342e-01
    72  -1.816456e+00  -1.833924e+00   5.348757e-03   1.559936e+03   1.730526e-01   4.742346e-01  -1.799611e+00  -1.830024e+00   5.336336e-03   1.417600e+03   1.615903e-01  -5.486896e-01  -5.662395e-01   4.802703e-02   3.632657e+00   1.915928e-01
    73  -1.780788e+00  -1.798256e+00   5.788042e-03   1.326100e+03   1.719499e-01   4.764359e-01  -1.737562e+00  -1.767479e+00   6.086254e-03   1.053175e+03   1.582178e-01  -5.127467e-01  -5.303464e-01   5.477629e-02   3.180287e+00   1.876942e-01
    74  -1.745120e+00  -1.762588e+00   6.265745e-03   1.126799e+03   1.709840e-01   4.786542e-01  -1.676202e+00  -1.705799e+00   6.927149e-03   7.799092e+02   1.553628e-01  -4.767187e-01  -4.943592e-01   6.234434e-02   2.774636e+00   1.837357e-01
    75  -1.709452e+00  -1.726920e+00   6.783141e-03   9.547669e+02   1.703274e-01   4.801377e-01  -1.615255e+00  -1.644660e+00   7.866679e-03   5.750708e+02   1.530388e-01  -4.406262e-01  -4.582976e-01   7.080011e-02   2.412200e+00   1.797219e-01
    76  -1.673784e+00  -1.691252e+00   7.344783e-03   8.082838e+02   1.698716e-01   4.812452e-01  -1.554561e+00  -1.583848e+00   8.912390e-03   4.222778e+02   1.511932e-01  -4.044922e-01  -4.221835e-01   8.021151e-02   2.089649e+00   1.756460e-01
    77  -1.638117e+00  -1.655584e+00   7.950177e-03   6.832760e+02   1.696692e-01   4.816596e-01  -1.494095e+00  -1.523277e+00   1.007152e-02   3.091996e+02   1.497041e-01  -3.683423e-01  -3.860412e-01   9.064369e-02   1.803750e+00   1.715018e-01
    78  -1.602449e+00  -1.619917e+00   8.605622e-03   5.768490e+02   1.697357e-01   4.812105e-01  -1.433959e+00  -1.462987e+00   1.135078e-02   2.262419e+02   1.483939e-01  -3.322047e-01  -3.498977e-01   1.021570e-01   1.551386e+00   1.672829e-01
    79  -1.566781e+00  -1.584249e+00   9.312914e-03   4.869845e+02   1.699597e-01   4.802717e-01  -1.374347e+00  -1.403131e+00   1.275612e-02   1.658155e+02   1.470769e-01  -2.961095e-01  -3.137822e-01   1.148050e-01   1.329548e+00   1.629942e-01
    80  -1.531113e+00  -1.548581e+00   1.007541e-02   4.106807e+02   1.704587e-01   4.782335e-01  -1.315488e+00  -1.343921e+00   1.429243e-02   1.219605e+02   1.456153e-01  -2.600891e-01  -2.777260e-01   1.286319e-01   1.135370e+00   1.586337e-01
    81  -1.495445e+00  -1.512913e+00   1.090155e-02   3.465949e+02   1.710526e-01   4.757922e-01  -1.257595e+00  -1.285577e+00   1.596333e-02   9.012331e+01   1.439373e-01  -2.241784e-01  -2.417627e-01   1.436700e-01   9.661436e-01   1.541981e-01
    82  -1.459778e+00  -1.477245e+00   1.178931e-02   2.926352e+02   1.717755e-01   4.727164e-01  -1.200830e+00  -1.228286e+00   1.777087e-02   6.693549e+01   1.420153e-01  -1.884141e-01  -2.059282e-01   1.599378e-01   8.193116e-01   1.496852e-01
    83  -1.424110e+00  -1.441578e+00   1.275297e-02   2.473526e+02   1.725411e-01   4.693175e-01  -1.145305e+00  -1.172181e+00   1.971527e-02   4.995983e+01   1.398437e-01  -1.528346e-01  -1.702601e-01   1.774374e-01   6.924581e-01   1.451027e-01
    84  -1.388442e+00  -1.405910e+00   1.379457e-02   2.093420e+02   1.733414e-01   4.655422e-01  -1.091069e+00  -1.117341e+00   2.179475e-02   3.745188e+01   1.374371e-01  -1.174792e-01  -1.347972e-01   1.961527e-01   5.833344e-01   1.404562e-01
    85  -1.352774e+00  -1.370242e+00   1.492429e-02   1.774476e+02   1.740875e-01   4.617699e-01  -1.038117e+00  -1.063786e+00   2.400535e-02   2.816936e+01   1.348334e-01  -8.238823e-02  -9.957939e-02   2.160481e-01   4.898684e-01   1.357491e-01
    86  -1.317106e+00  -1.334574e+00   1.615364e-02   1.506472e+02   1.748081e-01   4.577654e-01  -9.863950e-01  -1.011487e+00   2.634082e-02   2.122958e+01   1.320923e-01  -4.760247e-02  -6.464716e-02   2.370673e-01   4.101485e-01   1.309899e-01
    87  -1.281439e+00  -1.298906e+00   1.748704e-02   1.281062e+02   1.754370e-01   4.538109e-01  -9.358035e-01  -9.603630e-01   2.879262e-02   1.600597e+01   1.292907e-01  -1.316127e-02  -3.004054e-02   2.591336e-01   3.424173e-01   1.261965e-01
    88  -1.245771e+00  -1.263239e+00   1.894285e-02   1.091041e+02   1.759683e-01   4.499255e-01  -8.862127e-01  -9.103006e-01   3.134998e-02   1.205255e+01   1.265061e-01   2.089641e-02   4.201341e-03   2.821498e-01   2.851021e-01   1.213781e-01
    89  -1.210103e+00  -1.227571e+00   2.053090e-02   9.306858e+01   1.764197e-01   4.458955e-01  -8.374750e-01  -8.611605e-01   3.400006e-02   9.050251e+00   1.238085e-01   5.453342e-02   3.804049e-02   3.060005e-01   2.367809e-01   1.165507e-01
    90  -1.174435e+00  -1.191903e+00   2.226473e-02   7.948066e+01   1.767054e-01   4.423720e-01  -7.894374e-01  -8.127924e-01   3.672816e-02   6.767713e+00   1.212461e-01   8.771567e-02   7.144138e-02   3.305535e-01   1.961816e-01   1.117352e-01
    91  -1.138767e+00  -1.156235e+00   2.416414e-02   6.795910e+01   1.768934e-01   4.389160e-01  -7.419538e-01  -7.650470e-01   3.951809e-02   5.034716e+00   1.188436e-01   1.204111e-01   1.043710e-01   3.556628e-01   1.621885e-01   1.069447e-01
    92  -1.103099e+00  -1.120567e+00   2.624135e-02   5.817098e+01   1.769580e-01   4.356396e-01  -6.948933e-01  -7.177864e-01   4.235249e-02   3.723471e+00   1.166025e-01   1.525923e-01   1.367997e-01   3.811724e-01   1.338090e-01   1.022044e-01
    93  -1.067432e+00  -1.084900e+00   2.851662e-02   4.980425e+01   1.768919e-01   4.330280e-01  -6.481423e-01  -6.708890e-01   4.521329e-02   2.736213e+00   1.145056e-01   1.842352e-01   1.687019e-01   4.069196e-01   1.101879e-01   9.752904e-02
    94  -1.031764e+00  -1.049232e+00   3.101394e-02   4.266590e+01   1.767390e-01   4.306646e-01  -6.016070e-01  -6.242517e-01   4.808216e-02   1.997415e+00   1.125262e-01   2.153200e-01   2.000556e-01   4.327394e-01   9.057798e-02   9.293930e-02
    95  -9.960960e-01  -1.013564e+00   3.374787e-02   3.656229e+01   1.764953e-01   4.286650e-01  -5.552084e-01  -5.777883e-01   5.094094e-02   1.448191e+00   1.106317e-01   2.458314e-01   2.308436e-01   4.584685e-01   7.433873e-02   8.845142e-02
    96  -9.604282e-01  -9.778961e-01   3.674146e-02   3.130385e+01   1.762079e-01   4.272485e-01  -5.088750e-01  -5.314241e-01   5.377208e-02   1.042617e+00   1.087911e-01   2.757584e-01   2.610526e-01   4.839488e-01   6.092103e-02   8.408126e-02
    97  -9.247604e-01  -9.422283e-01   4.002486e-02   2.679624e+01   1.758820e-01   4.260150e-01  -4.625357e-01  -4.850876e-01   5.655903e-02   7.451192e-01   1.069825e-01   3.050945e-01   2.906741e-01   5.090312e-01   4.985738e-02   7.984297e-02
    98  -8.890926e-01  -9.065605e-01   4.362085e-02   2.292973e+01   1.755178e-01   4.249366e-01  -4.161126e-01  -4.387041e-01   5.928652e-02   5.283569e-01   1.051951e-01   3.338372e-01   3.197036e-01   5.335787e-01   4.075234e-02   7.574749e-02
    99  -8.534248e-01  -8.708926e-01   4.754097e-02   1.959406e+01   1.751715e-01   4.239302e-01  -3.695098e-01  -3.921864e-01   6.194091e-02   3.714473e-01   1.034291e-01   3.619882e-01   3.481408e-01   5.574682e-01   3.327174e-02   7.180507e-02
   100  -8.177570e-01  -8.352248e-01   5.182914e-02   1.672804e+01   1.748222e-01   4.227457e-01  -3.226072e-01  -3.454256e-01   6.451030e-02   2.586401e-01   1.016926e-01   3.895526e-01   3.759890e-01   5.805927e-01   2.713581e-02   6.802175e-02
   101  -7.820892e-01  -7.995570e-01   5.651719e-02   1.427239e+01   1.744372e-01   4.212812e-01  -2.752653e-01  -2.982915e-01   6.698469e-02   1.781887e-01   9.999795e-02   4.165390e-01   4.032553e-01   6.028622e-01   2.210968e-02   6.440350e-02
   102  -7.464214e-01  -7.638892e-01   6.162648e-02   1.216959e+01   1.740016e-01   4.194546e-01  -2.273183e-01  -2.506304e-01   6.935597e-02   1.213108e-01   9.835774e-02   4.429588e-01   4.299497e-01   6.242038e-01   1.799834e-02   6.095183e-02
   103  -7.107536e-01  -7.282214e-01   6.718112e-02   1.036254e+01   1.735443e-01   4.170390e-01  -1.785714e-01  -2.022613e-01   7.161799e-02   8.149245e-02   9.678802e-02   4.688264e-01   4.560852e-01   6.445619e-01   1.463894e-02   5.766893e-02
   104  -6.750858e-01  -6.925536e-01   7.323830e-02   8.819616e+00   1.729796e-01   4.140770e-01  -1.288143e-01  -1.529807e-01   7.376638e-02   5.394926e-02   9.530489e-02   4.941581e-01   4.816769e-01   6.638974e-01   1.189723e-02   5.455245e-02
   105  -6.394179e-01  -6.568858e-01   7.984034e-02   7.503791e+00   1.722715e-01   4.105549e-01  -7.782427e-02  -1.025714e-01   7.579851e-02   3.515322e-02   9.392147e-02   5.189724e-01   5.067425e-01   6.821866e-01   9.661565e-03   5.160161e-02
   106  -6.037501e-01  -6.212180e-01   8.702453e-02   6.382030e+00   1.713968e-01   4.064756e-01  -2.538371e-02  -5.081295e-02   7.771330e-02   2.252570e-02   9.264650e-02   5.432892e-01   5.313010e-01   6.994197e-01   7.840408e-03   4.881145e-02
   107  -5.680823e-01  -5.855502e-01   9.481290e-02   5.423913e+00   1.703540e-01   4.018214e-01   2.866155e-02   2.479082e-03   7.951106e-02   1.420117e-02   9.145375e-02   5.671301e-01   5.553732e-01   7.155996e-01   6.357979e-03   4.617857e-02
   108  -5.324145e-01  -5.498824e-01   1.032880e-01   4.607358e+00   1.690989e-01   3.966653e-01   8.434650e-02   5.739590e-02   8.119333e-02   8.825801e-03   9.027648e-02   5.905172e-01   5.789810e-01   7.307399e-01   5.152299e-03   4.369683e-02
   109  -4.967467e-01  -5.142145e-01   1.125046e-01   3.911905e+00   1.676076e-01   3.910107e-01   1.414743e-01   1.138491e-01   8.276263e-02   5.433717e-03   8.895408e-02   6.134738e-01   6.021472e-01   7.448636e-01   4.172377e-03   4.136065e-02
   110  -4.610789e-01  -4.785467e-01   1.225195e-01   3.319311e+00   1.658750e-01   3.848561e-01   1.994931e-01   1.714518e-01   8.422234e-02   3.342958e-03   8.720474e-02   6.360237e-01   6.248951e-01   7.580011e-01   3.376491e-03   3.916362e-02
   111  -4.254111e-01  -4.428789e-01   1.333502e-01   2.813769e+00   1.639064e-01   3.781904e-01   2.574871e-01   2.294574e-01   8.557652e-02   2.078290e-03   8.468723e-02   6.581908e-01   6.472487e-01   7.701887e-01   2.730531e-03   3.709870e-02
   112  -3.897433e-01  -4.072111e-01   1.450885e-01   2.382311e+00   1.617011e-01   3.709346e-01   3.143320e-01   2.868389e-01   8.682971e-02   1.320060e-03   8.115375e-02   6.799995e-01   6.692321e-01   7.814674e-01   2.206567e-03   3.515960e-02
   113  -3.540755e-01  -3.715433e-01   1.578003e-01   2.014523e+00   1.592459e-01   3.629757e-01   3.690010e-01   3.425262e-01   8.798682e-02   8.626656e-04   7.662903e-02   7.014740e-01   6.908695e-01   7.918814e-01   1.781855e-03   3.333902e-02
   114  -3.184077e-01  -3.358755e-01   1.715442e-01   1.701002e+00   1.565445e-01   3.542199e-01   4.208193e-01   3.956825e-01   8.905301e-02   5.808814e-04   7.141726e-02   7.226382e-01   7.121850e-01   8.014771e-01   1.437811e-03   3.163025e-02
   115  -2.827398e-01  -3.002077e-01   1.863424e-01   1.433732e+00   1.536073e-01   3.445681e-01   4.695192e-01   4.458515e-01   9.003354e-02   4.019439e-04   6.592979e-02   7.435161e-01   7.332026e-01   8.103019e-01   1.159299e-03   3.002663e-02
   116  -2.470720e-01  -2.645399e-01   2.022609e-01   1.205846e+00   1.504470e-01   3.338121e-01   5.151404e-01   4.929285e-01   9.093373e-02   2.845546e-04   6.051536e-02   7.641308e-01   7.539458e-01   8.184036e-01   9.339965e-04   2.852137e-02
   117  -2.114042e-01  -2.288721e-01   2.193677e-01   1.011949e+00   1.470553e-01   3.218500e-01   5.578915e-01   5.370417e-01   9.175884e-02   2.052213e-04   5.539497e-02   7.845052e-01   7.744375e-01   8.258295e-01   7.518635e-04   2.710828e-02
   118  -1.757364e-01  -1.932043e-01   2.377047e-01   8.471354e-01   1.434397e-01   3.085617e-01   5.980498e-01   5.784346e-01   9.251402e-02   1.502302e-04   5.067371e-02   8.046615e-01   7.947003e-01   8.326262e-01   6.047387e-04   2.578121e-02
   119  -1.400686e-01  -1.575364e-01   2.572545e-01   7.071831e-01   1.396159e-01   2.937731e-01   6.359058e-01   6.173901e-01   9.320429e-02   1.113003e-04   4.638426e-02   8.246211e-01   8.147560e-01   8.388386e-01   4.859865e-04   2.453418e-02
   120  -1.044008e-01  -1.218686e-01   2.780765e-01   5.885299e-01   1.355948e-01   2.772324e-01   6.717355e-01   6.541900e-01   9.383445e-02   8.325734e-05   4.251959e-02   8.444046e-01   8.346255e-01   8.445100e-01   3.902109e-04   2.336173e-02
   121  -6.873298e-02  -8.620082e-02   3.001945e-01   4.881905e-01   1.313798e-01   2.589668e-01   7.057830e-01   6.890928e-01   9.440910e-02   6.278121e-05   3.904961e-02   8.640319e-01   8.543291e-01   8.496819e-01   3.130309e-04   2.225858e-02
   122  -3.306517e-02  -5.053301e-02   3.235722e-01   4.035124e-01   1.269877e-01   2.389049e-01   7.382647e-01   7.223274e-01   9.493262e-02   4.765285e-05   3.593826e-02   8.835218e-01   8.738862e-01   8.543935e-01   2.508904e-04   2.121970e-02
   123   2.602637e-03  -1.486520e-02   3.481828e-01   3.322191e-01   1.224386e-01   2.167914e-01   7.693694e-01   7.540955e-01   9.540910e-02   3.636792e-05   3.314823e-02   9.028923e-01   8.933151e-01   8.586819e-01   2.009032e-04   2.024041e-02
   124   3.827045e-02   2.080261e-02   3.740262e-01   2.723920e-01   1.177430e-01   1.929531e-01   7.992603e-01   7.845720e-01   9.584241e-02   2.788271e-05   3.064258e-02   9.221605e-01   9.126333e-01   8.625817e-01   1.607286e-04   1.931643e-02
   125   7.393826e-02   5.647042e-02   4.010047e-01   2.223353e-01   1.129253e-01   1.673159e-01   8.280800e-01   8.139092e-01   9.623618e-02   2.145871e-05   2.838905e-02   9.413422e-01   9.318572e-01   8.661256e-01   1.284708e-04   1.844365e-02
   126   1.096061e-01   9.213823e-02   4.290441e-01   1.806159e-01   1.080023e-01   1.405149e-01   8.559526e-01   8.422399e-01   9.659376e-02   1.656751e-05   2.635754e-02   9.604525e-01   9.510024e-01   8.693438e-01   1.025941e-04   1.761830e-02
   127   1.452739e-01   1.278060e-01   4.580724e-01   1.459712e-01   1.030022e-01   1.127037e-01   8.829864e-01   8.696799e-01   9.691827e-02   1.282540e-05   2.452208e-02   9.795053e-01   9.700834e-01   8.722644e-01   8.185598e-05   1.683690e-02
   128   1.809417e-01   1.634738e-01   4.879134e-01   1.173271e-01   9.795009e-02   8.426360e-02   9.092775e-01   8.963309e-01   9.721261e-02   9.950285e-06   2.285987e-02   9.985137e-01   9.891135e-01   8.749135e-01   6.525170e-05   1.609628e-02
   129   2.166095e-01   1.991417e-01   5.184168e-01   9.376125e-02   9.286891e-02   5.704197e-02   9.349093e-01   9.222825e-01   9.747945e-02   7.734040e-06   2.135037e-02   1.017490e+00   1.008105e+00   8.773151e-01   5.197000e-05   1.539350e-02
   130   2.522773e-01   2.348095e-01   5.492948e-01   7.441342e-02   8.777093e-02   2.943952e-02   9.599564e-01   9.476134e-01   9.772124e-02   6.020484e-06   1.997632e-02   1.036445e+00   1.027071e+00   8.794912e-01   4.135609e-05   1.472584e-02
   131   2.879451e-01   2.704773e-01   5.804605e-01   5.866011e-02   8.269449e-02   4.926423e-03   9.844851e-01   9.723939e-01   9.794025e-02   4.692310e-06   1.872225e-02   1.055388e+00   1.046020e+00   8.814623e-01   3.288203e-05   1.409086e-02
   132   3.236129e-01   3.061451e-01   6.117390e-01   4.591618e-02   7.768119e-02  -1.764201e-02   1.008554e+00   9.966861e-01   9.813854e-02   3.660853e-06   1.757454e-02   1.074331e+00   1.064963e+00   8.832469e-01   2.612265e-05   1.348633e-02
   133   3.592807e-01   3.418129e-01   6.429048e-01   3.567502e-02   7.276198e-02  -3.885311e-02   1.032215e+00   1.020545e+00   9.831802e-02   2.858418e-06   1.652159e-02   1.093280e+00   1.083908e+00   8.848622e-01   2.073591e-05   1.291022e-02
   134   3.949485e-01   3.774807e-01   6.734979e-01   2.749854e-02   6.794786e-02  -5.469347e-02   1.055515e+00   1.044021e+00   9.848042e-02   2.233270e-06   1.555311e-02   1.112243e+00   1.102865e+00   8.863237e-01   1.644691e-05   1.236067e-02
   135   4.306164e-01   4.131485e-01   7.033907e-01   2.099753e-02   6.325670e-02  -6.921515e-02   1.078495e+00   1.067157e+00   9.862732e-02   1.745690e-06   1.466002e-02   1.131229e+00   1.121840e+00   8.876458e-01   1.303493e-05   1.183600e-02
   136   4.662842e-01   4.488163e-01   7.325001e-01   1.589800e-02   5.873725e-02  -8.156765e-02   1.101194e+00   1.089993e+00   9.876016e-02   1.365072e-06   1.383441e-02   1.150242e+00   1.140839e+00   8.888415e-01   1.032296e-05   1.133468e-02
   137   5.019520e-01   4.844841e-01   7.602609e-01   1.192583e-02   5.439751e-02  -9.040927e-02   1.123644e+00   1.112564e+00   9.888027e-02   1.067727e-06   1.306941e-02   1.169289e+00   1.159870e+00   8.899225e-01   8.169193e-06   1.085533e-02
   138   5.376198e-01   5.201519e-01   7.867299e-01   8.852802e-03   5.024921e-02  -9.748101e-02   1.145876e+00   1.134902e+00   9.898885e-02   8.352998e-07   1.235895e-02   1.188374e+00   1.178936e+00   8.908996e-01   6.460130e-06   1.039668e-02
   139   5.732876e-01   5.558198e-01   8.116028e-01   6.510886e-03   4.632380e-02  -1.028683e-01   1.167915e+00   1.157035e+00   9.908698e-02   6.535388e-07   1.169767e-02   1.207503e+00   1.198044e+00   8.917828e-01   5.105034e-06   9.957578e-03
   140   6.089554e-01   5.914876e-01   8.347747e-01   4.733561e-03   4.261412e-02  -1.068738e-01   1.189787e+00   1.178989e+00   9.917565e-02   5.113531e-07   1.108087e-02   1.226679e+00   1.217197e+00   8.925808e-01   4.031430e-06   9.536985e-03
   141   6.446232e-01   6.271554e-01   8.560633e-01   3.407816e-03   3.914251e-02  -1.093591e-01   1.211512e+00   1.200785e+00   9.925576e-02   4.001017e-07   1.050440e-02   1.245906e+00   1.236399e+00   8.933019e-01   3.181492e-06   9.133938e-03
   142   6.802910e-01   6.628232e-01   8.755863e-01   2.425613e-03   3.590368e-02  -1.106254e-01   1.233110e+00   1.222445e+00   9.932813e-02   3.130415e-07   9.964628e-03   1.265186e+00   1.255653e+00   8.939532e-01   2.509121e-06   8.747559e-03
   143   7.159588e-01   6.984910e-01   8.930090e-01   1.708356e-03   3.290212e-02  -1.106819e-01   1.254598e+00   1.243987e+00   9.939350e-02   2.449062e-07   9.458343e-03   1.284523e+00   1.274962e+00   8.945415e-01   1.977603e-06   8.377043e-03
   144   7.516266e-01   7.341588e-01   9.086168e-01   1.190898e-03   3.013344e-02  -1.096387e-01   1.275992e+00   1.265427e+00   9.945254e-02   1.915807e-07   8.982690e-03   1.303918e+00   1.294329e+00   8.950729e-01   1.557727e-06   8.021648e-03
   145   7.872945e-01   7.698266e-01   9.224354e-01   8.211791e-04   2.759030e-02  -1.075860e-01   1.297306e+00   1.286780e+00   9.950586e-02   1.498469e-07   8.535138e-03   1.323373e+00   1.313754e+00   8.955527e-01   1.226270e-06   7.680690e-03
   146   8.229623e-01   8.054944e-01   9.344866e-01   5.607439e-04   2.526390e-02  -1.045602e-01   1.318551e+00   1.308058e+00   9.955400e-02   1.171870e-07   8.113439e-03   1.342890e+00   1.333241e+00   8.959860e-01   9.647876e-07   7.353539e-03
   147   8.586301e-01   8.411622e-01   9.448812e-01   3.794305e-04   2.314162e-02  -1.006473e-01   1.339739e+00   1.329274e+00   9.959747e-02   9.163069e-08   7.715594e-03   1.362469e+00   1.352790e+00   8.963772e-01   7.586408e-07   7.039606e-03
   148   8.942979e-01   8.768300e-01   9.538213e-01   2.545654e-04   2.120935e-02  -9.591875e-02   1.360880e+00   1.350438e+00   9.963672e-02   7.163537e-08   7.339817e-03   1.382111e+00   1.372401e+00   8.967304e-01   5.962222e-07   6.738348e-03
   149   9.299657e-01   9.124979e-01   9.614499e-01   1.694850e-04   1.945246e-02  -9.055960e-02   1.381982e+00   1.371559e+00   9.967214e-02   5.599327e-08   6.984512e-03   1.401817e+00   1.392076e+00   8.970493e-01   4.683346e-07   6.449256e-03
   150   9.656335e-01   9.481657e-01   9.679089e-01   1.120580e-04   1.785626e-02  -8.467239e-02   1.403054e+00   1.392646e+00   9.970413e-02   4.375868e-08   6.648247e-03   1.421587e+00   1.411815e+00   8.973371e-01   3.676968e-07   6.171857e-03
   151   1.001301e+00   9.838335e-01   9.733446e-01   7.366263e-05   1.640466e-02  -7.852019e-02   1.424101e+00   1.413705e+00   9.973300e-02   3.419106e-08   6.329737e-03   1.441421e+00   1.431617e+00   8.975970e-01   2.885484e-07   5.905708e-03
   152   1.036969e+00   1.019501e+00   9.778968e-01   4.819359e-05   1.508335e-02  -7.218544e-02   1.445130e+00   1.434743e+00   9.975905e-02   2.671049e-08   6.027824e-03   1.461317e+00   1.451483e+00   8.978315e-01   2.263358e-07   5.650391e-03
   153   1.072637e+00   1.055169e+00   9.816770e-01   3.140639e-05   1.387897e-02  -6.594403e-02   1.466146e+00   1.455765e+00   9.978257e-02   2.086290e-08   5.741463e-03   1.481275e+00   1.471411e+00   8.980432e-01   1.774619e-07   5.405519e-03
   154   1.108305e+00   1.090837e+00   9.848182e-01   2.040458e-05   1.277940e-02  -5.980806e-02   1.487153e+00   1.476776e+00   9.980380e-02   1.629276e-08   5.469708e-03   1.501294e+00   1.491400e+00   8.982342e-01   1.390870e-07   5.170726e-03
   155   1.143973e+00   1.126505e+00   9.874266e-01   1.322540e-05   1.177396e-02  -5.400961e-02   1.508154e+00   1.497780e+00   9.982296e-02   1.272179e-08   5.211704e-03   1.521372e+00   1.511449e+00   8.984066e-01   1.089711e-07   4.945668e-03
   156   1.179640e+00   1.162173e+00   9.895868e-01   8.557932e-06   1.085306e-02  -4.852590e-02   1.529153e+00   1.518781e+00   9.984025e-02   9.932137e-09   4.966673e-03   1.541507e+00   1.531556e+00   8.985622e-01   8.534831e-08   4.730025e-03
   157   1.215308e+00   1.197840e+00   9.913760e-01   5.531457e-06   1.000840e-02  -4.343802e-02   1.550151e+00   1.539779e+00   9.985585e-02   7.753326e-09   4.733911e-03   1.561697e+00   1.551720e+00   8.987027e-01   6.682746e-08   4.523497e-03
   158   1.250976e+00   1.233508e+00   9.928556e-01   3.572916e-06   9.232735e-03  -3.878305e-02   1.571150e+00   1.560777e+00   9.986993e-02   6.051971e-09   4.512778e-03   1.581939e+00   1.571936e+00   8.988294e-01   5.231322e-08   4.325803e-03
   159   1.286644e+00   1.269176e+00   9.940788e-01   2.307323e-06   8.519485e-03  -3.452494e-02   1.592149e+00   1.581777e+00   9.988264e-02   4.723723e-09   4.302694e-03   1.602228e+00   1.592202e+00   8.989438e-01   4.094372e-08   4.136684e-03
   160   1.322312e+00   1.304844e+00   9.950883e-01   1.490131e-06   7.863045e-03  -3.068853e-02   1.613150e+00   1.602776e+00   9.989411e-02   3.686972e-09   4.103134e-03   1.622562e+00   1.612514e+00   8.990470e-01   3.204125e-08   3.955902e-03
   161   1.357979e+00   1.340512e+00   9.959188e-01   9.626791e-07   7.258442e-03  -2.725096e-02   1.634149e+00   1.623776e+00   9.990446e-02   2.877905e-09   3.913623e-03   1.642934e+00   1.632867e+00   8.991401e-01   2.507315e-08   3.783237e-03
   162   1.393647e+00   1.376179e+00   9.966069e-01   6.222590e-07   6.701244e-03  -2.415804e-02   1.655144e+00   1.644773e+00   9.991379e-02   2.246633e-09   3.733733e-03   1.663339e+00   1.653256e+00   8.992241e-01   1.962106e-08   3.618495e-03
   163   1.429315e+00   1.411847e+00   9.971778e-01   4.024941e-07   6.187542e-03  -2.139626e-02   1.676133e+00   1.665766e+00   9.992222e-02   1.754167e-09   3.563082e-03   1.683770e+00   1.673674e+00   8.993000e-01   1.535653e-08   3.461499e-03
   164   1.464983e+00   1.447515e+00   9.976516e-01   2.605711e-07   5.713868e-03  -1.894511e-02   1.697110e+00   1.686748e+00   9.992982e-02   1.370043e-09   3.401333e-03   1.704218e+00   1.694114e+00   8.993684e-01   1.202187e-08   3.312102e-03
   165   1.500651e+00   1.483183e+00   9.980442e-01   1.688480e-07   5.277051e-03  -1.674956e-02   1.718069e+00   1.707716e+00   9.993668e-02   1.070462e-09   3.248188e-03   1.724673e+00   1.714566e+00   8.994301e-01   9.414974e-09   3.170176e-03
   166   1.536318e+00   1.518851e+00   9.983677e-01   1.095218e-07   4.874295e-03  -1.477921e-02   1.739001e+00   1.728661e+00   9.994287e-02   8.368387e-10   3.103393e-03   1.745124e+00   1.735019e+00   8.994858e-01   7.377441e-09   3.035626e-03
   167   1.571986e+00   1.554518e+00   9.986375e-01   7.111583e-08   4.503110e-03  -1.303721e-02   1.759896e+00   1.749574e+00   9.994845e-02   6.546607e-10   2.966736e-03   1.765557e+00   1.755461e+00   8.995361e-01   5.785166e-09   2.908382e-03
   168   1.607654e+00   1.590186e+00   9.988624e-01   4.623150e-08   4.161274e-03  -1.145644e-02   1.780742e+00   1.770444e+00   9.995349e-02   5.126012e-10   2.838044e-03   1.785955e+00   1.775876e+00   8.995814e-01   4.540967e-09   2.788405e-03
   169   1.643322e+00   1.625854e+00   9.990502e-01   3.009218e-08   3.846866e-03  -9.989461e-03   1.801523e+00   1.791257e+00   9.995804e-02   4.018203e-10   2.717188e-03   1.806300e+00   1.796247e+00   8.996223e-01   3.568777e-09   2.675689e-03
   170   1.678990e+00   1.661522e+00   9.992055e-01   1.961215e-08   3.558129e-03  -8.642779e-03   1.822221e+00   1.811996e+00   9.996214e-02   3.154214e-10   2.604080e-03   1.826569e+00   1.816553e+00   8.996593e-01   2.809081e-09   2.570265e-03
   171   1.714658e+00   1.697190e+00   9.993354e-01   1.279962e-08   3.293561e-03  -7.378728e-03   1.842815e+00   1.832640e+00   9.996584e-02   2.480252e-10   2.498676e-03   1.846736e+00   1.836770e+00   8.996926e-01   2.215338e-09   2.472195e-03
   172   1.750325e+00   1.732857e+00   9.994445e-01   8.366652e-09   3.052037e-03  -6.101526e-03   1.863278e+00   1.853167e+00   9.996918e-02   1.954367e-10   2.400972e-03   1.866771e+00   1.856869e+00   8.997226e-01   1.751161e-09   2.381580e-03
   173   1.785993e+00   1.768525e+00   9.995361e-01   5.478929e-09   2.832804e-03  -4.728074e-03   1.883581e+00   1.873548e+00   9.997219e-02   1.543853e-10   2.311009e-03   1.886640e+00   1.876819e+00   8.997498e-01   1.388120e-09   2.298557e-03
   174   1.821661e+00   1.804193e+00   9.996124e-01   3.595176e-09   2.635096e-03  -3.317503e-03   1.903690e+00   1.893752e+00   9.997491e-02   1.223220e-10   2.228866e-03   1.906303e+00   1.896583e+00   8.997742e-01   1.104003e-09   2.223298e-03
   175   1.857329e+00   1.839861e+00   9.996767e-01   2.364744e-09   2.458599e-03  -1.706967e-03   1.923565e+00   1.913741e+00   9.997737e-02   9.725990e-11   2.154665e-03   1.925719e+00   1.916120e+00   8.997963e-01   8.814693e-10   2.156004e-03
   176   1.892997e+00   1.875529e+00   9.997311e-01   1.560040e-09   2.303741e-03   3.177762e-04   1.943163e+00   1.933474e+00   9.997958e-02   7.764999e-11   2.088594e-03   1.944838e+00   1.935384e+00   8.998162e-01   7.069789e-10   2.096909e-03
   177   1.928664e+00   1.911197e+00   9.997773e-01   1.033055e-09   2.171914e-03   2.926477e-03   1.962441e+00   1.952909e+00   9.998158e-02   6.227693e-11   2.031174e-03   1.963611e+00   1.954326e+00   8.998342e-01   5.699459e-10   2.046342e-03
   178   1.964332e+00   1.946864e+00   9.998166e-01   6.871310e-10   2.064439e-03   6.048511e-03   1.981370e+00   1.972009e+00   9.998338e-02   5.015037e-11   1.984867e-03   1.981994e+00   1.972900e+00   8.998504e-01   4.619131e-10   2.005553e-03
   179   2.000000e+00   1.982532e+00   9.998500e-01   4.581988e-10   1.990769e-03   8.205801e-03   2.000000e+00   1.990785e+00   9.998500e-02   4.038192e-11   1.959150e-03   2.000000e+00   1.991090e+00   8.998650e-01   3.752423e-10   1.981827e-03
