     i          log_r       log_rmid          m_tot        rho_tot         v2_tot            eta     lgr[heavy]    lgrm[heavy]       m[heavy]     rho[heavy]      v2[heavy]     lgr[light]    lgrm[light]       m[light]     rho[light]      v2[light]
     0  -4.151175e+00  -4.452205e+00   1.023793e-07   8.604993e+05   1.571585e-01            nan  -4.151175e+00  -4.452205e+00   9.998500e-08   8.522792e+05   1.557375e-01  -2.977718e+00  -3.278748e+00   8.998650e-07   2.314476e+03   3.143434e-01
     1  -4.116811e+00  -4.133653e+00   1.294864e-07   8.538030e+05   1.567728e-01            nan  -4.128729e+00  -4.139807e+00   1.166721e-07   8.481001e+05   1.557395e-01  -2.947171e+00  -2.962176e+00   1.050049e-06   1.644226e+03   3.170563e-01
     2  -4.082447e+00  -4.099289e+00   1.637906e-07   8.528581e+05   1.567385e-01            nan  -4.106287e+00  -4.117363e+00   1.361439e-07   8.476470e+05   1.557398e-01  -2.916864e+00  -2.931753e+00   1.225295e-06   1.567327e+03   3.174620e-01
     3  -4.048083e+00  -4.064925e+00   2.072001e-07   8.517947e+05   1.567056e-01            nan  -4.083847e+00  -4.094922e+00   1.588651e-07   8.471458e+05   1.557400e-01  -2.886656e+00  -2.901497e+00   1.429786e-06   1.488748e+03   3.179175e-01
     4  -4.013719e+00  -4.030561e+00   2.621258e-07   8.506012e+05   1.566740e-01            nan  -4.061407e+00  -4.072482e+00   1.853780e-07   8.465912e+05   1.557403e-01  -2.856425e+00  -2.871277e+00   1.668402e-06   1.408847e+03   3.184287e-01
     5  -3.979355e+00  -3.996197e+00   3.316115e-07   8.492386e+05   1.566437e-01            nan  -4.038967e+00  -4.050042e+00   2.163150e-07   8.459775e+05   1.557406e-01  -2.826069e+00  -2.840982e+00   1.946835e-06   1.328048e+03   3.190018e-01
     6  -3.944991e+00  -3.961833e+00   4.195033e-07   8.477011e+05   1.566147e-01            nan  -4.016524e+00  -4.027601e+00   2.524142e-07   8.452985e+05   1.557409e-01  -2.795501e+00  -2.810516e+00   2.271728e-06   1.246832e+03   3.196431e-01
     7  -3.910627e+00  -3.927469e+00   5.306493e-07   8.459251e+05   1.565871e-01            nan  -3.994078e+00  -4.005156e+00   2.945370e-07   8.445473e+05   1.557413e-01  -2.764645e+00  -2.779799e+00   2.650833e-06   1.165720e+03   3.203598e-01
     8  -3.876262e+00  -3.893105e+00   6.711663e-07   8.439160e+05   1.565607e-01            nan  -3.971627e+00  -3.982707e+00   3.436881e-07   8.437160e+05   1.557417e-01  -2.733437e+00  -2.748761e+00   3.093193e-06   1.085386e+03   3.211547e-01
     9  -3.841898e+00  -3.858741e+00   8.487570e-07   8.415737e+05   1.565357e-01            nan  -3.949169e+00  -3.960253e+00   4.010398e-07   8.427963e+05   1.557422e-01  -2.701828e+00  -2.717345e+00   3.609358e-06   1.006441e+03   3.220312e-01
    10  -3.807534e+00  -3.824376e+00   1.073111e-06   8.389150e+05   1.565120e-01            nan  -3.926703e+00  -3.937791e+00   4.679601e-07   8.417787e+05   1.557427e-01  -2.669774e+00  -2.685505e+00   4.211641e-06   9.294550e+02   3.229918e-01
    11  -3.773170e+00  -3.790012e+00   1.356422e-06   8.358108e+05   1.564898e-01            nan  -3.904229e+00  -3.915321e+00   5.460446e-07   8.406529e+05   1.557432e-01  -2.637246e+00  -2.653206e+00   4.914402e-06   8.549546e+02   3.240383e-01
    12  -3.738806e+00  -3.755648e+00   1.713955e-06   8.322711e+05   1.564688e-01            nan  -3.881743e+00  -3.892840e+00   6.371554e-07   8.394074e+05   1.557439e-01  -2.604225e+00  -2.620422e+00   5.734398e-06   7.835635e+02   3.251607e-01
    13  -3.704442e+00  -3.721284e+00   2.164922e-06   8.281443e+05   1.564495e-01            nan  -3.859245e+00  -3.870349e+00   7.434644e-07   8.380298e+05   1.557445e-01  -2.570710e+00  -2.587144e+00   6.691180e-06   7.157867e+02   3.263437e-01
    14  -3.670078e+00  -3.686920e+00   2.733192e-06   8.234237e+05   1.564316e-01            nan  -3.836733e+00  -3.847843e+00   8.675058e-07   8.365061e+05   1.557453e-01  -2.536706e+00  -2.553375e+00   7.807552e-06   6.519234e+02   3.275742e-01
    15  -3.635714e+00  -3.652556e+00   3.448819e-06   8.179344e+05   1.564153e-01            nan  -3.814206e+00  -3.825323e+00   1.012236e-06   8.348210e+05   1.557462e-01  -2.502238e+00  -2.519130e+00   9.110122e-06   5.923313e+02   3.288183e-01
    16  -3.601350e+00  -3.618192e+00   4.348762e-06   8.116499e+05   1.564007e-01            nan  -3.791660e+00  -3.802786e+00   1.181103e-06   8.329577e+05   1.557471e-01  -2.467346e+00  -2.484442e+00   1.062993e-05   5.372298e+02   3.300320e-01
    17  -3.566985e+00  -3.583828e+00   5.479577e-06   8.043662e+05   1.563881e-01            nan  -3.769094e+00  -3.780230e+00   1.378130e-06   8.308977e+05   1.557482e-01  -2.432072e+00  -2.449351e+00   1.240317e-05   4.865867e+02   3.311805e-01
    18  -3.532621e+00  -3.549464e+00   6.897747e-06   7.960427e+05   1.563773e-01            nan  -3.746505e+00  -3.757653e+00   1.608010e-06   8.286207e+05   1.557494e-01  -2.396486e+00  -2.413915e+00   1.447209e-05   4.405461e+02   3.321808e-01
    19  -3.498257e+00  -3.515099e+00   8.674379e-06   7.864322e+05   1.563689e-01            nan  -3.723892e+00  -3.735051e+00   1.876216e-06   8.261042e+05   1.557507e-01  -2.360655e+00  -2.378201e+00   1.688595e-05   3.988811e+02   3.329840e-01
    20  -3.463893e+00  -3.480735e+00   1.089437e-05   7.755059e+05   1.563627e-01            nan  -3.701250e+00  -3.712423e+00   2.189133e-06   8.233239e+05   1.557521e-01  -2.324659e+00  -2.342284e+00   1.970220e-05   3.614547e+02   3.335094e-01
    21  -3.429529e+00  -3.446371e+00   1.366410e-05   7.629405e+05   1.563593e-01            nan  -3.678577e+00  -3.689765e+00   2.554206e-06   8.202529e+05   1.557537e-01  -2.288577e+00  -2.306243e+00   2.298786e-05   3.279739e+02   3.336982e-01
    22  -3.395165e+00  -3.412007e+00   1.710869e-05   7.487872e+05   1.563586e-01            nan  -3.655868e+00  -3.667074e+00   2.980121e-06   8.168618e+05   1.557555e-01  -2.252486e+00  -2.270157e+00   2.682109e-05   2.981474e+02   3.334899e-01
    23  -3.360801e+00  -3.377643e+00   2.138224e-05   7.325753e+05   1.563616e-01            nan  -3.633122e+00  -3.644346e+00   3.477003e-06   8.131185e+05   1.557575e-01  -2.216461e+00  -2.234101e+00   3.129303e-05   2.716301e+02   3.328475e-01
    24  -3.326437e+00  -3.343279e+00   2.666568e-05   7.145557e+05   1.563681e-01            nan  -3.610331e+00  -3.621577e+00   4.056664e-06   8.089880e+05   1.557598e-01  -2.180566e+00  -2.198143e+00   3.650997e-05   2.480801e+02   3.317502e-01
    25  -3.292073e+00  -3.308915e+00   3.317064e-05   6.940470e+05   1.563793e-01            nan  -3.587493e+00  -3.598762e+00   4.732872e-06   8.044323e+05   1.557623e-01  -2.144853e+00  -2.162342e+00   4.259585e-05   2.271443e+02   3.302072e-01
    26  -3.257708e+00  -3.274551e+00   4.115660e-05   6.714564e+05   1.563952e-01            nan  -3.564602e+00  -3.575897e+00   5.521683e-06   7.994099e+05   1.557650e-01  -2.109360e+00  -2.126744e+00   4.969515e-05   2.084973e+02   3.282463e-01
    27  -3.223344e+00  -3.240187e+00   5.088644e-05   6.463720e+05   1.564170e-01            nan  -3.541650e+00  -3.552974e+00   6.441814e-06   7.938760e+05   1.557681e-01  -2.074114e+00  -2.091380e+00   5.797633e-05   1.918259e+02   3.259198e-01
    28  -3.188980e+00  -3.205823e+00   6.271056e-05   6.188305e+05   1.564456e-01            nan  -3.518633e+00  -3.529989e+00   7.515084e-06   7.877822e+05   1.557716e-01  -2.039126e+00  -2.056268e+00   6.763576e-05   1.768535e+02   3.232965e-01
    29  -3.154616e+00  -3.171458e+00   7.698134e-05   5.891787e+05   1.564814e-01            nan  -3.495542e+00  -3.506934e+00   8.766923e-06   7.810761e+05   1.557755e-01  -2.004394e+00  -2.021413e+00   7.890231e-05   1.633369e+02   3.204454e-01
    30  -3.120252e+00  -3.137094e+00   9.406198e-05   5.569126e+05   1.565273e-01            nan  -3.472369e+00  -3.483801e+00   1.022697e-05   7.737019e+05   1.557798e-01  -1.969906e+00  -1.986807e+00   9.204273e-05   1.510580e+02   3.174549e-01
    31  -3.085888e+00  -3.102730e+00   1.144124e-04   5.227158e+05   1.565838e-01            nan  -3.449105e+00  -3.460581e+00   1.192976e-05   7.655995e+05   1.557847e-01  -1.935642e+00  -1.952436e+00   1.073678e-04   1.398498e+02   3.143805e-01
    32  -3.051524e+00  -3.068366e+00   1.384779e-04   4.869894e+05   1.566524e-01            nan  -3.425739e+00  -3.437265e+00   1.391553e-05   7.567054e+05   1.557901e-01  -1.901575e+00  -1.918274e+00   1.252398e-04   1.295509e+02   3.113060e-01
    33  -3.017160e+00  -3.034002e+00   1.665913e-04   4.499159e+05   1.567362e-01            nan  -3.402260e+00  -3.413841e+00   1.623115e-05   7.469521e+05   1.557962e-01  -1.867676e+00  -1.884294e+00   1.460803e-04   1.200578e+02   3.082561e-01
    34  -2.982796e+00  -2.999638e+00   1.992112e-04   4.117389e+05   1.568392e-01            nan  -3.378655e+00  -3.390297e+00   1.893121e-05   7.362688e+05   1.558031e-01  -1.833911e+00  -1.850465e+00   1.703808e-04   1.112591e+02   3.052918e-01
    35  -2.948431e+00  -2.965274e+00   2.367445e-04   3.734150e+05   1.569633e-01   5.103669e-01  -3.354908e+00  -3.366619e+00   2.207926e-05   7.245820e+05   1.558109e-01  -1.800252e+00  -1.816756e+00   1.987134e-04   1.030942e+02   3.024059e-01
    36  -2.914067e+00  -2.930910e+00   2.795169e-04   3.354692e+05   1.571015e-01   5.109321e-01  -3.331005e+00  -3.342792e+00   2.574932e-05   7.118155e+05   1.558196e-01  -1.766667e+00  -1.783135e+00   2.317439e-04   9.549102e+01   2.996289e-01
    37  -2.879703e+00  -2.896546e+00   3.277761e-04   2.984792e+05   1.572634e-01   5.115965e-01  -3.306925e+00  -3.318798e+00   3.002750e-05   6.978918e+05   1.558295e-01  -1.733132e+00  -1.749576e+00   2.702475e-04   8.841264e+01   2.969323e-01
    38  -2.845339e+00  -2.862181e+00   3.816825e-04   2.629899e+05   1.574546e-01   5.123234e-01  -3.282649e+00  -3.294617e+00   3.501400e-05   6.827330e+05   1.558407e-01  -1.699623e+00  -1.716055e+00   3.151260e-04   8.181381e+01   2.943174e-01
    39  -2.810975e+00  -2.827817e+00   4.413106e-04   2.294926e+05   1.576802e-01   5.131062e-01  -3.258152e+00  -3.270228e+00   4.082538e-05   6.662623e+05   1.558535e-01  -1.666123e+00  -1.682550e+00   3.674284e-04   7.566798e+01   2.917484e-01
    40  -2.776611e+00  -2.793453e+00   5.066658e-04   1.983982e+05   1.579460e-01   5.139361e-01  -3.233409e+00  -3.245605e+00   4.759714e-05   6.484060e+05   1.558679e-01  -1.632618e+00  -1.649048e+00   4.283742e-04   6.994548e+01   2.892048e-01
    41  -2.742247e+00  -2.759089e+00   5.777209e-04   1.700122e+05   1.582577e-01   5.147961e-01  -3.208390e+00  -3.220719e+00   5.548679e-05   6.290959e+05   1.558845e-01  -1.599098e+00  -1.615535e+00   4.993811e-04   6.462267e+01   2.866559e-01
    42  -2.707883e+00  -2.724725e+00   6.544676e-04   1.445184e+05   1.586212e-01   5.156640e-01  -3.183059e+00  -3.195540e+00   6.467734e-05   6.082717e+05   1.559034e-01  -1.565557e+00  -1.582004e+00   5.820960e-04   5.967697e+01   2.840700e-01
    43  -2.673519e+00  -2.690361e+00   7.369782e-04   1.219734e+05   1.590406e-01   5.165220e-01  -3.157379e+00  -3.170029e+00   7.538125e-05   5.858852e+05   1.559252e-01  -1.531992e+00  -1.548450e+00   6.784313e-04   5.508420e+01   2.814337e-01
    44  -2.639155e+00  -2.655997e+00   8.234492e-04   1.021992e+05   1.595301e-01   5.173117e-01  -3.131304e+00  -3.144146e+00   8.784517e-05   5.619036e+05   1.559503e-01  -1.498400e+00  -1.514871e+00   7.906065e-04   5.082375e+01   2.787158e-01
    45  -2.604790e+00  -2.621633e+00   9.149571e-04   8.506889e+04   1.601052e-01   5.179419e-01  -3.104785e+00  -3.117842e+00   1.023551e-04   5.363152e+05   1.559794e-01  -1.464781e+00  -1.481265e+00   9.211963e-04   4.686997e+01   2.759318e-01
    46  -2.570426e+00  -2.587269e+00   1.012150e-03   7.052601e+04   1.607532e-01   5.184244e-01  -3.077763e+00  -3.091064e+00   1.192428e-04   5.091338e+05   1.560133e-01  -1.431131e+00  -1.447630e+00   1.073185e-03   4.320202e+01   2.730689e-01
    47  -2.536062e+00  -2.552904e+00   1.113249e-03   5.827423e+04   1.614715e-01   5.187428e-01  -3.050172e+00  -3.063749e+00   1.388921e-04   4.804056e+05   1.560529e-01  -1.397447e+00  -1.413962e+00   1.250029e-03   3.979628e+01   2.701520e-01
    48  -2.501698e+00  -2.518540e+00   1.218167e-03   4.793895e+04   1.623181e-01   5.185809e-01  -3.021934e+00  -3.035824e+00   1.617478e-04   4.502149e+05   1.560995e-01  -1.363724e+00  -1.380258e+00   1.455730e-03   3.663224e+01   2.671958e-01
    49  -2.467334e+00  -2.484176e+00   1.329841e-03   3.940072e+04   1.632307e-01   5.181208e-01  -2.992961e+00  -3.007206e+00   1.883238e-04   4.186915e+05   1.561547e-01  -1.329953e+00  -1.346510e+00   1.694914e-03   3.369064e+01   2.642200e-01
    50  -2.432970e+00  -2.449812e+00   1.442572e-03   3.233552e+04   1.642419e-01   5.171682e-01  -2.963149e+00  -2.977799e+00   2.192140e-04   3.860168e+05   1.562204e-01  -1.296126e+00  -1.312710e+00   1.972926e-03   3.095347e+01   2.612568e-01
    51  -2.398606e+00  -2.415448e+00   1.562811e-03   2.654206e+04   1.653367e-01   5.156302e-01  -2.932377e+00  -2.947490e+00   2.551039e-04   3.524300e+05   1.562993e-01  -1.262232e+00  -1.278848e+00   2.295935e-03   2.840720e+01   2.583056e-01
    52  -2.364242e+00  -2.381084e+00   1.685833e-03   2.179093e+04   1.664975e-01   5.135192e-01  -2.900505e+00  -2.916149e+00   2.967831e-04   3.182323e+05   1.563947e-01  -1.228263e+00  -1.244915e+00   2.671048e-03   2.603778e+01   2.553945e-01
    53  -2.329878e+00  -2.346720e+00   1.816063e-03   1.793083e+04   1.677075e-01   5.107539e-01  -2.867369e+00  -2.883621e+00   3.451610e-04   2.837885e+05   1.565112e-01  -1.194210e+00  -1.210903e+00   3.106449e-03   2.383561e+01   2.525100e-01
    54  -2.295513e+00  -2.312356e+00   1.950433e-03   1.476826e+04   1.689583e-01   5.072980e-01  -2.832777e+00  -2.849728e+00   4.012824e-04   2.495263e+05   1.566548e-01  -1.160068e+00  -1.176804e+00   3.611542e-03   2.179144e+01   2.496415e-01
    55  -2.261149e+00  -2.277992e+00   2.093039e-03   1.221653e+04   1.701601e-01   5.033908e-01  -2.796502e+00  -2.814261e+00   4.663463e-04   2.159288e+05   1.568334e-01  -1.125836e+00  -1.142615e+00   4.197117e-03   1.989657e+01   2.467832e-01
    56  -2.226785e+00  -2.243627e+00   2.241168e-03   1.012131e+04   1.713713e-01   4.987414e-01  -2.758284e+00  -2.776973e+00   5.417261e-04   1.835214e+05   1.570580e-01  -1.091515e+00  -1.108337e+00   4.875535e-03   1.814392e+01   2.439000e-01
    57  -2.192421e+00  -2.209263e+00   2.399308e-03   8.430727e+03   1.724078e-01   4.940297e-01  -2.717817e+00  -2.737580e+00   6.289911e-04   1.528504e+05   1.573434e-01  -1.057109e+00  -1.073972e+00   5.660920e-03   1.652535e+01   2.409817e-01
    58  -2.158057e+00  -2.174899e+00   2.565199e-03   7.040940e+03   1.733815e-01   4.887845e-01  -2.674755e+00  -2.695752e+00   7.299314e-04   1.244525e+05   1.577100e-01  -1.022626e+00  -1.039525e+00   6.569382e-03   1.503330e+01   2.380061e-01
    59  -2.123693e+00  -2.140535e+00   2.742869e-03   5.909525e+03   1.741020e-01   4.837998e-01  -2.628707e+00  -2.651121e+00   8.465830e-04   9.881621e+04   1.581849e-01  -9.880732e-01  -1.005006e+00   7.619247e-03   1.366019e+01   2.349454e-01
    60  -2.089329e+00  -2.106171e+00   2.932150e-03   4.979994e+03   1.746230e-01   4.788979e-01  -2.579257e+00  -2.603278e+00   9.812558e-04   7.633706e+04   1.588039e-01  -9.534610e-01  -9.704224e-01   8.831303e-03   1.239780e+01   2.318026e-01
    61  -2.054965e+00  -2.071807e+00   3.134966e-03   4.211670e+03   1.749081e-01   4.743395e-01  -2.525990e+00  -2.551807e+00   1.136562e-03   5.727126e+04   1.596118e-01  -9.187988e-01  -9.357842e-01   1.022906e-02   1.123857e+01   2.285605e-01
    62  -2.020601e+00  -2.037443e+00   3.354428e-03   3.579632e+03   1.748396e-01   4.707213e-01  -2.468550e+00  -2.496321e+00   1.315444e-03   4.169676e+04   1.606582e-01  -8.840963e-01  -9.011010e-01   1.183900e-02   1.017506e+01   2.252035e-01
    63  -1.986236e+00  -2.003079e+00   3.590234e-03   3.048865e+03   1.746172e-01   4.673901e-01  -2.406736e+00  -2.436544e+00   1.521208e-03   2.949199e+04   1.619834e-01  -8.493609e-01  -8.663814e-01   1.369088e-02   9.199606e+00   2.217469e-01
    64  -1.951872e+00  -1.968715e+00   3.847505e-03   2.608743e+03   1.739781e-01   4.656143e-01  -2.340637e+00  -2.372430e+00   1.757548e-03   2.034313e+04   1.635861e-01  -8.145990e-01  -8.316323e-01   1.581793e-02   8.305316e+00   2.181855e-01
    65  -1.917508e+00  -1.934351e+00   4.125392e-03   2.234681e+03   1.732683e-01   4.641178e-01  -2.270771e+00  -2.304301e+00   2.028572e-03   1.378581e+04   1.653651e-01  -7.798148e-01  -7.968587e-01   1.825715e-02   7.485653e+00   2.145181e-01
    66  -1.883144e+00  -1.899986e+00   4.429701e-03   1.919874e+03   1.722306e-01   4.641814e-01  -2.198163e+00  -2.232951e+00   2.338830e-03   9.276380e+03   1.670530e-01  -7.450088e-01  -7.620632e-01   2.104947e-02   6.734177e+00   2.107699e-01
    67  -1.848780e+00  -1.865622e+00   4.759617e-03   1.650278e+03   1.711839e-01   4.645615e-01  -2.124250e+00  -2.159636e+00   2.693323e-03   6.274586e+03   1.682058e-01  -7.101782e-01  -7.272444e-01   2.423991e-02   6.045164e+00   2.069558e-01
    68  -1.814416e+00  -1.831258e+00   5.121358e-03   1.419773e+03   1.699970e-01   4.659726e-01  -2.050587e+00  -2.085859e+00   3.097518e-03   4.312297e+03   1.683323e-01  -6.753178e-01  -6.923983e-01   2.787766e-02   5.413529e+00   2.030881e-01
    69  -1.780052e+00  -1.796894e+00   5.513872e-03   1.221362e+03   1.688604e-01   4.676187e-01  -1.978463e+00  -2.013030e+00   3.557342e-03   3.029601e+03   1.671433e-01  -6.404193e-01  -6.575181e-01   3.201608e-02   4.834656e+00   1.991887e-01
    70  -1.745688e+00  -1.762530e+00   5.943878e-03   1.050026e+03   1.677633e-01   4.696087e-01  -1.908638e+00  -1.942149e+00   4.079169e-03   2.176477e+03   1.647237e-01  -6.054712e-01  -6.225938e-01   3.671252e-02   4.304390e+00   1.952868e-01
    71  -1.711324e+00  -1.728166e+00   6.410329e-03   9.019571e+02   1.667901e-01   4.715301e-01  -1.841328e+00  -1.873681e+00   4.669785e-03   1.592408e+03   1.614703e-01  -5.704621e-01  -5.876140e-01   4.202806e-02   3.819379e+00   1.913922e-01
    72  -1.676960e+00  -1.693802e+00   6.919233e-03   7.739358e+02   1.659533e-01   4.732917e-01  -1.776348e+00  -1.807624e+00   5.336336e-03   1.179529e+03   1.578802e-01  -5.353816e-01  -5.525677e-01   4.802703e-02   3.376746e+00   1.875084e-01
    73  -1.642595e+00  -1.659438e+00   7.471195e-03   6.630000e+02   1.653181e-01   4.745285e-01  -1.713305e+00  -1.743683e+00   6.086254e-03   8.794577e+02   1.543697e-01  -5.002221e-01  -5.174462e-01   5.477629e-02   2.973974e+00   1.836374e-01
    74  -1.608231e+00  -1.625074e+00   8.070398e-03   5.676221e+02   1.648233e-01   4.754114e-01  -1.651756e+00  -1.681441e+00   6.927149e-03   6.571001e+02   1.511983e-01  -4.649799e-01  -4.822436e-01   6.234434e-02   2.608768e+00   1.797792e-01
    75  -1.573867e+00  -1.590709e+00   8.719411e-03   4.849212e+02   1.645815e-01   4.753621e-01  -1.591305e+00  -1.620480e+00   7.866679e-03   4.906044e+02   1.484679e-01  -4.296571e-01  -4.469595e-01   7.080011e-02   2.279092e+00   1.759160e-01
    76  -1.539503e+00  -1.556345e+00   9.422834e-03   4.142724e+02   1.644475e-01   4.749209e-01  -1.531656e+00  -1.560457e+00   8.912390e-03   3.655696e+02   1.461551e-01  -3.942631e-01  -4.115997e-01   8.021151e-02   1.982935e+00   1.720270e-01
    77  -1.505139e+00  -1.521981e+00   1.018240e-02   3.533711e+02   1.645192e-01   4.735939e-01  -1.472637e+00  -1.501145e+00   1.007152e-02   2.718661e+02   1.441499e-01  -3.588140e-01  -3.761770e-01   9.064369e-02   1.718244e+00   1.680907e-01
    78  -1.470775e+00  -1.487617e+00   1.100638e-02   3.014637e+02   1.646757e-01   4.718924e-01  -1.414188e+00  -1.442430e+00   1.135078e-02   2.019583e+02   1.422947e-01  -3.233319e-01  -3.407107e-01   1.021570e-01   1.482891e+00   1.640961e-01
    79  -1.436411e+00  -1.453253e+00   1.189407e-02   2.571277e+02   1.649319e-01   4.697268e-01  -1.356343e+00  -1.384303e+00   1.275612e-02   1.500396e+02   1.404275e-01  -2.878441e-01  -3.052256e-01   1.148050e-01   1.274689e+00   1.600322e-01
    80  -1.402047e+00  -1.418889e+00   1.285657e-02   2.193359e+02   1.652318e-01   4.674371e-01  -1.299175e+00  -1.326819e+00   1.429243e-02   1.115771e+02   1.384369e-01  -2.523825e-01  -2.697514e-01   1.286319e-01   1.091447e+00   1.558888e-01
    81  -1.367683e+00  -1.384525e+00   1.389747e-02   1.872282e+02   1.655712e-01   4.650043e-01  -1.242752e+00  -1.270048e+00   1.596333e-02   8.306643e+01   1.363046e-01  -2.169826e-01  -2.343220e-01   1.436700e-01   9.309859e-01   1.516591e-01
    82  -1.333318e+00  -1.350161e+00   1.502335e-02   1.598335e+02   1.658931e-01   4.629478e-01  -1.187097e+00  -1.214034e+00   1.777087e-02   6.186871e+01   1.341004e-01  -1.816834e-01  -1.989745e-01   1.599378e-01   7.911731e-01   1.473408e-01
    83  -1.298954e+00  -1.315797e+00   1.624665e-02   1.365583e+02   1.662326e-01   4.610371e-01  -1.132189e+00  -1.158776e+00   1.971527e-02   4.605291e+01   1.319320e-01  -1.465251e-01  -1.637486e-01   1.774374e-01   6.699315e-01   1.429428e-01
    84  -1.264590e+00  -1.281432e+00   1.756647e-02   1.167238e+02   1.665670e-01   4.595024e-01  -1.077980e+00  -1.104239e+00   2.179475e-02   3.422841e+01   1.298899e-01  -1.115499e-01  -1.286855e-01   1.961527e-01   5.652998e-01   1.384671e-01
    85  -1.230226e+00  -1.247068e+00   1.900120e-02   9.979126e+01   1.669280e-01   4.582899e-01  -1.024431e+00  -1.050381e+00   2.400535e-02   2.539144e+01   1.280111e-01  -7.680129e-02  -9.382815e-02   2.160481e-01   4.754268e-01   1.339180e-01
    86  -1.195862e+00  -1.212704e+00   2.055697e-02   8.537816e+01   1.673175e-01   4.572302e-01  -9.715337e-01  -9.971775e-01   2.634082e-02   1.880439e+01   1.262686e-01  -4.232286e-02  -5.922001e-02   2.370673e-01   3.985783e-01   1.293064e-01
    87  -1.161498e+00  -1.178340e+00   2.224113e-02   7.300680e+01   1.677821e-01   4.562397e-01  -9.193187e-01  -9.446420e-01   2.879262e-02   1.391236e+01   1.245938e-01  -8.157197e-03  -2.490414e-02   2.591336e-01   3.331463e-01   1.246486e-01
    88  -1.127134e+00  -1.143976e+00   2.407376e-02   6.245860e+01   1.683083e-01   4.551092e-01  -8.678436e-01  -8.928189e-01   3.134998e-02   1.029053e+01   1.229093e-01   2.565372e-02   9.077213e-03   2.821498e-01   2.776712e-01   1.199548e-01
    89  -1.092770e+00  -1.109612e+00   2.605547e-02   5.345009e+01   1.688923e-01   4.537068e-01  -8.171726e-01  -8.417695e-01   3.400006e-02   7.613644e+00   1.211604e-01   5.906993e-02   4.268314e-02   3.060005e-01   2.308230e-01   1.152424e-01
    90  -1.058406e+00  -1.075248e+00   2.820731e-02   4.572829e+01   1.695683e-01   4.517970e-01  -7.673558e-01  -7.915503e-01   3.672816e-02   5.635362e+00   1.193161e-01   9.205452e-02   7.587529e-02   3.305535e-01   1.914041e-01   1.105323e-01
    91  -1.024041e+00  -1.040884e+00   3.055113e-02   3.915560e+01   1.702529e-01   4.494829e-01  -7.184195e-01  -7.421987e-01   3.951809e-02   4.171986e+00   1.173667e-01   1.245729e-01   1.086180e-01   3.556628e-01   1.583567e-01   1.058387e-01
    92  -9.896774e-01  -1.006520e+00   3.308219e-02   3.354033e+01   1.709507e-01   4.465883e-01  -6.703598e-01  -6.937252e-01   4.235249e-02   3.087735e+00   1.153133e-01   1.565954e-01   1.408792e-01   3.811724e-01   1.307361e-01   1.011868e-01
    93  -9.553133e-01  -9.721555e-01   3.584104e-02   2.874864e+01   1.716159e-01   4.432750e-01  -6.231410e-01  -6.461090e-01   4.521329e-02   2.282889e+00   1.131686e-01   1.880955e-01   1.726310e-01   4.069196e-01   1.077234e-01   9.659278e-02
    94  -9.209491e-01  -9.377914e-01   3.884895e-02   2.467137e+01   1.721882e-01   4.395589e-01  -5.766956e-01  -5.992977e-01   4.808216e-02   1.684406e+00   1.109574e-01   2.190516e-01   2.038493e-01   4.327394e-01   8.860199e-02   9.207704e-02
    95  -8.865850e-01  -9.034273e-01   4.210913e-02   2.118890e+01   1.726456e-01   4.355236e-01  -5.309227e-01  -5.532064e-01   5.094094e-02   1.238729e+00   1.087135e-01   2.494466e-01   2.345150e-01   4.584685e-01   7.275463e-02   8.765719e-02
    96  -8.522209e-01  -8.690632e-01   4.567226e-02   1.821585e+01   1.729494e-01   4.313324e-01  -4.856899e-01  -5.077177e-01   5.377208e-02   9.066651e-01   1.064806e-01   2.792679e-01   2.646132e-01   4.839488e-01   5.965175e-02   8.334884e-02
    97  -8.178568e-01  -8.346991e-01   4.956811e-02   1.567847e+01   1.730683e-01   4.269069e-01  -4.408377e-01  -4.626851e-01   5.655903e-02   6.594534e-01   1.043054e-01   3.085076e-01   2.941337e-01   5.090312e-01   4.884059e-02   7.916742e-02
    98  -7.834927e-01  -8.003350e-01   5.380369e-02   1.350372e+01   1.729862e-01   4.224420e-01  -3.961799e-01  -4.179350e-01   5.928652e-02   4.758348e-01   1.022319e-01   3.371617e-01   3.230709e-01   5.335787e-01   3.993837e-02   7.512358e-02
    99  -7.491286e-01  -7.659709e-01   5.844137e-02   1.163682e+01   1.726968e-01   4.180269e-01  -3.515079e-01  -3.732698e-01   6.194091e-02   3.400355e-01   1.002954e-01   3.652311e-01   3.514232e-01   5.574682e-01   3.262038e-02   7.122871e-02
   100  -7.147645e-01  -7.316068e-01   6.352045e-02   1.003392e+01   1.721901e-01   4.135821e-01  -3.066025e-01  -3.284751e-01   6.451030e-02   2.402931e-01   9.851808e-02   3.927197e-01   3.791929e-01   5.805927e-01   2.661498e-02   6.748859e-02
   101  -6.804004e-01  -6.972426e-01   6.905909e-02   8.653132e+00   1.714682e-01   4.092413e-01  -2.612374e-01  -2.833279e-01   6.698469e-02   1.676927e-01   9.690126e-02   4.196355e-01   4.063861e-01   6.028622e-01   2.169343e-02   6.391014e-02
   102  -6.460363e-01  -6.628785e-01   7.511351e-02   7.458491e+00   1.705527e-01   4.052106e-01  -2.151830e-01  -2.376000e-01   6.935597e-02   1.154245e-01   9.543098e-02   4.459890e-01   4.330121e-01   6.242038e-01   1.766596e-02   6.049468e-02
   103  -6.116722e-01  -6.285144e-01   8.173700e-02   6.426376e+00   1.694486e-01   4.013296e-01  -1.682076e-01  -1.910605e-01   7.161799e-02   7.826920e-02   9.408745e-02   4.717940e-01   4.590831e-01   6.445619e-01   1.437369e-02   5.724513e-02
   104  -5.773081e-01  -5.941503e-01   8.897449e-02   5.533235e+00   1.681678e-01   3.976245e-01  -1.200883e-01  -1.434818e-01   7.376638e-02   5.224254e-02   9.284903e-02   4.970661e-01   4.846139e-01   6.638974e-01   1.168576e-02   5.415910e-02
   105  -5.429440e-01  -5.597862e-01   9.683939e-02   4.757798e+00   1.667374e-01   3.941540e-01  -7.059924e-02  -9.463921e-02   7.579851e-02   3.428824e-02   9.170651e-02   5.218236e-01   5.096212e-01   6.821866e-01   9.493099e-03   5.123624e-02
   106  -5.085799e-01  -5.254221e-01   1.054109e-01   4.084759e+00   1.651697e-01   3.907252e-01  -1.952838e-02  -4.431353e-02   7.771330e-02   2.211434e-02   9.065591e-02   5.460858e-01   5.341241e-01   6.994197e-01   7.706310e-03   4.847182e-02
   107  -4.742157e-01  -4.910580e-01   1.147370e-01   3.501701e+00   1.634606e-01   3.871604e-01   3.328103e-02   7.678523e-03   7.951106e-02   1.402077e-02   8.967259e-02   5.698738e-01   5.581426e-01   7.155996e-01   6.251353e-03   4.586249e-02
   108  -4.398516e-01  -4.566939e-01   1.248662e-01   2.996904e+00   1.616078e-01   3.832984e-01   8.787296e-02   6.143422e-02   8.119333e-02   8.754844e-03   8.869423e-02   5.932096e-01   5.816984e-01   7.307399e-01   5.067591e-03   4.340250e-02
   109  -4.054875e-01  -4.223298e-01   1.358062e-01   2.559821e+00   1.596155e-01   3.788660e-01   1.440701e-01   1.168799e-01   8.276263e-02   5.409260e-03   8.757093e-02   6.161163e-01   6.048140e-01   7.448636e-01   4.105160e-03   4.108623e-02
   110  -3.711234e-01  -3.879657e-01   1.476368e-01   2.181944e+00   1.574742e-01   3.735102e-01   2.013480e-01   1.736526e-01   8.422234e-02   3.335107e-03   8.603204e-02   6.386172e-01   6.275124e-01   7.580011e-01   3.323207e-03   3.890759e-02
   111  -3.367593e-01  -3.536016e-01   1.604107e-01   1.856410e+00   1.551530e-01   3.671115e-01   2.588117e-01   2.310295e-01   8.557652e-02   2.074815e-03   8.373924e-02   6.607362e-01   6.498175e-01   7.701887e-01   2.688345e-03   3.685960e-02
   112  -3.023952e-01  -3.192375e-01   1.741757e-01   1.576401e+00   1.526407e-01   3.595359e-01   3.153313e-01   2.879903e-01   8.682971e-02   1.317140e-03   8.042978e-02   6.824974e-01   6.717531e-01   7.814674e-01   2.173206e-03   3.493612e-02
   113  -2.680311e-01  -2.848734e-01   1.889443e-01   1.335867e+00   1.499294e-01   3.506224e-01   3.698424e-01   3.434416e-01   8.798682e-02   8.597097e-04   7.610166e-02   7.039249e-01   6.933433e-01   7.918814e-01   1.755505e-03   3.313001e-02
   114  -2.336670e-01  -2.505092e-01   2.047694e-01   1.129402e+00   1.470207e-01   3.401035e-01   4.216170e-01   3.965008e-01   8.905301e-02   5.780953e-04   7.104038e-02   7.250425e-01   7.146120e-01   8.014771e-01   1.417028e-03   3.143457e-02
   115  -1.993029e-01  -2.161451e-01   2.217123e-01   9.527509e-01   1.438914e-01   3.281510e-01   4.703391e-01   4.466609e-01   9.003354e-02   3.995204e-04   6.565671e-02   7.458740e-01   7.355832e-01   8.103019e-01   1.142927e-03   2.984333e-02
   116  -1.649388e-01  -1.817810e-01   2.398078e-01   8.018117e-01   1.405466e-01   3.147362e-01   5.160137e-01   4.937765e-01   9.093373e-02   2.825622e-04   6.031072e-02   7.664426e-01   7.562801e-01   8.184036e-01   9.211177e-04   2.834956e-02
   117  -1.305747e-01  -1.474169e-01   2.590329e-01   6.730014e-01   1.369965e-01   2.997609e-01   5.588277e-01   5.379481e-01   9.175884e-02   2.036403e-04   5.523278e-02   7.867710e-01   7.767258e-01   8.258295e-01   7.417474e-04   2.694713e-02
   118  -9.621056e-02  -1.130528e-01   2.794388e-01   5.632524e-01   1.332494e-01   2.830499e-01   5.990486e-01   5.794036e-01   9.251402e-02   1.489961e-04   5.053846e-02   8.068814e-01   7.969426e-01   8.326262e-01   5.968036e-04   2.562999e-02
   119  -6.184646e-02  -7.868871e-02   3.010493e-01   4.699755e-01   1.293089e-01   2.647034e-01   6.369622e-01   6.184190e-01   9.320429e-02   1.103442e-04   4.626688e-02   8.267951e-01   8.169524e-01   8.388386e-01   4.797712e-04   2.439224e-02
   120  -2.748235e-02  -4.432460e-02   3.238234e-01   3.908470e-01   1.251921e-01   2.446716e-01   6.728421e-01   6.552726e-01   9.383445e-02   8.252153e-05   4.241505e-02   8.465328e-01   8.367761e-01   8.445100e-01   3.853499e-04   2.322843e-02
   121   6.881760e-03  -9.960495e-03   3.477369e-01   3.238670e-01   1.209171e-01   2.227188e-01   7.069316e-01   6.902212e-01   9.440910e-02   6.221697e-05   3.895394e-02   8.661142e-01   8.564339e-01   8.496819e-01   3.092345e-04   2.213337e-02
   122   4.124587e-02   2.440361e-02   3.727924e-01   2.673394e-01   1.164951e-01   1.991535e-01   7.394479e-01   7.234940e-01   9.493262e-02   4.722004e-05   3.584972e-02   8.855584e-01   8.759451e-01   8.543935e-01   2.479297e-04   2.110208e-02
   123   7.560998e-02   5.876772e-02   3.988881e-01   2.197607e-01   1.119488e-01   1.739001e-01   7.705798e-01   7.552928e-01   9.540910e-02   3.603684e-05   3.306532e-02   9.048832e-01   8.953283e-01   8.586819e-01   1.985976e-04   2.012992e-02
   124   1.099741e-01   9.313183e-02   4.259695e-01   1.798564e-01   1.072946e-01   1.475376e-01   8.004916e-01   7.857932e-01   9.584241e-02   2.762924e-05   3.056465e-02   9.241056e-01   9.146007e-01   8.625817e-01   1.589357e-04   1.921263e-02
   125   1.443382e-01   1.274959e-01   4.539682e-01   1.464972e-01   1.025580e-01   1.200905e-01   8.293260e-01   8.151481e-01   9.623618e-02   2.126498e-05   2.831539e-02   9.432418e-01   9.337791e-01   8.661256e-01   1.270784e-04   1.834616e-02
   126   1.787023e-01   1.618600e-01   4.827072e-01   1.187235e-01   9.776150e-02   9.223393e-02   8.572082e-01   8.434908e-01   9.659376e-02   1.641934e-05   2.628787e-02   9.623066e-01   9.528788e-01   8.693438e-01   1.015143e-04   1.752676e-02
   127   2.130664e-01   1.962242e-01   5.121194e-01   9.570057e-02   9.292775e-02   6.508470e-02   8.842467e-01   8.709378e-01   9.691827e-02   1.271220e-05   2.445602e-02   9.813142e-01   9.719144e-01   8.722644e-01   8.101963e-05   1.675096e-02
   128   2.474305e-01   2.305883e-01   5.420221e-01   7.669625e-02   8.809014e-02   3.737826e-02   9.105383e-01   8.975914e-01   9.721261e-02   9.863835e-06   2.279728e-02   1.000278e+00   9.908994e-01   8.749135e-01   6.460478e-05   1.601564e-02
   129   2.817946e-01   2.649524e-01   5.721505e-01   6.109774e-02   8.325947e-02   1.352524e-02   9.361668e-01   9.235416e-01   9.747945e-02   7.668035e-06   2.129103e-02   1.019209e+00   1.009846e+00   8.773151e-01   5.147022e-05   1.531785e-02
   130   3.161587e-01   2.993165e-01   6.023203e-01   4.831895e-02   7.845494e-02  -1.003525e-02   9.612073e-01   9.488675e-01   9.772124e-02   5.970132e-06   1.992006e-02   1.038119e+00   1.028767e+00   8.794912e-01   4.097045e-05   1.465491e-02
   131   3.505228e-01   3.336806e-01   6.323947e-01   3.795191e-02   7.372001e-02  -3.072561e-02   9.857264e-01   9.736399e-01   9.794025e-02   4.653916e-06   1.866897e-02   1.057019e+00   1.047672e+00   8.814623e-01   3.258483e-05   1.402440e-02
   132   3.848869e-01   3.680447e-01   6.622028e-01   2.959537e-02   6.908056e-02  -4.800294e-02   1.009783e+00   9.979212e-01   9.813854e-02   3.631589e-06   1.752412e-02   1.075917e+00   1.066571e+00   8.832469e-01   2.589388e-05   1.342408e-02
   133   4.192511e-01   4.024088e-01   6.915421e-01   2.290545e-02   6.456552e-02  -6.385344e-02   1.033429e+00   1.021767e+00   9.831802e-02   2.836130e-06   1.647391e-02   1.094823e+00   1.085473e+00   8.848622e-01   2.056001e-05   1.285195e-02
   134   4.536152e-01   4.367729e-01   7.198481e-01   1.757783e-02   6.017783e-02  -7.601881e-02   1.056713e+00   1.045227e+00   9.848042e-02   2.216307e-06   1.550806e-02   1.113744e+00   1.104386e+00   8.863237e-01   1.631181e-05   1.230615e-02
   135   4.879793e-01   4.711370e-01   7.472594e-01   1.336895e-02   5.594294e-02  -8.594200e-02   1.079675e+00   1.068346e+00   9.862732e-02   1.732784e-06   1.461752e-02   1.132687e+00   1.123319e+00   8.876458e-01   1.293128e-05   1.178503e-02
   136   5.223434e-01   5.055011e-01   7.736065e-01   1.008278e-02   5.189200e-02  -9.419109e-02   1.102354e+00   1.091163e+00   9.876016e-02   1.355260e-06   1.379435e-02   1.151658e+00   1.142276e+00   8.888415e-01   1.024353e-05   1.128706e-02
   137   5.567075e-01   5.398652e-01   7.983163e-01   7.531078e-03   4.802605e-02  -1.007672e-01   1.124784e+00   1.113714e+00   9.888027e-02   1.060270e-06   1.303169e-02   1.170664e+00   1.161265e+00   8.899225e-01   8.108383e-06   1.081086e-02
   138   5.910716e-01   5.742293e-01   8.217033e-01   5.571320e-03   4.436069e-02  -1.051891e-01   1.146993e+00   1.136030e+00   9.898885e-02   8.296376e-07   1.232347e-02   1.189709e+00   1.180291e+00   8.908996e-01   6.413625e-06   1.035518e-02
   139   6.254357e-01   6.085934e-01   8.432709e-01   4.082242e-03   4.090737e-02  -1.082488e-01   1.169010e+00   1.158141e+00   9.908698e-02   6.492414e-07   1.166434e-02   1.208798e+00   1.199358e+00   8.917828e-01   5.069504e-06   9.918879e-03
   140   6.597998e-01   6.429575e-01   8.632737e-01   2.960407e-03   3.766777e-02  -1.102242e-01   1.190857e+00   1.180071e+00   9.917565e-02   5.080934e-07   1.104960e-02   1.227935e+00   1.218472e+00   8.925808e-01   4.004314e-06   9.500920e-03
   141   6.941639e-01   6.773217e-01   8.813138e-01   2.125852e-03   3.464740e-02  -1.110650e-01   1.212559e+00   1.201844e+00   9.925576e-02   3.976304e-07   1.047509e-02   1.247123e+00   1.237635e+00   8.933019e-01   3.160817e-06   9.100351e-03
   142   7.285280e-01   7.116858e-01   8.977034e-01   1.511485e-03   3.184379e-02  -1.108507e-01   1.234132e+00   1.223479e+00   9.932813e-02   3.111690e-07   9.937185e-03   1.266365e+00   1.256850e+00   8.939532e-01   2.493372e-06   8.716300e-03
   143   7.628921e-01   7.460499e-01   9.122905e-01   1.063764e-03   2.925324e-02  -1.096396e-01   1.255595e+00   1.244996e+00   9.939350e-02   2.434883e-07   9.432674e-03   1.285664e+00   1.276122e+00   8.945415e-01   1.965618e-06   8.347970e-03
   144   7.972562e-01   7.804140e-01   9.251617e-01   7.418568e-04   2.686932e-02  -1.074658e-01   1.276964e+00   1.266411e+00   9.945254e-02   1.905076e-07   8.958706e-03   1.305023e+00   1.295451e+00   8.950729e-01   1.548615e-06   7.994628e-03
   145   8.316203e-01   8.147781e-01   9.364871e-01   5.126219e-04   2.468273e-02  -1.043972e-01   1.298252e+00   1.287738e+00   9.950586e-02   1.490353e-07   8.512750e-03   1.324442e+00   1.314841e+00   8.955527e-01   1.219350e-06   7.655596e-03
   146   8.659844e-01   8.491422e-01   9.463465e-01   3.511107e-04   2.268275e-02  -1.004376e-01   1.319472e+00   1.308992e+00   9.955400e-02   1.165735e-07   8.092563e-03   1.343923e+00   1.334292e+00   8.959860e-01   9.595364e-07   7.330248e-03
   147   9.003486e-01   8.835063e-01   9.547721e-01   2.386533e-04   2.085643e-02  -9.578315e-02   1.340635e+00   1.330182e+00   9.959747e-02   9.116727e-08   7.696147e-03   1.363468e+00   1.353806e+00   8.963772e-01   7.546599e-07   7.018006e-03
   148   9.347127e-01   9.178704e-01   9.620086e-01   1.610903e-04   1.919029e-02  -9.054636e-02   1.361750e+00   1.351321e+00   9.963672e-02   7.128552e-08   7.321719e-03   1.383077e+00   1.373383e+00   8.967304e-01   5.932071e-07   6.718330e-03
   149   9.690768e-01   9.522345e-01   9.681744e-01   1.080577e-04   1.767083e-02  -8.486003e-02   1.382827e+00   1.372416e+00   9.967214e-02   5.572934e-08   6.967685e-03   1.402750e+00   1.393025e+00   8.970493e-01   4.660532e-07   6.430720e-03
   150   1.003441e+00   9.865986e-01   9.734006e-01   7.208155e-05   1.628508e-02  -7.888205e-02   1.403873e+00   1.393478e+00   9.970413e-02   4.355970e-08   6.632617e-03   1.422488e+00   1.412731e+00   8.973371e-01   3.659722e-07   6.154706e-03
   151   1.037805e+00   1.020963e+00   9.778035e-01   4.787317e-05   1.501940e-02  -7.273891e-02   1.424896e+00   1.414512e+00   9.973300e-02   3.404116e-08   6.315234e-03   1.442290e+00   1.432502e+00   8.975970e-01   2.872461e-07   5.889851e-03
   152   1.072169e+00   1.055327e+00   9.814719e-01   3.167861e-05   1.386192e-02  -6.668554e-02   1.445900e+00   1.435525e+00   9.975905e-02   2.659766e-08   6.014381e-03   1.462155e+00   1.452336e+00   8.978315e-01   2.253534e-07   5.635745e-03
   153   1.106533e+00   1.089691e+00   9.845490e-01   2.090258e-05   1.280180e-02  -6.072358e-02   1.466892e+00   1.456523e+00   9.978257e-02   2.077803e-08   5.729016e-03   1.482083e+00   1.472234e+00   8.980432e-01   1.767216e-07   5.392004e-03
   154   1.140897e+00   1.124055e+00   9.871221e-01   1.376110e-05   1.182946e-02  -5.506608e-02   1.487875e+00   1.477510e+00   9.980380e-02   1.622900e-08   5.458198e-03   1.502073e+00   1.492193e+00   8.982342e-01   1.385297e-07   5.158267e-03
   155   1.175261e+00   1.158419e+00   9.892706e-01   9.044692e-06   1.093641e-02  -4.965607e-02   1.508852e+00   1.498490e+00   9.982296e-02   1.267393e-08   5.201073e-03   1.522123e+00   1.512214e+00   8.984066e-01   1.085522e-07   4.934197e-03
   156   1.209626e+00   1.192783e+00   9.910622e-01   5.938093e-06   1.011491e-02  -4.467674e-02   1.529828e+00   1.519467e+00   9.984025e-02   9.896253e-09   4.956869e-03   1.542230e+00   1.532293e+00   8.985622e-01   8.503385e-08   4.719478e-03
   157   1.243990e+00   1.227147e+00   9.925423e-01   3.896076e-06   9.358169e-03  -4.004528e-02   1.550803e+00   1.540442e+00   9.985585e-02   7.726460e-09   4.724884e-03   1.562392e+00   1.552428e+00   8.987027e-01   6.659177e-08   4.513814e-03
   158   1.278354e+00   1.261511e+00   9.937747e-01   2.555501e-06   8.660386e-03  -3.582872e-02   1.571778e+00   1.561417e+00   9.986993e-02   6.031888e-09   4.504483e-03   1.582607e+00   1.572617e+00   8.988294e-01   5.213688e-08   4.316929e-03
   159   1.312718e+00   1.295876e+00   9.948017e-01   1.676192e-06   8.016372e-03  -3.200110e-02   1.592755e+00   1.582393e+00   9.988264e-02   4.708739e-09   4.295088e-03   1.602870e+00   1.592857e+00   8.989438e-01   4.081207e-08   4.128570e-03
   160   1.347082e+00   1.330240e+00   9.956587e-01   1.099757e-06   7.421572e-03  -2.851313e-02   1.613733e+00   1.603371e+00   9.989411e-02   3.675818e-09   4.096179e-03   1.623178e+00   1.613143e+00   8.990470e-01   3.194320e-08   3.948501e-03
   161   1.381446e+00   1.364604e+00   9.963709e-01   7.218771e-07   6.871876e-03  -2.541195e-02   1.634709e+00   1.624348e+00   9.990446e-02   2.869624e-09   3.907284e-03   1.643524e+00   1.633470e+00   8.991401e-01   2.500035e-08   3.776509e-03
   162   1.415810e+00   1.398968e+00   9.969603e-01   4.741291e-07   6.363607e-03  -2.261036e-02   1.655683e+00   1.645323e+00   9.991379e-02   2.240507e-09   3.727979e-03   1.663904e+00   1.653834e+00   8.992241e-01   1.956721e-08   3.612402e-03
   163   1.450174e+00   1.433332e+00   9.974539e-01   3.116337e-07   5.893532e-03  -2.009922e-02   1.676649e+00   1.666293e+00   9.992222e-02   1.749655e-09   3.557885e-03   1.684310e+00   1.674227e+00   8.993000e-01   1.531688e-08   3.456010e-03
   164   1.484538e+00   1.467696e+00   9.978671e-01   2.050116e-07   5.458776e-03  -1.786317e-02   1.697604e+00   1.687253e+00   9.992982e-02   1.366738e-09   3.396670e-03   1.704732e+00   1.694641e+00   8.993684e-01   1.199285e-08   3.307188e-03
   165   1.518902e+00   1.502060e+00   9.982102e-01   1.349937e-07   5.056680e-03  -1.584604e-02   1.718540e+00   1.708198e+00   9.993668e-02   1.068059e-09   3.244039e-03   1.725163e+00   1.715068e+00   8.994301e-01   9.393896e-09   3.165815e-03
   166   1.553267e+00   1.536424e+00   9.984966e-01   8.897491e-08   4.684896e-03  -1.404319e-02   1.739449e+00   1.729120e+00   9.994287e-02   8.351072e-10   3.099744e-03   1.745589e+00   1.735496e+00   8.994858e-01   7.362289e-09   3.031798e-03
   167   1.587631e+00   1.570788e+00   9.987373e-01   5.870557e-08   4.341330e-03  -1.242357e-02   1.760320e+00   1.750010e+00   9.994845e-02   6.534295e-10   2.963575e-03   1.765996e+00   1.755912e+00   8.995361e-01   5.774424e-09   2.905073e-03
   168   1.621995e+00   1.605153e+00   9.989391e-01   3.877887e-08   4.024159e-03  -1.092348e-02   1.781142e+00   1.770856e+00   9.995349e-02   5.117414e-10   2.835364e-03   1.786368e+00   1.776301e+00   8.995814e-01   4.533500e-09   2.785606e-03
   169   1.656359e+00   1.639517e+00   9.991071e-01   2.564533e-08   3.731672e-03  -9.565996e-03   1.801898e+00   1.791644e+00   9.995804e-02   4.012354e-10   2.714987e-03   1.806686e+00   1.796646e+00   8.996223e-01   3.563732e-09   2.673397e-03
   170   1.690723e+00   1.673881e+00   9.992488e-01   1.698062e-08   3.462378e-03  -8.305465e-03   1.822570e+00   1.812357e+00   9.996214e-02   3.150391e-10   2.602362e-03   1.826926e+00   1.816924e+00   8.996593e-01   2.805821e-09   2.568479e-03
   171   1.725087e+00   1.708245e+00   9.993685e-01   1.125989e-08   3.215323e-03  -7.007463e-03   1.843135e+00   1.832974e+00   9.996584e-02   2.477915e-10   2.497447e-03   1.847063e+00   1.837111e+00   8.996926e-01   2.213385e-09   2.470921e-03
   172   1.759451e+00   1.742609e+00   9.994682e-01   7.477549e-09   2.989326e-03  -5.794142e-03   1.863568e+00   1.853472e+00   9.996918e-02   1.953113e-10   2.400246e-03   1.867067e+00   1.857180e+00   8.997226e-01   1.750160e-09   2.380831e-03
   173   1.793815e+00   1.776973e+00   9.995527e-01   4.973997e-09   2.783509e-03  -4.542162e-03   1.883839e+00   1.873822e+00   9.997219e-02   1.543381e-10   2.310803e-03   1.886902e+00   1.877097e+00   8.997498e-01   1.387803e-09   2.298349e-03
   174   1.828179e+00   1.811337e+00   9.996245e-01   3.315688e-09   2.598006e-03  -3.001806e-03   1.903913e+00   1.893992e+00   9.997491e-02   1.223305e-10   2.229205e-03   1.906529e+00   1.896826e+00   8.997742e-01   1.104174e-09   2.223652e-03
   175   1.862544e+00   1.845701e+00   9.996849e-01   2.215492e-09   2.432403e-03  -1.389791e-03   1.923750e+00   1.913945e+00   9.997737e-02   9.730756e-11   2.155577e-03   1.925906e+00   1.916325e+00   8.997963e-01   8.819800e-10   2.156948e-03
   176   1.896908e+00   1.880065e+00   9.997362e-01   1.484508e-09   2.286787e-03   5.434939e-04   1.943308e+00   1.933639e+00   9.997958e-02   7.772432e-11   2.090114e-03   1.944983e+00   1.935549e+00   8.998162e-01   7.077202e-10   2.098473e-03
   177   1.931272e+00   1.914430e+00   9.997801e-01   9.982311e-10   2.162433e-03   3.142384e-03   1.962541e+00   1.953031e+00   9.998158e-02   6.236846e-11   2.033351e-03   1.963711e+00   1.954448e+00   8.998342e-01   5.708362e-10   2.048565e-03
   178   1.965636e+00   1.948794e+00   9.998178e-01   6.741951e-10   2.061649e-03   6.232304e-03   1.981422e+00   1.972084e+00   9.998338e-02   5.025146e-11   1.987784e-03   1.982046e+00   1.972975e+00   8.998504e-01   4.628883e-10   2.008494e-03
   179   2.000000e+00   1.983158e+00   9.998500e-01   4.562886e-10   1.993387e-03   8.208954e-03   2.000000e+00   1.990810e+00   9.998500e-02   4.048821e-11   1.962839e-03   2.000000e+00   1.991116e+00   8.998650e-01   3.762582e-10   1.985537e-03
