     i          log_r       log_rmid          m_tot        rho_tot         v2_tot            eta     lgr[heavy]    lgrm[heavy]       m[heavy]     rho[heavy]      v2[heavy]     lgr[light]    lgrm[light]       m[light]     rho[light]      v2[light]
     0  -4.694781e+00  -4.995811e+00   1.023220e-07   3.657783e+07   2.355868e-01            nan  -4.694781e+00  -4.995811e+00   9.998500e-08   3.642502e+07   2.343349e-01  -3.071744e+00  -3.372774e+00   8.998650e-07   4.431302e+03   4.583917e-01
     1  -4.657380e+00  -4.675678e+00   1.317970e-07   3.607519e+07   2.349209e-01            nan  -4.672201e+00  -4.683345e+00   1.166721e-07   3.601433e+07   2.343233e-01  -3.029666e+00  -3.050195e+00   1.050049e-06   2.192459e+03   4.446930e-01
     2  -4.619979e+00  -4.638277e+00   1.698262e-07   3.599075e+07   2.348695e-01            nan  -4.649630e+00  -4.660769e+00   1.361439e-07   3.596976e+07   2.343220e-01  -2.988242e+00  -3.008460e+00   1.225295e-06   1.947888e+03   4.419352e-01
     3  -4.582578e+00  -4.600876e+00   2.188826e-07   3.589143e+07   2.348220e-01            nan  -4.627063e+00  -4.638200e+00   1.588651e-07   3.592053e+07   2.343206e-01  -2.947428e+00  -2.967356e+00   1.429786e-06   1.736700e+03   4.389251e-01
     4  -4.545177e+00  -4.563475e+00   2.821382e-07   3.577643e+07   2.347779e-01            nan  -4.604497e+00  -4.615633e+00   1.853780e-07   3.586616e+07   2.343191e-01  -2.907192e+00  -2.926844e+00   1.668402e-06   1.553816e+03   4.356156e-01
     5  -4.507776e+00  -4.526074e+00   3.636714e-07   3.564296e+07   2.347367e-01            nan  -4.581928e+00  -4.593066e+00   2.163150e-07   3.580609e+07   2.343174e-01  -2.867511e+00  -2.886899e+00   1.946835e-06   1.395148e+03   4.320651e-01
     6  -4.470375e+00  -4.488673e+00   4.687074e-07   3.548510e+07   2.346982e-01            nan  -4.559354e+00  -4.570494e+00   2.524142e-07   3.573973e+07   2.343155e-01  -2.828368e+00  -2.847499e+00   2.271728e-06   1.257080e+03   4.282221e-01
     7  -4.432974e+00  -4.451272e+00   6.039066e-07   3.530162e+07   2.346618e-01            nan  -4.536771e+00  -4.547915e+00   2.945370e-07   3.566642e+07   2.343134e-01  -2.789744e+00  -2.808627e+00   2.650833e-06   1.136497e+03   4.241555e-01
     8  -4.395573e+00  -4.413871e+00   7.778160e-07   3.508766e+07   2.346274e-01            nan  -4.514175e+00  -4.525326e+00   3.436881e-07   3.558543e+07   2.343110e-01  -2.751624e+00  -2.770266e+00   3.093193e-06   1.030870e+03   4.198308e-01
     9  -4.358172e+00  -4.376470e+00   1.001281e-06   3.483502e+07   2.345943e-01            nan  -4.491564e+00  -4.502722e+00   4.010398e-07   3.549597e+07   2.343085e-01  -2.713987e+00  -2.732398e+00   3.609358e-06   9.378949e+02   4.153072e-01
    10  -4.320771e+00  -4.339069e+00   1.288020e-06   3.454196e+07   2.345624e-01            nan  -4.468934e+00  -4.480102e+00   4.679601e-07   3.539714e+07   2.343056e-01  -2.676813e+00  -2.695002e+00   4.211641e-06   8.557593e+02   4.105861e-01
    11  -4.283370e+00  -4.301668e+00   1.655536e-06   3.419967e+07   2.345312e-01            nan  -4.446282e+00  -4.457461e+00   5.460446e-07   3.528799e+07   2.343025e-01  -2.640078e+00  -2.658057e+00   4.914402e-06   7.828484e+02   4.057016e-01
    12  -4.245969e+00  -4.264267e+00   2.125627e-06   3.379901e+07   2.345001e-01            nan  -4.423605e+00  -4.434796e+00   6.371554e-07   3.516745e+07   2.342990e-01  -2.603753e+00  -2.621535e+00   5.734398e-06   7.177951e+02   4.007025e-01
    13  -4.208568e+00  -4.226866e+00   2.725737e-06   3.333773e+07   2.344690e-01            nan  -4.400897e+00  -4.412103e+00   7.434644e-07   3.503437e+07   2.342951e-01  -2.567812e+00  -2.585411e+00   6.691180e-06   6.595394e+02   3.955900e-01
    14  -4.171167e+00  -4.189465e+00   3.490378e-06   3.279895e+07   2.344372e-01            nan  -4.378156e+00  -4.389378e+00   8.675058e-07   3.488747e+07   2.342909e-01  -2.532219e+00  -2.549651e+00   7.807552e-06   6.069981e+02   3.904611e-01
    15  -4.133766e+00  -4.152064e+00   4.460842e-06   3.217949e+07   2.344044e-01            nan  -4.355376e+00  -4.366617e+00   1.012236e-06   3.472537e+07   2.342861e-01  -2.496946e+00  -2.514225e+00   9.110122e-06   5.595204e+02   3.852855e-01
    16  -4.096365e+00  -4.114663e+00   5.690011e-06   3.147137e+07   2.343700e-01            nan  -4.332554e+00  -4.343815e+00   1.181103e-06   3.454654e+07   2.342809e-01  -2.461951e+00  -2.479096e+00   1.062993e-05   5.162406e+02   3.801952e-01
    17  -4.058964e+00  -4.077262e+00   7.239778e-06   3.065574e+07   2.343334e-01            nan  -4.309682e+00  -4.320967e+00   1.378130e-06   3.434934e+07   2.342751e-01  -2.427200e+00  -2.444228e+00   1.240317e-05   4.767275e+02   3.751654e-01
    18  -4.021563e+00  -4.039861e+00   9.185866e-06   2.974167e+07   2.342944e-01            nan  -4.286756e+00  -4.298068e+00   1.608010e-06   3.413197e+07   2.342687e-01  -2.392653e+00  -2.409583e+00   1.447209e-05   4.404224e+02   3.702803e-01
    19  -3.984162e+00  -4.002460e+00   1.161801e-05   2.869742e+07   2.342518e-01            nan  -4.263769e+00  -4.275111e+00   1.876216e-06   3.389249e+07   2.342616e-01  -2.358274e+00  -2.375124e+00   1.688595e-05   4.069837e+02   3.655476e-01
    20  -3.946761e+00  -3.965059e+00   1.463828e-05   2.754602e+07   2.342058e-01            nan  -4.240714e+00  -4.252089e+00   2.189133e-06   3.362879e+07   2.342538e-01  -2.324027e+00  -2.340813e+00   1.970220e-05   3.760720e+02   3.610055e-01
    21  -3.909360e+00  -3.927658e+00   1.836852e-05   2.625825e+07   2.341550e-01            nan  -4.217583e+00  -4.228994e+00   2.554206e-06   3.333861e+07   2.342451e-01  -2.289877e+00  -2.306616e+00   2.298786e-05   3.474242e+02   3.566753e-01
    22  -3.871959e+00  -3.890257e+00   2.293876e-05   2.486771e+07   2.340997e-01            nan  -4.194366e+00  -4.205819e+00   2.980121e-06   3.301950e+07   2.342355e-01  -2.255793e+00  -2.272500e+00   2.682109e-05   3.208464e+02   3.525529e-01
    23  -3.834558e+00  -3.852856e+00   2.849420e-05   2.334313e+07   2.340383e-01            nan  -4.171055e+00  -4.182554e+00   3.477003e-06   3.266886e+07   2.342249e-01  -2.221745e+00  -2.238435e+00   3.129303e-05   2.961437e+02   3.486574e-01
    24  -3.797157e+00  -3.815455e+00   3.520352e-05   2.173611e+07   2.339713e-01            nan  -4.147638e+00  -4.159189e+00   4.056664e-06   3.228393e+07   2.342131e-01  -2.187713e+00  -2.204396e+00   3.650997e-05   2.732068e+02   3.449508e-01
    25  -3.759756e+00  -3.778054e+00   4.318527e-05   2.003996e+07   2.338974e-01            nan  -4.124102e+00  -4.135710e+00   4.732872e-06   3.186175e+07   2.342001e-01  -2.153674e+00  -2.170360e+00   4.259585e-05   2.518918e+02   3.414428e-01
    26  -3.722355e+00  -3.740653e+00   5.263233e-05   1.828409e+07   2.338163e-01            nan  -4.100434e+00  -4.112107e+00   5.521683e-06   3.139925e+07   2.341857e-01  -2.119617e+00  -2.136311e+00   4.969515e-05   2.321270e+02   3.380775e-01
    27  -3.684954e+00  -3.703252e+00   6.369620e-05   1.651098e+07   2.337280e-01            nan  -4.076619e+00  -4.088363e+00   6.441814e-06   3.089320e+07   2.341698e-01  -2.085530e+00  -2.102239e+00   5.797633e-05   2.137986e+02   3.348585e-01
    28  -3.647553e+00  -3.665851e+00   7.646903e-05   1.474834e+07   2.336319e-01            nan  -4.052638e+00  -4.064463e+00   7.515084e-06   3.034027e+07   2.341522e-01  -2.051409e+00  -2.068134e+00   6.763576e-05   1.968431e+02   3.317295e-01
    29  -3.610152e+00  -3.628450e+00   9.103018e-05   1.300637e+07   2.335263e-01            nan  -4.028472e+00  -4.040387e+00   8.766923e-06   2.973707e+07   2.341327e-01  -2.017251e+00  -2.033994e+00   7.890231e-05   1.811620e+02   3.286955e-01
    30  -3.572751e+00  -3.591049e+00   1.074823e-04   1.133945e+07   2.334114e-01            nan  -4.004100e+00  -4.016115e+00   1.022697e-05   2.908017e+07   2.341112e-01  -1.983058e+00  -1.999818e+00   9.204273e-05   1.666899e+02   3.257095e-01
    31  -3.535350e+00  -3.553648e+00   1.258546e-04   9.774201e+06   2.332865e-01            nan  -3.979495e+00  -3.991623e+00   1.192976e-05   2.836620e+07   2.340874e-01  -1.948831e+00  -1.965608e+00   1.073678e-04   1.533375e+02   3.227805e-01
    32  -3.497949e+00  -3.516247e+00   1.461430e-04   8.331966e+06   2.331506e-01            nan  -3.954631e+00  -3.966885e+00   1.391553e-05   2.759191e+07   2.340611e-01  -1.914577e+00  -1.931367e+00   1.252398e-04   1.410393e+02   3.198699e-01
    33  -3.460548e+00  -3.478846e+00   1.683214e-04   7.028113e+06   2.330024e-01            nan  -3.929473e+00  -3.941870e+00   1.623115e-05   2.675427e+07   2.340321e-01  -1.880300e+00  -1.897100e+00   1.460803e-04   1.297145e+02   3.169878e-01
    34  -3.423147e+00  -3.441445e+00   1.923614e-04   5.871169e+06   2.328408e-01            nan  -3.903986e+00  -3.916543e+00   1.893121e-05   2.585062e+07   2.339999e-01  -1.846007e+00  -1.862815e+00   1.703808e-04   1.193010e+02   3.140992e-01
    35  -3.385746e+00  -3.404044e+00   2.181592e-04   4.862648e+06   2.326648e-01            nan  -3.878128e+00  -3.890865e+00   2.207926e-05   2.487880e+07   2.339643e-01  -1.811706e+00  -1.828518e+00   1.987134e-04   1.097261e+02   3.112126e-01
    36  -3.348345e+00  -3.366643e+00   2.452700e-04   3.990483e+06   2.324677e-01            nan  -3.851852e+00  -3.864791e+00   2.574932e-05   2.383735e+07   2.339250e-01  -1.777404e+00  -1.794216e+00   2.317439e-04   1.009327e+02   3.082942e-01
    37  -3.310944e+00  -3.329242e+00   2.740040e-04   3.252542e+06   2.322479e-01            nan  -3.825101e+00  -3.838270e+00   3.002750e-05   2.272571e+07   2.338814e-01  -1.743109e+00  -1.759918e+00   2.702475e-04   9.285559e+01   3.053507e-01
    38  -3.273543e+00  -3.291841e+00   3.044851e-04   2.638289e+06   2.320061e-01            nan  -3.797813e+00  -3.811242e+00   3.501400e-05   2.154449e+07   2.338331e-01  -1.708829e+00  -1.725631e+00   3.151260e-04   8.544301e+01   3.023512e-01
    39  -3.236142e+00  -3.254440e+00   3.361266e-04   2.131638e+06   2.317445e-01            nan  -3.769914e+00  -3.783640e+00   4.082538e-05   2.029570e+07   2.337794e-01  -1.674571e+00  -1.691362e+00   3.674284e-04   7.863673e+01   2.993022e-01
    40  -3.198741e+00  -3.217039e+00   3.688773e-04   1.713988e+06   2.314300e-01            nan  -3.741321e+00  -3.755382e+00   4.759714e-05   1.898311e+07   2.337198e-01  -1.640340e+00  -1.657118e+00   4.283742e-04   7.238944e+01   2.961810e-01
    41  -3.161340e+00  -3.179638e+00   4.037188e-04   1.376685e+06   2.310896e-01            nan  -3.711934e+00  -3.726379e+00   5.548679e-05   1.761249e+07   2.336534e-01  -1.606143e+00  -1.622905e+00   4.993811e-04   6.664997e+01   2.929964e-01
    42  -3.123939e+00  -3.142237e+00   4.387636e-04   1.104003e+06   2.307038e-01            nan  -3.681638e+00  -3.696522e+00   6.467734e-05   1.619201e+07   2.335793e-01  -1.571980e+00  -1.588725e+00   5.820960e-04   6.137497e+01   2.897405e-01
    43  -3.086538e+00  -3.104836e+00   4.761091e-04   8.854791e+05   2.302525e-01            nan  -3.650297e+00  -3.665685e+00   7.538125e-05   1.473243e+07   2.334961e-01  -1.537852e+00  -1.554581e+00   6.784313e-04   5.652065e+01   2.864255e-01
    44  -3.049137e+00  -3.067435e+00   5.141765e-04   7.102984e+05   2.297681e-01   4.796654e-01  -3.617753e+00  -3.633720e+00   8.784517e-05   1.324739e+07   2.334025e-01  -1.503757e+00  -1.520470e+00   7.906065e-04   5.204755e+01   2.830637e-01
    45  -3.011736e+00  -3.030034e+00   5.544698e-04   5.710636e+05   2.291593e-01   4.785198e-01  -3.583818e+00  -3.600454e+00   1.023551e-04   1.175346e+07   2.332965e-01  -1.469689e+00  -1.486389e+00   9.211963e-04   4.792006e+01   2.796687e-01
    46  -2.974335e+00  -2.992633e+00   5.958204e-04   4.594881e+05   2.285078e-01   4.766315e-01  -3.548270e+00  -3.565680e+00   1.192428e-04   1.027012e+07   2.331756e-01  -1.435639e+00  -1.452331e+00   1.073185e-03   4.410308e+01   2.762744e-01
    47  -2.936934e+00  -2.955232e+00   6.397779e-04   3.712183e+05   2.276998e-01   4.748209e-01  -3.510845e+00  -3.529155e+00   1.388921e-04   8.819424e+06   2.330363e-01  -1.401597e+00  -1.418285e+00   1.250029e-03   4.057027e+01   2.728854e-01
    48  -2.899533e+00  -2.917831e+00   6.850877e-04   3.003928e+05   2.268396e-01   4.727230e-01  -3.471233e+00  -3.490588e+00   1.617478e-04   7.425356e+06   2.328743e-01  -1.367546e+00  -1.384238e+00   1.455730e-03   3.729166e+01   2.695532e-01
    49  -2.862132e+00  -2.880430e+00   7.335702e-04   2.441477e+05   2.258141e-01   4.707185e-01  -3.429068e+00  -3.449639e+00   1.883238e-04   6.112808e+06   2.326832e-01  -1.333475e+00  -1.350176e+00   1.694914e-03   3.424950e+01   2.662659e-01
    50  -2.824731e+00  -2.843029e+00   7.839743e-04   1.990583e+05   2.246774e-01   4.685676e-01  -3.383924e+00  -3.405910e+00   2.192140e-04   4.906087e+06   2.324542e-01  -1.299365e+00  -1.316085e+00   1.972926e-03   3.142174e+01   2.630643e-01
    51  -2.787330e+00  -2.805628e+00   8.378630e-04   1.628015e+05   2.234172e-01   4.663764e-01  -3.335315e+00  -3.358940e+00   2.551039e-04   3.826998e+06   2.321743e-01  -1.265205e+00  -1.281949e+00   2.295935e-03   2.879554e+01   2.599310e-01
    52  -2.749929e+00  -2.768227e+00   8.950469e-04   1.338433e+05   2.219383e-01   4.643819e-01  -3.282706e+00  -3.308215e+00   2.967831e-04   2.892623e+06   2.318249e-01  -1.230982e+00  -1.247757e+00   2.671048e-03   2.635725e+01   2.568671e-01
    53  -2.712528e+00  -2.730826e+00   9.560455e-04   1.101551e+05   2.204273e-01   4.620617e-01  -3.225548e+00  -3.253187e+00   3.451610e-04   2.113058e+06   2.313779e-01  -1.196688e+00  -1.213497e+00   3.106449e-03   2.409571e+01   2.538626e-01
    54  -2.675127e+00  -2.693425e+00   1.021542e-03   9.128848e+04   2.185603e-01   4.604505e-01  -3.163340e+00  -3.193331e+00   4.012824e-04   1.489582e+06   2.307918e-01  -1.162318e+00  -1.179163e+00   3.611542e-03   2.200251e+01   2.508783e-01
    55  -2.637726e+00  -2.656024e+00   1.091841e-03   7.566102e+04   2.167240e-01   4.583463e-01  -3.095754e+00  -3.128234e+00   4.663463e-04   1.013844e+06   2.300046e-01  -1.127872e+00  -1.144753e+00   4.197117e-03   2.006687e+01   2.479165e-01
    56  -2.600325e+00  -2.618623e+00   1.167548e-03   6.308447e+04   2.145125e-01   4.571640e-01  -3.022795e+00  -3.057744e+00   5.417261e-04   6.686421e+05   2.289269e-01  -1.093351e+00  -1.110268e+00   4.875535e-03   1.828111e+01   2.449340e-01
    57  -2.562924e+00  -2.581222e+00   1.249719e-03   5.264150e+04   2.122915e-01   4.557186e-01  -2.944976e+00  -2.982145e+00   6.289911e-04   4.305089e+05   2.274373e-01  -1.058761e+00  -1.075711e+00   5.660920e-03   1.663618e+01   2.419119e-01
    58  -2.525523e+00  -2.543821e+00   1.338138e-03   4.407970e+04   2.098128e-01   4.550188e-01  -2.863407e+00  -2.902279e+00   7.299314e-04   2.736328e+05   2.253865e-01  -1.024109e+00  -1.041089e+00   6.569382e-03   1.512275e+01   2.388409e-01
    59  -2.488122e+00  -2.506420e+00   1.435094e-03   3.696730e+04   2.072569e-01   4.544741e-01  -2.779675e+00  -2.819526e+00   8.465830e-04   1.739276e+05   2.226194e-01  -9.894033e-01  -1.006409e+00   7.619247e-03   1.373247e+01   2.356918e-01
    60  -2.450720e+00  -2.469019e+00   1.539371e-03   3.105471e+04   2.045574e-01   4.545556e-01  -2.695521e+00  -2.735563e+00   9.812558e-04   1.118631e+05   2.190179e-01  -9.546531e-01  -9.716807e-01   8.831303e-03   1.245639e+01   2.324636e-01
    61  -2.413319e+00  -2.431617e+00   1.654331e-03   2.612116e+04   2.017735e-01   4.551145e-01  -2.612455e+00  -2.652005e+00   1.136562e-03   7.337880e+04   2.145479e-01  -9.198669e-01  -9.369118e-01   1.022906e-02   1.128607e+01   2.291458e-01
    62  -2.375918e+00  -2.394216e+00   1.778139e-03   2.198175e+04   1.989460e-01   4.561868e-01  -2.531497e+00  -2.570092e+00   1.315444e-03   4.924633e+04   2.092893e-01  -8.850534e-01  -9.021114e-01   1.183900e-02   1.021366e+01   2.257208e-01
    63  -2.338517e+00  -2.356815e+00   1.914585e-03   1.850673e+04   1.960884e-01   4.578213e-01  -2.453125e+00  -2.490546e+00   1.521208e-03   3.377832e+04   2.034316e-01  -8.502192e-01  -8.672871e-01   1.369088e-02   9.231093e+00   2.222005e-01
    64  -2.301116e+00  -2.319414e+00   2.061903e-03   1.557365e+04   1.932820e-01   4.598415e-01  -2.377370e+00  -2.413598e+00   1.757548e-03   2.358883e+04   1.972436e-01  -8.153695e-01  -8.324449e-01   1.581793e-02   8.331027e+00   2.185835e-01
    65  -2.263715e+00  -2.282013e+00   2.223528e-03   1.310019e+04   1.905316e-01   4.622867e-01  -2.303953e+00  -2.339112e+00   2.028572e-03   1.668536e+04   1.910328e-01  -7.805074e-01  -7.975888e-01   1.825715e-02   7.506696e+00   2.148669e-01
    66  -2.226314e+00  -2.244612e+00   2.398392e-03   1.100460e+04   1.879356e-01   4.648449e-01  -2.232422e+00  -2.266716e+00   2.338830e-03   1.188961e+04   1.851034e-01  -7.456326e-01  -7.627200e-01   2.104947e-02   6.751449e+00   2.110735e-01
    67  -2.188913e+00  -2.207211e+00   2.589048e-03   9.236241e+03   1.854688e-01   4.675754e-01  -2.162261e+00  -2.195926e+00   2.693323e-03   8.493311e+03   1.797165e-01  -7.107410e-01  -7.278365e-01   2.423991e-02   6.059327e+00   2.072206e-01
    68  -2.151512e+00  -2.169810e+00   2.795399e-03   7.735511e+03   1.832672e-01   4.699617e-01  -2.092976e+00  -2.126238e+00   3.097518e-03   6.059797e+03   1.750472e-01  -6.758264e-01  -6.929330e-01   2.787766e-02   5.425122e+00   2.033200e-01
    69  -2.114111e+00  -2.132409e+00   3.019125e-03   6.473641e+03   1.812190e-01   4.723333e-01  -2.024179e+00  -2.057217e+00   3.557342e-03   4.309807e+03   1.711422e-01  -6.408796e-01  -6.580016e-01   3.201608e-02   4.844136e+00   1.993911e-01
    70  -2.076710e+00  -2.095008e+00   3.260895e-03   5.403976e+03   1.795254e-01   4.738318e-01  -1.955644e+00  -1.988561e+00   4.079169e-03   3.055515e+03   1.679017e-01  -6.058884e-01  -6.230317e-01   3.671252e-02   4.312100e+00   1.954649e-01
    71  -2.039309e+00  -2.057607e+00   3.522116e-03   4.509994e+03   1.779550e-01   4.752703e-01  -1.887334e+00  -1.920147e+00   4.669785e-03   2.162951e+03   1.651225e-01  -5.708403e-01  -5.880109e-01   4.202806e-02   3.825613e+00   1.915501e-01
    72  -2.001908e+00  -2.020206e+00   3.803691e-03   3.755605e+03   1.767621e-01   4.755558e-01  -1.819361e+00  -1.852019e+00   5.336336e-03   1.532298e+03   1.625957e-01  -5.357246e-01  -5.529276e-01   4.802703e-02   3.381755e+00   1.876496e-01
    73  -1.964507e+00  -1.982805e+00   4.107650e-03   3.127897e+03   1.756712e-01   4.757570e-01  -1.751921e+00  -1.784333e+00   6.086254e-03   1.088638e+03   1.601788e-01  -5.005332e-01  -5.177725e-01   5.477629e-02   2.977976e+00   1.837639e-01
    74  -1.927106e+00  -1.945404e+00   4.434615e-03   2.603144e+03   1.748292e-01   4.752081e-01  -1.685231e+00  -1.717297e+00   6.927149e-03   7.768852e+02   1.577908e-01  -4.652618e-01  -4.825395e-01   6.234434e-02   2.611948e+00   1.798931e-01
    75  -1.889705e+00  -1.908003e+00   4.787951e-03   2.167269e+03   1.740880e-01   4.745056e-01  -1.619495e+00  -1.651120e+00   7.866679e-03   5.575209e+02   1.553747e-01  -4.299126e-01  -4.472276e-01   7.080011e-02   2.281607e+00   1.760190e-01
    76  -1.852304e+00  -1.870602e+00   5.167811e-03   1.804956e+03   1.734849e-01   4.734313e-01  -1.554892e+00  -1.585993e+00   8.912390e-03   4.026440e+02   1.528774e-01  -3.944946e-01  -4.118426e-01   8.021151e-02   1.984918e+00   1.721200e-01
    77  -1.814903e+00  -1.833201e+00   5.578803e-03   1.504367e+03   1.729633e-01   4.722187e-01  -1.491554e+00  -1.522069e+00   1.007152e-02   2.927311e+02   1.502540e-01  -3.590237e-01  -3.763971e-01   9.064369e-02   1.719806e+00   1.681747e-01
    78  -1.777502e+00  -1.795800e+00   6.021771e-03   1.254869e+03   1.725231e-01   4.707962e-01  -1.429567e+00  -1.459456e+00   1.135078e-02   2.141930e+02   1.474837e-01  -3.235221e-01  -3.409103e-01   1.021570e-01   1.484121e+00   1.641715e-01
    79  -1.740101e+00  -1.758399e+00   6.501380e-03   1.047941e+03   1.721369e-01   4.692683e-01  -1.368950e+00  -1.398202e+00   1.275612e-02   1.576081e+02   1.445854e-01  -2.880168e-01  -3.054067e-01   1.148050e-01   1.275656e+00   1.600999e-01
    80  -1.702700e+00  -1.720998e+00   7.020153e-03   8.759828e+02   1.718122e-01   4.675194e-01  -1.309664e+00  -1.338296e+00   1.429243e-02   1.164662e+02   1.416237e-01  -2.525396e-01  -2.699160e-01   1.286319e-01   1.092207e+00   1.559495e-01
    81  -1.665299e+00  -1.683597e+00   7.582530e-03   7.332859e+02   1.715043e-01   4.657482e-01  -1.251611e+00  -1.279668e+00   1.596333e-02   8.628218e+01   1.386996e-01  -2.171258e-01  -2.344718e-01   1.436700e-01   9.315832e-01   1.517136e-01
    82  -1.627898e+00  -1.646196e+00   8.192773e-03   6.144748e+02   1.712455e-01   4.637579e-01  -1.194658e+00  -1.222202e+00   1.777087e-02   6.396796e+01   1.359253e-01  -1.818142e-01  -1.991112e-01   1.599378e-01   7.916423e-01   1.473896e-01
    83  -1.590497e+00  -1.608795e+00   8.855648e-03   5.156581e+02   1.709747e-01   4.618340e-01  -1.138661e+00  -1.165758e+00   1.971527e-02   4.738898e+01   1.333901e-01  -1.466448e-01  -1.638736e-01   1.774374e-01   6.702999e-01   1.429866e-01
    84  -1.553096e+00  -1.571394e+00   9.576908e-03   4.332310e+02   1.707219e-01   4.598312e-01  -1.083498e+00  -1.110204e+00   2.179475e-02   3.505121e+01   1.311299e-01  -1.116598e-01  -1.288001e-01   1.961527e-01   5.655890e-01   1.385064e-01
    85  -1.515695e+00  -1.533993e+00   1.036230e-02   3.644434e+02   1.704614e-01   4.579090e-01  -1.029097e+00  -1.055446e+00   2.400535e-02   2.588368e+01   1.291122e-01  -7.690251e-02  -9.393355e-02   2.160481e-01   4.756540e-01   1.339533e-01
    86  -1.478294e+00  -1.496592e+00   1.121877e-02   3.069114e+02   1.701763e-01   4.562255e-01  -9.754458e-01  -1.001443e+00   2.634082e-02   1.909469e+01   1.272532e-01  -4.241636e-02  -5.931722e-02   2.370673e-01   3.987568e-01   1.293381e-01
    87  -1.440893e+00  -1.459191e+00   1.215366e-02   2.587563e+02   1.699127e-01   4.546092e-01  -9.225808e-01  -9.482094e-01   2.879262e-02   1.408418e+01   1.254567e-01  -8.243854e-03  -2.499409e-02   2.591336e-01   3.332865e-01   1.246770e-01
    88  -1.403492e+00  -1.421790e+00   1.317470e-02   2.182919e+02   1.696027e-01   4.535902e-01  -8.705595e-01  -8.957917e-01   3.134998e-02   1.039372e+01   1.236469e-01   2.557314e-02   8.993712e-03   2.821498e-01   2.777815e-01   1.199805e-01
    89  -1.366091e+00  -1.384389e+00   1.429148e-02   1.842952e+02   1.693357e-01   4.528059e-01  -8.194369e-01  -8.442464e-01   3.400006e-02   7.676627e+00   1.217803e-01   5.899474e-02   4.260536e-02   3.060005e-01   2.309097e-01   1.152655e-01
    90  -1.328690e+00  -1.346988e+00   1.551164e-02   1.556668e+02   1.690943e-01   4.524202e-01  -7.692502e-01  -7.936190e-01   3.672816e-02   5.674339e+00   1.198335e-01   9.198413e-02   7.580260e-02   3.305535e-01   1.914724e-01   1.105531e-01
    91  -1.291289e+00  -1.309587e+00   1.684639e-02   1.314593e+02   1.689305e-01   4.524006e-01  -7.200121e-01  -7.439337e-01   3.951809e-02   4.196403e+00   1.177972e-01   1.245068e-01   1.085498e-01   3.556628e-01   1.584105e-01   1.058575e-01
    92  -1.253888e+00  -1.272186e+00   1.830801e-02   1.110624e+02   1.688532e-01   4.525378e-01  -6.717065e-01  -6.951880e-01   4.235249e-02   3.103223e+00   1.156709e-01   1.565331e-01   1.408151e-01   3.811724e-01   1.307785e-01   1.012038e-01
    93  -1.216487e+00  -1.234785e+00   1.990217e-02   9.377680e+01   1.689112e-01   4.526992e-01  -6.242874e-01  -6.473501e-01   4.521329e-02   2.292821e+00   1.134649e-01   1.880366e-01   1.725704e-01   4.069196e-01   1.077568e-01   9.660811e-02
    94  -1.179086e+00  -1.197384e+00   2.164709e-02   7.915285e+01   1.691253e-01   4.525852e-01  -5.776785e-01  -6.003580e-01   4.808216e-02   1.690833e+00   1.112024e-01   2.189957e-01   2.037920e-01   4.327394e-01   8.862838e-02   9.209092e-02
    95  -1.141685e+00  -1.159983e+00   2.355671e-02   6.682807e+01   1.694561e-01   4.521743e-01  -5.317711e-01  -5.541185e-01   5.094094e-02   1.242908e+00   1.089163e-01   2.493935e-01   2.344605e-01   4.584685e-01   7.277547e-02   8.766976e-02
    96  -1.104284e+00  -1.122582e+00   2.563616e-02   5.638716e+01   1.699627e-01   4.510688e-01  -4.864265e-01  -5.085073e-01   5.377208e-02   9.093751e-01   1.066492e-01   2.792172e-01   2.645613e-01   4.839488e-01   5.966821e-02   8.336024e-02
    97  -1.066883e+00  -1.085181e+00   2.791321e-02   4.758780e+01   1.705738e-01   4.493082e-01  -4.414798e-01  -4.633720e-01   5.655903e-02   6.611961e-01   1.044470e-01   3.084591e-01   2.940842e-01   5.090312e-01   4.885360e-02   7.917778e-02
    98  -1.029482e+00  -1.047780e+00   3.040843e-02   4.019382e+01   1.712277e-01   4.469783e-01  -3.967405e-01  -4.185343e-01   5.928652e-02   4.769388e-01   1.023526e-01   3.371153e-01   3.230235e-01   5.335787e-01   3.994865e-02   7.513300e-02
    99  -9.920810e-01  -1.010379e+00   3.312593e-02   3.396533e+01   1.719097e-01   4.439645e-01  -3.519970e-01  -3.737928e-01   6.194091e-02   3.407210e-01   1.004004e-01   3.651865e-01   3.513777e-01   5.574682e-01   3.262850e-02   7.123728e-02
   100  -9.546800e-01  -9.729780e-01   3.610826e-02   2.872863e+01   1.725454e-01   4.405072e-01  -3.070277e-01  -3.289306e-01   6.451030e-02   2.407078e-01   9.861085e-02   3.926768e-01   3.791491e-01   5.805927e-01   2.662141e-02   6.749640e-02
   101  -9.172790e-01  -9.355770e-01   3.938422e-02   2.433263e+01   1.730693e-01   4.366476e-01  -2.616050e-01  -2.837228e-01   6.698469e-02   1.679375e-01   9.698405e-02   4.195941e-01   4.063440e-01   6.028622e-01   2.169851e-02   6.391728e-02
   102  -8.798780e-01  -8.981760e-01   4.297315e-02   2.063595e+01   1.734394e-01   4.323987e-01  -2.154987e-01  -2.379403e-01   6.935597e-02   1.155660e-01   9.550484e-02   4.459490e-01   4.329714e-01   6.242038e-01   1.766997e-02   6.050120e-02
   103  -8.424770e-01  -8.607750e-01   4.691631e-02   1.751576e+01   1.736340e-01   4.280597e-01  -1.684767e-01  -1.913516e-01   7.161799e-02   7.834916e-02   9.415279e-02   4.717553e-01   4.590438e-01   6.445619e-01   1.437687e-02   5.725110e-02
   104  -8.050759e-01  -8.233740e-01   5.126145e-02   1.488547e+01   1.736119e-01   4.235253e-01  -1.203160e-01  -1.437291e-01   7.376638e-02   5.228687e-02   9.290625e-02   4.970287e-01   4.845758e-01   6.638974e-01   1.168827e-02   5.416457e-02
   105  -7.676749e-01  -7.859729e-01   5.605300e-02   1.266304e+01   1.733519e-01   4.188284e-01  -7.079043e-02  -9.484764e-02   7.579851e-02   3.431229e-02   9.175621e-02   5.217873e-01   5.095844e-01   6.821866e-01   9.495082e-03   5.124125e-02
   106  -7.302739e-01  -7.485719e-01   6.131822e-02   1.077797e+01   1.728524e-01   4.141762e-01  -1.968733e-02  -4.448765e-02   7.771330e-02   2.212699e-02   9.069888e-02   5.460505e-01   5.340883e-01   6.994197e-01   7.707877e-03   4.847643e-02
   107  -6.928729e-01  -7.111709e-01   6.712436e-02   9.173752e+00   1.721169e-01   4.097174e-01   3.315028e-02   7.534530e-03   7.951106e-02   1.402723e-02   8.970962e-02   5.698395e-01   5.581079e-01   7.155996e-01   6.252591e-03   4.586673e-02
   108  -6.554719e-01  -6.737699e-01   7.352911e-02   7.808227e+00   1.711420e-01   4.053602e-01   8.776668e-02   6.131648e-02   8.119333e-02   8.758043e-03   8.872601e-02   5.931763e-01   5.816646e-01   7.307399e-01   5.068568e-03   4.340640e-02
   109  -6.180709e-01  -6.363689e-01   8.058980e-02   6.643058e+00   1.699459e-01   4.011982e-01   1.439846e-01   1.167847e-01   8.276263e-02   5.410821e-03   8.759800e-02   6.160838e-01   6.047811e-01   7.448636e-01   4.105930e-03   4.108983e-02
   110  -5.806699e-01  -5.989679e-01   8.835674e-02   5.646870e+00   1.685482e-01   3.972832e-01   2.012795e-01   1.735762e-01   8.422234e-02   3.335877e-03   8.605474e-02   6.385856e-01   6.274805e-01   7.580011e-01   3.323815e-03   3.891092e-02
   111  -5.432689e-01  -5.615669e-01   9.687924e-02   4.792108e+00   1.669838e-01   3.936511e-01   2.587565e-01   2.309681e-01   8.557652e-02   2.075215e-03   8.375781e-02   6.607054e-01   6.497863e-01   7.701887e-01   2.688823e-03   3.686268e-02
   112  -5.058678e-01  -5.241659e-01   1.062347e-01   4.059985e+00   1.652543e-01   3.900258e-01   3.152859e-01   2.879403e-01   8.682971e-02   1.317367e-03   8.044455e-02   6.824674e-01   6.717227e-01   7.814674e-01   2.173583e-03   3.493897e-02
   113  -4.684668e-01  -4.867648e-01   1.164843e-01   3.433304e+00   1.633673e-01   3.862255e-01   3.698039e-01   3.433998e-01   8.798682e-02   8.598491e-04   7.611314e-02   7.038957e-01   6.933137e-01   7.918814e-01   1.755801e-03   3.313265e-02
   114  -4.310658e-01  -4.493638e-01   1.276894e-01   2.897394e+00   1.613190e-01   3.819951e-01   4.215832e-01   3.964648e-01   8.905301e-02   5.781866e-04   7.104926e-02   7.250141e-01   7.145832e-01   8.014771e-01   1.417260e-03   3.143703e-02
   115  -3.936648e-01  -4.119628e-01   1.399065e-01   2.439809e+00   1.590959e-01   3.770288e-01   4.703085e-01   4.466288e-01   9.003354e-02   3.995827e-04   6.566365e-02   7.458463e-01   7.355551e-01   8.103019e-01   1.143110e-03   2.984560e-02
   116  -3.562638e-01  -3.745618e-01   1.531730e-01   2.049443e+00   1.566730e-01   3.709604e-01   5.159853e-01   4.937471e-01   9.093373e-02   2.826057e-04   6.031624e-02   7.664156e-01   7.562527e-01   8.184036e-01   9.212608e-04   2.835168e-02
   117  -3.188628e-01  -3.371608e-01   1.675578e-01   1.717137e+00   1.540551e-01   3.633994e-01   5.588010e-01   5.379206e-01   9.175884e-02   2.036712e-04   5.523728e-02   7.867447e-01   7.766991e-01   8.258295e-01   7.418594e-04   2.694910e-02
   118  -2.814618e-01  -2.997598e-01   1.831343e-01   1.435342e+00   1.512067e-01   3.543050e-01   5.990232e-01   5.793776e-01   9.251402e-02   1.490182e-04   5.054220e-02   8.068557e-01   7.969166e-01   8.326262e-01   5.968913e-04   2.563183e-02
   119  -2.440608e-01  -2.623588e-01   1.999597e-01   1.196844e+00   1.481128e-01   3.435680e-01   6.369377e-01   6.183940e-01   9.320429e-02   1.103603e-04   4.627005e-02   8.267701e-01   8.169270e-01   8.388386e-01   4.798396e-04   2.439395e-02
   120  -2.066597e-01  -2.249578e-01   2.180867e-01   9.953673e-01   1.447648e-01   3.311065e-01   6.728185e-01   6.552485e-01   9.383445e-02   8.253333e-05   4.241779e-02   8.465084e-01   8.367513e-01   8.445100e-01   3.854033e-04   2.323003e-02
   121  -1.692587e-01  -1.875567e-01   2.375574e-01   8.254736e-01   1.411633e-01   3.168721e-01   7.069086e-01   6.901980e-01   9.440910e-02   6.222566e-05   3.895633e-02   8.660904e-01   8.564098e-01   8.496819e-01   3.092761e-04   2.213487e-02
   122  -1.318577e-01  -1.501557e-01   2.583652e-01   6.824358e-01   1.373217e-01   3.007373e-01   7.394256e-01   7.234714e-01   9.493262e-02   4.722649e-05   3.585182e-02   8.855352e-01   8.759216e-01   8.543935e-01   2.479621e-04   2.110348e-02
   123  -9.445670e-02  -1.127547e-01   2.805804e-01   5.623013e-01   1.332438e-01   2.826501e-01   7.705581e-01   7.552708e-01   9.540910e-02   3.604164e-05   3.306719e-02   9.048606e-01   8.953054e-01   8.586819e-01   1.986227e-04   2.013122e-02
   124  -5.705569e-02  -7.535370e-02   3.042143e-01   4.616527e-01   1.289404e-01   2.625877e-01   8.004704e-01   7.857718e-01   9.584241e-02   2.763283e-05   3.056633e-02   9.240836e-01   9.145785e-01   8.625817e-01   1.589552e-04   1.921385e-02
   125  -1.965468e-02  -3.795269e-02   3.292602e-01   3.775315e-01   1.244329e-01   2.405093e-01   8.293054e-01   8.151272e-01   9.623618e-02   2.126767e-05   2.831690e-02   9.432204e-01   9.337574e-01   8.661256e-01   1.270936e-04   1.834730e-02
   126   1.774634e-02  -5.516765e-04   3.556300e-01   3.074201e-01   1.197425e-01   2.162818e-01   8.571880e-01   8.434704e-01   9.659376e-02   1.642136e-05   2.628923e-02   9.622858e-01   9.528577e-01   8.693438e-01   1.015260e-04   1.752782e-02
   127   5.514735e-02   3.684934e-02   3.833397e-01   2.491856e-01   1.148887e-01   1.901002e-01   8.842271e-01   8.709180e-01   9.691827e-02   1.271372e-05   2.445726e-02   9.812939e-01   9.718938e-01   8.722644e-01   8.102870e-05   1.675195e-02
   128   9.254836e-02   7.425035e-02   4.122992e-01   2.009843e-01   1.099003e-01   1.622153e-01   9.105191e-01   8.975720e-01   9.721261e-02   9.864981e-06   2.279841e-02   1.000258e+00   9.908794e-01   8.749135e-01   6.461178e-05   1.601656e-02
   129   1.299494e-01   1.116514e-01   4.422423e-01   1.611758e-01   1.047797e-01   1.326051e-01   9.361481e-01   9.235226e-01   9.747945e-02   7.668900e-06   2.129208e-02   1.019190e+00   1.009827e+00   8.773151e-01   5.147563e-05   1.531871e-02
   130   1.673504e-01   1.490524e-01   4.731790e-01   1.284828e-01   9.956641e-02   1.027357e-01   9.611890e-01   9.488490e-01   9.772124e-02   5.970786e-06   1.992101e-02   1.038101e+00   1.028748e+00   8.794912e-01   4.097462e-05   1.465572e-02
   131   2.047514e-01   1.864534e-01   5.049658e-01   1.017872e-01   9.430646e-02   7.246378e-02   9.857086e-01   9.736218e-01   9.794025e-02   4.654410e-06   1.866985e-02   1.057001e+00   1.047654e+00   8.814623e-01   3.258804e-05   1.402515e-02
   132   2.421524e-01   2.238544e-01   5.373871e-01   8.010930e-02   8.903310e-02   4.278231e-02   1.009766e+00   9.979036e-01   9.813854e-02   3.631963e-06   1.752493e-02   1.075900e+00   1.066553e+00   8.832469e-01   2.589635e-05   1.342478e-02
   133   2.795534e-01   2.612554e-01   5.702655e-01   6.261367e-02   8.377501e-02   1.603892e-02   1.033412e+00   1.021750e+00   9.831802e-02   2.836413e-06   1.647466e-02   1.094806e+00   1.085456e+00   8.848622e-01   2.056191e-05   1.285260e-02
   134   3.169544e-01   2.986564e-01   6.030532e-01   4.853793e-02   7.855114e-02  -9.711157e-03   1.056696e+00   1.045210e+00   9.848042e-02   2.216520e-06   1.550875e-02   1.113727e+00   1.104370e+00   8.863237e-01   1.631326e-05   1.230677e-02
   135   3.543554e-01   3.360574e-01   6.357838e-01   3.730917e-02   7.339828e-02  -3.229025e-02   1.079659e+00   1.068330e+00   9.862732e-02   1.732946e-06   1.461816e-02   1.132671e+00   1.123302e+00   8.876458e-01   1.293240e-05   1.178560e-02
   136   3.917565e-01   3.734584e-01   6.682405e-01   2.844155e-02   6.836625e-02  -5.056265e-02   1.102339e+00   1.091147e+00   9.876016e-02   1.355382e-06   1.379494e-02   1.151643e+00   1.142260e+00   8.888415e-01   1.024438e-05   1.128759e-02
   137   4.291575e-01   4.108595e-01   6.997254e-01   2.147583e-02   6.347325e-02  -6.670908e-02   1.124768e+00   1.113698e+00   9.888027e-02   1.060363e-06   1.303224e-02   1.170649e+00   1.161250e+00   8.899225e-01   8.109035e-06   1.081135e-02
   138   4.665585e-01   4.482605e-01   7.303672e-01   1.605189e-02   5.874323e-02  -8.030046e-02   1.146978e+00   1.136015e+00   9.898885e-02   8.297074e-07   1.232398e-02   1.189694e+00   1.180276e+00   8.908996e-01   6.414124e-06   1.035564e-02
   139   5.039595e-01   4.856615e-01   7.596631e-01   1.188321e-02   5.421516e-02  -8.985080e-02   1.168995e+00   1.158126e+00   9.908698e-02   6.492942e-07   1.166481e-02   1.208784e+00   1.199344e+00   8.917828e-01   5.069885e-06   9.919308e-03
   140   5.413605e-01   5.230625e-01   7.874768e-01   8.693524e-03   4.988972e-02  -9.751852e-02   1.190844e+00   1.180057e+00   9.917565e-02   5.081333e-07   1.105003e-02   1.227921e+00   1.218458e+00   8.925808e-01   4.004604e-06   9.501319e-03
   141   5.787615e-01   5.604635e-01   8.134834e-01   6.294544e-03   4.580615e-02  -1.032312e-01   1.212545e+00   1.201830e+00   9.925576e-02   3.976605e-07   1.047549e-02   1.247109e+00   1.237621e+00   8.933019e-01   3.161038e-06   9.100721e-03
   142   6.161625e-01   5.978645e-01   8.377346e-01   4.502268e-03   4.196207e-02  -1.073311e-01   1.234119e+00   1.223466e+00   9.932813e-02   3.111917e-07   9.937558e-03   1.266352e+00   1.256837e+00   8.939532e-01   2.493540e-06   8.716644e-03
   143   6.535635e-01   6.352655e-01   8.597281e-01   3.183366e-03   3.837408e-02  -1.098605e-01   1.255583e+00   1.244983e+00   9.939350e-02   2.435055e-07   9.433020e-03   1.285652e+00   1.276109e+00   8.945415e-01   1.965746e-06   8.348290e-03
   144   6.909646e-01   6.726665e-01   8.797204e-01   2.225093e-03   3.504481e-02  -1.109866e-01   1.276952e+00   1.266399e+00   9.945254e-02   1.905206e-07   8.959026e-03   1.305011e+00   1.295439e+00   8.950729e-01   1.548713e-06   7.994924e-03
   145   7.283656e-01   7.100676e-01   8.976445e-01   1.535976e-03   3.197109e-02  -1.108780e-01   1.298240e+00   1.287726e+00   9.950586e-02   1.490450e-07   8.513046e-03   1.324430e+00   1.314829e+00   8.955527e-01   1.219424e-06   7.655870e-03
   146   7.657666e-01   7.474686e-01   9.134823e-01   1.048118e-03   2.915101e-02  -1.095723e-01   1.319460e+00   1.308980e+00   9.955400e-02   1.165809e-07   8.092837e-03   1.343912e+00   1.334280e+00   8.959860e-01   9.595924e-07   7.330503e-03
   147   8.031676e-01   7.848696e-01   9.272548e-01   7.073064e-04   2.657530e-02  -1.071405e-01   1.340623e+00   1.330171e+00   9.959747e-02   9.117282e-08   7.696400e-03   1.363457e+00   1.353795e+00   8.963772e-01   7.547023e-07   7.018242e-03
   148   8.405686e-01   8.222706e-01   9.391798e-01   4.722402e-04   2.423143e-02  -1.035680e-01   1.361739e+00   1.351310e+00   9.963672e-02   7.128970e-08   7.321953e-03   1.383066e+00   1.373373e+00   8.967304e-01   5.932392e-07   6.718549e-03
   149   8.779696e-01   8.596716e-01   9.494003e-01   3.121796e-04   2.210522e-02  -9.907455e-02   1.382817e+00   1.372406e+00   9.967214e-02   5.573248e-08   6.967901e-03   1.402740e+00   1.393015e+00   8.970493e-01   4.660775e-07   6.430921e-03
   150   9.153706e-01   8.970726e-01   9.580750e-01   2.045184e-04   2.018019e-02  -9.378371e-02   1.403863e+00   1.393467e+00   9.970413e-02   4.356207e-08   6.632817e-03   1.422478e+00   1.412721e+00   8.973371e-01   3.659906e-07   6.154892e-03
   151   9.527716e-01   9.344736e-01   9.653762e-01   1.329099e-04   1.843872e-02  -8.784995e-02   1.424886e+00   1.414502e+00   9.973300e-02   3.404294e-08   6.315418e-03   1.442280e+00   1.432492e+00   8.975970e-01   2.872599e-07   5.890023e-03
   152   9.901727e-01   9.718746e-01   9.714807e-01   8.578402e-05   1.686330e-02  -8.145788e-02   1.445891e+00   1.435515e+00   9.975905e-02   2.659899e-08   6.014551e-03   1.462146e+00   1.452327e+00   8.978315e-01   2.253638e-07   5.635904e-03
   153   1.027574e+00   1.009276e+00   9.765528e-01   5.504520e-05   1.543695e-02  -7.486207e-02   1.466883e+00   1.456514e+00   9.978257e-02   2.077904e-08   5.729173e-03   1.482075e+00   1.472225e+00   8.980432e-01   1.767294e-07   5.392150e-03
   154   1.064975e+00   1.046677e+00   9.807481e-01   3.515813e-05   1.414356e-02  -6.818831e-02   1.487866e+00   1.477501e+00   9.980380e-02   1.622975e-08   5.458342e-03   1.502065e+00   1.492185e+00   8.982342e-01   1.385357e-07   5.158402e-03
   155   1.102376e+00   1.084078e+00   9.842070e-01   2.237320e-05   1.296875e-02  -6.170293e-02   1.508844e+00   1.498482e+00   9.982296e-02   1.267449e-08   5.201205e-03   1.522115e+00   1.512205e+00   8.984066e-01   1.085566e-07   4.934321e-03
   156   1.139777e+00   1.121479e+00   9.870471e-01   1.419840e-05   1.189968e-02  -5.547079e-02   1.529820e+00   1.519458e+00   9.984025e-02   9.896676e-09   4.956990e-03   1.542222e+00   1.532285e+00   8.985622e-01   8.503718e-08   4.719592e-03
   157   1.177178e+00   1.158880e+00   9.893775e-01   8.992941e-06   1.092505e-02  -4.958520e-02   1.550795e+00   1.540434e+00   9.985585e-02   7.726776e-09   4.724995e-03   1.562385e+00   1.552420e+00   8.987027e-01   6.659427e-08   4.513918e-03
   158   1.214579e+00   1.196281e+00   9.912870e-01   5.688396e-06   1.003509e-02  -4.418112e-02   1.571771e+00   1.561409e+00   9.986993e-02   6.032124e-09   4.504585e-03   1.582600e+00   1.572610e+00   8.988294e-01   5.213875e-08   4.317025e-03
   159   1.251980e+00   1.233682e+00   9.928492e-01   3.595528e-06   9.221192e-03  -3.922303e-02   1.592748e+00   1.582386e+00   9.988264e-02   4.708915e-09   4.295182e-03   1.602863e+00   1.592850e+00   8.989438e-01   4.081346e-08   4.128657e-03
   160   1.289381e+00   1.271083e+00   9.941275e-01   2.272064e-06   8.475910e-03  -3.471755e-02   1.613726e+00   1.603363e+00   9.989411e-02   3.675949e-09   4.096264e-03   1.623171e+00   1.613136e+00   8.990470e-01   3.194424e-08   3.948581e-03
   161   1.326782e+00   1.308484e+00   9.951741e-01   1.435896e-06   7.792745e-03  -3.066254e-02   1.634703e+00   1.624341e+00   9.990446e-02   2.869721e-09   3.907361e-03   1.643518e+00   1.633464e+00   8.991401e-01   2.500112e-08   3.776581e-03
   162   1.364183e+00   1.345885e+00   9.960311e-01   9.078084e-07   7.166021e-03  -2.706418e-02   1.655676e+00   1.645316e+00   9.991379e-02   2.240578e-09   3.728049e-03   1.663898e+00   1.653827e+00   8.992241e-01   1.956778e-08   3.612467e-03
   163   1.401584e+00   1.383286e+00   9.967312e-01   5.743053e-07   6.590690e-03  -2.385148e-02   1.676643e+00   1.666286e+00   9.992222e-02   1.749707e-09   3.557949e-03   1.684304e+00   1.674221e+00   8.993000e-01   1.531730e-08   3.456069e-03
   164   1.438985e+00   1.420687e+00   9.973042e-01   3.636193e-07   6.062320e-03  -2.099284e-02   1.697598e+00   1.687247e+00   9.992982e-02   1.366776e-09   3.396726e-03   1.704727e+00   1.694635e+00   8.993684e-01   1.199315e-08   3.307240e-03
   165   1.476386e+00   1.458088e+00   9.977749e-01   2.304448e-07   5.576980e-03  -1.845374e-02   1.718534e+00   1.708192e+00   9.993668e-02   1.068087e-09   3.244090e-03   1.725158e+00   1.715062e+00   8.994301e-01   9.394119e-09   3.165861e-03
   166   1.513787e+00   1.495489e+00   9.981621e-01   1.462005e-07   5.131185e-03  -1.621317e-02   1.739443e+00   1.729115e+00   9.994287e-02   8.351273e-10   3.099788e-03   1.745584e+00   1.735491e+00   8.994858e-01   7.362449e-09   3.031839e-03
   167   1.551188e+00   1.532890e+00   9.984808e-01   9.286079e-08   4.721815e-03  -1.422676e-02   1.760315e+00   1.750005e+00   9.994845e-02   6.534438e-10   2.963613e-03   1.765991e+00   1.755907e+00   8.995361e-01   5.774538e-09   2.905108e-03
   168   1.588589e+00   1.570291e+00   9.987433e-01   5.905676e-08   4.346142e-03  -1.244450e-02   1.781137e+00   1.770851e+00   9.995349e-02   5.117514e-10   2.835396e-03   1.786363e+00   1.776297e+00   8.995814e-01   4.533578e-09   2.785636e-03
   169   1.625990e+00   1.607692e+00   9.989600e-01   3.760816e-08   4.001733e-03  -1.082707e-02   1.801894e+00   1.791639e+00   9.995804e-02   4.012421e-10   2.715014e-03   1.806681e+00   1.796641e+00   8.996223e-01   3.563785e-09   2.673421e-03
   170   1.663391e+00   1.645093e+00   9.991389e-01   2.398286e-08   3.686459e-03  -9.332481e-03   1.822566e+00   1.812353e+00   9.996214e-02   3.150436e-10   2.602382e-03   1.826922e+00   1.816920e+00   8.996593e-01   2.805855e-09   2.568498e-03
   171   1.700792e+00   1.682494e+00   9.992861e-01   1.531704e-08   3.398519e-03  -7.959540e-03   1.843131e+00   1.832970e+00   9.996584e-02   2.477942e-10   2.497462e-03   1.847060e+00   1.837108e+00   8.996926e-01   2.213406e-09   2.470935e-03
   172   1.738193e+00   1.719895e+00   9.994082e-01   9.798649e-09   3.136380e-03  -6.630524e-03   1.863565e+00   1.853468e+00   9.996918e-02   1.953127e-10   2.400255e-03   1.867064e+00   1.857177e+00   8.997226e-01   1.750170e-09   2.380839e-03
   173   1.775594e+00   1.757296e+00   9.995096e-01   6.280064e-09   2.898847e-03  -5.287482e-03   1.883836e+00   1.873819e+00   9.997219e-02   1.543387e-10   2.310806e-03   1.886899e+00   1.877095e+00   8.997498e-01   1.387807e-09   2.298351e-03
   174   1.812995e+00   1.794697e+00   9.995941e-01   4.033883e-09   2.685304e-03  -3.790052e-03   1.903910e+00   1.893989e+00   9.997491e-02   1.223304e-10   2.229201e-03   1.906527e+00   1.896824e+00   8.997742e-01   1.104172e-09   2.223649e-03
   175   1.850396e+00   1.832098e+00   9.996646e-01   2.597917e-09   2.495471e-03  -2.026537e-03   1.923748e+00   1.913942e+00   9.997737e-02   9.730699e-11   2.155566e-03   1.925904e+00   1.916323e+00   8.997963e-01   8.819746e-10   2.156938e-03
   176   1.887797e+00   1.869499e+00   9.997236e-01   1.678428e-09   2.329470e-03  -1.405803e-05   1.943306e+00   1.933637e+00   9.997958e-02   7.772344e-11   2.090097e-03   1.944982e+00   1.935547e+00   8.998162e-01   7.077123e-10   2.098456e-03
   177   1.925198e+00   1.906900e+00   9.997730e-01   1.088628e-09   2.188182e-03   2.525118e-03   1.962540e+00   1.953029e+00   9.998158e-02   6.236738e-11   2.033326e-03   1.963710e+00   1.954447e+00   8.998342e-01   5.708267e-10   2.048542e-03
   178   1.962599e+00   1.944301e+00   9.998147e-01   7.095102e-10   2.073586e-03   5.759413e-03   1.981422e+00   1.972083e+00   9.998338e-02   5.025027e-11   1.987750e-03   1.982045e+00   1.972975e+00   8.998504e-01   4.628780e-10   2.008463e-03
   179   2.000000e+00   1.981702e+00   9.998500e-01   4.639321e-10   1.995202e-03   8.167613e-03   2.000000e+00   1.990810e+00   9.998500e-02   4.048696e-11   1.962796e-03   2.000000e+00   1.991116e+00   8.998650e-01   3.762474e-10   1.985498e-03
