     i          log_r       log_rmid          m_tot        rho_tot         v2_tot            eta     lgr[heavy]    lgrm[heavy]       m[heavy]     rho[heavy]      v2[heavy]     lgr[light]    lgrm[light]       m[light]     rho[light]      v2[light]
     0  -3.780755e+00  -4.081785e+00   1.019732e-07   6.709739e+04   2.107633e-01            nan  -3.780755e+00  -4.081785e+00   9.998500e-08   6.596610e+04   2.073352e-01  -2.851584e+00  -3.152614e+00   8.998650e-07   9.683902e+02   4.090690e-01
     1  -3.748460e+00  -3.764307e+00   1.273930e-07   6.693354e+04   2.105844e-01            nan  -3.758379e+00  -3.769423e+00   1.166721e-07   6.586333e+04   2.073344e-01  -2.828131e+00  -2.839699e+00   1.050049e-06   9.189889e+02   4.085338e-01
     2  -3.716165e+00  -3.732013e+00   1.591515e-07   6.691088e+04   2.105670e-01            nan  -3.736004e+00  -3.747047e+00   1.361439e-07   6.585219e+04   2.073343e-01  -2.804716e+00  -2.816266e+00   1.225295e-06   9.135577e+02   4.084726e-01
     3  -3.683871e+00  -3.699718e+00   1.988281e-07   6.688565e+04   2.105498e-01            nan  -3.713630e+00  -3.724673e+00   1.588651e-07   6.583985e+04   2.073342e-01  -2.781320e+00  -2.792860e+00   1.429786e-06   9.075984e+02   4.084046e-01
     4  -3.651576e+00  -3.667423e+00   2.483947e-07   6.685715e+04   2.105327e-01            nan  -3.691256e+00  -3.702299e+00   1.853780e-07   6.582617e+04   2.073341e-01  -2.757925e+00  -2.769465e+00   1.668402e-06   9.010643e+02   4.083290e-01
     5  -3.619281e+00  -3.635129e+00   3.103132e-07   6.682542e+04   2.105160e-01            nan  -3.668882e+00  -3.679925e+00   2.163150e-07   6.581102e+04   2.073340e-01  -2.734515e+00  -2.746062e+00   1.946835e-06   8.939062e+02   4.082447e-01
     6  -3.586987e+00  -3.602834e+00   3.876569e-07   6.678904e+04   2.104994e-01            nan  -3.646508e+00  -3.657551e+00   2.524142e-07   6.579424e+04   2.073339e-01  -2.711075e+00  -2.722637e+00   2.271728e-06   8.860722e+02   4.081509e-01
     7  -3.554692e+00  -3.570539e+00   4.842626e-07   6.674829e+04   2.104832e-01            nan  -3.624133e+00  -3.635176e+00   2.945370e-07   6.577564e+04   2.073337e-01  -2.687588e+00  -2.699173e+00   2.650833e-06   8.775084e+02   4.080464e-01
     8  -3.522397e+00  -3.538244e+00   6.049147e-07   6.670158e+04   2.104672e-01            nan  -3.601756e+00  -3.612801e+00   3.436881e-07   6.575504e+04   2.073336e-01  -2.664042e+00  -2.675656e+00   3.093193e-06   8.681585e+02   4.079298e-01
     9  -3.490102e+00  -3.505950e+00   7.555902e-07   6.664867e+04   2.104516e-01            nan  -3.579378e+00  -3.590423e+00   4.010398e-07   6.573222e+04   2.073334e-01  -2.640420e+00  -2.652070e+00   3.609358e-06   8.579650e+02   4.077997e-01
    10  -3.457808e+00  -3.473655e+00   9.437278e-07   6.658818e+04   2.104363e-01            nan  -3.556998e+00  -3.568044e+00   4.679601e-07   6.570694e+04   2.073332e-01  -2.616708e+00  -2.628402e+00   4.211641e-06   8.468695e+02   4.076545e-01
    11  -3.425513e+00  -3.441360e+00   1.178627e-06   6.651889e+04   2.104215e-01            nan  -3.534616e+00  -3.545663e+00   5.460446e-07   6.567893e+04   2.073330e-01  -2.592889e+00  -2.604635e+00   4.914402e-06   8.348133e+02   4.074922e-01
    12  -3.393218e+00  -3.409065e+00   1.471848e-06   6.644003e+04   2.104071e-01            nan  -3.512230e+00  -3.523279e+00   6.371554e-07   6.564790e+04   2.073328e-01  -2.568949e+00  -2.580754e+00   5.734398e-06   8.217390e+02   4.073106e-01
    13  -3.360924e+00  -3.376771e+00   1.837824e-06   6.634874e+04   2.103932e-01            nan  -3.489841e+00  -3.500891e+00   7.434644e-07   6.561353e+04   2.073325e-01  -2.544871e+00  -2.556743e+00   6.691180e-06   8.075911e+02   4.071074e-01
    14  -3.328629e+00  -3.344476e+00   2.294507e-06   6.624534e+04   2.103799e-01            nan  -3.467448e+00  -3.478500e+00   8.675058e-07   6.557547e+04   2.073322e-01  -2.520635e+00  -2.532584e+00   7.807552e-06   7.923179e+02   4.068797e-01
    15  -3.296334e+00  -3.312181e+00   2.864233e-06   6.612470e+04   2.103673e-01            nan  -3.445051e+00  -3.456105e+00   1.012236e-06   6.553331e+04   2.073319e-01  -2.496225e+00  -2.508259e+00   9.110122e-06   7.758736e+02   4.066243e-01
    16  -3.264039e+00  -3.279887e+00   3.574838e-06   6.598768e+04   2.103554e-01            nan  -3.422648e+00  -3.433705e+00   1.181103e-06   6.548661e+04   2.073315e-01  -2.471620e+00  -2.483749e+00   1.062993e-05   7.582205e+02   4.063377e-01
    17  -3.231745e+00  -3.247592e+00   4.460765e-06   6.582894e+04   2.103443e-01            nan  -3.400241e+00  -3.411300e+00   1.378130e-06   6.543489e+04   2.073311e-01  -2.446800e+00  -2.459033e+00   1.240317e-05   7.393299e+02   4.060158e-01
    18  -3.199450e+00  -3.215297e+00   5.565061e-06   6.564706e+04   2.103342e-01            nan  -3.377826e+00  -3.388889e+00   1.608010e-06   6.537763e+04   2.073307e-01  -2.421741e+00  -2.434090e+00   1.447209e-05   7.191848e+02   4.056539e-01
    19  -3.167155e+00  -3.183002e+00   6.940671e-06   6.543814e+04   2.103251e-01            nan  -3.355405e+00  -3.366471e+00   1.876216e-06   6.531421e+04   2.073302e-01  -2.396421e+00  -2.408897e+00   1.688595e-05   6.977826e+02   4.052467e-01
    20  -3.134860e+00  -3.150708e+00   8.653761e-06   6.519667e+04   2.103174e-01            nan  -3.332976e+00  -3.344046e+00   2.189133e-06   6.524401e+04   2.073297e-01  -2.370814e+00  -2.383429e+00   1.970220e-05   6.751375e+02   4.047879e-01
    21  -3.102566e+00  -3.118413e+00   1.078563e-05   6.492211e+04   2.103109e-01            nan  -3.310538e+00  -3.321612e+00   2.554206e-06   6.516628e+04   2.073291e-01  -2.344895e+00  -2.357662e+00   2.298786e-05   6.512830e+02   4.042705e-01
    22  -3.070271e+00  -3.086118e+00   1.343703e-05   6.460197e+04   2.103062e-01            nan  -3.288091e+00  -3.299170e+00   2.980121e-06   6.508024e+04   2.073284e-01  -2.318636e+00  -2.331567e+00   2.682109e-05   6.262742e+02   4.036866e-01
    23  -3.037976e+00  -3.053824e+00   1.673242e-05   6.423916e+04   2.103032e-01            nan  -3.265633e+00  -3.276717e+00   3.477003e-06   6.498501e+04   2.073277e-01  -2.292007e+00  -2.305118e+00   3.129303e-05   6.001888e+02   4.030268e-01
    24  -3.005682e+00  -3.021529e+00   2.082347e-05   6.381911e+04   2.103025e-01            nan  -3.243163e+00  -3.254252e+00   4.056664e-06   6.487962e+04   2.073268e-01  -2.264980e+00  -2.278284e+00   3.650997e-05   5.731293e+02   4.022807e-01
    25  -2.973387e+00  -2.989234e+00   2.589952e-05   6.334036e+04   2.103042e-01            nan  -3.220679e+00  -3.231775e+00   4.732872e-06   6.476300e+04   2.073259e-01  -2.237524e+00  -2.251035e+00   4.259585e-05   5.452227e+02   4.014357e-01
    26  -2.941092e+00  -2.956939e+00   3.218684e-05   6.279370e+04   2.103086e-01            nan  -3.198181e+00  -3.209284e+00   5.521683e-06   6.463399e+04   2.073249e-01  -2.209609e+00  -2.223342e+00   4.969515e-05   5.166342e+02   4.004798e-01
    27  -2.908797e+00  -2.924645e+00   3.996807e-05   6.216568e+04   2.103166e-01            nan  -3.175666e+00  -3.186778e+00   6.441814e-06   6.449129e+04   2.073238e-01  -2.181205e+00  -2.195175e+00   5.797633e-05   4.875512e+02   3.993996e-01
    28  -2.876503e+00  -2.892350e+00   4.958182e-05   6.145883e+04   2.103280e-01            nan  -3.153133e+00  -3.164254e+00   7.515084e-06   6.433349e+04   2.073226e-01  -2.152283e+00  -2.166503e+00   6.763576e-05   4.581719e+02   3.981789e-01
    29  -2.844208e+00  -2.860055e+00   6.143642e-05   6.064345e+04   2.103442e-01            nan  -3.130580e+00  -3.141710e+00   8.766923e-06   6.415901e+04   2.073212e-01  -2.122818e+00  -2.137301e+00   7.890231e-05   4.287086e+02   3.967992e-01
    30  -2.811913e+00  -2.827761e+00   7.603611e-05   5.972708e+04   2.103620e-01   4.893990e-01  -3.108005e+00  -3.119146e+00   1.022697e-05   6.396616e+04   2.073196e-01  -2.092783e+00  -2.107541e+00   9.204273e-05   3.993820e+02   3.952397e-01
    31  -2.779619e+00  -2.795466e+00   9.395455e-05   5.868991e+04   2.103783e-01   4.892732e-01  -3.085404e+00  -3.096557e+00   1.192976e-05   6.375307e+04   2.073179e-01  -2.062157e+00  -2.077200e+00   1.073678e-04   3.704239e+02   3.934782e-01
    32  -2.747324e+00  -2.763171e+00   1.159125e-04   5.751553e+04   2.103971e-01   4.891258e-01  -3.062776e+00  -3.073943e+00   1.391553e-05   6.351766e+04   2.073160e-01  -2.030925e+00  -2.046260e+00   1.252398e-04   3.420920e+02   3.915033e-01
    33  -2.715029e+00  -2.730876e+00   1.427417e-04   5.621250e+04   2.104182e-01   4.889553e-01  -3.040117e+00  -3.051299e+00   1.623115e-05   6.325772e+04   2.073139e-01  -1.999078e+00  -2.014710e+00   1.460803e-04   3.145953e+02   3.892915e-01
    34  -2.682734e+00  -2.698582e+00   1.753751e-04   5.474558e+04   2.104434e-01   4.887610e-01  -3.017425e+00  -3.028623e+00   1.893121e-05   6.297078e+04   2.073116e-01  -1.966611e+00  -1.982541e+00   1.703808e-04   2.881214e+02   3.868164e-01
    35  -2.650440e+00  -2.666287e+00   2.149846e-04   5.312220e+04   2.104715e-01   4.885315e-01  -2.994694e+00  -3.005911e+00   2.207926e-05   6.265419e+04   2.073090e-01  -1.933526e+00  -1.949753e+00   1.987134e-04   2.628472e+02   3.840574e-01
    36  -2.618145e+00  -2.633992e+00   2.628392e-04   5.134823e+04   2.105035e-01   4.882692e-01  -2.971922e+00  -2.983159e+00   2.574932e-05   6.230505e+04   2.073061e-01  -1.899838e+00  -1.916355e+00   2.317439e-04   2.389374e+02   3.810159e-01
    37  -2.585850e+00  -2.601697e+00   3.203111e-04   4.938568e+04   2.105412e-01   4.879678e-01  -2.949103e+00  -2.960362e+00   3.002750e-05   6.192021e+04   2.073028e-01  -1.865565e+00  -1.882363e+00   2.702475e-04   2.164855e+02   3.776664e-01
    38  -2.553556e+00  -2.569403e+00   3.891152e-04   4.726049e+04   2.105834e-01   4.876161e-01  -2.926232e+00  -2.937517e+00   3.501400e-05   6.149628e+04   2.072992e-01  -1.830735e+00  -1.847801e+00   3.151260e-04   1.955567e+02   3.739870e-01
    39  -2.521261e+00  -2.537108e+00   4.710538e-04   4.498724e+04   2.106313e-01   4.872150e-01  -2.903304e+00  -2.914616e+00   4.082538e-05   6.102960e+04   2.072952e-01  -1.795385e+00  -1.812701e+00   3.674284e-04   1.762059e+02   3.700138e-01
    40  -2.488966e+00  -2.504813e+00   5.677457e-04   4.256061e+04   2.106856e-01   4.867519e-01  -2.880311e+00  -2.891655e+00   4.759714e-05   6.051624e+04   2.072907e-01  -1.759558e+00  -1.777102e+00   4.283742e-04   1.584223e+02   3.657229e-01
    41  -2.456671e+00  -2.472519e+00   6.813142e-04   3.998199e+04   2.107476e-01   4.862176e-01  -2.857248e+00  -2.868627e+00   5.548679e-05   5.995197e+04   2.072856e-01  -1.723299e+00  -1.741050e+00   4.993811e-04   1.421774e+02   3.611251e-01
    42  -2.424377e+00  -2.440224e+00   8.138569e-04   3.730264e+04   2.108177e-01   4.856104e-01  -2.834106e+00  -2.845523e+00   6.467734e-05   5.933232e+04   2.072800e-01  -1.686663e+00  -1.704595e+00   5.820960e-04   1.274192e+02   3.562654e-01
    43  -2.392082e+00  -2.407929e+00   9.673922e-04   3.454871e+04   2.108961e-01   4.849186e-01  -2.810876e+00  -2.822336e+00   7.538125e-05   5.865252e+04   2.072737e-01  -1.649700e+00  -1.667788e+00   6.784313e-04   1.140713e+02   3.511160e-01
    44  -2.359787e+00  -2.375634e+00   1.143840e-03   3.175051e+04   2.109813e-01   4.841139e-01  -2.787549e+00  -2.799056e+00   8.784517e-05   5.790757e+04   2.072667e-01  -1.612466e+00  -1.630684e+00   7.906065e-04   1.020439e+02   3.457705e-01
    45  -2.327492e+00  -2.343340e+00   1.344794e-03   2.894258e+04   2.110765e-01   4.832040e-01  -2.764112e+00  -2.775672e+00   1.023551e-04   5.709223e+04   2.072588e-01  -1.575011e+00  -1.593335e+00   9.211963e-04   9.124156e+01   3.402179e-01
    46  -2.295198e+00  -2.311045e+00   1.571358e-03   2.615029e+04   2.111832e-01   4.821813e-01  -2.740555e+00  -2.752174e+00   1.192428e-04   5.620108e+04   2.072499e-01  -1.537386e+00  -1.555791e+00   1.073185e-03   8.156170e+01   3.345069e-01
    47  -2.262903e+00  -2.278750e+00   1.825157e-03   2.342399e+04   2.113005e-01   4.810319e-01  -2.716862e+00  -2.728547e+00   1.388921e-04   5.522854e+04   2.072399e-01  -1.499634e+00  -1.518100e+00   1.250029e-03   7.290159e+01   3.286841e-01
    48  -2.230608e+00  -2.246456e+00   2.107076e-03   2.080472e+04   2.114248e-01   4.797114e-01  -2.693019e+00  -2.704777e+00   1.617478e-04   5.416899e+04   2.072287e-01  -1.461798e+00  -1.480304e+00   1.455730e-03   6.516710e+01   3.227440e-01
    49  -2.198314e+00  -2.214161e+00   2.417704e-03   1.832485e+04   2.115581e-01   4.782330e-01  -2.669009e+00  -2.680848e+00   1.883238e-04   5.301684e+04   2.072160e-01  -1.423910e+00  -1.442441e+00   1.694914e-03   5.825651e+01   3.167860e-01
    50  -2.166019e+00  -2.181866e+00   2.757379e-03   1.601097e+04   2.116996e-01   4.765887e-01  -2.644811e+00  -2.656741e+00   2.192140e-04   5.176661e+04   2.072017e-01  -1.386005e+00  -1.404544e+00   1.972926e-03   5.209240e+01   3.107606e-01
    51  -2.133724e+00  -2.149571e+00   3.123552e-03   1.387532e+04   2.118485e-01   4.747740e-01  -2.620403e+00  -2.632436e+00   2.551039e-04   5.041314e+04   2.071854e-01  -1.348100e+00  -1.366639e+00   2.295935e-03   4.658324e+01   3.047866e-01
    52  -2.101429e+00  -2.117277e+00   3.516961e-03   1.193091e+04   2.120015e-01   4.727835e-01  -2.595762e+00  -2.607908e+00   2.967831e-04   4.895173e+04   2.071670e-01  -1.310220e+00  -1.328747e+00   2.671048e-03   4.166504e+01   2.988175e-01
    53  -2.069135e+00  -2.084982e+00   3.937416e-03   1.019027e+04   2.121541e-01   4.705992e-01  -2.570859e+00  -2.583132e+00   3.451610e-04   4.737834e+04   2.071460e-01  -1.272375e+00  -1.290885e+00   3.106449e-03   3.726699e+01   2.929193e-01
    54  -2.036840e+00  -2.052687e+00   4.385046e-03   8.652564e+03   2.123032e-01   4.682237e-01  -2.545664e+00  -2.558079e+00   4.012824e-04   4.568990e+04   2.071221e-01  -1.234577e+00  -1.253065e+00   3.611542e-03   3.333355e+01   2.870844e-01
    55  -2.004545e+00  -2.020393e+00   4.860535e-03   7.310214e+03   2.124469e-01   4.656423e-01  -2.520139e+00  -2.532714e+00   4.663463e-04   4.388451e+04   2.070947e-01  -1.196833e+00  -1.215295e+00   4.197117e-03   2.981294e+01   2.813229e-01
    56  -1.972251e+00  -1.988098e+00   5.354609e-03   6.146498e+03   2.125806e-01   4.628562e-01  -2.494246e+00  -2.507000e+00   5.417261e-04   4.196188e+04   2.070631e-01  -1.159145e+00  -1.177580e+00   4.875535e-03   2.665708e+01   2.756693e-01
    57  -1.939956e+00  -1.955803e+00   5.871303e-03   5.142222e+03   2.126829e-01   4.599615e-01  -2.467939e+00  -2.480893e+00   6.289911e-04   3.992358e+04   2.070268e-01  -1.121516e+00  -1.139923e+00   5.660920e-03   2.382993e+01   2.700764e-01
    58  -1.907661e+00  -1.923508e+00   6.416696e-03   4.291774e+03   2.127655e-01   4.568724e-01  -2.441166e+00  -2.454346e+00   7.299314e-04   3.777352e+04   2.069846e-01  -1.083942e+00  -1.102323e+00   6.569382e-03   2.128992e+01   2.646228e-01
    59  -1.875366e+00  -1.891214e+00   6.978201e-03   3.574054e+03   2.128302e-01   4.535744e-01  -2.413868e+00  -2.427302e+00   8.465830e-04   3.551833e+04   2.069356e-01  -1.046422e+00  -1.064777e+00   7.619247e-03   1.900991e+01   2.592561e-01
    60  -1.843072e+00  -1.858919e+00   7.561363e-03   2.968462e+03   2.128179e-01   4.503118e-01  -2.385978e+00  -2.399699e+00   9.812558e-04   3.316772e+04   2.068782e-01  -1.008950e+00  -1.027282e+00   8.831303e-03   1.696081e+01   2.539966e-01
    61  -1.810777e+00  -1.826624e+00   8.176003e-03   2.464651e+03   2.127893e-01   4.468283e-01  -2.357420e+00  -2.371464e+00   1.136562e-03   3.073491e+04   2.068107e-01  -9.715210e-01  -9.898323e-01   1.022906e-02   1.511836e+01   2.488445e-01
    62  -1.778482e+00  -1.794329e+00   8.797352e-03   2.044509e+03   2.126857e-01   4.433970e-01  -2.328105e+00  -2.342515e+00   1.315444e-03   2.823689e+04   2.067307e-01  -9.341325e-01  -9.524245e-01   1.183900e-02   1.346265e+01   2.437647e-01
    63  -1.746188e+00  -1.762035e+00   9.457276e-03   1.696502e+03   2.125186e-01   4.399283e-01  -2.297935e+00  -2.312758e+00   1.521208e-03   2.569461e+04   2.066353e-01  -8.967760e-01  -9.150527e-01   1.369088e-02   1.197261e+01   2.387994e-01
    64  -1.713893e+00  -1.729740e+00   1.012839e-02   1.408327e+03   2.123059e-01   4.364017e-01  -2.266793e+00  -2.282085e+00   1.757548e-03   2.313300e+04   2.065208e-01  -8.594471e-01  -8.777106e-01   1.581793e-02   1.063284e+01   2.339157e-01
    65  -1.681598e+00  -1.697445e+00   1.083716e-02   1.170464e+03   2.119770e-01   4.331058e-01  -2.234549e+00  -2.250372e+00   2.028572e-03   2.058070e+04   2.063822e-01  -8.221424e-01  -8.403943e-01   1.825715e-02   9.428790e+00   2.290965e-01
    66  -1.649303e+00  -1.665151e+00   1.156485e-02   9.738005e+02   2.116269e-01   4.296368e-01  -2.201053e+00  -2.217478e+00   2.338830e-03   1.806961e+04   2.062129e-01  -7.848557e-01  -8.030990e-01   2.104947e-02   8.346264e+00   2.243671e-01
    67  -1.617009e+00  -1.632856e+00   1.233175e-02   8.118370e+02   2.111265e-01   4.265843e-01  -2.166135e+00  -2.183243e+00   2.693323e-03   1.563391e+04   2.060045e-01  -7.475841e-01  -7.658202e-01   2.423991e-02   7.374252e+00   2.196987e-01
    68  -1.584714e+00  -1.600561e+00   1.312382e-02   6.777424e+02   2.106196e-01   4.233394e-01  -2.129601e+00  -2.147484e+00   3.097518e-03   1.330878e+04   2.057453e-01  -7.103269e-01  -7.285561e-01   2.787766e-02   6.502437e+00   2.150737e-01
    69  -1.552419e+00  -1.568266e+00   1.396107e-02   5.672619e+02   2.099569e-01   4.205646e-01  -2.091238e+00  -2.109996e+00   3.557342e-03   1.112870e+04   2.054199e-01  -6.730815e-01  -6.913051e-01   3.201608e-02   5.720859e+00   2.105108e-01
    70  -1.520124e+00  -1.535972e+00   1.482942e-02   4.755617e+02   2.092908e-01   4.177344e-01  -2.050807e+00  -2.070552e+00   4.079169e-03   9.125421e+03   2.050077e-01  -6.358487e-01  -6.540662e-01   3.671252e-02   5.021423e+00   2.059870e-01
    71  -1.487830e+00  -1.503677e+00   1.575168e-02   3.997598e+02   2.084933e-01   4.153236e-01  -2.008054e+00  -2.028905e+00   4.669785e-03   7.325636e+03   2.044807e-01  -5.986320e-01  -6.168418e-01   4.202806e-02   4.396623e+00   2.014838e-01
    72  -1.455535e+00  -1.471382e+00   1.671201e-02   3.366747e+02   2.076773e-01   4.129390e-01  -1.962719e+00  -1.984796e+00   5.336336e-03   5.748688e+03   2.038018e-01  -5.614351e-01  -5.796354e-01   4.802703e-02   3.839376e+00   1.970062e-01
    73  -1.423240e+00  -1.439088e+00   1.773668e-02   2.842447e+02   2.067776e-01   4.109265e-01  -1.914548e+00  -1.937966e+00   6.086254e-03   4.404648e+03   2.029224e-01  -5.242642e-01  -5.424521e-01   5.477629e-02   3.343440e+00   1.925448e-01
    74  -1.390946e+00  -1.406793e+00   1.880849e-02   2.404860e+02   2.058382e-01   4.089697e-01  -1.863325e+00  -1.888182e+00   6.927149e-03   3.293085e+03   2.017802e-01  -4.871283e-01  -5.052994e-01   6.234434e-02   2.903175e+00   1.880835e-01
    75  -1.358651e+00  -1.374498e+00   1.995600e-02   2.038947e+02   2.048623e-01   4.072925e-01  -1.808905e+00  -1.835263e+00   7.866679e-03   2.402869e+03   2.002993e-01  -4.500394e-01  -4.681880e-01   7.080011e-02   2.513380e+00   1.836082e-01
    76  -1.326356e+00  -1.342203e+00   2.116323e-02   1.732420e+02   2.038445e-01   4.058206e-01  -1.751265e+00  -1.779129e+00   8.912390e-03   1.713405e+03   1.983937e-01  -4.130108e-01  -4.311306e-01   8.021151e-02   2.169165e+00   1.791247e-01
    77  -1.294061e+00  -1.309909e+00   2.245746e-02   1.474658e+02   2.028217e-01   4.044801e-01  -1.690544e+00  -1.719844e+00   1.007152e-02   1.197059e+03   1.959762e-01  -3.760590e-01  -3.941420e-01   9.064369e-02   1.866165e+00   1.746196e-01
    78  -1.261767e+00  -1.277614e+00   2.382917e-02   1.257751e+02   2.017660e-01   4.034089e-01  -1.627079e+00  -1.657654e+00   1.135078e-02   8.225712e+02   1.929754e-01  -3.392039e-01  -3.572406e-01   1.021570e-01   1.600336e+00   1.700808e-01
    79  -1.229472e+00  -1.245319e+00   2.530096e-02   1.074492e+02   2.007224e-01   4.023834e-01  -1.561400e+00  -1.592999e+00   1.275612e-02   5.586418e+02   1.893565e-01  -3.024685e-01  -3.204479e-01   1.148050e-01   1.367934e+00   1.654988e-01
    80  -1.197177e+00  -1.213025e+00   2.686904e-02   9.195109e+01   1.996591e-01   4.015703e-01  -1.494183e+00  -1.526492e+00   1.429243e-02   3.769326e+02   1.851397e-01  -2.658773e-01  -2.837876e-01   1.286319e-01   1.165450e+00   1.608792e-01
    81  -1.164883e+00  -1.180730e+00   2.855454e-02   7.880375e+01   1.986150e-01   4.008094e-01  -1.426171e+00  -1.458847e+00   1.596333e-02   2.539206e+02   1.804070e-01  -2.294582e-01  -2.472861e-01   1.436700e-01   9.897086e-01   1.562138e-01
    82  -1.132588e+00  -1.148435e+00   3.035676e-02   6.762960e+01   1.975599e-01   4.001291e-01  -1.358082e+00  -1.390794e+00   1.777087e-02   1.714655e+02   1.752908e-01  -1.932419e-01  -2.109726e-01   1.599378e-01   8.377745e-01   1.514964e-01
    83  -1.100293e+00  -1.116140e+00   3.229871e-02   5.811765e+01   1.965236e-01   3.995129e-01  -1.290529e+00  -1.322994e+00   1.971527e-02   1.163885e+02   1.699498e-01  -1.572610e-01  -1.748789e-01   1.774374e-01   7.069320e-01   1.467281e-01
    84  -1.067998e+00  -1.083846e+00   3.438002e-02   4.999642e+01   1.954969e-01   3.989780e-01  -1.223984e+00  -1.255983e+00   2.179475e-02   7.953859e+01   1.645394e-01  -1.215492e-01  -1.390381e-01   1.961527e-01   5.946819e-01   1.419172e-01
    85  -1.035704e+00  -1.051551e+00   3.662884e-02   4.306180e+01   1.944749e-01   3.984238e-01  -1.158770e+00  -1.190154e+00   2.400535e-02   5.475419e+01   1.591913e-01  -8.614196e-02  -1.034848e-01   2.160481e-01   4.987689e-01   1.370639e-01
    86  -1.003409e+00  -1.019256e+00   3.904221e-02   3.712122e+01   1.934629e-01   3.978922e-01  -1.095078e+00  -1.125757e+00   2.634082e-02   3.796169e+01   1.540032e-01  -5.107580e-02  -6.825506e-02   2.370673e-01   4.171365e-01   1.321723e-01
    87  -9.711142e-01  -9.869615e-01   4.165645e-02   3.203019e+01   1.924522e-01   3.973348e-01  -1.032994e+00  -1.062927e+00   2.879262e-02   2.648945e+01   1.490400e-01  -1.638586e-02  -3.338456e-02   2.591336e-01   3.479064e-01   1.272615e-01
    88  -9.388195e-01  -9.546668e-01   4.446457e-02   2.765996e+01   1.914254e-01   3.966813e-01  -9.725280e-01  -1.001709e+00   3.134998e-02   1.858655e+01   1.443354e-01   1.789256e-02   1.091458e-03   2.821498e-01   2.894172e-01   1.223382e-01
    89  -9.065248e-01  -9.223720e-01   4.750825e-02   2.389745e+01   1.903995e-01   3.959987e-01  -9.136385e-01  -9.420859e-01   3.400006e-02   1.309979e+01   1.399015e-01   5.172552e-02   3.513842e-02   3.060005e-01   2.401764e-01   1.174165e-01
    90  -8.742301e-01  -8.900773e-01   5.078928e-02   2.066514e+01   1.893374e-01   3.952408e-01  -8.562479e-01  -8.839959e-01   3.672816e-02   9.263907e+00   1.357372e-01   8.508193e-02   6.872389e-02   3.305535e-01   1.988553e-01   1.125169e-01
    91  -8.419354e-01  -8.577826e-01   5.434149e-02   1.787170e+01   1.882693e-01   3.943181e-01  -8.002565e-01  -8.273505e-01   3.951809e-02   6.566115e+00   1.318296e-01   1.179323e-01   1.018177e-01   3.556628e-01   1.642957e-01   1.076510e-01
    92  -8.096406e-01  -8.254879e-01   5.818560e-02   1.547092e+01   1.871323e-01   3.933118e-01  -7.455507e-01  -7.720428e-01   4.235249e-02   4.659523e+00   1.281632e-01   1.502517e-01   1.343926e-01   3.811724e-01   1.354710e-01   1.028432e-01
    93  -7.773459e-01  -7.931932e-01   6.233788e-02   1.338874e+01   1.859911e-01   3.921287e-01  -6.920066e-01  -7.179540e-01   4.521329e-02   3.306918e+00   1.247183e-01   1.820180e-01   1.664252e-01   4.069196e-01   1.114996e-01   9.810737e-02
    94  -7.450512e-01  -7.608984e-01   6.684975e-02   1.159441e+01   1.847676e-01   3.907947e-01  -6.394945e-01  -6.649574e-01   4.808216e-02   2.344820e+00   1.214768e-01   2.132133e-01   1.978957e-01   4.327394e-01   9.161383e-02   9.346346e-02
    95  -7.127565e-01  -7.286037e-01   7.170703e-02   1.004137e+01   1.834788e-01   3.892290e-01  -5.878772e-01  -6.129194e-01   5.094094e-02   1.659316e+00   1.184199e-01   2.438240e-01   2.287883e-01   4.584685e-01   7.515724e-02   8.892695e-02
    96  -6.804618e-01  -6.963090e-01   7.697888e-02   8.693814e+00   1.821181e-01   3.874471e-01  -5.370124e-01  -5.617005e-01   5.377208e-02   1.170662e+00   1.155317e-01   2.738404e-01   2.590914e-01   4.839488e-01   6.156803e-02   8.451324e-02
    97  -6.481670e-01  -6.640143e-01   8.268315e-02   7.529607e+00   1.806443e-01   3.854558e-01  -4.867502e-01  -5.111546e-01   5.655903e-02   8.224991e-01   1.127978e-01   3.032573e-01   2.887979e-01   5.090312e-01   5.036904e-02   8.023578e-02
    98  -6.158723e-01  -6.317196e-01   8.884619e-02   6.516550e+00   1.791067e-01   3.831071e-01  -4.369294e-01  -4.611258e-01   5.928652e-02   5.747987e-01   1.102064e-01   3.320734e-01   3.179043e-01   5.335787e-01   4.115703e-02   7.610520e-02
    99  -5.835776e-01  -5.994248e-01   9.553437e-02   5.639964e+00   1.774430e-01   3.804801e-01  -3.873824e-01  -4.114497e-01   6.194091e-02   3.990998e-01   1.077486e-01   3.602911e-01   3.464114e-01   5.574682e-01   3.359193e-02   7.213113e-02
   100  -5.512829e-01  -5.671301e-01   1.027455e-01   4.879637e+00   1.756634e-01   3.775308e-01  -3.379263e-01  -3.619507e-01   6.451030e-02   2.749463e-01   1.054183e-01   3.879165e-01   3.743234e-01   5.805927e-01   2.738913e-02   6.831942e-02
   101  -5.189882e-01  -5.348354e-01   1.105481e-01   4.218455e+00   1.737819e-01   3.741673e-01  -2.883598e-01  -3.124363e-01   6.698469e-02   1.876607e-01   1.032140e-01   4.149590e-01   4.016482e-01   6.028622e-01   2.231013e-02   6.467552e-02
   102  -4.866934e-01  -5.025407e-01   1.189994e-01   3.645514e+00   1.717533e-01   3.704124e-01  -2.384719e-01  -2.626999e-01   6.935597e-02   1.267284e-01   1.011352e-01   4.414306e-01   4.283965e-01   6.242038e-01   1.815691e-02   6.120082e-02
   103  -4.543987e-01  -4.702460e-01   1.280651e-01   3.147155e+00   1.695858e-01   3.661181e-01  -1.880295e-01  -2.125188e-01   7.161799e-02   8.453596e-02   9.918717e-02   4.673462e-01   4.545817e-01   6.445619e-01   1.476439e-02   5.789706e-02
   104  -4.221040e-01  -4.379512e-01   1.378590e-01   2.713620e+00   1.672758e-01   3.612501e-01  -1.367841e-01  -1.616514e-01   7.376638e-02   5.561573e-02   9.737874e-02   4.927226e-01   4.802197e-01   6.638974e-01   1.199643e-02   5.476181e-02
   105  -3.898093e-01  -4.056565e-01   1.484201e-01   2.337719e+00   1.648084e-01   3.558387e-01  -8.448821e-02  -1.098495e-01   7.579851e-02   3.604270e-02   9.571298e-02   5.175787e-01   5.053284e-01   6.821866e-01   9.739999e-03   5.179396e-02
   106  -3.575146e-01  -3.733618e-01   1.597449e-01   2.011073e+00   1.622017e-01   3.497111e-01  -3.089934e-02  -5.686774e-02   7.771330e-02   2.298452e-02   9.419451e-02   5.419348e-01   5.299275e-01   6.994197e-01   7.902397e-03   4.898838e-02
   107  -3.252198e-01  -3.410671e-01   1.719343e-01   1.727710e+00   1.594401e-01   3.428169e-01   2.414894e-02  -2.503588e-03   7.951106e-02   1.443065e-02   9.278854e-02   5.658126e-01   5.540378e-01   7.155996e-01   6.406944e-03   4.634156e-02
   108  -2.929251e-01  -3.087724e-01   1.850139e-01   1.482205e+00   1.565160e-01   3.351683e-01   8.070176e-02   5.334522e-02   8.119333e-02   8.936960e-03   9.142344e-02   5.892349e-01   5.776816e-01   7.307399e-01   5.190960e-03   4.384714e-02
   109  -2.606304e-01  -2.764776e-01   1.989898e-01   1.269206e+00   1.534520e-01   3.265295e-01   1.385625e-01   1.105950e-01   8.276263e-02   5.486847e-03   8.993116e-02   6.122249e-01   6.008820e-01   7.448636e-01   4.202879e-03   4.149947e-02
   110  -2.283357e-01  -2.441829e-01   2.139532e-01   1.084855e+00   1.502322e-01   3.169052e-01   1.971772e-01   1.688580e-01   8.422234e-02   3.368792e-03   8.802284e-02   6.348068e-01   6.236626e-01   7.580011e-01   3.400541e-03   3.929196e-02
   111  -1.960410e-01  -2.118882e-01   2.298712e-01   9.254006e-01   1.468471e-01   3.062512e-01   2.556300e-01   2.273863e-01   8.557652e-02   2.091692e-03   8.535376e-02   6.570046e-01   6.460475e-01   7.701887e-01   2.749478e-03   3.721752e-02
   112  -1.637462e-01  -1.795935e-01   2.467757e-01   7.872549e-01   1.433028e-01   2.940648e-01   3.128066e-01   2.851586e-01   8.682971e-02   1.327725e-03   8.168031e-02   6.788428e-01   6.680609e-01   7.814674e-01   2.221480e-03   3.526973e-02
   113  -1.314515e-01  -1.472988e-01   2.647449e-01   6.681776e-01   1.396094e-01   2.806765e-01   3.677027e-01   3.411215e-01   8.798682e-02   8.674727e-04   7.703580e-02   7.003458e-01   6.897274e-01   7.918814e-01   1.793583e-03   3.344119e-02
   114  -9.915680e-02  -1.150040e-01   2.837337e-01   5.656497e-01   1.357744e-01   2.659251e-01   4.196719e-01   3.944642e-01   8.905301e-02   5.840907e-04   7.172994e-02   7.215378e-01   7.110711e-01   8.014771e-01   1.447025e-03   3.172516e-02
   115  -6.686208e-02  -8.270933e-02   3.037860e-01   4.774988e-01   1.318064e-01   2.494813e-01   4.684716e-01   4.447568e-01   9.003354e-02   4.041665e-04   6.617301e-02   7.424426e-01   7.321159e-01   8.103019e-01   1.166529e-03   3.011487e-02
   116  -3.456736e-02  -5.041461e-02   3.249043e-01   4.018986e-01   1.277095e-01   2.316668e-01   5.141600e-01   4.919163e-01   9.093373e-02   2.861296e-04   6.070843e-02   7.630835e-01   7.528857e-01   8.184036e-01   9.396646e-04   2.860349e-02
   117  -2.272643e-03  -1.811989e-02   3.470164e-01   3.371729e-01   1.234986e-01   2.121712e-01   5.569587e-01   5.360864e-01   9.175884e-02   2.063502e-04   5.555227e-02   7.834836e-01   7.734033e-01   8.258295e-01   7.563014e-04   2.718477e-02
   118   3.002208e-02   1.417483e-02   3.701630e-01   2.819084e-01   1.191788e-01   1.912388e-01   5.971526e-01   5.775205e-01   9.251402e-02   1.510481e-04   5.080497e-02   8.036650e-01   7.936915e-01   8.326262e-01   6.082092e-04   2.585251e-02
   119   6.231680e-02   4.646955e-02   3.942348e-01   2.348351e-01   1.147652e-01   1.688098e-01   6.350365e-01   6.165075e-01   9.320429e-02   1.118983e-04   4.649594e-02   8.236492e-01   8.137721e-01   8.388386e-01   4.886972e-04   2.460069e-02
   120   9.461152e-02   7.876427e-02   4.192170e-01   1.948612e-01   1.102696e-01   1.453487e-01   6.708894e-01   6.533328e-01   9.383445e-02   8.369800e-05   4.261601e-02   8.434570e-01   8.336660e-01   8.445100e-01   3.923253e-04   2.342381e-02
   121   1.269062e-01   1.110590e-01   4.450137e-01   1.610114e-01   1.057097e-01   1.205079e-01   7.049570e-01   6.882571e-01   9.440910e-02   6.310731e-05   3.913420e-02   8.631081e-01   8.533937e-01   8.496819e-01   3.146781e-04   2.231656e-02
   122   1.592010e-01   1.433537e-01   4.715302e-01   1.324590e-01   1.010977e-01   9.596243e-02   7.374569e-01   7.215108e-01   9.493262e-02   4.789561e-05   3.601313e-02   8.826215e-01   8.729744e-01   8.543935e-01   2.521721e-04   2.127385e-02
   123   1.914957e-01   1.756484e-01   4.986766e-01   1.084493e-01   9.645801e-02   7.056715e-02   7.685786e-01   7.532965e-01   9.540910e-02   3.654918e-05   3.321518e-02   9.020151e-01   8.924265e-01   8.586819e-01   2.018991e-04   2.029102e-02
   124   2.237904e-01   2.079432e-01   5.262985e-01   8.835061e-02   9.180419e-02   4.642203e-02   7.984858e-01   7.837896e-01   9.584241e-02   2.801859e-05   3.070280e-02   9.213060e-01   9.117677e-01   8.625817e-01   1.615015e-04   1.936373e-02
   125   2.560851e-01   2.402379e-01   5.542969e-01   7.159242e-02   8.716126e-02   2.276737e-02   8.273213e-01   8.131428e-01   9.623618e-02   2.156076e-05   2.844360e-02   9.405102e-01   9.310143e-01   8.661256e-01   1.290699e-04   1.848787e-02
   126   2.883798e-01   2.725326e-01   5.824796e-01   5.768809e-02   8.254824e-02   7.073077e-04   8.552095e-01   8.414892e-01   9.659376e-02   1.664436e-05   2.640715e-02   9.596426e-01   9.501818e-01   8.693438e-01   1.030579e-04   1.765963e-02
   127   3.206746e-01   3.048273e-01   6.107246e-01   4.620985e-02   7.798554e-02  -1.902559e-02   8.822587e-01   8.689446e-01   9.691827e-02   1.288334e-05   2.456742e-02   9.787173e-01   9.692847e-01   8.722644e-01   8.221457e-05   1.687553e-02
   128   3.529693e-01   3.371220e-01   6.388433e-01   3.678471e-02   7.349896e-02  -3.786506e-02   9.085652e-01   8.956111e-01   9.721261e-02   9.994021e-06   2.290142e-02   9.977473e-01   9.883365e-01   8.749135e-01   6.552862e-05   1.613239e-02
   129   3.852640e-01   3.694168e-01   6.666770e-01   2.909316e-02   6.910028e-02  -5.242656e-02   9.342124e-01   9.215781e-01   9.747945e-02   7.767087e-06   2.138857e-02   1.016745e+00   1.007350e+00   8.773151e-01   5.218361e-05   1.542723e-02
   130   4.175587e-01   4.017115e-01   6.939347e-01   2.285317e-02   6.481818e-02  -6.639007e-02   9.592750e-01   9.469245e-01   9.772124e-02   6.045466e-06   2.001152e-02   1.035720e+00   1.026336e+00   8.794912e-01   4.152066e-05   1.475736e-02
   131   4.498534e-01   4.340062e-01   7.204070e-01   1.780720e-02   6.064564e-02  -7.735545e-02   9.838192e-01   9.717205e-01   9.794025e-02   4.711206e-06   1.875473e-02   1.054685e+00   1.045306e+00   8.814623e-01   3.300869e-05   1.412029e-02
   132   4.821482e-01   4.663009e-01   7.460728e-01   1.377287e-02   5.662209e-02  -8.633085e-02   1.007903e+00   9.960283e-01   9.813854e-02   3.675150e-06   1.760456e-02   1.073647e+00   1.064269e+00   8.832469e-01   2.622002e-05   1.351381e-02
   133   5.144429e-01   4.985956e-01   7.707909e-01   1.057202e-02   5.276232e-02  -9.409707e-02   1.031580e+00   1.019903e+00   9.831802e-02   2.869236e-06   1.654938e-02   1.092616e+00   1.083235e+00   8.848622e-01   2.081068e-05   1.293586e-02
   134   5.467376e-01   5.308904e-01   7.942056e-01   8.050905e-03   4.907309e-02  -9.983500e-02   1.054895e+00   1.043394e+00   9.848042e-02   2.241456e-06   1.557886e-02   1.111599e+00   1.102211e+00   8.863237e-01   1.650426e-05   1.238459e-02
   135   5.790323e-01   5.631851e-01   8.162787e-01   6.074205e-03   4.555513e-02  -1.040669e-01   1.077892e+00   1.066546e+00   9.862732e-02   1.751884e-06   1.468388e-02   1.130604e+00   1.121206e+00   8.876458e-01   1.307888e-05   1.185830e-02
   136   6.113270e-01   5.954798e-01   8.370786e-01   4.546234e-03   4.222962e-02  -1.072450e-01   1.100606e+00   1.089398e+00   9.876016e-02   1.369759e-06   1.385654e-02   1.149636e+00   1.140224e+00   8.888415e-01   1.035660e-05   1.135546e-02
   137   6.436218e-01   6.277745e-01   8.561725e-01   3.372732e-03   3.909580e-02  -1.093916e-01   1.123072e+00   1.111984e+00   9.888027e-02   1.071272e-06   1.308994e-02   1.168702e+00   1.159273e+00   8.899225e-01   8.194918e-06   1.087468e-02
   138   6.759165e-01   6.600692e-01   8.738655e-01   2.479545e-03   3.615518e-02  -1.105462e-01   1.145319e+00   1.134338e+00   9.898885e-02   8.379807e-07   1.237799e-02   1.187805e+00   1.178359e+00   8.908996e-01   6.479783e-06   1.041469e-02
   139   7.082112e-01   6.923640e-01   8.898907e-01   1.807632e-03   3.341021e-02  -1.106917e-01   1.167373e+00   1.156486e+00   9.908698e-02   6.555657e-07   1.171534e-02   1.206952e+00   1.197484e+00   8.917828e-01   5.120032e-06   9.974339e-03
   140   7.405059e-01   7.246587e-01   9.044595e-01   1.305718e-03   3.085625e-02  -1.099310e-01   1.189260e+00   1.178455e+00   9.917565e-02   5.128851e-07   1.109725e-02   1.226146e+00   1.216655e+00   8.925808e-01   4.042866e-06   9.552571e-03
   141   7.728006e-01   7.569534e-01   9.174025e-01   9.354840e-04   2.849004e-02  -1.082969e-01   1.211001e+00   1.200267e+00   9.925576e-02   4.012593e-07   1.051959e-02   1.245390e+00   1.235874e+00   8.933019e-01   3.190203e-06   9.148423e-03
   142   8.050954e-01   7.892481e-01   9.290018e-01   6.646280e-04   2.630446e-02  -1.058417e-01   1.232614e+00   1.221942e+00   9.932813e-02   3.139157e-07   9.978719e-03   1.264687e+00   1.255145e+00   8.939532e-01   2.515750e-06   8.761013e-03
   143   8.373901e-01   8.215428e-01   9.391340e-01   4.684854e-04   2.429141e-02  -1.026351e-01   1.254117e+00   1.243498e+00   9.939350e-02   2.455663e-07   9.471404e-03   1.284040e+00   1.274471e+00   8.945415e-01   1.982643e-06   8.389532e-03
   144   8.696848e-01   8.538376e-01   9.480343e-01   3.279357e-04   2.244031e-02  -9.876119e-02   1.275525e+00   1.264953e+00   9.945254e-02   1.920788e-07   8.994792e-03   1.303451e+00   1.293854e+00   8.950729e-01   1.561555e-06   8.033234e-03
   145   9.019795e-01   8.861323e-01   9.558128e-01   2.278982e-04   2.074202e-02  -9.426315e-02   1.296853e+00   1.286320e+00   9.950586e-02   1.502226e-07   8.546348e-03   1.322922e+00   1.313295e+00   8.955527e-01   1.229175e-06   7.691433e-03
   146   9.342742e-01   9.184270e-01   9.624533e-01   1.574574e-04   1.918378e-02  -8.927648e-02   1.318112e+00   1.307613e+00   9.955400e-02   1.174704e-07   8.123818e-03   1.342453e+00   1.332797e+00   8.959860e-01   9.669903e-07   7.363492e-03
   147   9.665690e-01   9.507217e-01   9.681895e-01   1.082208e-04   1.775402e-02  -8.394874e-02   1.339314e+00   1.328843e+00   9.959747e-02   9.184423e-08   7.725199e-03   1.362048e+00   1.352361e+00   8.963772e-01   7.603093e-07   7.048823e-03
   148   9.988637e-01   9.830164e-01   9.731185e-01   7.401151e-05   1.644287e-02  -7.836064e-02   1.360469e+00   1.350020e+00   9.963672e-02   7.179621e-08   7.348701e-03   1.381705e+00   1.371987e+00   8.967304e-01   5.974849e-07   6.746876e-03
   149   1.031158e+00   1.015311e+00   9.772824e-01   5.042332e-05   1.523847e-02  -7.265207e-02   1.381584e+00   1.371155e+00   9.967214e-02   5.611436e-08   6.992724e-03   1.401425e+00   1.391677e+00   8.970493e-01   4.692893e-07   6.457143e-03
   150   1.063453e+00   1.047606e+00   9.808221e-01   3.424289e-05   1.413086e-02  -6.698648e-02   1.402669e+00   1.392255e+00   9.970413e-02   4.384978e-08   6.655834e-03   1.421209e+00   1.411429e+00   8.973371e-01   3.684180e-07   6.179144e-03
   151   1.095748e+00   1.079901e+00   9.838349e-01   2.319075e-05   1.311147e-02  -6.143755e-02   1.423729e+00   1.413327e+00   9.973300e-02   3.425956e-08   6.336741e-03   1.441056e+00   1.431245e+00   8.975970e-01   2.890926e-07   5.912436e-03
   152   1.128043e+00   1.112195e+00   9.863721e-01   1.567354e-05   1.217179e-02  -5.604062e-02   1.444771e+00   1.434377e+00   9.975905e-02   2.676196e-08   6.034286e-03   1.460965e+00   1.451124e+00   8.978315e-01   2.267461e-07   5.656598e-03
   153   1.160337e+00   1.144490e+00   9.885037e-01   1.057643e-05   1.130430e-02  -5.099113e-02   1.465799e+00   1.455412e+00   9.978257e-02   2.090153e-08   5.747420e-03   1.480936e+00   1.471065e+00   8.980432e-01   1.777708e-07   5.411240e-03
   154   1.192632e+00   1.176785e+00   9.903103e-01   7.129029e-06   1.050254e-02  -4.619270e-02   1.486818e+00   1.476436e+00   9.980380e-02   1.632175e-08   5.475195e-03   1.500968e+00   1.491067e+00   8.982342e-01   1.393194e-07   5.175993e-03
   155   1.224927e+00   1.209079e+00   9.918325e-01   4.801544e-06   9.760866e-03  -4.176178e-02   1.507831e+00   1.497452e+00   9.982296e-02   1.274351e-08   5.216751e-03   1.521058e+00   1.511129e+00   8.984066e-01   1.091457e-07   4.950512e-03
   156   1.257221e+00   1.241374e+00   9.931032e-01   3.232701e-06   9.073816e-03  -3.764433e-02   1.528842e+00   1.518464e+00   9.984025e-02   9.948396e-09   4.971311e-03   1.541205e+00   1.531249e+00   8.985622e-01   8.547930e-08   4.734475e-03
   157   1.289516e+00   1.273669e+00   9.941789e-01   2.176092e-06   8.436928e-03  -3.390406e-02   1.549851e+00   1.539474e+00   9.985585e-02   7.765482e-09   4.738167e-03   1.561407e+00   1.551424e+00   8.987027e-01   6.692559e-08   4.527578e-03
   158   1.321811e+00   1.305964e+00   9.950869e-01   1.465007e-06   7.846145e-03  -3.045755e-02   1.570861e+00   1.560483e+00   9.986993e-02   6.061045e-09   4.516677e-03   1.581660e+00   1.571651e+00   8.988294e-01   5.238659e-08   4.329539e-03
   159   1.354106e+00   1.338258e+00   9.958436e-01   9.865320e-07   7.297733e-03  -2.736083e-02   1.591872e+00   1.581494e+00   9.988264e-02   4.730484e-09   4.306259e-03   1.601961e+00   1.591929e+00   8.989438e-01   4.099848e-08   4.140098e-03
   160   1.386400e+00   1.370553e+00   9.964858e-01   6.646098e-07   6.788403e-03  -2.452948e-02   1.612883e+00   1.602504e+00   9.989411e-02   3.691999e-09   4.106386e-03   1.622305e+00   1.612252e+00   8.990470e-01   3.208201e-08   3.959013e-03
   161   1.418695e+00   1.402848e+00   9.970267e-01   4.479955e-07   6.315283e-03  -2.199888e-02   1.633893e+00   1.623515e+00   9.990446e-02   2.881632e-09   3.916579e-03   1.642688e+00   1.632616e+00   8.991401e-01   2.510340e-08   3.786064e-03
   162   1.450990e+00   1.435143e+00   9.974800e-01   3.021707e-07   5.875624e-03  -1.969248e-02   1.654899e+00   1.644523e+00   9.991379e-02   2.249387e-09   3.736411e-03   1.663104e+00   1.653016e+00   8.992241e-01   1.964343e-08   3.621052e-03
   163   1.483284e+00   1.467437e+00   9.978658e-01   2.039624e-07   5.467086e-03  -1.763694e-02   1.675898e+00   1.665526e+00   9.992222e-02   1.756194e-09   3.565496e-03   1.683545e+00   1.673445e+00   8.993000e-01   1.537299e-08   3.463803e-03
   164   1.515579e+00   1.499732e+00   9.981889e-01   1.377856e-07   5.087474e-03  -1.576184e-02   1.696886e+00   1.686519e+00   9.992982e-02   1.371526e-09   3.403495e-03   1.704003e+00   1.693895e+00   8.993684e-01   1.203391e-08   3.314162e-03
   165   1.547874e+00   1.532027e+00   9.984630e-01   9.315449e-08   4.734805e-03  -1.408659e-02   1.717855e+00   1.707497e+00   9.993668e-02   1.071540e-09   3.250109e-03   1.724469e+00   1.714357e+00   8.994301e-01   9.423718e-09   3.172005e-03
   166   1.580169e+00   1.564321e+00   9.986956e-01   6.304154e-08   4.407376e-03  -1.254636e-02   1.738798e+00   1.728453e+00   9.994287e-02   8.376139e-10   3.105082e-03   1.744931e+00   1.734821e+00   8.994858e-01   7.383724e-09   3.037231e-03
   167   1.612463e+00   1.596616e+00   9.988909e-01   4.270148e-08   4.103528e-03  -1.115060e-02   1.759704e+00   1.749377e+00   9.994845e-02   6.552115e-10   2.968198e-03   1.765375e+00   1.755273e+00   8.995361e-01   5.789619e-09   2.909769e-03
   168   1.644758e+00   1.628911e+00   9.990579e-01   2.895317e-08   3.821866e-03  -9.859377e-03   1.780561e+00   1.770258e+00   9.995349e-02   5.129854e-10   2.839284e-03   1.785784e+00   1.775699e+00   8.995814e-01   4.544062e-09   2.789578e-03
   169   1.677053e+00   1.661206e+00   9.991985e-01   1.965278e-08   3.561199e-03  -8.633220e-03   1.801354e+00   1.791082e+00   9.995804e-02   4.020814e-10   2.718208e-03   1.806140e+00   1.796081e+00   8.996223e-01   3.570867e-09   2.676652e-03
   170   1.709348e+00   1.693500e+00   9.993184e-01   1.335424e-08   3.320266e-03  -7.502012e-03   1.822064e+00   1.811833e+00   9.996214e-02   3.155919e-10   2.604880e-03   1.826421e+00   1.816399e+00   8.996593e-01   2.810432e-09   2.571016e-03
   171   1.741642e+00   1.725795e+00   9.994205e-01   9.086686e-09   3.098536e-03  -6.300070e-03   1.842671e+00   1.832490e+00   9.996584e-02   2.481293e-10   2.499252e-03   1.846600e+00   1.836628e+00   8.996926e-01   2.216147e-09   2.472732e-03
   172   1.773937e+00   1.758090e+00   9.995070e-01   6.191025e-09   2.894882e-03  -5.172255e-03   1.863147e+00   1.853030e+00   9.996918e-02   1.954924e-10   2.401320e-03   1.866649e+00   1.856740e+00   8.997226e-01   1.751577e-09   2.381899e-03
   173   1.806232e+00   1.790384e+00   9.995815e-01   4.225083e-09   2.709132e-03  -3.834228e-03   1.883465e+00   1.873425e+00   9.997219e-02   1.544062e-10   2.311121e-03   1.886531e+00   1.876704e+00   8.997498e-01   1.388251e-09   2.298652e-03
   174   1.838526e+00   1.822679e+00   9.996443e-01   2.888765e-09   2.540938e-03  -2.488921e-03   1.903589e+00   1.893644e+00   9.997491e-02   1.223180e-10   2.228733e-03   1.906210e+00   1.896482e+00   8.997742e-01   1.103933e-09   2.223159e-03
   175   1.870821e+00   1.854974e+00   9.996986e-01   1.979286e-09   2.390014e-03  -8.540384e-04   1.923481e+00   1.913649e+00   9.997737e-02   9.723846e-11   2.154273e-03   1.925641e+00   1.916034e+00   8.997963e-01   8.812585e-10   2.155621e-03
   176   1.903116e+00   1.887269e+00   9.997452e-01   1.359941e-09   2.257662e-03   1.158934e-03   1.943098e+00   1.933400e+00   9.997958e-02   7.761668e-11   2.087929e-03   1.944778e+00   1.935315e+00   8.998162e-01   7.066727e-10   2.096268e-03
   177   1.935411e+00   1.919563e+00   9.997852e-01   9.372460e-10   2.143619e-03   3.521137e-03   1.962396e+00   1.952854e+00   9.998158e-02   6.223593e-11   2.030215e-03   1.963570e+00   1.954275e+00   8.998342e-01   5.695781e-10   2.045428e-03
   178   1.967705e+00   1.951858e+00   9.998199e-01   6.484008e-10   2.050024e-03   6.607671e-03   1.981347e+00   1.971975e+00   9.998338e-02   5.010504e-11   1.983581e-03   1.981973e+00   1.972869e+00   8.998504e-01   4.615098e-10   2.004342e-03
   179   2.000000e+00   1.984153e+00   9.998500e-01   4.492268e-10   1.987205e-03   8.297540e-03   2.000000e+00   1.990773e+00   9.998500e-02   4.033432e-11   1.957518e-03   2.000000e+00   1.991080e+00   8.998650e-01   3.748221e-10   1.980299e-03
