     i          log_r       log_rmid          m_tot        rho_tot         v2_tot            eta     lgr[heavy]    lgrm[heavy]       m[heavy]     rho[heavy]      v2[heavy]     lgr[light]    lgrm[light]       m[light]     rho[light]      v2[light]
     0  -4.432312e+00  -4.733342e+00   1.026029e-07   5.989626e+06   2.834352e-01            nan  -4.432312e+00  -4.733342e+00   9.998500e-08   5.942802e+06   2.809670e-01  -3.136529e+00  -3.437559e+00   8.998650e-07   6.932423e+03   5.522750e-01
     1  -4.396377e+00  -4.413973e+00   1.310837e-07   5.940254e+06   2.824616e-01            nan  -4.409860e+00  -4.420941e+00   1.166721e-07   5.912047e+06   2.809630e-01  -3.102281e+00  -3.119068e+00   1.050049e-06   4.334925e+03   5.418743e-01
     2  -4.360442e+00  -4.378038e+00   1.675050e-07   5.933088e+06   2.823794e-01            nan  -4.387412e+00  -4.398491e+00   1.361439e-07   5.908714e+06   2.809626e-01  -3.068343e+00  -3.084981e+00   1.225295e-06   4.033554e+03   5.401191e-01
     3  -4.324508e+00  -4.342103e+00   2.140788e-07   5.924942e+06   2.823017e-01            nan  -4.364967e+00  -4.376045e+00   1.588651e-07   5.905028e+06   2.809621e-01  -3.034532e+00  -3.051109e+00   1.429786e-06   3.738719e+03   5.381215e-01
     4  -4.288573e+00  -4.306169e+00   2.736285e-07   5.915774e+06   2.822283e-01            nan  -4.342522e+00  -4.353599e+00   1.853780e-07   5.900951e+06   2.809616e-01  -3.000705e+00  -3.017289e+00   1.668402e-06   3.452120e+03   5.358617e-01
     5  -4.252638e+00  -4.270234e+00   3.497614e-07   5.905238e+06   2.821588e-01            nan  -4.320076e+00  -4.331154e+00   2.163150e-07   5.896441e+06   2.809610e-01  -2.966750e+00  -2.983396e+00   1.946835e-06   3.175366e+03   5.333170e-01
     6  -4.216704e+00  -4.234299e+00   4.470690e-07   5.893178e+06   2.820930e-01            nan  -4.297628e+00  -4.308707e+00   2.524142e-07   5.891453e+06   2.809603e-01  -2.932581e+00  -2.949329e+00   2.271728e-06   2.909879e+03   5.304598e-01
     7  -4.180769e+00  -4.198365e+00   5.714201e-07   5.879358e+06   2.820308e-01            nan  -4.275176e+00  -4.286257e+00   2.945370e-07   5.885936e+06   2.809596e-01  -2.898129e+00  -2.915013e+00   2.650833e-06   2.656886e+03   5.272569e-01
     8  -4.144834e+00  -4.162430e+00   7.302745e-07   5.863246e+06   2.819719e-01            nan  -4.252719e+00  -4.263802e+00   3.436881e-07   5.879833e+06   2.809588e-01  -2.863346e+00  -2.880390e+00   3.093193e-06   2.417496e+03   5.236759e-01
     9  -4.108899e+00  -4.126495e+00   9.331239e-07   5.844771e+06   2.819160e-01            nan  -4.230254e+00  -4.241341e+00   4.010398e-07   5.873082e+06   2.809579e-01  -2.828205e+00  -2.845421e+00   3.609358e-06   2.192921e+03   5.197300e-01
    10  -4.072965e+00  -4.090560e+00   1.192062e-06   5.823173e+06   2.818630e-01            nan  -4.207782e+00  -4.218873e+00   4.679601e-07   5.865614e+06   2.809569e-01  -2.792692e+00  -2.810086e+00   4.211641e-06   1.983570e+03   5.153815e-01
    11  -4.037030e+00  -4.054626e+00   1.522332e-06   5.798166e+06   2.818127e-01            nan  -4.185300e+00  -4.196396e+00   5.460446e-07   5.857355e+06   2.809558e-01  -2.756804e+00  -2.774377e+00   4.914402e-06   1.789696e+03   5.106058e-01
    12  -4.001095e+00  -4.018691e+00   1.943406e-06   5.769216e+06   2.817648e-01            nan  -4.162807e+00  -4.173908e+00   6.371554e-07   5.848220e+06   2.809546e-01  -2.720557e+00  -2.738303e+00   5.734398e-06   1.611514e+03   5.054536e-01
    13  -3.965161e+00  -3.982756e+00   2.479726e-06   5.735294e+06   2.817190e-01            nan  -4.140300e+00  -4.151408e+00   7.434644e-07   5.838118e+06   2.809533e-01  -2.683973e+00  -2.701880e+00   6.691180e-06   1.448579e+03   4.998680e-01
    14  -3.929226e+00  -3.946822e+00   3.162207e-06   5.696314e+06   2.816753e-01            nan  -4.117779e+00  -4.128894e+00   8.675058e-07   5.826947e+06   2.809518e-01  -2.647085e+00  -2.665137e+00   7.807552e-06   1.300519e+03   4.939357e-01
    15  -3.893291e+00  -3.910887e+00   4.029828e-06   5.650518e+06   2.816332e-01            nan  -4.095241e+00  -4.106364e+00   1.012236e-06   5.814595e+06   2.809501e-01  -2.609931e+00  -2.628110e+00   9.110122e-06   1.166572e+03   4.876327e-01
    16  -3.857356e+00  -3.874952e+00   5.130929e-06   5.597811e+06   2.815927e-01            nan  -4.072684e+00  -4.083816e+00   1.181103e-06   5.800939e+06   2.809482e-01  -2.572554e+00  -2.590840e+00   1.062993e-05   1.045911e+03   4.810270e-01
    17  -3.821422e+00  -3.839018e+00   6.526968e-06   5.536672e+06   2.815533e-01            nan  -4.050106e+00  -4.061249e+00   1.378130e-06   5.785845e+06   2.809462e-01  -2.535000e+00  -2.553371e+00   1.240317e-05   9.375892e+02   4.741409e-01
    18  -3.785487e+00  -3.803083e+00   8.292374e-06   5.465951e+06   2.815149e-01            nan  -4.027504e+00  -4.038658e+00   1.608010e-06   5.769164e+06   2.809439e-01  -2.497314e+00  -2.515749e+00   1.447209e-05   8.406070e+02   4.670388e-01
    19  -3.749552e+00  -3.767148e+00   1.052180e-05   5.384978e+06   2.814770e-01            nan  -4.004876e+00  -4.016042e+00   1.876216e-06   5.750733e+06   2.809414e-01  -2.459540e+00  -2.478017e+00   1.688595e-05   7.539632e+02   4.597532e-01
    20  -3.713618e+00  -3.731213e+00   1.332854e-05   5.291213e+06   2.814394e-01            nan  -3.982217e+00  -3.993399e+00   2.189133e-06   5.730372e+06   2.809385e-01  -2.421718e+00  -2.440217e+00   1.970220e-05   6.766470e+02   4.523682e-01
    21  -3.677683e+00  -3.695279e+00   1.685356e-05   5.185270e+06   2.814016e-01            nan  -3.959526e+00  -3.970723e+00   2.554206e-06   5.707888e+06   2.809354e-01  -2.383886e+00  -2.402390e+00   2.298786e-05   6.077475e+02   4.448841e-01
    22  -3.641748e+00  -3.659344e+00   2.126469e-05   5.063062e+06   2.813631e-01            nan  -3.936798e+00  -3.948013e+00   2.980121e-06   5.683065e+06   2.809319e-01  -2.346075e+00  -2.364569e+00   2.682109e-05   5.463113e+02   4.374276e-01
    23  -3.605814e+00  -3.623409e+00   2.676494e-05   4.926815e+06   2.813236e-01            nan  -3.914029e+00  -3.925264e+00   3.477003e-06   5.655671e+06   2.809280e-01  -2.308317e+00  -2.326786e+00   3.129303e-05   4.916120e+02   4.299338e-01
    24  -3.569879e+00  -3.587475e+00   3.359202e-05   4.771243e+06   2.812821e-01            nan  -3.891214e+00  -3.902472e+00   4.056664e-06   5.625450e+06   2.809237e-01  -2.270628e+00  -2.289064e+00   3.650997e-05   4.427755e+02   4.225847e-01
    25  -3.533944e+00  -3.551540e+00   4.202831e-05   4.600092e+06   2.812384e-01            nan  -3.868349e+00  -3.879631e+00   4.732872e-06   5.592126e+06   2.809189e-01  -2.233035e+00  -2.251425e+00   4.259585e-05   3.992769e+02   4.152474e-01
    26  -3.498009e+00  -3.515605e+00   5.238504e-05   4.408219e+06   2.811910e-01            nan  -3.845427e+00  -3.856736e+00   5.521683e-06   5.555399e+06   2.809135e-01  -2.195543e+00  -2.213885e+00   4.969515e-05   3.603466e+02   4.081398e-01
    27  -3.462075e+00  -3.479671e+00   6.504970e-05   4.199831e+06   2.811397e-01            nan  -3.822442e+00  -3.833782e+00   6.441814e-06   5.514943e+06   2.809076e-01  -2.158168e+00  -2.176454e+00   5.797633e-05   3.255744e+02   4.011451e-01
    28  -3.426140e+00  -3.443736e+00   8.036687e-05   3.972880e+06   2.810827e-01            nan  -3.799387e+00  -3.810762e+00   7.515084e-06   5.470407e+06   2.809009e-01  -2.120912e+00  -2.139140e+00   6.763576e-05   2.944136e+02   3.943683e-01
    29  -3.390205e+00  -3.407801e+00   9.882590e-05   3.729223e+06   2.810188e-01            nan  -3.776255e+00  -3.787667e+00   8.766923e-06   5.421414e+06   2.808935e-01  -2.083780e+00  -2.101949e+00   7.890231e-05   2.664862e+02   3.877792e-01
    30  -3.354271e+00  -3.371866e+00   1.208694e-04   3.473491e+06   2.809471e-01            nan  -3.753036e+00  -3.764490e+00   1.022697e-05   5.367560e+06   2.808852e-01  -2.046774e+00  -2.064883e+00   9.204273e-05   2.414229e+02   3.813868e-01
    31  -3.318336e+00  -3.335932e+00   1.468702e-04   3.204199e+06   2.808643e-01            nan  -3.729720e+00  -3.741222e+00   1.192976e-05   5.308413e+06   2.808759e-01  -2.009893e+00  -2.027942e+00   1.073678e-04   2.188823e+02   3.752289e-01
    32  -3.282401e+00  -3.299997e+00   1.773626e-04   2.927671e+06   2.807687e-01            nan  -3.706297e+00  -3.717851e+00   1.391553e-05   5.243517e+06   2.808655e-01  -1.973139e+00  -1.991127e+00   1.252398e-04   1.986211e+02   3.692436e-01
    33  -3.246467e+00  -3.264062e+00   2.127679e-04   2.649194e+06   2.806583e-01            nan  -3.682754e+00  -3.694366e+00   1.623115e-05   5.172388e+06   2.808539e-01  -1.936503e+00  -1.954435e+00   1.460803e-04   1.803412e+02   3.635139e-01
    34  -3.210532e+00  -3.228128e+00   2.534453e-04   2.372934e+06   2.805297e-01            nan  -3.659078e+00  -3.670755e+00   1.893121e-05   5.094521e+06   2.808408e-01  -1.899989e+00  -1.917863e+00   1.703808e-04   1.638831e+02   3.579305e-01
    35  -3.174597e+00  -3.192193e+00   2.995751e-04   2.103190e+06   2.803792e-01            nan  -3.635252e+00  -3.647002e+00   2.207926e-05   5.009394e+06   2.808261e-01  -1.863588e+00  -1.881407e+00   1.987134e-04   1.489949e+02   3.525998e-01
    36  -3.138662e+00  -3.156258e+00   3.513283e-04   1.842821e+06   2.801995e-01            nan  -3.611260e+00  -3.623090e+00   2.574932e-05   4.916468e+06   2.808096e-01  -1.827300e+00  -1.845065e+00   2.317439e-04   1.355621e+02   3.474025e-01
    37  -3.102728e+00  -3.120324e+00   4.088987e-04   1.597949e+06   2.799877e-01   4.781928e-01  -3.587081e+00  -3.599002e+00   3.002750e-05   4.815199e+06   2.807910e-01  -1.791118e+00  -1.808832e+00   2.702475e-04   1.233906e+02   3.424256e-01
    38  -3.066793e+00  -3.084389e+00   4.723180e-04   1.371630e+06   2.797190e-01   4.765833e-01  -3.562693e+00  -3.574716e+00   3.501400e-05   4.705044e+06   2.807701e-01  -1.755040e+00  -1.772704e+00   3.151260e-04   1.123832e+02   3.375752e-01
    39  -3.030858e+00  -3.048454e+00   5.414685e-04   1.166161e+06   2.793977e-01   4.747044e-01  -3.538073e+00  -3.550209e+00   4.082538e-05   4.585474e+06   2.807463e-01  -1.719062e+00  -1.736679e+00   3.674284e-04   1.023995e+02   3.328967e-01
    40  -2.994924e+00  -3.012519e+00   6.156672e-04   9.817343e+05   2.790074e-01   4.726119e-01  -3.513190e+00  -3.525453e+00   4.759714e-05   4.455988e+06   2.807194e-01  -1.683182e+00  -1.700751e+00   4.283742e-04   9.335423e+01   3.283222e-01
    41  -2.958989e+00  -2.976585e+00   6.950555e-04   8.193756e+05   2.785365e-01   4.703098e-01  -3.488013e+00  -3.500419e+00   5.548679e-05   4.316134e+06   2.806888e-01  -1.647397e+00  -1.664921e+00   4.993811e-04   8.514203e+01   3.238728e-01
    42  -2.923054e+00  -2.940650e+00   7.796135e-04   6.789657e+05   2.779764e-01   4.677876e-01  -3.462505e+00  -3.475072e+00   6.467734e-05   4.165524e+06   2.806538e-01  -1.611706e+00  -1.629185e+00   5.820960e-04   7.769143e+01   3.194927e-01
    43  -2.887120e+00  -2.904715e+00   8.695142e-04   5.592882e+05   2.773215e-01   4.650213e-01  -3.436625e+00  -3.449372e+00   7.538125e-05   4.003869e+06   2.806139e-01  -1.576108e+00  -1.593543e+00   6.784313e-04   7.092011e+01   3.151914e-01
    44  -2.851185e+00  -2.868781e+00   9.634764e-04   4.584866e+05   2.765774e-01   4.619811e-01  -3.410325e+00  -3.423276e+00   8.784517e-05   3.831004e+06   2.805680e-01  -1.540603e+00  -1.557993e+00   7.906065e-04   6.476975e+01   3.109165e-01
    45  -2.815250e+00  -2.832846e+00   1.060738e-03   3.734108e+05   2.756388e-01   4.589612e-01  -3.383551e+00  -3.396732e+00   1.023551e-04   3.646924e+06   2.805150e-01  -1.505189e+00  -1.522536e+00   9.211963e-04   5.917344e+01   3.066771e-01
    46  -2.779315e+00  -2.796911e+00   1.163759e-03   3.034076e+05   2.745815e-01   4.557139e-01  -3.356239e+00  -3.369680e+00   1.192428e-04   3.451827e+06   2.804537e-01  -1.469868e+00  -1.487170e+00   1.073185e-03   5.408450e+01   3.024187e-01
    47  -2.743381e+00  -2.760976e+00   1.269256e-03   2.459408e+05   2.734062e-01   4.522531e-01  -3.328319e+00  -3.342055e+00   1.388921e-04   3.246157e+06   2.803822e-01  -1.434637e+00  -1.451896e+00   1.250029e-03   4.944646e+01   2.981610e-01
    48  -2.707446e+00  -2.725042e+00   1.379132e-03   1.988898e+05   2.719637e-01   4.490025e-01  -3.299705e+00  -3.313776e+00   1.617478e-04   3.030647e+06   2.802985e-01  -1.399497e+00  -1.416712e+00   1.455730e-03   4.522273e+01   2.938449e-01
    49  -2.671511e+00  -2.689107e+00   1.493732e-03   1.607830e+05   2.704572e-01   4.454074e-01  -3.270302e+00  -3.284755e+00   1.883238e-04   2.806370e+06   2.801997e-01  -1.364443e+00  -1.381617e+00   1.694914e-03   4.136427e+01   2.895100e-01
    50  -2.635577e+00  -2.653172e+00   1.610902e-03   1.299171e+05   2.686172e-01   4.422675e-01  -3.239996e+00  -3.254885e+00   2.192140e-04   2.574782e+06   2.800823e-01  -1.329473e+00  -1.346606e+00   1.972926e-03   3.784156e+01   2.851031e-01
    51  -2.599642e+00  -2.617238e+00   1.734256e-03   1.050195e+05   2.667152e-01   4.388482e-01  -3.208657e+00  -3.224044e+00   2.551039e-04   2.337760e+06   2.799416e-01  -1.294578e+00  -1.311675e+00   2.295935e-03   3.461467e+01   2.806685e-01
    52  -2.563707e+00  -2.581303e+00   1.860144e-03   8.500576e+04   2.644783e-01   4.359668e-01  -3.176130e+00  -3.192089e+00   2.967831e-04   2.097624e+06   2.797715e-01  -1.259751e+00  -1.276815e+00   2.671048e-03   3.165726e+01   2.761826e-01
    53  -2.527772e+00  -2.545368e+00   1.992664e-03   6.885158e+04   2.622022e-01   4.328506e-01  -3.142235e+00  -3.158852e+00   3.451610e-04   1.857142e+06   2.795638e-01  -1.224978e+00  -1.242017e+00   3.106449e-03   2.893937e+01   2.716783e-01
    54  -2.491838e+00  -2.509434e+00   2.129372e-03   5.592955e+04   2.595543e-01   4.304930e-01  -3.106759e+00  -3.124135e+00   4.012824e-04   1.619501e+06   2.793074e-01  -1.190245e+00  -1.207265e+00   3.611542e-03   2.643684e+01   2.671721e-01
    55  -2.455903e+00  -2.473499e+00   2.272421e-03   4.544052e+04   2.569590e-01   4.277652e-01  -3.069453e+00  -3.087705e+00   4.663463e-04   1.388241e+06   2.789871e-01  -1.155535e+00  -1.172544e+00   4.197117e-03   2.412922e+01   2.626727e-01
    56  -2.419968e+00  -2.437564e+00   2.422303e-03   3.708999e+04   2.539312e-01   4.261282e-01  -3.030026e+00  -3.049292e+00   5.417261e-04   1.167129e+06   2.785820e-01  -1.120825e+00  -1.137834e+00   4.875535e-03   2.199494e+01   2.582354e-01
    57  -2.384034e+00  -2.401629e+00   2.578220e-03   3.028012e+04   2.509698e-01   4.241852e-01  -2.988138e+00  -3.008577e+00   6.289911e-04   9.599869e+05   2.780626e-01  -1.086093e+00  -1.103112e+00   5.660920e-03   2.002068e+01   2.538506e-01
    58  -2.348099e+00  -2.365695e+00   2.743660e-03   2.481642e+04   2.477547e-01   4.230236e-01  -2.943399e+00  -2.965192e+00   7.299314e-04   7.704467e+05   2.773877e-01  -1.051317e+00  -1.068357e+00   6.569382e-03   1.819185e+01   2.495514e-01
    59  -2.312164e+00  -2.329760e+00   2.915657e-03   2.036847e+04   2.445089e-01   4.219151e-01  -2.895371e+00  -2.918721e+00   8.465830e-04   6.016554e+05   2.764989e-01  -1.016473e+00  -1.033546e+00   7.619247e-03   1.649796e+01   2.453415e-01
    60  -2.276230e+00  -2.293825e+00   3.098689e-03   1.675570e+04   2.412005e-01   4.212324e-01  -2.843580e+00  -2.868704e+00   9.812558e-04   4.559519e+05   2.753144e-01  -9.815440e-01  -9.986575e-01   8.831303e-03   1.493108e+01   2.411991e-01
    61  -2.240295e+00  -2.257891e+00   3.291198e-03   1.382376e+04   2.377906e-01   4.209217e-01  -2.787543e+00  -2.814658e+00   1.136562e-03   3.345606e+05   2.737216e-01  -9.465113e-01  -9.636745e-01   1.022906e-02   1.348236e+01   2.371439e-01
    62  -2.204360e+00  -2.221956e+00   3.495455e-03   1.141235e+04   2.344557e-01   4.207598e-01  -2.726827e+00  -2.756125e+00   1.315444e-03   2.373700e+05   2.715702e-01  -9.113628e-01  -9.285816e-01   1.183900e-02   1.214598e+01   2.331468e-01
    63  -2.168425e+00  -2.186021e+00   3.712410e-03   9.458262e+03   2.310193e-01   4.211717e-01  -2.661134e+00  -2.692739e+00   1.521208e-03   1.628756e+05   2.686729e-01  -8.760910e-01  -8.933689e-01   1.369088e-02   1.091629e+01   2.291772e-01
    64  -2.132491e+00  -2.150087e+00   3.942846e-03   7.841269e+03   2.276874e-01   4.216714e-01  -2.590418e+00  -2.624338e+00   1.757548e-03   1.083477e+05   2.648214e-01  -8.406904e-01  -8.580301e-01   1.581793e-02   9.786851e+00   2.252410e-01
    65  -2.096556e+00  -2.114152e+00   4.188280e-03   6.518161e+03   2.243802e-01   4.224968e-01  -2.514998e+00  -2.551073e+00   2.028572e-03   7.023093e+04   2.598283e-01  -8.051597e-01  -8.225618e-01   1.825715e-02   8.752221e+00   2.213164e-01
    66  -2.060621e+00  -2.078217e+00   4.450435e-03   5.424276e+03   2.211568e-01   4.235006e-01  -2.435613e+00  -2.473494e+00   2.338830e-03   4.469499e+04   2.535965e-01  -7.695011e-01  -7.869646e-01   2.104947e-02   7.806905e+00   2.173830e-01
    67  -2.024687e+00  -2.042282e+00   4.729786e-03   4.520240e+03   2.180401e-01   4.246632e-01  -2.353361e+00  -2.392543e+00   2.693323e-03   2.817593e+04   2.461893e-01  -7.337183e-01  -7.512413e-01   2.423991e-02   6.945199e+00   2.134414e-01
    68  -1.988752e+00  -2.006348e+00   5.029544e-03   3.772992e+03   2.150291e-01   4.259508e-01  -2.269511e+00  -2.309415e+00   3.097518e-03   1.774701e+04   2.378559e-01  -6.978165e-01  -7.153965e-01   2.787766e-02   6.161553e+00   2.094923e-01
    69  -1.952817e+00  -1.970413e+00   5.349732e-03   3.151543e+03   2.121445e-01   4.273855e-01  -2.185278e+00  -2.225356e+00   3.557342e-03   1.124529e+04   2.289829e-01  -6.618029e-01  -6.794365e-01   3.201608e-02   5.450826e+00   2.055240e-01
    70  -1.916883e+00  -1.934478e+00   5.693557e-03   2.636854e+03   2.094209e-01   4.287598e-01  -2.101651e+00  -2.141455e+00   4.079169e-03   7.200086e+03   2.199946e-01  -6.256871e-01  -6.433697e-01   3.671252e-02   4.808014e+00   2.015260e-01
    71  -1.880948e+00  -1.898544e+00   6.062303e-03   2.207346e+03   2.068134e-01   4.303306e-01  -2.019326e+00  -2.058541e+00   4.669785e-03   4.668604e+03   2.112582e-01  -5.894797e-01  -6.072062e-01   4.202806e-02   4.228170e+00   1.975074e-01
    72  -1.845013e+00  -1.862609e+00   6.458276e-03   1.850441e+03   2.044208e-01   4.316486e-01  -1.938730e+00  -1.977161e+00   5.336336e-03   3.067582e+03   2.030330e-01  -5.531927e-01  -5.709573e-01   4.802703e-02   3.706659e+00   1.934625e-01
    73  -1.809078e+00  -1.826674e+00   6.884512e-03   1.552191e+03   2.021458e-01   4.331299e-01  -1.860090e+00  -1.897632e+00   6.086254e-03   2.041986e+03   1.954661e-01  -5.168408e-01  -5.346365e-01   5.477629e-02   3.239092e+00   1.893820e-01
    74  -1.773144e+00  -1.790740e+00   7.342397e-03   1.303362e+03   2.000872e-01   4.343424e-01  -1.783498e+00  -1.820108e+00   6.927149e-03   1.376173e+03   1.886118e-01  -4.804407e-01  -4.982595e-01   6.234434e-02   2.821267e+00   1.852567e-01
    75  -1.737209e+00  -1.754805e+00   7.836649e-03   1.095266e+03   1.981642e-01   4.355956e-01  -1.708976e+00  -1.744640e+00   7.866679e-03   9.382875e+02   1.824586e-01  -4.440108e-01  -4.618439e-01   7.080011e-02   2.449130e+00   1.810905e-01
    76  -1.701274e+00  -1.718870e+00   8.368190e-03   9.212105e+02   1.964448e-01   4.365663e-01  -1.636508e+00  -1.671232e+00   8.912390e-03   6.467702e+02   1.769514e-01  -4.075718e-01  -4.254092e-01   8.021151e-02   2.118845e+00   1.768789e-01
    77  -1.665340e+00  -1.682935e+00   8.943071e-03   7.754721e+02   1.948702e-01   4.374609e-01  -1.566066e+00  -1.599861e+00   1.007152e-02   4.504786e+02   1.720073e-01  -3.711466e-01  -3.889774e-01   9.064369e-02   1.826796e+00   1.726139e-01
    78  -1.629405e+00  -1.647001e+00   9.562445e-03   6.533536e+02   1.934804e-01   4.380517e-01  -1.497624e+00  -1.530498e+00   1.135078e-02   3.168934e+02   1.675262e-01  -3.347612e-01  -3.525729e-01   1.021570e-01   1.569561e+00   1.682871e-01
    79  -1.593470e+00  -1.611066e+00   1.023327e-02   5.509711e+02   1.922303e-01   4.384768e-01  -1.431154e+00  -1.463118e+00   1.275612e-02   2.250592e+02   1.633987e-01  -2.984437e-01  -3.162229e-01   1.148050e-01   1.343878e+00   1.638982e-01
    80  -1.557536e+00  -1.575131e+00   1.095772e-02   4.650502e+02   1.911408e-01   4.385662e-01  -1.366632e+00  -1.397696e+00   1.429243e-02   1.613048e+02   1.595136e-01  -2.622242e-01  -2.799565e-01   1.286319e-01   1.146659e+00   1.594488e-01
    81  -1.521601e+00  -1.539197e+00   1.174331e-02   3.929249e+02   1.901711e-01   4.384322e-01  -1.304027e+00  -1.334203e+00   1.596333e-02   1.166111e+02   1.557681e-01  -2.261353e-01  -2.438050e-01   1.436700e-01   9.750338e-01   1.549339e-01
    82  -1.485666e+00  -1.503262e+00   1.259398e-02   3.322993e+02   1.893295e-01   4.379437e-01  -1.243296e+00  -1.272601e+00   1.777087e-02   8.496898e+01   1.520785e-01  -1.902120e-01  -2.078024e-01   1.599378e-01   8.263125e-01   1.503499e-01
    83  -1.449731e+00  -1.467327e+00   1.351763e-02   2.813463e+02   1.885779e-01   4.371979e-01  -1.184370e+00  -1.212834e+00   1.971527e-02   6.234067e+01   1.483920e-01  -1.544908e-01  -1.719843e-01   1.774374e-01   6.979747e-01   1.457022e-01
    84  -1.413797e+00  -1.431393e+00   1.452060e-02   2.384316e+02   1.879098e-01   4.361358e-01  -1.127155e+00  -1.154821e+00   2.179475e-02   4.599285e+01   1.446944e-01  -1.190092e-01  -1.363878e-01   1.961527e-01   5.876814e-01   1.409977e-01
    85  -1.377862e+00  -1.395458e+00   1.561135e-02   2.023158e+02   1.872985e-01   4.347991e-01  -1.071520e+00  -1.098447e+00   2.400535e-02   3.406390e+01   1.410118e-01  -8.380594e-02  -1.010510e-01   2.160481e-01   4.932949e-01   1.362388e-01
    86  -1.341927e+00  -1.359523e+00   1.679885e-02   1.718237e+02   1.867168e-01   4.332891e-01  -1.017308e+00  -1.043569e+00   2.634082e-02   2.527954e+01   1.374009e-01  -4.892040e-02  -6.601298e-02   2.370673e-01   4.128523e-01   1.314322e-01
    87  -1.305993e+00  -1.323588e+00   1.809286e-02   1.461041e+02   1.861548e-01   4.315699e-01  -9.643365e-01  -9.900152e-01   2.879262e-02   1.876173e+01   1.339322e-01  -1.439050e-02  -3.131237e-02   2.591336e-01   3.445515e-01   1.265967e-01
    88  -1.270058e+00  -1.287654e+00   1.950447e-02   1.243511e+02   1.855851e-01   4.297912e-01  -9.124155e-01  -9.376006e-01   3.134998e-02   1.390071e+01   1.306715e-01   1.974604e-02   3.013081e-03   2.821498e-01   2.867879e-01   1.217405e-01
    89  -1.234123e+00  -1.251719e+00   2.104593e-02   1.059283e+02   1.849961e-01   4.280333e-01  -8.613625e-01  -8.861393e-01   3.400006e-02   1.026691e+01   1.276566e-01   5.345315e-02   3.692653e-02   3.060005e-01   2.381137e-01   1.168788e-01
    90  -1.198189e+00  -1.215784e+00   2.273024e-02   9.033042e+01   1.843891e-01   4.262620e-01  -8.110190e-01  -8.354616e-01   3.672816e-02   7.552451e+00   1.248901e-01   8.669779e-02   7.039350e-02   3.305535e-01   1.972359e-01   1.120327e-01
    91  -1.162254e+00  -1.179850e+00   2.457126e-02   7.703878e+01   1.837416e-01   4.248537e-01  -7.612602e-01  -7.854273e-01   3.951809e-02   5.530832e+00   1.223364e-01   1.194488e-01   1.033819e-01   3.556628e-01   1.630231e-01   1.072146e-01
    92  -1.126319e+00  -1.143915e+00   2.658766e-02   6.575216e+01   1.830839e-01   4.235899e-01  -7.119972e-01  -7.359306e-01   4.235249e-02   4.031962e+00   1.199400e-01   1.516797e-01   1.358632e-01   3.811724e-01   1.344701e-01   1.024494e-01
    93  -1.090384e+00  -1.107980e+00   2.878917e-02   5.612449e+01   1.824118e-01   4.226693e-01  -6.631673e-01  -6.868963e-01   4.521329e-02   2.926014e+00   1.176457e-01   1.833669e-01   1.678122e-01   4.069196e-01   1.107119e-01   9.775169e-02
    94  -1.054450e+00  -1.072045e+00   3.119939e-02   4.788848e+01   1.817611e-01   4.220704e-01  -6.147182e-01  -6.382675e-01   4.808216e-02   2.113553e+00   1.154146e-01   2.144915e-01   1.992080e-01   4.327394e-01   9.099340e-02   9.314185e-02
    95  -1.018515e+00  -1.036111e+00   3.383977e-02   4.086850e+01   1.811251e-01   4.216726e-01  -5.665974e-01  -5.899917e-01   5.094094e-02   1.519177e+00   1.132302e-01   2.450387e-01   2.300336e-01   4.584685e-01   7.466825e-02   8.863584e-02
    96  -9.825803e-01  -1.000176e+00   3.671616e-02   3.484982e+01   1.805378e-01   4.213960e-01  -5.187405e-01  -5.420101e-01   5.377208e-02   1.086006e+00   1.110874e-01   2.749980e-01   2.602766e-01   4.839488e-01   6.118245e-02   8.424938e-02
    97  -9.466456e-01  -9.642414e-01   3.986295e-02   2.969412e+01   1.800221e-01   4.210706e-01  -4.710655e-01  -4.942491e-01   5.655903e-02   7.715605e-01   1.089884e-01   3.043634e-01   2.899288e-01   5.090312e-01   5.006482e-02   7.999638e-02
    98  -9.107109e-01  -9.283067e-01   4.330588e-02   2.529631e+01   1.795329e-01   4.205914e-01  -4.234757e-01  -4.466191e-01   5.928652e-02   5.443672e-01   1.069385e-01   3.331327e-01   3.189862e-01   5.335787e-01   4.091695e-02   7.588767e-02
    99  -8.747762e-01  -8.923720e-01   4.704732e-02   2.153341e+01   1.790859e-01   4.197060e-01  -3.758545e-01  -3.990127e-01   6.194091e-02   3.810548e-01   1.049425e-01   3.613079e-01   3.474487e-01   5.574682e-01   3.340239e-02   7.193327e-02
   100  -8.388415e-01  -8.564373e-01   5.113089e-02   1.831383e+01   1.786872e-01   4.182944e-01  -3.280624e-01  -3.513014e-01   6.451030e-02   2.643406e-01   1.030068e-01   3.888945e-01   3.753202e-01   5.805927e-01   2.723947e-02   6.813917e-02
   101  -8.029068e-01  -8.205026e-01   5.559124e-02   1.557531e+01   1.782499e-01   4.164327e-01  -2.799401e-01  -3.033350e-01   6.698469e-02   1.815140e-01   1.011402e-01   4.159014e-01   4.026079e-01   6.028622e-01   2.219194e-02   6.451114e-02
   102  -7.669721e-01  -7.845679e-01   6.044783e-02   1.324644e+01   1.777417e-01   4.140548e-01  -2.313073e-01  -2.549433e-01   6.935597e-02   1.232170e-01   9.935108e-02   4.423402e-01   4.293220e-01   6.242038e-01   1.806358e-02   6.105065e-02
   103  -7.310374e-01  -7.486332e-01   6.572799e-02   1.125762e+01   1.771836e-01   4.111210e-01  -1.819572e-01  -2.059317e-01   7.161799e-02   8.256342e-02   9.765190e-02   4.682255e-01   4.554757e-01   6.445619e-01   1.469067e-02   5.775974e-02
   104  -6.951027e-01  -7.126985e-01   7.149115e-02   9.568894e+00   1.764891e-01   4.078582e-01  -1.316669e-01  -1.560846e-01   7.376638e-02   5.453408e-02   9.605692e-02   4.935737e-01   4.810845e-01   6.638974e-01   1.193824e-02   5.463603e-02
   105  -6.591680e-01  -6.767638e-01   7.778089e-02   8.134648e+00   1.756298e-01   4.042569e-01  -8.020589e-02  -1.051746e-01   7.579851e-02   3.546351e-02   9.457565e-02   5.184035e-01   5.061660e-01   6.821866e-01   9.694054e-03   5.167862e-02
   106  -6.232333e-01  -6.408291e-01   8.461559e-02   6.914877e+00   1.745908e-01   4.003216e-01  -2.734841e-02  -5.297350e-02   7.771330e-02   2.268406e-02   9.321597e-02   5.427350e-01   5.307396e-01   6.994197e-01   7.866137e-03   4.888248e-02
   107  -5.872986e-01  -6.048944e-01   9.205733e-02   5.875020e+00   1.733821e-01   3.961171e-01   2.706308e-02   7.089078e-04   7.951106e-02   1.427913e-02   9.194817e-02   5.665897e-01   5.548261e-01   7.155996e-01   6.378340e-03   4.624418e-02
   108  -5.513639e-01  -5.689597e-01   1.001714e-01   4.990594e+00   1.719655e-01   3.915928e-01   8.306625e-02   5.596676e-02   8.119333e-02   8.862715e-03   9.070423e-02   5.899900e-01   5.784474e-01   7.307399e-01   5.168404e-03   4.375749e-02
   109  -5.154292e-01  -5.330250e-01   1.090130e-01   4.237696e+00   1.703311e-01   3.866867e-01   1.404632e-01   1.127122e-01   8.276263e-02   5.450883e-03   8.932030e-02   6.129593e-01   6.016265e-01   7.448636e-01   4.185103e-03   4.141681e-02
   110  -4.794945e-01  -4.970903e-01   1.186066e-01   3.595893e+00   1.684773e-01   3.813302e-01   1.986998e-01   1.705569e-01   8.422234e-02   3.351102e-03   8.751214e-02   6.355214e-01   6.243868e-01   7.580011e-01   3.386541e-03   3.921567e-02
   111  -4.435598e-01  -4.611555e-01   1.290293e-01   3.047948e+00   1.664183e-01   3.754637e-01   2.568594e-01   2.287524e-01   8.557652e-02   2.082490e-03   8.493724e-02   6.577002e-01   6.467523e-01   7.701887e-01   2.738460e-03   3.714700e-02
   112  -4.076251e-01  -4.252208e-01   1.403540e-01   2.580950e+00   1.641321e-01   3.690083e-01   3.138209e-01   2.862734e-01   8.682971e-02   1.322515e-03   8.134990e-02   6.795203e-01   6.687473e-01   7.814674e-01   2.212816e-03   3.520447e-02
   113  -3.716904e-01  -3.892861e-01   1.526390e-01   2.182773e+00   1.616145e-01   3.618617e-01   3.685663e-01   3.420557e-01   8.798682e-02   8.642657e-04   7.677885e-02   7.010058e-01   6.903959e-01   7.918814e-01   1.786775e-03   3.338074e-02
   114  -3.357557e-01  -3.533514e-01   1.659133e-01   1.843190e+00   1.588667e-01   3.539070e-01   4.204322e-01   3.952730e-01   8.905301e-02   5.819928e-04   7.153092e-02   7.221808e-01   7.117223e-01   8.014771e-01   1.441681e-03   3.166909e-02
   115  -2.998210e-01  -3.174167e-01   1.802491e-01   1.553439e+00   1.559044e-01   3.449752e-01   4.691609e-01   4.454796e-01   9.003354e-02   4.027396e-04   6.601715e-02   7.430692e-01   7.327506e-01   8.103019e-01   1.162339e-03   3.006281e-02
   116  -2.638862e-01  -2.814820e-01   1.957207e-01   1.306723e+00   1.527177e-01   3.350173e-01   5.147994e-01   4.925794e-01   9.093373e-02   2.851334e-04   6.058412e-02   7.636942e-01   7.535041e-01   8.184036e-01   9.363821e-04   2.855511e-02
   117  -2.279515e-01  -2.455473e-01   2.123803e-01   1.096796e+00   1.493091e-01   3.239068e-01   5.575614e-01   5.367065e-01   9.175884e-02   2.056443e-04   5.545076e-02   7.840787e-01   7.740061e-01   8.258295e-01   7.537331e-04   2.713977e-02
   118  -1.920168e-01  -2.096126e-01   2.302292e-01   9.183012e-01   1.456851e-01   3.114565e-01   5.977272e-01   5.781085e-01   9.251402e-02   1.505414e-04   5.072028e-02   8.042450e-01   7.942789e-01   8.326262e-01   6.062020e-04   2.581061e-02
   119  -1.560821e-01  -1.736779e-01   2.493340e-01   7.666984e-01   1.418591e-01   2.974089e-01   6.355885e-01   6.170703e-01   9.320429e-02   1.115307e-04   4.642402e-02   8.242144e-01   8.143445e-01   8.388386e-01   4.871303e-04   2.456166e-02
   120  -1.201474e-01  -1.377432e-01   2.697393e-01   6.382453e-01   1.378335e-01   2.817956e-01   6.714225e-01   6.538750e-01   9.383445e-02   8.342879e-05   4.255408e-02   8.440076e-01   8.342237e-01   8.445100e-01   3.911038e-04   2.338743e-02
   121  -8.421274e-02  -1.018085e-01   2.914454e-01   5.296061e-01   1.336162e-01   2.645029e-01   7.054738e-01   6.887818e-01   9.440910e-02   6.290914e-05   3.908009e-02   8.636444e-01   8.539370e-01   8.496819e-01   3.137270e-04   2.228261e-02
   122  -4.827803e-02  -6.587382e-02   3.144096e-01   4.378855e-01   1.292221e-01   2.451452e-01   7.379592e-01   7.220202e-01   9.493262e-02   4.774876e-05   3.596544e-02   8.831438e-01   8.735036e-01   8.543935e-01   2.514323e-04   2.124218e-02
   123  -1.234333e-02  -2.993912e-02   3.386643e-01   3.606294e-01   1.246593e-01   2.239051e-01   7.690676e-01   7.537919e-01   9.540910e-02   3.643995e-05   3.317274e-02   9.025237e-01   8.929418e-01   8.586819e-01   2.013246e-04   2.026145e-02
   124   2.359137e-02   5.995581e-03   3.641691e-01   2.957772e-01   1.199454e-01   2.008127e-01   7.989623e-01   7.842721e-01   9.584241e-02   2.793699e-05   3.066481e-02   9.218011e-01   9.122693e-01   8.625817e-01   1.610558e-04   1.933613e-02
   125   5.952607e-02   4.193028e-02   3.908273e-01   2.415061e-01   1.151005e-01   1.758228e-01   8.277860e-01   8.136132e-01   9.623618e-02   2.149966e-05   2.840934e-02   9.409919e-01   9.315025e-01   8.661256e-01   1.287246e-04   1.846209e-02
   126   9.546078e-02   7.786499e-02   4.186224e-01   1.962535e-01   1.101458e-01   1.494371e-01   8.556627e-01   8.419480e-01   9.659376e-02   1.659847e-05   2.637614e-02   9.601113e-01   9.506568e-01   8.693438e-01   1.027907e-04   1.763555e-02
   127   1.313955e-01   1.137997e-01   4.474254e-01   1.586612e-01   1.051051e-01   1.214796e-01   8.827009e-01   8.693922e-01   9.691827e-02   1.284882e-05   2.453921e-02   9.791731e-01   9.697467e-01   8.722644e-01   8.200802e-05   1.685305e-02
   128   1.673302e-01   1.497344e-01   4.771117e-01   1.275782e-01   1.000002e-01   9.366734e-02   9.089966e-01   8.960478e-01   9.721261e-02   9.968015e-06   2.287568e-02   9.981903e-01   9.887858e-01   8.749135e-01   6.536917e-05   1.611139e-02
   129   2.032649e-01   1.856691e-01   5.075704e-01   1.019865e-01   9.486243e-02   6.559424e-02   9.346332e-01   9.220041e-01   9.747945e-02   7.747473e-06   2.136500e-02   1.017175e+00   1.007786e+00   8.773151e-01   5.206065e-05   1.540763e-02
   130   2.391996e-01   2.216038e-01   5.385978e-01   8.102478e-02   8.972073e-02   3.788202e-02   9.596853e-01   9.473399e-01   9.772124e-02   6.030663e-06   1.998988e-02   1.036139e+00   1.026760e+00   8.794912e-01   4.142596e-05   1.473906e-02
   131   2.751343e-01   2.575385e-01   5.700389e-01   6.395509e-02   8.459812e-02   1.302726e-02   9.842192e-01   9.721255e-01   9.794025e-02   4.700026e-06   1.873483e-02   1.055091e+00   1.045718e+00   8.814623e-01   3.293582e-05   1.410322e-02
   132   3.110690e-01   2.934732e-01   6.014187e-01   5.009953e-02   7.951505e-02  -1.135802e-02   1.008293e+00   9.964230e-01   9.813854e-02   3.666702e-06   1.758623e-02   1.074041e+00   1.064670e+00   8.832469e-01   2.616402e-05   1.349788e-02
   133   3.470037e-01   3.294079e-01   6.327383e-01   3.893883e-02   7.449768e-02  -3.201486e-02   1.031960e+00   1.020288e+00   9.831802e-02   2.862852e-06   1.653247e-02   1.092999e+00   1.083624e+00   8.848622e-01   2.076769e-05   1.292100e-02
   134   3.829384e-01   3.653426e-01   6.638011e-01   3.002972e-02   6.959398e-02  -4.977181e-02   1.055265e+00   1.043769e+00   9.848042e-02   2.236630e-06   1.556324e-02   1.111971e+00   1.102588e+00   8.863237e-01   1.647129e-05   1.237074e-02
   135   4.188731e-01   4.012773e-01   6.942448e-01   2.297173e-02   6.483293e-02  -6.566500e-02   1.078251e+00   1.066910e+00   9.862732e-02   1.748236e-06   1.466944e-02   1.130964e+00   1.121571e+00   8.876458e-01   1.305362e-05   1.184539e-02
   136   4.548078e-01   4.372120e-01   7.236713e-01   1.739958e-02   6.020720e-02  -7.800394e-02   1.100956e+00   1.089752e+00   9.876016e-02   1.367001e-06   1.384318e-02   1.149985e+00   1.140579e+00   8.888415e-01   1.033727e-05   1.134344e-02
   137   4.907425e-01   4.731467e-01   7.521674e-01   1.305997e-02   5.576662e-02  -8.767199e-02   1.123412e+00   1.112329e+00   9.888027e-02   1.069187e-06   1.307758e-02   1.169040e+00   1.159617e+00   8.899225e-01   8.180140e-06   1.086349e-02
   138   5.266772e-01   5.090814e-01   7.791605e-01   9.709033e-03   5.152771e-02  -9.556259e-02   1.145649e+00   1.134673e+00   9.898885e-02   8.364058e-07   1.236655e-02   1.188133e+00   1.178691e+00   8.908996e-01   6.468496e-06   1.040428e-02
   139   5.626119e-01   5.450161e-01   8.047292e-01   7.140085e-03   4.749495e-02  -1.017573e-01   1.167694e+00   1.156812e+00   9.908698e-02   6.543759e-07   1.170475e-02   1.207269e+00   1.197807e+00   8.917828e-01   5.111420e-06   9.964659e-03
   140   5.985466e-01   5.809508e-01   8.284987e-01   5.199222e-03   4.369379e-02  -1.061416e-01   1.189572e+00   1.178771e+00   9.917565e-02   5.119864e-07   1.108745e-02   1.226453e+00   1.216967e+00   8.925808e-01   4.036301e-06   9.543574e-03
   141   6.344813e-01   6.168855e-01   8.505745e-01   3.742980e-03   4.012230e-02  -1.090402e-01   1.211303e+00   1.200573e+00   9.925576e-02   4.005806e-07   1.051052e-02   1.245687e+00   1.236176e+00   8.933019e-01   3.185203e-06   9.140065e-03
   142   6.704160e-01   6.528202e-01   8.705582e-01   2.666213e-03   3.679184e-02  -1.105137e-01   1.232907e+00   1.222239e+00   9.932813e-02   3.134035e-07   9.970317e-03   1.264974e+00   1.255437e+00   8.939532e-01   2.511946e-06   8.753253e-03
   143   7.063507e-01   6.887549e-01   8.887158e-01   1.878898e-03   3.370204e-02  -1.108478e-01   1.254401e+00   1.243787e+00   9.939350e-02   2.451797e-07   9.463629e-03   1.284318e+00   1.274754e+00   8.945415e-01   1.979751e-06   8.382331e-03
   144   7.422854e-01   7.246896e-01   9.049678e-01   1.309053e-03   3.084888e-02  -1.100233e-01   1.275800e+00   1.265232e+00   9.945254e-02   1.917873e-07   8.987598e-03   1.303719e+00   1.294127e+00   8.950729e-01   1.559359e-06   8.026556e-03
   145   7.782201e-01   7.606243e-01   9.192300e-01   9.027445e-04   2.822798e-02  -1.081485e-01   1.297120e+00   1.286591e+00   9.950586e-02   1.500028e-07   8.539693e-03   1.323181e+00   1.313559e+00   8.955527e-01   1.227509e-06   7.685244e-03
   146   8.141548e-01   7.965590e-01   9.317531e-01   6.163587e-04   2.582939e-02  -1.052977e-01   1.318370e+00   1.307875e+00   9.955400e-02   1.173047e-07   8.117665e-03   1.342704e+00   1.333052e+00   8.959860e-01   9.657272e-07   7.357760e-03
   147   8.500895e-01   8.324937e-01   9.426307e-01   4.167435e-04   2.364151e-02  -1.015480e-01   1.339564e+00   1.329096e+00   9.959747e-02   9.171943e-08   7.719511e-03   1.362289e+00   1.352607e+00   8.963772e-01   7.593527e-07   7.043516e-03
   148   8.860242e-01   8.684284e-01   9.519850e-01   2.792551e-04   2.165094e-02  -9.696024e-02   1.360710e+00   1.350266e+00   9.963672e-02   7.170225e-08   7.343446e-03   1.381938e+00   1.372225e+00   8.967304e-01   5.967610e-07   6.741968e-03
   149   9.219589e-01   9.043631e-01   9.599583e-01   1.856455e-04   1.984172e-02  -9.167614e-02   1.381818e+00   1.371392e+00   9.967214e-02   5.604365e-08   6.987872e-03   1.401650e+00   1.391906e+00   8.970493e-01   4.687421e-07   6.452605e-03
   150   9.578936e-01   9.402978e-01   9.666738e-01   1.225558e-04   1.819841e-02  -8.586184e-02   1.402895e+00   1.392484e+00   9.970413e-02   4.379661e-08   6.651355e-03   1.421426e+00   1.411651e+00   8.973371e-01   3.680047e-07   6.174953e-03
   151   9.938283e-01   9.762325e-01   9.723245e-01   8.041828e-05   1.670530e-02  -7.970168e-02   1.423947e+00   1.413548e+00   9.973300e-02   3.421959e-08   6.332610e-03   1.441265e+00   1.431459e+00   8.975970e-01   2.887808e-07   5.908567e-03
   152   1.029763e+00   1.012167e+00   9.770603e-01   5.249962e-05   1.534750e-02  -7.338339e-02   1.444981e+00   1.434591e+00   9.975905e-02   2.673194e-08   6.030478e-03   1.461167e+00   1.451330e+00   8.978315e-01   2.265111e-07   5.653030e-03
   153   1.065698e+00   1.048102e+00   9.810078e-01   3.413171e-05   1.411110e-02  -6.705052e-02   1.466002e+00   1.455619e+00   9.978257e-02   2.087900e-08   5.743912e-03   1.481130e+00   1.471263e+00   8.980432e-01   1.775939e-07   5.407952e-03
   154   1.101632e+00   1.084037e+00   9.842908e-01   2.211689e-05   1.298348e-02  -6.087656e-02   1.487014e+00   1.476635e+00   9.980380e-02   1.630485e-08   5.471967e-03   1.501155e+00   1.491258e+00   8.982342e-01   1.391863e-07   5.172967e-03
   155   1.137567e+00   1.119971e+00   9.870101e-01   1.429502e-05   1.195351e-02  -5.495400e-02   1.508020e+00   1.497644e+00   9.982296e-02   1.273085e-08   5.213784e-03   1.521238e+00   1.511313e+00   8.984066e-01   1.090457e-07   4.947730e-03
   156   1.173502e+00   1.155906e+00   9.892612e-01   9.222932e-06   1.101101e-02  -4.934714e-02   1.529024e+00   1.518649e+00   9.984025e-02   9.938924e-09   4.968586e-03   1.541379e+00   1.531425e+00   8.985622e-01   8.540429e-08   4.731919e-03
   157   1.209437e+00   1.191841e+00   9.911218e-01   5.943148e-06   1.014728e-02  -4.419036e-02   1.550027e+00   1.539652e+00   9.985585e-02   7.758403e-09   4.735668e-03   1.561573e+00   1.551593e+00   8.987027e-01   6.686940e-08   4.525234e-03
   158   1.245371e+00   1.227775e+00   9.926561e-01   3.827012e-06   9.354616e-03  -3.942259e-02   1.571030e+00   1.560655e+00   9.986993e-02   6.055762e-09   4.514389e-03   1.581820e+00   1.571815e+00   8.988294e-01   5.234458e-08   4.327394e-03
   159   1.281306e+00   1.263710e+00   9.939162e-01   2.463594e-06   8.626344e-03  -3.507768e-02   1.592034e+00   1.581659e+00   9.988264e-02   4.726549e-09   4.304169e-03   1.602114e+00   1.592085e+00   8.989438e-01   4.096713e-08   4.138139e-03
   160   1.317241e+00   1.299645e+00   9.949577e-01   1.585926e-06   7.956610e-03  -3.117944e-02   1.613038e+00   1.602663e+00   9.989411e-02   3.689074e-09   4.104480e-03   1.622452e+00   1.612402e+00   8.990470e-01   3.205868e-08   3.957227e-03
   161   1.353175e+00   1.335580e+00   9.958179e-01   1.021239e-06   7.340187e-03  -2.765784e-02   1.634042e+00   1.623667e+00   9.990446e-02   2.879463e-09   3.914847e-03   1.642829e+00   1.632760e+00   8.991401e-01   2.508609e-08   3.784442e-03
   162   1.389110e+00   1.371514e+00   9.965296e-01   6.579561e-07   6.772499e-03  -2.449254e-02   1.655042e+00   1.644669e+00   9.991379e-02   2.247785e-09   3.734842e-03   1.663238e+00   1.653154e+00   8.992241e-01   1.963063e-08   3.619585e-03
   163   1.425045e+00   1.407449e+00   9.971189e-01   4.242029e-07   6.249505e-03  -2.169206e-02   1.676035e+00   1.665666e+00   9.992222e-02   1.755015e-09   3.564083e-03   1.683674e+00   1.673576e+00   8.993000e-01   1.536358e-08   3.462481e-03
   164   1.460979e+00   1.443384e+00   9.976062e-01   2.737217e-07   5.767522e-03  -1.918634e-02   1.697017e+00   1.686653e+00   9.992982e-02   1.370664e-09   3.402229e-03   1.704126e+00   1.694020e+00   8.993684e-01   1.202702e-08   3.312980e-03
   165   1.496914e+00   1.479318e+00   9.980066e-01   1.767854e-07   5.323312e-03  -1.694524e-02   1.717980e+00   1.707625e+00   9.993668e-02   1.070913e-09   3.248985e-03   1.724586e+00   1.714476e+00   8.994301e-01   9.418715e-09   3.170956e-03
   166   1.532849e+00   1.515253e+00   9.983394e-01   1.142926e-07   4.913986e-03  -1.495498e-02   1.738916e+00   1.728574e+00   9.994287e-02   8.371634e-10   3.104094e-03   1.745042e+00   1.734934e+00   8.994858e-01   7.380129e-09   3.036311e-03
   167   1.568784e+00   1.551188e+00   9.986162e-01   7.397048e-08   4.536946e-03  -1.318101e-02   1.759816e+00   1.749492e+00   9.994845e-02   6.548915e-10   2.967343e-03   1.765479e+00   1.755380e+00   8.995361e-01   5.787071e-09   2.908973e-03
   168   1.604718e+00   1.587122e+00   9.988466e-01   4.793202e-08   4.189946e-03  -1.156474e-02   1.780666e+00   1.770366e+00   9.995349e-02   5.127622e-10   2.838559e-03   1.785882e+00   1.775800e+00   8.995814e-01   4.542291e-09   2.788905e-03
   169   1.640653e+00   1.623057e+00   9.990375e-01   3.109699e-08   3.870906e-03  -1.007937e-02   1.801452e+00   1.791184e+00   9.995804e-02   4.019298e-10   2.717611e-03   1.806232e+00   1.796176e+00   8.996223e-01   3.569671e-09   2.676100e-03
   170   1.676588e+00   1.658992e+00   9.991961e-01   2.020092e-08   3.578051e-03  -8.733854e-03   1.822156e+00   1.811927e+00   9.996214e-02   3.154929e-10   2.604412e-03   1.826506e+00   1.816487e+00   8.996593e-01   2.809660e-09   2.570585e-03
   171   1.712522e+00   1.694927e+00   9.993286e-01   1.314096e-08   3.309808e-03  -7.459651e-03   1.842755e+00   1.832577e+00   9.996584e-02   2.480689e-10   2.498914e-03   1.846678e+00   1.836709e+00   8.996926e-01   2.215684e-09   2.472423e-03
   172   1.748457e+00   1.730861e+00   9.994396e-01   8.562328e-09   3.065146e-03  -6.141409e-03   1.863223e+00   1.853110e+00   9.996918e-02   1.954601e-10   2.401115e-03   1.866719e+00   1.856814e+00   8.997226e-01   1.751339e-09   2.381716e-03
   173   1.784392e+00   1.766796e+00   9.995324e-01   5.588928e-09   2.843041e-03  -4.796345e-03   1.883533e+00   1.873497e+00   9.997219e-02   1.543941e-10   2.311053e-03   1.886593e+00   1.876770e+00   8.997498e-01   1.388176e-09   2.298597e-03
   174   1.820326e+00   1.802731e+00   9.996098e-01   3.655514e-09   2.642778e-03  -3.383738e-03   1.903648e+00   1.893706e+00   9.997491e-02   1.223203e-10   2.228808e-03   1.906263e+00   1.896540e+00   8.997742e-01   1.103973e-09   2.223238e-03
   175   1.856261e+00   1.838665e+00   9.996750e-01   2.396699e-09   2.464032e-03  -1.772100e-03   1.923530e+00   1.913702e+00   9.997737e-02   9.725094e-11   2.154499e-03   1.925685e+00   1.916083e+00   8.997963e-01   8.813791e-10   2.155840e-03
   176   1.892196e+00   1.874600e+00   9.997301e-01   1.576141e-09   2.307394e-03   3.145399e-04   1.943136e+00   1.933443e+00   9.997958e-02   7.763605e-11   2.088314e-03   1.944812e+00   1.935354e+00   8.998162e-01   7.068478e-10   2.096634e-03
   177   1.928131e+00   1.910535e+00   9.997767e-01   1.040412e-09   2.173923e-03   2.878123e-03   1.962422e+00   1.952886e+00   9.998158e-02   6.225977e-11   2.030770e-03   1.963594e+00   1.954304e+00   8.998342e-01   5.697885e-10   2.045950e-03
   178   1.964065e+00   1.946470e+00   9.998163e-01   6.898625e-10   2.065088e-03   6.018101e-03   1.981360e+00   1.971994e+00   9.998338e-02   5.013140e-11   1.984326e-03   1.981985e+00   1.972887e+00   8.998504e-01   4.617405e-10   2.005034e-03
   179   2.000000e+00   1.982404e+00   9.998500e-01   4.586263e-10   1.990332e-03   8.216272e-03   2.000000e+00   1.990780e+00   9.998500e-02   4.036199e-11   1.958464e-03   2.000000e+00   1.991086e+00   8.998650e-01   3.750625e-10   1.981172e-03
