     i          log_r       log_rmid          m_tot        rho_tot         v2_tot            eta     lgr[heavy]    lgrm[heavy]       m[heavy]     rho[heavy]      v2[heavy]     lgr[light]    lgrm[light]       m[light]     rho[light]      v2[light]
     0  -4.452244e+00  -4.753274e+00   1.042276e-07   6.890194e+06   1.897783e-01            nan  -4.452244e+00  -4.753274e+00   9.998500e-08   6.820043e+06   1.877010e-01  -3.082998e+00  -3.384028e+00   8.998650e-07   4.789531e+03   3.715669e-01
     1  -4.416198e+00  -4.433847e+00   1.328997e-07   6.799536e+06   1.887958e-01            nan  -4.429728e+00  -4.440840e+00   1.166721e-07   6.763921e+06   1.876971e-01  -3.043548e+00  -3.062825e+00   1.050049e-06   2.551698e+03   3.669885e-01
     2  -4.380152e+00  -4.397801e+00   1.695379e-07   6.786666e+06   1.887193e-01            nan  -4.407218e+00  -4.418327e+00   1.361439e-07   6.757841e+06   1.876966e-01  -3.004553e+00  -3.023613e+00   1.225295e-06   2.297549e+03   3.661129e-01
     3  -4.344106e+00  -4.361755e+00   2.163554e-07   6.772076e+06   1.886481e-01            nan  -4.384712e+00  -4.395820e+00   1.588651e-07   6.751130e+06   1.876961e-01  -2.965835e+00  -2.984762e+00   1.429786e-06   2.064585e+03   3.651400e-01
     4  -4.308059e+00  -4.325709e+00   2.761726e-07   6.755687e+06   1.885819e-01            nan  -4.362207e+00  -4.373314e+00   1.853780e-07   6.743719e+06   1.876956e-01  -2.927268e+00  -2.946123e+00   1.668402e-06   1.851996e+03   3.640642e-01
     5  -4.272013e+00  -4.289663e+00   3.525898e-07   6.736887e+06   1.885202e-01            nan  -4.339700e+00  -4.350808e+00   2.163150e-07   6.735535e+06   1.876950e-01  -2.888766e+00  -2.907591e+00   1.946835e-06   1.658809e+03   3.628745e-01
     6  -4.235967e+00  -4.253617e+00   4.501756e-07   6.715395e+06   1.884627e-01            nan  -4.317190e+00  -4.328299e+00   2.524142e-07   6.726497e+06   1.876944e-01  -2.850284e+00  -2.869099e+00   2.271728e-06   1.484447e+03   3.615861e-01
     7  -4.199921e+00  -4.217570e+00   5.747649e-07   6.690806e+06   1.884091e-01            nan  -4.294672e+00  -4.305785e+00   2.945370e-07   6.716513e+06   1.876937e-01  -2.811799e+00  -2.830616e+00   2.650833e-06   1.327706e+03   3.601947e-01
     8  -4.163875e+00  -4.181524e+00   7.337464e-07   6.662179e+06   1.883592e-01            nan  -4.272147e+00  -4.283264e+00   3.436881e-07   6.705485e+06   1.876929e-01  -2.773307e+00  -2.792127e+00   3.093193e-06   1.187309e+03   3.586940e-01
     9  -4.127829e+00  -4.145478e+00   9.364893e-07   6.629413e+06   1.883125e-01            nan  -4.249610e+00  -4.260732e+00   4.010398e-07   6.693304e+06   1.876920e-01  -2.734823e+00  -2.753639e+00   3.609358e-06   1.062205e+03   3.571132e-01
    10  -4.091783e+00  -4.109432e+00   1.194902e-06   6.591185e+06   1.882689e-01            nan  -4.227060e+00  -4.238189e+00   4.679601e-07   6.679848e+06   1.876910e-01  -2.696367e+00  -2.715169e+00   4.211641e-06   9.508989e+02   3.554298e-01
    11  -4.055737e+00  -4.073386e+00   1.523862e-06   6.547053e+06   1.882279e-01            nan  -4.204495e+00  -4.215631e+00   5.460446e-07   6.664985e+06   1.876900e-01  -2.657974e+00  -2.676747e+00   4.914402e-06   8.522721e+02   3.536918e-01
    12  -4.019691e+00  -4.037340e+00   1.942363e-06   6.496091e+06   1.881895e-01            nan  -4.181911e+00  -4.193056e+00   6.371554e-07   6.648569e+06   1.876888e-01  -2.619675e+00  -2.638403e+00   5.734398e-06   7.649254e+02   3.518727e-01
    13  -3.983645e+00  -4.001294e+00   2.473949e-06   6.436664e+06   1.881532e-01            nan  -4.159307e+00  -4.170462e+00   7.434644e-07   6.630439e+06   1.876875e-01  -2.581507e+00  -2.600172e+00   6.691180e-06   6.877209e+02   3.500226e-01
    14  -3.947599e+00  -3.965248e+00   3.148282e-06   6.368750e+06   1.881189e-01            nan  -4.136678e+00  -4.147845e+00   8.675058e-07   6.610418e+06   1.876860e-01  -2.543502e+00  -2.562089e+00   7.807552e-06   6.194720e+02   3.481109e-01
    15  -3.911553e+00  -3.929202e+00   4.002288e-06   6.289228e+06   1.880863e-01            nan  -4.114022e+00  -4.125203e+00   1.012236e-06   6.588313e+06   1.876844e-01  -2.505691e+00  -2.524185e+00   9.110122e-06   5.591447e+02   3.461939e-01
    16  -3.875507e+00  -3.893156e+00   5.081217e-06   6.198613e+06   1.880551e-01            nan  -4.091336e+00  -4.102531e+00   1.181103e-06   6.563912e+06   1.876826e-01  -2.468101e+00  -2.486490e+00   1.062993e-05   5.057892e+02   3.442396e-01
    17  -3.839461e+00  -3.857110e+00   6.442079e-06   6.093913e+06   1.880251e-01            nan  -4.068616e+00  -4.079828e+00   1.378130e-06   6.536982e+06   1.876806e-01  -2.430753e+00  -2.449026e+00   1.240317e-05   4.585248e+02   3.422893e-01
    18  -3.803415e+00  -3.821064e+00   8.151820e-06   5.974585e+06   1.879959e-01            nan  -4.045857e+00  -4.057087e+00   1.608010e-06   6.507269e+06   1.876784e-01  -2.393665e+00  -2.411813e+00   1.447209e-05   4.166131e+02   3.403230e-01
    19  -3.767369e+00  -3.785018e+00   1.029641e-05   5.838568e+06   1.879674e-01            nan  -4.023055e+00  -4.034307e+00   1.876216e-06   6.474497e+06   1.876760e-01  -2.356849e+00  -2.374867e+00   1.688595e-05   3.793618e+02   3.383556e-01
    20  -3.731323e+00  -3.748972e+00   1.297109e-05   5.684413e+06   1.879393e-01            nan  -4.000206e+00  -4.011480e+00   2.189133e-06   6.438364e+06   1.876733e-01  -2.320312e+00  -2.338196e+00   1.970220e-05   3.461905e+02   3.363836e-01
    21  -3.695277e+00  -3.712926e+00   1.630107e-05   5.511071e+06   1.879112e-01            nan  -3.977303e+00  -3.988603e+00   2.554206e-06   6.398541e+06   1.876703e-01  -2.284060e+00  -2.301808e+00   2.298786e-05   3.165890e+02   3.343969e-01
    22  -3.659230e+00  -3.676880e+00   2.041498e-05   5.317139e+06   1.878829e-01            nan  -3.954340e+00  -3.965670e+00   2.980121e-06   6.354672e+06   1.876670e-01  -2.248091e+00  -2.265703e+00   2.682109e-05   2.900921e+02   3.324068e-01
    23  -3.623184e+00  -3.640834e+00   2.548537e-05   5.101953e+06   1.878542e-01            nan  -3.931311e+00  -3.942673e+00   3.477003e-06   6.306373e+06   1.876633e-01  -2.212406e+00  -2.229882e+00   3.129303e-05   2.663407e+02   3.303841e-01
    24  -3.587138e+00  -3.604788e+00   3.167896e-05   4.866549e+06   1.878246e-01            nan  -3.908208e+00  -3.919606e+00   4.056664e-06   6.253228e+06   1.876593e-01  -2.176996e+00  -2.194340e+00   3.650997e-05   2.449576e+02   3.283527e-01
    25  -3.551092e+00  -3.568741e+00   3.920852e-05   4.608547e+06   1.877939e-01            nan  -3.885022e+00  -3.896460e+00   4.732872e-06   6.194792e+06   1.876548e-01  -2.141855e+00  -2.159070e+00   4.259585e-05   2.256897e+02   3.262764e-01
    26  -3.515046e+00  -3.532695e+00   4.829614e-05   4.334045e+06   1.877619e-01            nan  -3.861745e+00  -3.873227e+00   5.521683e-06   6.130586e+06   1.876498e-01  -2.106972e+00  -2.124063e+00   4.969515e-05   2.082432e+02   3.241805e-01
    27  -3.479000e+00  -3.496649e+00   5.913872e-05   4.040152e+06   1.877279e-01            nan  -3.838365e+00  -3.849897e+00   6.441814e-06   6.060102e+06   1.876443e-01  -2.072335e+00  -2.089308e+00   5.797633e-05   1.924262e+02   3.220392e-01
    28  -3.442954e+00  -3.460603e+00   7.200913e-05   3.732974e+06   1.876919e-01            nan  -3.814870e+00  -3.826458e+00   7.515084e-06   5.982801e+06   1.876382e-01  -2.037930e+00  -2.054792e+00   6.763576e-05   1.780264e+02   3.198675e-01
    29  -3.406908e+00  -3.424557e+00   8.714661e-05   3.418063e+06   1.876535e-01            nan  -3.791248e+00  -3.802899e+00   8.766923e-06   5.898116e+06   1.876315e-01  -2.003741e+00  -2.020499e+00   7.890231e-05   1.648893e+02   3.176557e-01
    30  -3.370862e+00  -3.388511e+00   1.047037e-04   3.098834e+06   1.876121e-01            nan  -3.767484e+00  -3.779204e+00   1.022697e-05   5.805455e+06   1.876240e-01  -1.969752e+00  -1.986414e+00   9.204273e-05   1.528610e+02   3.154150e-01
    31  -3.334816e+00  -3.352465e+00   1.248800e-04   2.777683e+06   1.875670e-01            nan  -3.743561e+00  -3.755357e+00   1.192976e-05   5.704204e+06   1.876157e-01  -1.935945e+00  -1.952519e+00   1.073678e-04   1.418186e+02   3.131479e-01
    32  -3.298770e+00  -3.316419e+00   1.478540e-04   2.463880e+06   1.875177e-01            nan  -3.719459e+00  -3.731343e+00   1.391553e-05   5.593735e+06   1.876065e-01  -1.902299e+00  -1.918796e+00   1.252398e-04   1.316496e+02   3.108650e-01
    33  -3.262724e+00  -3.280373e+00   1.737275e-04   2.162367e+06   1.874637e-01            nan  -3.695159e+00  -3.707139e+00   1.623115e-05   5.473416e+06   1.875962e-01  -1.868796e+00  -1.885225e+00   1.460803e-04   1.222591e+02   3.085747e-01
    34  -3.226678e+00  -3.244327e+00   2.025506e-04   1.877669e+06   1.874040e-01            nan  -3.670636e+00  -3.682724e+00   1.893121e-05   5.342620e+06   1.875849e-01  -1.835414e+00  -1.851784e+00   1.703808e-04   1.135643e+02   3.062871e-01
    35  -3.190632e+00  -3.208281e+00   2.343268e-04   1.613601e+06   1.873375e-01            nan  -3.645863e+00  -3.658073e+00   2.207926e-05   5.200740e+06   1.875723e-01  -1.802133e+00  -1.818455e+00   1.987134e-04   1.054954e+02   3.040091e-01
    36  -3.154586e+00  -3.172235e+00   2.690294e-04   1.373030e+06   1.872632e-01            nan  -3.620809e+00  -3.633155e+00   2.574932e-05   5.047207e+06   1.875583e-01  -1.768931e+00  -1.785215e+00   2.317439e-04   9.799102e+01   3.017488e-01
    37  -3.118540e+00  -3.136189e+00   3.066290e-04   1.157712e+06   1.871801e-01            nan  -3.595440e+00  -3.607939e+00   3.002750e-05   4.881515e+06   1.875427e-01  -1.735790e+00  -1.752045e+00   2.702475e-04   9.100238e+01   2.995039e-01
    38  -3.082494e+00  -3.100143e+00   3.471281e-04   9.682293e+05   1.870874e-01            nan  -3.569716e+00  -3.582387e+00   3.501400e-05   4.703245e+06   1.875254e-01  -1.702690e+00  -1.718925e+00   3.151260e-04   8.448325e+01   2.972800e-01
    39  -3.046448e+00  -3.064097e+00   3.896559e-04   8.031307e+05   1.869818e-01   4.886766e-01  -3.543591e+00  -3.556457e+00   4.082538e-05   4.512098e+06   1.875060e-01  -1.669615e+00  -1.685838e+00   3.674284e-04   7.840089e+01   2.950618e-01
    40  -3.010402e+00  -3.028051e+00   4.346638e-04   6.612259e+05   1.868419e-01   4.878781e-01  -3.517013e+00  -3.530099e+00   4.759714e-05   4.307938e+06   1.874843e-01  -1.636549e+00  -1.652768e+00   4.283742e-04   7.271860e+01   2.928562e-01
    41  -2.974355e+00  -2.992005e+00   4.824180e-04   5.417837e+05   1.866816e-01   4.869918e-01  -3.489924e+00  -3.503257e+00   5.548679e-05   4.090828e+06   1.874600e-01  -1.603479e+00  -1.619699e+00   4.993811e-04   6.741360e+01   2.906377e-01
    42  -2.938309e+00  -2.955959e+00   5.323317e-04   4.422541e+05   1.865050e-01   4.860111e-01  -3.462253e+00  -3.475868e+00   6.467734e-05   3.861085e+06   1.874326e-01  -1.570392e+00  -1.586620e+00   5.820960e-04   6.245551e+01   2.884182e-01
    43  -2.902263e+00  -2.919913e+00   5.836938e-04   3.591081e+05   1.862844e-01   4.850394e-01  -3.433922e+00  -3.447856e+00   7.538125e-05   3.619332e+06   1.874016e-01  -1.537278e+00  -1.553519e+00   6.784313e-04   5.782524e+01   2.861757e-01
    44  -2.866217e+00  -2.883866e+00   6.383033e-04   2.911628e+05   1.860408e-01   4.840045e-01  -3.404837e+00  -3.419136e+00   8.784517e-05   3.366552e+06   1.873665e-01  -1.504128e+00  -1.520387e+00   7.906065e-04   5.350001e+01   2.839138e-01
    45  -2.830171e+00  -2.847820e+00   6.936079e-04   2.356398e+05   1.857686e-01   4.829395e-01  -3.374892e+00  -3.389606e+00   1.023551e-04   3.104149e+06   1.873264e-01  -1.470933e+00  -1.487213e+00   9.211963e-04   4.946189e+01   2.816217e-01
    46  -2.794125e+00  -2.811774e+00   7.520553e-04   1.905814e+05   1.854445e-01   4.819289e-01  -3.343960e+00  -3.359151e+00   1.192428e-04   2.833997e+06   1.872803e-01  -1.437689e+00  -1.453993e+00   1.073185e-03   4.569410e+01   2.792874e-01
    47  -2.758079e+00  -2.775728e+00   8.119796e-04   1.541073e+05   1.851081e-01   4.808402e-01  -3.311894e+00  -3.327631e+00   1.388921e-04   2.558481e+06   1.872269e-01  -1.404391e+00  -1.420721e+00   1.250029e-03   4.218083e+01   2.769051e-01
    48  -2.722033e+00  -2.739682e+00   8.748258e-04   1.247885e+05   1.846959e-01   4.799316e-01  -3.278520e+00  -3.294887e+00   1.617478e-04   2.280522e+06   1.871644e-01  -1.371037e+00  -1.387394e+00   1.455730e-03   3.890962e+01   2.744430e-01
    49  -2.685987e+00  -2.703636e+00   9.395529e-04   1.010826e+05   1.842832e-01   4.789206e-01  -3.243634e+00  -3.260727e+00   1.883238e-04   2.003572e+06   1.870905e-01  -1.337628e+00  -1.354012e+00   1.694914e-03   3.586676e+01   2.718912e-01
    50  -2.649941e+00  -2.667590e+00   1.007783e-03   8.215744e+04   1.837870e-01   4.781657e-01  -3.206995e+00  -3.224928e+00   2.192140e-04   1.731566e+06   1.870020e-01  -1.304168e+00  -1.320576e+00   1.972926e-03   3.304059e+01   2.692172e-01
    51  -2.613895e+00  -2.631544e+00   1.078056e-03   6.682937e+04   1.832899e-01   4.773405e-01  -3.168317e+00  -3.187225e+00   2.551039e-04   1.468818e+06   1.868945e-01  -1.270661e+00  -1.287092e+00   2.295935e-03   3.041836e+01   2.664000e-01
    52  -2.577849e+00  -2.595498e+00   1.152872e-03   5.458699e+04   1.827260e-01   4.767529e-01  -3.127267e+00  -3.147307e+00   2.967831e-04   1.219859e+06   1.867621e-01  -1.237112e+00  -1.253562e+00   2.671048e-03   2.798658e+01   2.634347e-01
    53  -2.541803e+00  -2.559452e+00   1.230077e-03   4.467542e+04   1.821453e-01   4.761780e-01  -3.083456e+00  -3.104809e+00   3.451610e-04   9.891787e+05   1.865960e-01  -1.203524e+00  -1.219993e+00   3.106449e-03   2.573229e+01   2.603060e-01
    54  -2.505757e+00  -2.523406e+00   1.312516e-03   3.668382e+04   1.815354e-01   4.757551e-01  -3.036439e+00  -3.059312e+00   4.012824e-04   7.809121e+05   1.863843e-01  -1.169901e+00  -1.186387e+00   3.611542e-03   2.364136e+01   2.570319e-01
    55  -2.469711e+00  -2.487360e+00   1.398944e-03   3.024193e+04   1.808847e-01   4.754619e-01  -2.985725e+00  -3.010343e+00   4.663463e-04   5.984467e+05   1.861097e-01  -1.136240e+00  -1.152744e+00   4.197117e-03   2.170069e+01   2.536237e-01
    56  -2.433665e+00  -2.451314e+00   1.490869e-03   2.496418e+04   1.802478e-01   4.751894e-01  -2.930795e+00  -2.957392e+00   5.417261e-04   4.440216e+05   1.857481e-01  -1.102538e+00  -1.119062e+00   4.875535e-03   1.989812e+01   2.500924e-01
    57  -2.397619e+00  -2.415268e+00   1.588784e-03   2.073595e+04   1.795506e-01   4.751476e-01  -2.871155e+00  -2.899952e+00   6.289911e-04   3.183763e+05   1.852662e-01  -1.068786e+00  -1.085334e+00   5.660920e-03   1.822099e+01   2.464853e-01
    58  -2.361573e+00  -2.379222e+00   1.693120e-03   1.722746e+04   1.788878e-01   4.750514e-01  -2.806425e+00  -2.837585e+00   7.299314e-04   2.205473e+05   1.846198e-01  -1.034973e+00  -1.051551e+00   6.569382e-03   1.665954e+01   2.428167e-01
    59  -2.325526e+00  -2.343176e+00   1.804797e-03   1.439732e+04   1.781836e-01   4.751328e-01  -2.736474e+00  -2.770043e+00   8.465830e-04   1.479166e+05   1.837556e-01  -1.001086e+00  -1.017699e+00   7.619247e-03   1.520481e+01   2.391083e-01
    60  -2.289480e+00  -2.307130e+00   1.925096e-03   1.204657e+04   1.775032e-01   4.751714e-01  -2.661576e+00  -2.697413e+00   9.812558e-04   9.656891e+04   1.826186e-01  -9.671075e-01  -9.837646e-01   8.831303e-03   1.384828e+01   2.354011e-01
    61  -2.253434e+00  -2.271084e+00   2.053634e-03   1.011544e+04   1.768176e-01   4.752709e-01  -2.582523e+00  -2.620254e+00   1.136562e-03   6.191827e+04   1.811675e-01  -9.330208e-01  -9.497299e-01   1.022906e-02   1.258402e+01   2.317003e-01
    62  -2.217388e+00  -2.235037e+00   2.194063e-03   8.516579e+03   1.761390e-01   4.753433e-01  -2.500605e+00  -2.539636e+00   1.315444e-03   3.943541e+04   1.793967e-01  -8.988098e-01  -9.155786e-01   1.183900e-02   1.140684e+01   2.280112e-01
    63  -2.181342e+00  -2.198991e+00   2.344433e-03   7.184152e+03   1.754755e-01   4.754048e-01  -2.417406e+00  -2.457016e+00   1.521208e-03   2.524023e+04   1.773497e-01  -8.644582e-01  -8.812945e-01   1.369088e-02   1.031175e+01   2.243573e-01
    64  -2.145296e+00  -2.162945e+00   2.509120e-03   6.079870e+03   1.748058e-01   4.754543e-01  -2.334487e+00  -2.373971e+00   1.757548e-03   1.639029e+04   1.751104e-01  -8.299529e-01  -8.468630e-01   1.581793e-02   9.295362e+00   2.207270e-01
    65  -2.109250e+00  -2.126899e+00   2.686780e-03   5.150589e+03   1.741626e-01   4.754407e-01  -2.253112e+00  -2.291897e+00   2.028572e-03   1.086417e+04   1.727719e-01  -7.952847e-01  -8.122729e-01   1.825715e-02   8.354542e+00   2.171054e-01
    66  -2.073204e+00  -2.090853e+00   2.881523e-03   4.376715e+03   1.734986e-01   4.754721e-01  -2.174124e+00  -2.211825e+00   2.338830e-03   7.369258e+03   1.704030e-01  -7.604471e-01  -7.775167e-01   2.104947e-02   7.486044e+00   2.134931e-01
    67  -2.037158e+00  -2.054807e+00   3.092924e-03   3.721596e+03   1.728670e-01   4.754044e-01  -2.097964e+00  -2.134377e+00   2.693323e-03   5.114503e+03   1.680317e-01  -7.254380e-01  -7.425899e-01   2.423991e-02   6.686883e+00   2.098788e-01
    68  -2.001112e+00  -2.018761e+00   3.324997e-03   3.172138e+03   1.722024e-01   4.754556e-01  -2.024765e+00  -2.059824e+00   3.097518e-03   3.625330e+03   1.656514e-01  -6.902594e-01  -7.074926e-01   2.787766e-02   5.954103e+00   2.062441e-01
    69  -1.965066e+00  -1.982715e+00   3.577802e-03   2.705353e+03   1.715708e-01   4.754206e-01  -1.954450e+00  -1.988186e+00   3.557342e-03   2.617490e+03   1.632416e-01  -6.549171e-01  -6.722288e-01   3.201608e-02   5.284592e+00   2.025720e-01
    70  -1.929020e+00  -1.946669e+00   3.856030e-03   2.310789e+03   1.709072e-01   4.755821e-01  -1.886812e+00  -1.919316e+00   4.079169e-03   1.918997e+03   1.607901e-01  -6.194205e-01  -6.368062e-01   3.671252e-02   4.675031e+00   1.988625e-01
    71  -1.892974e+00  -1.910623e+00   4.159343e-03   1.974741e+03   1.702740e-01   4.757261e-01  -1.821577e+00  -1.852971e+00   4.669785e-03   1.424042e+03   1.583086e-01  -5.837812e-01  -6.012354e-01   4.202806e-02   4.122018e+00   1.951087e-01
    72  -1.856928e+00  -1.874577e+00   4.494137e-03   1.688746e+03   1.696302e-01   4.760773e-01  -1.758433e+00  -1.788858e+00   5.336336e-03   1.066262e+03   1.558355e-01  -5.480140e-01  -5.655295e-01   4.802703e-02   3.622132e+00   1.913018e-01
    73  -1.820882e+00  -1.838531e+00   4.858869e-03   1.444483e+03   1.690196e-01   4.764893e-01  -1.697061e+00  -1.726664e+00   6.086254e-03   8.031984e+02   1.534289e-01  -5.121359e-01  -5.297046e-01   5.477629e-02   3.171941e+00   1.874338e-01
    74  -1.784836e+00  -1.802485e+00   5.262062e-03   1.235711e+03   1.684345e-01   4.770448e-01  -1.637155e+00  -1.666076e+00   6.927149e-03   6.071364e+02   1.511492e-01  -4.761664e-01  -4.937789e-01   6.234434e-02   2.768027e+00   1.835037e-01
    75  -1.748790e+00  -1.766439e+00   5.702177e-03   1.056715e+03   1.679038e-01   4.776597e-01  -1.578440e+00  -1.606806e+00   7.866679e-03   4.595876e+02   1.490401e-01  -4.401265e-01  -4.577727e-01   7.080011e-02   2.406980e+00   1.795147e-01
    76  -1.712744e+00  -1.730393e+00   6.185909e-03   9.036436e+02   1.674317e-01   4.783143e-01  -1.520690e+00  -1.548606e+00   8.912390e-03   3.479021e+02   1.471132e-01  -4.040398e-01  -4.217084e-01   8.021151e-02   2.085533e+00   1.754608e-01
    77  -1.676698e+00  -1.694347e+00   6.715521e-03   7.717461e+02   1.670615e-01   4.788724e-01  -1.463733e+00  -1.491278e+00   1.007152e-02   2.631543e+02   1.453470e-01  -3.679323e-01  -3.856109e-01   9.064369e-02   1.800508e+00   1.713359e-01
    78  -1.640651e+00  -1.658301e+00   7.295321e-03   6.590000e+02   1.667781e-01   4.793447e-01  -1.407458e+00  -1.434685e+00   1.135078e-02   1.988302e+02   1.437035e-01  -3.318326e-01  -3.495075e-01   1.021570e-01   1.548836e+00   1.671342e-01
    79  -1.604605e+00  -1.622255e+00   7.929988e-03   5.619887e+02   1.666267e-01   4.795426e-01  -1.351796e+00  -1.378736e+00   1.275612e-02   1.500429e+02   1.421534e-01  -2.957713e-01  -3.134278e-01   1.148050e-01   1.327543e+00   1.628611e-01
    80  -1.568559e+00  -1.586209e+00   8.623523e-03   4.788586e+02   1.666019e-01   4.794831e-01  -1.296713e+00  -1.323382e+00   1.429243e-02   1.130817e+02   1.406836e-01  -2.597812e-01  -2.774036e-01   1.286319e-01   1.133795e+00   1.585144e-01
    81  -1.532513e+00  -1.550162e+00   9.381060e-03   4.078739e+02   1.666854e-01   4.791564e-01  -1.242205e+00  -1.268604e+00   1.596333e-02   8.513132e+01   1.392717e-01  -2.238974e-01  -2.414688e-01   1.436700e-01   9.649077e-01   1.540911e-01
    82  -1.496467e+00  -1.514116e+00   1.020708e-02   3.468241e+02   1.669356e-01   4.783997e-01  -1.188307e+00  -1.214420e+00   1.777087e-02   6.405582e+01   1.378547e-01  -1.881571e-01  -2.056597e-01   1.599378e-01   8.183414e-01   1.495889e-01
    83  -1.460421e+00  -1.478070e+00   1.110942e-02   2.948860e+02   1.672838e-01   4.773906e-01  -1.135092e+00  -1.160885e+00   1.971527e-02   4.821678e+01   1.363286e-01  -1.525989e-01  -1.700142e-01   1.774374e-01   6.916963e-01   1.450163e-01
    84  -1.424375e+00  -1.442024e+00   1.209069e-02   2.505885e+02   1.677477e-01   4.760409e-01  -1.082657e+00  -1.108084e+00   2.179475e-02   3.633871e+01   1.345905e-01  -1.172623e-01  -1.345713e-01   1.961527e-01   5.827363e-01   1.403786e-01
    85  -1.388329e+00  -1.405978e+00   1.316054e-02   2.127885e+02   1.683279e-01   4.743122e-01  -1.031084e+00  -1.056106e+00   2.400535e-02   2.742784e+01   1.325916e-01  -8.218815e-02  -9.937126e-02   2.160481e-01   4.893987e-01   1.356792e-01
    86  -1.352283e+00  -1.369932e+00   1.432860e-02   1.807307e+02   1.689841e-01   4.721964e-01  -9.804168e-01  -1.005012e+00   2.634082e-02   2.072362e+01   1.303505e-01  -4.741727e-02  -6.445483e-02   2.370673e-01   4.097793e-01   1.309270e-01
    87  -1.316237e+00  -1.333886e+00   1.559555e-02   1.534543e+02   1.697296e-01   4.695736e-01  -9.306448e-01  -9.548182e-01   2.879262e-02   1.565810e+01   1.279368e-01  -1.298928e-02  -2.986221e-02   2.591336e-01   3.421270e-01   1.261399e-01
    88  -1.280191e+00  -1.297840e+00   1.697857e-02   1.302966e+02   1.705363e-01   4.663985e-01  -8.817096e-01  -9.054883e-01   3.134998e-02   1.181467e+01   1.254383e-01   2.105667e-02   4.367234e-03   2.821498e-01   2.848737e-01   1.213270e-01
    89  -1.244145e+00  -1.261794e+00   1.848828e-02   1.107065e+02   1.713631e-01   4.626809e-01  -8.335169e-01  -8.569451e-01   3.400006e-02   8.889926e+00   1.229420e-01   5.468328e-02   3.819535e-02   3.060005e-01   2.366010e-01   1.165046e-01
    90  -1.208099e+00  -1.225748e+00   2.012770e-02   9.408585e+01   1.721918e-01   4.584651e-01  -7.859500e-01  -8.090825e-01   3.672816e-02   6.661750e+00   1.205166e-01   8.785626e-02   7.158643e-02   3.305535e-01   1.960398e-01   1.116936e-01
    91  -1.172053e+00  -1.189702e+00   2.192039e-02   8.002224e+01   1.729589e-01   4.540077e-01  -7.388852e-01  -7.617803e-01   3.951809e-02   4.966179e+00   1.182082e-01   1.205434e-01   1.045073e-01   3.556628e-01   1.620766e-01   1.069071e-01
    92  -1.136007e+00  -1.153656e+00   2.388160e-02   6.813651e+01   1.736389e-01   4.493286e-01  -6.922030e-01  -7.149172e-01   4.235249e-02   3.679990e+00   1.160359e-01   1.527174e-01   1.369283e-01   3.811724e-01   1.337208e-01   1.021704e-01
    93  -1.099961e+00  -1.117610e+00   2.601680e-02   5.806380e+01   1.741746e-01   4.448213e-01  -6.457950e-01  -6.683794e-01   4.521329e-02   2.709053e+00   1.139952e-01   1.843536e-01   1.688235e-01   4.069196e-01   1.101182e-01   9.749824e-02
    94  -1.063915e+00  -1.081564e+00   2.835715e-02   4.951953e+01   1.745524e-01   4.407625e-01  -5.995689e-01  -6.220672e-01   4.808216e-02   1.980661e+00   1.120670e-01   2.154326e-01   2.001710e-01   4.327394e-01   9.052290e-02   9.291138e-02
    95  -1.027869e+00  -1.045518e+00   3.092401e-02   4.227059e+01   1.747873e-01   4.370088e-01  -5.534462e-01  -5.758955e-01   5.094094e-02   1.437932e+00   1.102220e-01   2.459387e-01   2.309534e-01   4.584685e-01   7.429519e-02   8.842608e-02
    96  -9.918225e-01  -1.009472e+00   3.372817e-02   3.610102e+01   1.748722e-01   4.338280e-01  -5.073561e-01  -5.297900e-01   5.377208e-02   1.036356e+00   1.084297e-01   2.758610e-01   2.611575e-01   4.839488e-01   6.088660e-02   8.405823e-02
    97  -9.557764e-01  -9.734256e-01   3.680070e-02   3.082393e+01   1.748415e-01   4.313746e-01  -4.612293e-01  -4.836805e-01   5.655903e-02   7.413120e-01   1.066676e-01   3.051928e-01   2.907745e-01   5.090312e-01   4.983013e-02   7.982203e-02
    98  -9.197304e-01  -9.373795e-01   4.017101e-02   2.631911e+01   1.747208e-01   4.292570e-01  -4.149905e-01  -4.374948e-01   5.928652e-02   5.260505e-01   1.049231e-01   3.339316e-01   3.197999e-01   5.335787e-01   4.073078e-02   7.572841e-02
    99  -8.836843e-01  -9.013335e-01   4.386387e-02   2.246890e+01   1.745199e-01   4.274627e-01  -3.685472e-01  -3.911483e-01   6.194091e-02   3.700596e-01   1.031951e-01   3.620790e-01   3.482333e-01   5.574682e-01   3.325468e-02   7.178768e-02
   100  -8.476383e-01  -8.652874e-01   4.789054e-02   1.916135e+01   1.742867e-01   4.259475e-01  -3.217826e-01  -3.445358e-01   6.451030e-02   2.578135e-01   1.014913e-01   3.896401e-01   3.760782e-01   5.805927e-01   2.712231e-02   6.800587e-02
   101  -8.115922e-01  -8.292414e-01   5.229753e-02   1.632611e+01   1.740222e-01   4.243823e-01  -2.745606e-01  -2.975301e-01   6.698469e-02   1.777043e-01   9.982457e-02   4.166235e-01   4.033414e-01   6.028622e-01   2.209900e-02   6.438898e-02
   102  -7.755462e-01  -7.931953e-01   5.711774e-02   1.390196e+01   1.737038e-01   4.226240e-01  -2.267182e-01  -2.499809e-01   6.935597e-02   1.210316e-01   9.820828e-02   4.430406e-01   4.300329e-01   6.242038e-01   1.798988e-02   6.093854e-02
   103  -7.395001e-01  -7.571493e-01   6.238438e-02   1.183032e+01   1.733201e-01   4.205694e-01  -1.780625e-01  -2.017093e-01   7.161799e-02   8.133455e-02   9.665906e-02   4.689057e-01   4.561657e-01   6.445619e-01   1.463224e-02   5.765674e-02
   104  -7.034541e-01  -7.211032e-01   6.810459e-02   1.005674e+01   1.728791e-01   4.180116e-01  -1.283855e-01  -1.525141e-01   7.376638e-02   5.386230e-02   9.519351e-02   4.942350e-01   4.817550e-01   6.638974e-01   1.189194e-02   5.454127e-02
   105  -6.674080e-01  -6.850572e-01   7.434527e-02   8.542328e+00   1.723377e-01   4.148581e-01  -7.746562e-02  -1.021797e-01   7.579851e-02   3.510658e-02   9.382529e-02   5.190471e-01   5.068182e-01   6.821866e-01   9.657378e-03   5.159134e-02
   106  -6.313619e-01  -6.490111e-01   8.115047e-02   7.253175e+00   1.716444e-01   4.111386e-01  -2.508681e-02  -5.048704e-02   7.771330e-02   2.250154e-02   9.256341e-02   5.433618e-01   5.313746e-01   6.994197e-01   7.837097e-03   4.880200e-02
   107  -5.953159e-01  -6.129651e-01   8.856733e-02   6.156231e+00   1.707738e-01   4.068518e-01   2.890450e-02   2.747330e-03   7.951106e-02   1.418904e-02   9.138211e-02   5.672007e-01   5.554448e-01   7.155996e-01   6.355363e-03   4.616986e-02
   108  -5.592698e-01  -5.769190e-01   9.662299e-02   5.222798e+00   1.697030e-01   4.019878e-01   8.454275e-02   5.761401e-02   8.119333e-02   8.819912e-03   9.021490e-02   5.905859e-01   5.790507e-01   7.307399e-01   5.150234e-03   4.368880e-02
   109  -5.232238e-01  -5.408729e-01   1.053750e-01   4.427172e+00   1.684276e-01   3.965613e-01   1.416311e-01   1.140243e-01   8.276263e-02   5.430896e-03   8.890162e-02   6.135407e-01   6.022150e-01   7.448636e-01   4.170746e-03   4.135323e-02
   110  -4.871777e-01  -5.048269e-01   1.148966e-01   3.750871e+00   1.669045e-01   3.906239e-01   1.996177e-01   1.715915e-01   8.422234e-02   3.341584e-03   8.716080e-02   6.360889e-01   6.249612e-01   7.580011e-01   3.375205e-03   3.915675e-02
   111  -4.511317e-01  -4.687808e-01   1.252468e-01   3.175711e+00   1.651303e-01   3.841741e-01   2.575870e-01   2.295689e-01   8.557652e-02   2.077577e-03   8.465142e-02   6.582544e-01   6.473131e-01   7.701887e-01   2.729518e-03   3.709234e-02
   112  -4.150856e-01  -4.327348e-01   1.364858e-01   2.686355e+00   1.631016e-01   3.771759e-01   3.144141e-01   2.869293e-01   8.682971e-02   1.319652e-03   8.112546e-02   6.800616e-01   6.692948e-01   7.814674e-01   2.205769e-03   3.515371e-02
   113  -3.790396e-01  -3.966887e-01   1.486287e-01   2.269519e+00   1.608248e-01   3.695610e-01   3.690707e-01   3.426017e-01   8.798682e-02   8.624093e-04   7.660717e-02   7.015345e-01   6.909307e-01   7.918814e-01   1.781227e-03   3.333355e-02
   114  -3.429935e-01  -3.606427e-01   1.617813e-01   1.914566e+00   1.582970e-01   3.611998e-01   4.208809e-01   3.957480e-01   8.905301e-02   5.807101e-04   7.140047e-02   7.226973e-01   7.122448e-01   8.014771e-01   1.437318e-03   3.162517e-02
   115  -3.069475e-01  -3.245966e-01   1.760038e-01   1.612606e+00   1.555173e-01   3.519932e-01   4.695754e-01   4.459103e-01   9.003354e-02   4.018251e-04   6.591673e-02   7.435737e-01   7.332609e-01   8.103019e-01   1.158912e-03   3.002190e-02
   116  -2.709014e-01  -2.885506e-01   1.913538e-01   1.355787e+00   1.524926e-01   3.418354e-01   5.151930e-01   4.929829e-01   9.093373e-02   2.844704e-04   6.050501e-02   7.641870e-01   7.540026e-01   8.184036e-01   9.336932e-04   2.851697e-02
   117  -2.348554e-01  -2.525045e-01   2.078470e-01   1.137431e+00   1.492305e-01   3.305780e-01   5.579415e-01   5.370930e-01   9.175884e-02   2.051609e-04   5.538653e-02   7.845601e-01   7.744930e-01   8.258295e-01   7.516260e-04   2.710418e-02
   118  -1.988093e-01  -2.164585e-01   2.255500e-01   9.518639e-01   1.457416e-01   3.179592e-01   5.980980e-01   5.784837e-01   9.251402e-02   1.501864e-04   5.066667e-02   8.047150e-01   7.947544e-01   8.326262e-01   6.045529e-04   2.577739e-02
   119  -1.627632e-01  -1.804124e-01   2.445212e-01   7.945111e-01   1.420266e-01   3.039229e-01   6.359524e-01   6.174375e-01   9.320429e-02   1.112683e-04   4.637826e-02   8.246732e-01   8.148088e-01   8.388386e-01   4.858414e-04   2.453062e-02
   120  -1.267172e-01  -1.443663e-01   2.647920e-01   6.612625e-01   1.380979e-01   2.883640e-01   6.717810e-01   6.542361e-01   9.383445e-02   8.323374e-05   4.251442e-02   8.444555e-01   8.346770e-01   8.445100e-01   3.900977e-04   2.335841e-02
   121  -9.067113e-02  -1.083203e-01   2.863248e-01   5.485951e-01   1.339685e-01   2.710459e-01   7.058273e-01   6.891377e-01   9.440910e-02   6.276374e-05   3.904508e-02   8.640815e-01   8.543793e-01   8.496819e-01   3.129426e-04   2.225548e-02
   122  -5.462508e-02  -7.227424e-02   3.091760e-01   4.535432e-01   1.296497e-01   2.517673e-01   7.383081e-01   7.223713e-01   9.493262e-02   4.763984e-05   3.593424e-02   8.835701e-01   8.739351e-01   8.543935e-01   2.508217e-04   2.121680e-02
   123  -1.857903e-02  -3.622819e-02   3.333438e-01   3.735652e-01   1.251569e-01   2.306816e-01   7.694119e-01   7.541384e-01   9.540910e-02   3.635820e-05   3.314464e-02   9.029394e-01   8.933628e-01   8.586819e-01   2.008498e-04   2.023770e-02
   124   1.746703e-02  -1.821329e-04   3.587565e-01   3.064463e-01   1.205070e-01   2.076784e-01   7.993019e-01   7.846140e-01   9.584241e-02   2.787542e-05   3.063935e-02   9.222063e-01   9.126797e-01   8.625817e-01   1.606872e-04   1.931390e-02
   125   5.351308e-02   3.586392e-02   3.853884e-01   2.502974e-01   1.157180e-01   1.828153e-01   8.281208e-01   8.139504e-01   9.623618e-02   2.145324e-05   2.838612e-02   9.413868e-01   9.319025e-01   8.661256e-01   1.284387e-04   1.844128e-02
   126   8.955914e-02   7.190998e-02   4.131467e-01   2.034736e-01   1.108112e-01   1.564249e-01   8.559926e-01   8.422802e-01   9.659376e-02   1.656339e-05   2.635488e-02   9.604959e-01   9.510465e-01   8.693438e-01   1.025693e-04   1.761608e-02
   127   1.256052e-01   1.079560e-01   4.418790e-01   1.645164e-01   1.057895e-01   1.284228e-01   8.830255e-01   8.697194e-01   9.691827e-02   1.282230e-05   2.451965e-02   9.795476e-01   9.701262e-01   8.722644e-01   8.183676e-05   1.683483e-02
   128   1.616512e-01   1.440021e-01   4.715373e-01   1.323010e-01   1.006969e-01   1.002878e-01   9.093158e-01   8.963696e-01   9.721261e-02   9.947939e-06   2.285764e-02   9.985549e-01   9.891552e-01   8.749135e-01   6.523686e-05   1.609435e-02
   129   1.976973e-01   1.800481e-01   5.019846e-01   1.057744e-01   9.556389e-02   7.147533e-02   9.349467e-01   9.223203e-01   9.747945e-02   7.732267e-06   2.134833e-02   1.017530e+00   1.008146e+00   8.773151e-01   5.195855e-05   1.539169e-02
   130   2.337434e-01   2.160942e-01   5.330212e-01   8.404934e-02   9.041623e-02   4.380034e-02   9.599930e-01   9.476504e-01   9.772124e-02   6.019144e-06   1.997443e-02   1.036484e+00   1.027110e+00   8.794912e-01   4.134726e-05   1.472415e-02
   131   2.697894e-01   2.521402e-01   5.645106e-01   6.635193e-02   8.528432e-02   1.791308e-02   9.845209e-01   9.724301e-01   9.794025e-02   4.691296e-06   1.872050e-02   1.055426e+00   1.046058e+00   8.814623e-01   3.287524e-05   1.408929e-02
   132   3.058355e-01   2.881863e-01   5.962070e-01   5.201748e-02   8.020458e-02  -7.490908e-03   1.008589e+00   9.967215e-01   9.813854e-02   3.660086e-06   1.757293e-02   1.074367e+00   1.065000e+00   8.832469e-01   2.611743e-05   1.348486e-02
   133   3.418815e-01   3.242324e-01   6.276296e-01   4.045568e-02   7.517299e-02  -2.797133e-02   1.032249e+00   1.020580e+00   9.831802e-02   2.857838e-06   1.652010e-02   1.093315e+00   1.083945e+00   8.848622e-01   2.073190e-05   1.290885e-02
   134   3.779276e-01   3.602784e-01   6.588188e-01   3.120408e-02   7.024068e-02  -4.687151e-02   1.055548e+00   1.044055e+00   9.848042e-02   2.232831e-06   1.555173e-02   1.112278e+00   1.102900e+00   8.863237e-01   1.644383e-05   1.235939e-02
   135   4.139736e-01   3.963245e-01   6.895480e-01   2.387350e-02   6.544722e-02  -6.375097e-02   1.078528e+00   1.067190e+00   9.862732e-02   1.745358e-06   1.465874e-02   1.131262e+00   1.121874e+00   8.876458e-01   1.303257e-05   1.183480e-02
   136   4.500197e-01   4.323705e-01   7.192712e-01   1.810431e-02   6.080217e-02  -7.577633e-02   1.101226e+00   1.090025e+00   9.876016e-02   1.364821e-06   1.383322e-02   1.150274e+00   1.140872e+00   8.888415e-01   1.032116e-05   1.133357e-02
   137   4.860657e-01   4.684166e-01   7.479567e-01   1.359003e-02   5.632228e-02  -8.621611e-02   1.123675e+00   1.112595e+00   9.888027e-02   1.067536e-06   1.306831e-02   1.169320e+00   1.159902e+00   8.899225e-01   8.167812e-06   1.085429e-02
   138   5.221118e-01   5.044626e-01   7.754018e-01   1.010943e-02   5.204948e-02  -9.459952e-02   1.145906e+00   1.134932e+00   9.898885e-02   8.351558e-07   1.235793e-02   1.188405e+00   1.178967e+00   8.908996e-01   6.459076e-06   1.039571e-02
   139   5.581578e-01   5.405087e-01   8.011813e-01   7.437924e-03   4.797936e-02  -1.011725e-01   1.167944e+00   1.157065e+00   9.908698e-02   6.534300e-07   1.169672e-02   1.207533e+00   1.198074e+00   8.917828e-01   5.104229e-06   9.956678e-03
   140   5.942039e-01   5.765547e-01   8.253886e-01   5.418398e-03   4.413967e-02  -1.056683e-01   1.189815e+00   1.179017e+00   9.917565e-02   5.112708e-07   1.107999e-02   1.226708e+00   1.217226e+00   8.925808e-01   4.030817e-06   9.536149e-03
   141   6.302499e-01   6.126008e-01   8.476770e-01   3.902064e-03   4.052945e-02  -1.086214e-01   1.211539e+00   1.200813e+00   9.925576e-02   4.000395e-07   1.050358e-02   1.245934e+00   1.236427e+00   8.933019e-01   3.181025e-06   9.133161e-03
   142   6.662960e-01   6.486468e-01   8.680664e-01   2.781447e-03   3.716275e-02  -1.102956e-01   1.233137e+00   1.222472e+00   9.932813e-02   3.129945e-07   9.963871e-03   1.265213e+00   1.255681e+00   8.939532e-01   2.508765e-06   8.746837e-03
   143   7.023421e-01   6.846929e-01   8.865956e-01   1.959524e-03   3.403510e-02  -1.108461e-01   1.254624e+00   1.244013e+00   9.939350e-02   2.448707e-07   9.457641e-03   1.284549e+00   1.274989e+00   8.945415e-01   1.977332e-06   8.376372e-03
   144   7.383881e-01   7.207389e-01   9.030347e-01   1.365823e-03   3.114792e-02  -1.102529e-01   1.276017e+00   1.265453e+00   9.945254e-02   1.915539e-07   8.982039e-03   1.303943e+00   1.294354e+00   8.950729e-01   1.557521e-06   8.021025e-03
   145   7.744342e-01   7.567850e-01   9.176120e-01   9.421223e-04   2.849430e-02  -1.085309e-01   1.297330e+00   1.286805e+00   9.950586e-02   1.498267e-07   8.534535e-03   1.323397e+00   1.313779e+00   8.955527e-01   1.226114e-06   7.680113e-03
   146   8.104802e-01   7.928311e-01   9.304109e-01   6.430834e-04   2.606526e-02  -1.057696e-01   1.318575e+00   1.308082e+00   9.955400e-02   1.171718e-07   8.112881e-03   1.342913e+00   1.333265e+00   8.959860e-01   9.646694e-07   7.353004e-03
   147   8.465263e-01   8.288771e-01   9.415264e-01   4.346296e-04   2.384984e-02  -1.020920e-01   1.339762e+00   1.329297e+00   9.959747e-02   9.161922e-08   7.715078e-03   1.362491e+00   1.352813e+00   8.963772e-01   7.585513e-07   7.039111e-03
   148   8.825723e-01   8.649232e-01   9.510645e-01   2.911571e-04   2.183398e-02  -9.757840e-02   1.360902e+00   1.350461e+00   9.963672e-02   7.162672e-08   7.339340e-03   1.382133e+00   1.372423e+00   8.967304e-01   5.961544e-07   6.737890e-03
   149   9.186184e-01   9.009692e-01   9.591635e-01   1.934715e-04   2.000222e-02  -9.235285e-02   1.382004e+00   1.371581e+00   9.967214e-02   5.598676e-08   6.984071e-03   1.401838e+00   1.392098e+00   8.970493e-01   4.682833e-07   6.448833e-03
   150   9.546644e-01   9.370153e-01   9.660302e-01   1.276374e-04   1.833888e-02  -8.657384e-02   1.403074e+00   1.392667e+00   9.970413e-02   4.375378e-08   6.647839e-03   1.421608e+00   1.411835e+00   8.973371e-01   3.676581e-07   6.171466e-03
   151   9.907105e-01   9.730613e-01   9.718105e-01   8.368574e-05   1.682823e-02  -8.040414e-02   1.424121e+00   1.413725e+00   9.973300e-02   3.418738e-08   6.329360e-03   1.441440e+00   1.431637e+00   8.975970e-01   2.885192e-07   5.905346e-03
   152   1.026757e+00   1.009107e+00   9.766501e-01   5.457919e-05   1.545510e-02  -7.408672e-02   1.445149e+00   1.434762e+00   9.975905e-02   2.670772e-08   6.027476e-03   1.461336e+00   1.451502e+00   8.978315e-01   2.263138e-07   5.650058e-03
   153   1.062803e+00   1.045153e+00   9.806836e-01   3.544399e-05   1.420546e-02  -6.769406e-02   1.466164e+00   1.455784e+00   9.978257e-02   2.086082e-08   5.741143e-03   1.481293e+00   1.471429e+00   8.980432e-01   1.774453e-07   5.405212e-03
   154   1.098849e+00   1.081199e+00   9.840347e-01   2.293829e-05   1.306639e-02  -6.148534e-02   1.487171e+00   1.476795e+00   9.980380e-02   1.629121e-08   5.469413e-03   1.501312e+00   1.491418e+00   8.982342e-01   1.390745e-07   5.170443e-03
   155   1.134895e+00   1.117246e+00   9.868092e-01   1.480739e-05   1.202619e-02  -5.549358e-02   1.508172e+00   1.497798e+00   9.982296e-02   1.272062e-08   5.211432e-03   1.521389e+00   1.511466e+00   8.984066e-01   1.089617e-07   4.945408e-03
   156   1.170941e+00   1.153292e+00   9.891045e-01   9.540774e-06   1.107474e-02  -4.985494e-02   1.529170e+00   1.518798e+00   9.984025e-02   9.931262e-09   4.966423e-03   1.541524e+00   1.531573e+00   8.985622e-01   8.534127e-08   4.729786e-03
   157   1.206987e+00   1.189338e+00   9.909965e-01   6.139532e-06   1.020313e-02  -4.462994e-02   1.550167e+00   1.539795e+00   9.985585e-02   7.752673e-09   4.733682e-03   1.561713e+00   1.551736e+00   8.987027e-01   6.682219e-08   4.523277e-03
   158   1.243033e+00   1.225384e+00   9.925513e-01   3.947871e-06   9.403546e-03  -3.979855e-02   1.571165e+00   1.560793e+00   9.986993e-02   6.051483e-09   4.512568e-03   1.581954e+00   1.571951e+00   8.988294e-01   5.230928e-08   4.325602e-03
   159   1.279079e+00   1.261430e+00   9.938353e-01   2.537688e-06   8.669196e-03  -3.541998e-02   1.592164e+00   1.581792e+00   9.988264e-02   4.723359e-09   4.302503e-03   1.602243e+00   1.592217e+00   8.989438e-01   4.094078e-08   4.136501e-03
   160   1.315125e+00   1.297476e+00   9.948948e-01   1.631225e-06   7.994075e-03  -3.146723e-02   1.613164e+00   1.602791e+00   9.989411e-02   3.686702e-09   4.102960e-03   1.622576e+00   1.612528e+00   8.990470e-01   3.203906e-08   3.955735e-03
   161   1.351171e+00   1.333522e+00   9.957697e-01   1.048851e-06   7.372886e-03  -2.789829e-02   1.634162e+00   1.623790e+00   9.990446e-02   2.877704e-09   3.913464e-03   1.642947e+00   1.632881e+00   8.991401e-01   2.507153e-08   3.783086e-03
   162   1.387217e+00   1.369568e+00   9.964927e-01   6.747539e-07   6.801001e-03  -2.470357e-02   1.655158e+00   1.644787e+00   9.991379e-02   2.246484e-09   3.733589e-03   1.663352e+00   1.653269e+00   8.992241e-01   1.961986e-08   3.618357e-03
   163   1.423263e+00   1.405614e+00   9.970906e-01   4.343858e-07   6.274250e-03  -2.186744e-02   1.676146e+00   1.665779e+00   9.992222e-02   1.754058e-09   3.562953e-03   1.683782e+00   1.673687e+00   8.993000e-01   1.535565e-08   3.461376e-03
   164   1.459309e+00   1.441660e+00   9.975825e-01   2.798756e-07   5.788930e-03  -1.933085e-02   1.697122e+00   1.686761e+00   9.992982e-02   1.369963e-09   3.401216e-03   1.704229e+00   1.694126e+00   8.993684e-01   1.202122e-08   3.311991e-03
   165   1.495355e+00   1.477706e+00   9.979886e-01   1.804919e-07   5.341756e-03  -1.706380e-02   1.718080e+00   1.707728e+00   9.993668e-02   1.070404e-09   3.248084e-03   1.724684e+00   1.714577e+00   8.994301e-01   9.414504e-09   3.170078e-03
   166   1.531401e+00   1.513752e+00   9.983259e-01   1.165165e-07   4.929798e-03  -1.506060e-02   1.739012e+00   1.728672e+00   9.994287e-02   8.367970e-10   3.103302e-03   1.745134e+00   1.735030e+00   8.994858e-01   7.377103e-09   3.035540e-03
   167   1.567447e+00   1.549798e+00   9.986060e-01   7.530119e-08   4.550437e-03  -1.326458e-02   1.759906e+00   1.749585e+00   9.994845e-02   6.546311e-10   2.966657e-03   1.765567e+00   1.755471e+00   8.995361e-01   5.784926e-09   2.908307e-03
   168   1.603493e+00   1.585844e+00   9.988389e-01   4.872307e-08   4.201359e-03  -1.163230e-02   1.780752e+00   1.770454e+00   9.995349e-02   5.125805e-10   2.837977e-03   1.785965e+00   1.775885e+00   8.995814e-01   4.540800e-09   2.788342e-03
   169   1.639539e+00   1.621890e+00   9.990314e-01   3.156436e-08   3.880477e-03  -1.014369e-02   1.801532e+00   1.791266e+00   9.995804e-02   4.018062e-10   2.717133e-03   1.806309e+00   1.796256e+00   8.996223e-01   3.568664e-09   2.675638e-03
   170   1.675586e+00   1.657936e+00   9.991915e-01   2.047499e-08   3.585984e-03  -8.789260e-03   1.822230e+00   1.812004e+00   9.996214e-02   3.154123e-10   2.604037e-03   1.826577e+00   1.816561e+00   8.996593e-01   2.809009e-09   2.570224e-03
   171   1.711632e+00   1.693982e+00   9.993253e-01   1.330023e-08   3.316295e-03  -7.507137e-03   1.842823e+00   1.832648e+00   9.996584e-02   2.480196e-10   2.498645e-03   1.846744e+00   1.836777e+00   8.996926e-01   2.215294e-09   2.472166e-03
   172   1.747678e+00   1.730028e+00   9.994373e-01   8.653972e-09   3.070408e-03  -6.169535e-03   1.863285e+00   1.853174e+00   9.996918e-02   1.954337e-10   2.400953e-03   1.866778e+00   1.856876e+00   8.997226e-01   1.751139e-09   2.381563e-03
   173   1.783724e+00   1.766075e+00   9.995306e-01   5.640789e-09   2.847196e-03  -4.837606e-03   1.883587e+00   1.873555e+00   9.997219e-02   1.543842e-10   2.311003e-03   1.886646e+00   1.876825e+00   8.997498e-01   1.388113e-09   2.298552e-03
   174   1.819770e+00   1.802121e+00   9.996085e-01   3.684276e-09   2.645965e-03  -3.423963e-03   1.903695e+00   1.893758e+00   9.997491e-02   1.223222e-10   2.228873e-03   1.906308e+00   1.896588e+00   8.997742e-01   1.104007e-09   2.223306e-03
   175   1.855816e+00   1.838167e+00   9.996742e-01   2.412214e-09   2.466392e-03  -1.812309e-03   1.923569e+00   1.913746e+00   9.997737e-02   9.726106e-11   2.154686e-03   1.925723e+00   1.916124e+00   8.997963e-01   8.814806e-10   2.156025e-03
   176   1.891862e+00   1.874213e+00   9.997296e-01   1.584216e-09   2.309163e-03   3.048927e-04   1.943167e+00   1.933478e+00   9.997958e-02   7.765179e-11   2.088630e-03   1.944841e+00   1.935387e+00   8.998162e-01   7.069953e-10   2.096943e-03
   177   1.927908e+00   1.910259e+00   9.997764e-01   1.044343e-09   2.175179e-03   2.843487e-03   1.962443e+00   1.952912e+00   9.998158e-02   6.227914e-11   2.031225e-03   1.963614e+00   1.954329e+00   8.998342e-01   5.699657e-10   2.046391e-03
   178   1.963954e+00   1.946305e+00   9.998162e-01   6.915630e-10   2.065996e-03   5.987878e-03   1.981371e+00   1.972010e+00   9.998338e-02   5.015281e-11   1.984936e-03   1.981995e+00   1.972902e+00   8.998504e-01   4.619348e-10   2.005618e-03
   179   2.000000e+00   1.982351e+00   9.998500e-01   4.591804e-10   1.991083e-03   8.198133e-03   2.000000e+00   1.990786e+00   9.998500e-02   4.038448e-11   1.959238e-03   2.000000e+00   1.991091e+00   8.998650e-01   3.752649e-10   1.981909e-03
