     i          log_r       log_rmid          m_tot        rho_tot         v2_tot            eta     lgr[heavy]    lgrm[heavy]       m[heavy]     rho[heavy]      v2[heavy]     lgr[light]    lgrm[light]       m[light]     rho[light]      v2[light]
     0  -3.947337e+00  -4.248367e+00   1.014688e-07   2.108206e+05   2.355506e-01            nan  -3.947337e+00  -4.248367e+00   9.998500e-08   2.084816e+05   2.329949e-01  -2.934965e+00  -3.235995e+00   8.998650e-07   1.722642e+03   4.595913e-01
     1  -3.914112e+00  -3.930407e+00   1.275573e-07   2.101730e+05   2.353105e-01            nan  -3.924951e+00  -3.936000e+00   1.166721e-07   2.080596e+05   2.329938e-01  -2.910579e+00  -2.922601e+00   1.050049e-06   1.567009e+03   4.584368e-01
     2  -3.880886e+00  -3.897181e+00   1.603567e-07   2.100802e+05   2.352870e-01            nan  -3.902567e+00  -3.913615e+00   1.361439e-07   2.080139e+05   2.329936e-01  -2.886261e+00  -2.898250e+00   1.225295e-06   1.549718e+03   4.582994e-01
     3  -3.847661e+00  -3.863956e+00   2.015912e-07   2.099760e+05   2.352637e-01            nan  -3.880184e+00  -3.891231e+00   1.588651e-07   2.079632e+05   2.329935e-01  -2.861975e+00  -2.873949e+00   1.429786e-06   1.530911e+03   4.581462e-01
     4  -3.814436e+00  -3.830731e+00   2.534275e-07   2.098582e+05   2.352408e-01            nan  -3.857801e+00  -3.868848e+00   1.853780e-07   2.079071e+05   2.329933e-01  -2.837689e+00  -2.849663e+00   1.668402e-06   1.510484e+03   4.579752e-01
     5  -3.781210e+00  -3.797505e+00   3.185855e-07   2.097250e+05   2.352183e-01            nan  -3.835418e+00  -3.846465e+00   2.163150e-07   2.078449e+05   2.329932e-01  -2.813374e+00  -2.825361e+00   1.946835e-06   1.488331e+03   4.577843e-01
     6  -3.747985e+00  -3.764280e+00   4.004840e-07   2.095731e+05   2.351961e-01            nan  -3.813034e+00  -3.824082e+00   2.524142e-07   2.077760e+05   2.329930e-01  -2.789000e+00  -2.801016e+00   2.271728e-06   1.464351e+03   4.575708e-01
     7  -3.714760e+00  -3.731055e+00   5.034107e-07   2.094006e+05   2.351743e-01            nan  -3.790649e+00  -3.801697e+00   2.945370e-07   2.076997e+05   2.329928e-01  -2.764540e+00  -2.776598e+00   2.650833e-06   1.438446e+03   4.573319e-01
     8  -3.681534e+00  -3.697829e+00   6.327544e-07   2.092023e+05   2.351529e-01            nan  -3.768262e+00  -3.779311e+00   3.436881e-07   2.076152e+05   2.329925e-01  -2.739969e+00  -2.752081e+00   3.093193e-06   1.410526e+03   4.570644e-01
     9  -3.648309e+00  -3.664604e+00   7.952668e-07   2.089767e+05   2.351319e-01            nan  -3.745873e+00  -3.756923e+00   4.010398e-07   2.075216e+05   2.329923e-01  -2.715261e+00  -2.727439e+00   3.609358e-06   1.380512e+03   4.567646e-01
    10  -3.615084e+00  -3.631379e+00   9.994299e-07   2.087156e+05   2.351114e-01            nan  -3.723481e+00  -3.734533e+00   4.679601e-07   2.074179e+05   2.329920e-01  -2.690388e+00  -2.702646e+00   4.211641e-06   1.348337e+03   4.564280e-01
    11  -3.581858e+00  -3.598153e+00   1.255860e-06   2.084182e+05   2.350913e-01            nan  -3.701086e+00  -3.712139e+00   5.460446e-07   2.073030e+05   2.329917e-01  -2.665325e+00  -2.677675e+00   4.914402e-06   1.313955e+03   4.560501e-01
    12  -3.548633e+00  -3.564928e+00   1.577881e-06   2.080722e+05   2.350717e-01            nan  -3.678686e+00  -3.689741e+00   6.371554e-07   2.071758e+05   2.329913e-01  -2.640044e+00  -2.652500e+00   5.734398e-06   1.277339e+03   4.556250e-01
    13  -3.515408e+00  -3.531703e+00   1.982153e-06   2.076783e+05   2.350526e-01            nan  -3.656282e+00  -3.667339e+00   7.434644e-07   2.070349e+05   2.329909e-01  -2.614518e+00  -2.627093e+00   6.691180e-06   1.238490e+03   4.551465e-01
    14  -3.482182e+00  -3.498477e+00   2.489552e-06   2.072180e+05   2.350342e-01            nan  -3.633872e+00  -3.644933e+00   8.675058e-07   2.068789e+05   2.329905e-01  -2.588718e+00  -2.601426e+00   7.807552e-06   1.197439e+03   4.546072e-01
    15  -3.448957e+00  -3.465252e+00   3.126154e-06   2.066948e+05   2.350164e-01            nan  -3.611457e+00  -3.622520e+00   1.012236e-06   2.067061e+05   2.329900e-01  -2.562614e+00  -2.575470e+00   9.110122e-06   1.154253e+03   4.539986e-01
    16  -3.415732e+00  -3.432027e+00   3.924542e-06   2.060811e+05   2.349993e-01            nan  -3.589034e+00  -3.600101e+00   1.181103e-06   2.065147e+05   2.329895e-01  -2.536178e+00  -2.549195e+00   1.062993e-05   1.109044e+03   4.533111e-01
    17  -3.382506e+00  -3.398801e+00   4.925393e-06   2.053834e+05   2.349829e-01            nan  -3.566604e+00  -3.577675e+00   1.378130e-06   2.063029e+05   2.329889e-01  -2.509377e+00  -2.522571e+00   1.240317e-05   1.061978e+03   4.525352e-01
    18  -3.349281e+00  -3.365576e+00   6.179297e-06   2.045668e+05   2.349675e-01            nan  -3.544166e+00  -3.555240e+00   1.608010e-06   2.060683e+05   2.329882e-01  -2.482181e+00  -2.495566e+00   1.447209e-05   1.013252e+03   4.516586e-01
    19  -3.316056e+00  -3.332351e+00   7.749437e-06   2.036365e+05   2.349529e-01            nan  -3.521718e+00  -3.532797e+00   1.876216e-06   2.058087e+05   2.329875e-01  -2.454558e+00  -2.468150e+00   1.688595e-05   9.631087e+02   4.506678e-01
    20  -3.282830e+00  -3.299125e+00   9.713773e-06   2.025524e+05   2.349394e-01            nan  -3.499259e+00  -3.510343e+00   2.189133e-06   2.055213e+05   2.329867e-01  -2.426477e+00  -2.440290e+00   1.970220e-05   9.118301e+02   4.495470e-01
    21  -3.249605e+00  -3.265900e+00   1.216992e-05   2.013145e+05   2.349271e-01            nan  -3.476788e+00  -3.487878e+00   2.554206e-06   2.052032e+05   2.329858e-01  -2.397907e+00  -2.411957e+00   2.298786e-05   8.597365e+02   4.482785e-01
    22  -3.216380e+00  -3.232675e+00   1.523674e-05   1.998811e+05   2.349162e-01            nan  -3.454304e+00  -3.465401e+00   2.980121e-06   2.048512e+05   2.329848e-01  -2.368817e+00  -2.383118e+00   2.682109e-05   8.071804e+02   4.468405e-01
    23  -3.183154e+00  -3.199449e+00   1.906397e-05   1.982404e+05   2.349067e-01            nan  -3.431806e+00  -3.442910e+00   3.477003e-06   2.044617e+05   2.329836e-01  -2.339182e+00  -2.353747e+00   3.129303e-05   7.546044e+02   4.452193e-01
    24  -3.149929e+00  -3.166224e+00   2.383041e-05   1.963570e+05   2.348990e-01            nan  -3.409291e+00  -3.420403e+00   4.056664e-06   2.040309e+05   2.329824e-01  -2.308979e+00  -2.323818e+00   3.650997e-05   7.024147e+02   4.433929e-01
    25  -3.116703e+00  -3.132999e+00   2.976228e-05   1.941965e+05   2.348932e-01            nan  -3.386758e+00  -3.397878e+00   4.732872e-06   2.035544e+05   2.329810e-01  -2.278186e+00  -2.293309e+00   4.259585e-05   6.510076e+02   4.413360e-01
    26  -3.083478e+00  -3.099773e+00   3.712689e-05   1.917444e+05   2.348895e-01            nan  -3.364205e+00  -3.375335e+00   5.521683e-06   2.030275e+05   2.329795e-01  -2.246788e+00  -2.262203e+00   4.969515e-05   6.007656e+02   4.390182e-01
    27  -3.050253e+00  -3.066548e+00   4.625682e-05   1.889254e+05   2.348886e-01            nan  -3.341629e+00  -3.352770e+00   6.441814e-06   2.024450e+05   2.329778e-01  -2.214776e+00  -2.230487e+00   5.797633e-05   5.521155e+02   4.364264e-01
    28  -3.017027e+00  -3.033322e+00   5.754782e-05   1.857673e+05   2.348903e-01            nan  -3.319029e+00  -3.330182e+00   7.515084e-06   2.018012e+05   2.329759e-01  -2.182150e+00  -2.198157e+00   6.763576e-05   5.054077e+02   4.335415e-01
    29  -2.983802e+00  -3.000097e+00   7.147140e-05   1.821416e+05   2.348957e-01            nan  -3.296401e+00  -3.307568e+00   8.766923e-06   2.010899e+05   2.329739e-01  -2.148914e+00  -2.165214e+00   7.890231e-05   4.609098e+02   4.303306e-01
    30  -2.950577e+00  -2.966872e+00   8.860979e-05   1.781008e+05   2.349048e-01            nan  -3.273742e+00  -3.284924e+00   1.022697e-05   2.003042e+05   2.329715e-01  -2.115083e+00  -2.131669e+00   9.204273e-05   4.188721e+02   4.267784e-01
    31  -2.917351e+00  -2.933646e+00   1.095921e-04   1.735604e+05   2.349186e-01   4.886478e-01  -3.251050e+00  -3.262248e+00   1.192976e-05   1.994367e+05   2.329689e-01  -2.080680e+00  -2.097541e+00   1.073678e-04   3.794966e+02   4.228926e-01
    32  -2.884126e+00  -2.900421e+00   1.352365e-04   1.684836e+05   2.349303e-01   4.884500e-01  -3.228319e+00  -3.239536e+00   1.391553e-05   1.984793e+05   2.329661e-01  -2.045733e+00  -2.062855e+00   1.252398e-04   3.428643e+02   4.186373e-01
    33  -2.850901e+00  -2.867196e+00   1.664261e-04   1.629157e+05   2.349399e-01   4.881878e-01  -3.205547e+00  -3.216784e+00   1.623115e-05   1.974230e+05   2.329629e-01  -2.010283e+00  -2.027647e+00   1.460803e-04   3.090395e+02   4.140340e-01
    34  -2.817675e+00  -2.833970e+00   2.041428e-04   1.567150e+05   2.349513e-01   4.878864e-01  -3.182728e+00  -3.193988e+00   1.893121e-05   1.962583e+05   2.329593e-01  -1.974373e+00  -1.991957e+00   1.703808e-04   2.780087e+02   4.090942e-01
    35  -2.784450e+00  -2.800745e+00   2.496008e-04   1.499891e+05   2.349642e-01   4.875409e-01  -3.159858e+00  -3.171143e+00   2.207926e-05   1.949748e+05   2.329553e-01  -1.938052e+00  -1.955833e+00   1.987134e-04   2.496962e+02   4.037865e-01
    36  -2.751225e+00  -2.767520e+00   3.040219e-04   1.427725e+05   2.349772e-01   4.871306e-01  -3.136930e+00  -3.148243e+00   2.574932e-05   1.935611e+05   2.329509e-01  -1.901373e+00  -1.919326e+00   2.317439e-04   2.240060e+02   3.982130e-01
    37  -2.717999e+00  -2.734294e+00   3.686557e-04   1.349608e+05   2.349927e-01   4.866648e-01  -3.113938e+00  -3.125282e+00   3.002750e-05   1.920052e+05   2.329459e-01  -1.864391e+00  -1.882488e+00   2.702475e-04   2.007945e+02   3.923258e-01
    38  -2.684774e+00  -2.701069e+00   4.450730e-04   1.267128e+05   2.350096e-01   4.861301e-01  -3.090875e+00  -3.102253e+00   3.501400e-05   1.902940e+05   2.329404e-01  -1.827157e+00  -1.845375e+00   3.151260e-04   1.798942e+02   3.862270e-01
    39  -2.651549e+00  -2.667844e+00   5.347738e-04   1.181215e+05   2.350263e-01   4.855025e-01  -3.067733e+00  -3.079150e+00   4.082538e-05   1.884136e+05   2.329342e-01  -1.789726e+00  -1.808039e+00   3.674284e-04   1.611341e+02   3.799052e-01
    40  -2.618323e+00  -2.634618e+00   6.391492e-04   1.092727e+05   2.350440e-01   4.847880e-01  -3.044503e+00  -3.055963e+00   4.759714e-05   1.863492e+05   2.329273e-01  -1.752145e+00  -1.770529e+00   4.283742e-04   1.443275e+02   3.734316e-01
    41  -2.585098e+00  -2.601393e+00   7.592517e-04   1.001882e+05   2.350631e-01   4.839806e-01  -3.021175e+00  -3.032683e+00   5.548679e-05   1.840851e+05   2.329195e-01  -1.714459e+00  -1.732894e+00   4.993811e-04   1.292964e+02   3.668335e-01
    42  -2.551873e+00  -2.568168e+00   8.966486e-04   9.104949e+04   2.350801e-01   4.830361e-01  -2.997739e+00  -3.009299e+00   6.467734e-05   1.816049e+05   2.329108e-01  -1.676708e+00  -1.695174e+00   5.820960e-04   1.158667e+02   3.601498e-01
    43  -2.518647e+00  -2.534942e+00   1.052420e-03   8.201640e+04   2.350957e-01   4.819685e-01  -2.974181e+00  -2.985800e+00   7.538125e-05   1.788915e+05   2.329010e-01  -1.638925e+00  -1.657406e+00   6.784313e-04   1.038703e+02   3.534340e-01
    44  -2.485422e+00  -2.501717e+00   1.227400e-03   7.321546e+04   2.351088e-01   4.807673e-01  -2.950488e+00  -2.962173e+00   8.784517e-05   1.759270e+05   2.328900e-01  -1.601140e+00  -1.619622e+00   7.906065e-04   9.316043e+01   3.466935e-01
    45  -2.452197e+00  -2.468492e+00   1.422150e-03   6.476788e+04   2.351174e-01   4.794205e-01  -2.926644e+00  -2.938402e+00   1.023551e-04   1.726935e+05   2.328777e-01  -1.563375e+00  -1.581848e+00   9.211963e-04   8.358863e+01   3.399982e-01
    46  -2.418971e+00  -2.435266e+00   1.636963e-03   5.678227e+04   2.351166e-01   4.778777e-01  -2.902631e+00  -2.914471e+00   1.192428e-04   1.691728e+05   2.328637e-01  -1.525651e+00  -1.544104e+00   1.073185e-03   7.503846e+01   3.333257e-01
    47  -2.385746e+00  -2.402041e+00   1.871922e-03   4.935002e+04   2.351052e-01   4.761540e-01  -2.878431e+00  -2.890362e+00   1.388921e-04   1.653467e+05   2.328479e-01  -1.487978e+00  -1.506406e+00   1.250029e-03   6.738435e+01   3.267575e-01
    48  -2.352521e+00  -2.368816e+00   2.126982e-03   4.253877e+04   2.350798e-01   4.742406e-01  -2.854020e+00  -2.866054e+00   1.617478e-04   1.611979e+05   2.328301e-01  -1.450369e+00  -1.468766e+00   1.455730e-03   6.053799e+01   3.202423e-01
    49  -2.319295e+00  -2.335590e+00   2.402117e-03   3.638978e+04   2.350368e-01   4.721324e-01  -2.829374e+00  -2.841522e+00   1.883238e-04   1.567103e+05   2.328098e-01  -1.412826e+00  -1.431192e+00   1.694914e-03   5.439525e+01   3.138735e-01
    50  -2.286070e+00  -2.302365e+00   2.694879e-03   3.091298e+04   2.349724e-01   4.698136e-01  -2.804465e+00  -2.816741e+00   2.192140e-04   1.518691e+05   2.327867e-01  -1.375356e+00  -1.393687e+00   1.972926e-03   4.889173e+01   3.075703e-01
    51  -2.252844e+00  -2.269139e+00   3.003718e-03   2.605256e+04   2.348688e-01   4.673319e-01  -2.779261e+00  -2.791680e+00   2.551039e-04   1.466627e+05   2.327604e-01  -1.337955e+00  -1.356253e+00   2.295935e-03   4.394134e+01   3.014428e-01
    52  -2.219619e+00  -2.235914e+00   3.330919e-03   2.184079e+04   2.347265e-01   4.646496e-01  -2.753725e+00  -2.766305e+00   2.967831e-04   1.410822e+05   2.327303e-01  -1.300625e+00  -1.318889e+00   2.671048e-03   3.949593e+01   2.954025e-01
    53  -2.186394e+00  -2.202689e+00   3.677465e-03   1.823170e+04   2.345447e-01   4.617548e-01  -2.727817e+00  -2.740578e+00   3.451610e-04   1.351237e+05   2.326956e-01  -1.263357e+00  -1.281592e+00   3.106449e-03   3.549097e+01   2.895284e-01
    54  -2.153168e+00  -2.169463e+00   4.035783e-03   1.515861e+04   2.343190e-01   4.586340e-01  -2.701490e+00  -2.714454e+00   4.012824e-04   1.287885e+05   2.326557e-01  -1.226151e+00  -1.244356e+00   3.611542e-03   3.188616e+01   2.837609e-01
    55  -2.119943e+00  -2.136238e+00   4.408738e-03   1.254721e+04   2.339974e-01   4.554745e-01  -2.674691e+00  -2.687884e+00   4.663463e-04   1.220848e+05   2.326094e-01  -1.188998e+00  -1.207177e+00   4.197117e-03   2.863547e+01   2.781321e-01
    56  -2.086718e+00  -2.103013e+00   4.803124e-03   1.036942e+04   2.336278e-01   4.521016e-01  -2.647360e+00  -2.660811e+00   5.417261e-04   1.150292e+05   2.325555e-01  -1.151892e+00  -1.170049e+00   4.875535e-03   2.570337e+01   2.726252e-01
    57  -2.053492e+00  -2.069787e+00   5.202388e-03   8.551869e+03   2.331789e-01   4.486051e-01  -2.619426e+00  -2.633169e+00   6.289911e-04   1.076477e+05   2.324924e-01  -1.114829e+00  -1.132965e+00   5.660920e-03   2.305804e+01   2.672231e-01
    58  -2.020267e+00  -2.036562e+00   5.623014e-03   7.044663e+03   2.326085e-01   4.451530e-01  -2.590811e+00  -2.604883e+00   7.299314e-04   9.997717e+04   2.324181e-01  -1.077799e+00  -1.095919e+00   6.569382e-03   2.066769e+01   2.619570e-01
    59  -1.987042e+00  -2.003337e+00   6.056261e-03   5.801840e+03   2.320147e-01   4.414300e-01  -2.561423e+00  -2.575868e+00   8.465830e-04   9.206677e+04   2.323301e-01  -1.040797e+00  -1.058904e+00   7.619247e-03   1.850995e+01   2.567768e-01
    60  -1.953816e+00  -1.970111e+00   6.505154e-03   4.777930e+03   2.312077e-01   4.380581e-01  -2.531155e+00  -2.546025e+00   9.812558e-04   8.397867e+04   2.322251e-01  -1.003814e+00  -1.021912e+00   8.831303e-03   1.655928e+01   2.517193e-01
    61  -1.920591e+00  -1.936886e+00   6.972593e-03   3.936877e+03   2.304133e-01   4.343448e-01  -2.499888e+00  -2.515240e+00   1.136562e-03   7.578856e+04   2.320988e-01  -9.668442e-01  -9.849358e-01   1.022906e-02   1.479709e+01   2.467542e-01
    62  -1.887366e+00  -1.903661e+00   7.454570e-03   3.248373e+03   2.293785e-01   4.311665e-01  -2.467481e+00  -2.483382e+00   1.315444e-03   6.758542e+04   2.319458e-01  -9.298833e-01  -9.479707e-01   1.183900e-02   1.320581e+01   2.418631e-01
    63  -1.854140e+00  -1.870435e+00   7.958740e-03   2.682456e+03   2.283693e-01   4.276430e-01  -2.433771e+00  -2.450299e+00   1.521208e-03   5.947034e+04   2.317584e-01  -8.929235e-01  -9.110103e-01   1.369088e-02   1.176784e+01   2.370733e-01
    64  -1.820915e+00  -1.837210e+00   8.480834e-03   2.220663e+03   2.271082e-01   4.247876e-01  -2.398574e+00  -2.415816e+00   1.757548e-03   5.155421e+04   2.315270e-01  -8.559609e-01  -8.740491e-01   1.581793e-02   1.047004e+01   2.323503e-01
    65  -1.787690e+00  -1.803985e+00   9.027033e-03   1.839850e+03   2.259042e-01   4.215586e-01  -2.361677e+00  -2.379734e+00   2.028572e-03   4.395395e+04   2.312383e-01  -8.189922e-01  -8.370833e-01   1.825715e-02   9.299334e+00   2.276902e-01
    66  -1.754464e+00  -1.770759e+00   9.597784e-03   1.529526e+03   2.244256e-01   4.191451e-01  -2.322837e+00  -2.341823e+00   2.338830e-03   3.678737e+04   2.308741e-01  -7.820131e-01  -8.001092e-01   2.104947e-02   8.243672e+00   2.231019e-01
    67  -1.721239e+00  -1.737534e+00   1.019416e-02   1.272606e+03   2.230218e-01   4.163638e-01  -2.281784e+00  -2.301825e+00   2.693323e-03   3.016630e+04   2.304098e-01  -7.450225e-01  -7.631241e-01   2.423991e-02   7.293157e+00   2.185602e-01
    68  -1.688014e+00  -1.704309e+00   1.082333e-02   1.062521e+03   2.213949e-01   4.143075e-01  -2.238220e+00  -2.259456e+00   3.097518e-03   2.418870e+04   2.298120e-01  -7.080204e-01  -7.261275e-01   2.787766e-02   6.438341e+00   2.140567e-01
    69  -1.654788e+00  -1.671083e+00   1.148084e-02   8.881987e+02   2.198174e-01   4.121334e-01  -2.191829e+00  -2.214405e+00   3.557342e-03   1.893038e+04   2.290350e-01  -6.710063e-01  -6.891191e-01   3.201608e-02   5.670336e+00   2.096013e-01
    70  -1.621563e+00  -1.637858e+00   1.217966e-02   7.446280e+02   2.181128e-01   4.104496e-01  -2.142295e+00  -2.166356e+00   4.079169e-03   1.443694e+04   2.280176e-01  -6.339827e-01  -6.521000e-01   3.671252e-02   4.981670e+00   2.051737e-01
    71  -1.588338e+00  -1.604633e+00   1.291177e-02   6.253503e+02   2.164165e-01   4.088593e-01  -2.089330e+00  -2.115005e+00   4.669785e-03   1.071806e+04   2.266800e-01  -5.969545e-01  -6.150741e-01   4.202806e-02   4.365389e+00   2.007564e-01
    72  -1.555112e+00  -1.571407e+00   1.369329e-02   5.263318e+02   2.146855e-01   4.075491e-01  -2.032719e+00  -2.060103e+00   5.336336e-03   7.745174e+03   2.249221e-01  -5.599272e-01  -5.780464e-01   4.802703e-02   3.814852e+00   1.963585e-01
    73  -1.521887e+00  -1.538182e+00   1.451618e-02   4.439118e+02   2.129375e-01   4.064570e-01  -1.972382e+00  -2.001504e+00   6.086254e-03   5.454125e+03   2.226274e-01  -5.229085e-01  -5.410236e-01   5.477629e-02   3.324223e+00   1.919672e-01
    74  -1.488661e+00  -1.504956e+00   1.539546e-02   3.750140e+02   2.112234e-01   4.055174e-01  -1.908433e+00  -1.939231e+00   6.927149e-03   3.753084e+03   2.196754e-01  -4.859091e-01  -5.040149e-01   6.234434e-02   2.888138e+00   1.875679e-01
    75  -1.455436e+00  -1.471731e+00   1.632878e-02   3.174773e+02   2.094902e-01   4.048013e-01  -1.841232e+00  -1.873534e+00   7.866679e-03   2.534692e+03   2.159657e-01  -4.489422e-01  -4.670324e-01   7.080011e-02   2.501627e+00   1.831488e-01
    76  -1.422211e+00  -1.438506e+00   1.732630e-02   2.691315e+02   2.078285e-01   4.041787e-01  -1.771390e+00  -1.804908e+00   8.912390e-03   1.689683e+03   2.114503e-01  -4.120225e-01  -4.300901e-01   8.021151e-02   2.159986e+00   1.787154e-01
    77  -1.388985e+00  -1.405280e+00   1.839059e-02   2.285673e+02   2.061690e-01   4.037597e-01  -1.699710e+00  -1.734073e+00   1.007152e-02   1.118776e+03   2.061628e-01  -3.751678e-01  -3.932043e-01   9.064369e-02   1.859001e+00   1.742546e-01
    78  -1.355760e+00  -1.372055e+00   1.953006e-02   1.943679e+02   2.045902e-01   4.033811e-01  -1.627083e+00  -1.661880e+00   1.135078e-02   7.401058e+02   2.002269e-01  -3.383992e-01  -3.563945e-01   1.021570e-01   1.594749e+00   1.697549e-01
    79  -1.322535e+00  -1.338830e+00   2.075005e-02   1.655154e+02   2.030486e-01   4.031860e-01  -1.554362e+00  -1.589202e+00   1.275612e-02   4.914861e+02   1.938370e-01  -3.017406e-01  -3.196832e-01   1.148050e-01   1.363579e+00   1.652082e-01
    80  -1.289309e+00  -1.305604e+00   2.205910e-02   1.411382e+02   2.015780e-01   4.029775e-01  -1.482262e+00  -1.516817e+00   1.429243e-02   3.286884e+02   1.872170e-01  -2.652176e-01  -2.830953e-01   1.286319e-01   1.162055e+00   1.606199e-01
    81  -1.256084e+00  -1.272379e+00   2.346429e-02   1.204629e+02   2.001760e-01   4.028921e-01  -1.411318e+00  -1.445343e+00   1.596333e-02   2.217462e+02   1.805773e-01  -2.288590e-01  -2.466579e-01   1.436700e-01   9.870632e-01   1.559820e-01
    82  -1.222859e+00  -1.239154e+00   2.497543e-02   1.029646e+02   1.988297e-01   4.027797e-01  -1.341885e+00  -1.375216e+00   1.777087e-02   1.509930e+02   1.740861e-01  -1.926963e-01  -2.104014e-01   1.599378e-01   8.357124e-01   1.512891e-01
    83  -1.189633e+00  -1.205928e+00   2.660076e-02   8.805843e+01   1.975685e-01   4.026893e-01  -1.274164e+00  -1.306706e+00   1.971527e-02   1.037447e+02   1.678598e-01  -1.567629e-01  -1.743581e-01   1.774374e-01   7.053239e-01   1.465429e-01
    84  -1.156408e+00  -1.172703e+00   2.835250e-02   7.541685e+01   1.963488e-01   4.026002e-01  -1.208240e+00  -1.239953e+00   2.179475e-02   7.187192e+01   1.619657e-01  -1.210931e-01  -1.385619e-01   1.961527e-01   5.934276e-01   1.417514e-01
    85  -1.123183e+00  -1.139478e+00   3.023907e-02   6.461405e+01   1.952097e-01   4.024160e-01  -1.144122e+00  -1.174999e+00   2.400535e-02   5.015461e+01   1.564328e-01  -8.572313e-02  -1.030482e-01   2.160481e-01   4.977899e-01   1.369153e-01
    86  -1.089957e+00  -1.106252e+00   3.227756e-02   5.542995e+01   1.941037e-01   4.022565e-01  -1.081765e+00  -1.111826e+00   2.634082e-02   3.521717e+01   1.512634e-01  -5.068992e-02  -6.785337e-02   2.370673e-01   4.163718e-01   1.320392e-01
    87  -1.056732e+00  -1.073027e+00   3.447409e-02   4.756763e+01   1.930646e-01   4.019693e-01  -1.021096e+00  -1.050372e+00   2.879262e-02   2.485522e+01   1.464441e-01  -1.602915e-02  -3.301384e-02   2.591336e-01   3.473087e-01   1.271420e-01
    88  -1.023507e+00  -1.039802e+00   3.685466e-02   4.086315e+01   1.920466e-01   4.016435e-01  -9.620213e-01  -9.905549e-01   3.134998e-02   1.761338e+01   1.419525e-01   1.822343e-02   1.434739e-03   2.821498e-01   2.889496e-01   1.222310e-01
    89  -9.902813e-01  -1.006576e+00   3.941872e-02   3.511973e+01   1.910709e-01   4.012252e-01  -9.044395e-01  -9.322768e-01   3.400006e-02   1.251956e+01   1.377610e-01   5.203348e-02   3.545739e-02   3.060005e-01   2.398102e-01   1.173201e-01
    90  -9.570559e-01  -9.733509e-01   4.220290e-02   3.020370e+01   1.901084e-01   4.006894e-01  -8.482428e-01  -8.754328e-01   3.672816e-02   8.917326e+00   1.338430e-01   8.536955e-02   6.902129e-02   3.305535e-01   1.985683e-01   1.124302e-01
    91  -9.238306e-01  -9.401256e-01   4.520766e-02   2.599517e+01   1.891405e-01   4.000370e-01  -7.933204e-01  -8.199139e-01   3.951809e-02   6.358730e+00   1.301712e-01   1.182019e-01   1.020959e-01   3.556628e-01   1.640705e-01   1.075730e-01
    92  -8.906052e-01  -9.069002e-01   4.846769e-02   2.237578e+01   1.881940e-01   3.992600e-01  -7.395587e-01  -7.656082e-01   4.235249e-02   4.535218e+00   1.267215e-01   1.505052e-01   1.346538e-01   3.811724e-01   1.352942e-01   1.027729e-01
    93  -8.573799e-01  -8.736749e-01   5.200062e-02   1.927984e+01   1.871941e-01   3.983675e-01  -6.868411e-01  -7.124005e-01   4.521329e-02   3.232355e+00   1.234713e-01   1.822570e-01   1.666712e-01   4.069196e-01   1.113607e-01   9.804395e-02
    94  -8.241545e-01  -8.404495e-01   5.582185e-02   1.660628e+01   1.861958e-01   3.972399e-01  -6.350480e-01  -6.601729e-01   4.808216e-02   2.300079e+00   1.204015e-01   2.134395e-01   1.981281e-01   4.327394e-01   9.150455e-02   9.340619e-02
    95  -7.909292e-01  -8.072242e-01   5.997945e-02   1.431295e+01   1.851329e-01   3.959996e-01  -5.840531e-01  -6.088025e-01   5.094094e-02   1.632477e+00   1.174942e-01   2.440387e-01   2.290085e-01   4.584685e-01   7.507124e-02   8.887517e-02
    96  -7.577038e-01  -7.739988e-01   6.446889e-02   1.233898e+01   1.840116e-01   3.945536e-01  -5.337264e-01  -5.581611e-01   5.377208e-02   1.154601e+00   1.147358e-01   2.740447e-01   2.593008e-01   4.839488e-01   6.150030e-02   8.446636e-02
    97  -7.244785e-01  -7.407735e-01   6.934852e-02   1.063618e+01   1.828327e-01   3.928597e-01  -4.839286e-01  -5.081141e-01   5.655903e-02   8.129153e-01   1.121136e-01   3.034523e-01   2.889974e-01   5.090312e-01   5.031567e-02   8.019329e-02
    98  -6.912531e-01  -7.075482e-01   7.464819e-02   9.172358e+00   1.815484e-01   3.909789e-01  -4.345089e-01  -4.585162e-01   5.928652e-02   5.691119e-01   1.096186e-01   3.322599e-01   3.180949e-01   5.335787e-01   4.111497e-02   7.606664e-02
    99  -6.580278e-01  -6.743228e-01   8.037723e-02   7.906539e+00   1.801964e-01   3.888212e-01  -3.853085e-01  -4.092123e-01   6.194091e-02   3.957475e-01   1.072435e-01   3.604699e-01   3.465939e-01   5.574682e-01   3.355876e-02   7.209609e-02
   100  -6.248024e-01  -6.410975e-01   8.660750e-02   6.815095e+00   1.787304e-01   3.863781e-01  -3.361520e-01  -3.600351e-01   6.451030e-02   2.729860e-01   1.049840e-01   3.880883e-01   3.744986e-01   5.805927e-01   2.736297e-02   6.828754e-02
   101  -5.915771e-01  -6.078721e-01   9.335909e-02   5.874539e+00   1.771265e-01   3.836354e-01  -2.868455e-01  -3.107994e-01   6.698469e-02   1.865289e-01   1.028407e-01   4.151244e-01   4.018167e-01   6.028622e-01   2.228949e-02   6.464648e-02
   102  -5.583517e-01  -5.746468e-01   1.006642e-01   5.059334e+00   1.754323e-01   3.805105e-01  -2.371834e-01  -2.613050e-01   6.935597e-02   1.260838e-01   1.008142e-01   4.415900e-01   4.285588e-01   6.242038e-01   1.814063e-02   6.117431e-02
   103  -5.251264e-01  -5.414214e-01   1.085898e-01   4.355887e+00   1.735900e-01   3.770258e-01  -1.869374e-01  -2.113341e-01   7.161799e-02   8.417472e-02   9.891111e-02   4.675002e-01   4.547383e-01   6.445619e-01   1.475154e-02   5.787284e-02
   104  -4.919011e-01  -5.081961e-01   1.171546e-01   3.747772e+00   1.715781e-01   3.730877e-01  -1.358635e-01  -1.606501e-01   7.376638e-02   5.541787e-02   9.714136e-02   4.928714e-01   4.803710e-01   6.638974e-01   1.198630e-02   5.473965e-02
   105  -4.586757e-01  -4.749707e-01   1.264050e-01   3.220551e+00   1.694397e-01   3.685674e-01  -8.371739e-02  -1.090083e-01   7.579851e-02   3.593680e-02   9.550895e-02   5.177228e-01   5.054749e-01   6.821866e-01   9.732006e-03   5.177366e-02
   106  -4.254504e-01  -4.417454e-01   1.364184e-01   2.765362e+00   1.671351e-01   3.635372e-01  -3.025957e-02  -5.616648e-02   7.771330e-02   2.292952e-02   9.401926e-02   5.420745e-01   5.300693e-01   6.994197e-01   7.896094e-03   4.896976e-02
   107  -3.922250e-01  -4.085200e-01   1.472174e-01   2.372202e+00   1.646617e-01   3.579406e-01   2.467471e-02  -1.924424e-03   7.951106e-02   1.440286e-02   9.263823e-02   5.659482e-01   5.541753e-01   7.155996e-01   6.401976e-03   4.632445e-02
   108  -3.589997e-01  -3.752947e-01   1.588404e-01   2.031696e+00   1.620436e-01   3.515656e-01   8.112923e-02   5.381865e-02   8.119333e-02   8.923291e-03   9.129502e-02   5.893665e-01   5.778152e-01   7.307399e-01   5.187045e-03   4.383141e-02
   109  -3.257743e-01  -3.420693e-01   1.713707e-01   1.737783e+00   1.592482e-01   3.444294e-01   1.389070e-01   1.109783e-01   8.276263e-02   5.480198e-03   8.982220e-02   6.123528e-01   6.010117e-01   7.448636e-01   4.199796e-03   4.148498e-02
   110  -2.925490e-01  -3.088440e-01   1.848318e-01   1.484148e+00   1.562772e-01   3.364851e-01   1.974541e-01   1.691664e-01   8.422234e-02   3.365508e-03   8.793180e-02   6.349311e-01   6.237887e-01   7.580011e-01   3.398114e-03   3.927859e-02
   111  -2.593236e-01  -2.756186e-01   1.992468e-01   1.264987e+00   1.531537e-01   3.274872e-01   2.558542e-01   2.276350e-01   8.557652e-02   2.089983e-03   8.527948e-02   6.571255e-01   6.461701e-01   7.701887e-01   2.747569e-03   3.720518e-02
   112  -2.260983e-01  -2.423933e-01   2.147001e-01   1.076131e+00   1.498588e-01   3.174513e-01   3.129920e-01   2.853621e-01   8.682971e-02   1.326762e-03   8.162127e-02   6.789605e-01   6.681802e-01   7.814674e-01   2.219980e-03   3.525832e-02
   113  -1.928729e-01  -2.091679e-01   2.312010e-01   9.135597e-01   1.463916e-01   3.063216e-01   3.678606e-01   3.412922e-01   8.798682e-02   8.668840e-04   7.698975e-02   7.004604e-01   6.898435e-01   7.918814e-01   1.792405e-03   3.343062e-02
   114  -1.596476e-01  -1.759426e-01   2.487225e-01   7.734702e-01   1.427595e-01   2.936639e-01   4.198107e-01   3.946120e-01   8.905301e-02   5.837088e-04   7.169416e-02   7.216494e-01   7.111841e-01   8.014771e-01   1.446100e-03   3.171537e-02
   115  -1.264222e-01  -1.427172e-01   2.673662e-01   6.531265e-01   1.389613e-01   2.796315e-01   4.685971e-01   4.448886e-01   9.003354e-02   4.039087e-04   6.614490e-02   7.425512e-01   7.322260e-01   8.103019e-01   1.165805e-03   3.010579e-02
   116  -9.319688e-02  -1.094919e-01   2.871075e-01   5.500013e-01   1.350081e-01   2.642167e-01   5.142761e-01   4.920369e-01   9.093373e-02   2.859507e-04   6.068596e-02   7.631894e-01   7.529929e-01   8.184036e-01   9.390973e-04   2.859505e-02
   117  -5.997154e-02  -7.626655e-02   3.079503e-01   4.617366e-01   1.309143e-01   2.469087e-01   5.570677e-01   5.361987e-01   9.175884e-02   2.062241e-04   5.553391e-02   7.835867e-01   7.735078e-01   8.258295e-01   7.558577e-04   2.717693e-02
   118  -2.674619e-02  -4.304120e-02   3.299269e-01   3.864090e-01   1.266847e-01   2.281360e-01   5.972562e-01   5.776266e-01   9.251402e-02   1.509580e-04   5.078965e-02   8.037655e-01   7.937933e-01   8.326262e-01   6.078625e-04   2.584522e-02
   119   6.479159e-03  -9.815857e-03   3.529476e-01   3.222528e-01   1.223323e-01   2.076925e-01   6.351357e-01   6.166088e-01   9.320429e-02   1.118331e-04   4.648294e-02   8.237471e-01   8.138712e-01   8.388386e-01   4.884267e-04   2.459390e-02
   120   3.970451e-02   2.340949e-02   3.770338e-01   2.677603e-01   1.178673e-01   1.856484e-01   6.709848e-01   6.534300e-01   9.383445e-02   8.365041e-05   4.260483e-02   8.435522e-01   8.337625e-01   8.445100e-01   3.921145e-04   2.341749e-02
   121   7.292985e-02   5.663484e-02   4.021158e-01   2.216017e-01   1.133069e-01   1.621223e-01   7.050492e-01   6.883509e-01   9.440910e-02   6.307236e-05   3.912445e-02   8.632008e-01   8.534876e-01   8.496819e-01   3.145140e-04   2.231066e-02
   122   1.061552e-01   8.986018e-02   4.281050e-01   1.826341e-01   1.086630e-01   1.375369e-01   7.375463e-01   7.216016e-01   9.493262e-02   4.786977e-05   3.600455e-02   8.827118e-01   8.730659e-01   8.543935e-01   2.520445e-04   2.126835e-02
   123   1.393805e-01   1.230855e-01   4.549615e-01   1.498411e-01   1.039568e-01   1.120504e-01   7.686654e-01   7.533845e-01   9.540910e-02   3.652999e-05   3.320756e-02   9.021030e-01   8.925156e-01   8.586819e-01   2.018000e-04   2.028589e-02
   124   1.726059e-01   1.563109e-01   4.825145e-01   1.223497e-01   9.920662e-02   8.612729e-02   7.985702e-01   7.838751e-01   9.584241e-02   2.800428e-05   3.069600e-02   9.213915e-01   9.118543e-01   8.625817e-01   1.614247e-04   1.935894e-02
   125   2.058312e-01   1.895362e-01   5.107076e-01   9.939760e-02   9.443121e-02   6.081097e-02   8.274035e-01   8.132261e-01   9.623618e-02   2.155006e-05   2.843747e-02   9.405934e-01   9.310986e-01   8.661256e-01   1.290104e-04   1.848340e-02
   126   2.390566e-01   2.227616e-01   5.393622e-01   8.031308e-02   8.965789e-02   3.520547e-02   8.552895e-01   8.415702e-01   9.659376e-02   1.663633e-05   2.640162e-02   9.597235e-01   9.502638e-01   8.693438e-01   1.030119e-04   1.765546e-02
   127   2.722819e-01   2.559869e-01   5.683484e-01   6.452848e-02   8.489959e-02   1.263723e-02   8.823366e-01   8.690236e-01   9.691827e-02   1.287731e-05   2.456240e-02   9.787960e-01   9.693644e-01   8.722644e-01   8.217898e-05   1.687164e-02
   128   3.055073e-01   2.892123e-01   5.974088e-01   5.152914e-02   8.019031e-02  -1.011242e-02   9.086411e-01   8.956880e-01   9.721261e-02   9.989482e-06   2.289684e-02   9.978237e-01   9.884140e-01   8.749135e-01   6.550116e-05   1.612875e-02
   129   3.387326e-01   3.224376e-01   6.263386e-01   4.086278e-02   7.552302e-02  -2.879972e-02   9.342863e-01   9.216530e-01   9.747945e-02   7.763666e-06   2.138439e-02   1.016819e+00   1.007425e+00   8.773151e-01   5.216244e-05   1.542384e-02
   130   3.719580e-01   3.556630e-01   6.550434e-01   3.218410e-02   7.094911e-02  -4.624146e-02   9.593470e-01   9.469974e-01   9.772124e-02   6.042887e-06   2.000768e-02   1.035792e+00   1.026409e+00   8.794912e-01   4.150436e-05   1.475419e-02
   131   4.051833e-01   3.888883e-01   6.833277e-01   2.517022e-02   6.648753e-02  -6.145457e-02   9.838893e-01   9.717915e-01   9.794025e-02   4.709259e-06   1.875121e-02   1.054755e+00   1.045377e+00   8.814623e-01   3.299614e-05   1.411734e-02
   132   4.384087e-01   4.221137e-01   7.110245e-01   1.954106e-02   6.215511e-02  -7.307896e-02   1.007972e+00   9.960974e-01   9.813854e-02   3.673680e-06   1.760133e-02   1.073715e+00   1.064338e+00   8.832469e-01   2.621038e-05   1.351105e-02
   133   4.716340e-01   4.553390e-01   7.377666e-01   1.505409e-02   5.797378e-02  -8.354075e-02   1.031646e+00   1.019970e+00   9.831802e-02   2.868126e-06   1.654640e-02   1.092682e+00   1.083302e+00   8.848622e-01   2.080328e-05   1.293329e-02
   134   5.048594e-01   4.885644e-01   7.634052e-01   1.149166e-02   5.394020e-02  -9.207965e-02   1.054960e+00   1.043460e+00   9.848042e-02   2.240617e-06   1.557611e-02   1.111663e+00   1.102276e+00   8.863237e-01   1.649859e-05   1.238219e-02
   135   5.380847e-01   5.217897e-01   7.879586e-01   8.701245e-03   5.008796e-02  -9.809877e-02   1.077955e+00   1.066610e+00   9.862732e-02   1.751251e-06   1.468134e-02   1.130666e+00   1.121269e+00   8.876458e-01   1.307453e-05   1.185607e-02
   136   5.713101e-01   5.550150e-01   8.110640e-01   6.533278e-03   4.642783e-02  -1.029570e-01   1.100667e+00   1.089459e+00   9.876016e-02   1.369280e-06   1.385419e-02   1.149696e+00   1.140285e+00   8.888415e-01   1.035328e-05   1.135338e-02
   137   6.045354e-01   5.882404e-01   8.326762e-01   4.856606e-03   4.295617e-02  -1.067190e-01   1.123131e+00   1.112044e+00   9.888027e-02   1.070910e-06   1.308777e-02   1.168760e+00   1.159333e+00   8.899225e-01   8.192377e-06   1.087275e-02
   138   6.377608e-01   6.214657e-01   8.527944e-01   3.579950e-03   3.969216e-02  -1.091691e-01   1.145376e+00   1.134396e+00   9.898885e-02   8.377075e-07   1.237599e-02   1.187862e+00   1.178416e+00   8.908996e-01   6.477842e-06   1.041289e-02
   139   6.709861e-01   6.546911e-01   8.711637e-01   2.612680e-03   3.663029e-02  -1.105461e-01   1.167429e+00   1.156543e+00   9.908698e-02   6.553593e-07   1.171348e-02   1.207007e+00   1.197540e+00   8.917828e-01   5.118552e-06   9.972669e-03
   140   7.042115e-01   6.879164e-01   8.879666e-01   1.890138e-03   3.377604e-02  -1.107992e-01   1.189315e+00   1.178510e+00   9.917565e-02   5.127292e-07   1.109554e-02   1.226199e+00   1.216709e+00   8.925808e-01   4.041738e-06   9.551020e-03
   141   7.374368e-01   7.211418e-01   9.030645e-01   1.353974e-03   3.112431e-02  -1.101072e-01   1.211053e+00   1.200320e+00   9.925576e-02   4.011416e-07   1.051801e-02   1.245441e+00   1.235926e+00   8.933019e-01   3.189344e-06   9.146982e-03
   142   7.706621e-01   7.543671e-01   9.165543e-01   9.617595e-04   2.867198e-02  -1.085027e-01   1.232665e+00   1.221993e+00   9.932813e-02   3.138270e-07   9.977251e-03   1.264736e+00   1.255196e+00   8.939532e-01   2.515096e-06   8.759676e-03
   143   8.038875e-01   7.875925e-01   9.285789e-01   6.768204e-04   2.641152e-02  -1.060160e-01   1.254166e+00   1.243548e+00   9.939350e-02   2.454993e-07   9.470047e-03   1.284088e+00   1.274520e+00   8.945415e-01   1.982146e-06   8.388291e-03
   144   8.371128e-01   8.208178e-01   9.390224e-01   4.724704e-04   2.433399e-02  -1.027422e-01   1.275573e+00   1.265001e+00   9.945254e-02   1.920283e-07   8.993537e-03   1.303497e+00   1.293901e+00   8.950729e-01   1.561178e-06   8.032084e-03
   145   8.703382e-01   8.540432e-01   9.481767e-01   3.273530e-04   2.242828e-02  -9.876091e-02   1.296899e+00   1.286367e+00   9.950586e-02   1.501846e-07   8.545187e-03   1.322966e+00   1.313341e+00   8.955527e-01   1.228889e-06   7.690367e-03
   146   9.035635e-01   8.872685e-01   9.561323e-01   2.250976e-04   2.068407e-02  -9.412598e-02   1.318157e+00   1.307658e+00   9.955400e-02   1.174417e-07   8.122746e-03   1.342497e+00   1.332841e+00   8.959860e-01   9.667733e-07   7.362505e-03
   147   9.367889e-01   9.204939e-01   9.629259e-01   1.538229e-04   1.908790e-02  -8.896732e-02   1.339358e+00   1.328887e+00   9.959747e-02   9.182264e-08   7.724208e-03   1.362089e+00   1.352403e+00   8.963772e-01   7.601450e-07   7.047909e-03
   148   9.700142e-01   9.537192e-01   9.687348e-01   1.045341e-04   1.762706e-02  -8.346231e-02   1.360511e+00   1.350063e+00   9.963672e-02   7.177995e-08   7.347786e-03   1.381745e+00   1.372028e+00   8.967304e-01   5.973605e-07   6.746032e-03
   149   1.003240e+00   9.869446e-01   9.736971e-01   7.069117e-05   1.628993e-02  -7.770915e-02   1.381625e+00   1.371196e+00   9.967214e-02   5.610212e-08   6.991880e-03   1.401464e+00   1.391716e+00   8.970493e-01   4.691953e-07   6.456362e-03
   150   1.036465e+00   1.020170e+00   9.779126e-01   4.760438e-05   1.506521e-02  -7.180259e-02   1.402708e+00   1.392294e+00   9.970413e-02   4.384059e-08   6.655055e-03   1.421246e+00   1.411467e+00   8.973371e-01   3.683470e-07   6.178423e-03
   151   1.069690e+00   1.053395e+00   9.814423e-01   3.195083e-05   1.394148e-02  -6.600730e-02   1.423767e+00   1.413365e+00   9.973300e-02   3.425265e-08   6.336023e-03   1.441092e+00   1.431282e+00   8.975970e-01   2.890391e-07   5.911770e-03
   152   1.102916e+00   1.086621e+00   9.844221e-01   2.138843e-05   1.290904e-02  -6.030712e-02   1.444807e+00   1.434414e+00   9.975905e-02   2.675677e-08   6.033624e-03   1.461000e+00   1.451160e+00   8.978315e-01   2.267057e-07   5.655984e-03
   153   1.136141e+00   1.119846e+00   9.869334e-01   1.428726e-05   1.195937e-02  -5.487148e-02   1.465834e+00   1.455448e+00   9.978257e-02   2.089764e-08   5.746811e-03   1.480969e+00   1.471099e+00   8.980432e-01   1.777405e-07   5.410674e-03
   154   1.169366e+00   1.153071e+00   9.890483e-01   9.528772e-06   1.108467e-02  -4.969038e-02   1.486852e+00   1.476470e+00   9.980380e-02   1.631883e-08   5.474634e-03   1.501000e+00   1.491100e+00   8.982342e-01   1.392965e-07   5.175473e-03
   155   1.202592e+00   1.186297e+00   9.908036e-01   6.348401e-06   1.027776e-02  -4.487817e-02   1.507864e+00   1.497485e+00   9.982296e-02   1.274132e-08   5.216236e-03   1.521089e+00   1.511161e+00   8.984066e-01   1.091285e-07   4.950034e-03
   156   1.235817e+00   1.219522e+00   9.922789e-01   4.226731e-06   9.532519e-03  -4.039964e-02   1.528873e+00   1.518496e+00   9.984025e-02   9.946760e-09   4.970838e-03   1.541235e+00   1.531279e+00   8.985622e-01   8.546642e-08   4.734035e-03
   157   1.269042e+00   1.252747e+00   9.935186e-01   2.813104e-06   8.843679e-03  -3.631287e-02   1.549882e+00   1.539504e+00   9.985585e-02   7.764259e-09   4.737734e-03   1.561435e+00   1.551453e+00   8.987027e-01   6.691594e-08   4.527175e-03
   158   1.302268e+00   1.285973e+00   9.945572e-01   1.872201e-06   8.206334e-03  -3.254563e-02   1.570890e+00   1.560513e+00   9.986993e-02   6.060132e-09   4.516281e-03   1.581687e+00   1.571679e+00   8.988294e-01   5.237938e-08   4.329171e-03
   159   1.335493e+00   1.319198e+00   9.954202e-01   1.246188e-06   7.616204e-03  -2.917019e-02   1.591900e+00   1.581522e+00   9.988264e-02   4.729805e-09   4.305897e-03   1.601987e+00   1.591956e+00   8.989438e-01   4.099310e-08   4.139761e-03
   160   1.368718e+00   1.352423e+00   9.961468e-01   8.297886e-07   7.069437e-03  -2.608911e-02   1.612910e+00   1.602532e+00   9.989411e-02   3.691494e-09   4.106056e-03   1.622330e+00   1.612278e+00   8.990470e-01   3.207800e-08   3.958706e-03
   161   1.401944e+00   1.385649e+00   9.967592e-01   5.528293e-07   6.562714e-03  -2.332622e-02   1.633918e+00   1.623541e+00   9.990446e-02   2.881257e-09   3.916279e-03   1.642712e+00   1.632641e+00   8.991401e-01   2.510043e-08   3.785785e-03
   162   1.435169e+00   1.418874e+00   9.972665e-01   3.685398e-07   6.092885e-03  -2.083267e-02   1.654924e+00   1.644548e+00   9.991379e-02   2.249110e-09   3.736139e-03   1.663127e+00   1.653039e+00   8.992241e-01   1.964123e-08   3.620800e-03
   163   1.468394e+00   1.452099e+00   9.976950e-01   2.458569e-07   5.657205e-03  -1.859197e-02   1.675922e+00   1.665550e+00   9.992222e-02   1.755990e-09   3.565251e-03   1.683567e+00   1.673467e+00   8.993000e-01   1.537138e-08   3.463576e-03
   164   1.501620e+00   1.485325e+00   9.980568e-01   1.641557e-07   5.253238e-03  -1.658340e-02   1.696909e+00   1.686542e+00   9.992982e-02   1.371377e-09   3.403276e-03   1.704024e+00   1.693916e+00   8.993684e-01   1.203273e-08   3.313959e-03
   165   1.534845e+00   1.518550e+00   9.983576e-01   1.096992e-07   4.878694e-03  -1.475691e-02   1.717877e+00   1.707519e+00   9.993668e-02   1.071432e-09   3.249914e-03   1.724489e+00   1.714377e+00   8.994301e-01   9.422860e-09   3.171825e-03
   166   1.568070e+00   1.551775e+00   9.986122e-01   7.337293e-08   4.531559e-03  -1.313839e-02   1.738818e+00   1.728474e+00   9.994287e-02   8.375362e-10   3.104911e-03   1.744950e+00   1.734840e+00   8.994858e-01   7.383107e-09   3.037073e-03
   167   1.601296e+00   1.585001e+00   9.988276e-01   4.912823e-08   4.210095e-03  -1.163771e-02   1.759723e+00   1.749397e+00   9.994845e-02   6.551563e-10   2.968050e-03   1.765393e+00   1.755291e+00   8.995361e-01   5.789182e-09   2.909632e-03
   168   1.634521e+00   1.618226e+00   9.990074e-01   3.292762e-08   3.912614e-03  -1.027417e-02   1.780579e+00   1.770276e+00   9.995349e-02   5.129469e-10   2.839159e-03   1.785801e+00   1.775717e+00   8.995814e-01   4.543758e-09   2.789463e-03
   169   1.667747e+00   1.651452e+00   9.991602e-01   2.209320e-08   3.637670e-03  -9.016518e-03   1.801371e+00   1.791100e+00   9.995804e-02   4.020553e-10   2.718105e-03   1.806156e+00   1.796098e+00   8.996223e-01   3.570662e-09   2.676557e-03
   170   1.700972e+00   1.684677e+00   9.992893e-01   1.484231e-08   3.384200e-03  -7.772292e-03   1.822080e+00   1.811849e+00   9.996214e-02   3.155748e-10   2.604799e-03   1.826436e+00   1.816414e+00   8.996593e-01   2.810300e-09   2.570942e-03
   171   1.734197e+00   1.717902e+00   9.993980e-01   9.983449e-09   3.150953e-03  -6.624150e-03   1.842685e+00   1.832505e+00   9.996584e-02   2.481189e-10   2.499193e-03   1.846614e+00   1.836642e+00   8.996926e-01   2.216068e-09   2.472679e-03
   172   1.767423e+00   1.751128e+00   9.994909e-01   6.725058e-09   2.937239e-03  -5.388506e-03   1.863161e+00   1.853043e+00   9.996918e-02   1.954868e-10   2.401284e-03   1.866661e+00   1.856753e+00   8.997226e-01   1.751536e-09   2.381868e-03
   173   1.800648e+00   1.784353e+00   9.995692e-01   4.537715e-09   2.742555e-03  -4.119838e-03   1.883477e+00   1.873437e+00   9.997219e-02   1.544041e-10   2.311109e-03   1.886542e+00   1.876715e+00   8.997498e-01   1.388238e-09   2.298643e-03
   174   1.833873e+00   1.817578e+00   9.996358e-01   3.067354e-09   2.566134e-03  -2.774400e-03   1.903599e+00   1.893654e+00   9.997491e-02   1.223184e-10   2.228745e-03   1.906219e+00   1.896492e+00   8.997742e-01   1.103940e-09   2.223173e-03
   175   1.867099e+00   1.850804e+00   9.996930e-01   2.078402e-09   2.408706e-03  -1.015927e-03   1.923489e+00   1.913658e+00   9.997737e-02   9.724061e-11   2.154312e-03   1.925649e+00   1.916042e+00   8.997963e-01   8.812792e-10   2.155658e-03
   176   1.900324e+00   1.884029e+00   9.997414e-01   1.412104e-09   2.270162e-03   9.064646e-04   1.943105e+00   1.933408e+00   9.997958e-02   7.762002e-11   2.087995e-03   1.944784e+00   1.935322e+00   8.998162e-01   7.067027e-10   2.096331e-03
   177   1.933549e+00   1.917254e+00   9.997830e-01   9.624650e-10   2.150930e-03   3.292032e-03   1.962400e+00   1.952860e+00   9.998158e-02   6.224005e-11   2.030310e-03   1.963574e+00   1.954280e+00   8.998342e-01   5.696142e-10   2.045517e-03
   178   1.966775e+00   1.950480e+00   9.998190e-01   6.587246e-10   2.053826e-03   6.458400e-03   1.981349e+00   1.971978e+00   9.998338e-02   5.010958e-11   1.983709e-03   1.981975e+00   1.972872e+00   8.998504e-01   4.615493e-10   2.004461e-03
   179   2.000000e+00   1.983705e+00   9.998500e-01   4.515882e-10   1.987939e-03   8.278883e-03   2.000000e+00   1.990775e+00   9.998500e-02   4.033909e-11   1.957681e-03   2.000000e+00   1.991081e+00   8.998650e-01   3.748633e-10   1.980448e-03
