     i          log_r       log_rmid          m_tot        rho_tot         v2_tot            eta     lgr[heavy]    lgrm[heavy]       m[heavy]     rho[heavy]      v2[heavy]     lgr[light]    lgrm[light]       m[light]     rho[light]      v2[light]
     0  -3.906714e+00  -4.207744e+00   1.016958e-07   1.592488e+05   1.511360e-01            nan  -3.906714e+00  -4.207744e+00   9.998500e-08   1.574705e+05   1.494729e-01  -2.870603e+00  -3.171633e+00   8.998650e-07   1.104354e+03   3.012204e-01
     1  -3.873716e+00  -3.889902e+00   1.275955e-07   1.585392e+05   1.509260e-01            nan  -3.884310e+00  -3.895368e+00   1.166721e-07   1.570147e+05   1.494742e-01  -2.845078e+00  -2.857653e+00   1.050049e-06   9.558826e+02   3.020808e-01
     2  -3.840718e+00  -3.856903e+00   1.600966e-07   1.584395e+05   1.509061e-01            nan  -3.861908e+00  -3.872965e+00   1.361439e-07   1.569653e+05   1.494744e-01  -2.819657e+00  -2.832182e+00   1.225295e-06   9.392472e+02   3.021877e-01
     3  -3.807719e+00  -3.823905e+00   2.008795e-07   1.583279e+05   1.508866e-01            nan  -3.839508e+00  -3.850564e+00   1.588651e-07   1.569106e+05   1.494745e-01  -2.794283e+00  -2.806785e+00   1.429786e-06   9.213451e+02   3.023067e-01
     4  -3.774721e+00  -3.790907e+00   2.520506e-07   1.582018e+05   1.508676e-01            nan  -3.817108e+00  -3.828164e+00   1.853780e-07   1.568500e+05   1.494747e-01  -2.768906e+00  -2.781409e+00   1.668402e-06   9.021198e+02   3.024395e-01
     5  -3.741722e+00  -3.757908e+00   3.162487e-07   1.580599e+05   1.508490e-01            nan  -3.794708e+00  -3.805764e+00   2.163150e-07   1.567829e+05   1.494749e-01  -2.743479e+00  -2.756006e+00   1.946835e-06   8.815230e+02   3.025878e-01
     6  -3.708724e+00  -3.724910e+00   3.967832e-07   1.578980e+05   1.508309e-01            nan  -3.772306e+00  -3.783363e+00   2.524142e-07   1.567086e+05   1.494751e-01  -2.717960e+00  -2.730532e+00   2.271728e-06   8.595171e+02   3.027535e-01
     7  -3.675725e+00  -3.691911e+00   4.977946e-07   1.577152e+05   1.508133e-01            nan  -3.749903e+00  -3.760960e+00   2.945370e-07   1.566263e+05   1.494753e-01  -2.692307e+00  -2.704944e+00   2.650833e-06   8.360781e+02   3.029389e-01
     8  -3.642727e+00  -3.658913e+00   6.244729e-07   1.575046e+05   1.507963e-01            nan  -3.727496e+00  -3.738555e+00   3.436881e-07   1.565351e+05   1.494756e-01  -2.666482e+00  -2.679203e+00   3.093193e-06   8.111979e+02   3.031466e-01
     9  -3.609729e+00  -3.625915e+00   7.833073e-07   1.572667e+05   1.507798e-01            nan  -3.705086e+00  -3.716147e+00   4.010398e-07   1.564342e+05   1.494759e-01  -2.640446e+00  -2.653269e+00   3.609358e-06   7.848875e+02   3.033793e-01
    10  -3.576730e+00  -3.592916e+00   9.824190e-07   1.569903e+05   1.507639e-01            nan  -3.682672e+00  -3.693735e+00   4.679601e-07   1.563224e+05   1.494762e-01  -2.614162e+00  -2.627105e+00   4.211641e-06   7.571811e+02   3.036403e-01
    11  -3.543732e+00  -3.559918e+00   1.231960e-06   1.566778e+05   1.507487e-01            nan  -3.660253e+00  -3.671318e+00   5.460446e-07   1.561987e+05   1.494765e-01  -2.587592e+00  -2.600674e+00   4.914402e-06   7.281495e+02   3.039328e-01
    12  -3.510733e+00  -3.526919e+00   1.544600e-06   1.563136e+05   1.507342e-01            nan  -3.637827e+00  -3.648895e+00   6.371554e-07   1.560617e+05   1.494769e-01  -2.560699e+00  -2.573937e+00   5.734398e-06   6.978826e+02   3.042603e-01
    13  -3.477735e+00  -3.493921e+00   1.936185e-06   1.559000e+05   1.507205e-01            nan  -3.615395e+00  -3.626466e+00   7.434644e-07   1.559100e+05   1.494774e-01  -2.533449e+00  -2.546860e+00   6.691180e-06   6.664990e+02   3.046270e-01
    14  -3.444737e+00  -3.460923e+00   2.426397e-06   1.554193e+05   1.507077e-01            nan  -3.592954e+00  -3.604029e+00   8.675058e-07   1.557420e+05   1.494779e-01  -2.505803e+00  -2.519406e+00   7.807552e-06   6.341469e+02   3.050372e-01
    15  -3.411738e+00  -3.427924e+00   3.039895e-06   1.548706e+05   1.506958e-01            nan  -3.570504e+00  -3.581584e+00   1.012236e-06   1.555561e+05   1.494784e-01  -2.477728e+00  -2.491539e+00   9.110122e-06   6.010027e+02   3.054953e-01
    16  -3.378740e+00  -3.394926e+00   3.807075e-06   1.542355e+05   1.506850e-01            nan  -3.548045e+00  -3.559129e+00   1.181103e-06   1.553503e+05   1.494790e-01  -2.449188e+00  -2.463224e+00   1.062993e-05   5.672683e+02   3.060061e-01
    17  -3.345741e+00  -3.361927e+00   4.766144e-06   1.535071e+05   1.506753e-01            nan  -3.525573e+00  -3.536664e+00   1.378130e-06   1.551226e+05   1.494797e-01  -2.420150e+00  -2.434427e+00   1.240317e-05   5.331789e+02   3.065741e-01
    18  -3.312743e+00  -3.328929e+00   5.963722e-06   1.526690e+05   1.506670e-01            nan  -3.503089e+00  -3.514186e+00   1.608010e-06   1.548705e+05   1.494804e-01  -2.390587e+00  -2.405117e+00   1.447209e-05   4.990296e+02   3.072001e-01
    19  -3.279745e+00  -3.295931e+00   7.458500e-06   1.517035e+05   1.506603e-01            nan  -3.480591e+00  -3.491695e+00   1.876216e-06   1.545917e+05   1.494812e-01  -2.360473e+00  -2.375269e+00   1.688595e-05   4.650850e+02   3.078865e-01
    20  -3.246746e+00  -3.262932e+00   9.321669e-06   1.506013e+05   1.506551e-01            nan  -3.458077e+00  -3.469188e+00   2.189133e-06   1.542832e+05   1.494821e-01  -2.329787e+00  -2.344859e+00   1.970220e-05   4.316102e+02   3.086339e-01
    21  -3.213748e+00  -3.229934e+00   1.164211e-05   1.493263e+05   1.506520e-01            nan  -3.435545e+00  -3.446665e+00   2.554206e-06   1.539419e+05   1.494831e-01  -2.298512e+00  -2.313868e+00   2.298786e-05   3.988608e+02   3.094420e-01
    22  -3.180749e+00  -3.196935e+00   1.452776e-05   1.478861e+05   1.506510e-01            nan  -3.412993e+00  -3.424122e+00   2.980121e-06   1.535646e+05   1.494842e-01  -2.266646e+00  -2.282287e+00   2.682109e-05   3.671738e+02   3.102966e-01
    23  -3.147751e+00  -3.163937e+00   1.811080e-05   1.462126e+05   1.506527e-01            nan  -3.390419e+00  -3.401559e+00   3.477003e-06   1.531473e+05   1.494855e-01  -2.234190e+00  -2.250115e+00   3.129303e-05   3.367742e+02   3.111859e-01
    24  -3.114753e+00  -3.130938e+00   2.255364e-05   1.443298e+05   1.506570e-01            nan  -3.367821e+00  -3.378973e+00   4.056664e-06   1.526861e+05   1.494869e-01  -2.201157e+00  -2.217360e+00   3.650997e-05   3.078449e+02   3.120941e-01
    25  -3.081754e+00  -3.097940e+00   2.804740e-05   1.421715e+05   1.506648e-01            nan  -3.345195e+00  -3.356360e+00   4.732872e-06   1.521764e+05   1.494884e-01  -2.167573e+00  -2.184041e+00   4.259585e-05   2.806081e+02   3.129856e-01
    26  -3.048756e+00  -3.064942e+00   3.483255e-05   1.397352e+05   1.506764e-01            nan  -3.322539e+00  -3.333719e+00   5.521683e-06   1.516134e+05   1.494901e-01  -2.133478e+00  -2.150191e+00   4.969515e-05   2.551947e+02   3.138206e-01
    27  -3.015757e+00  -3.031943e+00   4.318112e-05   1.369943e+05   1.506922e-01            nan  -3.299850e+00  -3.311046e+00   6.441814e-06   1.509915e+05   1.494920e-01  -2.098915e+00  -2.115853e+00   5.797633e-05   2.316491e+02   3.145589e-01
    28  -2.982759e+00  -2.998945e+00   5.343186e-05   1.338873e+05   1.507135e-01            nan  -3.277123e+00  -3.288338e+00   7.515084e-06   1.503050e+05   1.494941e-01  -2.063952e+00  -2.081082e+00   6.763576e-05   2.100732e+02   3.151264e-01
    29  -2.949761e+00  -2.965946e+00   6.597863e-05   1.304497e+05   1.507403e-01            nan  -3.254355e+00  -3.265590e+00   8.766923e-06   1.495473e+05   1.494965e-01  -2.028658e+00  -2.045946e+00   7.890231e-05   1.904193e+02   3.154668e-01
    30  -2.916762e+00  -2.932948e+00   8.125582e-05   1.265918e+05   1.507745e-01            nan  -3.231541e+00  -3.242799e+00   1.022697e-05   1.487116e+05   1.494991e-01  -1.993111e+00  -2.010521e+00   9.204273e-05   1.726447e+02   3.155086e-01
    31  -2.883764e+00  -2.899950e+00   9.981390e-05   1.223378e+05   1.508166e-01            nan  -3.208676e+00  -3.219958e+00   1.192976e-05   1.477903e+05   1.495020e-01  -1.957394e+00  -1.974885e+00   1.073678e-04   1.566661e+02   3.151853e-01
    32  -2.850765e+00  -2.866951e+00   1.222351e-04   1.177104e+05   1.508677e-01   5.067329e-01  -3.185754e+00  -3.197064e+00   1.391553e-05   1.467751e+05   1.495052e-01  -1.921588e+00  -1.939122e+00   1.252398e-04   1.423523e+02   3.144467e-01
    33  -2.817767e+00  -2.833953e+00   1.491495e-04   1.126070e+05   1.509243e-01   5.069063e-01  -3.162769e+00  -3.174110e+00   1.623115e-05   1.456571e+05   1.495089e-01  -1.885772e+00  -1.903311e+00   1.460803e-04   1.295824e+02   3.132528e-01
    34  -2.784769e+00  -2.800954e+00   1.813380e-04   1.071181e+05   1.509875e-01   5.071348e-01  -3.139714e+00  -3.151088e+00   1.893121e-05   1.444269e+05   1.495129e-01  -1.850013e+00  -1.867524e+00   1.703808e-04   1.181911e+02   3.115937e-01
    35  -2.751770e+00  -2.767956e+00   2.196039e-04   1.012868e+05   1.510605e-01   5.073957e-01  -3.116580e+00  -3.127993e+00   2.207926e-05   1.430741e+05   1.495175e-01  -1.814369e+00  -1.831825e+00   1.987134e-04   1.080349e+02   3.094883e-01
    36  -2.718772e+00  -2.734958e+00   2.646355e-04   9.511411e+04   1.511461e-01   5.076879e-01  -3.093359e+00  -3.104814e+00   2.574932e-05   1.415879e+05   1.495226e-01  -1.778884e+00  -1.796264e+00   2.317439e-04   9.895617e+01   3.069697e-01
    37  -2.685773e+00  -2.701959e+00   3.173438e-04   8.861713e+04   1.512472e-01   5.080171e-01  -3.070042e+00  -3.081544e+00   3.002750e-05   1.399566e+05   1.495282e-01  -1.743584e+00  -1.760875e+00   2.702475e-04   9.081215e+01   3.041191e-01
    38  -2.652775e+00  -2.668961e+00   3.785997e-04   8.193593e+04   1.513641e-01   5.083933e-01  -3.046616e+00  -3.058171e+00   3.501400e-05   1.381679e+05   1.495346e-01  -1.708485e+00  -1.725680e+00   3.151260e-04   8.347654e+01   3.009920e-01
    39  -2.619777e+00  -2.635962e+00   4.492034e-04   7.514820e+04   1.515002e-01   5.088108e-01  -3.023071e+00  -3.034684e+00   4.082538e-05   1.362091e+05   1.495418e-01  -1.673584e+00  -1.690684e+00   3.674284e-04   7.682722e+01   2.977020e-01
    40  -2.586778e+00  -2.602964e+00   5.298737e-04   6.834042e+04   1.516588e-01   5.092698e-01  -2.999391e+00  -3.011070e+00   4.759714e-05   1.340666e+05   1.495498e-01  -1.638871e+00  -1.655881e+00   4.283742e-04   7.077625e+01   2.942951e-01
    41  -2.553780e+00  -2.569966e+00   6.212097e-04   6.160459e+04   1.518429e-01   5.097813e-01  -2.975562e+00  -2.987313e+00   5.548679e-05   1.317268e+05   1.495589e-01  -1.604326e+00  -1.621255e+00   4.993811e-04   6.523226e+01   2.908757e-01
    42  -2.520781e+00  -2.536967e+00   7.236650e-04   5.503482e+04   1.520573e-01   5.103390e-01  -2.951566e+00  -2.963398e+00   6.467734e-05   1.291755e+05   1.495691e-01  -1.569926e+00  -1.586786e+00   5.820960e-04   6.014048e+01   2.874575e-01
    43  -2.487783e+00  -2.503969e+00   8.375266e-04   4.872203e+04   1.523072e-01   5.109314e-01  -2.927383e+00  -2.939306e+00   7.538125e-05   1.263988e+05   1.495806e-01  -1.535642e+00  -1.552446e+00   6.784313e-04   5.543979e+01   2.841068e-01
    44  -2.454785e+00  -2.470970e+00   9.629225e-04   4.274872e+04   1.525982e-01   5.115509e-01  -2.902992e+00  -2.915017e+00   8.784517e-05   1.233827e+05   1.495937e-01  -1.501451e+00  -1.518210e+00   7.906065e-04   5.109730e+01   2.808050e-01
    45  -2.421786e+00  -2.437972e+00   1.099856e-03   3.718439e+04   1.529361e-01   5.121864e-01  -2.878367e+00  -2.890505e+00   1.023551e-04   1.201142e+05   1.496085e-01  -1.467327e+00  -1.484054e+00   9.211963e-04   4.707456e+01   2.775755e-01
    46  -2.388788e+00  -2.404974e+00   1.248270e-03   3.208163e+04   1.533272e-01   5.128167e-01  -2.853481e+00  -2.865746e+00   1.192428e-04   1.165808e+05   1.496254e-01  -1.433248e+00  -1.449953e+00   1.073185e-03   4.334872e+01   2.743891e-01
    47  -2.355789e+00  -2.371975e+00   1.408148e-03   2.747324e+04   1.537765e-01   5.134315e-01  -2.828301e+00  -2.840708e+00   1.388921e-04   1.127721e+05   1.496446e-01  -1.399197e+00  -1.415889e+00   1.250029e-03   3.989452e+01   2.712422e-01
    48  -2.322791e+00  -2.338977e+00   1.579625e-03   2.337163e+04   1.542892e-01   5.139979e-01  -2.802791e+00  -2.815359e+00   1.617478e-04   1.086795e+05   1.496666e-01  -1.365157e+00  -1.381844e+00   1.455730e-03   3.669155e+01   2.681225e-01
    49  -2.289793e+00  -2.305978e+00   1.761697e-03   1.976906e+04   1.548683e-01   5.144947e-01  -2.776910e+00  -2.789658e+00   1.883238e-04   1.042973e+05   1.496919e-01  -1.331115e+00  -1.347803e+00   1.694914e-03   3.372143e+01   2.650167e-01
    50  -2.256794e+00  -2.272980e+00   1.951642e-03   1.660565e+04   1.555448e-01   5.147769e-01  -2.750612e+00  -2.763562e+00   2.192140e-04   9.962362e+04   1.497210e-01  -1.297055e+00  -1.313751e+00   1.972926e-03   3.096437e+01   2.619428e-01
    51  -2.223796e+00  -2.239982e+00   2.152969e-03   1.389043e+04   1.563058e-01   5.148565e-01  -2.723842e+00  -2.737021e+00   2.551039e-04   9.466135e+04   1.497547e-01  -1.262966e+00  -1.279677e+00   2.295935e-03   2.840629e+01   2.588849e-01
    52  -2.190797e+00  -2.206983e+00   2.365996e-03   1.158565e+04   1.571433e-01   5.147251e-01  -2.696540e+00  -2.709976e+00   2.967831e-04   8.941903e+04   1.497939e-01  -1.228835e+00  -1.245565e+00   2.671048e-03   2.603075e+01   2.558687e-01
    53  -2.157799e+00  -2.173985e+00   2.583169e-03   9.627221e+03   1.580911e-01   5.141867e-01  -2.668634e+00  -2.682363e+00   3.451610e-04   8.391210e+04   1.498397e-01  -1.194650e+00  -1.211406e+00   3.106449e-03   2.382638e+01   2.528832e-01
    54  -2.124801e+00  -2.140986e+00   2.813732e-03   7.986398e+03   1.591318e-01   5.132365e-01  -2.640044e+00  -2.654104e+00   4.012824e-04   7.816404e+04   1.498936e-01  -1.160403e+00  -1.177189e+00   3.611542e-03   2.178227e+01   2.499218e-01
    55  -2.091802e+00  -2.107988e+00   3.051719e-03   6.619184e+03   1.602490e-01   5.118728e-01  -2.610675e+00  -2.625111e+00   4.663463e-04   7.220743e+04   1.499572e-01  -1.126088e+00  -1.142907e+00   4.197117e-03   1.988839e+01   2.469832e-01
    56  -2.058804e+00  -2.074990e+00   3.299570e-03   5.482747e+03   1.614715e-01   5.098531e-01  -2.580421e+00  -2.595285e+00   5.417261e-04   6.608496e+04   1.500330e-01  -1.091702e+00  -1.108555e+00   4.875535e-03   1.813701e+01   2.440345e-01
    57  -2.025805e+00  -2.041991e+00   3.559170e-03   4.543426e+03   1.627484e-01   5.073187e-01  -2.549154e+00  -2.564506e+00   6.289911e-04   5.985009e+04   1.501239e-01  -1.057246e+00  -1.074132e+00   5.660920e-03   1.651945e+01   2.410674e-01
    58  -1.992807e+00  -2.008993e+00   3.827072e-03   3.770923e+03   1.640780e-01   5.041397e-01  -2.516730e+00  -2.532640e+00   7.299314e-04   5.356731e+04   1.502337e-01  -1.022723e+00  -1.039641e+00   6.569382e-03   1.502818e+01   2.380564e-01
    59  -1.959808e+00  -1.975994e+00   4.109887e-03   3.133391e+03   1.654392e-01   5.002991e-01  -2.482979e+00  -2.499527e+00   8.465830e-04   4.731175e+04   1.503676e-01  -9.881394e-01  -1.005087e+00   7.619247e-03   1.365566e+01   2.349711e-01
    60  -1.926810e+00  -1.942996e+00   4.402802e-03   2.612489e+03   1.667607e-01   4.959396e-01  -2.447705e+00  -2.464984e+00   9.812558e-04   4.116797e+04   1.505323e-01  -9.535028e-01  -9.704759e-01   8.831303e-03   1.239364e+01   2.318129e-01
    61  -1.893812e+00  -1.909998e+00   4.712845e-03   2.181536e+03   1.680850e-01   4.908865e-01  -2.410681e+00  -2.428799e+00   1.136562e-03   3.522761e+04   1.507366e-01  -9.188211e-01  -9.358158e-01   1.022906e-02   1.123471e+01   2.285605e-01
    62  -1.860813e+00  -1.876999e+00   5.037628e-03   1.830942e+03   1.692283e-01   4.858187e-01  -2.371647e+00  -2.390725e+00   1.315444e-03   2.958581e+04   1.509925e-01  -8.841028e-01  -9.011151e-01   1.183900e-02   1.017145e+01   2.251972e-01
    63  -1.827815e+00  -1.844001e+00   5.381840e-03   1.538680e+03   1.703723e-01   4.800191e-01  -2.330308e+00  -2.350486e+00   1.521208e-03   2.433613e+04   1.513157e-01  -8.493546e-01  -8.663813e-01   1.369088e-02   9.196177e+00   2.217379e-01
    64  -1.794816e+00  -1.811002e+00   5.746996e-03   1.301558e+03   1.711430e-01   4.750390e-01  -2.286338e+00  -2.307767e+00   1.757548e-03   1.956429e+04   1.517270e-01  -8.145820e-01  -8.316203e-01   1.581793e-02   8.302076e+00   2.181753e-01
    65  -1.761818e+00  -1.778004e+00   6.135445e-03   1.101787e+03   1.719500e-01   4.692629e-01  -2.239389e+00  -2.262229e+00   2.028572e-03   1.534102e+04   1.522525e-01  -7.797888e-01  -7.968370e-01   1.825715e-02   7.482607e+00   2.145079e-01
    66  -1.728820e+00  -1.745006e+00   6.551424e-03   9.392289e+02   1.722189e-01   4.652329e-01  -2.189113e+00  -2.213524e+00   2.338830e-03   1.171453e+04   1.529236e-01  -7.449751e-01  -7.620332e-01   2.104947e-02   6.731308e+00   2.107611e-01
    67  -1.695821e+00  -1.712007e+00   6.997067e-03   8.013201e+02   1.725145e-01   4.606668e-01  -2.135208e+00  -2.161325e+00   2.693323e-03   8.704249e+03   1.537731e-01  -7.101382e-01  -7.272075e-01   2.423991e-02   6.042512e+00   2.069480e-01
    68  -1.662823e+00  -1.679009e+00   7.476917e-03   6.872290e+02   1.723299e-01   4.579828e-01  -2.077478e+00  -2.105384e+00   3.097518e-03   6.297003e+03   1.548241e-01  -6.752726e-01  -6.923556e-01   2.787766e-02   5.411121e+00   2.030807e-01
    69  -1.629824e+00  -1.646010e+00   7.994987e-03   5.901418e+02   1.721219e-01   4.552885e-01  -2.015941e+00  -2.045621e+00   3.557342e-03   4.447389e+03   1.560665e-01  -6.403698e-01  -6.574707e-01   3.201608e-02   4.832493e+00   1.991819e-01
    70  -1.596826e+00  -1.613012e+00   8.554613e-03   5.083462e+02   1.715878e-01   4.542097e-01  -1.950931e+00  -1.982221e+00   4.079169e-03   3.083139e+03   1.574158e-01  -6.054187e-01  -6.225428e-01   3.671252e-02   4.302492e+00   1.952796e-01
    71  -1.563828e+00  -1.580014e+00   9.161927e-03   4.384120e+02   1.710308e-01   4.534069e-01  -1.883178e+00  -1.915735e+00   4.669785e-03   2.115286e+03   1.586640e-01  -5.704076e-01  -5.875604e-01   4.202806e-02   3.817749e+00   1.913837e-01
    72  -1.530829e+00  -1.547015e+00   9.819434e-03   3.785406e+02   1.703342e-01   4.536754e-01  -1.813788e+00  -1.847099e+00   5.336336e-03   1.450836e+03   1.594616e-01  -5.353262e-01  -5.525127e-01   4.802703e-02   3.375376e+00   1.874981e-01
    73  -1.497831e+00  -1.514017e+00   1.053396e-02   3.271123e+02   1.696593e-01   4.541688e-01  -1.744062e+00  -1.777527e+00   6.086254e-03   1.004586e+03   1.593966e-01  -5.001667e-01  -5.173907e-01   5.477629e-02   2.972834e+00   1.836256e-01
    74  -1.464832e+00  -1.481018e+00   1.130856e-02   2.825483e+02   1.690186e-01   4.550324e-01  -1.675207e+00  -1.708271e+00   6.927149e-03   7.069805e+02   1.581838e-01  -4.649252e-01  -4.821886e-01   6.234434e-02   2.607835e+00   1.797657e-01
    75  -1.431834e+00  -1.448020e+00   1.214953e-02   2.442046e+02   1.684389e-01   4.559314e-01  -1.608070e+00  -1.640342e+00   7.866679e-03   5.067127e+02   1.558421e-01  -4.296039e-01  -4.469056e-01   7.080011e-02   2.278334e+00   1.759013e-01
    76  -1.398836e+00  -1.415021e+00   1.306107e-02   2.107381e+02   1.680223e-01   4.565394e-01  -1.543034e+00  -1.574336e+00   8.912390e-03   3.690255e+02   1.526967e-01  -3.942117e-01  -4.115474e-01   8.021151e-02   1.982322e+00   1.720115e-01
    77  -1.365837e+00  -1.382023e+00   1.404973e-02   1.819266e+02   1.676910e-01   4.570206e-01  -1.480095e+00  -1.510426e+00   1.007152e-02   2.718169e+02   1.492062e-01  -3.587647e-01  -3.761267e-01   9.064369e-02   1.717749e+00   1.680749e-01
    78  -1.332839e+00  -1.349025e+00   1.511944e-02   1.568559e+02   1.675341e-01   4.570122e-01  -1.419018e+00  -1.448484e+00   1.135078e-02   2.015191e+02   1.457665e-01  -3.232848e-01  -3.406625e-01   1.021570e-01   1.482489e+00   1.640805e-01
    79  -1.299840e+00  -1.316026e+00   1.627996e-02   1.352351e+02   1.674803e-01   4.568198e-01  -1.359494e+00  -1.388237e+00   1.275612e-02   1.498241e+02   1.426030e-01  -2.877992e-01  -3.051797e-01   1.148050e-01   1.274363e+00   1.600171e-01
    80  -1.266842e+00  -1.283028e+00   1.753263e-02   1.165437e+02   1.675481e-01   4.563251e-01  -1.301248e+00  -1.329395e+00   1.429243e-02   1.114769e+02   1.397628e-01  -2.523397e-01  -2.697076e-01   1.286319e-01   1.091183e+00   1.558743e-01
    81  -1.233844e+00  -1.250029e+00   1.889086e-02   1.003964e+02   1.677211e-01   4.557020e-01  -1.244086e+00  -1.271727e+00   1.596333e-02   8.294861e+01   1.371780e-01  -2.169419e-01  -2.342803e-01   1.436700e-01   9.307717e-01   1.516454e-01
    82  -1.200845e+00  -1.217031e+00   2.035933e-02   8.652300e+01   1.679604e-01   4.550036e-01  -1.187888e+00  -1.215078e+00   1.777087e-02   6.171462e+01   1.347577e-01  -1.816446e-01  -1.989348e-01   1.599378e-01   7.909992e-01   1.473279e-01
    83  -1.167847e+00  -1.184033e+00   2.194738e-02   7.450787e+01   1.683068e-01   4.541756e-01  -1.132577e+00  -1.159353e+00   1.971527e-02   4.590091e+01   1.324566e-01  -1.464881e-01  -1.637107e-01   1.774374e-01   6.697903e-01   1.429307e-01
    84  -1.134848e+00  -1.151034e+00   2.367055e-02   6.420299e+01   1.687002e-01   4.532765e-01  -1.078091e+00  -1.104480e+00   2.179475e-02   3.411114e+01   1.302853e-01  -1.115145e-01  -1.286493e-01   1.961527e-01   5.651852e-01   1.384558e-01
    85  -1.101850e+00  -1.118036e+00   2.552694e-02   5.531111e+01   1.691722e-01   4.521511e-01  -1.024376e+00  -1.050403e+00   2.400535e-02   2.531667e+01   1.282692e-01  -7.676744e-02  -9.379357e-02   2.160481e-01   4.753339e-01   1.339074e-01
    86  -1.068852e+00  -1.085037e+00   2.754313e-02   4.765922e+01   1.697034e-01   4.507212e-01  -9.713976e-01  -9.970793e-01   2.634082e-02   1.876296e+01   1.264033e-01  -4.229037e-02  -5.918687e-02   2.370673e-01   3.985029e-01   1.292965e-01
    87  -1.035853e+00  -1.052039e+00   2.972274e-02   4.109405e+01   1.702530e-01   4.489830e-01  -9.191565e-01  -9.444920e-01   2.879262e-02   1.389103e+01   1.246406e-01  -8.125951e-03  -2.487230e-02   2.591336e-01   3.330851e-01   1.246393e-01
    88  -1.002855e+00  -1.019041e+00   3.208144e-02   3.542094e+01   1.708653e-01   4.466711e-01  -8.676829e-01  -8.926575e-01   3.134998e-02   1.027935e+01   1.229070e-01   2.568385e-02   9.107875e-03   2.821498e-01   2.776216e-01   1.199462e-01
    89  -9.698564e-01  -9.860422e-01   3.464679e-02   3.056173e+01   1.714404e-01   4.439794e-01  -8.170233e-01  -8.416149e-01   3.400006e-02   7.607239e+00   1.211371e-01   5.909904e-02   4.271274e-02   3.060005e-01   2.307828e-01   1.152343e-01
    90  -9.368580e-01  -9.530438e-01   3.741382e-02   2.638359e+01   1.719827e-01   4.408201e-01  -7.672196e-01  -7.914079e-01   3.672816e-02   5.631299e+00   1.192866e-01   9.208272e-02   7.590393e-02   3.305535e-01   1.913715e-01   1.105248e-01
    91  -9.038596e-01  -9.200454e-01   4.042413e-02   2.279040e+01   1.724484e-01   4.373063e-01  -7.182947e-01  -7.420686e-01   3.951809e-02   4.169203e+00   1.173373e-01   1.246003e-01   1.086458e-01   3.556628e-01   1.583303e-01   1.058317e-01
    92  -8.708611e-01  -8.870470e-01   4.369885e-02   1.970934e+01   1.727883e-01   4.334380e-01  -6.702436e-01  -6.936049e-01   4.235249e-02   3.085726e+00   1.152870e-01   1.566220e-01   1.409062e-01   3.811724e-01   1.307147e-01   1.011803e-01
    93  -8.378627e-01  -8.540486e-01   4.724396e-02   1.705450e+01   1.729953e-01   4.294132e-01  -6.230307e-01  -6.459959e-01   4.521329e-02   2.281391e+00   1.131469e-01   1.881214e-01   1.726572e-01   4.069196e-01   1.077061e-01   9.658675e-02
    94  -8.048643e-01  -8.210502e-01   5.111117e-02   1.476951e+01   1.730302e-01   4.252558e-01  -5.765889e-01  -5.991893e-01   4.808216e-02   1.683276e+00   1.109405e-01   2.190770e-01   2.038749e-01   4.327394e-01   8.858803e-02   9.207144e-02
    95  -7.718659e-01  -7.880518e-01   5.532281e-02   1.280272e+01   1.728730e-01   4.208995e-01  -5.308181e-01  -5.531008e-01   5.094094e-02   1.237883e+00   1.087012e-01   2.494714e-01   2.345400e-01   4.584685e-01   7.274336e-02   8.765198e-02
    96  -7.388675e-01  -7.550534e-01   5.989677e-02   1.109968e+01   1.725312e-01   4.167060e-01  -4.855869e-01  -5.076139e-01   5.377208e-02   9.060474e-01   1.064715e-01   2.792922e-01   2.646377e-01   4.839488e-01   5.964266e-02   8.334399e-02
    97  -7.058691e-01  -7.220550e-01   6.489081e-02   9.626697e+00   1.719927e-01   4.125424e-01  -4.407368e-01  -4.625832e-01   5.655903e-02   6.590196e-01   1.042979e-01   3.085314e-01   2.941578e-01   5.090312e-01   4.883326e-02   7.916291e-02
    98  -6.728707e-01  -6.890566e-01   7.033686e-02   8.351527e+00   1.712528e-01   4.083804e-01  -3.960823e-01  -4.178358e-01   5.928652e-02   4.755443e-01   1.022242e-01   3.371851e-01   3.230945e-01   5.335787e-01   3.993247e-02   7.511938e-02
    99  -6.398723e-01  -6.560582e-01   7.624979e-02   7.241601e+00   1.703360e-01   4.045107e-01  -3.514154e-01  -3.731748e-01   6.194091e-02   3.398512e-01   1.002864e-01   3.652541e-01   3.514463e-01   5.574682e-01   3.261563e-02   7.122480e-02
   100  -6.068739e-01  -6.230598e-01   8.269528e-02   6.275499e+00   1.692531e-01   4.008442e-01  -3.065170e-01  -3.283862e-01   6.451030e-02   2.401832e-01   9.850689e-02   3.927423e-01   3.792157e-01   5.805927e-01   2.661117e-02   6.748494e-02
   101  -5.738755e-01  -5.900614e-01   8.971597e-02   5.434387e+00   1.680035e-01   3.972933e-01  -2.611605e-01  -2.832469e-01   6.698469e-02   1.676307e-01   9.688799e-02   4.196577e-01   4.064085e-01   6.028622e-01   2.169036e-02   6.390675e-02
   102  -5.408771e-01  -5.570630e-01   9.732214e-02   4.700804e+00   1.666090e-01   3.939106e-01  -2.151157e-01  -2.375282e-01   6.935597e-02   1.153912e-01   9.541644e-02   4.460109e-01   4.330342e-01   6.242038e-01   1.766350e-02   6.049151e-02
   103  -5.078787e-01  -5.240646e-01   1.055766e-01   4.059742e+00   1.650966e-01   3.906037e-01  -1.681501e-01  -1.909983e-01   7.161799e-02   7.825209e-02   9.407258e-02   4.718156e-01   4.591048e-01   6.445619e-01   1.437172e-02   5.724217e-02
   104  -4.748803e-01  -4.910662e-01   1.145310e-01   3.501446e+00   1.634520e-01   3.871576e-01  -1.200404e-01  -1.434295e-01   7.376638e-02   5.223410e-02   9.283469e-02   4.970873e-01   4.846352e-01   6.638974e-01   1.168418e-02   5.415634e-02
   105  -4.418819e-01  -4.580678e-01   1.242242e-01   3.015478e+00   1.616718e-01   3.834492e-01  -7.056047e-02  -9.459617e-02   7.579851e-02   3.428431e-02   9.169320e-02   5.218445e-01   5.096423e-01   6.821866e-01   9.491839e-03   5.123366e-02
   106  -4.088835e-01  -4.250694e-01   1.346585e-01   2.591989e+00   1.597703e-01   3.792109e-01  -1.949797e-02  -4.427919e-02   7.771330e-02   2.211271e-02   9.064371e-02   5.461063e-01   5.341448e-01   6.994197e-01   7.705305e-03   4.846941e-02
   107  -3.758851e-01  -3.920710e-01   1.459182e-01   2.223926e+00   1.577277e-01   3.741653e-01   3.330385e-02   7.704909e-03   7.951106e-02   1.402023e-02   8.966154e-02   5.698941e-01   5.581631e-01   7.155996e-01   6.250551e-03   4.586023e-02
   108  -3.428867e-01  -3.590726e-01   1.580474e-01   1.904955e+00   1.555194e-01   3.682119e-01   8.788905e-02   6.145347e-02   8.119333e-02   8.754760e-03   8.868428e-02   5.932296e-01   5.817186e-01   7.307399e-01   5.066953e-03   4.340039e-02
   109  -3.098883e-01  -3.260741e-01   1.710730e-01   1.628894e+00   1.531366e-01   3.612290e-01   1.440805e-01   1.168929e-01   8.276263e-02   5.409321e-03   8.756216e-02   6.161359e-01   6.048338e-01   7.448636e-01   4.104651e-03   4.108425e-02
   110  -2.768899e-01  -2.930757e-01   1.850088e-01   1.389923e+00   1.505891e-01   3.528590e-01   2.013539e-01   1.736607e-01   8.422234e-02   3.335180e-03   8.602459e-02   6.386366e-01   6.275320e-01   7.580011e-01   3.322804e-03   3.890574e-02
   111  -2.438915e-01  -2.600773e-01   1.999358e-01   1.183752e+00   1.478488e-01   3.431984e-01   2.588146e-01   2.310339e-01   8.557652e-02   2.074860e-03   8.373326e-02   6.607552e-01   6.498367e-01   7.701887e-01   2.688025e-03   3.685786e-02
   112  -2.108931e-01  -2.270789e-01   2.158918e-01   1.006173e+00   1.449074e-01   3.322488e-01   3.153327e-01   2.879924e-01   8.682971e-02   1.317157e-03   8.042533e-02   6.825162e-01   6.717720e-01   7.814674e-01   2.172952e-03   3.493449e-02
   113  -1.778947e-01  -1.940805e-01   2.328617e-01   8.533654e-01   1.417694e-01   3.199024e-01   3.698435e-01   3.434428e-01   8.798682e-02   8.597083e-04   7.609856e-02   7.039433e-01   6.933619e-01   7.918814e-01   1.755304e-03   3.312847e-02
   114  -1.448963e-01  -1.610821e-01   2.508976e-01   7.220046e-01   1.384466e-01   3.060238e-01   4.216185e-01   3.965021e-01   8.905301e-02   5.780859e-04   7.103831e-02   7.250607e-01   7.146304e-01   8.014771e-01   1.416869e-03   3.143313e-02
   115  -1.118979e-01  -1.280837e-01   2.700343e-01   6.093600e-01   1.349334e-01   2.907581e-01   4.703413e-01   4.466628e-01   9.003354e-02   3.995087e-04   6.565532e-02   7.458919e-01   7.356012e-01   8.103019e-01   1.142802e-03   2.984197e-02
   116  -7.889945e-02  -9.508532e-02   2.902234e-01   5.128228e-01   1.312288e-01   2.739779e-01   5.160168e-01   4.937793e-01   9.093373e-02   2.825511e-04   6.030974e-02   7.664602e-01   7.562978e-01   8.184036e-01   9.210190e-04   2.834829e-02
   117  -4.590105e-02  -6.208692e-02   3.114907e-01   4.302595e-01   1.273561e-01   2.553815e-01   5.588319e-01   5.379517e-01   9.175884e-02   2.036307e-04   5.523204e-02   7.867883e-01   7.767432e-01   8.258295e-01   7.416698e-04   2.694593e-02
   118  -1.290264e-02  -2.908851e-02   3.338646e-01   3.598613e-01   1.233280e-01   2.352880e-01   5.990536e-01   5.794082e-01   9.251402e-02   1.489882e-04   5.053784e-02   8.068983e-01   7.969597e-01   8.326262e-01   5.967427e-04   2.562886e-02
   119   2.009576e-02   3.909891e-03   3.572668e-01   2.999599e-01   1.191584e-01   2.135745e-01   6.369679e-01   6.184244e-01   9.320429e-02   1.103379e-04   4.626633e-02   8.268117e-01   8.169691e-01   8.388386e-01   4.797233e-04   2.439118e-02
   120   5.309416e-02   3.690830e-02   3.816875e-01   2.491226e-01   1.148624e-01   1.902933e-01   6.728485e-01   6.552787e-01   9.383445e-02   8.251654e-05   4.241455e-02   8.465490e-01   8.367925e-01   8.445100e-01   3.853124e-04   2.322743e-02
   121   8.609257e-02   6.990670e-02   4.070899e-01   2.060925e-01   1.104594e-01   1.656492e-01   7.069385e-01   6.902279e-01   9.440910e-02   6.221307e-05   3.895346e-02   8.661302e-01   8.564500e-01   8.496819e-01   3.092052e-04   2.213243e-02
   122   1.190910e-01   1.029051e-01   4.333393e-01   1.697882e-01   1.059637e-01   1.398665e-01   7.394554e-01   7.235012e-01   9.493262e-02   4.721701e-05   3.584925e-02   8.855740e-01   8.759609e-01   8.543935e-01   2.479068e-04   2.110120e-02
   123   1.520894e-01   1.359035e-01   4.604185e-01   1.392587e-01   1.013976e-01   1.135821e-01   7.705877e-01   7.553004e-01   9.540910e-02   3.603450e-05   3.306486e-02   9.048985e-01   8.953437e-01   8.586819e-01   1.985798e-04   2.012908e-02
   124   1.850878e-01   1.689019e-01   4.881712e-01   1.136741e-01   9.678393e-02   8.643097e-02   8.004997e-01   7.858012e-01   9.584241e-02   2.762743e-05   3.056421e-02   9.241206e-01   9.146159e-01   8.625817e-01   1.589218e-04   1.921185e-02
   125   2.180862e-01   2.019003e-01   5.165026e-01   9.233014e-02   9.213731e-02   6.077218e-02   8.293344e-01   8.151563e-01   9.623618e-02   2.126358e-05   2.831495e-02   9.432564e-01   9.337939e-01   8.661256e-01   1.270677e-04   1.834542e-02
   126   2.510846e-01   2.348987e-01   5.452050e-01   7.458329e-02   8.748890e-02   3.453256e-02   8.572168e-01   8.434993e-01   9.659376e-02   1.641826e-05   2.628744e-02   9.623209e-01   9.528933e-01   8.693438e-01   1.015059e-04   1.752606e-02
   127   2.840830e-01   2.678971e-01   5.741067e-01   5.988648e-02   8.283828e-02   1.135679e-02   8.842555e-01   8.709465e-01   9.691827e-02   1.271137e-05   2.445560e-02   9.813281e-01   9.719285e-01   8.722644e-01   8.101315e-05   1.675031e-02
   128   3.170814e-01   3.008955e-01   6.031019e-01   4.779071e-02   7.823219e-02  -1.093642e-02   9.105471e-01   8.976002e-01   9.721261e-02   9.863199e-06   2.279688e-02   1.000291e+00   9.909132e-01   8.749135e-01   6.459976e-05   1.601502e-02
   129   3.500798e-01   3.338939e-01   6.319890e-01   3.789481e-02   7.368991e-02  -3.083927e-02   9.361757e-01   9.235504e-01   9.747945e-02   7.667548e-06   2.129065e-02   1.019222e+00   1.009860e+00   8.773151e-01   5.146635e-05   1.531727e-02
   130   3.830782e-01   3.668923e-01   6.606136e-01   2.984712e-02   6.923332e-02  -4.744919e-02   9.612162e-01   9.488764e-01   9.772124e-02   5.969759e-06   1.991968e-02   1.038132e+00   1.028780e+00   8.794912e-01   4.096746e-05   1.465437e-02
   131   4.160766e-01   3.998907e-01   6.887889e-01   2.334366e-02   6.488957e-02  -6.305500e-02   9.857353e-01   9.736488e-01   9.794025e-02   4.653631e-06   1.866862e-02   1.057032e+00   1.047685e+00   8.814623e-01   3.258252e-05   1.402389e-02
   132   4.490750e-01   4.328891e-01   7.161914e-01   1.812544e-02   6.067017e-02  -7.448230e-02   1.009792e+00   9.979301e-01   9.813854e-02   3.631371e-06   1.752378e-02   1.075930e+00   1.066583e+00   8.832469e-01   2.589210e-05   1.342360e-02
   133   4.820734e-01   4.658875e-01   7.426053e-01   1.394946e-02   5.658000e-02  -8.454088e-02   1.033438e+00   1.021776e+00   9.831802e-02   2.835964e-06   1.647358e-02   1.094835e+00   1.085485e+00   8.848622e-01   2.055864e-05   1.285150e-02
   134   5.150718e-01   4.988860e-01   7.680488e-01   1.065137e-02   5.265558e-02  -9.310158e-02   1.056722e+00   1.045236e+00   9.848042e-02   2.216180e-06   1.550775e-02   1.113755e+00   1.104398e+00   8.863237e-01   1.631076e-05   1.230574e-02
   135   5.480702e-01   5.318844e-01   7.922922e-01   8.067970e-03   4.890775e-02  -9.923870e-02   1.079684e+00   1.068355e+00   9.862732e-02   1.732687e-06   1.461722e-02   1.132698e+00   1.123330e+00   8.876458e-01   1.293047e-05   1.178464e-02
   136   5.810686e-01   5.648828e-01   8.149858e-01   6.053437e-03   4.533659e-02  -1.038538e-01   1.102363e+00   1.091172e+00   9.876016e-02   1.355186e-06   1.379407e-02   1.151669e+00   1.142287e+00   8.888415e-01   1.024291e-05   1.128669e-02
   137   6.140670e-01   5.978812e-01   8.363636e-01   4.502335e-03   4.195994e-02  -1.073297e-01   1.124792e+00   1.113722e+00   9.888027e-02   1.060214e-06   1.303142e-02   1.170675e+00   1.161276e+00   8.899225e-01   8.107908e-06   1.081051e-02
   138   6.470654e-01   6.308796e-01   8.560038e-01   3.318760e-03   3.878222e-02  -1.096534e-01   1.147001e+00   1.136039e+00   9.898885e-02   8.295948e-07   1.232322e-02   1.189719e+00   1.180301e+00   8.908996e-01   6.413262e-06   1.035486e-02
   139   6.800638e-01   6.638780e-01   8.741439e-01   2.422808e-03   3.580293e-02  -1.109321e-01   1.169018e+00   1.158149e+00   9.908698e-02   6.492089e-07   1.166410e-02   1.208808e+00   1.199369e+00   8.917828e-01   5.069227e-06   9.918580e-03
   140   7.130622e-01   6.968764e-01   8.905183e-01   1.753140e-03   3.302586e-02  -1.111317e-01   1.190865e+00   1.180079e+00   9.917565e-02   5.080687e-07   1.104937e-02   1.227944e+00   1.218482e+00   8.925808e-01   4.004102e-06   9.500641e-03
   141   7.460606e-01   7.298748e-01   9.054015e-01   1.256619e-03   3.044643e-02  -1.103783e-01   1.212566e+00   1.201851e+00   9.925576e-02   3.976117e-07   1.047487e-02   1.247132e+00   1.237644e+00   8.933019e-01   3.160655e-06   9.100091e-03
   142   7.790591e-01   7.628732e-01   9.185297e-01   8.927851e-04   2.806089e-02  -1.087040e-01   1.234140e+00   1.223487e+00   9.932813e-02   3.111548e-07   9.936984e-03   1.266374e+00   1.256860e+00   8.939532e-01   2.493249e-06   8.716058e-03
   143   8.120575e-01   7.958716e-01   9.302313e-01   6.290210e-04   2.586169e-02  -1.061753e-01   1.255603e+00   1.245004e+00   9.939350e-02   2.434775e-07   9.432486e-03   1.285673e+00   1.276131e+00   8.945415e-01   1.965525e-06   8.347745e-03
   144   8.450559e-01   8.288700e-01   9.405173e-01   4.393453e-04   2.384071e-02  -1.028416e-01   1.276971e+00   1.266418e+00   9.945254e-02   1.904995e-07   8.958529e-03   1.305031e+00   1.295460e+00   8.950729e-01   1.548544e-06   7.994418e-03
   145   8.780543e-01   8.618684e-01   9.494120e-01   3.046365e-04   2.198668e-02  -9.879334e-02   1.298259e+00   1.287746e+00   9.950586e-02   1.490291e-07   8.512585e-03   1.324450e+00   1.314849e+00   8.955527e-01   1.219296e-06   7.655401e-03
   146   9.110527e-01   8.948668e-01   9.571464e-01   2.097899e-04   2.028801e-02  -9.413600e-02   1.319479e+00   1.308999e+00   9.955400e-02   1.165689e-07   8.092409e-03   1.343931e+00   1.334300e+00   8.959860e-01   9.594953e-07   7.330067e-03
   147   9.440511e-01   9.278652e-01   9.638149e-01   1.435131e-04   1.873401e-02  -8.892927e-02   1.340641e+00   1.330189e+00   9.959747e-02   9.116373e-08   7.696002e-03   1.363476e+00   1.353814e+00   8.963772e-01   7.546287e-07   7.017838e-03
   148   9.770495e-01   9.608636e-01   9.694687e-01   9.765200e-05   1.731115e-02  -8.337922e-02   1.361757e+00   1.351327e+00   9.963672e-02   7.128284e-08   7.321584e-03   1.383084e+00   1.373391e+00   8.967304e-01   5.931834e-07   6.718175e-03
   149   1.010048e+00   9.938620e-01   9.742909e-01   6.614000e-05   1.600775e-02  -7.759348e-02   1.382833e+00   1.372423e+00   9.967214e-02   5.572732e-08   6.967559e-03   1.402757e+00   1.393032e+00   8.970493e-01   4.660353e-07   6.430575e-03
   150   1.043046e+00   1.026860e+00   9.783883e-01   4.461522e-05   1.481303e-02  -7.172772e-02   1.403880e+00   1.393484e+00   9.970413e-02   4.355818e-08   6.632500e-03   1.422495e+00   1.412738e+00   8.973371e-01   3.659587e-07   6.154572e-03
   151   1.076045e+00   1.059859e+00   9.818607e-01   2.999527e-05   1.371666e-02  -6.589674e-02   1.424902e+00   1.414518e+00   9.973300e-02   3.404002e-08   6.315125e-03   1.442296e+00   1.432508e+00   8.975970e-01   2.872359e-07   5.889727e-03
   152   1.109043e+00   1.092857e+00   9.847554e-01   2.011562e-05   1.270868e-02  -6.019019e-02   1.445906e+00   1.435531e+00   9.975905e-02   2.659679e-08   6.014280e-03   1.462162e+00   1.452343e+00   8.978315e-01   2.253457e-07   5.635631e-03
   153   1.142041e+00   1.125856e+00   9.871991e-01   1.346310e-05   1.178076e-02  -5.477728e-02   1.466897e+00   1.456529e+00   9.978257e-02   2.077738e-08   5.728922e-03   1.482090e+00   1.472240e+00   8.980432e-01   1.767157e-07   5.391898e-03
   154   1.175040e+00   1.158854e+00   9.892578e-01   8.997378e-06   1.092550e-02  -4.959857e-02   1.487880e+00   1.477516e+00   9.980380e-02   1.622851e-08   5.458111e-03   1.502079e+00   1.492199e+00   8.982342e-01   1.385254e-07   5.158170e-03
   155   1.208038e+00   1.191852e+00   9.909862e-01   6.006637e-06   1.013622e-02  -4.481197e-02   1.508858e+00   1.498496e+00   9.982296e-02   1.267356e-08   5.200992e-03   1.522128e+00   1.512220e+00   8.984066e-01   1.085489e-07   4.934108e-03
   156   1.241037e+00   1.224851e+00   9.924219e-01   4.007705e-06   9.406761e-03  -4.033696e-02   1.529833e+00   1.519472e+00   9.984025e-02   9.895977e-09   4.956794e-03   1.542235e+00   1.532298e+00   8.985622e-01   8.503138e-08   4.719395e-03
   157   1.274035e+00   1.257849e+00   9.936311e-01   2.673139e-06   8.732015e-03  -3.627340e-02   1.550808e+00   1.540447e+00   9.985585e-02   7.726253e-09   4.724815e-03   1.562398e+00   1.552434e+00   8.987027e-01   6.658992e-08   4.513738e-03
   158   1.307034e+00   1.290848e+00   9.946481e-01   1.782989e-06   8.107392e-03  -3.252843e-02   1.571783e+00   1.561422e+00   9.986993e-02   6.031733e-09   4.504420e-03   1.582612e+00   1.572623e+00   8.988294e-01   5.213549e-08   4.316860e-03
   159   1.340032e+00   1.323846e+00   9.954955e-01   1.189500e-06   7.528687e-03  -2.914986e-02   1.592760e+00   1.582398e+00   9.988264e-02   4.708624e-09   4.295031e-03   1.602875e+00   1.592862e+00   8.989438e-01   4.081103e-08   4.128506e-03
   160   1.373030e+00   1.356844e+00   9.962050e-01   7.938609e-07   6.992199e-03  -2.608790e-02   1.613737e+00   1.603375e+00   9.989411e-02   3.675732e-09   4.096126e-03   1.623182e+00   1.613148e+00   8.990470e-01   3.194243e-08   3.948443e-03
   161   1.406029e+00   1.389843e+00   9.968041e-01   5.301075e-07   6.494674e-03  -2.332374e-02   1.634714e+00   1.624352e+00   9.990446e-02   2.869560e-09   3.907236e-03   1.643529e+00   1.633475e+00   8.991401e-01   2.499978e-08   3.776456e-03
   162   1.439027e+00   1.422841e+00   9.973046e-01   3.542227e-07   6.033151e-03  -2.084394e-02   1.655687e+00   1.645327e+00   9.991379e-02   2.240459e-09   3.727935e-03   1.663908e+00   1.653838e+00   8.992241e-01   1.956678e-08   3.612354e-03
   163   1.472026e+00   1.455840e+00   9.977240e-01   2.368672e-07   5.604926e-03  -1.859894e-02   1.676653e+00   1.666297e+00   9.992222e-02   1.749620e-09   3.557846e-03   1.684314e+00   1.674231e+00   8.993000e-01   1.531657e-08   3.455967e-03
   164   1.505024e+00   1.488838e+00   9.980790e-01   1.585251e-07   5.207650e-03  -1.660272e-02   1.697608e+00   1.687257e+00   9.992982e-02   1.366712e-09   3.396634e-03   1.704737e+00   1.694645e+00   8.993684e-01   1.199262e-08   3.307149e-03
   165   1.538022e+00   1.521836e+00   9.983760e-01   1.061917e-07   4.839140e-03  -1.478292e-02   1.718543e+00   1.708202e+00   9.993668e-02   1.068040e-09   3.244008e-03   1.725167e+00   1.715072e+00   8.994301e-01   9.393730e-09   3.165780e-03
   166   1.571021e+00   1.554835e+00   9.986262e-01   7.119915e-08   4.497426e-03  -1.315701e-02   1.739452e+00   1.729124e+00   9.994287e-02   8.350938e-10   3.099716e-03   1.745592e+00   1.735499e+00   8.994858e-01   7.362169e-09   3.031768e-03
   167   1.604019e+00   1.587833e+00   9.988384e-01   4.778727e-08   4.180812e-03  -1.166624e-02   1.760324e+00   1.750013e+00   9.994845e-02   6.534200e-10   2.963550e-03   1.765999e+00   1.755916e+00   8.995361e-01   5.774340e-09   2.905047e-03
   168   1.637018e+00   1.620832e+00   9.990158e-01   3.210749e-08   3.887724e-03  -1.029152e-02   1.781145e+00   1.770859e+00   9.995349e-02   5.117347e-10   2.835344e-03   1.786371e+00   1.776305e+00   8.995814e-01   4.533441e-09   2.785584e-03
   169   1.670016e+00   1.653830e+00   9.991664e-01   2.159539e-08   3.616696e-03  -9.046236e-03   1.801901e+00   1.791647e+00   9.995804e-02   4.012309e-10   2.714970e-03   1.806689e+00   1.796649e+00   8.996223e-01   3.563692e-09   2.673379e-03
   170   1.703014e+00   1.686828e+00   9.992942e-01   1.454395e-08   3.366806e-03  -7.785063e-03   1.822572e+00   1.812360e+00   9.996214e-02   3.150362e-10   2.602348e-03   1.826929e+00   1.816927e+00   8.996593e-01   2.805795e-09   2.568465e-03
   171   1.736013e+00   1.719827e+00   9.994015e-01   9.807265e-09   3.136816e-03  -6.634376e-03   1.843138e+00   1.832977e+00   9.996584e-02   2.477897e-10   2.497437e-03   1.847066e+00   1.837114e+00   8.996926e-01   2.213370e-09   2.470911e-03
   172   1.769011e+00   1.752825e+00   9.994933e-01   6.622847e-09   2.925986e-03  -5.417505e-03   1.863571e+00   1.853474e+00   9.996918e-02   1.953103e-10   2.400240e-03   1.867069e+00   1.857183e+00   8.997226e-01   1.750152e-09   2.380825e-03
   173   1.802010e+00   1.785824e+00   9.995710e-01   4.480121e-09   2.734009e-03  -4.121623e-03   1.883841e+00   1.873824e+00   9.997219e-02   1.543378e-10   2.310802e-03   1.886904e+00   1.877100e+00   8.997498e-01   1.387801e-09   2.298348e-03
   174   1.835008e+00   1.818822e+00   9.996370e-01   3.036201e-09   2.560092e-03  -2.772286e-03   1.903915e+00   1.893994e+00   9.997491e-02   1.223306e-10   2.229208e-03   1.906531e+00   1.896828e+00   8.997742e-01   1.104175e-09   2.223655e-03
   175   1.868006e+00   1.851821e+00   9.996938e-01   2.062571e-09   2.404894e-03  -1.010612e-03   1.923752e+00   1.913946e+00   9.997737e-02   9.730792e-11   2.155584e-03   1.925907e+00   1.916327e+00   8.997963e-01   8.819841e-10   2.156955e-03
   176   1.901005e+00   1.884819e+00   9.997419e-01   1.405021e-09   2.268551e-03   9.124207e-04   1.943309e+00   1.933640e+00   9.997958e-02   7.772490e-11   2.090126e-03   1.944984e+00   1.935550e+00   8.998162e-01   7.077260e-10   2.098485e-03
   177   1.934003e+00   1.917817e+00   9.997833e-01   9.601653e-10   2.151414e-03   3.294212e-03   1.962542e+00   1.953032e+00   9.998158e-02   6.236916e-11   2.033368e-03   1.963712e+00   1.954449e+00   8.998342e-01   5.708432e-10   2.048583e-03
   178   1.967002e+00   1.950816e+00   9.998191e-01   6.588850e-10   2.056307e-03   6.445561e-03   1.981423e+00   1.972085e+00   9.998338e-02   5.025224e-11   1.987806e-03   1.982046e+00   1.972976e+00   8.998504e-01   4.628960e-10   2.008518e-03
   179   2.000000e+00   1.983814e+00   9.998500e-01   4.528876e-10   1.992581e-03   8.228254e-03   2.000000e+00   1.990811e+00   9.998500e-02   4.048903e-11   1.962867e-03   2.000000e+00   1.991116e+00   8.998650e-01   3.762662e-10   1.985566e-03
