     i          log_r       log_rmid          m_tot        rho_tot         v2_tot            eta     lgr[heavy]    lgrm[heavy]       m[heavy]     rho[heavy]      v2[heavy]     lgr[light]    lgrm[light]       m[light]     rho[light]      v2[light]
     0  -4.377103e+00  -4.678133e+00   1.022804e-07   4.089655e+06   2.727438e-01            nan  -4.377103e+00  -4.678133e+00   9.998500e-08   4.058487e+06   2.704940e-01  -3.116242e+00  -3.417272e+00   8.998650e-07   6.025957e+03   5.325967e-01
     1  -4.341476e+00  -4.358924e+00   1.304647e-07   4.059259e+06   2.719424e-01            nan  -4.354660e+00  -4.365737e+00   1.166721e-07   4.039329e+06   2.704906e-01  -3.083652e+00  -3.099641e+00   1.050049e-06   3.983250e+03   5.245669e-01
     2  -4.305850e+00  -4.323298e+00   1.664414e-07   4.054832e+06   2.718728e-01            nan  -4.332222e+00  -4.343296e+00   1.361439e-07   4.037252e+06   2.704903e-01  -3.051337e+00  -3.067194e+00   1.225295e-06   3.746389e+03   5.232778e-01
     3  -4.270224e+00  -4.287672e+00   2.123628e-07   4.049802e+06   2.718066e-01            nan  -4.309786e+00  -4.320859e+00   1.588651e-07   4.034955e+06   2.704899e-01  -3.019131e+00  -3.034936e+00   1.429786e-06   3.510196e+03   5.218136e-01
     4  -4.234598e+00  -4.252046e+00   2.709710e-07   4.044146e+06   2.717435e-01            nan  -4.287350e+00  -4.298423e+00   1.853780e-07   4.032413e+06   2.704894e-01  -2.986899e+00  -3.002716e+00   1.668402e-06   3.275942e+03   5.201530e-01
     5  -4.198971e+00  -4.216419e+00   3.457626e-07   4.037629e+06   2.716835e-01            nan  -4.264913e+00  -4.275986e+00   2.163150e-07   4.029601e+06   2.704889e-01  -2.954528e+00  -2.970412e+00   1.946835e-06   3.044988e+03   5.182709e-01
     6  -4.163345e+00  -4.180793e+00   4.411836e-07   4.030198e+06   2.716264e-01            nan  -4.242474e+00  -4.253549e+00   2.524142e-07   4.026490e+06   2.704884e-01  -2.921928e+00  -2.937922e+00   2.271728e-06   2.818871e+03   5.161447e-01
     7  -4.127719e+00  -4.145167e+00   5.629052e-07   4.021653e+06   2.715719e-01            nan  -4.220032e+00  -4.231108e+00   2.945370e-07   4.023047e+06   2.704877e-01  -2.889027e+00  -2.905166e+00   2.650833e-06   2.599193e+03   5.137567e-01
     8  -4.092092e+00  -4.109540e+00   7.181201e-07   4.011745e+06   2.715200e-01            nan  -4.197584e+00  -4.208663e+00   3.436881e-07   4.019238e+06   2.704871e-01  -2.855769e+00  -2.872080e+00   3.093193e-06   2.387276e+03   5.110791e-01
     9  -4.056466e+00  -4.073914e+00   9.159858e-07   4.000407e+06   2.714705e-01            nan  -4.175131e+00  -4.186213e+00   4.010398e-07   4.015024e+06   2.704863e-01  -2.822110e+00  -2.838613e+00   3.609358e-06   2.184280e+03   5.080779e-01
    10  -4.020840e+00  -4.038288e+00   1.168118e-06   3.987074e+06   2.714233e-01            nan  -4.152670e+00  -4.163755e+00   4.679601e-07   4.010361e+06   2.704855e-01  -2.788020e+00  -2.804731e+00   4.211641e-06   1.991376e+03   5.047323e-01
    11  -3.985214e+00  -4.002662e+00   1.489208e-06   3.971763e+06   2.713782e-01            nan  -4.130201e+00  -4.141290e+00   5.460446e-07   4.005202e+06   2.704845e-01  -2.753487e+00  -2.770410e+00   4.914402e-06   1.809609e+03   5.010424e-01
    12  -3.949587e+00  -3.967035e+00   1.897947e-06   3.953898e+06   2.713351e-01            nan  -4.107721e+00  -4.118815e+00   6.371554e-07   3.999495e+06   2.704835e-01  -2.718506e+00  -2.735644e+00   5.734398e-06   1.639464e+03   4.969681e-01
    13  -3.913961e+00  -3.931409e+00   2.417722e-06   3.933162e+06   2.712938e-01            nan  -4.085229e+00  -4.096329e+00   7.434644e-07   3.993183e+06   2.704824e-01  -2.683088e+00  -2.700436e+00   6.691180e-06   1.481409e+03   4.925105e-01
    14  -3.878335e+00  -3.895783e+00   3.078348e-06   3.909196e+06   2.712541e-01            nan  -4.062724e+00  -4.073831e+00   8.675058e-07   3.986200e+06   2.704811e-01  -2.647253e+00  -2.664801e+00   7.807552e-06   1.335640e+03   4.876863e-01
    15  -3.842709e+00  -3.860157e+00   3.916955e-06   3.881144e+06   2.712159e-01            nan  -4.040203e+00  -4.051318e+00   1.012236e-06   3.978478e+06   2.704797e-01  -2.611029e+00  -2.628763e+00   9.110122e-06   1.201928e+03   4.824383e-01
    16  -3.807082e+00  -3.824530e+00   4.980346e-06   3.849018e+06   2.711791e-01            nan  -4.017665e+00  -4.028788e+00   1.181103e-06   3.969938e+06   2.704781e-01  -2.574455e+00  -2.592357e+00   1.062993e-05   1.080139e+03   4.768833e-01
    17  -3.771456e+00  -3.788904e+00   6.326990e-06   3.811273e+06   2.711434e-01            nan  -3.995108e+00  -4.006241e+00   1.378130e-06   3.960497e+06   2.704764e-01  -2.537575e+00  -2.555624e+00   1.240317e-05   9.696932e+02   4.709525e-01
    18  -3.735830e+00  -3.753278e+00   8.029110e-06   3.768144e+06   2.711085e-01            nan  -3.972530e+00  -3.983672e+00   1.608010e-06   3.950060e+06   2.704745e-01  -2.500436e+00  -2.518609e+00   1.447209e-05   8.700097e+02   4.647613e-01
    19  -3.700204e+00  -3.717651e+00   1.017761e-05   3.718052e+06   2.710744e-01            nan  -3.949927e+00  -3.961081e+00   1.876216e-06   3.938524e+06   2.704724e-01  -2.463087e+00  -2.481360e+00   1.688595e-05   7.803666e+02   4.582721e-01
    20  -3.664577e+00  -3.682025e+00   1.288135e-05   3.660758e+06   2.710407e-01            nan  -3.927297e+00  -3.938465e+00   2.189133e-06   3.925778e+06   2.704700e-01  -2.425577e+00  -2.443927e+00   1.970220e-05   6.999778e+02   4.516064e-01
    21  -3.628951e+00  -3.646399e+00   1.627914e-05   3.594989e+06   2.710072e-01            nan  -3.904637e+00  -3.915819e+00   2.554206e-06   3.911697e+06   2.704673e-01  -2.387953e+00  -2.406358e+00   2.298786e-05   6.280830e+02   4.447298e-01
    22  -3.593325e+00  -3.610773e+00   2.053001e-05   3.520030e+06   2.709734e-01            nan  -3.881944e+00  -3.893142e+00   2.980121e-06   3.896146e+06   2.704644e-01  -2.350258e+00  -2.368697e+00   2.682109e-05   5.638414e+02   4.377871e-01
    23  -3.557698e+00  -3.575146e+00   2.584033e-05   3.434989e+06   2.709391e-01            nan  -3.859213e+00  -3.870430e+00   3.477003e-06   3.878978e+06   2.704611e-01  -2.312535e+00  -2.330987e+00   3.129303e-05   5.065652e+02   4.307134e-01
    24  -3.522072e+00  -3.539520e+00   3.243345e-05   3.338970e+06   2.709037e-01            nan  -3.836441e+00  -3.847678e+00   4.056664e-06   3.860031e+06   2.704575e-01  -2.274815e+00  -2.293266e+00   3.650997e-05   4.554371e+02   4.236915e-01
    25  -3.486446e+00  -3.503894e+00   4.060377e-05   3.231300e+06   2.708669e-01            nan  -3.813623e+00  -3.824882e+00   4.732872e-06   3.839129e+06   2.704535e-01  -2.237135e+00  -2.255566e+00   4.259585e-05   4.099113e+02   4.166015e-01
    26  -3.450820e+00  -3.468268e+00   5.065201e-05   3.111768e+06   2.708279e-01            nan  -3.790754e+00  -3.802038e+00   5.521683e-06   3.816082e+06   2.704490e-01  -2.199512e+00  -2.217916e+00   4.969515e-05   3.692306e+02   4.096701e-01
    27  -3.415193e+00  -3.432641e+00   6.296913e-05   2.979219e+06   2.707860e-01            nan  -3.767827e+00  -3.779139e+00   6.441814e-06   3.790681e+06   2.704439e-01  -2.161972e+00  -2.180337e+00   5.797633e-05   3.329610e+02   4.027796e-01
    28  -3.379567e+00  -3.397015e+00   7.795267e-05   2.835954e+06   2.707409e-01            nan  -3.744838e+00  -3.756180e+00   7.515084e-06   3.762704e+06   2.704383e-01  -2.124527e+00  -2.142846e+00   6.763576e-05   3.005216e+02   3.960670e-01
    29  -3.343941e+00  -3.361389e+00   9.604960e-05   2.678643e+06   2.706905e-01            nan  -3.721777e+00  -3.733154e+00   8.766923e-06   3.731907e+06   2.704321e-01  -2.087190e+00  -2.105457e+00   7.890231e-05   2.715252e+02   3.894855e-01
    30  -3.308315e+00  -3.325762e+00   1.177911e-04   2.512100e+06   2.706347e-01            nan  -3.698638e+00  -3.710054e+00   1.022697e-05   3.698031e+06   2.704251e-01  -2.049969e+00  -2.068181e+00   9.204273e-05   2.455573e+02   3.830807e-01
    31  -3.272688e+00  -3.290136e+00   1.436055e-04   2.336984e+06   2.705720e-01            nan  -3.675412e+00  -3.686870e+00   1.192976e-05   3.660798e+06   2.704173e-01  -2.012869e+00  -2.031023e+00   1.073678e-04   2.222716e+02   3.768710e-01
    32  -3.237062e+00  -3.254510e+00   1.740210e-04   2.152958e+06   2.704997e-01            nan  -3.652089e+00  -3.663594e+00   1.391553e-05   3.619910e+06   2.704086e-01  -1.975895e+00  -1.993989e+00   1.252398e-04   2.013853e+02   3.708264e-01
    33  -3.201436e+00  -3.218884e+00   2.095787e-04   1.965442e+06   2.704169e-01            nan  -3.628656e+00  -3.640214e+00   1.623115e-05   3.575054e+06   2.703989e-01  -1.939045e+00  -1.957079e+00   1.460803e-04   1.825951e+02   3.650136e-01
    34  -3.165809e+00  -3.183257e+00   2.507370e-04   1.777041e+06   2.703216e-01            nan  -3.605103e+00  -3.616720e+00   1.893121e-05   3.525899e+06   2.703879e-01  -1.902322e+00  -1.920296e+00   1.703808e-04   1.657120e+02   3.593480e-01
    35  -3.130183e+00  -3.147631e+00   2.978696e-04   1.590563e+06   2.702110e-01            nan  -3.581415e+00  -3.593098e+00   2.207926e-05   3.472098e+06   2.703757e-01  -1.865720e+00  -1.883636e+00   1.987134e-04   1.504779e+02   3.539256e-01
    36  -3.094557e+00  -3.112005e+00   3.510661e-04   1.408218e+06   2.700807e-01   4.812592e-01  -3.557577e+00  -3.569332e+00   2.574932e-05   3.413294e+06   2.703619e-01  -1.829243e+00  -1.847099e+00   2.317439e-04   1.367657e+02   3.486273e-01
    37  -3.058931e+00  -3.076379e+00   4.107057e-04   1.233342e+06   2.699149e-01   4.801440e-01  -3.533570e+00  -3.545407e+00   3.002750e-05   3.349118e+06   2.703463e-01  -1.792882e+00  -1.810682e+00   2.702475e-04   1.243624e+02   3.435601e-01
    38  -3.023304e+00  -3.040752e+00   4.768926e-04   1.069189e+06   2.697102e-01   4.786799e-01  -3.509375e+00  -3.521304e+00   3.501400e-05   3.279200e+06   2.703288e-01  -1.756638e+00  -1.774382e+00   3.151260e-04   1.131706e+02   3.386107e-01
    39  -2.987678e+00  -3.005126e+00   5.496517e-04   9.177759e+05   2.694644e-01   4.770144e-01  -3.484970e+00  -3.497001e+00   4.082538e-05   3.203171e+06   2.703091e-01  -1.720504e+00  -1.738195e+00   3.674284e-04   1.030340e+02   3.338459e-01
    40  -2.952052e+00  -2.969500e+00   6.288383e-04   7.805069e+05   2.691707e-01   4.751223e-01  -3.460328e+00  -3.472474e+00   4.759714e-05   3.120673e+06   2.702867e-01  -1.684482e+00  -1.702120e+00   4.283742e-04   9.386736e+01   3.291823e-01
    41  -2.916426e+00  -2.933873e+00   7.136153e-04   6.573776e+05   2.688126e-01   4.730058e-01  -3.435423e+00  -3.447697e+00   5.548679e-05   3.031371e+06   2.702612e-01  -1.648565e+00  -1.666152e+00   4.993811e-04   8.555507e+01   3.246554e-01
    42  -2.880799e+00  -2.898247e+00   8.042231e-04   5.490557e+05   2.683798e-01   4.706973e-01  -3.410221e+00  -3.422639e+00   6.467734e-05   2.934961e+06   2.702323e-01  -1.612755e+00  -1.630291e+00   5.820960e-04   7.802524e+01   3.201975e-01
    43  -2.845173e+00  -2.862621e+00   9.006730e-04   4.554269e+05   2.678651e-01   4.681804e-01  -3.384685e+00  -3.397265e+00   7.538125e-05   2.831189e+06   2.701993e-01  -1.577047e+00  -1.594534e+00   6.784313e-04   7.118886e+01   3.158286e-01
    44  -2.809547e+00  -2.826995e+00   1.003198e-03   3.756257e+05   2.672647e-01   4.654301e-01  -3.358773e+00  -3.371535e+00   8.784517e-05   2.719869e+06   2.701614e-01  -1.541444e+00  -1.558881e+00   7.906065e-04   6.498716e+01   3.114870e-01
    45  -2.773920e+00  -2.791368e+00   1.109796e-03   3.082645e+05   2.665747e-01   4.624513e-01  -3.332437e+00  -3.345405e+00   1.023551e-04   2.600905e+06   2.701179e-01  -1.505940e+00  -1.523329e+00   9.211963e-04   5.934880e+01   3.071896e-01
    46  -2.738294e+00  -2.755742e+00   1.220620e-03   2.514934e+05   2.657123e-01   4.594700e-01  -3.305623e+00  -3.318823e+00   1.192428e-04   2.474312e+06   2.700676e-01  -1.470539e+00  -1.487879e+00   1.073185e-03   5.422677e+01   3.028749e-01
    47  -2.702668e+00  -2.720116e+00   1.338071e-03   2.047189e+05   2.647461e-01   4.562633e-01  -3.278266e+00  -3.291729e+00   1.388921e-04   2.340248e+06   2.700093e-01  -1.435236e+00  -1.452529e+00   1.250029e-03   4.956162e+01   2.985685e-01
    48  -2.667042e+00  -2.684490e+00   1.457452e-03   1.662133e+05   2.636512e-01   4.529272e-01  -3.250295e+00  -3.264056e+00   1.617478e-04   2.199041e+06   2.699412e-01  -1.400031e+00  -1.417277e+00   1.455730e-03   4.531656e+01   2.942054e-01
    49  -2.631415e+00  -2.648863e+00   1.582767e-03   1.346935e+05   2.623334e-01   4.497078e-01  -3.221625e+00  -3.235724e+00   1.883238e-04   2.051223e+06   2.698614e-01  -1.364920e+00  -1.382121e+00   1.694914e-03   4.144071e+01   2.898291e-01
    50  -2.595789e+00  -2.613237e+00   1.712338e-03   1.090984e+05   2.609670e-01   4.461471e-01  -3.192158e+00  -3.206642e+00   2.192140e-04   1.897559e+06   2.697670e-01  -1.329898e+00  -1.347056e+00   1.972926e-03   3.790402e+01   2.853848e-01
    51  -2.560163e+00  -2.577611e+00   1.846061e-03   8.833945e+04   2.592528e-01   4.431447e-01  -3.161781e+00  -3.176704e+00   2.551039e-04   1.739078e+06   2.696547e-01  -1.294958e+00  -1.312077e+00   2.295935e-03   3.466592e+01   2.809154e-01
    52  -2.524537e+00  -2.541984e+00   1.985519e-03   7.154833e+04   2.575345e-01   4.397353e-01  -3.130361e+00  -3.145787e+00   2.967831e-04   1.577098e+06   2.695199e-01  -1.260091e+00  -1.277175e+00   2.671048e-03   3.169935e+01   2.763991e-01
    53  -2.488910e+00  -2.506358e+00   2.129235e-03   5.804458e+04   2.554504e-01   4.370233e-01  -3.097743e+00  -3.113746e+00   3.451610e-04   1.413235e+06   2.693566e-01  -1.225283e+00  -1.242338e+00   3.106449e-03   2.897406e+01   2.718670e-01
    54  -2.453284e+00  -2.470732e+00   2.279141e-03   4.710077e+04   2.533973e-01   4.338964e-01  -3.063746e+00  -3.080412e+00   4.012824e-04   1.249411e+06   2.691568e-01  -1.190518e+00  -1.207553e+00   3.611542e-03   2.646537e+01   2.673371e-01
    55  -2.417658e+00  -2.435106e+00   2.435135e-03   3.835163e+04   2.509368e-01   4.317122e-01  -3.028156e+00  -3.045586e+00   4.663463e-04   1.087822e+06   2.689099e-01  -1.155780e+00  -1.172802e+00   4.197117e-03   2.415273e+01   2.628162e-01
    56  -2.382031e+00  -2.399479e+00   2.597103e-03   3.123398e+04   2.485295e-01   4.291529e-01  -2.990723e+00  -3.009037e+00   5.417261e-04   9.308937e+05   2.686010e-01  -1.121045e+00  -1.138065e+00   4.875535e-03   2.201423e+01   2.583609e-01
    57  -2.346405e+00  -2.363853e+00   2.767925e-03   2.553890e+04   2.457928e-01   4.274765e-01  -2.951156e+00  -2.970489e+00   6.289911e-04   7.811932e+05   2.682096e-01  -1.086290e+00  -1.103320e+00   5.660920e-03   2.003645e+01   2.539608e-01
    58  -2.310779e+00  -2.328227e+00   2.944644e-03   2.090066e+04   2.430556e-01   4.256707e-01  -2.909116e+00  -2.929627e+00   7.299314e-04   6.413021e+05   2.677072e-01  -1.051494e+00  -1.068544e+00   6.569382e-03   1.820471e+01   2.496481e-01
    59  -2.275153e+00  -2.292601e+00   3.132883e-03   1.715813e+04   2.401517e-01   4.244707e-01  -2.864214e+00  -2.886085e+00   8.465830e-04   5.136490e+05   2.670536e-01  -1.016632e+00  -1.033713e+00   7.619247e-03   1.650838e+01   2.454268e-01
    60  -2.239526e+00  -2.256974e+00   3.328033e-03   1.411688e+04   2.371646e-01   4.234455e-01  -2.816018e+00  -2.839448e+00   9.812558e-04   4.003074e+05   2.661922e-01  -9.816860e-01  -9.988074e-01   8.831303e-03   1.493949e+01   2.412748e-01
    61  -2.203900e+00  -2.221348e+00   3.535645e-03   1.163297e+04   2.341750e-01   4.227284e-01  -2.764061e+00  -2.789263e+00   1.136562e-03   3.027782e+05   2.650441e-01  -9.466384e-01  -9.638088e-01   1.022906e-02   1.348912e+01   2.372108e-01
    62  -2.168274e+00  -2.185722e+00   3.754580e-03   9.620241e+03   2.310545e-01   4.225338e-01  -2.707879e+00  -2.735062e+00   1.315444e-03   2.217891e+05   2.635010e-01  -9.114764e-01  -9.287017e-01   1.183900e-02   1.215140e+01   2.332060e-01
    63  -2.132648e+00  -2.150095e+00   3.986452e-03   7.958380e+03   2.280288e-01   4.223926e-01  -2.647060e+00  -2.676406e+00   1.521208e-03   1.571582e+05   2.614198e-01  -8.761924e-01  -8.934762e-01   1.369088e-02   1.092061e+01   2.292297e-01
    64  -2.097021e+00  -2.114469e+00   4.232920e-03   6.609905e+03   2.249143e-01   4.228164e-01  -2.581341e+00  -2.612959e+00   1.757548e-03   1.077715e+05   2.586240e-01  -8.407809e-01  -8.581258e-01   1.581793e-02   9.790300e+00   2.252873e-01
    65  -2.061395e+00  -2.078843e+00   4.494660e-03   5.493052e+03   2.218922e-01   4.233355e-01  -2.510714e+00  -2.544593e+00   2.028572e-03   7.171410e+04   2.549210e-01  -8.052404e-01  -8.226472e-01   1.825715e-02   8.754964e+00   2.213571e-01
    66  -2.025769e+00  -2.043217e+00   4.773357e-03   4.575167e+03   2.189192e-01   4.241159e-01  -2.435538e+00  -2.471501e+00   2.338830e-03   4.655200e+04   2.501432e-01  -7.695730e-01  -7.870407e-01   2.104947e-02   7.809083e+00   2.174188e-01
    67  -1.990142e+00  -2.007590e+00   5.071266e-03   3.816562e+03   2.160192e-01   4.250803e-01  -2.356581e+00  -2.394268e+00   2.693323e-03   2.970381e+04   2.442133e-01  -7.337824e-01  -7.513091e-01   2.423991e-02   6.946924e+00   2.134727e-01
    68  -1.954516e+00  -1.971964e+00   5.388813e-03   3.187381e+03   2.132292e-01   4.261895e-01  -2.274946e+00  -2.313848e+00   3.097518e-03   1.879539e+04   2.372063e-01  -6.978734e-01  -7.154569e-01   2.787766e-02   6.162916e+00   2.095198e-01
    69  -1.918890e+00  -1.936338e+00   5.729330e-03   2.667039e+03   2.105474e-01   4.273837e-01  -2.191887e+00  -2.231434e+00   3.557342e-03   1.189312e+04   2.293677e-01  -6.618536e-01  -6.794902e-01   3.201608e-02   5.451901e+00   2.055481e-01
    70  -1.883264e+00  -1.900712e+00   6.093525e-03   2.233020e+03   2.079839e-01   4.287354e-01  -2.108587e+00  -2.148243e+00   4.079169e-03   7.575369e+03   2.210638e-01  -6.257323e-01  -6.434175e-01   3.671252e-02   4.808860e+00   2.015472e-01
    71  -1.847637e+00  -1.865085e+00   6.484347e-03   1.873122e+03   2.055877e-01   4.299645e-01  -2.026004e+00  -2.065335e+00   4.669785e-03   4.877629e+03   2.126884e-01  -5.895198e-01  -6.072487e-01   4.202806e-02   4.228834e+00   1.975259e-01
    72  -1.812011e+00  -1.829459e+00   6.904101e-03   1.572151e+03   2.033056e-01   4.313544e-01  -1.944807e+00  -1.983511e+00   5.336336e-03   3.181410e+03   2.045766e-01  -5.532285e-01  -5.709952e-01   4.802703e-02   3.707180e+00   1.934788e-01
    73  -1.776385e+00  -1.793833e+00   7.354681e-03   1.321373e+03   2.012215e-01   4.325247e-01  -1.865411e+00  -1.903297e+00   6.086254e-03   2.103269e+03   1.969616e-01  -5.168727e-01  -5.346703e-01   5.477629e-02   3.239499e+00   1.893963e-01
    74  -1.740759e+00  -1.758206e+00   7.840378e-03   1.111467e+03   1.992618e-01   4.337655e-01  -1.788034e+00  -1.825001e+00   6.927149e-03   1.409035e+03   1.899707e-01  -4.804691e-01  -4.982896e-01   6.234434e-02   2.821585e+00   1.852693e-01
    75  -1.705132e+00  -1.722580e+00   8.362165e-03   9.359038e+02   1.974962e-01   4.347625e-01  -1.712769e+00  -1.748773e+00   7.866679e-03   9.559263e+02   1.836438e-01  -4.440362e-01  -4.618707e-01   7.080011e-02   2.449378e+00   1.811015e-01
    76  -1.669506e+00  -1.686954e+00   8.926131e-03   7.887813e+02   1.958687e-01   4.357020e-01  -1.639637e+00  -1.674665e+00   8.912390e-03   6.562807e+02   1.779578e-01  -4.075944e-01  -4.254332e-01   8.021151e-02   2.119037e+00   1.768887e-01
    77  -1.633880e+00  -1.651328e+00   9.532948e-03   6.654210e+02   1.944192e-01   4.363786e-01  -1.568624e+00  -1.602681e+00   1.007152e-02   4.556440e+02   1.728471e-01  -3.711668e-01  -3.889988e-01   9.064369e-02   1.826946e+00   1.726225e-01
    78  -1.598253e+00  -1.615701e+00   1.019005e-02   5.618912e+02   1.931089e-01   4.368871e-01  -1.499702e+00  -1.532797e+00   1.135078e-02   3.197267e+02   1.682193e-01  -3.347793e-01  -3.525921e-01   1.021570e-01   1.569677e+00   1.682946e-01
    79  -1.562627e+00  -1.580075e+00   1.089866e-02   4.749182e+02   1.919539e-01   4.371058e-01  -1.432837e+00  -1.464984e+00   1.275612e-02   2.266329e+02   1.639665e-01  -2.984600e-01  -3.162401e-01   1.148050e-01   1.343968e+00   1.639049e-01
    80  -1.527001e+00  -1.544449e+00   1.166705e-02   4.018163e+02   1.909232e-01   4.370824e-01  -1.367995e+00  -1.399207e+00   1.429243e-02   1.621924e+02   1.599766e-01  -2.622389e-01  -2.799719e-01   1.286319e-01   1.146729e+00   1.594547e-01
    81  -1.491375e+00  -1.508823e+00   1.249792e-02   3.402973e+02   1.900181e-01   4.367480e-01  -1.305133e+00  -1.335428e+00   1.596333e-02   1.171209e+02   1.561442e-01  -2.261485e-01  -2.438189e-01   1.436700e-01   9.750878e-01   1.549391e-01
    82  -1.455748e+00  -1.473196e+00   1.340000e-02   2.885156e+02   1.892088e-01   4.361329e-01  -1.244197e+00  -1.273597e+00   1.777087e-02   8.526790e+01   1.523827e-01  -1.902239e-01  -2.078149e-01   1.599378e-01   8.263543e-01   1.503545e-01
    83  -1.420122e+00  -1.437570e+00   1.437828e-02   2.448512e+02   1.884854e-01   4.352302e-01  -1.185109e+00  -1.213648e+00   1.971527e-02   6.251983e+01   1.486370e-01  -1.545016e-01  -1.719956e-01   1.774374e-01   6.980070e-01   1.457063e-01
    84  -1.384496e+00  -1.401944e+00   1.544184e-02   2.080492e+02   1.878239e-01   4.340269e-01  -1.127764e+00  -1.155491e+00   2.179475e-02   4.610249e+01   1.448907e-01  -1.190190e-01  -1.363980e-01   1.961527e-01   5.877064e-01   1.410014e-01
    85  -1.348870e+00  -1.366317e+00   1.659849e-02   1.769323e+02   1.871987e-01   4.326666e-01  -1.072028e+00  -1.099003e+00   2.400535e-02   3.413214e+01   1.411689e-01  -8.381481e-02  -1.010603e-01   2.160481e-01   4.933143e-01   1.362420e-01
    86  -1.313243e+00  -1.330691e+00   1.785804e-02   1.506605e+02   1.866011e-01   4.310352e-01  -1.017734e+00  -1.044033e+00   2.634082e-02   2.532246e+01   1.375268e-01  -4.892849e-02  -6.602145e-02   2.370673e-01   4.128672e-01   1.314351e-01
    87  -1.277617e+00  -1.295065e+00   1.923098e-02   1.283891e+02   1.859960e-01   4.294124e-01  -9.646957e-01  -9.904056e-01   2.879262e-02   1.878881e+01   1.340338e-01  -1.439791e-02  -3.132010e-02   2.591336e-01   3.445631e-01   1.265992e-01
    88  -1.241991e+00  -1.259439e+00   2.072913e-02   1.095235e+02   1.853843e-01   4.276951e-01  -9.127198e-01  -9.379307e-01   3.134998e-02   1.391773e+01   1.307545e-01   1.973923e-02   3.005985e-03   2.821498e-01   2.867969e-01   1.217427e-01
    89  -1.206364e+00  -1.223812e+00   2.236430e-02   9.350695e+01   1.847509e-01   4.260551e-01  -8.616207e-01  -8.864192e-01   3.400006e-02   1.027751e+01   1.277256e-01   5.344688e-02   3.692000e-02   3.060005e-01   2.381207e-01   1.168808e-01
    90  -1.170738e+00  -1.188186e+00   2.415112e-02   7.986441e+01   1.840893e-01   4.246389e-01  -8.112381e-01  -8.356992e-01   3.672816e-02   7.558985e+00   1.249483e-01   8.669200e-02   7.038747e-02   3.305535e-01   1.972413e-01   1.120345e-01
    91  -1.135112e+00  -1.152560e+00   2.610500e-02   6.827149e+01   1.834125e-01   4.233314e-01  -7.614460e-01  -7.856289e-01   3.951809e-02   5.534829e+00   1.223858e-01   1.194434e-01   1.033764e-01   3.556628e-01   1.630273e-01   1.072162e-01
    92  -1.099486e+00  -1.116934e+00   2.823848e-02   5.833904e+01   1.827274e-01   4.224881e-01  -7.121546e-01  -7.361014e-01   4.235249e-02   4.034398e+00   1.199819e-01   1.516747e-01   1.358580e-01   3.811724e-01   1.344734e-01   1.024508e-01
    93  -1.063859e+00  -1.081307e+00   3.057396e-02   4.986123e+01   1.820538e-01   4.218409e-01  -6.633007e-01  -6.870411e-01   4.521329e-02   2.927498e+00   1.176811e-01   1.833622e-01   1.678074e-01   4.069196e-01   1.107144e-01   9.775298e-02
    94  -1.028233e+00  -1.045681e+00   3.312457e-02   4.262278e+01   1.813887e-01   4.214517e-01  -6.148313e-01  -6.383902e-01   4.808216e-02   2.114459e+00   1.154444e-01   2.144871e-01   1.992034e-01   4.327394e-01   9.099537e-02   9.314300e-02
    95  -9.926068e-01  -1.010055e+00   3.590832e-02   3.638783e+01   1.807979e-01   4.212064e-01  -5.666934e-01  -5.900957e-01   5.094094e-02   1.519728e+00   1.132552e-01   2.450346e-01   2.300294e-01   4.584685e-01   7.466978e-02   8.863687e-02
    96  -9.569806e-01  -9.744285e-01   3.895364e-02   3.106182e+01   1.802435e-01   4.209448e-01  -5.188220e-01  -5.420984e-01   5.377208e-02   1.086341e+00   1.111085e-01   2.749941e-01   2.602727e-01   4.839488e-01   6.118364e-02   8.425031e-02
    97  -9.213543e-01  -9.388022e-01   4.227264e-02   2.650934e+01   1.797183e-01   4.206090e-01  -4.711348e-01  -4.943242e-01   5.655903e-02   7.717631e-01   1.090061e-01   3.043597e-01   2.899251e-01   5.090312e-01   5.006576e-02   7.999721e-02
    98  -8.857280e-01  -9.031759e-01   4.588658e-02   2.258941e+01   1.792937e-01   4.197895e-01  -4.235346e-01  -4.466829e-01   5.928652e-02   5.444889e-01   1.069534e-01   3.331292e-01   3.189827e-01   5.335787e-01   4.091768e-02   7.588842e-02
    99  -8.501018e-01  -8.675497e-01   4.983329e-02   1.924713e+01   1.788696e-01   4.185950e-01  -3.759046e-01  -3.990670e-01   6.194091e-02   3.811274e-01   1.049551e-01   3.613047e-01   3.474454e-01   5.574682e-01   3.340295e-02   7.193394e-02
   100  -8.144755e-01  -8.319234e-01   5.413578e-02   1.639798e+01   1.784212e-01   4.169688e-01  -3.281051e-01  -3.513475e-01   6.451030e-02   2.643835e-01   1.030174e-01   3.888914e-01   3.753170e-01   5.805927e-01   2.723992e-02   6.813978e-02
   101  -7.788492e-01  -7.962971e-01   5.880426e-02   1.395953e+01   1.779675e-01   4.147020e-01  -2.799763e-01  -3.033743e-01   6.698469e-02   1.815391e-01   1.011493e-01   4.158984e-01   4.026048e-01   6.028622e-01   2.219228e-02   6.451169e-02
   102  -7.432229e-01  -7.606709e-01   6.389734e-02   1.188273e+01   1.774304e-01   4.119806e-01  -2.313381e-01  -2.549766e-01   6.935597e-02   1.232314e-01   9.935873e-02   4.423374e-01   4.293191e-01   6.242038e-01   1.806385e-02   6.105115e-02
   103  -7.075967e-01  -7.250446e-01   6.945347e-02   1.011656e+01   1.767692e-01   4.088883e-01  -1.819833e-01  -2.059599e-01   7.161799e-02   8.257164e-02   9.765840e-02   4.682228e-01   4.554729e-01   6.445619e-01   1.469089e-02   5.776019e-02
   104  -6.719704e-01  -6.894183e-01   7.548718e-02   8.612887e+00   1.759656e-01   4.054308e-01  -1.316889e-01  -1.561084e-01   7.376638e-02   5.453866e-02   9.606243e-02   4.935711e-01   4.810818e-01   6.638974e-01   1.193840e-02   5.463644e-02
   105  -6.363441e-01  -6.537920e-01   8.205252e-02   7.329464e+00   1.750150e-01   4.016554e-01  -8.022433e-02  -1.051947e-01   7.579851e-02   3.546601e-02   9.458032e-02   5.184010e-01   5.061635e-01   6.821866e-01   9.694185e-03   5.167900e-02
   106  -6.007178e-01  -6.181658e-01   8.921021e-02   6.237457e+00   1.738723e-01   3.975934e-01  -2.736381e-02  -5.299032e-02   7.771330e-02   2.268539e-02   9.321993e-02   5.427326e-01   5.307372e-01   6.994197e-01   7.866239e-03   4.888282e-02
   107  -5.650916e-01  -5.825395e-01   9.701057e-02   5.307393e+00   1.725295e-01   3.932276e-01   2.705030e-02   6.949055e-04   7.951106e-02   1.427982e-02   9.195152e-02   5.665874e-01   5.548237e-01   7.155996e-01   6.378420e-03   4.624449e-02
   108  -5.294653e-01  -5.469132e-01   1.054668e-01   4.513682e+00   1.709882e-01   3.885199e-01   8.305572e-02   5.595518e-02   8.119333e-02   8.863068e-03   9.070706e-02   5.899878e-01   5.784452e-01   7.307399e-01   5.168467e-03   4.375778e-02
   109  -4.938390e-01  -5.112870e-01   1.146650e-01   3.835681e+00   1.692441e-01   3.833924e-01   1.404545e-01   1.127027e-01   8.276263e-02   5.451062e-03   8.932267e-02   6.129571e-01   6.016243e-01   7.448636e-01   4.185152e-03   4.141707e-02
   110  -4.582128e-01  -4.756607e-01   1.246683e-01   3.257345e+00   1.672777e-01   3.777817e-01   1.986927e-01   1.705491e-01   8.422234e-02   3.351193e-03   8.751411e-02   6.355193e-01   6.243847e-01   7.580011e-01   3.386579e-03   3.921590e-02
   111  -4.225865e-01  -4.400344e-01   1.355352e-01   2.763729e+00   1.650894e-01   3.716327e-01   2.568535e-01   2.287460e-01   8.557652e-02   2.082538e-03   8.493886e-02   6.576982e-01   6.467503e-01   7.701887e-01   2.738490e-03   3.714722e-02
   112  -3.869602e-01  -4.044081e-01   1.472781e-01   2.341904e+00   1.626863e-01   3.648460e-01   3.138161e-01   2.862680e-01   8.682971e-02   1.322541e-03   8.135121e-02   6.795183e-01   6.687453e-01   7.814674e-01   2.212839e-03   3.520467e-02
   113  -3.513339e-01  -3.687819e-01   1.599967e-01   1.981457e+00   1.600665e-01   3.572840e-01   3.685622e-01   3.420512e-01   8.798682e-02   8.642810e-04   7.677989e-02   7.010039e-01   6.903940e-01   7.918814e-01   1.786794e-03   3.338092e-02
   114  -3.157077e-01  -3.331556e-01   1.737532e-01   1.673905e+00   1.572187e-01   3.488628e-01   4.204286e-01   3.952692e-01   8.905301e-02   5.820023e-04   7.153175e-02   7.221790e-01   7.117205e-01   8.014771e-01   1.441695e-03   3.166925e-02
   115  -2.800814e-01  -2.975293e-01   1.886034e-01   1.411550e+00   1.541486e-01   3.394988e-01   4.691577e-01   4.454762e-01   9.003354e-02   4.027456e-04   6.601782e-02   7.430674e-01   7.327488e-01   8.103019e-01   1.162350e-03   3.006296e-02
   116  -2.444551e-01  -2.619031e-01   2.045426e-01   1.187725e+00   1.508681e-01   3.290132e-01   5.147965e-01   4.925763e-01   9.093373e-02   2.851375e-04   6.058466e-02   7.636925e-01   7.535024e-01   8.184036e-01   9.363909e-04   2.855525e-02
   117  -2.088289e-01  -2.262768e-01   2.216738e-01   9.970235e-01   1.473765e-01   3.172251e-01   5.575588e-01   5.367038e-01   9.175884e-02   2.056471e-04   5.545120e-02   7.840771e-01   7.740044e-01   8.258295e-01   7.537399e-04   2.713990e-02
   118  -1.732026e-01  -1.906505e-01   2.400383e-01   8.348429e-01   1.436728e-01   3.040713e-01   5.977247e-01   5.781059e-01   9.251402e-02   1.505433e-04   5.072065e-02   8.042434e-01   7.942773e-01   8.326262e-01   6.062073e-04   2.581073e-02
   119  -1.375763e-01  -1.550242e-01   2.596424e-01   6.970937e-01   1.397683e-01   2.894602e-01   6.355862e-01   6.170679e-01   9.320429e-02   1.115320e-04   4.642433e-02   8.242128e-01   8.143429e-01   8.388386e-01   4.871345e-04   2.456178e-02
   120  -1.019500e-01  -1.193980e-01   2.804932e-01   5.802229e-01   1.356795e-01   2.730040e-01   6.714204e-01   6.538728e-01   9.383445e-02   8.342974e-05   4.255435e-02   8.440061e-01   8.342222e-01   8.445100e-01   3.911070e-04   2.338753e-02
   121  -6.632377e-02  -8.377169e-02   3.026401e-01   4.813553e-01   1.314057e-01   2.547839e-01   7.054718e-01   6.887797e-01   9.440910e-02   6.290982e-05   3.908032e-02   8.636430e-01   8.539355e-01   8.496819e-01   3.137295e-04   2.228271e-02
   122  -3.069750e-02  -4.814542e-02   3.260638e-01   3.978982e-01   1.269628e-01   2.347821e-01   7.379573e-01   7.220182e-01   9.493262e-02   4.774925e-05   3.596564e-02   8.831424e-01   8.735021e-01   8.543935e-01   2.514343e-04   2.124227e-02
   123   4.928773e-03  -1.251915e-02   3.506985e-01   3.276184e-01   1.223696e-01   2.127745e-01   7.690657e-01   7.537900e-01   9.540910e-02   3.644031e-05   3.317291e-02   9.025223e-01   8.929404e-01   8.586819e-01   2.013261e-04   2.026154e-02
   124   4.055505e-02   2.310712e-02   3.765628e-01   2.686286e-01   1.176371e-01   1.890068e-01   7.989605e-01   7.842703e-01   9.584241e-02   2.793725e-05   3.066496e-02   9.217997e-01   9.122680e-01   8.625817e-01   1.610570e-04   1.933620e-02
   125   7.618132e-02   5.873339e-02   4.035700e-01   2.192662e-01   1.127886e-01   1.635085e-01   8.277843e-01   8.136115e-01   9.623618e-02   2.149985e-05   2.840948e-02   9.409906e-01   9.315012e-01   8.661256e-01   1.287255e-04   1.846216e-02
   126   1.118076e-01   9.435966e-02   4.316190e-01   1.781197e-01   1.078409e-01   1.367932e-01   8.556612e-01   8.419464e-01   9.659376e-02   1.659861e-05   2.637626e-02   9.601100e-01   9.506555e-01   8.693438e-01   1.027914e-04   1.763562e-02
   127   1.474339e-01   1.299859e-01   4.606504e-01   1.439504e-01   1.028210e-01   1.092541e-01   8.826994e-01   8.693907e-01   9.691827e-02   1.284893e-05   2.453931e-02   9.791718e-01   9.697455e-01   8.722644e-01   8.200855e-05   1.685311e-02
   128   1.830601e-01   1.656122e-01   4.904941e-01   1.156965e-01   9.775469e-02   8.087961e-02   9.089951e-01   8.960463e-01   9.721261e-02   9.968096e-06   2.287577e-02   9.981891e-01   9.887846e-01   8.749135e-01   6.536958e-05   1.611145e-02
   129   2.186864e-01   2.012385e-01   5.208743e-01   9.242291e-02   9.264977e-02   5.396609e-02   9.346318e-01   9.220026e-01   9.747945e-02   7.747533e-06   2.136508e-02   1.017174e+00   1.007785e+00   8.773151e-01   5.206097e-05   1.540768e-02
   130   2.543127e-01   2.368648e-01   5.517295e-01   7.333591e-02   8.754058e-02   2.686000e-02   9.596840e-01   9.473385e-01   9.772124e-02   6.030708e-06   1.998996e-02   1.036137e+00   1.026759e+00   8.794912e-01   4.142620e-05   1.473911e-02
   131   2.899389e-01   2.724910e-01   5.828576e-01   5.780551e-02   8.246408e-02   2.406290e-03   9.842179e-01   9.721241e-01   9.794025e-02   4.700059e-06   1.873490e-02   1.055090e+00   1.045717e+00   8.814623e-01   3.293601e-05   1.410326e-02
   132   3.255652e-01   3.081173e-01   6.140891e-01   4.524387e-02   7.745220e-02  -1.957972e-02   1.008292e+00   9.964217e-01   9.813854e-02   3.666727e-06   1.758630e-02   1.074040e+00   1.064669e+00   8.832469e-01   2.616417e-05   1.349792e-02
   133   3.611915e-01   3.437436e-01   6.452003e-01   3.514971e-02   7.253764e-02  -4.038304e-02   1.031958e+00   1.020286e+00   9.831802e-02   2.862871e-06   1.653253e-02   1.092998e+00   1.083623e+00   8.848622e-01   2.076780e-05   1.292104e-02
   134   3.968178e-01   3.793698e-01   6.756080e-01   2.707827e-02   6.772067e-02  -5.616346e-02   1.055264e+00   1.043767e+00   9.848042e-02   2.236645e-06   1.556329e-02   1.111970e+00   1.102587e+00   8.863237e-01   1.647138e-05   1.237078e-02
   135   4.324440e-01   4.149961e-01   7.054246e-01   2.067511e-02   6.303941e-02  -7.022371e-02   1.078250e+00   1.066909e+00   9.862732e-02   1.748247e-06   1.466949e-02   1.130963e+00   1.121570e+00   8.876458e-01   1.305368e-05   1.184543e-02
   136   4.680703e-01   4.506224e-01   7.344516e-01   1.565278e-02   5.853139e-02  -8.220789e-02   1.100955e+00   1.089751e+00   9.876016e-02   1.367009e-06   1.384323e-02   1.149984e+00   1.140578e+00   8.888415e-01   1.033732e-05   1.134347e-02
   137   5.036966e-01   4.862487e-01   7.620096e-01   1.173580e-02   5.419880e-02  -9.113671e-02   1.123411e+00   1.112328e+00   9.888027e-02   1.069193e-06   1.307762e-02   1.169039e+00   1.159616e+00   8.899225e-01   8.180178e-06   1.086352e-02
   138   5.393229e-01   5.218749e-01   7.883848e-01   8.711418e-03   5.006443e-02  -9.793701e-02   1.145648e+00   1.134672e+00   9.898885e-02   8.364104e-07   1.236659e-02   1.188132e+00   1.178690e+00   8.908996e-01   6.468525e-06   1.040431e-02
   139   5.749491e-01   5.575012e-01   8.130584e-01   6.403966e-03   4.614968e-02  -1.031769e-01   1.167693e+00   1.156811e+00   9.908698e-02   6.543793e-07   1.170478e-02   1.207269e+00   1.197806e+00   8.917828e-01   5.111442e-06   9.964684e-03
   140   6.105754e-01   5.931275e-01   8.361343e-01   4.655867e-03   4.245488e-02  -1.070213e-01   1.189571e+00   1.178770e+00   9.917565e-02   5.119890e-07   1.108748e-02   1.226452e+00   1.216966e+00   8.925808e-01   4.036318e-06   9.543598e-03
   141   6.462017e-01   6.287537e-01   8.572375e-01   3.350642e-03   3.899587e-02  -1.094222e-01   1.211302e+00   1.200572e+00   9.925576e-02   4.005826e-07   1.051055e-02   1.245686e+00   1.236175e+00   8.933019e-01   3.185216e-06   9.140087e-03
   142   6.818279e-01   6.643800e-01   8.765900e-01   2.385082e-03   3.577137e-02  -1.105890e-01   1.232906e+00   1.222238e+00   9.932813e-02   3.134050e-07   9.970344e-03   1.264973e+00   1.255437e+00   8.939532e-01   2.511955e-06   8.753274e-03
   143   7.174542e-01   7.000063e-01   8.939279e-01   1.679375e-03   3.278260e-02  -1.105878e-01   1.254400e+00   1.243786e+00   9.939350e-02   2.451808e-07   9.463653e-03   1.284317e+00   1.274753e+00   8.945415e-01   1.979758e-06   8.382350e-03
   144   7.530805e-01   7.356326e-01   9.093890e-01   1.170483e-03   3.002655e-02  -1.094886e-01   1.275800e+00   1.265232e+00   9.945254e-02   1.917881e-07   8.987620e-03   1.303719e+00   1.294126e+00   8.950729e-01   1.559365e-06   8.026574e-03
   145   7.887068e-01   7.712588e-01   9.230785e-01   8.072561e-04   2.749532e-02  -1.073844e-01   1.297119e+00   1.286590e+00   9.950586e-02   1.500034e-07   8.539713e-03   1.323180e+00   1.313558e+00   8.955527e-01   1.227513e-06   7.685260e-03
   146   8.243330e-01   8.068851e-01   9.350618e-01   5.512113e-04   2.517999e-02  -1.043148e-01   1.318370e+00   1.307874e+00   9.955400e-02   1.173052e-07   8.117684e-03   1.342703e+00   1.333052e+00   8.959860e-01   9.657304e-07   7.357775e-03
   147   8.599593e-01   8.425114e-01   9.453546e-01   3.729937e-04   2.306787e-02  -1.003563e-01   1.339563e+00   1.329096e+00   9.959747e-02   9.171979e-08   7.719529e-03   1.362289e+00   1.352607e+00   8.963772e-01   7.593551e-07   7.043530e-03
   148   8.955856e-01   8.781376e-01   9.542069e-01   2.502766e-04   2.114475e-02  -9.559321e-02   1.360710e+00   1.350265e+00   9.963672e-02   7.170251e-08   7.343462e-03   1.381937e+00   1.372224e+00   8.967304e-01   5.967629e-07   6.741981e-03
   149   9.312118e-01   9.137639e-01   9.617618e-01   1.666671e-04   1.939601e-02  -9.021305e-02   1.381817e+00   1.371392e+00   9.967214e-02   5.604385e-08   6.987886e-03   1.401650e+00   1.391905e+00   8.970493e-01   4.687435e-07   6.452617e-03
   150   9.668381e-01   9.493902e-01   9.681586e-01   1.102380e-04   1.780663e-02  -8.433719e-02   1.402894e+00   1.392483e+00   9.970413e-02   4.379676e-08   6.651369e-03   1.421425e+00   1.411650e+00   8.973371e-01   3.680057e-07   6.174964e-03
   151   1.002464e+00   9.850165e-01   9.735442e-01   7.249017e-05   1.636136e-02  -7.818012e-02   1.423946e+00   1.413548e+00   9.973300e-02   3.421970e-08   6.332622e-03   1.441264e+00   1.431458e+00   8.975970e-01   2.887816e-07   5.908577e-03
   152   1.038091e+00   1.020643e+00   9.780548e-01   4.744505e-05   1.504554e-02  -7.185180e-02   1.444981e+00   1.434591e+00   9.975905e-02   2.673202e-08   6.030489e-03   1.461166e+00   1.451329e+00   8.978315e-01   2.265116e-07   5.653039e-03
   153   1.073717e+00   1.056269e+00   9.818147e-01   3.093217e-05   1.384592e-02  -6.563123e-02   1.466001e+00   1.455618e+00   9.978257e-02   2.087907e-08   5.743923e-03   1.481130e+00   1.471263e+00   8.980432e-01   1.775943e-07   5.407961e-03
   154   1.109343e+00   1.091895e+00   9.849263e-01   2.010618e-05   1.275050e-02  -5.952533e-02   1.487013e+00   1.476634e+00   9.980380e-02   1.630490e-08   5.471976e-03   1.501154e+00   1.491258e+00   8.982342e-01   1.391866e-07   5.172974e-03
   155   1.144969e+00   1.127522e+00   9.875116e-01   1.303887e-05   1.174864e-02  -5.374311e-02   1.508020e+00   1.497643e+00   9.982296e-02   1.273089e-08   5.213792e-03   1.521238e+00   1.511312e+00   8.984066e-01   1.090459e-07   4.947737e-03
   156   1.180596e+00   1.163148e+00   9.896531e-01   8.441852e-06   1.083088e-02  -4.829268e-02   1.529023e+00   1.518648e+00   9.984025e-02   9.938951e-09   4.968594e-03   1.541378e+00   1.531425e+00   8.985622e-01   8.540448e-08   4.731926e-03
   157   1.216222e+00   1.198774e+00   9.914274e-01   5.459574e-06   9.988937e-03  -4.322416e-02   1.550026e+00   1.539652e+00   9.985585e-02   7.758423e-09   4.735675e-03   1.561573e+00   1.551593e+00   8.987027e-01   6.686955e-08   4.525240e-03
   158   1.251848e+00   1.234400e+00   9.928957e-01   3.528538e-06   9.215656e-03  -3.860254e-02   1.571029e+00   1.560655e+00   9.986993e-02   6.055776e-09   4.514396e-03   1.581819e+00   1.571814e+00   8.988294e-01   5.234469e-08   4.327400e-03
   159   1.287475e+00   1.270027e+00   9.941097e-01   2.280007e-06   8.504538e-03  -3.437134e-02   1.592033e+00   1.581658e+00   9.988264e-02   4.726560e-09   4.304175e-03   1.602114e+00   1.592085e+00   8.989438e-01   4.096721e-08   4.138144e-03
   160   1.323101e+00   1.305653e+00   9.951145e-01   1.473373e-06   7.849971e-03  -3.055052e-02   1.613038e+00   1.602663e+00   9.989411e-02   3.689082e-09   4.104485e-03   1.622452e+00   1.612402e+00   8.990470e-01   3.205874e-08   3.957232e-03
   161   1.358727e+00   1.341279e+00   9.959391e-01   9.524235e-07   7.247029e-03  -2.713508e-02   1.634042e+00   1.623667e+00   9.990446e-02   2.879469e-09   3.914852e-03   1.642829e+00   1.632760e+00   8.991401e-01   2.508613e-08   3.784446e-03
   162   1.394353e+00   1.376905e+00   9.966224e-01   6.160001e-07   6.691304e-03  -2.406122e-02   1.655042e+00   1.644669e+00   9.991379e-02   2.247789e-09   3.734847e-03   1.663238e+00   1.653153e+00   8.992241e-01   1.963066e-08   3.619589e-03
   163   1.429980e+00   1.412532e+00   9.971896e-01   3.986854e-07   6.178905e-03  -2.131072e-02   1.676035e+00   1.665665e+00   9.992222e-02   1.755018e-09   3.564087e-03   1.683673e+00   1.673576e+00   8.993000e-01   1.536360e-08   3.462485e-03
   164   1.465606e+00   1.448158e+00   9.976607e-01   2.582562e-07   5.706388e-03  -1.887485e-02   1.697016e+00   1.686652e+00   9.992982e-02   1.370666e-09   3.402233e-03   1.704126e+00   1.694020e+00   8.993684e-01   1.202704e-08   3.312983e-03
   165   1.501232e+00   1.483784e+00   9.980517e-01   1.674473e-07   5.270605e-03  -1.669153e-02   1.717979e+00   1.707624e+00   9.993668e-02   1.070915e-09   3.248988e-03   1.724586e+00   1.714476e+00   8.994301e-01   9.418728e-09   3.170959e-03
   166   1.536858e+00   1.519411e+00   9.983734e-01   1.086771e-07   4.868768e-03  -1.473145e-02   1.738916e+00   1.728574e+00   9.994287e-02   8.371646e-10   3.104097e-03   1.745041e+00   1.734934e+00   8.994858e-01   7.380138e-09   3.036313e-03
   167   1.572485e+00   1.555037e+00   9.986418e-01   7.060860e-08   4.498399e-03  -1.299428e-02   1.759816e+00   1.749491e+00   9.994845e-02   6.548923e-10   2.967345e-03   1.765479e+00   1.755380e+00   8.995361e-01   5.787078e-09   2.908975e-03
   168   1.608111e+00   1.590663e+00   9.988656e-01   4.592777e-08   4.157277e-03  -1.142277e-02   1.780666e+00   1.770366e+00   9.995349e-02   5.127628e-10   2.838561e-03   1.785882e+00   1.775800e+00   8.995814e-01   4.542296e-09   2.788907e-03
   169   1.643737e+00   1.626289e+00   9.990526e-01   2.991160e-08   3.843511e-03  -9.962130e-03   1.801452e+00   1.791183e+00   9.995804e-02   4.019302e-10   2.717613e-03   1.806232e+00   1.796176e+00   8.996223e-01   3.569674e-09   2.676101e-03
   170   1.679364e+00   1.661916e+00   9.992074e-01   1.950551e-08   3.555341e-03  -8.615546e-03   1.822156e+00   1.811927e+00   9.996214e-02   3.154932e-10   2.604413e-03   1.826506e+00   1.816487e+00   8.996593e-01   2.809662e-09   2.570586e-03
   171   1.714990e+00   1.697542e+00   9.993369e-01   1.273716e-08   3.291275e-03  -7.354506e-03   1.842754e+00   1.832577e+00   9.996584e-02   2.480690e-10   2.498915e-03   1.846678e+00   1.836709e+00   8.996926e-01   2.215685e-09   2.472424e-03
   172   1.750616e+00   1.733168e+00   9.994455e-01   8.330357e-09   3.050164e-03  -6.086571e-03   1.863223e+00   1.853109e+00   9.996918e-02   1.954602e-10   2.401116e-03   1.866719e+00   1.856814e+00   8.997226e-01   1.751340e-09   2.381716e-03
   173   1.786242e+00   1.768794e+00   9.995369e-01   5.458146e-09   2.831304e-03  -4.707873e-03   1.883532e+00   1.873496e+00   9.997219e-02   1.543942e-10   2.311054e-03   1.886593e+00   1.876770e+00   8.997498e-01   1.388176e-09   2.298597e-03
   174   1.821869e+00   1.804421e+00   9.996129e-01   3.583474e-09   2.633917e-03  -3.297773e-03   1.903647e+00   1.893706e+00   9.997491e-02   1.223203e-10   2.228808e-03   1.906263e+00   1.896540e+00   8.997742e-01   1.103973e-09   2.223238e-03
   175   1.857495e+00   1.840047e+00   9.996770e-01   2.358300e-09   2.457683e-03  -1.687096e-03   1.923530e+00   1.913702e+00   9.997737e-02   9.725091e-11   2.154498e-03   1.925685e+00   1.916083e+00   8.997963e-01   8.813788e-10   2.155839e-03
   176   1.893121e+00   1.875673e+00   9.997314e-01   1.556583e-09   2.302987e-03   3.246173e-04   1.943136e+00   1.933443e+00   9.997958e-02   7.763600e-11   2.088313e-03   1.944812e+00   1.935354e+00   8.998162e-01   7.068474e-10   2.096633e-03
   177   1.928747e+00   1.911300e+00   9.997774e-01   1.031287e-09   2.171286e-03   2.944716e-03   1.962422e+00   1.952886e+00   9.998158e-02   6.225970e-11   2.030769e-03   1.963594e+00   1.954304e+00   8.998342e-01   5.697880e-10   2.045949e-03
   178   1.964374e+00   1.946926e+00   9.998166e-01   6.862908e-10   2.063857e-03   6.066203e-03   1.981360e+00   1.971994e+00   9.998338e-02   5.013133e-11   1.984324e-03   1.981985e+00   1.972887e+00   8.998504e-01   4.617399e-10   2.005032e-03
   179   2.000000e+00   1.982552e+00   9.998500e-01   4.578506e-10   1.990135e-03   8.220742e-03   2.000000e+00   1.990780e+00   9.998500e-02   4.036191e-11   1.958461e-03   2.000000e+00   1.991086e+00   8.998650e-01   3.750618e-10   1.981170e-03
