     i          log_r       log_rmid          m_tot        rho_tot         v2_tot            eta     lgr[heavy]    lgrm[heavy]       m[heavy]     rho[heavy]      v2[heavy]     lgr[light]    lgrm[light]       m[light]     rho[light]      v2[light]
     0  -4.413675e+00  -4.714705e+00   1.041434e-07   5.279895e+06   1.810438e-01            nan  -4.413675e+00  -4.714705e+00   9.998500e-08   5.224935e+06   1.791537e-01  -3.070026e+00  -3.371056e+00   8.998650e-07   4.379018e+03   3.576460e-01
     1  -4.377844e+00  -4.395390e+00   1.326348e-07   5.212462e+06   1.801966e-01            nan  -4.391166e+00  -4.402275e+00   1.166721e-07   5.183702e+06   1.791514e-01  -3.031457e+00  -3.050314e+00   1.050049e-06   2.393943e+03   3.569121e-01
     2  -4.342014e+00  -4.359560e+00   1.689931e-07   5.202966e+06   1.801294e-01            nan  -4.368664e+00  -4.379769e+00   1.361439e-07   5.179235e+06   1.791512e-01  -2.993327e+00  -3.011974e+00   1.225295e-06   2.168142e+03   3.567699e-01
     3  -4.306183e+00  -4.323729e+00   2.153903e-07   5.192228e+06   1.800665e-01            nan  -4.346164e+00  -4.357268e+00   1.588651e-07   5.174303e+06   1.791509e-01  -2.955445e+00  -2.973973e+00   1.429786e-06   1.958576e+03   3.566027e-01
     4  -4.270353e+00  -4.287898e+00   2.745912e-07   5.180192e+06   1.800078e-01            nan  -4.323666e+00  -4.334769e+00   1.853780e-07   5.168857e+06   1.791506e-01  -2.917673e+00  -2.936148e+00   1.668402e-06   1.765050e+03   3.564038e-01
     5  -4.234522e+00  -4.252068e+00   3.501194e-07   5.166382e+06   1.799529e-01            nan  -4.301166e+00  -4.312270e+00   2.163150e-07   5.162841e+06   1.791503e-01  -2.879923e+00  -2.898388e+00   1.946835e-06   1.587633e+03   3.561675e-01
     6  -4.198691e+00  -4.216237e+00   4.464440e-07   5.150656e+06   1.799017e-01            nan  -4.278662e+00  -4.289768e+00   2.524142e-07   5.156196e+06   1.791499e-01  -2.842141e+00  -2.860621e+00   2.271728e-06   1.425961e+03   3.558855e-01
     7  -4.162861e+00  -4.180407e+00   5.692649e-07   5.132635e+06   1.798538e-01            nan  -4.256152e+00  -4.267261e+00   2.945370e-07   5.148855e+06   1.791495e-01  -2.804297e+00  -2.822807e+00   2.650833e-06   1.279274e+03   3.555456e-01
     8  -4.127030e+00  -4.144576e+00   7.257851e-07   5.111752e+06   1.798091e-01            nan  -4.233634e+00  -4.244747e+00   3.436881e-07   5.140745e+06   1.791491e-01  -2.766388e+00  -2.784929e+00   3.093193e-06   1.147106e+03   3.551393e-01
     9  -4.091200e+00  -4.108746e+00   9.251523e-07   5.087901e+06   1.797672e-01            nan  -4.211105e+00  -4.222223e+00   4.010398e-07   5.131786e+06   1.791486e-01  -2.728427e+00  -2.746993e+00   3.609358e-06   1.028549e+03   3.546532e-01
    10  -4.055369e+00  -4.072915e+00   1.178941e-06   5.059965e+06   1.797281e-01            nan  -4.188564e+00  -4.199688e+00   4.679601e-07   5.121888e+06   1.791481e-01  -2.690441e+00  -2.709019e+00   4.211641e-06   9.226049e+02   3.540721e-01
    11  -4.019538e+00  -4.037084e+00   1.501675e-06   5.027913e+06   1.796915e-01            nan  -4.166008e+00  -4.177140e+00   5.460446e-07   5.110954e+06   1.791475e-01  -2.652468e+00  -2.671040e+00   4.914402e-06   8.283890e+02   3.533864e-01
    12  -3.983708e+00  -4.001254e+00   1.911828e-06   4.990709e+06   1.796573e-01            nan  -4.143434e+00  -4.154574e+00   6.371554e-07   5.098875e+06   1.791468e-01  -2.614547e+00  -2.633094e+00   5.734398e-06   7.447379e+02   3.525752e-01
    13  -3.947877e+00  -3.965423e+00   2.432216e-06   4.947616e+06   1.796252e-01            nan  -4.120840e+00  -4.131990e+00   7.434644e-07   5.085534e+06   1.791461e-01  -2.576727e+00  -2.595226e+00   6.691180e-06   6.707302e+02   3.516343e-01
    14  -3.912047e+00  -3.929593e+00   3.091863e-06   4.898118e+06   1.795952e-01            nan  -4.098224e+00  -4.109385e+00   8.675058e-07   5.070800e+06   1.791453e-01  -2.539049e+00  -2.557480e+00   7.807552e-06   6.052723e+02   3.505411e-01
    15  -3.876216e+00  -3.893762e+00   3.926402e-06   4.840438e+06   1.795670e-01            nan  -4.075581e+00  -4.086755e+00   1.012236e-06   5.054529e+06   1.791444e-01  -2.501558e+00  -2.519899e+00   9.110122e-06   5.474552e+02   3.492973e-01
    16  -3.840386e+00  -3.857931e+00   4.980331e-06   4.774870e+06   1.795404e-01            nan  -4.052909e+00  -4.064097e+00   1.181103e-06   5.036566e+06   1.791434e-01  -2.464289e+00  -2.482524e+00   1.062993e-05   4.963582e+02   3.478844e-01
    17  -3.804555e+00  -3.822101e+00   6.308458e-06   4.698432e+06   1.795155e-01            nan  -4.030205e+00  -4.041409e+00   1.378130e-06   5.016739e+06   1.791423e-01  -2.427273e+00  -2.445387e+00   1.240317e-05   4.511623e+02   3.463090e-01
    18  -3.768724e+00  -3.786270e+00   7.977224e-06   4.612045e+06   1.794919e-01            nan  -4.007463e+00  -4.018685e+00   1.608010e-06   4.994859e+06   1.791411e-01  -2.390537e+00  -2.408517e+00   1.447209e-05   4.111296e+02   3.445640e-01
    19  -3.732894e+00  -3.750440e+00   1.006894e-05   4.512579e+06   1.794697e-01            nan  -3.984681e+00  -3.995923e+00   1.876216e-06   4.970722e+06   1.791398e-01  -2.354096e+00  -2.371934e+00   1.688595e-05   3.755864e+02   3.426577e-01
    20  -3.697063e+00  -3.714609e+00   1.267948e-05   4.400796e+06   1.794487e-01            nan  -3.961852e+00  -3.973117e+00   2.189133e-06   4.944104e+06   1.791383e-01  -2.317961e+00  -2.335653e+00   1.970220e-05   3.439459e+02   3.406021e-01
    21  -3.661233e+00  -3.678778e+00   1.592802e-05   4.273676e+06   1.794288e-01            nan  -3.938973e+00  -3.950262e+00   2.554206e-06   4.914762e+06   1.791367e-01  -2.282137e+00  -2.299680e+00   2.298786e-05   3.156969e+02   3.384030e-01
    22  -3.625402e+00  -3.642948e+00   1.994770e-05   4.132617e+06   1.794099e-01            nan  -3.916036e+00  -3.927353e+00   2.980121e-06   4.882433e+06   1.791349e-01  -2.246619e+00  -2.264015e+00   2.682109e-05   2.903678e+02   3.360956e-01
    23  -3.589571e+00  -3.607117e+00   2.490081e-05   3.974126e+06   1.793921e-01            nan  -3.893036e+00  -3.904384e+00   3.477003e-06   4.846829e+06   1.791330e-01  -2.211402e+00  -2.228654e+00   3.129303e-05   2.675967e+02   3.336804e-01
    24  -3.553741e+00  -3.571287e+00   3.096718e-05   3.801738e+06   1.793754e-01            nan  -3.869965e+00  -3.881347e+00   4.056664e-06   4.807643e+06   1.791308e-01  -2.176467e+00  -2.193583e+00   3.650997e-05   2.470020e+02   3.312143e-01
    25  -3.517910e+00  -3.535456e+00   3.834302e-05   3.610863e+06   1.793598e-01            nan  -3.846815e+00  -3.858236e+00   4.732872e-06   4.764543e+06   1.791285e-01  -2.141802e+00  -2.158789e+00   4.259585e-05   2.283343e+02   3.286955e-01
    26  -3.482080e+00  -3.499626e+00   4.726993e-05   3.406648e+06   1.793453e-01            nan  -3.823577e+00  -3.835041e+00   5.521683e-06   4.717171e+06   1.791258e-01  -2.107379e+00  -2.124249e+00   4.969515e-05   2.113052e+02   3.261832e-01
    27  -3.446249e+00  -3.463795e+00   5.794755e-05   3.189134e+06   1.793323e-01            nan  -3.800241e+00  -3.811752e+00   6.441814e-06   4.665149e+06   1.791230e-01  -2.073179e+00  -2.089942e+00   5.797633e-05   1.957357e+02   3.236800e-01
    28  -3.410419e+00  -3.427964e+00   7.064218e-05   2.958414e+06   1.793210e-01            nan  -3.776796e+00  -3.788360e+00   7.515084e-06   4.608072e+06   1.791198e-01  -2.039172e+00  -2.055843e+00   6.763576e-05   1.814266e+02   3.212286e-01
    29  -3.374588e+00  -3.392134e+00   8.561549e-05   2.720600e+06   1.793116e-01            nan  -3.753229e+00  -3.764852e+00   8.766923e-06   4.545516e+06   1.791164e-01  -2.005335e+00  -2.021924e+00   7.890231e-05   1.682471e+02   3.188319e-01
    30  -3.338757e+00  -3.356303e+00   1.030947e-04   2.478717e+06   1.793044e-01            nan  -3.729525e+00  -3.741215e+00   1.022697e-05   4.477032e+06   1.791126e-01  -1.971639e+00  -1.988160e+00   9.204273e-05   1.560641e+02   3.165112e-01
    31  -3.302927e+00  -3.320473e+00   1.232056e-04   2.234167e+06   1.793003e-01            nan  -3.705670e+00  -3.717434e+00   1.192976e-05   4.402159e+06   1.791085e-01  -1.938062e+00  -1.954526e+00   1.073678e-04   1.447861e+02   3.142586e-01
    32  -3.267096e+00  -3.284642e+00   1.461947e-04   1.992259e+06   1.792997e-01            nan  -3.681645e+00  -3.693492e+00   1.391553e-05   4.320419e+06   1.791040e-01  -1.904581e+00  -1.920999e+00   1.252398e-04   1.343250e+02   3.120732e-01
    33  -3.231266e+00  -3.248811e+00   1.721925e-04   1.758058e+06   1.793034e-01            nan  -3.657430e+00  -3.669369e+00   1.623115e-05   4.231329e+06   1.790990e-01  -1.871178e+00  -1.887559e+00   1.460803e-04   1.246181e+02   3.099308e-01
    34  -3.195435e+00  -3.212981e+00   2.012769e-04   1.535150e+06   1.793120e-01            nan  -3.633003e+00  -3.645045e+00   1.893121e-05   4.134406e+06   1.790936e-01  -1.837836e+00  -1.854187e+00   1.703808e-04   1.156032e+02   3.078157e-01
    35  -3.159604e+00  -3.177150e+00   2.334760e-04   1.326676e+06   1.793267e-01            nan  -3.608337e+00  -3.620495e+00   2.207926e-05   4.029178e+06   1.790878e-01  -1.804543e+00  -1.820871e+00   1.987134e-04   1.072341e+02   3.056943e-01
    36  -3.123774e+00  -3.141320e+00   2.687794e-04   1.135137e+06   1.793485e-01            nan  -3.583404e+00  -3.595692e+00   2.574932e-05   3.915197e+06   1.790814e-01  -1.771289e+00  -1.787598e+00   2.317439e-04   9.945980e+01   3.035529e-01
    37  -3.087943e+00  -3.105489e+00   3.071628e-04   9.622400e+05   1.793787e-01            nan  -3.558170e+00  -3.570604e+00   3.002750e-05   3.792054e+06   1.790745e-01  -1.738066e+00  -1.754360e+00   2.702475e-04   9.224107e+01   3.013625e-01
    38  -3.052113e+00  -3.069659e+00   3.486207e-04   8.088168e+05   1.794184e-01   4.984109e-01  -3.532599e+00  -3.545196e+00   3.501400e-05   3.659400e+06   1.790671e-01  -1.704865e+00  -1.721148e+00   3.151260e-04   8.553021e+01   2.991288e-01
    39  -3.016282e+00  -3.033828e+00   3.924879e-04   6.743127e+05   1.794626e-01   4.982574e-01  -3.506646e+00  -3.519428e+00   4.082538e-05   3.516968e+06   1.790590e-01  -1.671680e+00  -1.687956e+00   3.674284e-04   7.929161e+01   2.968366e-01
    40  -2.980451e+00  -2.997997e+00   4.388815e-04   5.576154e+05   1.795087e-01   4.980277e-01  -3.480264e+00  -3.493254e+00   4.759714e-05   3.364600e+06   1.790503e-01  -1.638500e+00  -1.654773e+00   4.283742e-04   7.348148e+01   2.945127e-01
    41  -2.944621e+00  -2.962167e+00   4.881277e-04   4.586870e+05   1.795624e-01   4.977477e-01  -3.453395e+00  -3.466621e+00   5.548679e-05   3.202281e+06   1.790410e-01  -1.605317e+00  -1.621592e+00   4.993811e-04   6.806841e+01   2.921554e-01
    42  -2.908790e+00  -2.926336e+00   5.402438e-04   3.757630e+05   1.796238e-01   4.974079e-01  -3.425975e+00  -3.439469e+00   6.467734e-05   3.030173e+06   1.790309e-01  -1.572120e+00  -1.588401e+00   5.820960e-04   6.301808e+01   2.897903e-01
    43  -2.872960e+00  -2.890506e+00   5.933760e-04   3.062825e+05   1.796945e-01   4.970025e-01  -3.397929e+00  -3.411726e+00   7.538125e-05   2.848655e+06   1.790202e-01  -1.538897e+00  -1.555191e+00   6.784313e-04   5.830475e+01   2.874207e-01
    44  -2.837129e+00  -2.854675e+00   6.497714e-04   2.490225e+05   1.797722e-01   4.965236e-01  -3.369171e+00  -3.383312e+00   8.784517e-05   2.658367e+06   1.790088e-01  -1.505638e+00  -1.521949e+00   7.906065e-04   5.390463e+01   2.850527e-01
    45  -2.801299e+00  -2.818844e+00   7.079926e-04   2.021661e+05   1.798590e-01   4.959464e-01  -3.339600e+00  -3.354134e+00   1.023551e-04   2.460250e+06   1.789966e-01  -1.472335e+00  -1.488668e+00   9.211963e-04   4.979811e+01   2.826834e-01
    46  -2.765468e+00  -2.783014e+00   7.683461e-04   1.638682e+05   1.799471e-01   4.952957e-01  -3.309097e+00  -3.324081e+00   1.192428e-04   2.255592e+06   1.789837e-01  -1.438982e+00  -1.455339e+00   1.073185e-03   4.597012e+01   2.802873e-01
    47  -2.729637e+00  -2.747183e+00   8.316184e-04   1.328398e+05   1.800442e-01   4.945169e-01  -3.277526e+00  -3.293025e+00   1.388921e-04   2.046060e+06   1.789701e-01  -1.405575e+00  -1.421958e+00   1.250029e-03   4.240467e+01   2.778557e-01
    48  -2.693807e+00  -2.711353e+00   8.964781e-04   1.077793e+05   1.801325e-01   4.936464e-01  -3.244725e+00  -3.260816e+00   1.617478e-04   1.833724e+06   1.789557e-01  -1.372116e+00  -1.388523e+00   1.455730e-03   3.909034e+01   2.753442e-01
    49  -2.657976e+00  -2.675522e+00   9.648896e-04   8.751063e+04   1.802279e-01   4.926204e-01  -3.210503e+00  -3.227277e+00   1.883238e-04   1.621066e+06   1.789406e-01  -1.338606e+00  -1.355038e+00   1.694914e-03   3.601321e+01   2.727325e-01
    50  -2.622146e+00  -2.639691e+00   1.035378e-03   7.126649e+04   1.802965e-01   4.915288e-01  -3.174636e+00  -3.192199e+00   2.192140e-04   1.410953e+06   1.789249e-01  -1.305052e+00  -1.321505e+00   1.972926e-03   3.316045e+01   2.699895e-01
    51  -2.586315e+00  -2.603861e+00   1.109610e-03   5.807811e+04   1.803758e-01   4.902293e-01  -3.136860e+00  -3.155338e+00   2.551039e-04   1.206581e+06   1.789085e-01  -1.271460e+00  -1.287932e+00   2.295935e-03   3.051808e+01   2.670921e-01
    52  -2.550484e+00  -2.568030e+00   1.187220e-03   4.758383e+04   1.803893e-01   4.889610e-01  -3.096866e+00  -3.116403e+00   2.967831e-04   1.011364e+06   1.788916e-01  -1.237835e+00  -1.254323e+00   2.671048e-03   2.807076e+01   2.640442e-01
    53  -2.514654e+00  -2.532200e+00   1.268690e-03   3.899203e+04   1.804258e-01   4.873979e-01  -3.054290e+00  -3.075056e+00   3.451610e-04   8.287731e+05   1.788740e-01  -1.204182e+00  -1.220683e+00   3.106449e-03   2.580432e+01   2.608348e-01
    54  -2.478823e+00  -2.496369e+00   1.355095e-03   3.217163e+04   1.803468e-01   4.860132e-01  -3.008717e+00  -3.030906e+00   4.012824e-04   6.621062e+05   1.788558e-01  -1.170501e+00  -1.187015e+00   3.611542e-03   2.370368e+01   2.574830e-01
    55  -2.442993e+00  -2.460539e+00   1.446011e-03   2.656537e+04   1.802803e-01   4.843331e-01  -2.959682e+00  -2.983508e+00   4.663463e-04   5.142149e+05   1.788366e-01  -1.136790e+00  -1.153319e+00   4.197117e-03   2.175479e+01   2.540067e-01
    56  -2.407162e+00  -2.424708e+00   1.543095e-03   2.205747e+04   1.800960e-01   4.828273e-01  -2.906687e+00  -2.932377e+00   5.417261e-04   3.871954e+05   1.788154e-01  -1.103045e+00  -1.119590e+00   4.875535e-03   1.994516e+01   2.504160e-01
    57  -2.371332e+00  -2.388877e+00   1.646436e-03   1.836549e+04   1.798691e-01   4.812100e-01  -2.849240e+00  -2.877014e+00   6.289911e-04   2.820977e+05   1.787894e-01  -1.069255e+00  -1.085821e+00   5.660920e-03   1.826178e+01   2.467594e-01
    58  -2.335501e+00  -2.353047e+00   1.756847e-03   1.534287e+04   1.795601e-01   4.796469e-01  -2.786934e+00  -2.816970e+00   7.299314e-04   1.987161e+05   1.787521e-01  -1.035408e+00  -1.052002e+00   6.569382e-03   1.669468e+01   2.430512e-01
    59  -2.299670e+00  -2.317216e+00   1.876078e-03   1.287707e+04   1.791246e-01   4.783087e-01  -2.719567e+00  -2.751945e+00   8.465830e-04   1.355402e+05   1.786889e-01  -1.001490e+00  -1.018118e+00   7.619247e-03   1.523495e+01   2.393097e-01
    60  -2.263840e+00  -2.281386e+00   2.003882e-03   1.082296e+04   1.786668e-01   4.768447e-01  -2.647298e+00  -2.681931e+00   9.812558e-04   8.993121e+04   1.785705e-01  -9.674827e-01  -9.841536e-01   8.831303e-03   1.387383e+01   2.355778e-01
    61  -2.228009e+00  -2.245555e+00   2.142685e-03   9.146328e+03   1.780030e-01   4.759912e-01  -2.570790e+00  -2.607361e+00   1.136562e-03   5.852689e+04   1.783425e-01  -9.333690e-01  -9.500910e-01   1.022906e-02   1.260544e+01   2.318585e-01
    62  -2.192179e+00  -2.209724e+00   2.292745e-03   7.731813e+03   1.773720e-01   4.748930e-01  -2.491243e+00  -2.529198e+00   1.315444e-03   3.778601e+04   1.779172e-01  -8.991323e-01  -9.159133e-01   1.183900e-02   1.142467e+01   2.281535e-01
    63  -2.156348e+00  -2.173894e+00   2.455952e-03   6.568854e+03   1.765032e-01   4.746782e-01  -2.410240e+00  -2.448856e+00   1.521208e-03   2.450341e+04   1.771769e-01  -8.647561e-01  -8.816041e-01   1.369088e-02   1.032645e+01   2.244872e-01
    64  -2.120517e+00  -2.138063e+00   2.633896e-03   5.582357e+03   1.756751e-01   4.743307e-01  -2.329424e+00  -2.367955e+00   1.757548e-03   1.613220e+04   1.759989e-01  -8.302273e-01  -8.471486e-01   1.581793e-02   9.307380e+00   2.208465e-01
    65  -2.084687e+00  -2.102233e+00   2.827629e-03   4.758238e+03   1.746913e-01   4.747245e-01  -2.250164e+00  -2.287989e+00   2.028572e-03   1.085707e+04   1.742987e-01  -7.955366e-01  -8.125356e-01   1.825715e-02   8.364304e+00   2.172157e-01
    66  -2.048856e+00  -2.066402e+00   3.039882e-03   4.058055e+03   1.737347e-01   4.752021e-01  -2.173361e+00  -2.210067e+00   2.338830e-03   7.487405e+03   1.720714e-01  -7.606779e-01  -7.777576e-01   2.104947e-02   7.493946e+00   2.135940e-01
    67  -2.013026e+00  -2.030572e+00   3.271434e-03   3.465697e+03   1.727168e-01   4.762035e-01  -2.099424e+00  -2.134821e+00   2.693323e-03   5.284456e+03   1.694051e-01  -7.256488e-01  -7.428102e-01   2.423991e-02   6.693248e+00   2.099711e-01
    68  -1.977195e+00  -1.994741e+00   3.525278e-03   2.961128e+03   1.717383e-01   4.773665e-01  -2.028375e+00  -2.062449e+00   3.097518e-03   3.803362e+03   1.664642e-01  -6.904514e-01  -7.076936e-01   2.787766e-02   5.959213e+00   2.063283e-01
    69  -1.941364e+00  -1.958910e+00   3.802884e-03   2.530093e+03   1.708011e-01   4.787196e-01  -1.959980e+00  -1.992833e+00   3.557342e-03   2.778748e+03   1.634507e-01  -6.550919e-01  -6.724119e-01   3.201608e-02   5.288686e+00   2.026485e-01
    70  -1.905534e+00  -1.923080e+00   4.106533e-03   2.162296e+03   1.699268e-01   4.801671e-01  -1.893870e+00  -1.925668e+00   4.079169e-03   2.051427e+03   1.605606e-01  -6.195793e-01  -6.369727e-01   3.671252e-02   4.678309e+00   1.989313e-01
    71  -1.869703e+00  -1.887249e+00   4.439167e-03   1.846169e+03   1.691896e-01   4.813648e-01  -1.829644e+00  -1.860571e+00   4.669785e-03   1.524362e+03   1.579435e-01  -5.839254e-01  -6.013866e-01   4.202806e-02   4.124637e+00   1.951705e-01
    72  -1.833873e+00  -1.851419e+00   4.801921e-03   1.576070e+03   1.685487e-01   4.824258e-01  -1.766929e+00  -1.797155e+00   5.336336e-03   1.136889e+03   1.556676e-01  -5.481449e-01  -5.656668e-01   4.802703e-02   3.624219e+00   1.913574e-01
    73  -1.798042e+00  -1.815588e+00   5.199320e-03   1.344016e+03   1.680748e-01   4.829622e-01  -1.705438e+00  -1.735096e+00   6.086254e-03   8.497209e+02   1.537001e-01  -5.122547e-01  -5.298292e-01   5.477629e-02   3.173600e+00   1.874838e-01
    74  -1.762212e+00  -1.779757e+00   5.632126e-03   1.145490e+03   1.677308e-01   4.830795e-01  -1.644984e+00  -1.674160e+00   6.927149e-03   6.361891e+02   1.519196e-01  -4.762742e-01  -4.938919e-01   6.234434e-02   2.769345e+00   1.835484e-01
    75  -1.726381e+00  -1.743927e+00   6.104959e-03   9.757406e+02   1.675198e-01   4.826994e-01  -1.585473e+00  -1.614210e+00   7.866679e-03   4.772258e+02   1.501754e-01  -4.402244e-01  -4.578753e-01   7.080011e-02   2.408024e+00   1.795548e-01
    76  -1.690550e+00  -1.708096e+00   6.620057e-03   8.304751e+02   1.674356e-01   4.818666e-01  -1.526855e+00  -1.555175e+00   8.912390e-03   3.586688e+02   1.483711e-01  -4.041287e-01  -4.218016e-01   8.021151e-02   2.086358e+00   1.754967e-01
    77  -1.654720e+00  -1.672266e+00   7.181687e-03   7.069244e+02   1.674310e-01   4.807630e-01  -1.469083e+00  -1.497009e+00   1.007152e-02   2.699167e+02   1.465123e-01  -3.680132e-01  -3.856956e-01   9.064369e-02   1.801160e+00   1.713682e-01
    78  -1.618889e+00  -1.636435e+00   7.793471e-03   6.013399e+02   1.674985e-01   4.795489e-01  -1.412087e+00  -1.439651e+00   1.135078e-02   2.031678e+02   1.446824e-01  -3.319062e-01  -3.495846e-01   1.021570e-01   1.549350e+00   1.671633e-01
    79  -1.583059e+00  -1.600604e+00   8.460645e-03   5.116566e+02   1.676105e-01   4.783457e-01  -1.355784e+00  -1.383024e+00   1.275612e-02   1.527939e+02   1.429756e-01  -2.958385e-01  -3.134980e-01   1.148050e-01   1.327949e+00   1.628873e-01
    80  -1.547228e+00  -1.564774e+00   9.186925e-03   4.353435e+02   1.677615e-01   4.772682e-01  -1.300109e+00  -1.327055e+00   1.429243e-02   1.147535e+02   1.414322e-01  -2.598426e-01  -2.774677e-01   1.286319e-01   1.134115e+00   1.585379e-01
    81  -1.511397e+00  -1.528943e+00   9.978705e-03   3.703122e+02   1.679552e-01   4.763661e-01  -1.245045e+00  -1.271705e+00   1.596333e-02   8.609618e+01   1.400045e-01  -2.239535e-01  -2.415274e-01   1.436700e-01   9.651591e-01   1.541123e-01
    82  -1.475567e+00  -1.493113e+00   1.084189e-02   3.150860e+02   1.682079e-01   4.755024e-01  -1.190641e+00  -1.216992e+00   1.777087e-02   6.459778e+01   1.385693e-01  -1.882086e-01  -2.057134e-01   1.599378e-01   8.185394e-01   1.496081e-01
    83  -1.439736e+00  -1.457282e+00   1.178058e-02   2.678920e+02   1.685484e-01   4.745795e-01  -1.136995e+00  -1.162990e+00   1.971527e-02   4.852918e+01   1.369815e-01  -1.526463e-01  -1.700636e-01   1.774374e-01   6.918522e-01   1.450335e-01
    84  -1.403906e+00  -1.421452e+00   1.280452e-02   2.277413e+02   1.689929e-01   4.733750e-01  -1.084214e+00  -1.109803e+00   2.179475e-02   3.653233e+01   1.351414e-01  -1.173061e-01  -1.346168e-01   1.961527e-01   5.828591e-01   1.403941e-01
    85  -1.368075e+00  -1.385621e+00   1.391787e-02   1.936173e+02   1.695276e-01   4.717449e-01  -1.032378e+00  -1.057523e+00   2.400535e-02   2.755712e+01   1.330283e-01  -8.222864e-02  -9.941331e-02   2.160481e-01   4.894954e-01   1.356932e-01
    86  -1.332245e+00  -1.349790e+00   1.512885e-02   1.644576e+02   1.702123e-01   4.693666e-01  -9.815137e-01  -1.006202e+00   2.634082e-02   2.081367e+01   1.306848e-01  -4.745487e-02  -6.449381e-02   2.370673e-01   4.098555e-01   1.309397e-01
    87  -1.296414e+00  -1.313960e+00   1.645023e-02   1.397596e+02   1.709583e-01   4.663787e-01  -9.315926e-01  -9.558363e-01   2.879262e-02   1.572155e+01   1.281906e-01  -1.302431e-02  -2.989847e-02   2.591336e-01   3.421871e-01   1.261513e-01
    88  -1.260583e+00  -1.278129e+00   1.788408e-02   1.187989e+02   1.717654e-01   4.626677e-01  -8.825410e-01  -9.063747e-01   3.134998e-02   1.185902e+01   1.256335e-01   2.102393e-02   4.333394e-03   2.821498e-01   2.849211e-01   1.213374e-01
    89  -1.224753e+00  -1.242299e+00   1.944750e-02   1.010167e+02   1.725759e-01   4.584948e-01  -8.342530e-01  -8.577262e-01   3.400006e-02   8.920362e+00   1.230973e-01   5.465256e-02   3.816366e-02   3.060005e-01   2.366385e-01   1.165140e-01
    90  -1.188922e+00  -1.206468e+00   2.115597e-02   8.599140e+01   1.733346e-01   4.539455e-01  -7.866037e-01  -8.097752e-01   3.672816e-02   6.682146e+00   1.206460e-01   8.782736e-02   7.155665e-02   3.305535e-01   1.960695e-01   1.117021e-01
    91  -1.153092e+00  -1.170637e+00   2.301346e-02   7.327070e+01   1.740008e-01   4.493049e-01  -7.394651e-01  -7.623952e-01   3.951809e-02   4.979499e+00   1.183211e-01   1.205161e-01   1.044792e-01   3.556628e-01   1.621001e-01   1.069148e-01
    92  -1.117261e+00  -1.134807e+00   2.504576e-02   6.249191e+01   1.745145e-01   4.449753e-01  -6.927151e-01  -7.154613e-01   4.235249e-02   3.688489e+00   1.161377e-01   1.526915e-01   1.369017e-01   3.811724e-01   1.337393e-01   1.021773e-01
    93  -1.081430e+00  -1.098976e+00   2.727244e-02   5.336033e+01   1.748939e-01   4.408053e-01  -6.462445e-01  -6.688585e-01   4.521329e-02   2.714376e+00   1.140884e-01   1.843290e-01   1.687983e-01   4.069196e-01   1.101329e-01   9.750456e-02
    94  -1.045600e+00  -1.063146e+00   2.970253e-02   4.560105e+01   1.751156e-01   4.371399e-01  -5.999611e-01  -6.224865e-01   4.808216e-02   1.983946e+00   1.121522e-01   2.154091e-01   2.001471e-01   4.327394e-01   9.053455e-02   9.291712e-02
    95  -1.009769e+00  -1.027315e+00   3.236518e-02   3.897905e+01   1.751879e-01   4.341569e-01  -5.537865e-01  -5.762604e-01   5.094094e-02   1.439943e+00   1.102991e-01   2.459163e-01   2.309305e-01   4.584685e-01   7.430443e-02   8.843131e-02
    96  -9.739387e-01  -9.914845e-01   3.528620e-02   3.333223e+01   1.751530e-01   4.315651e-01  -5.076503e-01  -5.301061e-01   5.377208e-02   1.037582e+00   1.084985e-01   2.758395e-01   2.611356e-01   4.839488e-01   6.089392e-02   8.406299e-02
    97  -9.381081e-01  -9.556539e-01   3.848249e-02   2.850959e+01   1.750162e-01   4.294056e-01  -4.614829e-01  -4.839534e-01   5.655903e-02   7.420575e-01   1.067280e-01   3.051722e-01   2.907534e-01   5.090312e-01   4.983594e-02   7.982637e-02
    98  -9.022775e-01  -9.198234e-01   4.197586e-02   2.435785e+01   1.748255e-01   4.277692e-01  -4.152088e-01  -4.377298e-01   5.928652e-02   5.265023e-01   1.049756e-01   3.339117e-01   3.197796e-01   5.335787e-01   4.073539e-02   7.573238e-02
    99  -8.664469e-01  -8.839928e-01   4.580281e-02   2.080223e+01   1.745920e-01   4.262878e-01  -3.687347e-01  -3.913504e-01   6.194091e-02   3.703315e-01   1.032404e-01   3.620599e-01   3.482138e-01   5.574682e-01   3.325833e-02   7.179130e-02
   100  -8.306163e-01  -8.481622e-01   4.999314e-02   1.775675e+01   1.743125e-01   4.248634e-01  -3.219435e-01  -3.447092e-01   6.451030e-02   2.579755e-01   1.015304e-01   3.896216e-01   3.760594e-01   5.805927e-01   2.712520e-02   6.800918e-02
   101  -7.947857e-01  -8.123316e-01   5.455782e-02   1.514477e+01   1.739923e-01   4.233296e-01  -2.746982e-01  -2.976787e-01   6.698469e-02   1.777992e-01   9.985840e-02   4.166056e-01   4.033231e-01   6.028622e-01   2.210129e-02   6.439201e-02
   102  -7.589551e-01  -7.765010e-01   5.953581e-02   1.289873e+01   1.736623e-01   4.214595e-01  -2.268354e-01  -2.501078e-01   6.935597e-02   1.210862e-01   9.823755e-02   4.430232e-01   4.300153e-01   6.242038e-01   1.799170e-02   6.094132e-02
   103  -7.231245e-01  -7.406704e-01   6.497076e-02   1.097970e+01   1.732607e-01   4.191915e-01  -1.781619e-01  -2.018171e-01   7.161799e-02   8.136536e-02   9.668441e-02   4.688888e-01   4.561485e-01   6.445619e-01   1.463369e-02   5.765930e-02
   104  -6.872940e-01  -7.048398e-01   7.090103e-02   9.341451e+00   1.727576e-01   4.164296e-01  -1.284692e-01  -1.526052e-01   7.376638e-02   5.387920e-02   9.521549e-02   4.942186e-01   4.817383e-01   6.638974e-01   1.189308e-02   5.454362e-02
   105  -6.514634e-01  -6.690093e-01   7.734960e-02   7.943850e+00   1.721233e-01   4.130899e-01  -7.753555e-02  -1.022561e-01   7.579851e-02   3.511559e-02   9.384435e-02   5.190311e-01   5.068020e-01   6.821866e-01   9.658283e-03   5.159350e-02
   106  -6.156328e-01  -6.331787e-01   8.435706e-02   6.748557e+00   1.713713e-01   4.090911e-01  -2.514453e-02  -5.055050e-02   7.771330e-02   2.250616e-02   9.257996e-02   5.433463e-01   5.313589e-01   6.994197e-01   7.837814e-03   4.880399e-02
   107  -5.798022e-01  -5.973481e-01   9.198923e-02   5.731390e+00   1.704271e-01   4.045652e-01   2.885746e-02   2.695279e-03   7.951106e-02   1.419133e-02   9.139643e-02   5.671855e-01   5.554295e-01   7.155996e-01   6.355930e-03   4.617170e-02
   108  -5.439716e-01  -5.615175e-01   1.002975e-01   4.865763e+00   1.692675e-01   3.995088e-01   8.450498e-02   5.757190e-02   8.119333e-02   8.821007e-03   9.022726e-02   5.905711e-01   5.790357e-01   7.307399e-01   5.150682e-03   4.369050e-02
   109  -5.081410e-01  -5.256869e-01   1.093339e-01   4.128954e+00   1.678742e-01   3.939180e-01   1.416012e-01   1.139907e-01   8.276263e-02   5.431410e-03   8.891218e-02   6.135263e-01   6.022004e-01   7.448636e-01   4.171101e-03   4.135480e-02
   110  -4.723104e-01  -4.898563e-01   1.191150e-01   3.500866e+00   1.662497e-01   3.878148e-01   1.995941e-01   1.715650e-01   8.422234e-02   3.341830e-03   8.716966e-02   6.360749e-01   6.249469e-01   7.580011e-01   3.375485e-03   3.915821e-02
   111  -4.364799e-01  -4.540257e-01   1.297395e-01   2.965672e+00   1.643851e-01   3.812150e-01   2.575683e-01   2.295479e-01   8.557652e-02   2.077705e-03   8.465863e-02   6.582407e-01   6.472992e-01   7.701887e-01   2.729739e-03   3.709370e-02
   112  -4.006493e-01  -4.181952e-01   1.412676e-01   2.509931e+00   1.622670e-01   3.740440e-01   3.143988e-01   2.869124e-01   8.682971e-02   1.319726e-03   8.113113e-02   6.800482e-01   6.692813e-01   7.814674e-01   2.205943e-03   3.515497e-02
   113  -3.648187e-01  -3.823646e-01   1.537597e-01   2.121727e+00   1.598947e-01   3.662141e-01   3.690577e-01   3.425876e-01   8.798682e-02   8.624569e-04   7.661152e-02   7.015214e-01   6.909175e-01   7.918814e-01   1.781364e-03   3.333472e-02
   114  -3.289881e-01  -3.465340e-01   1.672431e-01   1.790935e+00   1.572719e-01   3.576217e-01   4.208694e-01   3.957358e-01   8.905301e-02   5.807428e-04   7.140378e-02   7.226845e-01   7.122318e-01   8.014771e-01   1.437426e-03   3.162626e-02
   115  -2.931575e-01  -3.107034e-01   1.817884e-01   1.508901e+00   1.544171e-01   3.481276e-01   4.695648e-01   4.458992e-01   9.003354e-02   4.018483e-04   6.591928e-02   7.435612e-01   7.332483e-01   8.103019e-01   1.158996e-03   3.002292e-02
   116  -2.573269e-01  -2.748728e-01   1.974684e-01   1.268876e+00   1.513216e-01   3.376208e-01   5.151829e-01   4.929726e-01   9.093373e-02   2.844871e-04   6.050702e-02   7.641748e-01   7.539903e-01   8.184036e-01   9.337595e-04   2.851792e-02
   117  -2.214963e-01  -2.390422e-01   2.143339e-01   1.064730e+00   1.479900e-01   3.259670e-01   5.579318e-01   5.370832e-01   9.175884e-02   2.051731e-04   5.538816e-02   7.845482e-01   7.744809e-01   8.258295e-01   7.516780e-04   2.710507e-02
   118  -1.856658e-01  -2.032116e-01   2.323942e-01   8.912421e-01   1.444291e-01   3.130124e-01   5.980885e-01   5.784742e-01   9.251402e-02   1.501954e-04   5.066804e-02   8.047034e-01   7.947427e-01   8.326262e-01   6.045936e-04   2.577821e-02
   119  -1.498352e-01  -1.673811e-01   2.516932e-01   7.439125e-01   1.406588e-01   2.984686e-01   6.359432e-01   6.174282e-01   9.320429e-02   1.112749e-04   4.637943e-02   8.246619e-01   8.147973e-01   8.388386e-01   4.858732e-04   2.453139e-02
   120  -1.140046e-01  -1.315505e-01   2.722823e-01   6.191112e-01   1.366793e-01   2.823427e-01   6.717719e-01   6.542269e-01   9.383445e-02   8.323862e-05   4.251543e-02   8.444444e-01   8.346658e-01   8.445100e-01   3.901225e-04   2.335913e-02
   121  -7.817400e-02  -9.571988e-02   2.941724e-01   5.135831e-01   1.325001e-01   2.645197e-01   7.058184e-01   6.891287e-01   9.440910e-02   6.276738e-05   3.904597e-02   8.640707e-01   8.543684e-01   8.496819e-01   3.129620e-04   2.225615e-02
   122  -4.234341e-02  -5.988929e-02   3.172998e-01   4.245185e-01   1.281385e-01   2.447211e-01   7.382993e-01   7.223624e-01   9.493262e-02   4.764256e-05   3.593503e-02   8.835596e-01   8.739244e-01   8.543935e-01   2.508368e-04   2.121743e-02
   123  -6.512825e-03  -2.405871e-02   3.417141e-01   3.495531e-01   1.236109e-01   2.230215e-01   7.694032e-01   7.541297e-01   9.540910e-02   3.636024e-05   3.314536e-02   9.029292e-01   8.933524e-01   8.586819e-01   2.008615e-04   2.023829e-02
   124   2.931776e-02   1.177188e-02   3.673784e-01   2.866411e-01   1.189301e-01   1.995095e-01   7.992934e-01   7.846054e-01   9.584241e-02   2.787696e-05   3.064000e-02   9.221963e-01   9.126696e-01   8.625817e-01   1.606963e-04   1.931445e-02
   125   6.514835e-02   4.760247e-02   3.941688e-01   2.340046e-01   1.141184e-01   1.741473e-01   8.281124e-01   8.139419e-01   9.623618e-02   2.145439e-05   2.838671e-02   9.413771e-01   9.318926e-01   8.661256e-01   1.284458e-04   1.844180e-02
   126   1.009789e-01   8.343305e-02   4.220782e-01   1.901271e-01   1.091957e-01   1.474668e-01   8.559843e-01   8.422719e-01   9.659376e-02   1.656426e-05   2.635541e-02   9.604864e-01   9.510369e-01   8.693438e-01   1.025747e-04   1.761656e-02
   127   1.368095e-01   1.192636e-01   4.509896e-01   1.536850e-01   1.041878e-01   1.194040e-01   8.830174e-01   8.697112e-01   9.691827e-02   1.282296e-05   2.452014e-02   9.795384e-01   9.701169e-01   8.722644e-01   8.184098e-05   1.683528e-02
   128   1.726401e-01   1.550942e-01   4.807511e-01   1.235564e-01   9.911804e-02   9.124493e-02   9.093078e-01   8.963615e-01   9.721261e-02   9.948438e-06   2.285810e-02   9.985459e-01   9.891461e-01   8.749135e-01   6.524012e-05   1.609477e-02
   129   2.084707e-01   1.909248e-01   5.112651e-01   9.875842e-02   9.401509e-02   6.332560e-02   9.349389e-01   9.223124e-01   9.747945e-02   7.732645e-06   2.134874e-02   1.017521e+00   1.008137e+00   8.773151e-01   5.196107e-05   1.539208e-02
   130   2.443013e-01   2.267554e-01   5.423336e-01   7.844814e-02   8.891164e-02   3.527569e-02   9.599853e-01   9.476427e-01   9.772124e-02   6.019430e-06   1.997482e-02   1.036475e+00   1.027101e+00   8.794912e-01   4.134920e-05   1.472452e-02
   131   2.801319e-01   2.625860e-01   5.736124e-01   6.189906e-02   8.381829e-02   1.076166e-02   9.845133e-01   9.724225e-01   9.794025e-02   4.691513e-06   1.872086e-02   1.055418e+00   1.046050e+00   8.814623e-01   3.287673e-05   1.408963e-02
   132   3.159625e-01   2.984166e-01   6.049749e-01   4.846101e-02   7.876070e-02  -1.317790e-02   1.008581e+00   9.967140e-01   9.813854e-02   3.660250e-06   1.757326e-02   1.074359e+00   1.064992e+00   8.832469e-01   2.611858e-05   1.348518e-02
   133   3.517930e-01   3.342472e-01   6.362529e-01   3.766101e-02   7.378798e-02  -3.413439e-02   1.032242e+00   1.020573e+00   9.831802e-02   2.857962e-06   1.652041e-02   1.093307e+00   1.083937e+00   8.848622e-01   2.073279e-05   1.290915e-02
   134   3.876236e-01   3.700777e-01   6.672520e-01   2.904226e-02   6.892711e-02  -5.126414e-02   1.055541e+00   1.044047e+00   9.848042e-02   2.232925e-06   1.555202e-02   1.112270e+00   1.102892e+00   8.863237e-01   1.644451e-05   1.235967e-02
   135   4.234542e-01   4.059083e-01   6.974285e-01   2.220424e-02   6.420008e-02  -6.671655e-02   1.078521e+00   1.067183e+00   9.862732e-02   1.745429e-06   1.465901e-02   1.131255e+00   1.121866e+00   8.876458e-01   1.303309e-05   1.183507e-02
   136   4.592848e-01   4.417389e-01   7.267521e-01   1.681355e-02   5.961678e-02  -7.933574e-02   1.101219e+00   1.090018e+00   9.876016e-02   1.364875e-06   1.383347e-02   1.150267e+00   1.140865e+00   8.888415e-01   1.032155e-05   1.133381e-02
   137   4.951154e-01   4.775695e-01   7.550865e-01   1.262025e-02   5.522088e-02  -8.853948e-02   1.123668e+00   1.112589e+00   9.888027e-02   1.067577e-06   1.306854e-02   1.169313e+00   1.159895e+00   8.899225e-01   8.168116e-06   1.085452e-02
   138   5.309460e-01   5.134001e-01   7.818145e-01   9.375750e-03   5.101783e-02  -9.620124e-02   1.145899e+00   1.134926e+00   9.898885e-02   8.351869e-07   1.235814e-02   1.188398e+00   1.178961e+00   8.908996e-01   6.459308e-06   1.039592e-02
   139   5.667766e-01   5.492307e-01   8.072435e-01   6.895610e-03   4.702910e-02  -1.021282e-01   1.167938e+00   1.157058e+00   9.908698e-02   6.534534e-07   1.169692e-02   1.207526e+00   1.198068e+00   8.917828e-01   5.104406e-06   9.956875e-03
   140   6.026071e-01   5.850613e-01   8.307078e-01   5.018438e-03   4.326528e-02  -1.063994e-01   1.189809e+00   1.179011e+00   9.917565e-02   5.112886e-07   1.108017e-02   1.226702e+00   1.217220e+00   8.925808e-01   4.030952e-06   9.536332e-03
   141   6.384377e-01   6.208918e-01   8.525391e-01   3.613550e-03   3.973465e-02  -1.091602e-01   1.211534e+00   1.200807e+00   9.925576e-02   4.000530e-07   1.050375e-02   1.245928e+00   1.236421e+00   8.933019e-01   3.181128e-06   9.133331e-03
   142   6.742683e-01   6.567224e-01   8.723386e-01   2.573053e-03   3.644031e-02  -1.106152e-01   1.233131e+00   1.222467e+00   9.932813e-02   3.130046e-07   9.964032e-03   1.265207e+00   1.255675e+00   8.939532e-01   2.508843e-06   8.746995e-03
   143   7.100989e-01   6.925530e-01   8.902346e-01   1.813290e-03   3.338590e-02  -1.108151e-01   1.254619e+00   1.244008e+00   9.939350e-02   2.448784e-07   9.457791e-03   1.284543e+00   1.274983e+00   8.945415e-01   1.977392e-06   8.376519e-03
   144   7.459295e-01   7.283836e-01   9.062779e-01   1.263483e-03   3.056586e-02  -1.099278e-01   1.276012e+00   1.265447e+00   9.945254e-02   1.915597e-07   8.982178e-03   1.303938e+00   1.294349e+00   8.950729e-01   1.557567e-06   8.021162e-03
   145   7.817601e-01   7.642142e-01   9.203973e-01   8.712770e-04   2.797562e-02  -1.079966e-01   1.297325e+00   1.286799e+00   9.950586e-02   1.498310e-07   8.534663e-03   1.323392e+00   1.313774e+00   8.955527e-01   1.226149e-06   7.680240e-03
   146   8.175907e-01   8.000448e-01   9.327245e-01   5.949289e-04   2.560544e-02  -1.050883e-01   1.318570e+00   1.308077e+00   9.955400e-02   1.171751e-07   8.113000e-03   1.342908e+00   1.333260e+00   8.959860e-01   9.646955e-07   7.353121e-03
   147   8.534212e-01   8.358754e-01   9.434325e-01   4.024404e-04   2.344307e-02  -1.012913e-01   1.339757e+00   1.329292e+00   9.959747e-02   9.162170e-08   7.715188e-03   1.362486e+00   1.352808e+00   8.963772e-01   7.585710e-07   7.039220e-03
   148   8.892518e-01   8.717059e-01   9.526395e-01   2.697948e-04   2.147543e-02  -9.665782e-02   1.360897e+00   1.350456e+00   9.963672e-02   7.162859e-08   7.339442e-03   1.382128e+00   1.372418e+00   8.967304e-01   5.961693e-07   6.737991e-03
   149   9.250824e-01   9.075365e-01   9.604908e-01   1.794364e-04   1.968704e-02  -9.133691e-02   1.381999e+00   1.371576e+00   9.967214e-02   5.598817e-08   6.984165e-03   1.401834e+00   1.392093e+00   8.970493e-01   4.682947e-07   6.448926e-03
   150   9.609130e-01   9.433671e-01   9.671386e-01   1.185260e-04   1.806226e-02  -8.549412e-02   1.403070e+00   1.392662e+00   9.970413e-02   4.375485e-08   6.647926e-03   1.421603e+00   1.411831e+00   8.973371e-01   3.676666e-07   6.171552e-03
   151   9.967436e-01   9.791977e-01   9.727029e-01   7.782690e-05   1.658550e-02  -7.933644e-02   1.424117e+00   1.413721e+00   9.973300e-02   3.418818e-08   6.329441e-03   1.441436e+00   1.431633e+00   8.975970e-01   2.885256e-07   5.905426e-03
   152   1.032574e+00   1.015028e+00   9.773632e-01   5.084904e-05   1.524211e-02  -7.300897e-02   1.445145e+00   1.434758e+00   9.975905e-02   2.670832e-08   6.027551e-03   1.461331e+00   1.451498e+00   8.978315e-01   2.263187e-07   5.650131e-03
   153   1.068405e+00   1.050859e+00   9.812481e-01   3.308772e-05   1.401838e-02  -6.670521e-02   1.466160e+00   1.455780e+00   9.978257e-02   2.086127e-08   5.741211e-03   1.481289e+00   1.471425e+00   8.980432e-01   1.774490e-07   5.405280e-03
   154   1.104235e+00   1.086689e+00   9.844805e-01   2.146140e-05   1.290189e-02  -6.053640e-02   1.487167e+00   1.476791e+00   9.980380e-02   1.629154e-08   5.469477e-03   1.501308e+00   1.491414e+00   8.982342e-01   1.390773e-07   5.170505e-03
   155   1.140066e+00   1.122520e+00   9.871601e-01   1.388608e-05   1.188158e-02  -5.466383e-02   1.508168e+00   1.497794e+00   9.982296e-02   1.272088e-08   5.211491e-03   1.521385e+00   1.511463e+00   8.984066e-01   1.089638e-07   4.945465e-03
   156   1.175897e+00   1.158351e+00   9.893786e-01   8.968766e-06   1.094772e-02  -4.908749e-02   1.529166e+00   1.518794e+00   9.984025e-02   9.931452e-09   4.966477e-03   1.541520e+00   1.531569e+00   8.985622e-01   8.534283e-08   4.729839e-03
   157   1.211727e+00   1.194181e+00   9.912140e-01   5.785806e-06   1.009166e-02  -4.395412e-02   1.550164e+00   1.539792e+00   9.985585e-02   7.752814e-09   4.733731e-03   1.561710e+00   1.551732e+00   8.987027e-01   6.682336e-08   4.523326e-03
   158   1.247558e+00   1.230012e+00   9.927289e-01   3.729959e-06   9.305792e-03  -3.922279e-02   1.571162e+00   1.560790e+00   9.986993e-02   6.051589e-09   4.512613e-03   1.581951e+00   1.571948e+00   8.988294e-01   5.231015e-08   4.325646e-03
   159   1.283388e+00   1.265842e+00   9.939774e-01   2.403953e-06   8.583520e-03  -3.489606e-02   1.592161e+00   1.581788e+00   9.988264e-02   4.723438e-09   4.302544e-03   1.602240e+00   1.592214e+00   8.989438e-01   4.094143e-08   4.136541e-03
   160   1.319219e+00   1.301673e+00   9.950051e-01   1.549385e-06   7.919115e-03  -3.102568e-02   1.613161e+00   1.602788e+00   9.989411e-02   3.686761e-09   4.102997e-03   1.622573e+00   1.612525e+00   8.990470e-01   3.203954e-08   3.955771e-03
   161   1.355049e+00   1.337504e+00   9.958545e-01   9.989173e-07   7.307426e-03  -2.753125e-02   1.634159e+00   1.623787e+00   9.990446e-02   2.877748e-09   3.913498e-03   1.642944e+00   1.632878e+00   8.991401e-01   2.507189e-08   3.783119e-03
   162   1.390880e+00   1.373334e+00   9.965577e-01   6.443567e-07   6.743937e-03  -2.438975e-02   1.655155e+00   1.644784e+00   9.991379e-02   2.246517e-09   3.733620e-03   1.663349e+00   1.653266e+00   8.992241e-01   1.962012e-08   3.618387e-03
   163   1.426711e+00   1.409165e+00   9.971403e-01   4.159423e-07   6.224672e-03  -2.160028e-02   1.676143e+00   1.665776e+00   9.992222e-02   1.754082e-09   3.562981e-03   1.683779e+00   1.673684e+00   8.993000e-01   1.535584e-08   3.461403e-03
   164   1.462541e+00   1.444995e+00   9.976228e-01   2.687228e-07   5.746019e-03  -1.911213e-02   1.697120e+00   1.686758e+00   9.992982e-02   1.369981e-09   3.401242e-03   1.704227e+00   1.694123e+00   8.993684e-01   1.202137e-08   3.312015e-03
   165   1.498372e+00   1.480826e+00   9.980202e-01   1.737717e-07   5.304772e-03  -1.688564e-02   1.718078e+00   1.707725e+00   9.993668e-02   1.070417e-09   3.248107e-03   1.724682e+00   1.714574e+00   8.994301e-01   9.414608e-09   3.170100e-03
   166   1.534202e+00   1.516656e+00   9.983497e-01   1.124837e-07   4.898080e-03  -1.490082e-02   1.739009e+00   1.728670e+00   9.994287e-02   8.368060e-10   3.103322e-03   1.745132e+00   1.735027e+00   8.994858e-01   7.377178e-09   3.035559e-03
   167   1.570033e+00   1.552487e+00   9.986240e-01   7.288946e-08   4.523383e-03  -1.313790e-02   1.759904e+00   1.749582e+00   9.994845e-02   6.546376e-10   2.966674e-03   1.765565e+00   1.755469e+00   8.995361e-01   5.784979e-09   2.908324e-03
   168   1.605864e+00   1.588318e+00   9.988523e-01   4.728948e-08   4.178460e-03  -1.153261e-02   1.780750e+00   1.770452e+00   9.995349e-02   5.125850e-10   2.837992e-03   1.785963e+00   1.775883e+00   8.995814e-01   4.540837e-09   2.788356e-03
   169   1.641694e+00   1.624148e+00   9.990422e-01   3.071817e-08   3.861277e-03  -1.004984e-02   1.801530e+00   1.791264e+00   9.995804e-02   4.018093e-10   2.717145e-03   1.806307e+00   1.796254e+00   8.996223e-01   3.568689e-09   2.675649e-03
   170   1.677525e+00   1.659979e+00   9.991995e-01   1.997957e-08   3.570078e-03  -8.706197e-03   1.822228e+00   1.812002e+00   9.996214e-02   3.154143e-10   2.604046e-03   1.826575e+00   1.816560e+00   8.996593e-01   2.809025e-09   2.570233e-03
   171   1.713355e+00   1.695809e+00   9.993311e-01   1.301308e-08   3.303313e-03  -7.435094e-03   1.842821e+00   1.832647e+00   9.996584e-02   2.480208e-10   2.498651e-03   1.846742e+00   1.836776e+00   8.996926e-01   2.215304e-09   2.472172e-03
   172   1.749186e+00   1.731640e+00   9.994414e-01   8.489354e-09   3.059924e-03  -6.131049e-03   1.863284e+00   1.853173e+00   9.996918e-02   1.954343e-10   2.400957e-03   1.866776e+00   1.856875e+00   8.997226e-01   1.751144e-09   2.381567e-03
   173   1.785016e+00   1.767471e+00   9.995337e-01   5.548158e-09   2.838985e-03  -4.775522e-03   1.883586e+00   1.873553e+00   9.997219e-02   1.543845e-10   2.311004e-03   1.886644e+00   1.876824e+00   8.997498e-01   1.388114e-09   2.298554e-03
   174   1.820847e+00   1.803301e+00   9.996107e-01   3.633345e-09   2.639768e-03  -3.363651e-03   1.903694e+00   1.893756e+00   9.997491e-02   1.223222e-10   2.228872e-03   1.906307e+00   1.896587e+00   8.997742e-01   1.104006e-09   2.223304e-03
   175   1.856678e+00   1.839132e+00   9.996756e-01   2.385115e-09   2.461953e-03  -1.752681e-03   1.923568e+00   1.913745e+00   9.997737e-02   9.726081e-11   2.154681e-03   1.925722e+00   1.916123e+00   8.997963e-01   8.814781e-10   2.156020e-03
   176   1.892508e+00   1.874962e+00   9.997305e-01   1.570436e-09   2.306080e-03   3.119335e-04   1.943166e+00   1.933478e+00   9.997958e-02   7.765140e-11   2.088622e-03   1.944841e+00   1.935386e+00   8.998162e-01   7.069917e-10   2.096936e-03
   177   1.928339e+00   1.910793e+00   9.997769e-01   1.037922e-09   2.173331e-03   2.890236e-03   1.962443e+00   1.952911e+00   9.998158e-02   6.227866e-11   2.031214e-03   1.963613e+00   1.954328e+00   8.998342e-01   5.699614e-10   2.046380e-03
   178   1.964169e+00   1.946624e+00   9.998164e-01   6.890508e-10   2.065127e-03   6.021726e-03   1.981371e+00   1.972010e+00   9.998338e-02   5.015228e-11   1.984921e-03   1.981995e+00   1.972901e+00   8.998504e-01   4.619300e-10   2.005604e-03
   179   2.000000e+00   1.982454e+00   9.998500e-01   4.586317e-10   1.990931e-03   8.201572e-03   2.000000e+00   1.990785e+00   9.998500e-02   4.038392e-11   1.959218e-03   2.000000e+00   1.991091e+00   8.998650e-01   3.752599e-10   1.981891e-03
