     i          log_r       log_rmid          m_tot        rho_tot         v2_tot            eta     lgr[heavy]    lgrm[heavy]       m[heavy]     rho[heavy]      v2[heavy]     lgr[light]    lgrm[light]       m[light]     rho[light]      v2[light]
     0  -2.000000e+00  -2.301030e+00   9.998500e-07   2.999550e+00   2.381930e-01            nan  -2.000000e+00  -2.301030e+00   9.998500e-08   2.999550e-01   2.381930e-01  -2.000000e+00  -2.301030e+00   8.998650e-07   2.699595e+00   2.381930e-01
     1  -1.977654e+00  -1.988683e+00   1.166721e-06   2.999209e+00   2.371353e-01  -0.000000e+00  -1.977654e+00  -1.988683e+00   1.166721e-07   2.999209e-01   2.371353e-01  -1.977654e+00  -1.988683e+00   1.050049e-06   2.699288e+00   2.371353e-01
     2  -1.955307e+00  -1.966337e+00   1.361439e-06   2.999123e+00   2.370302e-01  -4.805140e-16  -1.955307e+00  -1.966337e+00   1.361439e-07   2.999123e-01   2.370302e-01  -1.955307e+00  -1.966337e+00   1.225295e-06   2.699211e+00   2.370302e-01
     3  -1.932961e+00  -1.943990e+00   1.588651e-06   2.999029e+00   2.369198e-01   3.203427e-16  -1.932961e+00  -1.943990e+00   1.588651e-07   2.999029e-01   2.369198e-01  -1.932961e+00  -1.943990e+00   1.429786e-06   2.699126e+00   2.369198e-01
     4  -1.910615e+00  -1.921644e+00   1.853780e-06   2.998923e+00   2.368037e-01  -6.406853e-16  -1.910615e+00  -1.921644e+00   1.853780e-07   2.998923e-01   2.368037e-01  -1.910615e+00  -1.921644e+00   1.668402e-06   2.699031e+00   2.368037e-01
     5  -1.888268e+00  -1.899298e+00   2.163150e-06   2.998807e+00   2.366817e-01  -1.121199e-15  -1.888268e+00  -1.899298e+00   2.163150e-07   2.998807e-01   2.366817e-01  -1.888268e+00  -1.899298e+00   1.946835e-06   2.698926e+00   2.366817e-01
     6  -1.865922e+00  -1.876951e+00   2.524142e-06   2.998677e+00   2.365535e-01  -4.805140e-16  -1.865922e+00  -1.876951e+00   2.524142e-07   2.998677e-01   2.365535e-01  -1.865922e+00  -1.876951e+00   2.271728e-06   2.698809e+00   2.365535e-01
     7  -1.843575e+00  -1.854605e+00   2.945370e-06   2.998534e+00   2.364188e-01   8.008566e-16  -1.843575e+00  -1.854605e+00   2.945370e-07   2.998534e-01   2.364188e-01  -1.843575e+00  -1.854605e+00   2.650833e-06   2.698680e+00   2.364188e-01
     8  -1.821229e+00  -1.832259e+00   3.436881e-06   2.998375e+00   2.362773e-01  -8.008566e-16  -1.821229e+00  -1.832259e+00   3.436881e-07   2.998375e-01   2.362773e-01  -1.821229e+00  -1.832259e+00   3.093193e-06   2.698538e+00   2.362773e-01
     9  -1.798883e+00  -1.809912e+00   4.010398e-06   2.998199e+00   2.361287e-01  -2.562741e-15  -1.798883e+00  -1.809912e+00   4.010398e-07   2.998199e-01   2.361287e-01  -1.798883e+00  -1.809912e+00   3.609358e-06   2.698379e+00   2.361287e-01
    10  -1.776536e+00  -1.787566e+00   4.679601e-06   2.998004e+00   2.359725e-01  -1.121199e-15  -1.776536e+00  -1.787566e+00   4.679601e-07   2.998004e-01   2.359725e-01  -1.776536e+00  -1.787566e+00   4.211641e-06   2.698203e+00   2.359725e-01
    11  -1.754190e+00  -1.765219e+00   5.460446e-06   2.997788e+00   2.358085e-01   2.883084e-15  -1.754190e+00  -1.765219e+00   5.460446e-07   2.997788e-01   2.358085e-01  -1.754190e+00  -1.765219e+00   4.914402e-06   2.698009e+00   2.358085e-01
    12  -1.731844e+00  -1.742873e+00   6.371554e-06   2.997548e+00   2.356363e-01  -1.121199e-15  -1.731844e+00  -1.742873e+00   6.371554e-07   2.997548e-01   2.356363e-01  -1.731844e+00  -1.742873e+00   5.734398e-06   2.697793e+00   2.356363e-01
    13  -1.709497e+00  -1.720527e+00   7.434644e-06   2.997282e+00   2.354555e-01  -8.008566e-16  -1.709497e+00  -1.720527e+00   7.434644e-07   2.997282e-01   2.354555e-01  -1.709497e+00  -1.720527e+00   6.691180e-06   2.697554e+00   2.354555e-01
    14  -1.687151e+00  -1.698180e+00   8.675058e-06   2.996988e+00   2.352657e-01  -3.203427e-16  -1.687151e+00  -1.698180e+00   8.675058e-07   2.996988e-01   2.352657e-01  -1.687151e+00  -1.698180e+00   7.807552e-06   2.697289e+00   2.352657e-01
    15  -1.664804e+00  -1.675834e+00   1.012236e-05   2.996662e+00   2.350664e-01  -6.406853e-16  -1.664804e+00  -1.675834e+00   1.012236e-06   2.996662e-01   2.350664e-01  -1.664804e+00  -1.675834e+00   9.110122e-06   2.696996e+00   2.350664e-01
    16  -1.642458e+00  -1.653488e+00   1.181103e-05   2.996300e+00   2.348572e-01   3.203427e-16  -1.642458e+00  -1.653488e+00   1.181103e-06   2.996300e-01   2.348572e-01  -1.642458e+00  -1.653488e+00   1.062993e-05   2.696670e+00   2.348572e-01
    17  -1.620112e+00  -1.631141e+00   1.378130e-05   2.995900e+00   2.346377e-01   9.610280e-16  -1.620112e+00  -1.631141e+00   1.378130e-06   2.995900e-01   2.346377e-01  -1.620112e+00  -1.631141e+00   1.240317e-05   2.696310e+00   2.346377e-01
    18  -1.597765e+00  -1.608795e+00   1.608010e-05   2.995456e+00   2.344074e-01  -1.761885e-15  -1.597765e+00  -1.608795e+00   1.608010e-06   2.995456e-01   2.344074e-01  -1.597765e+00  -1.608795e+00   1.447209e-05   2.695910e+00   2.344074e-01
    19  -1.575419e+00  -1.586448e+00   1.876216e-05   2.994964e+00   2.341658e-01   4.805140e-16  -1.575419e+00  -1.586448e+00   1.876216e-06   2.994964e-01   2.341658e-01  -1.575419e+00  -1.586448e+00   1.688595e-05   2.695467e+00   2.341658e-01
    20  -1.553073e+00  -1.564102e+00   2.189133e-05   2.994418e+00   2.339124e-01  -0.000000e+00  -1.553073e+00  -1.564102e+00   2.189133e-06   2.994418e-01   2.339124e-01  -1.553073e+00  -1.564102e+00   1.970220e-05   2.694976e+00   2.339124e-01
    21  -1.530726e+00  -1.541756e+00   2.554206e-05   2.993814e+00   2.336467e-01  -4.805140e-16  -1.530726e+00  -1.541756e+00   2.554206e-06   2.993814e-01   2.336467e-01  -1.530726e+00  -1.541756e+00   2.298786e-05   2.694433e+00   2.336467e-01
    22  -1.508380e+00  -1.519409e+00   2.980121e-05   2.993145e+00   2.333681e-01   6.406853e-16  -1.508380e+00  -1.519409e+00   2.980121e-06   2.993145e-01   2.333681e-01  -1.508380e+00  -1.519409e+00   2.682109e-05   2.693830e+00   2.333681e-01
    23  -1.486034e+00  -1.497063e+00   3.477003e-05   2.992403e+00   2.330760e-01  -2.242399e-15  -1.486034e+00  -1.497063e+00   3.477003e-06   2.992403e-01   2.330760e-01  -1.486034e+00  -1.497063e+00   3.129303e-05   2.693163e+00   2.330760e-01
    24  -1.463687e+00  -1.474717e+00   4.056664e-05   2.991581e+00   2.327699e-01   1.601713e-16  -1.463687e+00  -1.474717e+00   4.056664e-06   2.991581e-01   2.327699e-01  -1.463687e+00  -1.474717e+00   3.650997e-05   2.692423e+00   2.327699e-01
    25  -1.441341e+00  -1.452370e+00   4.732872e-05   2.990671e+00   2.324491e-01  -3.203427e-16  -1.441341e+00  -1.452370e+00   4.732872e-06   2.990671e-01   2.324491e-01  -1.441341e+00  -1.452370e+00   4.259585e-05   2.691604e+00   2.324491e-01
    26  -1.418994e+00  -1.430024e+00   5.521683e-05   2.989662e+00   2.321131e-01   3.203427e-16  -1.418994e+00  -1.430024e+00   5.521683e-06   2.989662e-01   2.321131e-01  -1.418994e+00  -1.430024e+00   4.969515e-05   2.690696e+00   2.321131e-01
    27  -1.396648e+00  -1.407678e+00   6.441814e-05   2.988544e+00   2.317612e-01  -0.000000e+00  -1.396648e+00  -1.407678e+00   6.441814e-06   2.988544e-01   2.317612e-01  -1.396648e+00  -1.407678e+00   5.797633e-05   2.689690e+00   2.317612e-01
    28  -1.374302e+00  -1.385331e+00   7.515084e-05   2.987306e+00   2.313927e-01  -6.406853e-16  -1.374302e+00  -1.385331e+00   7.515084e-06   2.987306e-01   2.313927e-01  -1.374302e+00  -1.385331e+00   6.763576e-05   2.688576e+00   2.313927e-01
    29  -1.351955e+00  -1.362985e+00   8.766923e-05   2.985935e+00   2.310069e-01   8.008566e-16  -1.351955e+00  -1.362985e+00   8.766923e-06   2.985935e-01   2.310069e-01  -1.351955e+00  -1.362985e+00   7.890231e-05   2.687342e+00   2.310069e-01
    30  -1.329609e+00  -1.340638e+00   1.022697e-04   2.984416e+00   2.306032e-01  -4.805140e-16  -1.329609e+00  -1.340638e+00   1.022697e-05   2.984416e-01   2.306032e-01  -1.329609e+00  -1.340638e+00   9.204273e-05   2.685974e+00   2.306032e-01
    31  -1.307263e+00  -1.318292e+00   1.192976e-04   2.982734e+00   2.301808e-01   4.805140e-16  -1.307263e+00  -1.318292e+00   1.192976e-05   2.982734e-01   2.301808e-01  -1.307263e+00  -1.318292e+00   1.073678e-04   2.684460e+00   2.301808e-01
    32  -1.284916e+00  -1.295946e+00   1.391553e-04   2.980871e+00   2.297390e-01   3.203427e-16  -1.284916e+00  -1.295946e+00   1.391553e-05   2.980871e-01   2.297390e-01  -1.284916e+00  -1.295946e+00   1.252398e-04   2.682784e+00   2.297390e-01
    33  -1.262570e+00  -1.273599e+00   1.623115e-04   2.978807e+00   2.292771e-01  -1.121199e-15  -1.262570e+00  -1.273599e+00   1.623115e-05   2.978807e-01   2.292771e-01  -1.262570e+00  -1.273599e+00   1.460803e-04   2.680927e+00   2.292771e-01
    34  -1.240223e+00  -1.251253e+00   1.893121e-04   2.976523e+00   2.287942e-01  -0.000000e+00  -1.240223e+00  -1.251253e+00   1.893121e-05   2.976523e-01   2.287942e-01  -1.240223e+00  -1.251253e+00   1.703808e-04   2.678871e+00   2.287942e-01
    35  -1.217877e+00  -1.228907e+00   2.207926e-04   2.973994e+00   2.282895e-01   1.601713e-16  -1.217877e+00  -1.228907e+00   2.207926e-05   2.973994e-01   2.282895e-01  -1.217877e+00  -1.228907e+00   1.987134e-04   2.676594e+00   2.282895e-01
    36  -1.195531e+00  -1.206560e+00   2.574932e-04   2.971194e+00   2.277623e-01  -1.601713e-16  -1.195531e+00  -1.206560e+00   2.574932e-05   2.971194e-01   2.277623e-01  -1.195531e+00  -1.206560e+00   2.317439e-04   2.674075e+00   2.277623e-01
    37  -1.173184e+00  -1.184214e+00   3.002750e-04   2.968095e+00   2.272118e-01  -0.000000e+00  -1.173184e+00  -1.184214e+00   3.002750e-05   2.968095e-01   2.272118e-01  -1.173184e+00  -1.184214e+00   2.702475e-04   2.671285e+00   2.272118e-01
    38  -1.150838e+00  -1.161867e+00   3.501400e-04   2.964665e+00   2.266371e-01   3.203427e-16  -1.150838e+00  -1.161867e+00   3.501400e-05   2.964665e-01   2.266371e-01  -1.150838e+00  -1.161867e+00   3.151260e-04   2.668199e+00   2.266371e-01
    39  -1.128492e+00  -1.139521e+00   4.082538e-04   2.960870e+00   2.260373e-01  -9.610280e-16  -1.128492e+00  -1.139521e+00   4.082538e-05   2.960870e-01   2.260373e-01  -1.128492e+00  -1.139521e+00   3.674284e-04   2.664783e+00   2.260373e-01
    40  -1.106145e+00  -1.117175e+00   4.759714e-04   2.956672e+00   2.254115e-01   1.601713e-16  -1.106145e+00  -1.117175e+00   4.759714e-05   2.956672e-01   2.254115e-01  -1.106145e+00  -1.117175e+00   4.283742e-04   2.661005e+00   2.254115e-01
    41  -1.083799e+00  -1.094828e+00   5.548679e-04   2.952029e+00   2.247590e-01  -0.000000e+00  -1.083799e+00  -1.094828e+00   5.548679e-05   2.952029e-01   2.247590e-01  -1.083799e+00  -1.094828e+00   4.993811e-04   2.656826e+00   2.247590e-01
    42  -1.061453e+00  -1.072482e+00   6.467734e-04   2.946894e+00   2.240788e-01   3.203427e-16  -1.061453e+00  -1.072482e+00   6.467734e-05   2.946894e-01   2.240788e-01  -1.061453e+00  -1.072482e+00   5.820960e-04   2.652204e+00   2.240788e-01
    43  -1.039106e+00  -1.050136e+00   7.538125e-04   2.941217e+00   2.233701e-01  -3.203427e-16  -1.039106e+00  -1.050136e+00   7.538125e-05   2.941217e-01   2.233701e-01  -1.039106e+00  -1.050136e+00   6.784313e-04   2.647095e+00   2.233701e-01
    44  -1.016760e+00  -1.027789e+00   8.784517e-04   2.934943e+00   2.226318e-01   8.008566e-16  -1.016760e+00  -1.027789e+00   8.784517e-05   2.934943e-01   2.226318e-01  -1.016760e+00  -1.027789e+00   7.906065e-04   2.641448e+00   2.226318e-01
    45  -9.944134e-01  -1.005443e+00   1.023551e-03   2.928010e+00   2.218630e-01  -1.601713e-16  -9.944134e-01  -1.005443e+00   1.023551e-04   2.928010e-01   2.218630e-01  -9.944134e-01  -1.005443e+00   9.211963e-04   2.635209e+00   2.218630e-01
    46  -9.720670e-01  -9.830965e-01   1.192428e-03   2.920353e+00   2.210629e-01   4.805140e-16  -9.720670e-01  -9.830965e-01   1.192428e-04   2.920353e-01   2.210629e-01  -9.720670e-01  -9.830965e-01   1.073185e-03   2.628318e+00   2.210629e-01
    47  -9.497207e-01  -9.607501e-01   1.388921e-03   2.911898e+00   2.202305e-01  -0.000000e+00  -9.497207e-01  -9.607501e-01   1.388921e-04   2.911898e-01   2.202305e-01  -9.497207e-01  -9.607501e-01   1.250029e-03   2.620709e+00   2.202305e-01
    48  -9.273743e-01  -9.384038e-01   1.617478e-03   2.902568e+00   2.193648e-01   3.203427e-16  -9.273743e-01  -9.384038e-01   1.617478e-04   2.902568e-01   2.193648e-01  -9.273743e-01  -9.384038e-01   1.455730e-03   2.612311e+00   2.193648e-01
    49  -9.050279e-01  -9.160574e-01   1.883238e-03   2.892275e+00   2.184648e-01  -0.000000e+00  -9.050279e-01  -9.160574e-01   1.883238e-04   2.892275e-01   2.184648e-01  -9.050279e-01  -9.160574e-01   1.694914e-03   2.603047e+00   2.184648e-01
    50  -8.826816e-01  -8.937110e-01   2.192140e-03   2.880925e+00   2.175296e-01  -0.000000e+00  -8.826816e-01  -8.937110e-01   2.192140e-04   2.880925e-01   2.175296e-01  -8.826816e-01  -8.937110e-01   1.972926e-03   2.592833e+00   2.175296e-01
    51  -8.603352e-01  -8.713647e-01   2.551039e-03   2.868419e+00   2.165581e-01   4.805140e-16  -8.603352e-01  -8.713647e-01   2.551039e-04   2.868419e-01   2.165581e-01  -8.603352e-01  -8.713647e-01   2.295935e-03   2.581577e+00   2.165581e-01
    52  -8.379888e-01  -8.490183e-01   2.967831e-03   2.854645e+00   2.155493e-01   1.601713e-16  -8.379888e-01  -8.490183e-01   2.967831e-04   2.854645e-01   2.155493e-01  -8.379888e-01  -8.490183e-01   2.671048e-03   2.569181e+00   2.155493e-01
    53  -8.156425e-01  -8.266719e-01   3.451610e-03   2.839487e+00   2.145022e-01  -0.000000e+00  -8.156425e-01  -8.266719e-01   3.451610e-04   2.839487e-01   2.145022e-01  -8.156425e-01  -8.266719e-01   3.106449e-03   2.555538e+00   2.145022e-01
    54  -7.932961e-01  -8.043256e-01   4.012824e-03   2.822817e+00   2.134155e-01  -4.805140e-16  -7.932961e-01  -8.043256e-01   4.012824e-04   2.822817e-01   2.134155e-01  -7.932961e-01  -8.043256e-01   3.611542e-03   2.540535e+00   2.134155e-01
    55  -7.709497e-01  -7.819792e-01   4.663463e-03   2.804500e+00   2.122883e-01  -0.000000e+00  -7.709497e-01  -7.819792e-01   4.663463e-04   2.804500e-01   2.122883e-01  -7.709497e-01  -7.819792e-01   4.197117e-03   2.524050e+00   2.122883e-01
    56  -7.486034e-01  -7.596328e-01   5.417261e-03   2.784392e+00   2.111194e-01   8.008566e-16  -7.486034e-01  -7.596328e-01   5.417261e-04   2.784392e-01   2.111194e-01  -7.486034e-01  -7.596328e-01   4.875535e-03   2.505953e+00   2.111194e-01
    57  -7.262570e-01  -7.372865e-01   6.289911e-03   2.762339e+00   2.099075e-01  -0.000000e+00  -7.262570e-01  -7.372865e-01   6.289911e-04   2.762339e-01   2.099075e-01  -7.262570e-01  -7.372865e-01   5.660920e-03   2.486105e+00   2.099075e-01
    58  -7.039106e-01  -7.149401e-01   7.299314e-03   2.738181e+00   2.086514e-01  -3.203427e-16  -7.039106e-01  -7.149401e-01   7.299314e-04   2.738181e-01   2.086514e-01  -7.039106e-01  -7.149401e-01   6.569382e-03   2.464363e+00   2.086514e-01
    59  -6.815642e-01  -6.925937e-01   8.465830e-03   2.711749e+00   2.073496e-01  -1.601713e-16  -6.815642e-01  -6.925937e-01   8.465830e-04   2.711749e-01   2.073496e-01  -6.815642e-01  -6.925937e-01   7.619247e-03   2.440574e+00   2.073496e-01
    60  -6.592179e-01  -6.702473e-01   9.812558e-03   2.682868e+00   2.060009e-01   9.610280e-16  -6.592179e-01  -6.702473e-01   9.812558e-04   2.682868e-01   2.060009e-01  -6.592179e-01  -6.702473e-01   8.831303e-03   2.414581e+00   2.060009e-01
    61  -6.368715e-01  -6.479010e-01   1.136562e-02   2.651357e+00   2.046036e-01  -0.000000e+00  -6.368715e-01  -6.479010e-01   1.136562e-03   2.651357e-01   2.046036e-01  -6.368715e-01  -6.479010e-01   1.022906e-02   2.386222e+00   2.046036e-01
    62  -6.145251e-01  -6.255546e-01   1.315444e-02   2.617034e+00   2.031562e-01  -4.805140e-16  -6.145251e-01  -6.255546e-01   1.315444e-03   2.617034e-01   2.031562e-01  -6.145251e-01  -6.255546e-01   1.183900e-02   2.355331e+00   2.031562e-01
    63  -5.921788e-01  -6.032082e-01   1.521208e-02   2.579713e+00   2.016570e-01  -0.000000e+00  -5.921788e-01  -6.032082e-01   1.521208e-03   2.579713e-01   2.016570e-01  -5.921788e-01  -6.032082e-01   1.369088e-02   2.321742e+00   2.016570e-01
    64  -5.698324e-01  -5.808619e-01   1.757548e-02   2.539213e+00   2.001041e-01   3.203427e-16  -5.698324e-01  -5.808619e-01   1.757548e-03   2.539213e-01   2.001041e-01  -5.698324e-01  -5.808619e-01   1.581793e-02   2.285292e+00   2.001041e-01
    65  -5.474860e-01  -5.585155e-01   2.028572e-02   2.495357e+00   1.984955e-01  -1.601713e-16  -5.474860e-01  -5.585155e-01   2.028572e-03   2.495357e-01   1.984955e-01  -5.474860e-01  -5.585155e-01   1.825715e-02   2.245821e+00   1.984955e-01
    66  -5.251397e-01  -5.361691e-01   2.338830e-02   2.447976e+00   1.968291e-01   6.406853e-16  -5.251397e-01  -5.361691e-01   2.338830e-03   2.447976e-01   1.968291e-01  -5.251397e-01  -5.361691e-01   2.104947e-02   2.203179e+00   1.968291e-01
    67  -5.027933e-01  -5.138228e-01   2.693323e-02   2.396920e+00   1.951027e-01  -0.000000e+00  -5.027933e-01  -5.138228e-01   2.693323e-03   2.396920e-01   1.951027e-01  -5.027933e-01  -5.138228e-01   2.423991e-02   2.157228e+00   1.951027e-01
    68  -4.804469e-01  -4.914764e-01   3.097518e-02   2.342057e+00   1.933139e-01  -4.805140e-16  -4.804469e-01  -4.914764e-01   3.097518e-03   2.342057e-01   1.933139e-01  -4.804469e-01  -4.914764e-01   2.787766e-02   2.107851e+00   1.933139e-01
    69  -4.581006e-01  -4.691300e-01   3.557342e-02   2.283281e+00   1.914601e-01   6.406853e-16  -4.581006e-01  -4.691300e-01   3.557342e-03   2.283281e-01   1.914601e-01  -4.581006e-01  -4.691300e-01   3.201608e-02   2.054953e+00   1.914601e-01
    70  -4.357542e-01  -4.467837e-01   4.079169e-02   2.220520e+00   1.895386e-01  -1.601713e-16  -4.357542e-01  -4.467837e-01   4.079169e-03   2.220520e-01   1.895386e-01  -4.357542e-01  -4.467837e-01   3.671252e-02   1.998468e+00   1.895386e-01
    71  -4.134078e-01  -4.244373e-01   4.669785e-02   2.153745e+00   1.875467e-01   3.203427e-16  -4.134078e-01  -4.244373e-01   4.669785e-03   2.153745e-01   1.875467e-01  -4.134078e-01  -4.244373e-01   4.202806e-02   1.938371e+00   1.875467e-01
    72  -3.910615e-01  -4.020909e-01   5.336336e-02   2.082975e+00   1.854815e-01  -0.000000e+00  -3.910615e-01  -4.020909e-01   5.336336e-03   2.082975e-01   1.854815e-01  -3.910615e-01  -4.020909e-01   4.802703e-02   1.874677e+00   1.854815e-01
    73  -3.687151e-01  -3.797446e-01   6.086254e-02   2.008282e+00   1.833401e-01  -1.601713e-16  -3.687151e-01  -3.797446e-01   6.086254e-03   2.008282e-01   1.833401e-01  -3.687151e-01  -3.797446e-01   5.477629e-02   1.807454e+00   1.833401e-01
    74  -3.463687e-01  -3.573982e-01   6.927149e-02   1.929805e+00   1.811195e-01   3.203427e-16  -3.463687e-01  -3.573982e-01   6.927149e-03   1.929805e-01   1.811195e-01  -3.463687e-01  -3.573982e-01   6.234434e-02   1.736825e+00   1.811195e-01
    75  -3.240223e-01  -3.350518e-01   7.866679e-02   1.847752e+00   1.788169e-01  -1.601713e-16  -3.240223e-01  -3.350518e-01   7.866679e-03   1.847752e-01   1.788169e-01  -3.240223e-01  -3.350518e-01   7.080011e-02   1.662977e+00   1.788169e-01
    76  -3.016760e-01  -3.127055e-01   8.912390e-02   1.762404e+00   1.764294e-01  -1.601713e-16  -3.016760e-01  -3.127055e-01   8.912390e-03   1.762404e-01   1.764294e-01  -3.016760e-01  -3.127055e-01   8.021151e-02   1.586164e+00   1.764294e-01
    77  -2.793296e-01  -2.903591e-01   1.007152e-01   1.674122e+00   1.739545e-01   4.805140e-16  -2.793296e-01  -2.903591e-01   1.007152e-02   1.674122e-01   1.739545e-01  -2.793296e-01  -2.903591e-01   9.064369e-02   1.506710e+00   1.739545e-01
    78  -2.569832e-01  -2.680127e-01   1.135078e-01   1.583343e+00   1.713898e-01   4.805140e-16  -2.569832e-01  -2.680127e-01   1.135078e-02   1.583343e-01   1.713898e-01  -2.569832e-01  -2.680127e-01   1.021570e-01   1.425009e+00   1.713898e-01
    79  -2.346369e-01  -2.456663e-01   1.275612e-01   1.490582e+00   1.687335e-01  -1.601713e-16  -2.346369e-01  -2.456663e-01   1.275612e-02   1.490582e-01   1.687335e-01  -2.346369e-01  -2.456663e-01   1.148050e-01   1.341524e+00   1.687335e-01
    80  -2.122905e-01  -2.233200e-01   1.429243e-01   1.396424e+00   1.659841e-01   6.406853e-16  -2.122905e-01  -2.233200e-01   1.429243e-02   1.396424e-01   1.659841e-01  -2.122905e-01  -2.233200e-01   1.286319e-01   1.256782e+00   1.659841e-01
    81  -1.899441e-01  -2.009736e-01   1.596333e-01   1.301515e+00   1.631409e-01  -6.406853e-16  -1.899441e-01  -2.009736e-01   1.596333e-02   1.301515e-01   1.631409e-01  -1.899441e-01  -2.009736e-01   1.436700e-01   1.171364e+00   1.631409e-01
    82  -1.675978e-01  -1.786272e-01   1.777087e-01   1.206551e+00   1.602035e-01  -4.805140e-16  -1.675978e-01  -1.786272e-01   1.777087e-02   1.206551e-01   1.602035e-01  -1.675978e-01  -1.786272e-01   1.599378e-01   1.085896e+00   1.602035e-01
    83  -1.452514e-01  -1.562809e-01   1.971527e-01   1.112259e+00   1.571729e-01  -1.601713e-16  -1.452514e-01  -1.562809e-01   1.971527e-02   1.112259e-01   1.571729e-01  -1.452514e-01  -1.562809e-01   1.774374e-01   1.001033e+00   1.571729e-01
    84  -1.229050e-01  -1.339345e-01   2.179475e-01   1.019380e+00   1.540504e-01  -0.000000e+00  -1.229050e-01  -1.339345e-01   2.179475e-02   1.019380e-01   1.540504e-01  -1.229050e-01  -1.339345e-01   1.961527e-01   9.174419e-01   1.540504e-01
    85  -1.005587e-01  -1.115881e-01   2.400535e-01   9.286485e-01   1.508387e-01   3.203427e-16  -1.005587e-01  -1.115881e-01   2.400535e-02   9.286485e-02   1.508387e-01  -1.005587e-01  -1.115881e-01   2.160481e-01   8.357837e-01   1.508387e-01
    86  -7.821229e-02  -8.924176e-02   2.634082e-01   8.407692e-01   1.475414e-01  -8.008566e-16  -7.821229e-02  -8.924176e-02   2.634082e-02   8.407692e-02   1.475414e-01  -7.821229e-02  -8.924176e-02   2.370673e-01   7.566923e-01   1.475414e-01
    87  -5.586592e-02  -6.689539e-02   2.879262e-01   7.563954e-01   1.441631e-01   6.406853e-16  -5.586592e-02  -6.689539e-02   2.879262e-02   7.563954e-02   1.441631e-01  -5.586592e-02  -6.689539e-02   2.591336e-01   6.807559e-01   1.441631e-01
    88  -3.351955e-02  -4.454903e-02   3.134998e-01   6.761094e-01   1.407096e-01  -1.441542e-15  -3.351955e-02  -4.454903e-02   3.134998e-02   6.761094e-02   1.407096e-01  -3.351955e-02  -4.454903e-02   2.821498e-01   6.084984e-01   1.407096e-01
    89  -1.117318e-02  -2.220266e-02   3.400006e-01   6.004045e-01   1.371875e-01   2.242399e-15  -1.117318e-02  -2.220266e-02   3.400006e-02   6.004045e-02   1.371875e-01  -1.117318e-02  -2.220266e-02   3.060005e-01   5.403641e-01   1.371875e-01
    90   1.117318e-02   1.437116e-04   3.672816e-01   5.296725e-01   1.336047e-01  -6.406853e-16   1.117318e-02   1.437116e-04   3.672816e-02   5.296725e-02   1.336047e-01   1.117318e-02   1.437116e-04   3.305535e-01   4.767052e-01   1.336047e-01
    91   3.351955e-02   2.249008e-02   3.951809e-01   4.641943e-01   1.299698e-01  -9.610280e-16   3.351955e-02   2.249008e-02   3.951809e-02   4.641943e-02   1.299698e-01   3.351955e-02   2.249008e-02   3.556628e-01   4.177749e-01   1.299698e-01
    92   5.586592e-02   4.483645e-02   4.235249e-01   4.041371e-01   1.262921e-01   3.203427e-16   5.586592e-02   4.483645e-02   4.235249e-02   4.041371e-02   1.262921e-01   5.586592e-02   4.483645e-02   3.811724e-01   3.637234e-01   1.262921e-01
    93   7.821229e-02   6.718282e-02   4.521329e-01   3.495560e-01   1.225816e-01  -0.000000e+00   7.821229e-02   6.718282e-02   4.521329e-02   3.495560e-02   1.225816e-01   7.821229e-02   6.718282e-02   4.069196e-01   3.146004e-01   1.225816e-01
    94   1.005587e-01   8.952919e-02   4.808216e-01   3.004006e-01   1.188488e-01   9.610280e-16   1.005587e-01   8.952919e-02   4.808216e-02   3.004006e-02   1.188488e-01   1.005587e-01   8.952919e-02   4.327394e-01   2.703606e-01   1.188488e-01
    95   1.229050e-01   1.118756e-01   5.094094e-01   2.565263e-01   1.151045e-01  -9.610280e-16   1.229050e-01   1.118756e-01   5.094094e-02   2.565263e-02   1.151045e-01   1.229050e-01   1.118756e-01   4.584685e-01   2.308737e-01   1.151045e-01
    96   1.452514e-01   1.342219e-01   5.377208e-01   2.177075e-01   1.113594e-01  -9.610280e-16   1.452514e-01   1.342219e-01   5.377208e-02   2.177075e-02   1.113594e-01   1.452514e-01   1.342219e-01   4.839488e-01   1.959367e-01   1.113594e-01
    97   1.675978e-01   1.565683e-01   5.655903e-01   1.836539e-01   1.076242e-01  -0.000000e+00   1.675978e-01   1.565683e-01   5.655903e-02   1.836539e-02   1.076242e-01   1.675978e-01   1.565683e-01   5.090312e-01   1.652885e-01   1.076242e-01
    98   1.899441e-01   1.789147e-01   5.928652e-01   1.540272e-01   1.039096e-01  -3.203427e-16   1.899441e-01   1.789147e-01   5.928652e-02   1.540272e-02   1.039096e-01   1.899441e-01   1.789147e-01   5.335787e-01   1.386245e-01   1.039096e-01
    99   2.122905e-01   2.012610e-01   6.194091e-01   1.284574e-01   1.002256e-01   1.601713e-15   2.122905e-01   2.012610e-01   6.194091e-02   1.284574e-02   1.002256e-01   2.122905e-01   2.012610e-01   5.574682e-01   1.156117e-01   1.002256e-01
   100   2.346369e-01   2.236074e-01   6.451030e-01   1.065579e-01   9.658183e-02  -6.406853e-16   2.346369e-01   2.236074e-01   6.451030e-02   1.065579e-02   9.658183e-02   2.346369e-01   2.236074e-01   5.805927e-01   9.590208e-02   9.658183e-02
   101   2.569832e-01   2.459538e-01   6.698469e-01   8.793928e-02   9.298717e-02   2.242399e-15   2.569832e-01   2.459538e-01   6.698469e-02   8.793928e-03   9.298717e-02   2.569832e-01   2.459538e-01   6.028622e-01   7.914535e-02   9.298717e-02
   102   2.793296e-01   2.683001e-01   6.935597e-01   7.222064e-02   8.944984e-02   9.610280e-16   2.793296e-01   2.683001e-01   6.935597e-02   7.222064e-03   8.944984e-02   2.793296e-01   2.683001e-01   6.242038e-01   6.499857e-02   8.944984e-02
   103   3.016760e-01   2.906465e-01   7.161799e-01   5.903821e-02   8.597727e-02  -1.601713e-15   3.016760e-01   2.906465e-01   7.161799e-02   5.903821e-03   8.597727e-02   3.016760e-01   2.906465e-01   6.445619e-01   5.313439e-02   8.597727e-02
   104   3.240223e-01   3.129929e-01   7.376638e-01   4.805205e-02   8.257601e-02  -3.523769e-15   3.240223e-01   3.129929e-01   7.376638e-02   4.805205e-03   8.257601e-02   3.240223e-01   3.129929e-01   6.638974e-01   4.324684e-02   8.257601e-02
   105   3.463687e-01   3.353392e-01   7.579851e-01   3.895030e-02   7.925178e-02   6.406853e-15   3.463687e-01   3.353392e-01   7.579851e-02   3.895030e-03   7.925178e-02   3.463687e-01   3.353392e-01   6.821866e-01   3.505527e-02   7.925178e-02
   106   3.687151e-01   3.576856e-01   7.771330e-01   3.145154e-02   7.600945e-02  -7.047538e-15   3.687151e-01   3.576856e-01   7.771330e-02   3.145154e-03   7.600945e-02   3.687151e-01   3.576856e-01   6.994197e-01   2.830638e-02   7.600945e-02
   107   3.910615e-01   3.800320e-01   7.951106e-01   2.530549e-02   7.285305e-02   7.688224e-15   3.910615e-01   3.800320e-01   7.951106e-02   2.530549e-03   7.285305e-02   3.910615e-01   3.800320e-01   7.155996e-01   2.277494e-02   7.285305e-02
   108   4.134078e-01   4.023783e-01   8.119333e-01   2.029253e-02   6.978581e-02  -2.883084e-15   4.134078e-01   4.023783e-01   8.119333e-02   2.029253e-03   6.978581e-02   4.134078e-01   4.023783e-01   7.307399e-01   1.826328e-02   6.978581e-02
   109   4.357542e-01   4.247247e-01   8.276263e-01   1.622218e-02   6.681020e-02   1.922056e-15   4.357542e-01   4.247247e-01   8.276263e-02   1.622218e-03   6.681020e-02   4.357542e-01   4.247247e-01   7.448636e-01   1.459996e-02   6.681020e-02
   110   4.581006e-01   4.470711e-01   8.422234e-01   1.293102e-02   6.392797e-02  -1.922056e-15   4.581006e-01   4.470711e-01   8.422234e-02   1.293102e-03   6.392797e-02   4.581006e-01   4.470711e-01   7.580011e-01   1.163791e-02   6.392797e-02
   111   4.804469e-01   4.694175e-01   8.557652e-01   1.028018e-02   6.114025e-02  -4.805140e-15   4.804469e-01   4.694175e-01   8.557652e-02   1.028018e-03   6.114025e-02   4.804469e-01   4.694175e-01   7.701887e-01   9.252159e-03   6.114025e-02
   112   5.027933e-01   4.917638e-01   8.682971e-01   8.152719e-03   5.844754e-02   3.523769e-15   5.027933e-01   4.917638e-01   8.682971e-02   8.152719e-04   5.844754e-02   5.027933e-01   4.917638e-01   7.814674e-01   7.337447e-03   5.844754e-02
   113   5.251397e-01   5.141102e-01   8.798682e-01   6.450937e-03   5.584985e-02   7.047538e-15   5.251397e-01   5.141102e-01   8.798682e-02   6.450937e-04   5.584985e-02   5.251397e-01   5.141102e-01   7.918814e-01   5.805843e-03   5.584985e-02
   114   5.474860e-01   5.364566e-01   8.905301e-01   5.093788e-03   5.334670e-02  -3.844112e-15   5.474860e-01   5.364566e-01   8.905301e-02   5.093788e-04   5.334670e-02   5.474860e-01   5.364566e-01   8.014771e-01   4.584409e-03   5.334670e-02
   115   5.698324e-01   5.588029e-01   9.003354e-01   4.014496e-03   5.093720e-02  -3.523769e-15   5.698324e-01   5.588029e-01   9.003354e-02   4.014496e-04   5.093720e-02   5.698324e-01   5.588029e-01   8.103019e-01   3.613046e-03   5.093720e-02
   116   5.921788e-01   5.811493e-01   9.093373e-01   3.158367e-03   4.862011e-02   3.523769e-15   5.921788e-01   5.811493e-01   9.093373e-02   3.158367e-04   4.862011e-02   5.921788e-01   5.811493e-01   8.184036e-01   2.842531e-03   4.862011e-02
   117   6.145251e-01   6.034957e-01   9.175884e-01   2.480848e-03   4.639388e-02  -2.883084e-15   6.145251e-01   6.034957e-01   9.175884e-02   2.480848e-04   4.639388e-02   6.145251e-01   6.034957e-01   8.258295e-01   2.232764e-03   4.639388e-02
   118   6.368715e-01   6.258420e-01   9.251402e-01   1.945825e-03   4.425673e-02   3.203427e-15   6.368715e-01   6.258420e-01   9.251402e-02   1.945825e-04   4.425673e-02   6.368715e-01   6.258420e-01   8.326262e-01   1.751242e-03   4.425673e-02
   119   6.592179e-01   6.481884e-01   9.320429e-01   1.524152e-03   4.220664e-02   8.008566e-15   6.592179e-01   6.481884e-01   9.320429e-02   1.524152e-04   4.220664e-02   6.592179e-01   6.481884e-01   8.388386e-01   1.371737e-03   4.220664e-02
   120   6.815642e-01   6.705348e-01   9.383445e-01   1.192409e-03   4.024145e-02   1.281371e-15   6.815642e-01   6.705348e-01   9.383445e-02   1.192409e-04   4.024145e-02   6.815642e-01   6.705348e-01   8.445100e-01   1.073169e-03   4.024145e-02
   121   7.039106e-01   6.928811e-01   9.440910e-01   9.318410e-04   3.835884e-02  -1.825953e-14   7.039106e-01   6.928811e-01   9.440910e-02   9.318410e-05   3.835884e-02   7.039106e-01   6.928811e-01   8.496819e-01   8.386569e-04   3.835884e-02
   122   7.262570e-01   7.152275e-01   9.493262e-01   7.274797e-04   3.655641e-02  -2.883084e-15   7.262570e-01   7.152275e-01   9.493262e-02   7.274797e-05   3.655641e-02   7.262570e-01   7.152275e-01   8.543935e-01   6.547317e-04   3.655641e-02
   123   7.486034e-01   7.375739e-01   9.540910e-01   5.674168e-04   3.483169e-02  -3.523769e-15   7.486034e-01   7.375739e-01   9.540910e-02   5.674168e-05   3.483169e-02   7.486034e-01   7.375739e-01   8.586819e-01   5.106751e-04   3.483169e-02
   124   7.709497e-01   7.599202e-01   9.584241e-01   4.422036e-04   3.318215e-02   1.281371e-14   7.709497e-01   7.599202e-01   9.584241e-02   4.422036e-05   3.318215e-02   7.709497e-01   7.599202e-01   8.625817e-01   3.979832e-04   3.318215e-02
   125   7.932961e-01   7.822666e-01   9.623618e-01   3.443612e-04   3.160523e-02   3.203427e-15   7.932961e-01   7.822666e-01   9.623618e-02   3.443612e-05   3.160523e-02   7.932961e-01   7.822666e-01   8.661256e-01   3.099251e-04   3.160523e-02
   126   8.156425e-01   8.046130e-01   9.659376e-01   2.679837e-04   3.009838e-02  -2.562741e-15   8.156425e-01   8.046130e-01   9.659376e-02   2.679837e-05   3.009838e-02   8.156425e-01   8.046130e-01   8.693438e-01   2.411853e-04   3.009838e-02
   127   8.379888e-01   8.269594e-01   9.691827e-01   2.084167e-04   2.865905e-02  -3.844112e-15   8.379888e-01   8.269594e-01   9.691827e-02   2.084167e-05   2.865905e-02   8.379888e-01   8.269594e-01   8.722644e-01   1.875751e-04   2.865905e-02
   128   8.603352e-01   8.493057e-01   9.721261e-01   1.619989e-04   2.728471e-02   1.185268e-14   8.603352e-01   8.493057e-01   9.721261e-02   1.619989e-05   2.728471e-02   8.603352e-01   8.493057e-01   8.749135e-01   1.457990e-04   2.728471e-02
   129   8.826816e-01   8.716521e-01   9.747945e-01   1.258548e-04   2.597286e-02  -1.665782e-14   8.826816e-01   8.716521e-01   9.747945e-02   1.258548e-05   2.597286e-02   8.826816e-01   8.716521e-01   8.773151e-01   1.132693e-04   2.597286e-02
   130   9.050279e-01   8.939985e-01   9.772124e-01   9.772968e-05   2.472104e-02   1.281371e-14   9.050279e-01   8.939985e-01   9.772124e-02   9.772968e-06   2.472104e-02   9.050279e-01   8.939985e-01   8.794912e-01   8.795671e-05   2.472104e-02
   131   9.273743e-01   9.163448e-01   9.794025e-01   7.585800e-05   2.352685e-02   1.890022e-14   9.273743e-01   9.163448e-01   9.794025e-02   7.585800e-06   2.352685e-02   9.273743e-01   9.163448e-01   8.814623e-01   6.827220e-05   2.352685e-02
   132   9.497207e-01   9.386912e-01   9.813854e-01   5.885884e-05   2.238794e-02  -1.825953e-14   9.497207e-01   9.386912e-01   9.813854e-02   5.885884e-06   2.238794e-02   9.497207e-01   9.386912e-01   8.832469e-01   5.297296e-05   2.238794e-02
   133   9.720670e-01   9.610376e-01   9.831802e-01   4.565340e-05   2.130201e-02  -3.427666e-14   9.720670e-01   9.610376e-01   9.831802e-02   4.565340e-06   2.130201e-02   9.720670e-01   9.610376e-01   8.848622e-01   4.108806e-05   2.130201e-02
   134   9.944134e-01   9.833839e-01   9.848042e-01   3.539972e-05   2.026683e-02   4.484797e-14   9.944134e-01   9.833839e-01   9.848042e-02   3.539972e-06   2.026683e-02   9.944134e-01   9.833839e-01   8.863237e-01   3.185975e-05   2.026683e-02
   135   1.016760e+00   1.005730e+00   9.862732e-01   2.744130e-05   1.928024e-02  -5.605996e-14   1.016760e+00   1.005730e+00   9.862732e-02   2.744130e-06   1.928024e-02   1.016760e+00   1.005730e+00   8.876458e-01   2.469717e-05   1.928024e-02
   136   1.039106e+00   1.028077e+00   9.876016e-01   2.126667e-05   1.834015e-02   8.232806e-14   1.039106e+00   1.028077e+00   9.876016e-02   2.126667e-06   1.834015e-02   1.039106e+00   1.028077e+00   8.888415e-01   1.914000e-05   1.834015e-02
   137   1.061453e+00   1.050423e+00   9.888027e-01   1.647763e-05   1.744452e-02  -4.933277e-14   1.061453e+00   1.050423e+00   9.888027e-02   1.647763e-06   1.744452e-02   1.061453e+00   1.050423e+00   8.899225e-01   1.482986e-05   1.744452e-02
   138   1.083799e+00   1.072769e+00   9.898885e-01   1.276439e-05   1.659141e-02   5.638031e-14   1.083799e+00   1.072769e+00   9.898885e-02   1.276439e-06   1.659141e-02   1.083799e+00   1.072769e+00   8.908996e-01   1.148795e-05   1.659141e-02
   139   1.106145e+00   1.095116e+00   9.908698e-01   9.886073e-06   1.577891e-02  -4.869208e-14   1.106145e+00   1.095116e+00   9.908698e-02   9.886073e-07   1.577891e-02   1.106145e+00   1.095116e+00   8.917828e-01   8.897466e-06   1.577891e-02
   140   1.128492e+00   1.117462e+00   9.917565e-01   7.655513e-06   1.500523e-02   1.345439e-14   1.128492e+00   1.117462e+00   9.917565e-02   7.655513e-07   1.500523e-02   1.128492e+00   1.117462e+00   8.925808e-01   6.889962e-06   1.500523e-02
   141   1.150838e+00   1.139809e+00   9.925576e-01   5.927320e-06   1.426860e-02  -1.153234e-14   1.150838e+00   1.139809e+00   9.925576e-02   5.927320e-07   1.426860e-02   1.150838e+00   1.139809e+00   8.933019e-01   5.334588e-06   1.426860e-02
   142   1.173184e+00   1.162155e+00   9.932813e-01   4.588625e-06   1.356734e-02   5.381757e-14   1.173184e+00   1.162155e+00   9.932813e-02   4.588625e-07   1.356734e-02   1.173184e+00   1.162155e+00   8.939532e-01   4.129763e-06   1.356734e-02
   143   1.195531e+00   1.184501e+00   9.939350e-01   3.551834e-06   1.289984e-02  -1.185268e-13   1.195531e+00   1.184501e+00   9.939350e-02   3.551834e-07   1.289984e-02   1.195531e+00   1.184501e+00   8.945415e-01   3.196650e-06   1.289984e-02
   144   1.217877e+00   1.206848e+00   9.945254e-01   2.748994e-06   1.226455e-02   1.300591e-13   1.217877e+00   1.206848e+00   9.945254e-02   2.748994e-07   1.226455e-02   1.217877e+00   1.206848e+00   8.950729e-01   2.474095e-06   1.226455e-02
   145   1.240223e+00   1.229194e+00   9.950586e-01   2.127408e-06   1.165998e-02  -1.691409e-13   1.240223e+00   1.229194e+00   9.950586e-02   2.127408e-07   1.165998e-02   1.240223e+00   1.229194e+00   8.955527e-01   1.914667e-06   1.165998e-02
   146   1.262570e+00   1.251540e+00   9.955400e-01   1.646221e-06   1.108470e-02   6.919401e-14   1.262570e+00   1.251540e+00   9.955400e-02   1.646221e-07   1.108470e-02   1.262570e+00   1.251540e+00   8.959860e-01   1.481599e-06   1.108470e-02
   147   1.284916e+00   1.273887e+00   9.959747e-01   1.273765e-06   1.053736e-02   1.659375e-13   1.284916e+00   1.273887e+00   9.959747e-02   1.273765e-07   1.053736e-02   1.284916e+00   1.273887e+00   8.963772e-01   1.146388e-06   1.053736e-02
   148   1.307263e+00   1.296233e+00   9.963672e-01   9.855030e-07   1.001664e-02  -5.061414e-14   1.307263e+00   1.296233e+00   9.963672e-02   9.855030e-08   1.001664e-02   1.307263e+00   1.296233e+00   8.967304e-01   8.869527e-07   1.001664e-02
   149   1.329609e+00   1.318579e+00   9.967214e-01   7.624254e-07   9.521299e-03  -1.883615e-13   1.329609e+00   1.318579e+00   9.967214e-02   7.624254e-08   9.521299e-03   1.329609e+00   1.318579e+00   8.970493e-01   6.861828e-07   9.521299e-03
   150   1.351955e+00   1.340926e+00   9.970413e-01   5.898075e-07   9.050143e-03  -7.880429e-14   1.351955e+00   1.340926e+00   9.970413e-02   5.898075e-08   9.050143e-03   1.351955e+00   1.340926e+00   8.973371e-01   5.308267e-07   9.050143e-03
   151   1.374302e+00   1.363272e+00   9.973300e-01   4.562463e-07   8.602033e-03   1.563272e-13   1.374302e+00   1.363272e+00   9.973300e-02   4.562463e-08   8.602033e-03   1.374302e+00   1.363272e+00   8.975970e-01   4.106216e-07   8.602033e-03
   152   1.396648e+00   1.385619e+00   9.975905e-01   3.529123e-07   8.175883e-03   1.377473e-13   1.396648e+00   1.385619e+00   9.975905e-02   3.529123e-08   8.175883e-03   1.396648e+00   1.385619e+00   8.978315e-01   3.176211e-07   8.175883e-03
   153   1.418994e+00   1.407965e+00   9.978257e-01   2.729699e-07   7.770656e-03  -3.440480e-13   1.418994e+00   1.407965e+00   9.978257e-02   2.729699e-08   7.770656e-03   1.418994e+00   1.407965e+00   8.980432e-01   2.456729e-07   7.770656e-03
   154   1.441341e+00   1.430311e+00   9.980380e-01   2.111277e-07   7.385367e-03   3.408446e-13   1.441341e+00   1.430311e+00   9.980380e-02   2.111277e-08   7.385367e-03   1.441341e+00   1.430311e+00   8.982342e-01   1.900150e-07   7.385367e-03
   155   1.463687e+00   1.452658e+00   9.982296e-01   1.632901e-07   7.019079e-03  -2.300060e-13   1.463687e+00   1.452658e+00   9.982296e-02   1.632901e-08   7.019079e-03   1.463687e+00   1.452658e+00   8.984066e-01   1.469611e-07   7.019079e-03
   156   1.486034e+00   1.475004e+00   9.984025e-01   1.262874e-07   6.670904e-03   1.793919e-13   1.486034e+00   1.475004e+00   9.984025e-02   1.262874e-08   6.670904e-03   1.486034e+00   1.475004e+00   8.985622e-01   1.136587e-07   6.670904e-03
   157   1.508380e+00   1.497350e+00   9.985585e-01   9.766694e-08   6.340000e-03   2.114261e-14   1.508380e+00   1.497350e+00   9.985585e-02   9.766694e-09   6.340000e-03   1.508380e+00   1.497350e+00   8.987027e-01   8.790024e-08   6.340000e-03
   158   1.530726e+00   1.519697e+00   9.986993e-01   7.553067e-08   6.025575e-03  -5.202365e-13   1.530726e+00   1.519697e+00   9.986993e-02   7.553067e-09   6.025575e-03   1.530726e+00   1.519697e+00   8.988294e-01   6.797760e-08   6.025575e-03
   159   1.553073e+00   1.542043e+00   9.988264e-01   5.841018e-08   5.726885e-03   5.503487e-13   1.553073e+00   1.542043e+00   9.988264e-02   5.841018e-09   5.726885e-03   1.553073e+00   1.542043e+00   8.989438e-01   5.256916e-08   5.726885e-03
   160   1.575419e+00   1.564390e+00   9.989411e-01   4.516940e-08   5.443235e-03   2.633217e-13   1.575419e+00   1.564390e+00   9.989411e-02   4.516940e-09   5.443235e-03   1.575419e+00   1.564390e+00   8.990470e-01   4.065246e-08   5.443235e-03
   161   1.597765e+00   1.586736e+00   9.990446e-01   3.492943e-08   5.173983e-03  -1.110308e-12   1.597765e+00   1.586736e+00   9.990446e-02   3.492943e-09   5.173983e-03   1.597765e+00   1.586736e+00   8.991401e-01   3.143649e-08   5.173983e-03
   162   1.620112e+00   1.609082e+00   9.991379e-01   2.701040e-08   4.918543e-03  -1.281371e-13   1.620112e+00   1.609082e+00   9.991379e-02   2.701040e-09   4.918543e-03   1.620112e+00   1.609082e+00   8.992241e-01   2.430936e-08   4.918543e-03
   163   1.642458e+00   1.631429e+00   9.992222e-01   2.088639e-08   4.676390e-03   1.367863e-12   1.642458e+00   1.631429e+00   9.992222e-02   2.088639e-09   4.676390e-03   1.642458e+00   1.631429e+00   8.993000e-01   1.879775e-08   4.676390e-03
   164   1.664804e+00   1.653775e+00   9.992982e-01   1.615064e-08   4.447067e-03   1.813139e-13   1.664804e+00   1.653775e+00   9.992982e-02   1.615064e-09   4.447067e-03   1.664804e+00   1.653775e+00   8.993684e-01   1.453557e-08   4.447067e-03
   165   1.687151e+00   1.676121e+00   9.993668e-01   1.248850e-08   4.230194e-03  -2.005345e-12   1.687151e+00   1.676121e+00   9.993668e-02   1.248850e-09   4.230194e-03   1.687151e+00   1.676121e+00   8.994301e-01   1.123965e-08   4.230194e-03
   166   1.709497e+00   1.698468e+00   9.994287e-01   9.656630e-09   4.025481e-03   1.602995e-12   1.709497e+00   1.698468e+00   9.994287e-02   9.656630e-10   4.025481e-03   1.709497e+00   1.698468e+00   8.994858e-01   8.690967e-09   4.025481e-03
   167   1.731844e+00   1.720814e+00   9.994845e-01   7.466832e-09   3.832747e-03  -5.907118e-13   1.731844e+00   1.720814e+00   9.994845e-02   7.466832e-10   3.832747e-03   1.731844e+00   1.720814e+00   8.995361e-01   6.720149e-09   3.832747e-03
   168   1.754190e+00   1.743160e+00   9.995349e-01   5.773551e-09   3.651938e-03   1.441542e-13   1.754190e+00   1.743160e+00   9.995349e-02   5.773551e-10   3.651938e-03   1.754190e+00   1.743160e+00   8.995814e-01   5.196196e-09   3.651938e-03
   169   1.776536e+00   1.765507e+00   9.995804e-01   4.464223e-09   3.483162e-03  -9.078511e-13   1.776536e+00   1.765507e+00   9.995804e-02   4.464223e-10   3.483162e-03   1.776536e+00   1.765507e+00   8.996223e-01   4.017801e-09   3.483162e-03
   170   1.798883e+00   1.787853e+00   9.996214e-01   3.451798e-09   3.326721e-03  -3.818484e-13   1.798883e+00   1.787853e+00   9.996214e-02   3.451798e-10   3.326721e-03   1.798883e+00   1.787853e+00   8.996593e-01   3.106618e-09   3.326721e-03
   171   1.821229e+00   1.810200e+00   9.996584e-01   2.668958e-09   3.183166e-03  -2.249446e-12   1.821229e+00   1.810200e+00   9.996584e-02   2.668958e-10   3.183166e-03   1.821229e+00   1.810200e+00   8.996926e-01   2.402062e-09   3.183166e-03
   172   1.843575e+00   1.832546e+00   9.996918e-01   2.063647e-09   3.053361e-03   2.918322e-12   1.843575e+00   1.832546e+00   9.996918e-02   2.063647e-10   3.053361e-03   1.843575e+00   1.832546e+00   8.997226e-01   1.857282e-09   3.053361e-03
   173   1.865922e+00   1.854892e+00   9.997219e-01   1.595609e-09   2.938565e-03  -1.989328e-12   1.865922e+00   1.854892e+00   9.997219e-02   1.595609e-10   2.938565e-03   1.865922e+00   1.854892e+00   8.997498e-01   1.436048e-09   2.938565e-03
   174   1.888268e+00   1.877239e+00   9.997491e-01   1.233717e-09   2.840543e-03  -3.783887e-12   1.888268e+00   1.877239e+00   9.997491e-02   1.233717e-10   2.840543e-03   1.888268e+00   1.877239e+00   8.997742e-01   1.110345e-09   2.840543e-03
   175   1.910615e+00   1.899585e+00   9.997737e-01   9.538989e-10   2.761709e-03   3.480843e-12   1.910615e+00   1.899585e+00   9.997737e-02   9.538989e-11   2.761709e-03   1.910615e+00   1.899585e+00   8.997963e-01   8.585090e-10   2.761709e-03
   176   1.932961e+00   1.921931e+00   9.997958e-01   7.375431e-10   2.705307e-03  -5.097933e-12   1.932961e+00   1.921931e+00   9.997958e-02   7.375431e-11   2.705307e-03   1.932961e+00   1.921931e+00   8.998162e-01   6.637888e-10   2.705307e-03
   177   1.955307e+00   1.944278e+00   9.998158e-01   5.702572e-10   2.675651e-03  -5.203646e-12   1.955307e+00   1.944278e+00   9.998158e-02   5.702572e-11   2.675651e-03   1.955307e+00   1.944278e+00   8.998342e-01   5.132315e-10   2.675651e-03
   178   1.977654e+00   1.966624e+00   9.998338e-01   4.409128e-10   2.678435e-03  -4.210584e-12   1.977654e+00   1.966624e+00   9.998338e-02   4.409128e-11   2.678435e-03   1.977654e+00   1.966624e+00   8.998504e-01   3.968215e-10   2.678435e-03
   179   2.000000e+00   1.988971e+00   9.998500e-01   3.409049e-10   2.721126e-03  -6.406853e-16   2.000000e+00   1.988971e+00   9.998500e-02   3.409049e-11   2.721126e-03   2.000000e+00   1.988971e+00   8.998650e-01   3.068144e-10   2.721126e-03
