     i          log_r       log_rmid          m_tot        rho_tot         v2_tot            eta     lgr[heavy]    lgrm[heavy]       m[heavy]     rho[heavy]      v2[heavy]     lgr[light]    lgrm[light]       m[light]     rho[light]      v2[light]
     0  -3.430436e+00  -3.731466e+00   1.052027e-07   6.161740e+03   1.678568e-01            nan  -3.430436e+00  -3.731466e+00   9.998500e-08   5.866307e+03   1.603444e-01  -2.674596e+00  -2.975626e+00   8.998650e-07   2.851582e+02   3.167799e-01
     1  -3.407715e+00  -3.418927e+00   1.230523e-07   6.151994e+03   1.677542e-01            nan  -3.413687e+00  -3.421981e+00   1.122377e-07   5.860933e+03   1.603441e-01  -2.657630e+00  -2.666030e+00   1.010140e-06   2.810536e+02   3.166781e-01
     2  -3.384993e+00  -3.396205e+00   1.439311e-07   6.151081e+03   1.677470e-01            nan  -3.396938e+00  -3.405232e+00   1.259918e-07   5.860502e+03   1.603441e-01  -2.640672e+00  -2.649068e+00   1.133927e-06   2.807232e+02   3.166698e-01
     3  -3.362272e+00  -3.373484e+00   1.683528e-07   6.150108e+03   1.677400e-01            nan  -3.380190e+00  -3.388484e+00   1.414313e-07   5.860037e+03   1.603440e-01  -2.623718e+00  -2.632112e+00   1.272882e-06   2.803670e+02   3.166609e-01
     4  -3.339550e+00  -3.350762e+00   1.969185e-07   6.149056e+03   1.677330e-01            nan  -3.363442e+00  -3.371736e+00   1.587626e-07   5.859535e+03   1.603440e-01  -2.606767e+00  -2.615160e+00   1.428863e-06   2.799831e+02   3.166512e-01
     5  -3.316829e+00  -3.328041e+00   2.303307e-07   6.147925e+03   1.677261e-01            nan  -3.346695e+00  -3.354988e+00   1.782175e-07   5.858992e+03   1.603440e-01  -2.589816e+00  -2.598209e+00   1.603957e-06   2.795694e+02   3.166407e-01
     6  -3.294107e+00  -3.305319e+00   2.694113e-07   6.146710e+03   1.677193e-01            nan  -3.329947e+00  -3.338240e+00   2.000561e-07   5.858406e+03   1.603439e-01  -2.572864e+00  -2.581257e+00   1.800505e-06   2.791235e+02   3.166294e-01
     7  -3.271386e+00  -3.282598e+00   3.151210e-07   6.145384e+03   1.677126e-01            nan  -3.313200e+00  -3.321493e+00   2.245705e-07   5.857774e+03   1.603439e-01  -2.555908e+00  -2.564303e+00   2.021135e-06   2.786432e+02   3.166172e-01
     8  -3.248664e+00  -3.259876e+00   3.685836e-07   6.143952e+03   1.677061e-01            nan  -3.296452e+00  -3.304745e+00   2.520885e-07   5.857091e+03   1.603439e-01  -2.538948e+00  -2.547345e+00   2.268796e-06   2.781257e+02   3.166040e-01
     9  -3.225943e+00  -3.237155e+00   4.311124e-07   6.142405e+03   1.676997e-01            nan  -3.279704e+00  -3.287997e+00   2.829779e-07   5.856353e+03   1.603438e-01  -2.521981e+00  -2.530381e+00   2.546801e-06   2.775684e+02   3.165897e-01
    10  -3.203221e+00  -3.214433e+00   5.042435e-07   6.140706e+03   1.676934e-01            nan  -3.262956e+00  -3.271249e+00   3.176518e-07   5.855557e+03   1.603438e-01  -2.505005e+00  -2.513410e+00   2.858866e-06   2.769683e+02   3.165742e-01
    11  -3.180500e+00  -3.191712e+00   5.897730e-07   6.138865e+03   1.676874e-01            nan  -3.246208e+00  -3.254501e+00   3.565736e-07   5.854697e+03   1.603437e-01  -2.488019e+00  -2.496429e+00   3.209162e-06   2.763222e+02   3.165575e-01
    12  -3.157778e+00  -3.168991e+00   6.897988e-07   6.136859e+03   1.676815e-01            nan  -3.229459e+00  -3.237752e+00   4.002637e-07   5.853768e+03   1.603437e-01  -2.471021e+00  -2.479437e+00   3.602373e-06   2.756267e+02   3.165394e-01
    13  -3.135057e+00  -3.146269e+00   8.067755e-07   6.134654e+03   1.676759e-01            nan  -3.212709e+00  -3.221003e+00   4.493061e-07   5.852765e+03   1.603436e-01  -2.454009e+00  -2.462432e+00   4.043754e-06   2.748784e+02   3.165199e-01
    14  -3.112335e+00  -3.123548e+00   9.435721e-07   6.132256e+03   1.676705e-01            nan  -3.195959e+00  -3.204253e+00   5.043561e-07   5.851683e+03   1.603435e-01  -2.436981e+00  -2.445412e+00   4.539205e-06   2.740734e+02   3.164987e-01
    15  -3.089614e+00  -3.100826e+00   1.103537e-06   6.129622e+03   1.676654e-01            nan  -3.179208e+00  -3.187503e+00   5.661495e-07   5.850513e+03   1.603435e-01  -2.419936e+00  -2.428375e+00   5.095345e-06   2.732077e+02   3.164758e-01
    16  -3.066892e+00  -3.078105e+00   1.290589e-06   6.126726e+03   1.676605e-01            nan  -3.162456e+00  -3.170751e+00   6.355120e-07   5.849250e+03   1.603434e-01  -2.402871e+00  -2.411320e+00   5.719608e-06   2.722769e+02   3.164510e-01
    17  -3.044171e+00  -3.055383e+00   1.509308e-06   6.123568e+03   1.676560e-01            nan  -3.145703e+00  -3.153999e+00   7.133703e-07   5.847887e+03   1.603433e-01  -2.385785e+00  -2.394244e+00   6.420333e-06   2.712767e+02   3.164241e-01
    18  -3.021449e+00  -3.032662e+00   1.765032e-06   6.120078e+03   1.676519e-01            nan  -3.128949e+00  -3.137245e+00   8.007647e-07   5.846415e+03   1.603432e-01  -2.368675e+00  -2.377146e+00   7.206882e-06   2.702021e+02   3.163950e-01
    19  -2.998728e+00  -3.009940e+00   2.064016e-06   6.116242e+03   1.676481e-01            nan  -3.112194e+00  -3.120491e+00   8.988624e-07   5.844825e+03   1.603431e-01  -2.351538e+00  -2.360022e+00   8.089762e-06   2.690482e+02   3.163635e-01
    20  -2.976006e+00  -2.987219e+00   2.413552e-06   6.112050e+03   1.676448e-01            nan  -3.095438e+00  -3.103735e+00   1.008974e-06   5.843109e+03   1.603430e-01  -2.334373e+00  -2.342871e+00   9.080764e-06   2.678096e+02   3.163294e-01
    21  -2.953285e+00  -2.964497e+00   2.822151e-06   6.107389e+03   1.676420e-01            nan  -3.078680e+00  -3.086978e+00   1.132569e-06   5.841256e+03   1.603429e-01  -2.317177e+00  -2.325690e+00   1.019312e-05   2.664809e+02   3.162924e-01
    22  -2.930563e+00  -2.941776e+00   3.299774e-06   6.102276e+03   1.676397e-01            nan  -3.061921e+00  -3.070220e+00   1.271299e-06   5.839255e+03   1.603428e-01  -2.299947e+00  -2.308476e+00   1.144169e-05   2.650561e+02   3.162524e-01
    23  -2.907842e+00  -2.919054e+00   3.858015e-06   6.096675e+03   1.676380e-01            nan  -3.045160e+00  -3.053460e+00   1.427014e-06   5.837095e+03   1.603427e-01  -2.282680e+00  -2.291228e+00   1.284313e-05   2.635292e+02   3.162089e-01
    24  -2.885120e+00  -2.896333e+00   4.510419e-06   6.090427e+03   1.676370e-01            nan  -3.028397e+00  -3.036698e+00   1.601795e-06   5.834763e+03   1.603425e-01  -2.265373e+00  -2.273940e+00   1.441615e-05   2.618939e+02   3.161618e-01
    25  -2.862399e+00  -2.873611e+00   5.272820e-06   6.083581e+03   1.676368e-01            nan  -3.011632e+00  -3.019934e+00   1.797972e-06   5.832245e+03   1.603424e-01  -2.248023e+00  -2.256612e+00   1.618175e-05   2.601437e+02   3.161107e-01
    26  -2.839677e+00  -2.850890e+00   6.163603e-06   6.076049e+03   1.676373e-01            nan  -2.994865e+00  -3.003168e+00   2.018163e-06   5.829527e+03   1.603422e-01  -2.230627e+00  -2.239238e+00   1.816347e-05   2.582717e+02   3.160553e-01
    27  -2.816956e+00  -2.828168e+00   7.204288e-06   6.067667e+03   1.676388e-01            nan  -2.978096e+00  -2.986400e+00   2.265306e-06   5.826593e+03   1.603420e-01  -2.213180e+00  -2.221816e+00   2.038775e-05   2.562711e+02   3.159951e-01
    28  -2.794234e+00  -2.805447e+00   8.419973e-06   6.058478e+03   1.676412e-01            nan  -2.961324e+00  -2.969629e+00   2.542695e-06   5.823426e+03   1.603418e-01  -2.195678e+00  -2.204341e+00   2.288425e-05   2.541347e+02   3.159298e-01
    29  -2.771513e+00  -2.782725e+00   9.839705e-06   6.048331e+03   1.676447e-01            nan  -2.944549e+00  -2.952856e+00   2.854028e-06   5.820007e+03   1.603416e-01  -2.178118e+00  -2.186809e+00   2.568625e-05   2.518554e+02   3.158588e-01
    30  -2.748792e+00  -2.760004e+00   1.149759e-05   6.037071e+03   1.676496e-01            nan  -2.927772e+00  -2.936080e+00   3.203456e-06   5.816317e+03   1.603414e-01  -2.160494e+00  -2.169217e+00   2.883110e-05   2.494259e+02   3.157818e-01
    31  -2.726070e+00  -2.737282e+00   1.343325e-05   6.024725e+03   1.676557e-01            nan  -2.910991e+00  -2.919300e+00   3.595633e-06   5.812334e+03   1.603412e-01  -2.142803e+00  -2.151559e+00   3.236069e-05   2.468389e+02   3.156980e-01
    32  -2.703349e+00  -2.714561e+00   1.569236e-05   6.011054e+03   1.676634e-01            nan  -2.894206e+00  -2.902518e+00   4.035782e-06   5.808036e+03   1.603409e-01  -2.125038e+00  -2.133829e+00   3.632203e-05   2.440872e+02   3.156069e-01
    33  -2.680627e+00  -2.691839e+00   1.832878e-05   5.995928e+03   1.676729e-01            nan  -2.877418e+00  -2.885731e+00   4.529763e-06   5.803396e+03   1.603406e-01  -2.107193e+00  -2.116024e+00   4.076786e-05   2.411639e+02   3.155077e-01
    34  -2.657906e+00  -2.669118e+00   2.140468e-05   5.979351e+03   1.676841e-01   4.909700e-01  -2.860626e+00  -2.868941e+00   5.084150e-06   5.798390e+03   1.603403e-01  -2.089264e+00  -2.098136e+00   4.575735e-05   2.380620e+02   3.153999e-01
    35  -2.635184e+00  -2.646396e+00   2.499172e-05   5.960833e+03   1.676941e-01   4.909507e-01  -2.843829e+00  -2.852146e+00   5.706317e-06   5.792988e+03   1.603400e-01  -2.071244e+00  -2.080161e+00   5.135685e-05   2.347752e+02   3.152824e-01
    36  -2.612463e+00  -2.623675e+00   2.917428e-05   5.940357e+03   1.677048e-01   4.909282e-01  -2.827027e+00  -2.835347e+00   6.404537e-06   5.787159e+03   1.603396e-01  -2.053126e+00  -2.062090e+00   5.764083e-05   2.312973e+02   3.151544e-01
    37  -2.589741e+00  -2.600953e+00   3.404927e-05   5.917908e+03   1.677165e-01   4.909035e-01  -2.810220e+00  -2.818543e+00   7.188088e-06   5.780870e+03   1.603393e-01  -2.034902e+00  -2.043918e+00   6.469280e-05   2.276231e+02   3.150149e-01
    38  -2.567020e+00  -2.578232e+00   3.972794e-05   5.892958e+03   1.677297e-01   4.908759e-01  -2.793408e+00  -2.801733e+00   8.067378e-06   5.774086e+03   1.603389e-01  -2.016566e+00  -2.025637e+00   7.260640e-05   2.237477e+02   3.148628e-01
    39  -2.544298e+00  -2.555510e+00   4.634144e-05   5.865489e+03   1.677442e-01   4.908452e-01  -2.776589e+00  -2.784917e+00   9.054076e-06   5.766767e+03   1.603384e-01  -1.998109e+00  -2.007239e+00   8.148669e-05   2.196675e+02   3.146967e-01
    40  -2.521577e+00  -2.532789e+00   5.403930e-05   5.835430e+03   1.677603e-01   4.908113e-01  -2.759764e+00  -2.768095e+00   1.016127e-05   5.758873e+03   1.603379e-01  -1.979522e+00  -1.988716e+00   9.145146e-05   2.153796e+02   3.145155e-01
    41  -2.498855e+00  -2.510067e+00   6.299246e-05   5.802066e+03   1.677783e-01   4.907736e-01  -2.742932e+00  -2.751267e+00   1.140364e-05   5.750359e+03   1.603374e-01  -1.960798e+00  -1.970059e+00   1.026328e-04   2.108826e+02   3.143174e-01
    42  -2.476134e+00  -2.487346e+00   7.340265e-05   5.765458e+03   1.677981e-01   4.907317e-01  -2.726092e+00  -2.734431e+00   1.279765e-05   5.741178e+03   1.603368e-01  -1.941925e+00  -1.951259e+00   1.151788e-04   2.061762e+02   3.141010e-01
    43  -2.453412e+00  -2.464624e+00   8.549773e-05   5.725500e+03   1.678199e-01   4.906855e-01  -2.709244e+00  -2.717586e+00   1.436173e-05   5.731278e+03   1.603362e-01  -1.922895e+00  -1.932306e+00   1.292556e-04   2.012619e+02   3.138642e-01
    44  -2.430691e+00  -2.441903e+00   9.953599e-05   5.681291e+03   1.678445e-01   4.906340e-01  -2.692387e+00  -2.700734e+00   1.611658e-05   5.720606e+03   1.603356e-01  -1.903697e+00  -1.913190e+00   1.450492e-04   1.961429e+02   3.136051e-01
    45  -2.407969e+00  -2.419181e+00   1.158234e-04   5.632936e+03   1.678715e-01   4.905767e-01  -2.675520e+00  -2.683872e+00   1.808538e-05   5.709101e+03   1.603348e-01  -1.884319e+00  -1.893900e+00   1.627684e-04   1.908242e+02   3.133214e-01
    46  -2.385248e+00  -2.396460e+00   1.347023e-04   5.580334e+03   1.679013e-01   4.905136e-01  -2.658643e+00  -2.667000e+00   2.029410e-05   5.696701e+03   1.603341e-01  -1.864752e+00  -1.874425e+00   1.826469e-04   1.853130e+02   3.130105e-01
    47  -2.362526e+00  -2.373738e+00   1.565525e-04   5.522472e+03   1.679345e-01   4.904433e-01  -2.641754e+00  -2.650117e+00   2.277188e-05   5.683340e+03   1.603332e-01  -1.844982e+00  -1.854754e+00   2.049469e-04   1.796187e+02   3.126697e-01
    48  -2.339805e+00  -2.351017e+00   1.818302e-04   5.459355e+03   1.679713e-01   4.903652e-01  -2.624854e+00  -2.633222e+00   2.555133e-05   5.668943e+03   1.603323e-01  -1.824998e+00  -1.834875e+00   2.299619e-04   1.737534e+02   3.122959e-01
    49  -2.317083e+00  -2.328295e+00   2.110416e-04   5.391007e+03   1.680118e-01   4.902791e-01  -2.607940e+00  -2.616314e+00   2.866900e-05   5.653436e+03   1.603313e-01  -1.804788e+00  -1.814776e+00   2.580210e-04   1.677320e+02   3.118860e-01
    50  -2.294362e+00  -2.305574e+00   2.447227e-04   5.316506e+03   1.680568e-01   4.901833e-01  -2.591011e+00  -2.599393e+00   3.216583e-05   5.636734e+03   1.603303e-01  -1.784339e+00  -1.794443e+00   2.894925e-04   1.615709e+02   3.114364e-01
    51  -2.271640e+00  -2.282852e+00   2.835374e-04   5.235419e+03   1.681068e-01   4.900768e-01  -2.574068e+00  -2.582457e+00   3.608769e-05   5.618751e+03   1.603291e-01  -1.763639e+00  -1.773866e+00   3.247892e-04   1.552891e+02   3.109431e-01
    52  -2.248919e+00  -2.260131e+00   3.282065e-04   5.148130e+03   1.681618e-01   4.899596e-01  -2.557108e+00  -2.565505e+00   4.048589e-05   5.599393e+03   1.603279e-01  -1.742675e+00  -1.753030e+00   3.643730e-04   1.489078e+02   3.104017e-01
    53  -2.226197e+00  -2.237409e+00   3.794922e-04   5.054270e+03   1.682222e-01   4.898294e-01  -2.540129e+00  -2.548535e+00   4.541793e-05   5.578561e+03   1.603265e-01  -1.721434e+00  -1.731925e+00   4.087614e-04   1.424500e+02   3.098074e-01
    54  -2.203476e+00  -2.214688e+00   4.382735e-04   4.952245e+03   1.682899e-01   4.896845e-01  -2.523131e+00  -2.531547e+00   5.094813e-05   5.556148e+03   1.603251e-01  -1.699905e+00  -1.710536e+00   4.585331e-04   1.359408e+02   3.091551e-01
    55  -2.180754e+00  -2.191966e+00   5.055570e-04   4.843264e+03   1.683645e-01   4.895249e-01  -2.506113e+00  -2.514539e+00   5.714846e-05   5.532042e+03   1.603235e-01  -1.678076e+00  -1.688853e+00   5.143362e-04   1.294065e+02   3.084392e-01
    56  -2.158033e+00  -2.169245e+00   5.824191e-04   4.727211e+03   1.684466e-01   4.893493e-01  -2.489071e+00  -2.497508e+00   6.409947e-05   5.506124e+03   1.603218e-01  -1.655934e+00  -1.666864e+00   5.768952e-04   1.228748e+02   3.076534e-01
    57  -2.135311e+00  -2.146523e+00   6.699020e-04   4.603388e+03   1.685362e-01   4.891519e-01  -2.472005e+00  -2.480454e+00   7.189120e-05   5.478268e+03   1.603199e-01  -1.633471e+00  -1.644558e+00   6.470208e-04   1.163767e+02   3.067928e-01
    58  -2.112590e+00  -2.123802e+00   7.693295e-04   4.471248e+03   1.686368e-01   4.889353e-01  -2.454912e+00  -2.463374e+00   8.062434e-05   5.448341e+03   1.603179e-01  -1.610678e+00  -1.621925e+00   7.256191e-04   1.099414e+02   3.058512e-01
    59  -2.089868e+00  -2.101080e+00   8.820809e-04   4.332033e+03   1.687475e-01   4.886971e-01  -2.437790e+00  -2.446267e+00   9.041145e-05   5.416202e+03   1.603157e-01  -1.587546e+00  -1.598958e+00   8.137030e-04   1.035972e+02   3.048219e-01
    60  -2.067147e+00  -2.078359e+00   1.009594e-03   4.185934e+03   1.688683e-01   4.884330e-01  -2.420638e+00  -2.429129e+00   1.013782e-04   5.381705e+03   1.603133e-01  -1.564070e+00  -1.575650e+00   9.124042e-04   9.737135e+01   3.036975e-01
    61  -2.044425e+00  -2.055637e+00   1.153261e-03   4.033251e+03   1.689996e-01   4.881388e-01  -2.403451e+00  -2.411959e+00   1.136652e-04   5.344694e+03   1.603107e-01  -1.540245e+00  -1.551994e+00   1.022987e-03   9.128986e+01   3.024707e-01
    62  -2.021704e+00  -2.032916e+00   1.314550e-03   3.872851e+03   1.691472e-01   4.878168e-01  -2.386229e+00  -2.394755e+00   1.274290e-04   5.305008e+03   1.603079e-01  -1.516069e+00  -1.527989e+00   1.146861e-03   8.537777e+01   3.011346e-01
    63  -1.998982e+00  -2.010194e+00   1.495233e-03   3.706833e+03   1.693094e-01   4.874634e-01  -2.368966e+00  -2.377512e+00   1.428448e-04   5.262478e+03   1.603049e-01  -1.491542e+00  -1.503632e+00   1.285603e-03   7.965970e+01   2.996860e-01
    64  -1.976261e+00  -1.987473e+00   1.696939e-03   3.535976e+03   1.694864e-01   4.870733e-01  -2.351662e+00  -2.360228e+00   1.601076e-04   5.216929e+03   1.603016e-01  -1.466666e+00  -1.478926e+00   1.440968e-03   7.415446e+01   2.981182e-01
    65  -1.953539e+00  -1.964752e+00   1.921322e-03   3.361072e+03   1.696784e-01   4.866396e-01  -2.334311e+00  -2.342900e+00   1.794350e-04   5.168179e+03   1.602980e-01  -1.441446e+00  -1.453873e+00   1.614915e-03   6.887773e+01   2.964242e-01
    66  -1.930818e+00  -1.942030e+00   2.170003e-03   3.183086e+03   1.698885e-01   4.861641e-01  -2.316910e+00  -2.325523e+00   2.010695e-04   5.116043e+03   1.602940e-01  -1.415889e+00  -1.428480e+00   1.809625e-03   6.384205e+01   2.945972e-01
    67  -1.908096e+00  -1.919309e+00   2.444544e-03   3.003041e+03   1.701183e-01   4.856434e-01  -2.299456e+00  -2.308095e+00   2.252809e-04   5.060329e+03   1.602898e-01  -1.390006e+00  -1.402755e+00   2.027528e-03   5.905930e+01   2.926396e-01
    68  -1.885375e+00  -1.896587e+00   2.745990e-03   2.821812e+03   1.703699e-01   4.850742e-01  -2.281942e+00  -2.290611e+00   2.523697e-04   5.000843e+03   1.602851e-01  -1.363808e+00  -1.376709e+00   2.271328e-03   5.453551e+01   2.905486e-01
    69  -1.862653e+00  -1.873866e+00   3.075918e-03   2.640295e+03   1.706457e-01   4.844517e-01  -2.264366e+00  -2.273065e+00   2.826700e-04   4.937387e+03   1.602800e-01  -1.337310e+00  -1.350357e+00   2.544030e-03   5.027295e+01   2.883199e-01
    70  -1.839932e+00  -1.851144e+00   3.435681e-03   2.460372e+03   1.709429e-01   4.837631e-01  -2.246721e+00  -2.255454e+00   3.165529e-04   4.869765e+03   1.602745e-01  -1.310529e+00  -1.323713e+00   2.848976e-03   4.627128e+01   2.859509e-01
    71  -1.817210e+00  -1.828423e+00   3.826366e-03   2.283295e+03   1.712653e-01   4.830127e-01  -2.229002e+00  -2.237771e+00   3.544306e-04   4.797781e+03   1.602685e-01  -1.283482e+00  -1.296795e+00   3.189875e-03   4.252883e+01   2.834540e-01
    72  -1.794489e+00  -1.805701e+00   4.248883e-03   2.110246e+03   1.716144e-01   4.821962e-01  -2.211203e+00  -2.220011e+00   3.967602e-04   4.721242e+03   1.602619e-01  -1.256190e+00  -1.269622e+00   3.570842e-03   3.903959e+01   2.808278e-01
    73  -1.771767e+00  -1.782980e+00   4.703970e-03   1.942337e+03   1.719914e-01   4.813093e-01  -2.193316e+00  -2.202167e+00   4.440486e-04   4.639964e+03   1.602546e-01  -1.228674e+00  -1.242214e+00   3.996438e-03   3.579567e+01   2.780712e-01
    74  -1.749046e+00  -1.760258e+00   5.192198e-03   1.780588e+03   1.723973e-01   4.803475e-01  -2.175335e+00  -2.184233e+00   4.968567e-04   4.553770e+03   1.602467e-01  -1.200954e+00  -1.214593e+00   4.471711e-03   3.278810e+01   2.751998e-01
    75  -1.726324e+00  -1.737537e+00   5.713995e-03   1.625892e+03   1.728329e-01   4.793059e-01  -2.157252e+00  -2.166199e+00   5.558049e-04   4.462496e+03   1.602380e-01  -1.173053e+00  -1.186779e+00   5.002244e-03   3.000615e+01   2.722203e-01
    76  -1.703603e+00  -1.714815e+00   6.269675e-03   1.478998e+03   1.732989e-01   4.781797e-01  -2.139058e+00  -2.148060e+00   6.215784e-04   4.365997e+03   1.602285e-01  -1.144991e+00  -1.158795e+00   5.594206e-03   2.743816e+01   2.691337e-01
    77  -1.680881e+00  -1.692094e+00   6.857111e-03   1.340237e+03   1.737976e-01   4.769668e-01  -2.120744e+00  -2.129804e+00   6.949331e-04   4.264149e+03   1.602180e-01  -1.116791e+00  -1.130662e+00   6.254398e-03   2.507182e+01   2.659561e-01
    78  -1.658160e+00  -1.669372e+00   7.477265e-03   1.209912e+03   1.743307e-01   4.756660e-01  -2.102299e+00  -2.111423e+00   7.767016e-04   4.156854e+03   1.602065e-01  -1.088472e+00  -1.102400e+00   6.990315e-03   2.289456e+01   2.627000e-01
    79  -1.635438e+00  -1.646651e+00   8.130410e-03   1.088663e+03   1.748953e-01   4.742730e-01  -2.083712e+00  -2.092906e+00   8.677999e-04   4.044046e+03   1.601938e-01  -1.060053e+00  -1.074030e+00   7.810199e-03   2.089394e+01   2.593666e-01
    80  -1.612717e+00  -1.623929e+00   8.816622e-03   9.766019e+02   1.754906e-01   4.727845e-01  -2.064972e+00  -2.074241e+00   9.692334e-04   3.925699e+03   1.601798e-01  -1.031552e+00  -1.045569e+00   8.723100e-03   1.905739e+01   2.559726e-01
    81  -1.589995e+00  -1.601208e+00   9.536135e-03   8.736747e+02   1.761154e-01   4.711963e-01  -2.046065e+00  -2.055416e+00   1.082104e-03   3.801829e+03   1.601643e-01  -1.002987e+00  -1.017035e+00   9.738939e-03   1.737278e+01   2.525312e-01
    82  -1.567274e+00  -1.578486e+00   1.028939e-02   7.796811e+02   1.767681e-01   4.695025e-01  -2.026977e+00  -2.036416e+00   1.207619e-03   3.672507e+03   1.601472e-01  -9.743712e-01  -9.884433e-01   1.086857e-02   1.582880e+01   2.490428e-01
    83  -1.544553e+00  -1.555765e+00   1.106810e-02   6.940725e+02   1.774505e-01   4.677106e-01  -2.007692e+00  -2.017227e+00   1.347093e-03   3.537857e+03   1.601281e-01  -9.457192e-01  -9.598089e-01   1.212383e-02   1.441425e+01   2.455233e-01
    84  -1.521831e+00  -1.533043e+00   1.187753e-02   6.163364e+02   1.781626e-01   4.658403e-01  -1.988193e+00  -1.997833e+00   1.501960e-03   3.398074e+03   1.601070e-01  -9.170426e-01  -9.311442e-01   1.351764e-02   1.311873e+01   2.419838e-01
    85  -1.499110e+00  -1.510322e+00   1.272071e-02   5.464653e+02   1.788956e-01   4.638694e-01  -1.968462e+00  -1.978215e+00   1.673778e-03   3.253421e+03   1.600834e-01  -8.883523e-01  -9.024606e-01   1.506400e-02   1.193283e+01   2.384230e-01
    86  -1.476388e+00  -1.487600e+00   1.359822e-02   4.839034e+02   1.796476e-01   4.617907e-01  -1.948477e+00  -1.958355e+00   1.864235e-03   3.104242e+03   1.600570e-01  -8.596575e-01  -8.737679e-01   1.677812e-02   1.084736e+01   2.348537e-01
    87  -1.453667e+00  -1.464879e+00   1.449444e-02   4.278334e+02   1.804198e-01   4.596476e-01  -1.928218e+00  -1.938229e+00   2.075155e-03   2.950962e+03   1.600275e-01  -8.309657e-01  -8.450747e-01   1.867640e-02   9.853961e+00   2.312846e-01
    88  -1.430945e+00  -1.442157e+00   1.542657e-02   3.778595e+02   1.812038e-01   4.574384e-01  -1.907659e+00  -1.917817e+00   2.308502e-03   2.794099e+03   1.599944e-01  -8.022841e-01  -8.163882e-01   2.077651e-02   8.945187e+00   2.277127e-01
    89  -1.408224e+00  -1.419436e+00   1.639681e-02   3.335785e+02   1.819956e-01   4.551212e-01  -1.886775e+00  -1.897092e+00   2.566382e-03   2.634260e+03   1.599572e-01  -7.736185e-01  -7.877149e-01   2.309744e-02   8.113905e+00   2.241453e-01
    90  -1.385502e+00  -1.396714e+00   1.738332e-02   2.942917e+02   1.827929e-01   4.527647e-01  -1.865536e+00  -1.876026e+00   2.851052e-03   2.472146e+03   1.599151e-01  -7.449736e-01  -7.590599e-01   2.565947e-02   7.353594e+00   2.205902e-01
    91  -1.362781e+00  -1.373993e+00   1.840999e-02   2.595485e+02   1.835864e-01   4.503858e-01  -1.843912e+00  -1.854589e+00   3.164909e-03   2.308548e+03   1.598675e-01  -7.163538e-01  -7.304280e-01   2.848418e-02   6.658518e+00   2.170427e-01
    92  -1.340059e+00  -1.351271e+00   1.947229e-02   2.289511e+02   1.843756e-01   4.478844e-01  -1.821867e+00  -1.832750e+00   3.510500e-03   2.144348e+03   1.598134e-01  -6.877632e-01  -7.018233e-01   3.159450e-02   6.023299e+00   2.135031e-01
    93  -1.317338e+00  -1.328550e+00   2.055829e-02   2.019357e+02   1.851406e-01   4.453830e-01  -1.799366e+00  -1.810471e+00   3.890506e-03   1.980504e+03   1.597517e-01  -6.592047e-01  -6.732492e-01   3.501455e-02   5.442890e+00   2.099803e-01
    94  -1.294616e+00  -1.305828e+00   2.169190e-02   1.781924e+02   1.858891e-01   4.428338e-01  -1.776367e+00  -1.787714e+00   4.307744e-03   1.818045e+03   1.596811e-01  -6.306815e-01  -6.447089e-01   3.876969e-02   4.912917e+00   2.064684e-01
    95  -1.271895e+00  -1.283107e+00   2.285155e-02   1.573214e+02   1.866179e-01   4.402400e-01  -1.752827e+00  -1.764438e+00   4.765149e-03   1.658050e+03   1.596001e-01  -6.021971e-01  -6.162058e-01   4.288634e-02   4.429331e+00   2.029627e-01
    96  -1.249173e+00  -1.260385e+00   2.405633e-02   1.389737e+02   1.873044e-01   4.377262e-01  -1.728700e+00  -1.740596e+00   5.265762e-03   1.501630e+03   1.595067e-01  -5.737543e-01  -5.877429e-01   4.739186e-02   3.988285e+00   1.994694e-01
    97  -1.226452e+00  -1.237664e+00   2.530352e-02   1.228694e+02   1.879695e-01   4.350931e-01  -1.703934e+00  -1.716140e+00   5.812709e-03   1.349903e+03   1.593987e-01  -5.453565e-01  -5.593233e-01   5.231439e-02   3.586391e+00   1.959847e-01
    98  -1.203730e+00  -1.214942e+00   2.658860e-02   1.087176e+02   1.885728e-01   4.326300e-01  -1.678477e+00  -1.691019e+00   6.409179e-03   1.203967e+03   1.592732e-01  -5.170075e-01  -5.309507e-01   5.768261e-02   3.220544e+00   1.925028e-01
    99  -1.181009e+00  -1.192221e+00   2.793121e-02   9.629024e+01   1.891367e-01   4.300374e-01  -1.652271e+00  -1.665176e+00   7.058390e-03   1.064869e+03   1.591270e-01  -4.887115e-01  -5.026291e-01   6.352551e-02   2.887855e+00   1.890208e-01
   100  -1.158287e+00  -1.169499e+00   2.930860e-02   8.536953e+01   1.896384e-01   4.275417e-01  -1.625257e+00  -1.638554e+00   7.763557e-03   9.335699e+02   1.589558e-01  -4.604730e-01  -4.743628e-01   6.987202e-02   2.585623e+00   1.855416e-01
   101  -1.135566e+00  -1.146778e+00   3.075542e-02   7.576947e+01   1.900872e-01   4.250612e-01  -1.597373e+00  -1.611091e+00   8.527855e-03   8.109118e+02   1.587548e-01  -4.322971e-01  -4.461566e-01   7.675069e-02   2.311434e+00   1.820589e-01
   102  -1.112844e+00  -1.124056e+00   3.224301e-02   6.732329e+01   1.904773e-01   4.226307e-01  -1.568558e+00  -1.582727e+00   9.354364e-03   6.975833e+02   1.585181e-01  -4.041900e-01  -4.180162e-01   8.418928e-02   2.063042e+00   1.785673e-01
   103  -1.090123e+00  -1.101335e+00   3.380489e-02   5.988722e+01   1.907988e-01   4.203038e-01  -1.538751e+00  -1.553399e+00   1.024603e-02   5.940929e+02   1.582384e-01  -3.761584e-01  -3.899481e-01   9.221428e-02   1.838341e+00   1.750657e-01
   104  -1.067401e+00  -1.078613e+00   3.542114e-02   5.333205e+01   1.910546e-01   4.179151e-01  -1.507891e+00  -1.523047e+00   1.120560e-02   5.007475e+02   1.579073e-01  -3.482097e-01  -3.619593e-01   1.008504e-01   1.635384e+00   1.715536e-01
   105  -1.044680e+00  -1.055892e+00   3.711538e-02   4.754907e+01   1.912275e-01   4.156854e-01  -1.475928e+00  -1.491616e+00   1.223558e-02   4.176397e+02   1.575147e-01  -3.203521e-01  -3.340575e-01   1.101202e-01   1.452386e+00   1.680258e-01
   106  -1.021958e+00  -1.033170e+00   3.887937e-02   4.244049e+01   1.913455e-01   4.134108e-01  -1.442816e+00  -1.459056e+00   1.333813e-02   3.446390e+02   1.570491e-01  -2.925950e-01  -3.062518e-01   1.200432e-01   1.287681e+00   1.644781e-01
   107  -9.992367e-01  -1.010449e+00   4.072701e-02   3.792274e+01   1.913756e-01   4.113510e-01  -1.408523e+00  -1.425331e+00   1.451507e-02   2.814039e+02   1.564973e-01  -2.649482e-01  -2.785516e-01   1.306356e-01   1.139702e+00   1.609117e-01
   108  -9.765153e-01  -9.877274e-01   4.265944e-02   3.392297e+01   1.913490e-01   4.091917e-01  -1.373035e+00  -1.390417e+00   1.576775e-02   2.274048e+02   1.558447e-01  -2.374226e-01  -2.509674e-01   1.419097e-01   1.007003e+00   1.573253e-01
   109  -9.537938e-01  -9.650059e-01   4.468225e-02   3.037441e+01   1.912248e-01   4.072411e-01  -1.336360e+00  -1.354311e+00   1.709702e-02   1.819500e+02   1.550757e-01  -2.100296e-01  -2.235101e-01   1.538732e-01   8.882452e-01   1.537159e-01
   110  -9.310723e-01  -9.422844e-01   4.680688e-02   2.722491e+01   1.910408e-01   4.052083e-01  -1.298527e+00  -1.317032e+00   1.850319e-02   1.442284e+02   1.541745e-01  -1.827817e-01  -1.961920e-01   1.665287e-01   7.821788e-01   1.500822e-01
   111  -9.083508e-01  -9.195630e-01   4.903199e-02   2.442343e+01   1.907747e-01   4.033610e-01  -1.259598e+00  -1.278626e+00   1.998592e-02   1.133572e+02   1.531263e-01  -1.556914e-01  -1.690253e-01   1.798733e-01   6.876290e-01   1.464286e-01
   112  -8.856293e-01  -8.968415e-01   5.137735e-02   2.193101e+01   1.904423e-01   4.014634e-01  -1.219660e+00  -1.239170e+00   2.154425e-02   8.842344e+01   1.519178e-01  -1.287723e-01  -1.420233e-01   1.938983e-01   6.035230e-01   1.427541e-01
   113  -8.629078e-01  -8.741200e-01   5.383299e-02   1.970805e+01   1.900348e-01   3.996923e-01  -1.178830e+00  -1.198765e+00   2.317650e-02   6.853129e+01   1.505399e-01  -1.020380e-01  -1.151995e-01   2.085885e-01   5.288634e-01   1.390590e-01
   114  -8.401863e-01  -8.513985e-01   5.642829e-02   1.772346e+01   1.895511e-01   3.978836e-01  -1.137249e+00  -1.157542e+00   2.488028e-02   5.283561e+01   1.489880e-01  -7.550257e-02  -8.856767e-02   2.239225e-01   4.627178e-01   1.353491e-01
   115  -8.174648e-01  -8.286770e-01   5.914661e-02   1.594936e+01   1.889957e-01   3.961383e-01  -1.095075e+00  -1.115650e+00   2.665247e-02   4.056963e+01   1.472638e-01  -4.917990e-02  -6.214184e-02   2.398723e-01   4.042356e-01   1.316272e-01
   116  -7.947433e-01  -8.059555e-01   6.202555e-02   1.436206e+01   1.883719e-01   3.943993e-01  -1.052476e+00  -1.073253e+00   2.848926e-02   3.106043e+01   1.453756e-01  -2.308423e-02  -3.593609e-02   2.564033e-01   3.526343e-01   1.278954e-01
   117  -7.720218e-01  -7.832340e-01   6.504665e-02   1.294053e+01   1.876791e-01   3.926765e-01  -1.009623e+00  -1.030521e+00   3.038609e-02   2.373513e+01   1.433379e-01   2.770885e-03  -9.964294e-03   2.734748e-01   3.071874e-01   1.241623e-01
   118  -7.493003e-01  -7.605125e-01   6.824261e-02   1.166452e+01   1.869211e-01   3.909734e-01  -9.666765e-01  -9.876189e-01   3.233779e-02   1.811879e+01   1.411708e-01   2.837203e-02   1.576007e-02   2.910401e-01   2.672387e-01   1.204321e-01
   119  -7.265789e-01  -7.377910e-01   7.160610e-02   1.051915e+01   1.860823e-01   3.892052e-01  -9.237853e-01  -9.447016e-01   3.433854e-02   1.382656e+01   1.388981e-01   5.370623e-02   4.122384e-02   3.090468e-01   2.321883e-01   1.167102e-01
   120  -7.038574e-01  -7.150695e-01   7.516127e-02   9.488189e+00   1.851839e-01   3.874475e-01  -8.810769e-01  -9.019063e-01   3.638198e-02   1.055246e+01   1.365460e-01   7.876154e-02   6.641455e-02   3.274379e-01   2.014870e-01   1.130059e-01
   121  -6.811359e-01  -6.923480e-01   7.891514e-02   8.562681e+00   1.842103e-01   3.856197e-01  -8.386558e-01  -8.593486e-01   3.846132e-02   8.056977e+00   1.341405e-01   1.035265e-01   9.132051e-02   3.461518e-01   1.746433e-01   1.093238e-01
   122  -6.584144e-01  -6.696266e-01   8.287643e-02   7.727397e+00   1.831858e-01   3.837954e-01  -7.966023e-01  -8.171202e-01   4.056933e-02   6.154869e+00   1.317066e-01   1.279908e-01   1.159309e-01   3.651240e-01   1.512080e-01   1.056736e-01
   123  -6.356929e-01  -6.469051e-01   8.706535e-02   6.975714e+00   1.820821e-01   3.818677e-01  -7.549731e-01  -7.752891e-01   4.269857e-02   4.704110e+00   1.292667e-01   1.521453e-01   1.402360e-01   3.842871e-01   1.307811e-01   1.020615e-01
   124  -6.129714e-01  -6.241836e-01   9.147530e-02   6.296414e+00   1.809096e-01   3.798437e-01  -7.138024e-01  -7.339001e-01   4.484138e-02   3.596497e+00   1.268403e-01   1.759818e-01   1.642271e-01   4.035724e-01   1.130020e-01   9.849538e-02
   125  -5.902499e-01  -6.014621e-01   9.614925e-02   5.683737e+00   1.796703e-01   3.777231e-01  -6.731044e-01  -6.929769e-01   4.699004e-02   2.749860e+00   1.244431e-01   1.994935e-01   1.878968e-01   4.229104e-01   9.754864e-02   9.498266e-02
   126  -5.675284e-01  -5.787406e-01   1.010724e-01   5.130794e+00   1.783641e-01   3.755010e-01  -6.328762e-01  -6.525247e-01   4.913689e-02   2.101983e+00   1.220879e-01   2.226747e-01   2.112387e-01   4.422320e-01   8.413495e-02   9.152946e-02
   127  -5.448069e-01  -5.560191e-01   1.062825e-01   4.630802e+00   1.769996e-01   3.731535e-01  -5.930994e-01  -6.125326e-01   5.127438e-02   1.605675e+00   1.197840e-01   2.455211e-01   2.342481e-01   4.614694e-01   7.250525e-02   8.814346e-02
   128  -5.220854e-01  -5.332976e-01   1.117746e-01   4.179334e+00   1.755515e-01   3.706433e-01  -5.537435e-01  -5.729758e-01   5.339523e-02   1.225212e+00   1.175384e-01   2.680296e-01   2.569212e-01   4.805571e-01   6.243480e-02   8.482915e-02
   129  -4.993640e-01  -5.105761e-01   1.175666e-01   3.769674e+00   1.740414e-01   3.679229e-01  -5.147666e-01  -5.338179e-01   5.549246e-02   9.334233e-01   1.153558e-01   2.901986e-01   2.792555e-01   4.994322e-01   5.372316e-02   8.159349e-02
   130  -4.766425e-01  -4.878546e-01   1.236951e-01   3.399774e+00   1.724555e-01   3.650290e-01  -4.761176e-01  -4.950123e-01   5.755952e-02   7.096328e-01   1.132392e-01   3.120273e-01   3.012500e-01   5.180356e-01   4.619553e-02   7.843950e-02
   131  -4.539210e-01  -4.651331e-01   1.301398e-01   3.065011e+00   1.708061e-01   3.619302e-01  -4.377377e-01  -4.565038e-01   5.959029e-02   5.380885e-01   1.111906e-01   3.335166e-01   3.229048e-01   5.363126e-01   3.969644e-02   7.537287e-02
   132  -4.311995e-01  -4.424117e-01   1.369547e-01   2.762119e+00   1.690900e-01   3.585969e-01  -3.995601e-01  -4.182295e-01   6.157921e-02   4.067093e-01   1.092112e-01   3.546681e-01   3.442211e-01   5.542129e-01   3.409107e-02   7.239524e-02
   133  -4.084780e-01  -4.196902e-01   1.441183e-01   2.488118e+00   1.672927e-01   3.550101e-01  -3.615118e-01  -3.801194e-01   6.352128e-02   3.062466e-01   1.073019e-01   3.754849e-01   3.652012e-01   5.716915e-01   2.925997e-02   6.951079e-02
   134  -3.857565e-01  -3.969687e-01   1.516607e-01   2.239311e+00   1.654247e-01   3.510591e-01  -3.235136e-01  -3.420973e-01   6.541207e-02   2.295923e-01   1.054633e-01   3.959706e-01   3.858485e-01   5.887087e-01   2.509997e-02   6.672003e-02
   135  -3.630350e-01  -3.742472e-01   1.596156e-01   2.014491e+00   1.634796e-01   3.468355e-01  -2.854793e-01  -3.040802e-01   6.724777e-02   1.712582e-01   1.036973e-01   4.161303e-01   4.061674e-01   6.052300e-01   2.152006e-02   6.402545e-02
   136  -3.403135e-01  -3.515257e-01   1.679649e-01   1.810993e+00   1.614691e-01   3.422626e-01  -2.473180e-01  -2.659796e-01   6.902518e-02   1.270244e-01   1.020050e-01   4.359694e-01   4.261631e-01   6.212266e-01   1.844176e-02   6.142667e-02
   137  -3.175920e-01  -3.288042e-01   1.767635e-01   1.626956e+00   1.593881e-01   3.373217e-01  -2.089337e-01  -2.277019e-01   7.074168e-02   9.362251e-02   1.003890e-01   4.554944e-01   4.458416e-01   6.366751e-01   1.579627e-02   5.892460e-02
   138  -2.948705e-01  -3.060827e-01   1.859869e-01   1.460645e+00   1.572323e-01   3.320206e-01  -1.702242e-01  -1.891478e-01   7.239525e-02   6.852257e-02   9.885299e-02   4.747124e-01   4.652097e-01   6.515573e-01   1.352424e-02   5.651817e-02
   139  -2.721490e-01  -2.833612e-01   1.956533e-01   1.309691e+00   1.549950e-01   3.261458e-01  -1.310890e-01  -1.502159e-01   7.398442e-02   4.977764e-02   9.739821e-02   4.936311e-01   4.842747e-01   6.658598e-01   1.157395e-02   5.420692e-02
   140  -2.494276e-01  -2.606397e-01   2.058034e-01   1.173406e+00   1.526816e-01   3.198639e-01  -9.142544e-02  -1.108046e-01   7.550824e-02   3.587075e-02   9.602821e-02   5.122587e-01   5.030447e-01   6.795741e-01   9.900763e-03   5.198926e-02
   141  -2.267061e-01  -2.379182e-01   2.164167e-01   1.050269e+00   1.503019e-01   3.130438e-01  -5.114223e-02  -7.081694e-02   7.696625e-02   2.563727e-02   9.473953e-02   5.306039e-01   5.215282e-01   6.926962e-01   8.466004e-03   4.986363e-02
   142  -2.039846e-01  -2.151967e-01   2.275461e-01   9.391370e-01   1.478519e-01   3.056889e-01  -1.016143e-02  -3.016863e-02   7.835843e-02   1.817216e-02   9.352631e-02   5.486760e-01   5.397340e-01   7.052259e-01   7.236264e-03   4.782808e-02
   143  -1.812631e-01  -1.924753e-01   2.391696e-01   8.389064e-01   1.453317e-01   2.978059e-01   3.155863e-02   1.119938e-02   7.968518e-02   1.278290e-02   9.236426e-02   5.664842e-01   5.576713e-01   7.171666e-01   6.182734e-03   4.588018e-02
   144  -1.585416e-01  -1.697538e-01   2.512865e-01   7.484458e-01   1.427464e-01   2.892244e-01   7.401297e-02   5.330436e-02   8.094723e-02   8.933622e-03   9.121537e-02   5.840383e-01   5.753499e-01   7.285251e-01   5.280513e-03   4.401778e-02
   145  -1.358201e-01  -1.470323e-01   2.639144e-01   6.667850e-01   1.400740e-01   2.800088e-01   1.171198e-01   9.610099e-02   8.214565e-02   6.216512e-03   9.000881e-02   6.013482e-01   5.927795e-01   7.393109e-01   4.508216e-03   4.223789e-02
   146  -1.130986e-01  -1.243108e-01   2.770522e-01   5.932589e-01   1.373397e-01   2.700073e-01   1.606987e-01   1.394556e-01   8.328178e-02   4.320851e-03   8.863914e-02   6.184240e-01   6.099700e-01   7.495361e-01   3.847361e-03   4.053811e-02
   147  -9.037713e-02  -1.015893e-01   2.907390e-01   5.271554e-01   1.345419e-01   2.593610e-01   2.044626e-01   1.831317e-01   8.435718e-02   3.011913e-03   8.697582e-02   6.352759e-01   6.269317e-01   7.592146e-01   3.282098e-03   3.891539e-02
   148  -6.765563e-02  -7.886780e-02   3.049281e-01   4.677592e-01   1.316854e-01   2.479784e-01   2.480299e-01   2.267924e-01   8.537360e-02   2.115055e-03   8.488563e-02   6.519142e-01   6.436747e-01   7.683624e-01   2.798775e-03   3.736685e-02
   149  -4.493414e-02  -5.614631e-02   3.196629e-01   4.144434e-01   1.287717e-01   2.358185e-01   2.909675e-01   2.700291e-01   8.633296e-02   1.502589e-03   8.227443e-02   6.683492e-01   6.602095e-01   7.769966e-01   2.385663e-03   3.588964e-02
   150  -2.221265e-02  -3.342482e-02   3.349075e-01   3.666412e-01   1.258021e-01   2.229492e-01   3.328567e-01   3.124169e-01   8.723728e-02   1.083313e-03   7.912702e-02   6.845911e-01   6.765461e-01   7.851355e-01   2.032700e-03   3.448065e-02
   151   5.088368e-04  -1.070333e-02   3.506326e-01   3.237957e-01   1.227789e-01   2.092434e-01   3.733564e-01   3.535785e-01   8.808869e-02   7.938398e-04   7.551942e-02   7.006503e-01   6.926949e-01   7.927982e-01   1.731231e-03   3.313709e-02
   152   2.323033e-02   1.201816e-02   3.668426e-01   2.854037e-01   1.196944e-01   1.947829e-01   4.122393e-01   3.932329e-01   8.888935e-02   5.912631e-04   7.159295e-02   7.165368e-01   7.086662e-01   8.000042e-01   1.473844e-03   3.185599e-02
   153   4.595182e-02   3.473965e-02   3.835308e-01   2.511140e-01   1.165667e-01   1.795763e-01   4.493952e-01   4.312145e-01   8.964150e-02   4.471127e-04   6.751083e-02   7.322608e-01   7.244700e-01   8.067735e-01   1.254178e-03   3.063439e-02
   154   6.867331e-02   5.746114e-02   4.006922e-01   2.205283e-01   1.134011e-01   1.637269e-01   4.848109e-01   4.674639e-01   9.034736e-02   3.427018e-04   6.342025e-02   7.478321e-01   7.401162e-01   8.131263e-01   1.066774e-03   2.946963e-02
   155   9.139480e-02   8.018263e-02   4.182827e-01   1.932888e-01   1.102008e-01   1.473478e-01   5.185404e-01   5.020030e-01   9.100916e-02   2.657613e-04   5.943312e-02   7.632605e-01   7.556148e-01   8.190825e-01   9.069604e-04   2.835884e-02
   156   1.141163e-01   1.029041e-01   4.363017e-01   1.690633e-01   1.069722e-01   1.304405e-01   5.506782e-01   5.349065e-01   9.162911e-02   2.081612e-04   5.562336e-02   7.785555e-01   7.709753e-01   8.246619e-01   7.707304e-04   2.729935e-02
   157   1.368378e-01   1.256256e-01   4.546871e-01   1.475557e-01   1.037197e-01   1.132642e-01   5.813392e-01   5.662792e-01   9.220936e-02   1.644297e-04   5.203345e-02   7.937265e-01   7.862072e-01   8.298843e-01   6.546519e-04   2.628864e-02
   158   1.595593e-01   1.483471e-01   4.734365e-01   1.284921e-01   1.004497e-01   9.581972e-02   6.106440e-01   5.962387e-01   9.275206e-02   1.308236e-04   4.868253e-02   8.087826e-01   8.013198e-01   8.347685e-01   5.557880e-04   2.532413e-02
   159   1.822808e-01   1.710686e-01   4.924751e-01   1.116271e-01   9.716778e-02   7.837497e-02   6.387099e-01   6.249036e-01   9.325926e-02   1.047310e-04   4.557225e-02   8.237328e-01   8.163220e-01   8.393333e-01   4.716239e-04   2.440339e-02
   160   2.050023e-01   1.937901e-01   5.117937e-01   9.673542e-02   9.388055e-02   6.106376e-02   6.656488e-01   6.523882e-01   9.373297e-02   8.428580e-05   4.269653e-02   8.385856e-01   8.312227e-01   8.435967e-01   4.000060e-04   2.352416e-02
   161   2.277237e-01   2.165116e-01   5.313116e-01   8.361372e-02   9.059461e-02   4.399493e-02   6.915643e-01   6.787998e-01   9.417513e-02   6.814038e-05   4.004377e-02   8.533493e-01   8.460301e-01   8.475762e-01   3.390936e-04   2.268417e-02
   162   2.504452e-01   2.392331e-01   5.510066e-01   7.207712e-02   8.731666e-02   2.757309e-02   7.165498e-01   7.042367e-01   9.458760e-02   5.530650e-05   3.759822e-02   8.680320e-01   8.607527e-01   8.512884e-01   2.873118e-04   2.188127e-02
   163   2.731667e-01   2.619546e-01   5.708004e-01   6.195734e-02   8.405446e-02   1.152680e-02   7.406913e-01   7.287883e-01   9.497216e-02   4.504273e-05   3.534499e-02   8.826415e-01   8.753982e-01   8.547495e-01   2.433134e-04   2.111347e-02
   164   2.958882e-01   2.846760e-01   5.906545e-01   5.310313e-02   8.081392e-02  -3.280670e-03   7.640649e-01   7.525353e-01   9.533053e-02   3.679424e-05   3.326785e-02   8.971851e-01   8.899742e-01   8.579748e-01   2.059476e-04   2.037882e-02
   165   3.186097e-01   3.073975e-01   6.104956e-01   4.537542e-02   7.760453e-02  -1.779359e-02   7.867402e-01   7.755505e-01   9.566433e-02   3.013424e-05   3.135217e-02   9.116702e-01   9.044880e-01   8.609789e-01   1.742311e-04   1.967547e-02
   166   3.413312e-01   3.301190e-01   6.302724e-01   3.865084e-02   7.443021e-02  -3.042619e-02   8.087795e-01   7.978996e-01   9.597510e-02   2.473645e-05   2.958348e-02   9.261033e-01   9.189467e-01   8.637759e-01   1.473238e-04   1.900168e-02
   167   3.640527e-01   3.528405e-01   6.499178e-01   3.281483e-02   7.130270e-02  -4.312942e-02   8.302392e-01   8.196419e-01   9.626433e-02   2.034571e-05   2.794902e-02   9.404912e-01   9.333569e-01   8.663790e-01   1.245083e-04   1.835583e-02
   168   3.867742e-01   3.755620e-01   6.693717e-01   2.776700e-02   6.822286e-02  -5.328593e-02   8.511700e-01   8.408307e-01   9.653340e-02   1.676378e-05   2.643647e-02   9.548399e-01   9.477248e-01   8.688006e-01   1.051729e-04   1.773635e-02
   169   4.094957e-01   3.982835e-01   6.885748e-01   2.341379e-02   6.520327e-02  -6.341634e-02   8.716181e-01   8.615144e-01   9.678363e-02   1.383333e-05   2.503523e-02   9.691554e-01   9.620566e-01   8.710527e-01   8.879551e-05   1.714178e-02
   170   4.322172e-01   4.210050e-01   7.074620e-01   1.967294e-02   6.224598e-02  -7.179997e-02   8.916252e-01   8.817368e-01   9.701626e-02   1.143037e-05   2.373507e-02   9.834431e-01   9.763580e-01   8.731464e-01   7.493098e-05   1.657073e-02
   171   4.549386e-01   4.437265e-01   7.259818e-01   1.646926e-02   5.935899e-02  -7.933763e-02   9.112294e-01   9.015379e-01   9.723247e-02   9.455744e-06   2.252713e-02   9.977084e-01   9.906343e-01   8.750922e-01   6.320001e-05   1.602195e-02
   172   4.776601e-01   4.664480e-01   7.439698e-01   1.373340e-02   5.654526e-02  -8.633444e-02   9.304654e-01   9.209539e-01   9.743336e-02   7.829994e-06   2.140331e-02   1.011956e+00   1.004891e+00   8.769002e-01   5.327958e-05   1.549421e-02
   173   5.003816e-01   4.891695e-01   7.614498e-01   1.140423e-02   5.380572e-02  -9.165615e-02   9.493646e-01   9.400178e-01   9.761996e-02   6.489427e-06   2.035608e-02   1.026191e+00   1.019132e+00   8.785797e-01   4.489471e-05   1.498639e-02
   174   5.231031e-01   5.118909e-01   7.783976e-01   9.432991e-03   5.115199e-02  -9.657783e-02   9.679560e-01   9.587598e-01   9.779325e-02   5.382378e-06   1.937891e-02   1.040418e+00   1.033363e+00   8.801393e-01   3.781144e-05   1.449743e-02
   175   5.458246e-01   5.346124e-01   7.947692e-01   7.771541e-03   4.858715e-02  -1.008859e-01   9.862661e-01   9.772076e-01   9.795415e-02   4.467005e-06   1.846578e-02   1.054640e+00   1.047587e+00   8.815874e-01   3.183082e-05   1.402635e-02
   176   5.685461e-01   5.573339e-01   8.104583e-01   6.376927e-03   4.611235e-02  -1.039420e-01   1.004319e+00   9.953864e-01   9.810351e-02   3.709337e-06   1.761115e-02   1.068861e+00   1.061809e+00   8.829315e-01   2.678381e-05   1.357224e-02
   177   5.912676e-01   5.800554e-01   8.254033e-01   5.207860e-03   4.372710e-02  -1.066350e-01   1.022137e+00   1.013319e+00   9.824212e-02   3.081602e-06   1.681016e-02   1.083086e+00   1.076032e+00   8.841791e-01   2.252682e-05   1.313424e-02
   178   6.139891e-01   6.027769e-01   8.396792e-01   4.235552e-03   4.143799e-02  -1.088020e-01   1.039740e+00   1.031028e+00   9.837074e-02   2.561081e-06   1.605836e-02   1.097317e+00   1.090260e+00   8.853367e-01   1.893799e-05   1.271155e-02
   179   6.367106e-01   6.254984e-01   8.532221e-01   3.430706e-03   3.924618e-02  -1.103998e-01   1.057148e+00   1.048532e+00   9.849008e-02   2.129158e-06   1.535173e-02   1.111557e+00   1.104495e+00   8.864107e-01   1.591394e-05   1.230345e-02
   180   6.594321e-01   6.482199e-01   8.659234e-01   2.765673e-03   3.714903e-02  -1.113087e-01   1.074377e+00   1.065848e+00   9.860077e-02   1.770549e-06   1.468657e-02   1.125810e+00   1.118742e+00   8.874069e-01   1.336703e-05   1.190923e-02
   181   6.821536e-01   6.709414e-01   8.779230e-01   2.220072e-03   3.514923e-02  -1.117511e-01   1.091444e+00   1.082994e+00   9.870344e-02   1.472654e-06   1.405961e-02   1.140078e+00   1.133002e+00   8.883310e-01   1.122299e-05   1.152826e-02
   182   7.048750e-01   6.936629e-01   8.891028e-01   1.774744e-03   3.324623e-02  -1.117281e-01   1.108362e+00   1.099985e+00   9.879865e-02   1.225085e-06   1.346786e-02   1.154363e+00   1.147279e+00   8.891879e-01   9.418946e-06   1.115994e-02
   183   7.275965e-01   7.163844e-01   8.995229e-01   1.412100e-03   3.143786e-02  -1.112681e-01   1.125146e+00   1.116835e+00   9.888694e-02   1.019265e-06   1.290861e-02   1.168668e+00   1.161574e+00   8.899825e-01   7.901681e-06   1.080373e-02
   184   7.503180e-01   7.391059e-01   9.092026e-01   1.119235e-03   2.972349e-02  -1.103512e-01   1.141807e+00   1.133556e+00   9.896880e-02   8.481024e-07   1.237939e-02   1.182994e+00   1.175890e+00   8.907192e-01   6.626185e-06   1.045909e-02
   185   7.730395e-01   7.618273e-01   9.181079e-01   8.831237e-04   2.810056e-02  -1.090013e-01   1.158358e+00   1.150161e+00   9.904468e-02   7.057295e-07   1.187796e-02   1.197344e+00   1.190228e+00   8.914021e-01   5.554409e-06   1.012555e-02
   186   7.957610e-01   7.845488e-01   9.263340e-01   6.942227e-04   2.656646e-02  -1.072355e-01   1.174808e+00   1.166661e+00   9.911502e-02   5.872799e-07   1.140229e-02   1.211719e+00   1.204591e+00   8.920352e-01   4.654208e-06   9.802654e-03
   187   8.184825e-01   8.072703e-01   9.338332e-01   5.434813e-04   2.511854e-02  -1.050669e-01   1.191167e+00   1.183064e+00   9.918022e-02   4.887184e-07   1.095055e-02   1.226122e+00   1.218980e+00   8.926220e-01   3.898437e-06   9.489984e-03
   188   8.412040e-01   8.299918e-01   9.407063e-01   4.239947e-04   2.375291e-02  -1.025368e-01   1.207445e+00   1.199382e+00   9.924064e-02   4.066962e-07   1.052106e-02   1.240552e+00   1.233397e+00   8.931658e-01   3.264190e-06   9.187144e-03
   189   8.639255e-01   8.527133e-01   9.469379e-01   3.295339e-04   2.246672e-02  -9.965292e-02   1.223648e+00   1.215622e+00   9.929664e-02   3.384323e-07   1.011230e-02   1.255012e+00   1.247842e+00   8.936698e-01   2.732146e-06   8.893766e-03
   190   8.866470e-01   8.754348e-01   9.525949e-01   2.553421e-04   2.125512e-02  -9.648115e-02   1.239786e+00   1.231792e+00   9.934853e-02   2.816160e-07   9.722870e-03   1.269502e+00   1.262318e+00   8.941368e-01   2.286016e-06   8.609503e-03
   191   9.093685e-01   8.981563e-01   9.577128e-01   1.971851e-04   2.011548e-02  -9.301439e-02   1.255865e+00   1.247900e+00   9.939661e-02   2.343261e-07   9.351507e-03   1.284025e+00   1.276824e+00   8.945695e-01   1.912073e-06   8.334029e-03
   192   9.320899e-01   9.208778e-01   9.623074e-01   1.518749e-04   1.904249e-02  -8.934094e-02   1.271890e+00   1.263951e+00   9.944116e-02   1.949653e-07   8.997049e-03   1.298579e+00   1.291363e+00   8.949705e-01   1.598760e-06   8.067039e-03
   193   9.548114e-01   9.435993e-01   9.664665e-01   1.166566e-04   1.803301e-02  -8.548351e-02   1.287869e+00   1.279953e+00   9.948244e-02   1.622046e-07   8.658444e-03   1.313167e+00   1.305934e+00   8.953420e-01   1.336346e-06   7.808243e-03
   194   9.775329e-01   9.663208e-01   9.701571e-01   8.939911e-05   1.708270e-02  -8.150250e-02   1.303807e+00   1.295911e+00   9.952068e-02   1.349381e-07   8.334725e-03   1.327789e+00   1.320539e+00   8.956861e-01   1.116644e-06   7.557369e-03
   195   1.000254e+00   9.890422e-01   9.734849e-01   6.836937e-05   1.618775e-02  -7.743969e-02   1.319708e+00   1.311830e+00   9.955610e-02   1.122454e-07   8.025006e-03   1.342445e+00   1.335179e+00   8.960049e-01   9.327685e-07   7.314161e-03
   196   1.022976e+00   1.011764e+00   9.764483e-01   5.218515e-05   1.534490e-02  -7.331585e-02   1.335577e+00   1.327715e+00   9.958892e-02   9.336041e-08   7.728473e-03   1.357135e+00   1.349852e+00   8.963003e-01   7.789331e-07   7.078376e-03
   197   1.045697e+00   1.034485e+00   9.790882e-01   3.977042e-05   1.455012e-02  -6.923259e-02   1.351418e+00   1.343569e+00   9.961931e-02   7.764527e-08   7.444381e-03   1.371861e+00   1.364561e+00   8.965738e-01   6.502749e-07   6.849782e-03
   198   1.068419e+00   1.057207e+00   9.814522e-01   3.026384e-05   1.380076e-02  -6.518225e-02   1.367235e+00   1.359399e+00   9.964747e-02   6.456898e-08   7.172043e-03   1.386622e+00   1.379304e+00   8.968272e-01   5.427103e-07   6.628161e-03
   199   1.091140e+00   1.079928e+00   9.835357e-01   2.300326e-05   1.309336e-02  -6.120175e-02   1.383032e+00   1.375206e+00   9.967355e-02   5.368940e-08   6.910825e-03   1.401418e+00   1.394083e+00   8.970619e-01   4.528111e-07   6.413305e-03
   200   1.113862e+00   1.102650e+00   9.853993e-01   1.746694e-05   1.242525e-02  -5.733975e-02   1.398812e+00   1.390994e+00   9.969770e-02   4.463838e-08   6.660147e-03   1.416250e+00   1.408898e+00   8.972793e-01   3.777009e-07   6.205018e-03
   201   1.136583e+00   1.125371e+00   9.870477e-01   1.325161e-05   1.179397e-02  -5.361411e-02   1.414577e+00   1.406766e+00   9.972008e-02   3.710934e-08   6.419468e-03   1.431117e+00   1.423747e+00   8.974807e-01   3.149670e-07   6.003110e-03
   202   1.159305e+00   1.148093e+00   9.885111e-01   1.004731e-05   1.119684e-02  -5.002629e-02   1.430331e+00   1.422525e+00   9.974080e-02   3.084704e-08   6.188294e-03   1.446019e+00   1.438632e+00   8.976672e-01   2.625865e-07   5.807403e-03
   203   1.182026e+00   1.170814e+00   9.898132e-01   7.613538e-06   1.063200e-02  -4.660811e-02   1.446075e+00   1.438274e+00   9.975998e-02   2.563892e-08   5.966162e-03   1.460955e+00   1.453551e+00   8.978399e-01   2.188641e-07   5.617725e-03
   204   1.204748e+00   1.193536e+00   9.909588e-01   5.767159e-06   1.009716e-02  -4.336416e-02   1.461811e+00   1.454014e+00   9.977776e-02   2.130804e-08   5.752647e-03   1.475926e+00   1.468505e+00   8.979998e-01   1.823796e-07   5.433915e-03
   205   1.227469e+00   1.216257e+00   9.919817e-01   4.367376e-06   9.590564e-03  -4.027894e-02   1.477543e+00   1.469748e+00   9.979421e-02   1.770706e-08   5.547354e-03   1.490931e+00   1.483494e+00   8.981479e-01   1.519439e-07   5.255817e-03
   206   1.250191e+00   1.238979e+00   9.928814e-01   3.306748e-06   9.110523e-03  -3.739591e-02   1.493270e+00   1.485477e+00   9.980945e-02   1.471333e-08   5.349916e-03   1.505969e+00   1.498515e+00   8.982851e-01   1.265612e-07   5.083282e-03
   207   1.272912e+00   1.261700e+00   9.936822e-01   2.503525e-06   8.655363e-03  -3.467058e-02   1.508994e+00   1.501203e+00   9.982357e-02   1.222474e-08   5.159992e-03   1.521040e+00   1.513570e+00   8.984121e-01   1.053985e-07   4.916170e-03
   208   1.295634e+00   1.284422e+00   9.943904e-01   1.895424e-06   8.223752e-03  -3.212392e-02   1.524717e+00   1.516927e+00   9.983664e-02   1.015632e-08   4.977265e-03   1.536142e+00   1.528656e+00   8.985297e-01   8.775897e-08   4.754346e-03
   209   1.318355e+00   1.307143e+00   9.950171e-01   1.435127e-06   7.814235e-03  -2.974414e-02   1.540440e+00   1.532650e+00   9.984874e-02   8.437330e-09   4.801441e-03   1.551274e+00   1.543774e+00   8.986387e-01   7.305991e-08   4.597681e-03
   210   1.341077e+00   1.329865e+00   9.955746e-01   1.086779e-06   7.425639e-03  -2.751687e-02   1.556162e+00   1.548372e+00   9.985995e-02   7.008916e-09   4.632245e-03   1.566436e+00   1.558921e+00   8.987395e-01   6.081424e-08   4.446056e-03
   211   1.363798e+00   1.352586e+00   9.960654e-01   8.231314e-07   7.056775e-03  -2.545467e-02   1.571885e+00   1.564095e+00   9.987033e-02   5.822100e-09   4.469424e-03   1.581626e+00   1.574098e+00   8.988329e-01   5.061495e-08   4.299353e-03
   212   1.386520e+00   1.375308e+00   9.965044e-01   6.236004e-07   6.706581e-03  -2.352109e-02   1.587608e+00   1.579817e+00   9.987993e-02   4.836135e-09   4.312739e-03   1.596843e+00   1.589301e+00   8.989194e-01   4.212207e-08   4.157465e-03
   213   1.409241e+00   1.398029e+00   9.968891e-01   4.725641e-07   6.374077e-03  -2.174356e-02   1.603331e+00   1.595541e+00   9.988883e-02   4.017123e-09   4.161972e-03   1.612084e+00   1.604531e+00   8.989995e-01   3.505168e-08   4.020290e-03
   214   1.431963e+00   1.420751e+00   9.972340e-01   3.582214e-07   6.058316e-03  -2.007989e-02   1.619054e+00   1.611264e+00   9.989707e-02   3.336868e-09   4.016918e-03   1.627349e+00   1.619784e+00   8.990737e-01   2.916680e-08   3.887731e-03
   215   1.454684e+00   1.443472e+00   9.975370e-01   2.716397e-07   5.758460e-03  -1.854471e-02   1.634777e+00   1.626987e+00   9.990470e-02   2.771923e-09   3.877390e-03   1.642633e+00   1.635058e+00   8.991423e-01   2.426965e-08   3.759700e-03
   216   1.477406e+00   1.466194e+00   9.978085e-01   2.060581e-07   5.473686e-03  -1.711614e-02   1.650497e+00   1.642708e+00   9.991177e-02   2.302787e-09   3.743214e-03   1.657936e+00   1.650352e+00   8.992059e-01   2.019522e-08   3.636114e-03
   217   1.500127e+00   1.488915e+00   9.980474e-01   1.563732e-07   5.203268e-03  -1.579055e-02   1.666214e+00   1.658426e+00   9.991831e-02   1.913248e-09   3.614229e-03   1.673254e+00   1.665663e+00   8.992648e-01   1.680590e-08   3.516898e-03
   218   1.522849e+00   1.511637e+00   9.982613e-01   1.187144e-07   4.946488e-03  -1.456333e-02   1.681925e+00   1.674140e+00   9.992436e-02   1.589828e-09   3.490291e-03   1.688585e+00   1.680987e+00   8.993193e-01   1.398696e-08   3.401984e-03
   219   1.545570e+00   1.534358e+00   9.984500e-01   9.016550e-08   4.702723e-03  -1.341443e-02   1.697629e+00   1.689848e+00   9.992997e-02   1.321324e-09   3.371267e-03   1.703923e+00   1.696321e+00   8.993697e-01   1.164276e-08   3.291312e-03
   220   1.568292e+00   1.557080e+00   9.986189e-01   6.851071e-08   4.471343e-03  -1.235629e-02   1.713322e+00   1.705546e+00   9.993516e-02   1.098426e-09   3.257037e-03   1.719265e+00   1.711662e+00   8.994165e-01   9.693608e-09   3.184831e-03
   221   1.591013e+00   1.579801e+00   9.987681e-01   5.208202e-08   4.251822e-03  -1.135015e-02   1.729001e+00   1.721233e+00   9.993997e-02   9.133963e-10   3.147495e-03   1.734607e+00   1.727004e+00   8.994597e-01   8.073110e-09   3.082497e-03
   222   1.613735e+00   1.602522e+00   9.989018e-01   3.961072e-08   4.043608e-03  -1.042992e-02   1.744663e+00   1.736903e+00   9.994442e-02   7.598069e-10   3.042549e-03   1.749943e+00   1.742343e+00   8.994998e-01   6.725976e-09   2.984276e-03
   223   1.636456e+00   1.625244e+00   9.990200e-01   3.014145e-08   3.846270e-03  -9.540427e-03   1.760302e+00   1.752553e+00   9.994854e-02   6.323174e-10   2.942118e-03   1.765267e+00   1.757672e+00   8.995369e-01   5.606170e-09   2.890142e-03
   224   1.659178e+00   1.647965e+00   9.991260e-01   2.294721e-08   3.659321e-03  -8.716738e-03   1.775913e+00   1.768178e+00   9.995236e-02   5.264922e-10   2.846135e-03   1.780571e+00   1.772986e+00   8.995712e-01   4.675368e-09   2.800080e-03
   225   1.681899e+00   1.670687e+00   9.992198e-01   1.747999e-08   3.482436e-03  -7.910089e-03   1.791490e+00   1.783772e+00   9.995589e-02   4.386473e-10   2.754547e-03   1.795850e+00   1.788278e+00   8.996030e-01   3.901678e-09   2.714086e-03
   226   1.704621e+00   1.693408e+00   9.993041e-01   1.332273e-08   3.315190e-03  -7.142262e-03   1.807026e+00   1.799328e+00   9.995916e-02   3.657236e-10   2.667314e-03   1.811093e+00   1.803538e+00   8.996324e-01   3.258567e-09   2.632165e-03
   227   1.727342e+00   1.716130e+00   9.993787e-01   1.016058e-08   3.157359e-03  -6.382041e-03   1.822512e+00   1.814838e+00   9.996219e-02   3.051812e-10   2.584409e-03   1.826290e+00   1.818758e+00   8.996597e-01   2.723961e-09   2.554335e-03
   228   1.750064e+00   1.738851e+00   9.994459e-01   7.753972e-09   3.008604e-03  -5.618135e-03   1.837939e+00   1.830294e+00   9.996499e-02   2.549117e-10   2.505820e-03   1.841432e+00   1.833927e+00   8.996849e-01   2.279507e-09   2.480625e-03
   229   1.772785e+00   1.761573e+00   9.995053e-01   5.921689e-09   2.868794e-03  -4.862036e-03   1.853298e+00   1.845686e+00   9.996759e-02   2.131647e-10   2.431547e-03   1.856506e+00   1.849035e+00   8.997083e-01   1.909942e-09   2.411075e-03
   230   1.795507e+00   1.784294e+00   9.995590e-01   4.525913e-09   2.737707e-03  -4.032862e-03   1.868575e+00   1.861003e+00   9.996999e-02   1.784879e-10   2.361605e-03   1.871499e+00   1.864067e+00   8.997299e-01   1.602579e-09   2.345738e-03
   231   1.818228e+00   1.807016e+00   9.996066e-01   3.462169e-09   2.615305e-03  -3.226377e-03   1.883757e+00   1.876232e+00   9.997222e-02   1.496757e-10   2.296024e-03   1.886395e+00   1.879011e+00   8.997500e-01   1.346876e-09   2.284678e-03
   232   1.840950e+00   1.829737e+00   9.996496e-01   2.651037e-09   2.501528e-03  -2.258001e-03   1.898831e+00   1.891360e+00   9.997428e-02   1.257281e-10   2.234844e-03   1.901180e+00   1.893850e+00   8.997685e-01   1.134071e-09   2.227972e-03
   233   1.863671e+00   1.852459e+00   9.996879e-01   2.032187e-09   2.396455e-03  -1.304040e-03   1.913781e+00   1.906371e+00   9.997619e-02   1.058152e-10   2.178121e-03   1.915834e+00   1.908568e+00   8.997857e-01   9.568861e-10   2.175707e-03
   234   1.886393e+00   1.875180e+00   9.997225e-01   1.559757e-09   2.300208e-03  -9.945943e-05   1.928588e+00   1.921248e+00   9.997795e-02   8.924847e-11   2.125925e-03   1.930339e+00   1.923147e+00   8.998016e-01   8.092759e-10   2.127980e-03
   235   1.909114e+00   1.897902e+00   9.997534e-01   1.198884e-09   2.213119e-03   1.147441e-03   1.943235e+00   1.935974e+00   9.997959e-02   7.545626e-11   2.078361e-03   1.944676e+00   1.937567e+00   8.998163e-01   6.862193e-10   2.084900e-03
   236   1.931836e+00   1.920623e+00   9.997814e-01   9.229798e-10   2.135380e-03   2.732204e-03   1.957703e+00   1.950530e+00   9.998110e-02   6.396048e-11   2.035674e-03   1.958822e+00   1.951807e+00   8.998299e-01   5.835404e-10   2.046607e-03
   237   1.954557e+00   1.943345e+00   9.998066e-01   7.119367e-10   2.068044e-03   4.420839e-03   1.971977e+00   1.964899e+00   9.998250e-02   5.434932e-11   1.998750e-03   1.972759e+00   1.965847e+00   8.998425e-01   4.977223e-10   2.013463e-03
   238   1.977279e+00   1.966066e+00   9.998294e-01   5.501158e-10   2.011422e-03   5.981570e-03   1.986062e+00   1.979077e+00   9.998380e-02   4.623886e-11   1.970626e-03   1.986475e+00   1.979671e+00   8.998542e-01   4.255732e-10   1.987202e-03
   239   2.000000e+00   1.988788e+00   9.998500e-01   4.243838e-10   1.976870e-03   6.157324e-03   2.000000e+00   1.993087e+00   9.998500e-02   3.926888e-11   1.957746e-03   2.000000e+00   1.993290e+00   8.998650e-01   3.637092e-10   1.974225e-03
